0.0057336,0.0016832,0.0017204,0.0010052,0.0017922,0.0021301,0.0033054,0.0029421,0.013342,0.016655,0.037588,0.0070182,0.0054301,0.0041266,0.001926,0.0023994,0.0024338,0.0070211,0.00047411,0.00060659,0.00053442,0.0016478,0.0010622,0.0014596,0.0018818,0.0043975,0.0059964,0.016251,0.0029361,0.0018365,0.0011966,0.00081884,0.00089027,0.0010052,0.00046159,0.00051783,0.00041556,0.0006179,0.0010755,0.00080261,0.0013419,0.0016742,0.003398,0.0042146,0.030752,0.0044669,0.0026066,0.0024111,0.0019172,0.0019081,0.0017968,0.0095884,0.00052931,0.0024014,0.00086076,0.0018991,0.0036723,0.0057414,0.01237,0.028331,0.36274,0.026179,0.012271,0.0091126,0.00752,0.0075872,0.0064818,0.006342,0.0083047,0.00086883,0.00020069,0.0014145,0.00051515,0.00063631,0.00057366,0.00074398,0.00090817,0.023154,0.0043087,0.00038895,0.00030223,0.00028018,0.00028163,0.00031144,0.00012589,0.00055124,0.0013081,0.0010724,0.00074748,0.00089714,0.0011861,0.0015288,0.0023564,0.0025453,0.038275,0.013627,0.0028585,0.0016966,0.0013683,0.00097189,0.00087698,0.00086403,0.035016,0.0082208,0.0057398,0.0055478,0.005799,0.0069384,0.0076825,0.009621,0.016747,0.050978,0.084445,0.016948,0.0089499,0.0039818,0.0032635,0.002705,0.0026741,0.015913,0.00099204,0.0014695,0.0017031,0.0016566,0.0017968,0.0021368,0.0028179,0.0041651,0.021606,0.02021,0.0047845,0.002632,0.0019626,0.0014621,0.0013382,0.0012837,0.0029278,0.00072039,0.00067871,0.00085635,0.0010622,0.0013112,0.0021585,0.0037074,0.0067129,0.018367,0.032371,0.0091115,0.0057611,0.0044085,0.0037887,0.0036137,0.0036183,0.0039445,0.011007,0.017513,0.014933,0.016078,0.017741,0.021285,0.028476,0.054262,0.048327,0.11526,0.035842,0.017678,0.013605,0.0099413,0.0079423,0.006321,0.013588,0.0039536,0.0039201,0.0047752,0.004587,0.005111,0.0060277,0.0083262,0.012675,0.03159,0.035571,0.010281,0.0052068,0.0030469,0.0023749,0.0023506,0.0022736,0.00079347,0.0032756,0.0032569,0.0036784,0.0041297,0.0045739,0.0054575,0.0079868,0.010038,0.047886,0.034187,0.0096804,0.0054197,0.0038584,0.0030099,0.0023682,0.0021592
0.0031453,0.00032913,0.00057012,0.0006897,0.00019012,0.00034004,0.00048372,0.00076897,0.0037214,0.021196,0.024223,0.0030746,0.0010654,0.0031872,0.0013558,0.00090866,0.0014782,0.0021687,0.00089167,0.00012126,0.00043861,0.0009051,0.00043575,0.00028499,0.00033918,0.00068419,0.0081672,0.0076461,0.00041892,0.00025191,0.00054717,0.00023121,7.3945e-05,0.00011253,0.0020371,0.0019253,0.001274,0.0013967,0.0014857,0.0016935,0.0019615,0.0027646,0.0036315,0.015215,0.026968,0.0044978,0.0025093,0.0015259,0.0010489,0.0010012,0.00088121,0.0058728,0.044999,0.014555,0.044143,0.033341,0.042743,0.066222,0.045952,0.2188,0.20171,0.16118,0.015654,0.051234,0.018669,0.026938,0.018066,0.020117,0.0058843,0.0025244,0.0012505,0.0013673,0.00164,0.0023736,0.0035609,0.0035073,0.015047,0.0097213,0.01225,0.0031757,0.0043823,0.0029589,0.0019586,0.0026516,0.0010548,0.00075533,0.0009645,0.0012609,0.0015646,0.0016537,0.0021989,0.0036747,0.0039107,0.014996,0.006934,0.012333,0.0085224,0.0058029,0.0047422,0.0037532,0.003935,0.0034257,0.046984,0.0065613,0.0091529,0.0085119,0.0098155,0.010815,0.013295,0.016543,0.027481,0.071224,0.10907,0.027645,0.016207,0.0094526,0.0082612,0.007038,0.0065289,0.0080034,0.0046096,0.0035862,0.0038021,0.0045447,0.004835,0.0059079,0.0075687,0.011539,0.032049,0.041644,0.010472,0.0054853,0.0038477,0.0026402,0.0021651,0.0020562,0.002615,0.00075948,0.00018121,0.00023215,0.00030891,0.00027979,0.00044497,0.00080343,0.0002069,0.010247,0.010012,0.0011256,0.00050733,0.00049666,0.00011949,0.0001613,0.00013924,0.01714,0.0075204,0.0087558,0.010001,0.010255,0.011605,0.014179,0.019421,0.024212,0.12245,0.10165,0.03212,0.019137,0.015165,0.012704,0.011747,0.009823,0.0013542,0.0039717,0.0041346,0.0035263,0.0042601,0.0052759,0.0060594,0.0082572,0.012779,0.036501,0.039775,0.011371,0.0065035,0.0051171,0.0034419,0.0032775,0.0033875,0.0075704,0.0048202,0.0044966,0.0049859,0.0053967,0.00613,0.0072456,0.0095255,0.0149,0.023828,0.04271,0.011173,0.0055424,0.0035489,0.0021626,0.0013825,0.00086404
0.003397,0.0032612,0.0010548,0.0019251,0.0019974,0.0020177,0.0031181,0.00465,0.0079797,0.0082744,0.022366,0.004231,0.0027119,0.00084314,0.00078893,0.00046978,0.00045203,0.010279,0.0026385,0.0013302,0.0010855,0.0011381,0.0012121,0.0011374,0.0016301,0.0029,0.0021417,0.0091221,0.0018343,0.0013358,0.0007421,0.00072336,0.00053993,0.00060845,0.0054723,0.0012093,0.00052902,0.00035094,0.00027229,0.00053696,0.00040437,0.00058108,0.00087548,0.01058,0.011833,0.00038884,0.00033177,0.00021822,0.00018299,0.00026795,0.00030707,0.013344,0.0042775,0.0040287,0.0057845,0.0075746,0.0099659,0.014641,0.025479,0.047254,0.32273,0.071567,0.037526,0.026575,0.021925,0.019789,0.01801,0.017811,0.0045186,0.00025795,0.00060494,0.00084868,0.00080882,0.00085178,0.00099104,0.0014358,0.0034438,0.024293,0.0041308,0.0010565,0.00070975,0.0010167,0.00066178,0.00030223,0.00045585,0.0012646,0.00052444,0.00041005,0.00038587,0.00078734,0.00087429,0.0011294,0.0018892,0.0037229,0.036243,0.014504,0.0051245,0.0033004,0.0028254,0.0022093,0.0019788,0.0020543,0.023024,0.0039919,0.0035988,0.0033098,0.0029971,0.0052018,0.0063976,0.0084852,0.018852,0.043914,0.10592,0.028724,0.018412,0.012639,0.01158,0.0099565,0.011027,0.011194,0.0032524,0.003393,0.0036035,0.0041056,0.0045651,0.0054935,0.0067954,0.010754,0.022503,0.038821,0.0084463,0.0042915,0.0029555,0.0018244,0.0012086,0.0010586,0.0010014,0.0015964,0.0015207,0.0016869,0.0018592,0.0020657,0.0025216,0.0030436,0.0063166,0.013566,0.015642,0.0047502,0.0028864,0.0021834,0.0017402,0.0015881,0.0014782,0.0074312,0.0096284,0.0049955,0.0042121,0.010361,0.014112,0.012851,0.005442,0.017716,0.15676,0.079115,0.011317,0.01174,0.019585,0.018089,0.010039,0.0014534,0.0070039,0.0043023,0.0018945,0.0027546,0.0043988,0.0040753,0.0015482,0.0050482,0.01454,0.04179,0.019051,0.0070288,0.0080206,0.0064917,0.0048352,0.0042015,0.0040627,0.00071908,0.0023447,0.0036918,0.0041916,0.0033087,0.00068417,0.0036908,0.010011,0.019092,0.04044,0.015133,0.010622,0.010447,0.0081667,0.0061604,0.0049875,0.0049725
0.0011673,0.0022896,0.00076384,0.0015844,0.0021379,0.0024878,0.0030797,0.0041353,0.0090254,0.034002,0.019328,0.0042027,0.0030806,0.0015459,0.0024466,0.0025377,0.001667,0.008917,0.002766,0.0015041,0.00061026,0.0011291,0.00059342,0.00066702,0.0014058,0.0035936,0.017689,0.0057905,0.0017775,0.001254,0.00098215,0.00095297,0.0010161,0.001154,0.0051003,0.0011463,0.00079882,0.00082321,0.0013722,0.0015513,0.0024381,0.0025449,0.0052348,0.00080205,0.019289,0.0049683,0.0031013,0.0024989,0.0024368,0.0019415,0.0018654,0.0082475,0.015751,0.015465,0.017159,0.01986,0.025216,0.033626,0.056383,0.1426,0.41882,0.061819,0.041717,0.031282,0.026371,0.023699,0.021518,0.021508,0.0012646,0.00032587,0.00051477,0.0015388,0.00082899,0.001396,0.0020087,0.0033437,0.0086859,0.018738,0.0059258,0.00371,0.0025852,0.0027575,0.0015485,0.0018012,0.0019856,0.00069809,0.0021162,0.0026339,0.0026958,0.0033141,0.0035888,0.0050083,0.0080579,0.019645,0.038666,0.0033906,0.0048636,0.0036232,0.0033318,0.0026083,0.0024932,0.0026093,0.029051,0.0025525,0.0059288,0.0040727,0.001134,0.0043002,0.0096449,0.0095671,0.0061726,0.051465,0.081129,0.027212,0.0079225,0.0082019,0.011778,0.0086407,0.0018139,0.0067597,0.0016328,0.00088065,0.00051081,0.0010249,0.0022316,0.0020094,0.00083449,0.007472,0.023487,0.019381,0.0027199,0.0021826,0.002307,0.0012608,0.00088129,0.00072481,0.0024567,0.0029148,0.0043387,0.0044118,0.0022067,0.0024505,0.0068657,0.010438,0.014618,0.035055,0.026339,0.014191,0.0075876,0.0027092,0.0019303,0.0045161,0.0050469,0.01253,0.002553,0.0026789,0.0029382,0.0036948,0.0045317,0.0068345,0.012489,0.010521,0.16194,0.055445,0.024641,0.015512,0.011829,0.010841,0.011049,0.0094129,0.00309,0.003197,0.0021199,0.0027994,0.0024265,0.002901,0.0032945,0.0040512,0.0091076,0.047817,0.008911,0.0037096,0.0027528,0.0022812,0.0019797,0.0013429,0.0014954,0.001051,0.0029399,0.0031724,0.0034975,0.0039423,0.0046706,0.0059228,0.0086625,0.017623,0.052197,0.010883,0.0052627,0.0035468,0.0024138,0.002108,0.0020574,0.0018215
0.0027695,0.0017822,0.0015797,0.0018086,0.0021488,0.0036073,0.0049945,0.0088197,0.055094,0.013959,0.018871,0.010235,0.0081172,0.0086945,0.0052456,0.0065736,0.0052072,0.0020161,0.0012569,0.00088541,0.00087672,0.0016633,0.0015515,0.0022458,0.0030002,0.014015,0.006879,0.0058207,0.0036537,0.002622,0.0022719,0.0019491,0.0017219,0.0015965,0.00079537,0.00039497,0.00074801,0.0010967,0.0013977,0.0022347,0.0034575,0.0069259,0.022863,0.02282,0.013413,0.0085864,0.0058789,0.0050336,0.004377,0.0041868,0.0044804,0.01025,0.018509,0.019214,0.022287,0.024911,0.033092,0.046475,0.082112,0.32588,0.16048,0.073312,0.04864,0.038135,0.032624,0.029138,0.027738,0.026116,0.0067731,0.00076488,0.00025739,0.00024753,0.00075615,0.0010261,0.0017272,0.0026671,0.013446,0.0081598,0.0018129,0.0015394,0.0012673,0.001354,0.0011596,0.00078008,0.00058939,0.0032082,0.0027897,0.002944,0.0032312,0.0038499,0.0043555,0.0063068,0.010397,0.042079,0.053427,0.0083611,0.0057189,0.0043915,0.0034564,0.0031888,0.0028088,0.0028687,0.041447,0.0010817,0.0016728,0.0015639,0.0015494,0.0018614,0.0038949,0.0043813,0.038161,0.14475,0.018398,0.0084449,0.0053561,0.0051166,0.0071996,0.0030766,0.0048448,0.012867,0.00080313,0.00073305,0.00058847,0.00074223,0.00092061,0.001482,0.0023163,0.008775,0.04369,0.010463,0.0041816,0.0028637,0.0023772,0.0018257,0.0019265,0.0017929,0.0006981,0.0015453,0.0017749,0.0018757,0.0021133,0.002916,0.0037947,0.006263,0.015212,0.01482,0.010081,0.006082,0.0042069,0.0034478,0.0030148,0.0029625,0.0029793,0.0041314,0.0055038,0.005873,0.0067893,0.0092511,0.012363,0.017792,0.034607,0.11525,0.17683,0.038988,0.023612,0.018302,0.015865,0.011905,0.015133,0.015084,0.006075,0.0017686,0.0011792,0.0012943,0.0015713,0.0016319,0.0022802,0.0034156,0.0071236,0.045147,0.0051335,0.0021168,0.0014338,0.0011245,0.0011629,0.00093839,0.00050164,0.006733,0.0044191,0.0045717,0.0048272,0.0053695,0.0066136,0.0087231,0.012568,0.039658,0.074465,0.012278,0.0065186,0.0041354,0.0030901,0.0022123,0.0023004,0.0021057
0.0053636,0.0058516,0.0068382,0.0070705,0.008082,0.0092674,0.011311,0.020052,0.081875,0.0099261,0.014027,0.0073732,0.0046332,0.0024767,0.0019511,0.00063376,0.00083543,0.0015431,0.0013307,0.0013634,0.0011162,0.0015056,0.0021372,0.0030577,0.0042635,0.019351,0.019232,0.0028118,0.0016019,0.0013172,0.00093607,0.00086053,0.00072999,0.00090983,0.0010052,0.0017853,0.001711,0.001878,0.0020516,0.0026146,0.0032343,0.0061288,0.027433,0.034228,0.0067518,0.0020537,0.001596,0.0009215,0.00070324,0.00077729,0.00079155,0.031508,0.028262,0.028046,0.030166,0.034098,0.04236,0.057328,0.098937,0.51547,0.23744,0.067187,0.04277,0.030943,0.025481,0.021216,0.019765,0.019415,0.0075341,0.0015026,0.00047144,0.00091046,0.0013442,0.0012705,0.0011674,0.0028977,0.015855,0.01166,0.0017394,0.0010657,0.00032073,0.00071931,0.001083,0.0013055,0.0010147,0.0015869,0.0021612,0.0024522,0.0024003,0.0026575,0.0035656,0.0043831,0.006793,0.05039,0.029452,0.0049082,0.003508,0.0022124,0.0016715,0.0015238,0.0014746,0.0010414,0.034352,0.0038099,0.004229,0.0047892,0.0051019,0.0071591,0.0098358,0.01765,0.07072,0.12828,0.023609,0.013731,0.010493,0.0089067,0.0075296,0.0046525,0.0060235,0.014878,0.00013281,0.00028516,0.00031888,0.0010955,0.001149,0.0015209,0.0018027,0.010642,0.016893,0.0067013,0.0031407,0.0025703,0.0020838,0.0020311,0.0020006,0.0018845,0.0049153,0.001522,0.0013903,0.001622,0.0016927,0.0022734,0.0026477,0.0036035,0.012637,0.04309,0.0029586,0.0023194,0.0016426,0.0012782,0.0012253,0.0010406,0.00061988,0.020634,0.0091842,0.009689,0.012784,0.016552,0.023272,0.035133,0.064571,0.30621,0.24804,0.080244,0.051835,0.040383,0.034689,0.032455,0.031219,0.029816,0.0031815,0.0036763,0.003103,0.0033393,0.0034501,0.0040465,0.005553,0.0080753,0.020295,0.02887,0.0077684,0.0042101,0.0026762,0.0019061,0.0012031,0.0014946,0.0016327,0.0043279,0.00077721,0.0011376,0.0012345,0.001707,0.0017209,0.0023978,0.0045998,0.022693,0.039033,0.0071464,0.0047374,0.0033719,0.0028081,0.0023355,0.0024341,0.0025464
0.00092317,0.0023326,0.0015692,0.0017892,0.0036022,0.003728,0.0062271,0.012511,0.11064,0.059819,0.013151,0.0086717,0.0060355,0.0061836,0.0053586,0.0065726,0.0044442,0.00051497,0.00046807,0.00091581,0.00016876,0.00035481,0.0011142,0.0016662,0.0029842,0.023526,0.012871,0.0051153,0.0030206,0.0023773,0.0020679,0.0017175,0.0017157,0.0014992,0.0013771,0.00047636,0.00050344,0.00059975,0.00057461,0.00092463,0.00123,0.0010225,0.038717,0.021519,0.0045015,0.0018972,0.0015472,0.0014938,0.0014113,0.0013658,0.0014267,0.0043316,0.0039618,0.0040931,0.0041335,0.0047655,0.0071791,0.010889,0.02519,0.37922,0.10062,0.023604,0.015442,0.01154,0.0092834,0.0082472,0.0077484,0.0075551,0.010372,0.00023845,0.00089751,0.00080157,0.00043961,0.00037698,0.00045073,0.0016361,0.011042,0.0055879,0.0012696,0.00098708,0.00072585,0.00083947,0.00067809,0.00036051,0.00091172,0.002491,0.0021859,0.0023169,0.00254,0.0029268,0.0039689,0.0054858,0.0084675,0.059247,0.032033,0.008634,0.0055647,0.004319,0.0034679,0.003032,0.0027805,0.0028344,0.032057,0.0019075,0.0014546,0.0024422,0.0025079,0.0033608,0.0045351,0.010791,0.083782,0.081495,0.0056686,0.0018186,0.0012836,0.00094212,0.00070726,0.001101,0.00023841,0.015047,0.0012721,0.0015184,0.00118,0.0016589,0.0018728,0.0022131,0.0033706,0.020923,0.012231,0.0028559,0.0014666,0.00089017,0.00060322,0.00045081,0.00056664,0.00063133,0.0019894,0.0019081,0.0020357,0.0022819,0.0030119,0.0037663,0.0048971,0.0080795,0.042063,0.045603,0.012207,0.007796,0.0058265,0.0049524,0.0045841,0.0039808,0.0038701,0.0076867,0.0078625,0.0077153,0.0085796,0.0096093,0.011056,0.012546,0.017553,0.15524,0.13534,0.027275,0.012861,0.0069873,0.0041182,0.001851,0.0021908,0.00014877,0.0049897,0.0031275,0.0027522,0.0031153,0.0034623,0.0040922,0.0050415,0.0074385,0.021035,0.024834,0.0063834,0.0035194,0.0020636,0.0013515,0.001274,0.00067635,0.00046539,0.0015679,0.0044582,0.0048514,0.005195,0.0059277,0.0068783,0.0093039,0.015099,0.06391,0.042486,0.013648,0.0083414,0.0059723,0.0047835,0.0041279,0.0041275,0.004242
0.0082361,0.0023665,0.0022491,0.0025437,0.00353,0.0042041,0.0048729,0.01052,0.085051,0.011407,0.0087069,0.0043168,0.0029809,0.0016548,0.00059275,0.0020863,0.0023003,0.00056839,0.00074734,0.0012297,0.00096639,0.0014388,0.0014719,0.002299,0.0024404,0.013744,0.015661,0.002137,0.0011334,0.00084624,0.00061766,0.00063113,0.00026014,0.00024033,0.00177,0.00046279,0.00030484,0.00045287,0.00044349,0.00064806,0.00083522,0.0019428,0.028963,0.020372,0.0029188,0.0013969,0.0010901,0.00075879,0.0010232,0.00076743,0.00058364,0.016939,0.019815,0.020231,0.02173,0.025653,0.031885,0.04305,0.075992,0.52995,0.19046,0.058198,0.036098,0.026588,0.021249,0.018661,0.017009,0.017847,0.011076,0.0020105,0.0013642,0.00083089,0.0015974,0.0011803,0.0015866,0.0036472,0.015729,0.007681,0.0017784,0.0012336,0.00065005,0.00069667,0.00028474,0.00097519,0.0012531,0.0026112,0.0026348,0.0027807,0.0030578,0.0034235,0.0039747,0.0048131,0.0067928,0.048285,0.025461,0.0062812,0.0035158,0.0024913,0.001737,0.0011456,0.00092331,0.00049781,0.039141,0.0063148,0.0067989,0.0074807,0.0078838,0.0093824,0.011854,0.018978,0.066088,0.13819,0.022648,0.0124,0.0083527,0.0064244,0.0062351,0.0040467,0.0052281,0.01417,0.0016927,0.0017473,0.0022952,0.0024367,0.0030651,0.0041876,0.0067713,0.0068405,0.042381,0.0080286,0.0045167,0.0033641,0.0027713,0.0022534,0.0021051,0.0022259,0.0039406,0.00033179,0.00047679,0.00080992,0.0014315,0.0019227,0.003104,0.0069685,0.017089,0.025055,0.0077992,0.0051528,0.0041398,0.003459,0.0033163,0.0030571,0.0029374,0.040629,0.023559,0.023582,0.026272,0.029751,0.035556,0.046408,0.074623,0.39806,0.17962,0.056159,0.032091,0.021732,0.017232,0.013913,0.012144,0.010691,0.0016194,0.0014291,0.0014815,0.0019746,0.0019014,0.0025856,0.0036384,0.0057415,0.017077,0.02758,0.0083769,0.0052083,0.0040093,0.0032823,0.0028711,0.0031329,0.0033131,0.0067273,0.004127,0.0042156,0.0045397,0.0050103,0.0061491,0.0078319,0.010214,0.0097049,0.047347,0.010171,0.0050524,0.0031308,0.0019452,0.001327,0.00068159,0.00021552
0.00042534,0.0031112,0.0026993,0.0036496,0.0037818,0.0043941,0.006421,0.0084275,0.12723,0.053337,0.008294,0.0031385,0.0022409,0.0029787,0.0019824,0.00043952,0.00089074,0.00089457,0.0016056,0.0014294,0.0012018,0.0016161,0.001268,0.0018098,0.0026822,0.02353,0.010232,0.0030851,0.0016177,0.0013628,0.0012745,0.00087962,0.00087971,0.00079538,0.0020943,0.00089775,0.00045712,0.00067903,0.00099801,0.00088047,0.0017958,0.0021101,0.03594,0.014492,0.0026038,0.0020113,0.0014723,0.0013775,0.0013616,0.0010624,0.00083542,0.011088,0.010311,0.01057,0.010836,0.01306,0.015061,0.018938,0.028652,0.35825,0.1436,0.035172,0.020028,0.014093,0.010852,0.0092256,0.009191,0.006796,0.0097829,0.00035227,0.00072926,0.00069402,0.00028605,0.00059959,0.0010107,0.00028184,0.011825,0.003831,0.0018924,0.0010777,0.00063675,0.0007953,0.00048909,0.00071101,0.0017605,0.0034981,0.0035191,0.0040288,0.0040779,0.0045017,0.0057477,0.0071382,0.0098764,0.064159,0.036252,0.0087789,0.0048788,0.0034276,0.0024881,0.0020799,0.0019307,0.0018807,0.034508,0.00132,0.0021896,0.0042646,0.0054875,0.0093046,0.014607,0.027671,0.16911,0.15686,0.039837,0.025508,0.019197,0.016789,0.016017,0.014698,0.0136,0.015541,0.00072064,0.00063138,0.00071205,0.0010166,0.0015172,0.0026822,0.0048818,0.024285,0.031684,0.0085961,0.0051181,0.0039845,0.0032342,0.0029311,0.0032404,0.0029908,0.0021439,0.0011147,0.0012884,0.0016009,0.0018615,0.0022538,0.0027827,0.0053358,0.030016,0.0043497,0.0033224,0.0019533,0.0016235,0.0015262,0.0012492,0.0011123,0.0011025,0.0089456,0.0072889,0.0081546,0.0090935,0.0094985,0.010386,0.013734,0.016483,0.18939,0.099708,0.031397,0.017177,0.012163,0.0095436,0.0087035,0.0080538,0.0073625,0.003479,0.00076632,0.00087068,0.00054912,0.001426,0.0019061,0.0033273,0.0049821,0.021044,0.026987,0.0085802,0.0054178,0.0042311,0.0033145,0.0033556,0.0034021,0.0024529,0.0026379,0.0047869,0.0051697,0.0054744,0.0060949,0.0079521,0.010277,0.014631,0.069452,0.050253,0.014998,0.0086912,0.0064085,0.0049981,0.0043572,0.0037007,0.0038853
0.0062371,0.0011745,0.0011496,0.0012523,0.0018903,0.0017297,0.0015295,0.0046011,0.083148,0.023469,0.0051941,0.0025476,0.0016358,0.00022924,0.00097772,0.0013801,0.00097659,0.0025063,0.001204,0.0014455,0.0015961,0.00093133,0.0017326,0.0022159,0.0023374,0.011285,0.02017,0.0025331,0.0015977,0.00089522,0.0010252,0.0007244,0.00058065,0.00058364,0.002615,0.00036528,0.00038,0.000254,0.00034272,0.00063597,0.00056543,0.0025366,0.019879,0.037376,0.00098427,0.0013846,0.00093179,0.00071273,0.00061534,0.00084791,0.00060464,0.0028267,0.0021701,0.003369,0.0079934,0.01177,0.018174,0.030093,0.063402,0.5358,0.19998,0.064557,0.044666,0.035659,0.030764,0.02844,0.026495,0.028363,0.01149,0.0012859,0.0012826,0.0013618,0.0010809,0.0011111,0.00062012,0.0031572,0.016231,0.0068219,0.0035934,0.001718,0.0012011,0.00072117,0.0011774,0.00079492,0.00012208,0.00057412,0.00072396,0.00098443,0.0014555,0.001992,0.0021737,0.0031826,0.0059359,0.048231,0.032138,0.0073438,0.005151,0.0040363,0.0035201,0.0032539,0.0031477,0.0025158,0.032452,0.0026143,0.0028874,0.0015688,0.0050745,0.0027353,0.012029,0.020419,0.071608,0.072267,0.022952,0.012673,0.0098283,0.0094935,0.0062876,0.0086399,0.0065347,0.014294,0.0010367,0.00048203,0.0011684,0.00072153,0.00095155,0.001705,0.00061122,0.0058053,0.0058648,0.0051041,0.0011912,0.0011526,0.0011205,0.00035188,0.00081397,0.00024034,0.0038644,0.0025577,0.0015136,0.0023026,0.0035118,0.0011606,0.0054955,0.004878,0.026632,0.048356,0.0093861,0.0077198,0.0031552,0.004287,0.0031722,0.0029821,0.0034867,0.027829,0.0069272,0.0030705,0.011839,0.020732,0.024,0.026301,0.047072,0.40591,0.19188,0.046276,0.036002,0.037427,0.034731,0.030899,0.023312,0.024552,0.0010624,0.0016393,0.00086842,0.0023589,0.0021822,0.001936,0.0023809,0.0064125,0.020082,0.012922,0.001961,0.0045862,0.0041796,0.0020625,0.00067671,0.002901,0.0024395,0.0052987,0.0048178,0.0073405,0.0072179,0.0043041,0.0050621,0.01261,0.021165,0.017397,0.020208,0.0076492,0.0080537,0.0055287,0.0023759,0.00083414,0.001767,0.0018921
0.00025178,0.0045399,0.0037226,0.004498,0.0048103,0.0062952,0.0084556,0.014925,0.1236,0.070096,0.0075524,0.0042831,0.0029443,0.0019937,0.002462,0.00078408,0.0011368,0.0019722,0.00095655,0.0012919,0.0015802,0.0023196,0.0013071,0.0017359,0.0028794,0.025478,0.020986,0.0022584,0.0015161,0.00082687,0.00048101,0.00035462,0.00044414,0.00048067,0.0030766,0.00021111,1.5676e-05,0.00014806,0.00015738,0.00034085,0.00067627,0.001538,0.036174,0.031546,0.0014597,0.00048412,0.00057584,0.00041999,0.00067076,0.00025541,0.00028421,0.00038531,0.016592,0.017254,0.0058033,0.034281,0.020536,0.057863,0.14012,0.29924,0.20417,0.021438,0.078544,0.039182,0.039875,0.047368,0.015376,0.050336,0.0096151,0.00093539,0.0015534,0.0020552,0.00060593,0.0014255,0.00098621,0.0058051,0.0098934,0.0045162,0.0042234,0.0020584,0.0016999,0.0011983,0.001573,0.0014503,0.0015469,0.0045777,0.0047134,0.004958,0.0049254,0.0065977,0.0058921,0.010087,0.01543,0.066185,0.016638,0.009517,0.0067087,0.0012333,0.0034211,0.0011407,0.0016169,0.0018845,0.034005,0.0031695,0.0042531,0.0035097,0.0045841,0.0064259,0.0096441,0.017553,0.11744,0.088717,0.015569,0.010294,0.007775,0.006569,0.0064779,0.0061186,0.0035897,0.011028,0.0015277,0.0013911,0.0011791,0.0020384,0.0025343,0.0027503,0.0040252,0.025017,0.017355,0.005388,0.0033702,0.0024837,0.002054,0.0019064,0.0017822,0.0015373,0.0059339,0.0026825,0.0028584,0.0029266,0.0031348,0.0038633,0.0046099,0.006562,0.040914,0.048028,0.0058192,0.0033928,0.0018964,0.0011221,0.00072198,0.00043795,0.00029183,0.0045834,0.01147,0.012573,0.013367,0.014234,0.015743,0.019193,0.027962,0.16053,0.14802,0.030836,0.015414,0.0090009,0.0059016,0.0025361,0.0019797,0.00018883,0.0013867,0.0020081,0.0025088,0.0020682,0.0029819,0.0033121,0.0043257,0.0071076,0.022597,0.027609,0.0072695,0.0042253,0.0031655,0.0026482,0.0026853,0.0014411,0.0010662,0.0028477,0.0053707,0.0056693,0.0059648,0.0067116,0.0082067,0.0098141,0.01788,0.065809,0.043292,0.012904,0.0067765,0.0043416,0.0029406,0.0020722,0.0016431,0.0019627
0.0046521,0.00034225,0.0009622,0.0009656,0.00010851,0.0010583,0.00064967,0.0023593,0.091745,0.025795,0.0069554,0.0031526,0.0022549,0.00085545,0.0026132,0.00057885,0.0010968,0.0031853,0.0007844,0.00046457,0.00077196,0.00027043,1.987e-05,0.00082648,0.0015041,0.01334,0.014709,0.0042422,0.0019753,0.001392,0.00088107,0.00077084,0.00090537,0.00070573,0.0041009,0.001075,0.0011211,0.0012736,0.001384,0.0016462,0.0023743,0.0039394,0.025745,0.04081,0.0027166,0.0014556,0.00090652,0.00068302,0.00067344,0.00034293,0.0004158,0.011027,0.013626,0.015972,0.018197,0.022873,0.029271,0.043528,0.076672,0.50981,0.26026,0.075679,0.04955,0.037616,0.032653,0.030405,0.028362,0.028071,0.0073377,0.00030821,0.00055613,0.00078896,0.0016759,0.00092027,0.0020057,0.0025652,0.017692,0.0079193,0.0038154,0.0017131,0.0017185,0.0016542,0.0013239,0.0016035,0.0011349,0.0013962,0.0013966,0.0015161,0.0014837,0.0015249,0.0017386,0.0022914,0.0066189,0.039814,0.035302,0.0053219,0.0031938,0.0023847,0.0019637,0.0015543,0.001284,0.0011826,0.022965,0.0082306,0.0084884,0.0091231,0.01027,0.012014,0.015016,0.023046,0.047748,0.14375,0.020827,0.0096269,0.0053014,0.0031522,0.0010644,0.001167,0.00040817,0.014351,0.0019433,0.002265,0.0023187,0.0023292,0.0033194,0.003738,0.0051272,0.0068132,0.025051,0.0060865,0.0030392,0.0018149,0.0011033,0.00064193,0.00040499,0.00048066,0.0022107,0.00099911,0.00099898,0.0010291,0.0013412,0.0015051,0.002273,0.0035771,0.0065221,0.024939,0.0033483,0.0017308,0.0013054,0.0010562,0.00065612,0.00074328,0.00069238,0.030493,0.014083,0.014761,0.016626,0.020043,0.025642,0.035417,0.067295,0.35606,0.16371,0.066018,0.040786,0.031526,0.025623,0.023359,0.022837,0.020937,0.0017605,0.0010764,0.00031597,0.0014283,0.0010403,0.001752,0.0029681,0.0045643,0.013184,0.025919,0.0089019,0.0053848,0.0041683,0.003647,0.002677,0.0034661,0.003172,0.0054074,0.0031952,0.0030976,0.003442,0.0036158,0.0046357,0.0058061,0.0089427,0.0068905,0.052524,0.0088355,0.0045588,0.0029927,0.00203,0.0018766,0.0017331,0.0014744
9.5293e-06,0.003194,0.0035564,0.0036458,0.0038813,0.0059701,0.0086639,0.019971,0.093558,0.07136,0.0097266,0.0069826,0.0062093,0.0044613,0.0029026,0.0044387,0.0054341,0.0011978,0.0013308,0.0014396,0.0015728,0.0024242,0.0023052,0.0031808,0.0048888,0.023709,0.02014,0.0043879,0.0019464,0.0012163,0.001153,0.00097424,0.00060797,0.00082017,0.0034905,0.0018235,0.0018134,0.0020978,0.0022177,0.0024805,0.0034005,0.0052075,0.034004,0.024109,0.0061898,0.0030584,0.0018435,0.001533,0.00081458,0.00089627,0.001152,0.024685,0.025598,0.027966,0.027318,0.032224,0.038263,0.051211,0.089223,0.46776,0.14228,0.044326,0.025742,0.016619,0.011518,0.0088522,0.0059249,0.005539,0.010714,0.00057772,0.0018661,0.00033898,0.00090001,0.00087132,0.00052069,0.0030336,0.01366,0.0029664,0.00093412,0.00035552,0.00028456,6.0142e-05,0.00053959,0.00035348,0.00057411,0.0038777,0.003307,0.0036406,0.0043265,0.0052811,0.0061304,0.0083443,0.012642,0.061275,0.040458,0.013786,0.008622,0.0065257,0.0054678,0.0052144,0.0045018,0.0044232,0.041974,0.0072875,0.0080112,0.0086185,0.0092434,0.011619,0.014625,0.025499,0.10448,0.092847,0.014848,0.0085239,0.0049873,0.0027089,0.0029488,0.0053685,0.002636,0.012161,0.0018132,0.0020193,0.0017631,0.0021584,0.0022831,0.0031114,0.0043612,0.019896,0.019633,0.0044179,0.0026527,0.0017874,0.0013292,0.0010902,0.0012163,0.00093843,0.0066644,0.0031208,0.0030695,0.0033485,0.0035147,0.0045246,0.0055028,0.0070095,0.031866,0.050359,0.0070865,0.0035841,0.0022561,0.0014833,0.0011555,0.00054418,0.00032806,0.010048,0.0051413,0.0054427,0.0056664,0.0064148,0.0083957,0.011245,0.019559,0.19914,0.14137,0.016342,0.0081742,0.0054914,0.0047292,0.0040601,0.0040498,0.0017624,0.00091364,0.0024207,0.0017831,0.0013983,0.0021437,0.0028513,0.003832,0.0059003,0.019479,0.030018,0.0086325,0.0053867,0.0038833,0.0034259,0.0026176,0.0031357,0.0035344,0.0021878,0.00095139,0.0014204,0.0021271,0.0028856,0.0046603,0.0072352,0.012529,0.055678,0.050504,0.019446,0.012566,0.0096755,0.0082675,0.0070534,0.0073708,0.0073186
0.00062182,0.00044061,0.00074879,0.0012999,0.0021191,0.0035978,0.0052976,0.01256,0.077089,0.036075,0.0034489,0.0036159,0.0034784,0.0014438,0.0044421,0.0027927,0.0022927,0.0042878,0.0012746,0.00088442,0.00092163,0.00086688,0.0012769,0.0014665,0.0025996,0.015614,0.005836,0.0030124,0.001569,0.0012366,0.00077581,0.00049034,0.00070459,0.00041582,0.0033475,0.00046636,0.00035963,0.00065071,0.001071,0.0014169,0.0019218,0.0032309,0.024826,0.031123,0.0034057,0.0022954,0.0017584,0.0015404,0.001652,0.0013704,0.0015698,0.026823,0.024635,0.025683,0.029379,0.0339,0.041246,0.058869,0.10156,0.42877,0.23643,0.076257,0.048719,0.037126,0.030683,0.027333,0.025444,0.025664,0.005396,0.0015096,0.00064207,0.0013265,0.0012497,0.0019866,0.0023458,0.0042884,0.016028,0.0092585,0.0033167,0.0018636,0.0017129,0.0020081,0.00075638,0.0016429,0.0014324,0.00064278,0.00025563,0.00018748,0.00075727,0.00093164,0.0010086,0.002256,0.0046624,0.037336,0.018265,0.0030382,0.0022882,0.0017192,0.0015668,0.0011716,0.0012931,0.00173,0.033886,0.0017057,0.0013985,0.00085529,0.0013621,0.0010686,0.0023496,0.0056431,0.069928,0.13632,0.0052593,0.0025541,0.001096,0.000778,0.0016869,0.0015053,0.0009804,0.0085126,0.00055738,0.00021472,9.2617e-05,0.0001861,0.00036441,0.00083646,0.0017511,0.0037042,0.044583,0.0038245,0.0023784,0.0017792,0.0015221,0.0013578,0.0012679,0.0011654,0.0011768,0.00074104,0.0010622,0.0011493,0.0015531,0.0014913,0.0019515,0.0033903,0.0046274,0.022858,0.0065496,0.0032401,0.0025734,0.0021236,0.0017411,0.0015877,0.0014935,0.013893,0.025505,0.027934,0.029103,0.033007,0.039369,0.051027,0.08152,0.29115,0.24268,0.058571,0.032413,0.021371,0.014664,0.011668,0.0090878,0.011059,0.0011215,0.0021294,0.0018102,0.0016985,0.0019982,0.0022969,0.0031559,0.0047098,0.011291,0.040962,0.0068771,0.0039979,0.0027342,0.0022818,0.0016697,0.0015131,0.0015526,0.002266,0.00046253,0.0004555,0.00056319,0.00064924,0.0004827,0.00097017,0.0030177,0.021015,0.050428,0.0041068,0.0020697,0.0012923,0.0010227,0.00098651,0.0010155,0.0010758
0.0056516,0.0046832,0.0053354,0.0059927,0.0065727,0.0076739,0.010868,0.019223,0.087155,0.071152,0.0073419,0.0051638,0.004183,0.0038364,0.0031445,0.0020403,0.0025235,0.0064603,0.0021684,0.0020382,0.0021269,0.0026889,0.0027796,0.0033973,0.0060416,0.022904,0.017576,0.0050739,0.0024258,0.0012719,0.0012543,0.00061234,0.00047421,0.00050165,0.0013352,0.0014797,0.0017476,0.0018353,0.0022034,0.0023717,0.0034918,0.0060275,0.026583,0.016184,0.0080476,0.0036291,0.0023795,0.0020023,0.0014753,0.0017007,0.0012474,0.036589,0.039197,0.040088,0.043566,0.04967,0.057188,0.077156,0.12226,0.45604,0.25665,0.076051,0.03967,0.02519,0.016076,0.0094656,0.005905,0.0022374,0.0048314,0.00054397,0.0020028,0.001323,0.0018091,0.0018078,0.0022158,0.0039775,0.015115,0.0037018,0.0021829,0.0019371,0.0010923,0.00070978,0.0012178,0.00058232,0.00047876,0.004242,0.0040674,0.0041574,0.0044455,0.0051779,0.0067698,0.008951,0.015625,0.056691,0.056564,0.016196,0.0099316,0.0072701,0.0062845,0.0055485,0.0049666,0.0050431,0.028494,0.0043528,0.0049025,0.0049296,0.0062726,0.0068936,0.010202,0.018254,0.093323,0.16823,0.015956,0.010256,0.0077512,0.006496,0.0075537,0.0037053,0.0047208,0.0096857,9.4964e-05,0.00031251,0.00051398,0.001066,0.0013951,0.0024391,0.0040565,0.017265,0.048277,0.006196,0.003846,0.0030144,0.0025947,0.0021083,0.002348,0.0021401,0.0012036,0.0014311,0.0014888,0.0016726,0.0021392,0.0028938,0.0038772,0.0065743,0.025062,0.026135,0.0094532,0.0055681,0.0041174,0.0036408,0.0030943,0.003305,0.0030346,0.019656,0.0067066,0.0078143,0.0075195,0.0090354,0.01118,0.015942,0.032022,0.16844,0.089248,0.0082783,0.0065947,0.004749,0.0045847,0.0034431,0.0044159,0.0037785,0.00070189,0.00072883,0.00087751,0.0013623,0.0016742,0.0021839,0.0032173,0.0057322,0.017635,0.037864,0.009734,0.0058745,0.0047605,0.0039202,0.0039552,0.0035366,0.0031167,0.0033494,0.0010336,0.0014508,0.0021858,0.0030514,0.004421,0.0071783,0.013854,0.049195,0.069087,0.020313,0.012689,0.0097939,0.0083612,0.0077639,0.0071231,0.007126
0.00060273,0.0019311,0.0016154,0.0024324,0.001614,0.0024486,0.0040951,0.011721,0.056835,0.03042,0.0031992,0.002267,0.0024374,0.0030357,0.0016123,0.0024708,0.0024071,0.0053636,0.0023042,0.0015657,0.0016669,0.0010314,0.00084305,0.0014737,0.002935,0.014585,0.009155,0.0041482,0.0015155,0.0010729,0.0010282,0.0011706,0.0011186,0.0011673,0.0023366,0.00042063,0.00065731,0.00078803,0.00051927,0.00030866,0.0011168,0.0035134,0.023261,0.02671,0.0050094,0.0027795,0.0023069,0.0020668,0.0019542,0.0019495,0.001688,0.002882,0.0035154,0.0073001,0.011345,0.015878,0.023581,0.039548,0.082427,0.35476,0.18478,0.074899,0.051493,0.041324,0.036493,0.033646,0.031877,0.032794,0.0054837,0.00015573,0.00090565,0.0010631,0.0016852,0.0020295,0.0024396,0.0038181,0.015565,0.0081874,0.0051295,0.0029035,0.0018708,0.0013496,0.0021904,0.0023835,0.00095178,0.0021191,0.0022519,0.0031073,0.0039165,0.0043889,0.0048422,0.0055419,0.0081623,0.037971,0.0083395,0.0059077,0.0032811,0.0020048,0.0014281,0.00071076,0.00072099,0.00073433,0.036828,0.0075232,0.0051894,0.0081169,0.0075395,0.0088861,0.017729,0.017606,0.033194,0.073522,0.066737,0.015673,0.016357,0.013538,0.0069705,0.01557,0.0049592,0.010779,0.0033269,0.0021467,0.0018481,0.0021638,0.0029402,0.0044004,0.0029198,0.012637,0.012473,0.023578,0.0040244,0.0061054,0.0042831,0.0025728,0.0045589,0.0009556,0.0014496,0.0025978,0.0010371,0.0020746,0.0012296,0.0037425,0.005465,0.0074484,0.030399,0.031437,0.025365,0.0057515,0.0079142,0.0066313,0.003074,0.0067513,0.00046921,0.029057,0.017134,0.017562,0.020695,0.023748,0.028928,0.039508,0.06864,0.22552,0.2953,0.070429,0.043308,0.031749,0.026557,0.023477,0.024159,0.022015,0.00077058,0.00037459,0.00023405,0.00060368,0.00063194,0.0011093,0.001796,0.0033688,0.0074338,0.036066,0.007006,0.003531,0.0025132,0.0025005,0.002524,0.0027478,0.0017891,0.0036069,0.00052157,5.871e-05,0.0010291,0.0018107,0.0026326,0.003754,0.0060039,0.0263,0.042441,0.0068195,0.0050009,0.003932,0.0032701,0.002852,0.0028142,0.0028248
0.008732,0.0060039,0.0058682,0.0082403,0.0085625,0.010797,0.014598,0.023484,0.13132,0.071668,0.010785,0.0060274,0.0041367,0.0032952,0.0032978,0.0014497,2.2884e-05,0.0010471,0.0020292,0.0015988,0.00026364,0.0015995,0.0018599,0.0028025,0.0033521,0.030418,0.017082,0.0014508,0.0013181,0.00096494,0.0011178,0.00048076,0.00069289,0.0003872,0.0035401,0.0008157,0.00060868,0.00072879,0.00053968,0.00074207,0.0018702,0.0066538,0.035286,0.027341,0.0017006,0.00065432,0.00047772,0.00054892,0.00065511,0.00014983,0.00044634,0.02323,0.025478,0.027681,0.027458,0.030825,0.036971,0.0492,0.06355,0.54129,0.15528,0.063612,0.0361,0.024658,0.018142,0.014843,0.014205,0.013491,0.0044003,0.0012308,0.0020093,0.0025206,0.001303,0.00062267,0.002334,0.0027382,0.010142,0.004261,0.00056123,0.00039501,0.00045016,0.00052617,0.00072671,0.00085822,0.0013447,0.0029412,0.0039953,0.0034376,0.0027914,0.0036285,0.0041578,0.0051137,0.016609,0.073134,0.027976,0.01121,0.0062839,0.0044272,0.0032725,0.0029465,0.0025317,0.0023003,0.047412,0.010614,0.011804,0.014056,0.015106,0.017117,0.024007,0.045425,0.12123,0.13462,0.033982,0.020469,0.014165,0.011639,0.0097709,0.010754,0.0093557,0.0054437,0.0023813,0.0022063,0.00095209,0.0023584,0.0026703,0.0042799,0.0041222,0.027104,0.032914,0.0091197,0.0056956,0.0040832,0.0031658,0.0027857,0.0026477,0.0028725,0.0035973,0.0027627,0.0028559,0.0027378,0.0025777,0.0025592,0.0036387,0.0029458,0.040223,0.022605,0.0036046,0.0025171,0.0016131,0.0011924,0.00086674,0.00056163,0.00033952,0.02661,0.022067,0.027559,0.026697,0.023605,0.031555,0.055954,0.10824,0.32379,0.086516,0.055435,0.050157,0.034391,0.016719,0.010652,0.020641,0.026904,0.00081445,0.0011357,0.0018694,0.0049218,0.0031296,0.0016871,0.0027279,0.012233,0.035019,0.013408,0.0064274,0.010119,0.0081989,0.003973,0.0018369,0.0044131,0.0065709,0.0011444,0.0037066,0.0044989,0.0050413,0.0058514,0.0041404,0.0020515,0.017625,0.055961,0.040598,0.0045688,0.0035956,0.006279,0.0062365,0.0047474,0.0025301,0.0014458
0.0073281,0.0033982,0.0047941,0.0045485,0.0054105,0.0069985,0.010601,0.022097,0.078723,0.037804,0.0099919,0.0052405,0.0047691,0.0051284,0.0021898,0.0028945,0.0034981,0.003769,0.0004151,0.000511,0.00033402,0.00034085,0.00084686,0.00079755,0.0020681,0.013802,0.020428,0.0026629,0.00081897,0.0002276,0.00053149,0.00018516,8.7629e-05,0.00019073,0.0030842,0.00063212,0.00071355,0.0010282,0.00095837,0.001171,0.0011435,0.0046393,0.021913,0.04203,0.0022716,0.00071627,0.00066591,0.00069134,0.00063056,0.00064545,0.00075724,0.012324,0.0096419,0.010835,0.0122,0.014369,0.018956,0.028253,0.047798,0.37009,0.087297,0.032925,0.024567,0.019647,0.017533,0.015802,0.014843,0.014555,0.0089094,0.0012561,0.001281,0.00016688,0.0017825,0.0018363,0.0028497,0.0032468,0.01512,0.0039995,0.0026336,0.0016241,0.00099135,0.00062565,0.00060267,0.0017198,0.0025387,0.0031777,0.0032901,0.0035223,0.0037272,0.0039378,0.005195,0.0072645,0.012315,0.040537,0.022003,0.0054489,0.0030357,0.0020373,0.0013763,0.00091278,0.00074869,0.00089265,0.026034,0.0055546,0.0064908,0.0062614,0.0065867,0.0090689,0.012872,0.023222,0.089851,0.09807,0.017325,0.010133,0.0080014,0.0072202,0.0062448,0.0046105,0.0045338,0.012407,0.00069582,0.00083316,0.0015069,0.00203,0.0012822,0.0017663,0.0027104,0.012259,0.015012,0.0014449,0.0014792,0.00094114,0.00072863,0.00064328,0.00062944,0.00058175,0.0012741,0.0022256,0.0022255,0.0020923,0.0024096,0.0024419,0.0029791,0.004174,0.015795,0.046546,0.0081277,0.0039369,0.0026038,0.001961,0.0017367,0.0014,0.0011902,0.014868,0.0026499,0.0018834,0.0032971,0.0063062,0.0093778,0.014252,0.032806,0.23346,0.1716,0.041022,0.025891,0.02027,0.017739,0.015561,0.015929,0.013643,0.0028783,0.0012472,0.0010549,0.0004747,0.0023592,0.0025494,0.0032361,0.0047129,0.007504,0.025579,0.0072363,0.0042703,0.0029684,0.0022966,0.0020679,0.0024286,0.0024701,0.006857,0.0043513,0.0045589,0.0049039,0.0055493,0.006011,0.0085987,0.010902,0.042106,0.047373,0.011862,0.0062679,0.0045647,0.003538,0.0028702,0.0027094,0.0024433
0.0063382,0.0035714,0.004107,0.004165,0.0050292,0.0054087,0.0078833,0.013011,0.086066,0.073361,0.0016399,0.0024016,0.0023782,0.0013563,0.0013637,0.0018064,0.0010586,0.004078,0.00042396,0.00041211,0.00033058,0.0017947,0.0012503,0.0019436,0.0028773,0.019398,0.024631,0.0051752,0.0030417,0.0023783,0.0022169,0.0015676,0.0018328,0.0015793,0.0043469,0.00072487,0.00088646,0.00090842,0.00096283,0.00090216,0.00083333,0.0016325,0.01839,0.033464,0.0077746,0.0028673,0.00141,0.00070589,0.00040231,0.00035375,0.00029947,0.040722,0.043679,0.047822,0.049779,0.05724,0.06622,0.084188,0.1342,0.4793,0.29805,0.093664,0.050505,0.031044,0.020201,0.012753,0.0070061,0.0075113,0.004675,0.0015722,0.001934,0.0024559,0.0024834,0.0026699,0.0032397,0.0042167,0.017496,0.006243,0.005186,0.0030925,0.0018315,0.0013361,0.0018476,0.0014659,0.00079155,0.0050355,0.0045769,0.0046462,0.0051507,0.0055342,0.0072264,0.0097301,0.013273,0.050837,0.035243,0.013488,0.007419,0.0052204,0.004014,0.0034848,0.0032909,0.0032998,0.030041,0.0011597,0.0022248,0.0032868,0.0036629,0.0051602,0.0079046,0.013539,0.07896,0.062328,0.025983,0.014933,0.01128,0.0097049,0.010509,0.0084908,0.0088045,0.0090524,0.0016901,0.0011688,0.0011769,0.0016125,0.0020327,0.0027176,0.0044943,0.012756,0.010613,0.006247,0.0033048,0.0022678,0.0017975,0.0016711,0.0015132,0.0014916,0.0039311,0.0017891,0.0017528,0.0019824,0.0020865,0.002822,0.0037448,0.0056823,0.019265,0.060268,0.0048818,0.0024393,0.0017428,0.0013541,0.0010701,0.00078805,0.001051,0.007372,0.0080012,0.009208,0.011117,0.014774,0.020289,0.03096,0.06,0.25101,0.24908,0.069508,0.042819,0.034132,0.029301,0.027088,0.023636,0.025271,0.0040494,0.0024376,0.0020805,0.0022174,0.002584,0.0033905,0.0039972,0.0074522,0.015497,0.043613,0.0075838,0.0037115,0.0027428,0.0020315,0.0011571,0.0019612,0.0017681,0.0058938,0.003808,0.0041725,0.0042535,0.0049681,0.005433,0.0072576,0.010297,0.036296,0.043753,0.012214,0.0064433,0.0042798,0.0031123,0.0025595,0.0024823,0.0021286
0.0025235,0.0030823,0.0038601,0.0036691,0.0045367,0.0058945,0.0085426,0.016021,0.048298,0.048451,0.0073749,0.004974,0.0036564,0.00091271,0.003858,0.0028801,0.0030652,0.0052243,0.00028517,0.00043458,0.00056548,0.00087429,0.00071599,0.0011622,0.0024162,0.010379,0.021347,0.0020458,0.0001324,0.00032559,0.00037197,0.00020274,0.00027259,0.0003376,0.0029145,0.00030791,0.00016629,0.00048809,0.00062993,0.00084076,0.0017397,0.0036934,0.014319,0.041317,0.0030179,0.00040399,0.0002114,0.00032542,0.00064587,0.0006052,0.00041201,0.027171,0.020615,0.023787,0.026974,0.022596,0.039118,0.04532,0.05914,0.3649,0.14888,0.020862,0.029653,0.013302,0.0075777,0.012385,0.0067922,0.0065366,0.0058633,0.00039161,0.0013135,0.00022327,0.0014523,0.0017988,0.0010059,0.0030016,0.014801,0.0081362,0.00075686,0.00086868,0.00066346,0.00034552,0.00012213,0.00047467,0.00012969,0.0027314,0.003998,0.0047352,0.0031526,0.0041678,0.0076665,0.0047736,0.01107,0.050575,0.03036,0.010645,0.010373,0.0033534,0.0031861,0.0046678,0.0033082,0.0026513,0.028441,0.0029425,0.0032466,0.0034713,0.0044391,0.0057052,0.007624,0.011746,0.052742,0.16338,0.012014,0.005765,0.0042197,0.0036606,0.003861,0.0015544,0.0023137,0.0090925,0.00071331,0.00025822,0.00054821,0.00044628,0.00049992,0.00076169,0.002209,0.0077658,0.051905,0.0011945,6.9071e-05,0.00031245,0.00023927,0.00038961,0.00021609,0.00025369,0.0034714,0.0010377,0.00096169,0.001174,0.0016115,0.0020563,0.0027502,0.0046201,0.012124,0.017886,0.0092609,0.0053431,0.0039266,0.0034344,0.0030294,0.0027936,0.0025826,0.02735,0.014413,0.014449,0.016459,0.018537,0.02249,0.030239,0.047727,0.19861,0.16634,0.044174,0.026252,0.018637,0.015187,0.011967,0.0111,0.011786,0.0025959,0.00095089,0.00086458,0.0012797,0.0011928,0.0011704,0.0018262,0.0027941,0.0054031,0.038499,0.0055476,0.0029757,0.0020453,0.0020931,0.0013052,0.0014748,0.0014057,0.0025845,0.0051565,0.0052128,0.0054428,0.0065041,0.0074802,0.0094054,0.015209,0.040954,0.070357,0.012529,0.0061305,0.0036891,0.002302,0.0016436,0.0011561,0.0011082
0.0002842,0.00094081,0.00078113,0.00091761,0.0024241,0.0025197,0.0038123,0.0058413,0.046395,0.062737,0.0079229,0.0034146,0.0029431,0.0021537,0.0027639,0.0033503,0.0021839,0.0028553,0.0011044,0.0010212,0.0010797,0.0010773,0.00086136,0.0016543,0.0021479,0.011664,0.020513,0.003962,0.0013625,0.00078125,0.00086378,0.00025646,0.00052021,0.00034904,0.0022297,0.0006844,0.00052904,0.00038359,0.00035959,0.00075443,0.0013869,0.0022754,0.011992,0.019922,0.0095193,0.0023045,0.0010724,0.00098442,0.000386,0.00027091,0.00012018,0.04523,0.044698,0.046138,0.049334,0.05444,0.063323,0.082336,0.12536,0.35585,0.37267,0.098661,0.050693,0.030911,0.019798,0.011167,0.0068338,0.0047704,0.0080796,0.001531,0.0018261,0.0018755,0.0029149,0.002379,0.0040934,0.0054527,0.014494,0.012143,0.0057431,0.0018866,0.001723,0.00060363,0.0010504,0.00053032,0.00038529,0.0022088,0.002424,0.002526,0.0027596,0.0034156,0.0041435,0.0059517,0.0096671,0.033181,0.02895,0.011441,0.006949,0.0052159,0.0045133,0.0039926,0.0035987,0.0036088,0.029511,0.0030327,0.0039209,0.004017,0.0052166,0.0062222,0.0089833,0.014312,0.032166,0.095945,0.046221,0.021185,0.014112,0.011603,0.0094612,0.010037,0.0098077,0.012503,0.0024107,0.0023992,0.002765,0.0034314,0.0032471,0.0041362,0.0053929,0.0092883,0.027955,0.013747,0.0055458,0.003116,0.0021671,0.0016024,0.0012261,0.0011921,0.0040627,0.0014375,0.0013446,0.0012936,0.0016578,0.0019927,0.0022618,0.0034395,0.011935,0.048786,0.0041971,0.0020832,0.0012514,0.00073838,0.00071323,0.00069934,0.00084687,0.00041008,0.01356,0.014517,0.015997,0.018466,0.022408,0.028769,0.048153,0.14557,0.27628,0.039878,0.023849,0.019133,0.014916,0.014257,0.01104,0.013128,0.00045013,0.00042815,0.0011847,0.0012517,0.00081256,0.0015852,0.0018367,0.0041743,0.0041285,0.044999,0.000976,0.0039568,0.0018381,0.0015016,0.0021583,0.0016221,0.0010643,0.003418,0.00054577,0.00085575,0.0012209,0.0015017,0.0019863,0.0032263,0.0061277,0.022724,0.034002,0.0081176,0.0051187,0.0040438,0.0033685,0.0031911,0.0028971,0.0030785
0.0022564,0.0022882,0.0032032,0.0025314,0.0031794,0.004058,0.0051535,0.011601,0.024301,0.041273,0.0062995,0.0047265,0.0042496,0.0052614,0.0032914,0.0025972,0.0028897,0.0052682,0.0014035,0.0017768,0.0014019,0.0017222,0.0022163,0.0030113,0.0047367,0.0097809,0.012845,0.0039488,0.0018148,0.0010915,0.00037504,6.5262e-05,0.00038892,0.00011444,0.0019093,0.00087851,0.00080018,0.0010168,0.0011368,0.0012785,0.0015469,0.0028055,0.008873,0.025117,0.0059948,0.0010348,0.00030675,0.00040276,0.00010638,0.00018663,0.00021172,0.036374,0.03944,0.041515,0.044003,0.048872,0.057764,0.073141,0.10709,0.2765,0.32062,0.091505,0.048207,0.029214,0.019134,0.011746,0.0094854,0.0062028,0.0035038,0.0021215,0.0027982,0.0023398,0.0021285,0.002742,0.0032327,0.0047307,0.011397,0.016464,0.0051123,0.0026037,0.0016043,0.00071843,0.00027959,0.0010571,0.00087931,0.0015679,0.0013381,0.0015458,0.0018542,0.0026911,0.0034758,0.0048388,0.0091543,0.023981,0.060274,0.014661,0.0082126,0.006085,0.0050837,0.0049806,0.0046309,0.0042725,0.03044,0.005449,0.0090289,0.01267,0.015572,0.017872,0.020099,0.020378,0.018784,0.12196,0.078146,0.038012,0.027467,0.019387,0.015932,0.0079368,0.0036183,0.009535,0.0022104,0.0048484,0.0067941,0.0082658,0.0087711,0.009172,0.0081891,0.0079769,0.045407,0.027301,0.012307,0.0077199,0.0048782,0.0029895,0.0016739,0.0012608,0.0012741,0.0018912,0.002772,0.0037258,0.0042851,0.0041166,0.0033488,0.0039552,0.01302,0.020809,0.017474,0.0069669,0.0036388,0.0018683,0.0012069,0.0019191,0.0022354,0.025338,0.01271,0.012031,0.013078,0.014407,0.018293,0.023797,0.03774,0.093095,0.18516,0.03449,0.020898,0.014296,0.010357,0.012304,0.0089016,0.0091745,0.0031128,0.0012752,0.00060645,0.0010919,0.00097686,0.0011042,0.0015561,0.0018397,0.0047123,0.053178,0.005521,0.0018336,0.00089826,0.00072465,0.00029206,0.00039485,0.00031662,0.0014248,0.00080856,0.00092523,0.0010606,0.001146,0.0020811,0.0026339,0.0057896,0.017119,0.085074,0.0035587,0.0030801,0.0027062,0.0021009,0.0022537,0.0021893,0.0021115
0.0010834,0.0011483,0.00083892,0.0019575,0.0015155,0.0021003,0.003439,0.0081638,0.024162,0.045035,0.0030748,0.0034159,0.0026632,0.0025106,0.0016228,0.00207,0.0021897,0.0035077,0.0011489,0.0016629,0.0025378,0.0026298,0.002139,0.0022866,0.0046383,0.0099452,0.0078543,0.0061488,0.0023663,0.0013475,0.00080966,0.00041576,0.0003555,0.00035669,0.0042077,0.0011173,0.00095495,0.00099747,0.0010981,0.0016721,0.0021196,0.0035091,0.0057126,0.022399,0.010097,0.0021569,0.0013798,0.00083856,0.0006049,0.00061754,0.00069428,0.024464,0.024763,0.026619,0.02986,0.033676,0.041019,0.055521,0.091891,0.21158,0.3683,0.10312,0.061799,0.045554,0.037391,0.033133,0.03205,0.030827,0.0052892,0.0014691,0.0012594,0.0019168,0.0014104,0.0020071,0.0030184,0.0045545,0.01214,0.01598,0.0065325,0.0028838,0.0021082,0.0014871,0.0013485,0.0016641,0.001978,0.0024071,0.0016233,0.001958,0.0022493,0.0027598,0.0038108,0.005453,0.0085308,0.023629,0.013204,0.018191,0.0095083,0.007079,0.0057168,0.0052549,0.0049226,0.004902,0.029038,0.0049039,0.00507,0.0056538,0.0062022,0.0066277,0.0087305,0.010889,0.0074438,0.11164,0.055166,0.019625,0.012467,0.0089145,0.006981,0.0069345,0.0060922,0.011345,0.0019849,0.0024497,0.0023004,0.0027379,0.0030815,0.0033036,0.0038742,0.0051357,0.036035,0.020291,0.0060757,0.0032595,0.0018541,0.0016234,0.0011152,0.0010491,0.0050527,0.0030102,0.0030991,0.0033817,0.0036181,0.0045972,0.0054585,0.0080861,0.014065,0.023812,0.014064,0.0055745,0.0032045,0.001875,0.0012067,0.00071337,0.00051307,0.0033818,0.0088304,0.0081381,0.0078847,0.0094172,0.010413,0.013703,0.019564,0.044235,0.27129,0.016497,0.0098446,0.0055838,0.00387,0.0038545,0.0024013,0.0019398,0.0017052,0.00068331,0.00046812,0.0010377,0.00037676,0.00070714,0.00085014,0.001482,0.0034208,0.048028,0.0052752,0.0024797,0.0013456,0.001386,0.00054204,0.00094328,0.0010605,0.0054436,0.003064,0.00312,0.0031825,0.0037848,0.0040585,0.0051905,0.0072064,0.016838,0.030686,0.0053966,0.0034813,0.0020864,0.0010672,0.00089685,0.00047747,1.9077e-05
0.0013409,0.001129,0.00093341,0.00070366,0.00072452,0.0019797,0.0028888,0.0065162,0.015946,0.039765,0.0053405,0.0017463,0.0023389,0.0016525,0.0030362,0.0017631,0.0021763,0.0075132,0.0011068,0.0016393,0.0017193,0.0014207,0.0021285,0.002759,0.0041873,0.0082561,0.01866,0.0082774,0.0031349,0.0014299,0.0011638,0.00082371,0.0003922,0.00047495,0.0020485,0.0012415,0.0012214,0.0012924,0.0015711,0.0016167,0.0019677,0.0026196,0.0064677,0.018247,0.01381,0.0044106,0.0024339,0.0016923,0.0013771,0.0011363,0.0012398,0.0054303,0.007624,0.010251,0.013697,0.018278,0.027422,0.041943,0.075733,0.2408,0.40979,0.11769,0.074639,0.056916,0.048088,0.044764,0.040111,0.041339,0.0026818,0.00050487,0.00031994,0.00056686,0.0012614,0.0012071,0.0020737,0.0020392,0.0091191,0.018764,0.0056839,0.0037242,0.0030037,0.0025413,0.0029606,0.0017215,0.0013352,0.0027371,0.003166,0.0037161,0.0037927,0.0043311,0.0051806,0.0069093,0.0097304,0.024376,0.05728,0.014615,0.0072116,0.0048344,0.0038206,0.0033311,0.002813,0.0028286,0.0409,0.0076935,0.0078083,0.0083627,0.0090551,0.010872,0.0142,0.017735,0.018887,0.099395,0.046409,0.015708,0.0081723,0.0042173,0.0049794,0.0022419,0.003481,0.0049,0.00073514,0.0019209,0.001684,0.0021871,0.0019991,0.0025007,0.0034069,0.0075145,0.033211,0.012824,0.0052143,0.00325,0.0023817,0.0021554,0.0019356,0.0017376,0.0013066,0.002761,0.0029933,0.0030811,0.0037323,0.0039557,0.0051439,0.0072201,0.011308,0.048892,0.016375,0.0066578,0.003607,0.002354,0.0019486,0.0012369,0.0012264,0.0073186,0.0023957,0.0032009,0.0048964,0.0042623,0.0048827,0.0075311,0.021362,0.073138,0.11342,0.055114,0.032389,0.023238,0.01758,0.011937,0.009934,0.0088178,0.0028725,0.0014182,0.0028127,0.003718,0.0058405,0.006183,0.0066493,0.0074749,0.0082368,0.042469,0.012307,0.0086656,0.0066694,0.0050496,0.0038195,0.0019999,0.0013046,0.0012131,0.0042012,0.0054293,0.0070699,0.0085685,0.010553,0.011972,0.014745,0.024301,0.069386,0.0084525,0.0082049,0.0082441,0.0078491,0.0074971,0.007491,0.0072252
0.0018978,0.0005087,0.00062747,0.00074225,0.0011712,0.001605,0.0030153,0.0056086,0.023324,0.044526,0.0088217,0.00011261,0.00036693,0.0024292,0.002521,0.0012608,0.0016956,0.0039311,0.00086468,0.0012981,0.0015236,0.0013505,0.0025652,0.0023638,0.0037069,0.0084891,0.013109,0.011287,0.0027992,0.0015699,0.00085875,0.00056346,0.00058583,0.00044824,0.0046292,0.001441,0.0015191,0.0014775,0.0013777,0.0018904,0.0023814,0.0028757,0.0046433,0.036322,0.019965,0.005398,0.0028732,0.0023912,0.0017461,0.0014508,0.0013676,0.019583,0.022529,0.023159,0.026024,0.030131,0.036417,0.050167,0.078354,0.18528,0.2881,0.11612,0.065801,0.047732,0.039651,0.036179,0.032812,0.031928,0.0034981,0.0011011,0.0013592,0.0019525,0.0014159,0.0021895,0.0025533,0.0041935,0.011617,0.017727,0.0056812,0.0027614,0.0019072,0.0017489,0.0020579,0.0012264,0.00094226,0.005005,0.0042882,0.0044864,0.0048758,0.0056742,0.0059562,0.0073663,0.01155,0.021369,0.019459,0.015673,0.0061291,0.0035467,0.0022117,0.0014528,0.00060593,0.00012588,0.027617,0.0049844,0.0054215,0.0055364,0.0074071,0.0079311,0.010566,0.016509,0.03368,0.095418,0.049616,0.022213,0.014988,0.011845,0.010475,0.009185,0.0097143,0.0097734,0.00038754,0.00035846,0.00082433,0.0014656,0.0014891,0.002027,0.0037176,0.0075438,0.034096,0.011508,0.0058743,0.0041637,0.003458,0.0030608,0.0028698,0.0027008,0.0039712,0.0015491,0.0017154,0.0019132,0.002164,0.0023703,0.0029889,0.003825,0.0093511,0.011832,0.020492,0.0070935,0.0046993,0.0037268,0.0030546,0.0028222,0.0026436,0.0089609,0.0051642,0.0047675,0.0058998,0.0063661,0.0074333,0.0088614,0.013434,0.026224,0.26959,0.01558,0.0063805,0.0043937,0.0031051,0.0017108,0.0013096,0.001339,0.0035553,0.0012473,0.0013089,0.0011213,0.0010852,0.00152,0.0018488,0.0024471,0.0038385,0.052068,0.0051987,0.0019844,0.001163,0.00085867,0.0011632,8.6563e-05,0.00012588,0.0051385,0.0030105,0.0029094,0.0034437,0.0034296,0.0045885,0.0051621,0.0090269,0.015823,0.041824,0.015127,0.0063292,0.0044058,0.0033033,0.0026799,0.0023428,0.0023537
0.0012417,0.0017663,0.0015396,0.0023542,0.0020451,0.0026017,0.0030284,0.0088573,0.017851,0.059042,0.013905,0.0039723,0.0028455,0.0044561,0.0017998,0.0020845,0.0011654,0.0045624,0.00075813,0.0005583,0.0006268,0.00078219,0.00091806,0.0010529,0.00187,0.0036222,0.027662,0.0085013,0.0024814,0.0014117,0.00070786,0.00047832,0.00042523,0.00019836,0.002409,0.0008112,0.00080998,0.00069783,0.001131,0.0012543,0.0012059,0.00085163,0.0046306,0.022854,0.017553,0.0053505,0.0029214,0.0017683,0.0018894,0.0016016,0.0013599,0.040011,0.038314,0.040826,0.041567,0.047276,0.056542,0.070443,0.10635,0.27029,0.42508,0.10056,0.050211,0.030403,0.021183,0.013165,0.012045,0.010706,0.0064031,0.001626,0.0017315,0.0021813,0.0029185,0.0028358,0.0033853,0.0052654,0.012222,0.014792,0.0050655,0.0026349,0.0014615,0.0010678,5.7143e-05,0.00035731,0.00033762,0.0020085,0.0030511,0.002851,0.0034011,0.0036053,0.0042802,0.0060807,0.0088312,0.024439,0.051751,0.013214,0.0068312,0.0049437,0.0041775,0.003525,0.00314,0.0033017,0.031659,0.0019993,0.0019287,0.0028359,0.0036797,0.0052567,0.0074494,0.013428,0.031367,0.046306,0.053151,0.024703,0.017692,0.014855,0.01076,0.011668,0.012016,0.012303,0.0019558,0.0022758,0.0026491,0.0025808,0.0028032,0.0037679,0.0056162,0.0087075,0.016955,0.012125,0.005193,0.0031687,0.0024274,0.0021797,0.0017988,0.0016632,0.0028153,0.0008053,0.00098531,0.0010009,0.0011027,0.0012437,0.0015025,0.0012084,0.0042637,0.057876,0.010463,0.0035642,0.0022792,0.0017124,0.0012962,0.0010464,0.0011864,0.02113,0.0092157,0.0093715,0.0099946,0.011436,0.012804,0.016525,0.027243,0.077808,0.14719,0.030478,0.016051,0.0107,0.007609,0.0064102,0.0076455,0.008587,0.00019073,0.00015293,0.00027572,0.00061196,0.00033873,0.00053873,0.00066273,0.0013504,0.0021411,0.04762,0.0021225,0.001513,0.00032128,0.00045434,0.00031089,0.00033322,0.00012589,6.485e-05,0.0023558,0.0026501,0.0026558,0.0032393,0.0038147,0.0046518,0.005961,0.017457,0.060115,0.0076095,0.003615,0.002236,0.001712,0.0013282,0.0014105,0.0012665
0.0027485,0.0025282,0.002912,0.0026617,0.002816,0.0034407,0.0051944,0.008288,0.032369,0.035088,0.014156,0.0053788,0.0039947,0.0017211,0.0017542,0.0022186,0.0021305,0.0045548,0.00022592,0.00017911,0.00030447,0.00060386,0.00066665,0.0011053,0.0014461,0.0064695,0.01473,0.0038727,0.00058811,0.00029336,0.00025444,0.00020335,0.00010972,7.629e-05,0.0025559,0.00051451,0.00061269,0.00070834,0.00064171,0.001054,0.0013,0.0021913,0.0072279,0.037691,0.010626,0.0036257,0.0024483,0.0022159,0.0016399,0.0016226,0.0015679,0.036454,0.03879,0.038796,0.042255,0.047849,0.05627,0.071482,0.1042,0.27497,0.18591,0.089502,0.046172,0.028417,0.018638,0.011856,0.0092438,0.0057679,0.0032654,0.0016906,0.0022793,0.0025378,0.0025085,0.0027788,0.0035116,0.0047733,0.01339,0.013223,0.0049849,0.0024126,0.0015085,0.00065638,0.00048218,0.0013848,0.00010302,0.0013809,0.0010098,0.0011498,0.0016935,0.0021851,0.0029138,0.0043553,0.0098499,0.024661,0.048809,0.012312,0.0077029,0.0060087,0.0048847,0.0045877,0.0043498,0.0041581,0.038737,0.0056089,0.005756,0.0062132,0.0068583,0.0076575,0.0084919,0.011707,0.020859,0.13408,0.031968,0.011837,0.005957,0.0038047,0.0047244,0.0014322,0.0017338,0.0084382,0.0011561,0.0012544,0.0013649,0.0011885,0.0018665,0.0018822,0.0025774,0.0032884,0.043653,0.011596,0.0046348,0.0028498,0.0021558,0.0019145,0.0016952,0.0016441,0.00013353,0.002347,0.0025275,0.0025349,0.0030304,0.0031922,0.0039977,0.0059418,0.011246,0.009975,0.012157,0.0044906,0.002618,0.0016134,0.0010263,0.0007255,0.00059893,0.0059567,0.0069666,0.0076105,0.0085855,0.0098876,0.012123,0.016272,0.024628,0.077091,0.24757,0.03094,0.019258,0.014365,0.011682,0.011923,0.010638,0.010348,0.0019551,0.00038273,0.0001458,0.00062335,0.00032464,0.00015774,0.0002351,0.00021909,0.00053506,0.050341,0.0012099,0.00067767,0.00015834,0.00076898,0.0002037,0.00041907,0.00037194,0.0033532,0.0012065,0.0012125,0.001413,0.0016689,0.0023239,0.0032624,0.007122,0.01804,0.076402,0.005063,0.0039251,0.0030136,0.0026809,0.00219,0.0022397,0.0022011
0.0016251,0.0034461,0.003352,0.0040732,0.0052952,0.0053611,0.0072687,0.010983,0.037493,0.052954,0.014354,0.0054621,0.0028863,0.0028034,0.0023637,0.0013963,2.6703e-05,0.0027294,0.0002276,0.00062458,0.00070632,0.00087939,0.0011515,0.0013175,0.0021929,0.0096536,0.019357,0.0014259,0.00057369,0.00055252,0.00031495,0.00061653,0.00037805,0.0004711,0.0037003,0.0011593,0.00079215,0.0008906,0.0013051,0.001521,0.0021029,0.0027744,0.012419,0.010718,0.011276,0.0038539,0.0024944,0.0018639,0.0017242,0.0015071,0.0015221,0.041699,0.040165,0.042123,0.043883,0.048649,0.059235,0.074896,0.11626,0.31418,0.40507,0.099737,0.053306,0.035013,0.026068,0.020549,0.015734,0.015042,0.0090009,0.0012224,0.0019008,0.0023432,0.0023769,0.00245,0.0033843,0.0059362,0.013715,0.014395,0.0052083,0.0023319,0.0012849,0.00077818,0.00080558,0.0011978,0.0011501,0.00013163,0.00090307,0.00098792,0.001358,0.002083,0.0029849,0.0046313,0.0071496,0.027359,0.033128,0.012042,0.0076372,0.0058449,0.0051921,0.0046275,0.0044099,0.0042096,0.029736,0.0031986,0.0037526,0.0034555,0.004392,0.0044604,0.0059799,0.0075719,0.016866,0.13121,0.042906,0.017009,0.011084,0.0092694,0.0055911,0.0072236,0.0071145,0.01075,0.00039482,0.00018636,0.00062393,0.0010418,0.0011761,0.0017332,0.002429,0.0032316,0.043727,0.01536,0.006387,0.0044107,0.0034616,0.003201,0.0026541,0.002739,0.0015831,0.0012604,0.0012208,0.0013892,0.0016253,0.0021521,0.0027739,0.0048466,0.012566,0.03261,0.0081619,0.0047845,0.0035312,0.0029987,0.0024905,0.0024724,0.0023346,0.012158,0.0020951,0.0032564,0.0050286,0.006755,0.010086,0.016126,0.030107,0.099154,0.25897,0.038066,0.026987,0.020474,0.017766,0.015058,0.015547,0.015278,0.0002575,0.00083445,0.000723,0.00056115,0.00089506,0.0010687,0.0015688,0.001612,0.0032495,0.048997,0.0031961,0.002117,0.0014496,0.0010261,0.0018256,0.00055334,0.00029564,0.0017948,0.00094058,0.0010492,0.0013836,0.0014328,0.0017433,0.0026383,0.0038473,0.015972,0.039079,0.0023081,0.0020147,0.001834,0.0017613,0.0011752,0.0013455,0.0015622
0.0058213,0.0040871,0.004326,0.00498,0.005462,0.0067152,0.0082391,0.011478,0.027366,0.030829,0.012401,0.0056625,0.0035015,0.0011579,0.0017918,0.0013833,0.00041961,0.0054265,0.00069513,0.00094155,0.0010491,0.00092925,0.0012559,0.001695,0.0035916,0.0085498,0.015236,0.0016676,0.0012141,0.00083535,0.0010069,0.00088605,0.00070252,0.00074961,0.0021076,0.00071777,0.00063428,0.00085556,0.0008188,0.0014384,0.00165,0.0034205,0.0084061,0.023974,0.006615,0.0013795,0.0007365,0.00073121,0.00016761,0.00027058,0.00031091,0.051568,0.036718,0.011704,0.051055,0.068528,0.041458,0.037919,0.15881,0.40495,0.1165,0.10053,0.097988,0.052391,0.021576,0.036859,0.034374,0.026394,0.0044423,0.00098055,0.0011289,0.0019505,0.0031088,0.0017848,0.0017622,0.0067501,0.017696,0.0089307,0.0043138,0.0046332,0.0028151,0.0010977,0.0014627,0.0017128,0.0017605,0.0074674,0.0051683,0.0025502,0.0073901,0.0095243,0.0054426,0.0070148,0.023773,0.051092,0.030059,0.017038,0.017071,0.0096984,0.0047659,0.0059343,0.0062544,0.0054646,0.028166,0.0025113,0.0033776,0.0048021,0.0068094,0.009078,0.010957,0.01457,0.011532,0.11131,0.066103,0.03263,0.023492,0.017444,0.010542,0.0086532,0.0070974,0.012383,0.0021397,0.00098795,0.00019947,0.0014928,0.0031711,0.0043291,0.0053359,0.0071197,0.039068,0.023566,0.011047,0.0068867,0.004499,0.0031202,0.0028246,0.0028306,0.0081006,0.0046153,0.0027482,0.0018352,0.0046981,0.0075142,0.0093617,0.0085954,0.0073392,0.026712,0.026563,0.013926,0.0077326,0.0025026,0.0018161,0.0044103,0.0052014,0.014736,0.0017729,0.0025756,0.0035371,0.0055487,0.0083929,0.014218,0.026756,0.08408,0.15671,0.035936,0.02365,0.018257,0.015593,0.012838,0.014315,0.012993,0.0022393,0.00021469,0.00079112,0.0008591,0.00036063,0.00051451,0.00063325,0.00045503,0.00046128,0.049923,0.0038568,0.0011421,0.00047625,0.00022935,0.00067302,0.0003295,9.9175e-05,0.0020771,0.00069348,0.00086627,0.0010411,0.001393,0.002082,0.0035313,0.0072501,0.017285,0.085584,0.0077933,0.0059693,0.0045148,0.0041502,0.0034107,0.0035813,0.0034581
0.0015717,0.0032403,0.0038266,0.0037836,0.0042722,0.0053651,0.0072553,0.010838,0.036492,0.038919,0.010126,0.004145,0.0021087,0.0021476,0.0017775,0.00084413,0.00085831,0.0035096,5.0598e-05,0.00026675,2.8086e-05,0.00024755,0.00058514,0.0011735,0.0020252,0.0090492,0.010614,0.0044762,0.0019813,0.0013755,0.0012563,0.0009578,0.00095141,0.00099183,0.0030842,0.00039791,0.00044854,0.00029068,0.00044704,0.00065305,0.0012359,0.0019811,0.0087968,0.031193,0.010645,0.0027789,0.0016754,0.0010138,0.0011421,0.001227,0.0011311,0.030247,0.029367,0.030232,0.033236,0.03825,0.045845,0.06052,0.09837,0.26436,0.2736,0.10787,0.063124,0.046529,0.037429,0.032792,0.030867,0.030316,0.0071431,0.00090187,0.00085207,0.0016069,0.0016666,0.0022567,0.0027489,0.0046569,0.014227,0.015492,0.0033501,0.0020654,0.001863,0.0019051,0.0011876,0.00187,0.0012074,0.0035267,0.0040248,0.0039115,0.00424,0.0049266,0.0056317,0.0073091,0.010258,0.029362,0.015544,0.011659,0.0054335,0.0033543,0.0021864,0.0017048,0.001391,0.001257,0.03617,0.0029068,0.0028728,0.0037433,0.0045489,0.0058247,0.008155,0.010668,0.032935,0.11647,0.04223,0.017484,0.012722,0.010231,0.0086329,0.008199,0.0086538,0.0094072,0.0014354,0.001152,0.0014206,0.0015156,0.0017962,0.0024165,0.0034051,0.0063482,0.041173,0.013743,0.005916,0.0038144,0.0030596,0.0027713,0.0024356,0.0023118,0.001072,0.0015738,0.0018345,0.0020338,0.0024429,0.0025014,0.0032739,0.0053614,0.0097373,0.01715,0.013204,0.0055614,0.0035879,0.0027316,0.0025376,0.0022266,0.0021744,0.025677,0.011013,0.0070726,0.0028671,0.011115,0.026298,0.048022,0.077989,0.14651,0.21464,0.037742,0.06187,0.066364,0.059715,0.043482,0.022786,0.0053521,0.00061036,0.0010226,0.0011899,0.0020789,0.0030681,0.0046887,0.0063129,0.0082217,0.011053,0.041882,0.011866,0.011189,0.010251,0.008483,0.0072798,0.0029858,0.00088121,0.0046082,0.0020842,0.002394,0.0028457,0.0036994,0.0041893,0.0043793,0.0042754,0.011891,0.036964,0.012888,0.0082787,0.005667,0.003582,0.0021278,0.0016176,0.0016556
0.0048562,0.0037783,0.0036295,0.0041476,0.0046954,0.005763,0.0078527,0.012483,0.020473,0.050326,0.015854,0.005338,0.0043325,0.00048254,0.002383,0.0015578,0.0018539,0.0030919,0.00012318,0.00046126,0.00026214,0.00021809,0.001013,0.00087857,0.0021333,0.0058893,0.027618,0.0055497,0.0016143,0.00059228,0.00075279,0.00043842,0.00061337,0.00059702,0.0026627,0.00076735,0.00059811,0.00050963,0.00044965,0.00092387,0.00078038,0.0004532,0.0059846,0.023234,0.015383,0.0047891,0.0028819,0.0024513,0.001711,0.0018158,0.001606,0.0369,0.038873,0.040436,0.044379,0.048749,0.058514,0.074741,0.11422,0.31566,0.42129,0.11593,0.062043,0.042372,0.031826,0.026148,0.020894,0.021313,0.0049973,0.0022988,0.00079903,0.00087811,0.0026092,0.0018437,0.003201,0.0045811,0.011341,0.016229,0.0038233,0.0022181,0.0012049,0.0010621,0.0014816,0.00080863,0.00070574,0.0041333,0.0041782,0.0046551,0.0048648,0.0054815,0.0060066,0.0080333,0.012376,0.030621,0.052526,0.014627,0.0066218,0.0043628,0.0032395,0.002578,0.0022012,0.0020161,0.023613,0.010319,0.0098242,0.011535,0.01237,0.01351,0.017315,0.02305,0.051473,0.054082,0.045793,0.017593,0.010538,0.0077778,0.0023225,0.0024965,0.00038148,0.012764,0.0023508,0.0026136,0.0027539,0.0025772,0.0034197,0.0041803,0.006234,0.01213,0.013794,0.01077,0.0048848,0.0034396,0.0023977,0.0022078,0.0018383,0.0017891,0.0040551,0.0010815,0.0010115,0.00099885,0.0012247,0.0013406,0.00087651,0.0013774,0.0028674,0.062065,0.010255,0.0032698,0.0015985,0.0012501,0.00069568,0.00044474,0.00064851,0.0033837,0.0097381,0.010389,0.011332,0.012568,0.015054,0.020205,0.032193,0.10021,0.13051,0.030742,0.019792,0.014635,0.011761,0.0095895,0.0071761,0.0084459,0.00082019,0.0010488,0.0009686,0.0014802,0.00099163,0.0010527,0.0016321,0.0024328,0.0052585,0.047641,0.0054183,0.001898,0.0012246,0.0010011,0.00093742,0.00056368,0.00015259,0.0061933,0.003201,0.0032754,0.0034232,0.0037509,0.0050195,0.0060616,0.0089016,0.021725,0.065996,0.0096861,0.0046385,0.0029743,0.0021669,0.0016669,0.0010671,0.0012226
0.001194,0.0029738,0.0028569,0.0031216,0.0037388,0.0044263,0.0053383,0.00902,0.039491,0.034415,0.014776,0.006092,0.0033903,0.0058591,0.0033038,0.0023055,0.0035134,0.0040494,0.00023865,0.00023476,0.00010079,0.00060989,0.00023266,0.00024409,0.0012564,0.0068713,0.017262,0.0066455,0.0018106,0.00075867,0.00084919,0.00054404,0.00049125,0.00039864,0.0031987,0.00025565,0.0005293,0.00064683,0.00080976,0.0012856,0.0013662,0.0035424,0.004903,0.040406,0.015408,0.0060007,0.0038385,0.002917,0.0025749,0.0024595,0.0025006,0.040536,0.038456,0.041281,0.043959,0.049249,0.057921,0.073689,0.11049,0.2746,0.17501,0.099104,0.050436,0.031684,0.021493,0.015126,0.012487,0.010193,0.0078012,0.001742,0.0020267,0.0023589,0.0019054,0.0023046,0.0035155,0.0045753,0.013294,0.014509,0.0038761,0.0019528,0.0011638,0.00086987,0.00024997,0.00093512,7.2472e-05,0.0023156,0.0028169,0.0028451,0.0031776,0.0034847,0.004452,0.0056397,0.010231,0.026376,0.047709,0.010972,0.0062107,0.00464,0.0038055,0.0033505,0.0030839,0.0030366,0.034737,0.0025108,0.0027118,0.00284,0.0028952,0.0044667,0.0063656,0.0095845,0.040179,0.10919,0.032187,0.016995,0.011998,0.010054,0.010206,0.0081613,0.0084878,0.010584,0.00054912,0.000403,0.0004013,0.00062613,0.00083656,0.0010405,0.0016653,0.0061426,0.037226,0.0046468,0.0028021,0.0021262,0.0016775,0.0013044,0.0014111,0.0012684,0.0037461,0.00097091,0.00082609,0.00098967,0.0014243,0.0015023,0.0020505,0.0045002,0.0027996,0.015012,0.016416,0.0076682,0.0049727,0.0037521,0.0035735,0.003134,0.0030442,0.022721,0.0087784,0.0097497,0.010838,0.012561,0.014987,0.020494,0.030252,0.082455,0.25608,0.03783,0.021054,0.015631,0.012885,0.01021,0.0098813,0.010178,0.0016995,0.00055454,0.00041235,0.00036914,0.00029067,0.00018943,0.00028791,0.00051871,0.0011781,0.049445,0.002273,0.00043421,0.00058008,0.00065858,0.00051414,0.00047926,0.00029183,0.0004921,0.001886,0.0020076,0.0022483,0.0027115,0.0029083,0.0038044,0.0076603,0.019767,0.069073,0.0072298,0.00388,0.0032578,0.0027175,0.0023988,0.0021147,0.0022507
0.0036545,0.0034439,0.0035424,0.0038853,0.0042353,0.0049164,0.006082,0.0091564,0.030215,0.056611,0.01933,0.0068705,0.0044705,0.0016893,0.0032313,0.0027826,0.0022278,0.0033608,0.00057645,0.00069841,0.00073763,0.00077059,0.00038364,0.0012194,0.0014857,0.0070007,0.026947,0.0058968,0.001103,0.00050052,0.00052346,0.00015301,4.0003e-05,2.6703e-05,0.0013542,0.00080347,0.00081249,0.0012923,0.0013416,0.001623,0.0021208,0.0037083,0.010478,0.017363,0.018411,0.0065733,0.0043211,0.003605,0.0029973,0.002853,0.0028153,0.042189,0.04479,0.045053,0.047772,0.053916,0.062813,0.080902,0.12177,0.34104,0.40295,0.1025,0.051085,0.030687,0.019325,0.013619,0.0065879,0.0036832,0.003645,0.0017699,0.0013804,0.0010649,0.0023807,0.0024757,0.0028971,0.005128,0.014107,0.013991,0.0044919,0.0024929,0.0013555,0.0011923,0.00094212,0.00073949,0.00047493,0.0027218,0.0023427,0.0027553,0.0033015,0.0037465,0.0043917,0.006292,0.0098364,0.030078,0.040286,0.010959,0.0065227,0.0049167,0.0039698,0.0037127,0.0033774,0.0035344,0.040726,0.0064469,0.0064747,0.0065434,0.0078304,0.0091024,0.01001,0.013874,0.030214,0.099146,0.040639,0.016471,0.009876,0.0075013,0.0069995,0.0051134,0.004654,0.0084077,0.0019999,0.0022117,0.0022173,0.0025025,0.0024831,0.0029828,0.0040602,0.007574,0.031586,0.010909,0.0039858,0.0022774,0.0014402,0.0010901,0.00059947,0.00045015,0.0011158,0.0016998,0.0018524,0.0018165,0.0017805,0.0023188,0.0033587,0.0041682,0.0089118,0.051035,0.0072268,0.0031541,0.001987,0.0016797,0.0012277,0.0010056,0.00099372,0.0099928,0.0027286,0.0038404,0.0047596,0.006879,0.0093639,0.015986,0.027294,0.103,0.23531,0.035934,0.023536,0.019409,0.016691,0.015053,0.013182,0.012129,0.0002098,0.0010315,0.00093994,0.0016815,0.00097222,0.0013622,0.0016682,0.0025499,0.0034479,0.047843,0.0030795,0.001196,0.00041271,0.00058531,0.00081055,0.00064878,0.00059891,0.0049897,0.001747,0.0020958,0.002096,0.0021663,0.0031875,0.0044063,0.0065753,0.019433,0.045169,0.0053157,0.0029989,0.0022101,0.001657,0.0018361,0.0013602,0.0013123
0.0083696,0.0039558,0.00472,0.0053134,0.006109,0.0065636,0.0086377,0.012934,0.04268,0.026745,0.016065,0.0067671,0.0040346,0.0039187,0.0032365,0.0028901,0.0017624,0.0011997,0.00072802,0.00081836,0.0013287,0.0013074,0.0013451,0.0016161,0.0034597,0.009899,0.012015,0.0019833,0.00031819,0.00050792,0.00015783,0.00025184,0.00025556,9.5367e-06,0.0034466,0.0017961,0.0015098,0.0016077,0.0019979,0.00191,0.0034304,0.0053753,0.013263,0.028874,0.0077451,0.0026816,0.0018312,0.0012695,0.0012066,0.0010194,0.00069619,0.03687,0.04055,0.041,0.044498,0.049963,0.057729,0.074453,0.11496,0.32351,0.22559,0.085428,0.045065,0.027371,0.01745,0.011256,0.0058754,0.00051118,0.0049382,0.0021453,0.0016817,0.0020114,0.0023847,0.0028296,0.0028618,0.0043539,0.013092,0.013365,0.0035532,0.0020729,0.0010151,0.00038358,0.00049664,0.00061843,0.00053598,0.001297,0.0020222,0.0020591,0.0027089,0.0030173,0.0040549,0.0060334,0.010097,0.03289,0.055925,0.015385,0.0088483,0.0066375,0.0057742,0.0048734,0.0048511,0.0047913,0.036793,0.0019046,0.0018866,0.0017256,0.0016771,0.002426,0.0029126,0.0041966,0.0073967,0.14353,0.037208,0.014524,0.0097098,0.0080549,0.0086194,0.0059481,0.0063477,0.0070421,0.00097221,0.0012054,0.0011665,0.0013068,0.0015905,0.0024199,0.0030713,0.0051291,0.045578,0.015991,0.0067474,0.0042859,0.0033745,0.002917,0.0026384,0.002491,0.0026322,0.0010648,0.0012524,0.0013245,0.0017262,0.0022249,0.0026234,0.0068468,0.017495,0.021506,0.011871,0.0062164,0.0045676,0.0037895,0.0035074,0.0031524,0.0029336,0.013499,0.0055261,0.0059613,0.006638,0.0086611,0.011827,0.01719,0.032914,0.10106,0.20112,0.036272,0.023285,0.018253,0.015339,0.015725,0.01214,0.013251,0.00054551,0.00019296,0.00038774,0.00043728,0.00037974,0.00030311,0.00064657,0.00023407,0.0019886,0.04981,0.00324,0.00090639,0.00088212,0.00032549,0.0005012,0.00036285,6.1028e-05,0.001688,0.00082385,0.00099672,0.0011507,0.0019342,0.0024487,0.0036994,0.0060196,0.024747,0.084895,0.0072312,0.0051873,0.004287,0.0036532,0.0037594,0.0033044,0.0031491
0.00072099,0.0042255,0.0048898,0.0049928,0.0059356,0.0064801,0.0088794,0.013172,0.050916,0.050364,0.011289,0.005146,0.0030209,0.0038403,0.0026985,0.0013148,0.00096513,0.0025883,0.00049459,0.00041775,0.00066193,0.00098503,0.00077219,0.0017924,0.0028427,0.012899,0.012259,0.003217,0.0021607,0.0019673,0.0017362,0.0011014,0.0013796,0.0010891,0.0018406,0.0006769,0.00078487,0.00075842,0.00085211,0.0011159,0.0017175,0.0029182,0.01436,0.01786,0.0071502,0.001362,0.00052503,0.00039387,0.00025955,0.00017871,0.00017358,0.043566,0.04174,0.043753,0.046735,0.052703,0.061031,0.079177,0.12203,0.33974,0.36456,0.092354,0.048981,0.030636,0.020759,0.014354,0.0090173,0.007742,0.0015774,0.0015529,0.0019797,0.0028003,0.0016456,0.0027048,0.0033057,0.0045824,0.014596,0.013601,0.0038868,0.0015267,0.0016046,0.001107,0.00030957,0.0011637,0.00063898,0.0039998,0.0025596,0.0028189,0.0032442,0.0033747,0.0044987,0.0064896,0.01131,0.033637,0.022822,0.013498,0.0074253,0.0056931,0.0046712,0.0040675,0.0039438,0.0038586,0.031579,0.0052493,0.0038153,0.0017365,0.00385,0.010566,0.018199,0.02304,0.019132,0.10701,0.077927,0.046766,0.027337,0.0075506,0.0059115,0.019037,0.023545,0.0095312,0.0023652,0.0030877,0.0027371,0.0019296,0.0031752,0.0065074,0.0091418,0.0075556,0.038113,0.026074,0.013988,0.0079379,0.0026233,0.0020514,0.0047597,0.0058194,0.0032883,0.0023489,0.0021881,0.001294,0.0018161,0.0045478,0.0066456,0.0070473,0.0025895,0.0038709,0.019188,0.011444,0.006094,0.0026045,0.0026582,0.0045719,0.0051804,0.007393,0.0024849,0.002664,0.005646,0.0075663,0.011524,0.018865,0.032163,0.11045,0.27094,0.054058,0.034164,0.026593,0.022706,0.021515,0.019312,0.019371,0.00079728,0.00092349,0.00036513,0.00022287,0.00076411,0.00080543,0.00089072,0.0016387,0.0035047,0.051147,0.0048202,0.0021965,0.0016922,0.0013481,0.00059859,0.0010035,0.0010452,0.0031987,0.0010292,0.0010774,0.0011967,0.0018431,0.0015208,0.0027884,0.0066036,0.01912,0.038058,0.0030534,0.0028449,0.0024148,0.0021216,0.0021577,0.0017863,0.0017529
0.0085794,0.0042846,0.0039598,0.0043244,0.0056977,0.0065493,0.0086975,0.017217,0.023115,0.042968,0.0099178,0.004425,0.0032248,0.0012012,0.0013867,0.0013987,0.0011215,0.0030194,0.00051035,0.00030911,0.00094009,0.00017387,0.00071839,0.001521,0.0031137,0.008547,0.022007,0.0030382,0.0016901,0.001437,0.0013984,0.0011451,0.00097713,0.00092889,0.0013981,0.00042025,0.00060127,0.00049103,0.00063535,0.00098054,0.0015655,0.0029525,0.0097261,0.029156,0.0076706,0.0020127,0.00087583,0.00030606,0.00041342,0.00015967,0.00014306,0.039868,0.042344,0.044825,0.047934,0.052022,0.06161,0.079642,0.12066,0.34165,0.30075,0.095811,0.049553,0.030589,0.019569,0.013355,0.0097105,0.0050736,0.0042973,0.001563,0.0022114,0.0018691,0.0019366,0.0028257,0.0036566,0.0053815,0.013071,0.014856,0.004576,0.0019869,0.0013636,0.00083279,0.00041461,0.00064419,0.0011501,0.0028878,0.0034026,0.0036244,0.0038378,0.0048375,0.0058792,0.0075332,0.011827,0.034914,0.055317,0.017981,0.0098304,0.0071093,0.0060904,0.0055346,0.004857,0.0047913,0.044921,0.0068178,0.0076551,0.0080736,0.009409,0.011137,0.01356,0.021357,0.032238,0.079552,0.039029,0.017007,0.010559,0.0088146,0.0045149,0.0056949,0.005087,0.0049477,0.0022083,0.0025457,0.0024712,0.0026022,0.0033806,0.0039753,0.005343,0.012109,0.023139,0.010139,0.0044007,0.0023891,0.0016623,0.0013657,0.00087222,0.00089647,0.00065043,0.0009019,0.00087989,0.00091183,0.0012602,0.0015448,0.0023602,0.0047493,0.0071407,0.058655,0.0079384,0.0036225,0.0023355,0.0018048,0.0016344,0.0014329,0.0014401,0.012495,0.0050881,0.0062661,0.0067595,0.0080902,0.010731,0.015725,0.032166,0.11016,0.13714,0.040302,0.024734,0.018405,0.015582,0.015282,0.012166,0.012705,0.00042725,0.00097228,0.00046032,0.00018548,0.00057003,0.00054248,0.00068076,0.0015882,0.0033105,0.047092,0.0056591,0.0019672,0.0012145,0.00069499,0.0010315,0.00053773,0.00018311,0.00095178,0.0016695,0.001984,0.002024,0.0024871,0.0034734,0.0047805,0.0075126,0.025509,0.077712,0.012214,0.0074564,0.0059126,0.0048551,0.0042665,0.0040142,0.0038777
0.00084307,0.001661,0.0037809,0.0025558,0.0029651,0.0038281,0.00505,0.0084427,0.042766,0.049997,0.007826,0.0014911,0.0022544,0.0041635,0.0014123,0.00094118,0.0011368,0.002327,0.00092282,0.0009912,0.00089228,0.0014884,0.0012656,0.001827,0.0025515,0.010886,0.016067,0.0081681,0.0025925,0.0010827,0.00053084,0.00027724,0.00015022,5.3406e-05,0.0026532,0.00038937,0.00013913,9.9854e-05,0.0002179,0.00037769,0.00050338,0.00052188,0.0054069,0.03868,0.015667,0.004575,0.002593,0.0019231,0.0014825,0.0013979,0.0012074,0.01898,0.011971,0.0085821,0.027449,0.033158,0.014314,0.03648,0.13407,0.36885,0.11,0.069834,0.11199,0.093469,0.046067,0.012404,0.05343,0.069095,0.0029583,0.00073233,0.0010242,0.0010846,0.0015549,0.00069861,0.0012643,0.0056486,0.017831,0.010399,0.0019825,0.0038308,0.0033308,0.0018069,0.0012045,0.0015475,0.0028782,0.0014115,0.00094276,0.0016741,0.0020287,0.0019987,0.00092501,0.0023757,0.0075494,0.02787,0.022702,0.0069792,0.0041824,0.0038976,0.0030419,0.0023664,0.0022392,0.0024529,0.029351,0.0060688,0.0060804,0.0063717,0.0076461,0.0089894,0.011058,0.017181,0.043599,0.10377,0.032876,0.015123,0.0096347,0.007141,0.007544,0.006369,0.007187,0.0096761,0.0007111,0.00053264,0.00046226,0.00098319,0.0013424,0.0018013,0.0026506,0.0068754,0.035556,0.0049313,0.0031631,0.0023116,0.0019588,0.0015896,0.0015494,0.0014553,0.0041123,0.0019672,0.0018986,0.0022337,0.0022972,0.0026695,0.003183,0.0041658,0.0085188,0.019557,0.018102,0.0061769,0.0040849,0.0028398,0.0024204,0.0022067,0.0020638,0.011364,0.031898,0.033108,0.00095218,0.038871,0.047553,0.0034263,0.081156,0.20389,0.15642,0.10294,0.059829,0.015157,0.023382,0.023273,0.015894,0.016003,0.0015564,0.0044564,0.0044443,0.0013484,0.0055583,0.0067946,0.0015431,0.012066,0.023804,0.038239,0.02378,0.0095449,0.0023355,0.0063351,0.0034215,0.002256,0.0051347,0.0032464,0.0032953,0.003069,0.00063328,0.0039592,0.0037923,0.0012727,0.006766,0.0013415,0.042519,0.015787,0.0062525,0.0011866,0.002589,0.0015362,0.00082084,0.0013085
0.0034848,0.001351,0.0016267,0.0023215,0.0022301,0.0027779,0.0038456,0.0081989,0.014075,0.053035,0.01246,0.0017835,0.00142,0.0019291,0.0011251,0.00061304,0.00033761,0.0042019,0.0006421,0.00077666,0.00077413,0.0010127,0.0011402,0.0011558,0.0022891,0.0039945,0.026309,0.0087097,0.0021264,0.00055154,0.0010103,0.00023765,0.00022827,0.00028419,0.0014343,0.00041025,0.00030677,0.00031247,0.00052296,0.00061359,0.0011618,0.0013045,0.006143,0.025,0.017302,0.0056961,0.0032882,0.0020694,0.0019718,0.0019232,0.001854,0.0029164,0.005131,0.0087657,0.013949,0.019817,0.029564,0.047627,0.085094,0.27362,0.44082,0.13571,0.083517,0.064125,0.05536,0.050211,0.046833,0.046283,0.003912,0.00074196,0.00082491,0.00085611,0.00085377,0.0010174,0.0024246,0.0035215,0.010527,0.017345,0.0055927,0.0034543,0.0027802,0.00245,0.0026088,0.0017231,0.001688,0.0039578,0.0035684,0.0038831,0.0039056,0.0045504,0.0052748,0.0070393,0.0098926,0.025527,0.058764,0.013369,0.0066499,0.0040897,0.0030944,0.0029085,0.0022336,0.0023289,0.034569,0.0010238,0.001414,0.0028027,0.0039843,0.0057121,0.0097903,0.016453,0.035844,0.064687,0.054137,0.025631,0.018224,0.014185,0.011856,0.013072,0.011765,0.010435,0.0018881,0.0016948,0.0019315,0.0015805,0.002379,0.0029841,0.0048643,0.009018,0.028118,0.010231,0.004474,0.0030845,0.0023821,0.0022118,0.0018705,0.0018902,0.0034886,0.00095393,0.0010025,0.0010585,0.0013911,0.0014722,0.0017244,0.00064071,0.0040436,0.051918,0.010758,0.004148,0.0027166,0.0021657,0.0016292,0.0014559,0.0015316,0.022576,0.012762,0.013319,0.0142,0.015784,0.018073,0.023288,0.036688,0.090834,0.10759,0.036119,0.016256,0.0092068,0.0066745,0.0052218,0.001957,0.0026093,5.1513e-05,0.00055469,0.00047752,0.00023677,0.0009987,0.00085657,0.0011172,0.00071722,0.003355,0.046409,0.0011057,0.0014813,0.0008879,0.0006965,0.0010953,0.00023475,0.00029945,0.00067904,0.0026524,0.0027774,0.0028871,0.0035064,0.0038377,0.0049608,0.0059501,0.016628,0.069406,0.008337,0.0039666,0.0024872,0.0019941,0.0013396,0.00091032,0.0010376
0.0017433,0.0027945,0.0035952,0.003466,0.0034046,0.0034204,0.0052642,0.0079571,0.02207,0.036095,0.010168,0.0037308,0.0024847,0.00061076,0.00097908,0.0011607,0.00025558,0.0017529,0.0010877,0.00021814,0.00078694,0.00087426,0.00051474,0.00093135,0.0015669,0.0053948,0.0104,0.0038323,0.00070395,0.00052019,0.00056747,0.00034434,0.00024682,0.00032997,0.001772,0.00053161,0.00050838,0.00075517,0.00080717,0.00092384,0.00097898,0.0019941,0.0077519,0.033426,0.0090459,0.0029743,0.0014854,0.0013111,0.00077361,0.00095649,0.00077629,0.014569,0.014649,0.016359,0.020192,0.02438,0.033696,0.050173,0.084171,0.26726,0.2077,0.12076,0.07589,0.058759,0.050157,0.044926,0.042798,0.041432,0.0042783,0.001145,0.00085377,0.0015813,0.0018772,0.0019685,0.0027581,0.0043635,0.015179,0.011593,0.0069936,0.0043131,0.0031749,0.0026683,0.0021153,0.0011939,0.0022259,0.0042744,0.0039697,0.0038297,0.0042409,0.0043371,0.0058326,0.0070922,0.012081,0.028007,0.028371,0.0086504,0.0044556,0.0026314,0.0018797,0.001024,0.00044839,0.00011634,0.041787,0.0055782,0.005793,0.0066164,0.0069295,0.007835,0.0093567,0.011482,0.016437,0.11953,0.029656,0.011924,0.0060625,0.0032049,0.0033563,0.0008942,0.00097657,0.0089971,0.0016851,0.0019715,0.0015376,0.0021723,0.0024879,0.0029313,0.0033937,0.0045665,0.03561,0.012777,0.0060236,0.0039604,0.003011,0.0026147,0.0024847,0.0021077,0.00079157,0.0018017,0.0015786,0.0018565,0.0019928,0.001845,0.0025789,0.0042895,0.0075969,0.028767,0.0073764,0.0029642,0.001691,0.00095696,0.00064989,0.00042254,0.00021556,0.00046158,0.012323,0.012345,0.014184,0.015151,0.017676,0.022407,0.033051,0.080535,0.27976,0.030116,0.015726,0.010044,0.0058931,0.0055715,0.003421,0.00346,1.3344e-05,0.00028258,0.000672,0.0010949,0.00046629,0.00047719,0.00084436,0.0014563,0.0008428,0.049257,0.0016888,0.00067306,0.00083244,0.00092611,0.00065991,0.00035726,0.00056648,0.0041581,0.0019823,0.0018376,0.0023173,0.0025019,0.0025152,0.0033586,0.006908,0.016105,0.058151,0.0020454,0.0019267,0.0012532,0.000834,0.00051088,0.00043602,0.00042344
0.0033093,0.0034564,0.0024171,0.0030664,0.0035959,0.0045123,0.0057727,0.010785,0.043158,0.054484,0.0072266,0.003022,0.0025376,0.0012312,0.0020319,0.0023301,0.0018749,0.0024586,0.00019182,0.00077457,0.00037681,0.00080875,0.00084674,0.0019031,0.0024176,0.01136,0.016542,0.0035984,0.0025268,0.0015566,0.0013552,0.0015589,0.0013015,0.0011616,0.0021801,0.00059262,0.00024474,0.0004184,0.00042271,0.00038842,0.00077784,0.0019523,0.012738,0.0078832,0.0082058,0.0012965,0.00031847,0.00012164,0.00011797,4.9878e-05,0.00019265,0.018532,0.019856,0.020472,0.024539,0.030465,0.039619,0.057595,0.099332,0.31647,0.44862,0.12303,0.077643,0.060016,0.051477,0.044808,0.043511,0.041928,0.0072518,0.0015226,0.00021527,0.0010847,0.0015317,0.0018067,0.002785,0.0038153,0.012605,0.012846,0.0077306,0.0039985,0.0028415,0.0025374,0.0023122,0.0022829,0.0020104,0.0042535,0.0042897,0.0050074,0.0047845,0.0056651,0.0066061,0.0085888,0.011563,0.035701,0.053341,0.011278,0.0058638,0.0032809,0.001991,0.0013178,0.00059507,0.00022505,0.033845,0.0015243,0.0025352,0.0025858,0.0025862,0.0025244,0.0040627,0.0022654,0.017711,0.1587,0.039972,0.015239,0.010238,0.008336,0.0038092,0.0062516,0.0055085,0.01029,0.00078366,0.00025861,0.00091441,0.00060724,0.00085028,0.0013846,0.0017424,0.0019209,0.05593,0.015088,0.0055897,0.0035221,0.0029117,0.0027549,0.0023104,0.0022602,0.0010014,0.001583,0.001583,0.0017555,0.0023362,0.0026012,0.0041174,0.0067239,0.015927,0.014154,0.0098147,0.0063274,0.004276,0.0034859,0.0028015,0.002944,0.0027523,0.020073,0.0091808,0.0092162,0.0091878,0.011646,0.014276,0.01859,0.031865,0.10015,0.14867,0.022803,0.015015,0.011704,0.0095085,0.008544,0.0092595,0.0079805,0.0018959,0.0010948,0.0011809,0.0018523,0.00077812,0.00101,0.0018887,0.0029228,0.0078322,0.051294,0.006313,0.0028856,0.0023885,0.0018292,0.0019692,0.0012432,0.0015259,0.00046539,0.0024249,0.002514,0.0025913,0.0028399,0.003608,0.0040759,0.0063791,0.022731,0.066458,0.0036052,0.001971,0.0013569,0.00085166,0.00049715,0.00035939,0.00011064
0.0013085,0.0012194,0.00097906,0.0011191,0.0021067,0.0031002,0.0040561,0.0076824,0.023899,0.02672,0.0035674,0.0025042,0.0024819,0.0030579,0.0028026,0.0020721,0.002182,0.0021267,0.0010884,0.00068354,0.0015061,0.0013137,0.0015796,0.0017631,0.002488,0.0086189,0.009613,0.0066787,0.0031703,0.0021683,0.0019929,0.0016345,0.0015288,0.0016041,0.0035096,0.0010635,0.001324,0.0012069,0.0013579,0.0016447,0.0022148,0.0023363,0.0077597,0.02855,0.010727,0.0030025,0.0016676,0.0010073,0.0011596,0.00070115,0.00078203,0.02319,0.023644,0.02433,0.028512,0.033435,0.041791,0.058666,0.097409,0.28814,0.23212,0.1118,0.070727,0.054401,0.046263,0.040291,0.037402,0.035996,0.0045682,0.00090194,0.0016088,0.001373,0.0012529,0.0021022,0.002642,0.0046834,0.014557,0.012317,0.0072919,0.0040084,0.0030896,0.0028659,0.0021928,0.0017534,0.0011234,0.0049096,0.0047079,0.0049703,0.005214,0.0056689,0.0067186,0.0083557,0.013616,0.030542,0.033926,0.012586,0.006038,0.0036481,0.0023599,0.0016067,0.00086692,0.00095751,0.029334,0.0055043,0.0053175,0.0066939,0.006468,0.0069076,0.0093326,0.0095878,0.0084056,0.084687,0.033688,0.012111,0.0066876,0.0039789,0.0025731,0.0021051,0.0015164,0.012434,0.0023149,0.0026512,0.0020116,0.0022204,0.0027935,0.0032667,0.0042089,0.0062083,0.013543,0.012303,0.0039408,0.0022126,0.0012412,0.0010008,0.00041242,0.00035287,0.0046578,0.0020553,0.0024928,0.0023999,0.0026824,0.0028596,0.0035638,0.0044942,0.009255,0.051095,0.011366,0.00437,0.0024918,0.0015399,0.0013136,0.00097945,0.00095369,0.0017357,0.01039,0.010959,0.012064,0.013246,0.01635,0.021373,0.032821,0.09624,0.2781,0.027446,0.017719,0.013223,0.0099446,0.0097066,0.0090017,0.0080949,0.00054934,0.00027073,0.00010444,0.00072836,0.00095972,0.0010482,0.0018827,0.002633,0.0045497,0.041919,0.0076141,0.0025037,0.0012464,0.0011761,0.00086735,0.00074556,0.00040436,0.0050031,0.0026221,0.002671,0.0028448,0.0030962,0.0040373,0.0048364,0.0087779,0.01914,0.057694,0.0056857,0.0035857,0.0027175,0.0022249,0.0015781,0.0015165,0.0015583
0.0016651,0.00050009,0.00054727,0.0012663,0.0022852,0.0025041,0.0034239,0.0070011,0.04354,0.060736,0.0095032,0.0040832,0.003612,0.0032272,0.0021865,0.0027823,0.0031529,0.0044289,0.0017271,0.0015312,0.0016935,0.0021106,0.0029835,0.0034543,0.0049879,0.014693,0.014089,0.010388,0.0040604,0.0025488,0.0016885,0.0011916,0.0011463,0.0013085,0.0018406,0.0018796,0.0016369,0.0018103,0.0018503,0.0021421,0.0022992,0.0043597,0.013233,0.027725,0.016237,0.0047529,0.0022712,0.0011556,0.00074473,0.00038451,0.00021937,0.02569,0.025774,0.028968,0.030847,0.037202,0.046431,0.064162,0.10818,0.33862,0.42327,0.12234,0.075521,0.056913,0.048404,0.043306,0.041051,0.039385,0.0073835,0.0014804,0.0015312,0.0019072,0.0013797,0.0021282,0.0032415,0.0038557,0.014161,0.011744,0.008565,0.0040322,0.0034427,0.0023674,0.0024884,0.0021487,0.0023137,0.0039521,0.0047242,0.0047694,0.0054358,0.0058333,0.0066178,0.0087353,0.012234,0.039855,0.038762,0.013827,0.0063666,0.0037347,0.0022206,0.0012229,0.00071176,0.00014497,0.036193,0.012632,0.013438,0.0039273,0.014534,0.018523,0.0081576,0.026354,0.068201,0.093172,0.059882,0.032027,0.0096545,0.0075357,0.012868,0.0072952,0.0029355,0.010941,0.0030508,0.003468,0.00025516,0.0036016,0.0052289,0.0016919,0.006136,0.0199,0.030339,0.013696,0.0092852,0.0031209,0.0025039,0.0038072,0.0029582,0.0013619,0.0017605,0.0030811,0.0028923,0.0010393,0.0046658,0.0033212,0.0036802,0.011816,0.0066253,0.022252,0.031956,0.0077277,0.0049548,0.0072472,0.0036636,0.0036892,0.0057545,0.021098,0.0083402,0.0091732,0.010244,0.011592,0.014673,0.020451,0.038313,0.10137,0.19848,0.047368,0.02765,0.020492,0.017011,0.015134,0.01475,0.013254,0.00068665,0.00086232,0.00096236,0.00077133,0.0015955,0.0017857,0.0019754,0.0028188,0.0084858,0.053882,0.0038405,0.0018912,0.0012977,0.0010363,0.0017712,0.00082589,0.0010338,0.0010262,0.0028595,0.003335,0.0034407,0.003665,0.0048658,0.0058866,0.0078939,0.026704,0.055455,0.0099981,0.0043979,0.0027267,0.0019168,0.0015519,0.0013346,0.0011521
0.00081254,0.00015021,0.00043073,0.001864,0.0015817,0.0026856,0.0047179,0.010818,0.0061967,0.04751,0.0067126,0.00274,0.0028049,0.0044944,0.0021513,0.0021871,0.0023651,0.0027562,0.0013012,0.0013526,0.0015885,0.0011394,0.0022313,0.0028564,0.0035461,0.006919,0.020757,0.0070529,0.0027347,0.0015557,0.001071,0.00059633,0.0003954,0.00036429,0.0048772,0.0017459,0.0019918,0.0021225,0.0021628,0.002461,0.0028085,0.0042421,0.013605,0.032502,0.012239,0.0043284,0.00223,0.0016012,0.00072547,0.00063231,0.0002346,0.021694,0.023877,0.02525,0.028272,0.032898,0.041549,0.058853,0.09869,0.31814,0.24754,0.1059,0.069374,0.053326,0.044854,0.040945,0.03735,0.036412,0.0038796,0.00058501,0.0010492,0.0016249,0.0015133,0.0018194,0.0026079,0.0050452,0.014045,0.011296,0.0066572,0.0039982,0.0031267,0.0025329,0.0026758,0.0014305,0.0026665,0.005684,0.0049376,0.0050746,0.0054873,0.0064984,0.0072797,0.0093631,0.013911,0.034637,0.046837,0.012485,0.0065809,0.003827,0.0023209,0.001754,0.00097289,0.00083543,0.02882,0.0052885,0.0060998,0.0060783,0.0075875,0.00922,0.012726,0.023387,0.028258,0.087182,0.044736,0.023407,0.016484,0.013071,0.011407,0.010436,0.010784,0.0087606,0.00051492,0.00048184,0.00085934,0.0013077,0.001478,0.0020647,0.0030159,0.01033,0.034135,0.010805,0.0054758,0.0039511,0.0032254,0.0031771,0.0029058,0.0028782,0.0019818,0.00022585,0.0001522,0.00027435,0.00044173,0.00055996,0.0010237,0.0027803,0.0057145,0.044596,0.0067181,0.002925,0.0018652,0.0014271,0.0012521,0.001291,0.0012264,0.0019875,0.013747,0.014827,0.015539,0.017238,0.020253,0.026639,0.038714,0.12298,0.19842,0.038145,0.021627,0.013778,0.010845,0.0068959,0.0065409,0.0083238,0.0012207,0.0012134,0.00052138,0.00060153,0.00016248,0.00047465,0.0010534,0.0019538,0.002054,0.04059,0.0051847,0.0027336,0.0018613,0.0018702,0.0008416,0.0008938,0.00096131,0.0053922,0.003698,0.003769,0.0038037,0.0040227,0.0052508,0.0069108,0.011116,0.028452,0.065122,0.014282,0.0074191,0.0051694,0.0041012,0.0033747,0.0031275,0.0031643
0.0026207,0.00039808,0.0014065,0.0010379,0.0014421,0.0026017,0.0036622,0.0066274,0.033338,0.048024,0.0084331,0.0029373,0.0020083,0.0011405,0.0016785,0.001484,0.001606,0.0053178,0.0013595,0.0015771,0.0018251,0.0010737,0.0017168,0.0026378,0.0040321,0.010572,0.010149,0.0074525,0.0026788,0.0014257,0.00099058,0.00077221,0.00030531,0.00040816,0.0013237,0.0012363,0.0014473,0.0013215,0.0013224,0.0014363,0.0021129,0.0042546,0.0075539,0.025307,0.012367,0.0033369,0.0016714,0.0007372,0.00073173,0.00046886,0.00049593,0.025408,0.024082,0.026649,0.029722,0.034566,0.043426,0.0586,0.099029,0.28092,0.38815,0.11464,0.072252,0.055277,0.046035,0.041517,0.039026,0.037974,0.0076657,0.0015541,0.0015298,0.0015059,0.0017258,0.0018307,0.0030249,0.0045855,0.012698,0.013824,0.0059114,0.003657,0.002668,0.0021204,0.0019619,0.002217,0.0014553,0.0042763,0.0042454,0.0042106,0.0045366,0.0053023,0.0062206,0.0078763,0.010872,0.029315,0.016297,0.0093211,0.0048122,0.0028658,0.0018504,0.0012417,0.00071496,0.00048447,0.024456,0.008178,0.0084656,0.0086067,0.010544,0.011363,0.014138,0.020339,0.056705,0.084246,0.05488,0.023161,0.015344,0.011606,0.009453,0.0099938,0.0096094,0.013872,0.0031273,0.0037611,0.0042533,0.0039353,0.0051884,0.0059906,0.0085617,0.014849,0.026722,0.017746,0.0063717,0.0036112,0.002188,0.0013716,0.00087463,0.0005894,0.0032254,0.00018275,0.00022421,0.0003011,0.0003397,0.00041107,0.00048617,0.001291,0.0042532,0.044111,0.0060193,0.0023389,0.0014181,0.001127,0.00084565,0.0010757,0.00095943,0.050429,0.0020864,0.038354,0.0027962,0.046038,0.003611,0.06744,0.0081019,0.22697,0.12346,0.12945,0.0041977,0.042576,0.0013883,0.025364,0.00064153,0.021239,0.0042191,0.0010173,0.0033952,0.0008614,0.0044619,0.00088129,0.0074184,0.0022942,0.025803,0.028436,0.027554,0.0025103,0.010024,0.0012503,0.0079861,0.0010168,0.0061189,0.0058137,0.00016718,0.0029326,0.00025496,0.0034137,0.00060043,0.0041747,0.002081,0.011352,0.03503,0.016397,0.0019334,0.0044597,0.0011166,0.0026947,0.00099677,0.0022431
0.0013905,0.0017681,0.00097306,0.0016467,0.0021486,0.0032227,0.0037777,0.0076362,0.018253,0.045358,0.013554,0.0048218,0.0036541,0.0038206,0.0027628,0.0027549,0.0024548,0.0044995,0.0017072,0.0010382,0.0013835,0.001829,0.001854,0.0018515,0.002803,0.008071,0.015132,0.0083834,0.003104,0.0019755,0.0017259,0.0014286,0.001366,0.0014095,0.003645,0.0011494,0.0012731,0.0013009,0.0017855,0.0019357,0.0022255,0.0041707,0.0078315,0.011137,0.01266,0.0029136,0.0017699,0.00096752,0.00098502,0.00084451,0.00071527,0.029974,0.034656,0.036145,0.03909,0.043997,0.051018,0.06746,0.10455,0.26599,0.42455,0.092004,0.053983,0.038015,0.028974,0.025092,0.020405,0.020113,0.0046235,0.0016827,0.0022608,0.0020836,0.0021204,0.0029399,0.0027714,0.0049016,0.010936,0.015473,0.00694,0.0034388,0.0015467,0.001122,0.0014821,0.00036408,0.000103,0.0028229,0.0030234,0.0028017,0.0030336,0.0030671,0.0038568,0.0056722,0.0082046,0.02266,0.068189,0.0086013,0.0045264,0.0032554,0.0026132,0.0022927,0.0021065,0.0020905,0.041304,0.010274,0.010988,0.011213,0.012885,0.014293,0.016824,0.020732,0.051705,0.13779,0.061308,0.0206,0.01123,0.0082971,0.0027933,0.0022046,0.00062752,0.0072251,0.0023373,0.0028946,0.0027058,0.0028859,0.0032903,0.0042182,0.0066482,0.01185,0.055177,0.020546,0.0077013,0.0046392,0.0035823,0.0028786,0.0026955,0.0026894,0.0031853,0.00026806,0.00042188,0.0006066,0.00089356,0.0013638,0.0020621,0.0043315,0.0068528,0.020118,0.01166,0.0056696,0.004175,0.0034625,0.0028734,0.002746,0.0025635,0.0032063,0.010773,0.011645,0.011924,0.014457,0.016282,0.021114,0.032855,0.093881,0.10117,0.035614,0.019504,0.013477,0.010776,0.0075624,0.0073965,0.0064221,0.0034657,0.00040615,0.00056878,0.00045443,0.00025902,0.00033048,0.00060545,0.001539,0.0056822,0.049581,0.0042622,0.0018623,0.0014904,0.00093583,0.0012242,0.00054129,0.0010052,0.0042592,0.0011921,0.0013958,0.0013165,0.0021648,0.0020766,0.0029252,0.0051875,0.015067,0.080666,0.0070023,0.0036586,0.0026351,0.0022053,0.0018768,0.0018719,0.0019283
0.0015507,0.0014167,0.0013708,0.00094816,0.0018288,0.0011263,0.0027884,0.0056775,0.010078,0.017876,0.01608,0.006476,0.0046478,0.0052877,0.0037243,0.0036366,0.0037099,0.0035401,0.00075052,0.00076269,0.0001525,0.0015136,0.00063958,0.0012146,0.0022892,0.0050382,0.0068313,0.0123,0.004764,0.003472,0.0029544,0.0024534,0.0022451,0.002285,0.0028172,0.00041066,0.00059548,0.00074366,0.00084483,0.0012362,0.0018438,0.0026573,0.0058208,0.01618,0.01955,0.0060528,0.0042249,0.0032307,0.0029899,0.0027534,0.0027256,0.017277,0.034011,0.017536,0.037803,0.031189,0.041984,0.071016,0.053032,0.3447,0.026658,0.14515,0.050441,0.053541,0.049569,0.021254,0.049445,0.0055505,0.0081083,0.0020872,0.0015585,0.001911,0.0021557,0.0028128,0.0042964,0.0030259,0.019874,0.0039525,0.0078385,0.0033786,0.0018423,0.0022442,0.00090359,0.0022326,0.00019646,0.0016041,0.00084024,0.0016091,0.002323,0.0002632,0.0035799,0.0034496,0.0047278,0.024792,0.011651,0.0070492,0.0060946,0.0022983,0.0035912,0.0026222,0.0018212,0.002985,0.026377,0.0055662,0.0061472,0.0056243,0.0072588,0.0081919,0.0089663,0.014241,0.025953,0.062882,0.05553,0.020666,0.013407,0.009184,0.0090432,0.007549,0.0090887,0.011244,0.00060383,0.00054669,0.0010148,0.0010481,0.001321,0.0017409,0.0031886,0.0045129,0.0070193,0.017907,0.0070158,0.0046379,0.0036884,0.0031573,0.0029685,0.0029698,0.001667,0.00096358,0.0011889,0.0014301,0.0016389,0.0022459,0.0032566,0.0045753,0.0091154,0.045133,0.020276,0.0083028,0.0057208,0.0046039,0.0039549,0.0037385,0.003727,0.019171,0.0047385,0.0052284,0.0047243,0.0055533,0.0062674,0.0088398,0.012048,0.036508,0.29513,0.0056566,0.004471,0.0027982,0.0027626,0.001276,0.0012361,0.00031089,0.00017167,0.0020615,0.0018157,0.0022841,0.0016883,0.0021115,0.0025058,0.0039638,0.0078528,0.044105,0.0085499,0.0026854,0.0015891,0.00099628,0.001024,0.00058654,4.5788e-05,0.00037194,0.0026299,0.0027331,0.0028472,0.0034092,0.0036631,0.0048762,0.0074268,0.014317,0.036147,0.0073925,0.0036106,0.0021108,0.0012789,0.00073675,0.00035282,9.7275e-05
0.002697,0.0019182,0.0018699,0.0026011,0.003274,0.0037543,0.0049706,0.0081148,0.032983,0.037551,0.022548,0.0079494,0.0059198,0.0059285,0.0040387,0.0042277,0.0037575,0.0041638,0.00058979,0.00058989,0.0009524,0.00136,0.0022838,0.0022982,0.0033828,0.011613,0.0047011,0.014837,0.0053013,0.0042628,0.0027758,0.0028651,0.0027635,0.0021954,0.0022068,0.0011799,0.0011814,0.0013374,0.0015106,0.0019534,0.0025915,0.0033685,0.010972,0.017097,0.02319,0.0071876,0.0048189,0.0041521,0.0034761,0.0031493,0.0033093,0.027499,0.027981,0.029991,0.032712,0.037016,0.04559,0.059933,0.098576,0.25929,0.46847,0.090613,0.059356,0.043854,0.036155,0.032053,0.028251,0.028754,0.0040608,0.00094988,0.0019227,0.0017449,0.0023403,0.0020819,0.0036477,0.0046968,0.012502,0.014041,0.0072391,0.0030904,0.0019975,0.0013632,0.0011812,0.0015647,0.0012341,0.0037175,0.003396,0.0034819,0.0037614,0.00408,0.0053027,0.0068831,0.0092951,0.028548,0.055484,0.011601,0.0050687,0.003644,0.0028931,0.0023316,0.0018634,0.0019818,0.030591,0.0027814,0.0026482,0.0028595,0.0038243,0.0038599,0.004431,0.0069757,0.020464,0.1387,0.03164,0.013887,0.0090664,0.007285,0.008515,0.0055067,0.0061837,0.011692,0.0010588,0.0011561,0.00096165,0.001493,0.0013788,0.001626,0.0018793,0.0039286,0.045483,0.0044916,0.0015695,0.001071,0.00065409,0.00030766,0.00014261,5.3398e-05,0.0045186,0.0023466,0.002266,0.0025363,0.0026017,0.0037036,0.0043286,0.0063826,0.016114,0.015138,0.022919,0.0085171,0.0058467,0.004554,0.0042245,0.0035155,0.0035916,0.0086252,0.0039682,0.0040435,0.0047809,0.0066385,0.0082528,0.011801,0.021599,0.062548,0.10953,0.028166,0.0165,0.012216,0.011301,0.01137,0.008421,0.0093729,0.0013485,0.0010267,0.00095432,0.00077187,0.0008123,0.0012061,0.0013515,0.0024183,0.0049113,0.053351,0.003039,0.0011459,0.00092522,0.00062514,0.00049401,0.0011954,0.00075722,0.0032349,0.0010135,0.0011843,0.00127,0.0019487,0.0017957,0.0031278,0.0046829,0.017605,0.073673,0.0079489,0.0041507,0.0032793,0.0028575,0.0026529,0.0023743,0.0023423
0.00072289,0.0038342,0.0016509,0.0038502,0.0034972,0.0047227,0.0063435,0.010048,0.020234,0.017784,0.024524,0.0092934,0.0065549,0.0031688,0.0040756,0.0038642,0.0031529,0.0028096,0.001578,0.00040854,0.0018164,0.0011168,0.0018894,0.002764,0.0037114,0.0087295,0.009919,0.012056,0.0042283,0.0030774,0.0022846,0.0021513,0.0019895,0.0019398,0.0044461,0.0014455,0.0017427,0.0015606,0.0019001,0.0024033,0.0030489,0.0048859,0.016537,0.018287,0.021199,0.0070047,0.0048658,0.0037402,0.0032233,0.0028806,0.0028553,0.038924,0.037559,0.038878,0.041618,0.04633,0.054811,0.070015,0.10494,0.27228,0.24776,0.08375,0.04747,0.031555,0.021744,0.017179,0.015431,0.013243,0.009535,0.0018277,0.0022708,0.0025439,0.0025763,0.0029093,0.0038116,0.0048676,0.013536,0.015078,0.0056109,0.0023244,0.0014709,0.0010089,0.0011055,0.0001162,0.00080683,0.0021267,0.0025024,0.0025238,0.0029661,0.0031334,0.0040981,0.0052429,0.010293,0.023519,0.041114,0.0096399,0.0060096,0.0046987,0.0035401,0.0034728,0.0030746,0.0031643,0.039513,0.0073068,0.0055951,0.0044365,0.0067391,0.012269,0.016944,0.016112,0.016165,0.045587,0.079756,0.038193,0.018751,0.0056272,0.0060644,0.012992,0.01527,0.0095369,0.0029151,0.0039037,0.0035129,0.0020126,0.0027366,0.0058302,0.0082247,0.0078557,0.020514,0.020885,0.0087469,0.0028493,0.00046464,0.002228,0.0016838,0.00054551,0.0013561,0.001341,0.0012944,0.00089914,0.00066743,0.0024167,0.0049811,0.0077611,0.012143,0.027662,0.026802,0.016041,0.009735,0.00354,0.0022149,0.0061173,0.007433,0.01309,0.001505,0.002359,0.0032589,0.0051053,0.0071371,0.010772,0.020433,0.057901,0.2703,0.035566,0.019946,0.016531,0.013122,0.012617,0.010726,0.010439,0.0011311,0.0008279,0.00059437,0.00020377,0.00084627,0.00098477,0.0012227,0.0023849,0.0035482,0.041964,0.0052568,0.0021675,0.00080924,0.0012584,0.00041831,0.00025029,4.3876e-05,0.0023594,0.00014369,0.00049708,0.00075461,0.0012963,0.0017898,0.002923,0.0066601,0.015935,0.054072,0.0095321,0.0054185,0.0043385,0.0036689,0.0031387,0.0030521,0.0030346
0.0064698,0.0038773,0.0047577,0.0037732,0.0053562,0.005607,0.0081797,0.011071,0.022828,0.032738,0.023207,0.0089247,0.0049591,0.0039421,0.0015834,0.0017819,0.0018692,0.0069028,0.0013022,0.0019129,0.001419,0.0018238,0.0016418,0.0028342,0.0036396,0.0087648,0.010609,0.0088001,0.0033416,0.002126,0.0018259,0.0010257,0.0011297,0.001276,0.0015164,0.0019504,0.0017845,0.0019525,0.0022575,0.0027666,0.0034515,0.0038945,0.0098009,0.014342,0.018305,0.0051743,0.0031519,0.0021804,0.0019481,0.0015476,0.0015469,0.033261,0.035952,0.03708,0.040672,0.044077,0.051609,0.067236,0.10007,0.24019,0.43657,0.086046,0.047265,0.03072,0.021242,0.016548,0.014261,0.013455,0.0044099,0.0017229,0.0021633,0.0022763,0.0021698,0.0026759,0.0029337,0.0046194,0.010753,0.015932,0.0055251,0.0030798,0.0019847,0.0014349,0.0018631,0.00060845,0.0010796,0.0012207,0.00074563,0.0011345,0.001268,0.0018604,0.0025683,0.0039674,0.0082365,0.023415,0.034109,0.010225,0.007171,0.0056367,0.0047356,0.0043584,0.0041376,0.004139,0.024697,0.0078958,0.0080457,0.0090474,0.0097992,0.011477,0.015565,0.02304,0.045329,0.10264,0.071182,0.028679,0.019391,0.014249,0.014066,0.012895,0.012341,0.014126,0.0037177,0.0042874,0.0043386,0.00439,0.0052243,0.0063208,0.0086232,0.01596,0.037437,0.02296,0.0076249,0.0041792,0.0027722,0.0016517,0.0012181,0.0011292,0.0024567,7.9243e-05,0.00014691,0.00040127,0.00060932,0.0011641,0.0016725,0.0027114,0.0064178,0.036578,0.011442,0.0049722,0.0035322,0.0028438,0.0024159,0.0024357,0.0024224,0.017781,0.0056841,0.0052452,0.0066476,0.0074004,0.0099463,0.013913,0.020988,0.056217,0.19347,0.036714,0.021836,0.016841,0.013502,0.012337,0.012013,0.010304,0.00062181,0.00023817,0.00068401,0.0010779,0.00048332,0.00078967,0.0010781,0.0010687,0.0045892,0.054238,0.002842,0.00057084,0.00024938,0.00064527,0.001357,0.00065366,0.00034714,0.00044823,0.0021845,0.0023134,0.0026734,0.0028885,0.0036895,0.004706,0.0078279,0.019799,0.054351,0.012713,0.0066029,0.0045991,0.003672,0.0030934,0.0029956,0.0027714
0.0015869,0.0040274,0.0044103,0.003524,0.0044,0.0055721,0.0065347,0.011192,0.029185,0.025244,0.020588,0.0060017,0.0034416,0.0031963,0.00079428,0.0010069,0.00012207,0.0043488,0.0011909,0.0011336,0.0012324,0.0016958,0.0018101,0.0022252,0.0033482,0.0093908,0.0086043,0.0075082,0.0022265,0.0012108,0.0009772,0.00040495,0.00044813,0.00025558,0.0049401,0.0019519,0.0020411,0.0020907,0.0022816,0.0028847,0.0031748,0.0038591,0.011365,0.010704,0.014542,0.0039226,0.0022892,0.001192,0.0011971,0.0008491,0.00076294,0.026915,0.023747,0.02523,0.02806,0.033356,0.041029,0.055325,0.091551,0.25042,0.36938,0.10098,0.064505,0.048784,0.040449,0.035815,0.035516,0.033557,0.0064069,0.00050583,0.0012548,0.00036439,0.00083722,0.0015225,0.0024918,0.0039253,0.0098329,0.017574,0.0072604,0.0034327,0.0029023,0.0026271,0.0020681,0.0018308,0.0017071,0.0011234,0.0012539,0.0012997,0.0017268,0.0021634,0.0026498,0.0039357,0.0068059,0.022505,0.067408,0.0069382,0.0061026,0.0048374,0.0041019,0.0036088,0.0034313,0.0035344,0.042084,0.011331,0.011225,0.012125,0.013214,0.015641,0.018932,0.02743,0.045422,0.10339,0.062948,0.024089,0.014207,0.0085299,0.008012,0.0083193,0.0072671,0.0061208,0.003601,0.0037438,0.0040647,0.0045457,0.0050545,0.0058564,0.0078733,0.014584,0.040259,0.020726,0.0070095,0.0038898,0.0022477,0.0014173,0.00069724,0.00026512,0.0020733,0.00099915,0.00095573,0.0010055,0.0011006,0.0014084,0.001698,0.0015251,0.0033936,0.030814,0.0095956,0.0039871,0.0025591,0.0019608,0.0016213,0.001478,0.0015049,0.0042954,0.010413,0.011134,0.011477,0.012689,0.015533,0.019995,0.030293,0.074428,0.17186,0.032282,0.015944,0.010586,0.0082242,0.0065121,0.0059907,0.0045472,0.0039788,0.00087476,0.00092538,0.00057709,0.0013,0.0011551,0.0015116,0.0020607,0.0041823,0.043954,0.0055766,0.0015839,0.00079631,0.00032117,0.00072717,0.00069322,0.00024797,0.0053445,0.0028741,0.0030274,0.0031765,0.0034074,0.0041876,0.005266,0.0073933,0.018963,0.072639,0.011145,0.0049188,0.0030478,0.0023353,0.0018464,0.001623,0.0014649
0.0058881,0.004919,0.004782,0.0046519,0.0051653,0.0060005,0.0077145,0.011828,0.014261,0.014355,0.022043,0.0084628,0.005781,0.0053788,0.0039153,0.0029238,0.0028782,0.0044671,0.0018158,0.0017506,0.0016756,0.0012562,0.0023127,0.002333,0.004108,0.0073995,0.01318,0.0086052,0.0033628,0.0021364,0.0016359,0.0016117,0.0012865,0.0014115,0.0007477,0.0023151,0.0024392,0.0026319,0.0031056,0.0037276,0.0045151,0.0074659,0.016325,0.0046606,0.01938,0.0072472,0.004886,0.0036682,0.0031361,0.0031069,0.0029107,0.010971,0.012949,0.015877,0.018308,0.023433,0.032334,0.048854,0.085384,0.26464,0.31473,0.1066,0.073153,0.05701,0.048942,0.044086,0.040741,0.040169,0.006527,0.00024428,0.00050393,0.00060619,0.0012189,0.0015378,0.0026764,0.0036038,0.013763,0.013999,0.007299,0.0034529,0.0029487,0.0023551,0.0026858,0.0026965,0.0016976,0.0016327,0.0021466,0.0021797,0.0022726,0.0029643,0.0032397,0.0046861,0.0078259,0.024694,0.0071741,0.0038313,0.0036754,0.0029793,0.0025836,0.0024135,0.0020546,0.001915,0.025441,0.0073755,0.0075029,0.0079602,0.0089197,0.010508,0.013073,0.017745,0.032713,0.080045,0.041763,0.017914,0.01138,0.0075418,0.0076548,0.0072564,0.0060197,0.011923,0.00097051,0.0013588,0.0015171,0.0015994,0.0019571,0.0030955,0.0040109,0.0073237,0.022591,0.013871,0.0062493,0.0043285,0.0036247,0.0030081,0.0028394,0.0027905,0.002081,0.00042682,0.00062233,0.00056224,0.00098052,0.0011088,0.0015237,0.0026546,0.006807,0.052289,0.012651,0.0051743,0.0034936,0.0028255,0.0023511,0.00224,0.0021839,0.012921,0.026135,0.043856,0.042513,0.022006,0.014426,0.059999,0.11276,0.184,0.20039,0.064486,0.062789,0.041617,0.018301,0.0051984,0.012907,0.017391,0.0010224,0.0036826,0.0053679,0.004483,0.0024417,0.0030859,0.0087963,0.012858,0.011218,0.040794,0.01381,0.0098272,0.0045988,0.00079608,0.0019662,0.0028725,0.0022622,0.003418,0.0010312,0.001055,0.00044841,0.00066248,0.0021792,0.0039924,0.0058407,0.014146,0.027057,0.014476,0.011268,0.0071573,0.0029371,0.0020895,0.0045466,0.0054398
0.0034295,0.0039208,0.0036837,0.004553,0.0045034,0.0056062,0.0069491,0.010915,0.047476,0.032035,0.024822,0.010264,0.0072005,0.0050052,0.0053229,0.0036525,0.0046502,0.0029145,0.0018381,0.0017786,0.0016136,0.002546,0.0027177,0.0038362,0.0048532,0.012732,0.0097902,0.012544,0.0048611,0.0032695,0.0027029,0.0020607,0.0017507,0.0019646,0.0059072,0.0028889,0.003045,0.0032604,0.0034442,0.0044,0.0055221,0.0087078,0.012392,0.015631,0.020946,0.0074625,0.0051652,0.0038848,0.0032313,0.0029505,0.0029545,0.0072995,0.0071327,0.010685,0.012779,0.021588,0.032465,0.05289,0.096288,0.31285,0.46228,0.12166,0.082891,0.066099,0.056151,0.052075,0.050332,0.048976,0.0058576,0.00080083,0.00097496,0.001017,0.001643,0.0012245,0.002072,0.0035134,0.011497,0.014873,0.0057219,0.0033557,0.0027905,0.0017497,0.0024191,0.0018557,0.0025616,0.0034028,0.0031763,0.0030541,0.0035901,0.0039759,0.0048534,0.0058642,0.010754,0.033437,0.065937,0.005073,0.0058448,0.0038277,0.0033102,0.0030649,0.0030362,0.0027085,0.03171,0.00088158,0.0014487,0.00099604,0.0013856,0.0015007,0.0026786,0.0048854,0.019644,0.14672,0.019655,0.0092005,0.0060351,0.0053207,0.0046542,0.00399,0.003954,0.008732,0.00036891,0.00054557,0.00018496,0.0012196,0.00084598,0.00095493,0.0013179,0.0050533,0.045654,0.0031686,0.00081303,0.00060922,0.00053282,0.00042951,0.00052885,0.00049973,0.0062314,0.0039578,0.0041943,0.0045726,0.0049392,0.0058603,0.007628,0.0090782,0.016168,0.011509,0.017256,0.007425,0.0045655,0.0030502,0.0022843,0.0020367,0.0016766,0.0088159,0.0035495,0.0045279,0.0044865,0.006351,0.0082923,0.012633,0.020641,0.091073,0.091478,0.010109,0.013582,0.011024,0.010369,0.0090743,0.0072249,0.0063592,0.0016861,0.0008467,0.00088841,0.0014965,0.0010313,0.0012247,0.0019543,0.0034685,0.009216,0.049091,0.0083958,0.0040307,0.0033237,0.0030128,0.0022721,0.0016961,0.0017624,0.0024472,0.00047577,0.00063915,0.00091092,0.0017613,0.0021672,0.0035179,0.0069375,0.023442,0.07814,0.007109,0.0058075,0.0047151,0.0039181,0.0039022,0.0033908,0.003481
0.0076333,0.0042941,0.0045215,0.005009,0.0057069,0.0063299,0.0083684,0.012806,0.034232,0.015948,0.022381,0.0095829,0.0061202,0.0066775,0.002532,0.0028444,0.0021172,0.00692,0.0019062,0.001928,0.0020327,0.0020632,0.002746,0.0033885,0.0047052,0.011478,0.01104,0.010154,0.0039702,0.0024934,0.0018446,0.0017552,0.0013108,0.0012245,0.00042726,0.0034555,0.0033532,0.003526,0.0042,0.0047493,0.0059298,0.0086085,0.022595,0.010984,0.020854,0.0074301,0.0046192,0.0035826,0.0024929,0.0024143,0.0023575,0.0044175,0.0035448,0.0075323,0.012611,0.018424,0.028331,0.045578,0.085358,0.26147,0.25886,0.11221,0.075237,0.059879,0.051006,0.046827,0.04324,0.044099,0.0072995,0.00031648,0.00074509,0.00093504,0.0011839,0.0014684,0.0021583,0.0040315,0.013962,0.015341,0.0052261,0.0032816,0.0027424,0.0024221,0.0018662,0.0024051,0.0013256,0.0025521,0.0032039,0.0035947,0.003787,0.0041766,0.0049274,0.0064181,0.009259,0.026721,0.032215,0.0064337,0.0037425,0.0025155,0.0019431,0.0013301,0.0010608,0.0008774,0.0348,0.0050892,0.0045837,0.0050981,0.0049032,0.006223,0.0073659,0.012233,0.021514,0.071216,0.039768,0.016248,0.010475,0.0088034,0.0065445,0.0065849,0.0051404,0.01047,0.00062168,0.00083517,0.00091921,0.00063746,0.0012366,0.001929,0.0032301,0.0068708,0.0098772,0.012622,0.0059471,0.0041919,0.003432,0.0029184,0.0026618,0.0026112,0.00071717,0.0016211,0.0017914,0.0019206,0.0021994,0.0023812,0.0033585,0.005259,0.010481,0.050361,0.012208,0.0043974,0.0029208,0.0020824,0.0015091,0.0013379,0.0014344,0.020563,0.005624,0.0055563,0.0070689,0.0083412,0.011018,0.016548,0.029987,0.077647,0.30224,0.032611,0.021969,0.017075,0.014486,0.012162,0.0122,0.013201,0.0038377,0.00061678,0.00030842,0.00027243,0.00069127,0.00071454,0.0013603,0.001924,0.0027594,0.04276,0.0064733,0.002228,0.0015026,0.0012615,0.00026209,0.00071987,0.00033187,0.00019457,0.001694,0.0019077,0.0021636,0.0023992,0.0029499,0.0037786,0.0057904,0.017735,0.048836,0.0062487,0.0037173,0.0027609,0.0023327,0.0018835,0.0018784,0.001873
0.0031376,0.006396,0.0065019,0.0072757,0.0071672,0.0088476,0.011213,0.015839,0.037591,0.027797,0.026852,0.010518,0.0060444,0.0032856,0.0032792,0.003509,0.0034428,0.002821,0.0027285,0.0025981,0.0026994,0.0029087,0.0030284,0.0037089,0.00562,0.014121,0.0077094,0.010271,0.0038094,0.0023649,0.0016892,0.00072644,0.00054936,0.00068095,0.0064717,0.0029016,0.0030479,0.0032494,0.0036097,0.0040214,0.0051664,0.0064967,0.015146,0.020254,0.017453,0.0057536,0.0032899,0.0018869,0.0015312,0.00099746,0.00084497,0.0077077,0.011729,0.014278,0.017993,0.025512,0.034712,0.053776,0.09707,0.29904,0.47,0.12314,0.083344,0.065859,0.056479,0.050943,0.048436,0.048377,0.0058099,0.001281,0.00037472,0.00060931,0.0018651,0.0022417,0.0023372,0.0038045,0.011629,0.015519,0.0052854,0.0033283,0.0022494,0.0019982,0.0018186,0.0012493,0.00098421,0.004057,0.0037014,0.0039746,0.0041216,0.0044503,0.0057925,0.0072459,0.012177,0.034416,0.042222,0.0079228,0.0051449,0.0033513,0.0028314,0.0021105,0.0018208,0.0017338,0.037852,0.0071377,0.007524,0.0082505,0.009107,0.010783,0.012949,0.018601,0.047587,0.14331,0.037505,0.016039,0.010168,0.0073616,0.0041161,0.0056382,0.0054265,0.0081674,0.0024953,0.0027401,0.0028115,0.0028827,0.0037139,0.0043304,0.0057821,0.01312,0.047291,0.012448,0.0044949,0.0025067,0.0015341,0.00091503,0.00046035,0.00026705,0.0029831,7.827e-05,0.00050889,0.00071175,0.0015301,0.0019856,0.0031722,0.0046545,0.016109,0.017909,0.01664,0.0077484,0.0057287,0.0048504,0.004175,0.003829,0.0039635,0.001894,0.012657,0.013369,0.013628,0.016117,0.018396,0.023788,0.035854,0.082899,0.18825,0.03911,0.01879,0.011144,0.0078849,0.006016,0.0039528,0.0057736,0.0016804,0.00035383,0.00049238,0.0017359,0.00074455,0.0012393,0.0017561,0.0030551,0.0086962,0.053295,0.0047228,0.003113,0.0023371,0.002341,0.0026002,0.001349,0.0019131,0.0039483,0.0013782,0.0015584,0.0016497,0.0020927,0.0023534,0.0038883,0.0072698,0.021833,0.059884,0.0079908,0.0044078,0.0036281,0.0033359,0.0028893,0.0024592,0.0025597
0.0072309,0.004905,0.0054684,0.0054392,0.0065325,0.0069546,0.0090206,0.015378,0.045869,0.040288,0.018662,0.0071929,0.0039289,0.0025446,0.0033749,0.001948,0.00089838,0.0079347,0.0019776,0.0021202,0.0020812,0.0025963,0.0033538,0.0036345,0.005252,0.014673,0.0098716,0.0079792,0.002859,0.0018283,0.0010621,0.00075536,0.0006229,0.00029372,0.0002327,0.0029065,0.0031795,0.0034984,0.003535,0.0044791,0.0051086,0.0071225,0.021985,0.0053739,0.013603,0.0047958,0.0028437,0.0016659,0.0010848,0.00065384,6.865e-05,0.018843,0.022085,0.019564,0.015491,0.03767,0.042189,0.021246,0.11998,0.42415,0.074649,0.12072,0.10863,0.045171,0.027371,0.061813,0.050265,0.0061398,0.0062142,0.00034586,0.00049926,0.0011092,0.0010521,0.0012292,0.0003016,0.0043562,0.016343,0.0084108,0.0043865,0.0034475,0.0013924,0.00084674,0.0018824,0.0022408,1.5251e-05,0.0084363,0.0059492,0.0023421,0.0084468,0.011067,0.0065182,0.0062014,0.024133,0.062451,0.029492,0.017879,0.015073,0.0072818,0.0025441,0.0058451,0.0050733,0.0024434,0.019865,0.012167,0.013907,0.016001,0.017365,0.019041,0.016655,0.012935,0.02708,0.050272,0.07799,0.046592,0.034479,0.024546,0.016813,0.0097322,0.0061322,0.015003,0.0053963,0.0053757,0.005025,0.0050427,0.0034573,0.002559,0.0017188,0.011715,0.019416,0.024646,0.013211,0.0094609,0.0074241,0.0057059,0.0048377,0.0044137,0.0017758,0.0017617,0.0024685,0.0033428,0.0043173,0.0053423,0.0061794,0.007717,0.012509,0.043816,0.0016554,0.0027675,0.0025782,0.0020964,0.0015173,0.0010006,0.00077251,0.019579,0.0058057,0.0063394,0.0072298,0.0085639,0.010957,0.015903,0.028144,0.094725,0.15215,0.031838,0.021017,0.015425,0.013857,0.013306,0.01085,0.010824,0.0013256,0.0020652,0.001918,0.0018838,0.0024325,0.0027371,0.0031621,0.004626,0.0082489,0.037621,0.0070307,0.0032498,0.0017917,0.0010401,0.0012207,0.00050528,0.00019263,0.0021172,0.0048269,0.0050036,0.0053355,0.0058325,0.0073378,0.0089361,0.013622,0.035151,0.068863,0.01712,0.0088966,0.0060507,0.004727,0.0036114,0.003339,0.0033379
0.0033169,0.0067948,0.0060112,0.0070566,0.0077796,0.0087797,0.011296,0.017811,0.036774,0.021692,0.018268,0.0084767,0.0046568,0.00443,0.001208,0.00098361,0.00057796,0.0028763,0.0020315,0.0014804,0.0017639,0.0016433,0.002251,0.0029287,0.0041873,0.01113,0.0065503,0.0063811,0.0024346,0.0012179,0.00081135,0.00078923,0.00057771,0.00038529,0.0062715,0.0031032,0.0033528,0.0034992,0.0041524,0.004418,0.0054915,0.0077642,0.020487,0.012223,0.012963,0.0045083,0.0026441,0.0015074,0.00066191,0.00052983,0.00012209,0.043254,0.039524,0.041936,0.044969,0.049284,0.058447,0.076079,0.11909,0.32415,0.26319,0.07962,0.04442,0.027815,0.018417,0.013185,0.0097794,0.0077115,0.0082685,0.0017953,0.0020015,0.0019903,0.0022084,0.0027047,0.003552,0.0050555,0.01491,0.012681,0.0058348,0.0022155,0.0013895,0.0010209,0.0012084,0.0014006,8.2016e-05,0.0011711,0.0016466,0.0018081,0.0019838,0.0024253,0.0031922,0.0043626,0.0080573,0.027886,0.0086188,0.0047291,0.0041882,0.0034686,0.0030589,0.002809,0.0026287,0.002388,0.040301,0.0097404,0.010453,0.010983,0.0121,0.014105,0.017337,0.02424,0.048343,0.12028,0.042813,0.016275,0.0087714,0.0058743,0.002629,0.0022752,0.00031089,0.0084687,0.0022517,0.0024976,0.0027059,0.002116,0.0032123,0.0039498,0.0050887,0.012242,0.047368,0.014163,0.0057547,0.0035027,0.0025509,0.002281,0.0020936,0.0019989,0.0015717,0.001231,0.0014015,0.0013969,0.00173,0.0015114,0.0019461,0.0037342,0.0032814,0.031525,0.0088718,0.0034119,0.002106,0.0014161,0.0012285,0.00104,0.00098038,0.00026131,0.015336,0.015264,0.017271,0.019699,0.023751,0.031208,0.047369,0.13025,0.2956,0.053061,0.031175,0.022732,0.01815,0.014734,0.014438,0.012907,0.0020905,0.0011493,0.00075416,0.0011523,0.00086969,0.0012719,0.0012934,0.0022047,0.0036646,0.051582,0.0021837,0.0014175,0.00066026,0.00055116,0.0003374,0.00096431,0.00071717,0.0040646,0.0015675,0.0016594,0.0016354,0.0023577,0.0023585,0.0034496,0.0068733,0.020353,0.041552,0.0050487,0.002949,0.002163,0.0019405,0.0015641,0.0015358,0.0014248
0.0073129,0.0061087,0.0060382,0.0054958,0.006354,0.0079751,0.0092919,0.013425,0.052635,0.038214,0.020514,0.0075726,0.00472,0.003427,0.0019801,0.0016618,9.1538e-05,0.0055028,0.0024493,0.0021537,0.0020424,0.0023538,0.0031172,0.0032593,0.0052003,0.012847,0.014894,0.0080089,0.0028667,0.00167,0.0012982,0.00069812,0.00048884,1.7155e-05,0.00057985,0.003037,0.0032988,0.0034412,0.0037943,0.0043009,0.0055594,0.0087721,0.014216,0.01038,0.01493,0.0053915,0.0029965,0.0018664,0.0012806,0.00073276,0.0010796,0.042351,0.045471,0.046486,0.049802,0.055468,0.066482,0.085125,0.131,0.35155,0.42955,0.096416,0.051465,0.031881,0.020717,0.013464,0.0083144,0.0057603,0.0049821,0.0019747,0.0017396,0.0020742,0.0019113,0.0035394,0.003178,0.0050981,0.013011,0.0133,0.0049691,0.0027755,0.0014663,0.0015169,0.0013384,0.00092823,0.00075532,0.0025502,0.0025675,0.003056,0.0031267,0.0036497,0.0042387,0.0060104,0.0090674,0.032203,0.065162,0.0064369,0.0056642,0.0043397,0.0033962,0.0035428,0.0032523,0.0031262,0.027071,0.0060099,0.0059804,0.00664,0.0079687,0.0093363,0.012072,0.018832,0.052889,0.099596,0.050557,0.02255,0.015693,0.013977,0.010643,0.010316,0.0095045,0.011366,0.0010071,0.0012072,0.0013425,0.0017389,0.002297,0.0033684,0.0046205,0.012779,0.031745,0.01546,0.0075841,0.0053667,0.0042466,0.0038439,0.0036238,0.0035572,0.00031091,0.0029473,0.0028497,0.0030957,0.0035002,0.0039401,0.0049749,0.0068983,0.013364,0.038834,0.013363,0.0054611,0.0034736,0.0023292,0.0019868,0.0015672,0.0014248,0.023081,0.0087532,0.0035024,0.0023195,0.0087294,0.014052,0.016005,0.0062429,0.064001,0.13255,0.03797,0.028474,0.017165,0.0065344,0.0045463,0.0085328,0.011397,0.004696,0.0038906,0.002877,0.00067284,0.0017531,0.0051699,0.0088478,0.01327,0.020828,0.034089,0.01005,0.010418,0.009252,0.0072748,0.0057808,0.0042923,0.0031128,0.010422,0.0066561,0.004376,0.00060962,0.0042207,0.0096518,0.015517,0.021987,0.04171,0.050346,0.010109,0.013689,0.013327,0.011355,0.0084973,0.0043142,0.0005417
0.0036717,0.0050169,0.0051159,0.005883,0.0067048,0.0073887,0.0095399,0.013498,0.039709,0.0016187,0.024603,0.0082282,0.00511,0.0043504,0.003511,0.0027034,0.0026303,0.0019016,0.0021936,0.0021801,0.002384,0.0029171,0.0027897,0.0033754,0.0052796,0.013138,0.0092532,0.010464,0.003569,0.0017747,0.0011606,0.00088757,0.00063541,0.0005436,0.0062886,0.0037165,0.0039562,0.0041398,0.0046306,0.0051919,0.0067552,0.0094771,0.022665,0.0036787,0.021336,0.0071001,0.0041082,0.0028415,0.0019642,0.0012966,0.0012531,0.040898,0.039491,0.041714,0.044633,0.049889,0.058432,0.07447,0.11299,0.28881,0.21689,0.07898,0.043816,0.027421,0.016973,0.010239,0.0043119,0.00058747,0.0079557,0.0018878,0.0021622,0.0025236,0.0023316,0.0025574,0.0034803,0.0055911,0.015082,0.012952,0.0055061,0.0027479,0.0017316,0.0014247,0.000694,0.0013338,0.00074198,0.00089837,0.00084388,0.001019,0.0014431,0.0018181,0.0026759,0.0040848,0.0075771,0.02305,0.040192,0.0068583,0.0051696,0.0041867,0.0038802,0.0034941,0.0033207,0.003172,0.028634,0.0038846,0.0041501,0.0042419,0.0054578,0.005499,0.0073294,0.010802,0.0090217,0.09572,0.038119,0.014946,0.0096037,0.0071428,0.0058573,0.0061874,0.0059053,0.011357,0.0014134,0.0012265,0.0012924,0.001609,0.0015719,0.001694,0.0023625,0.0018763,0.027093,0.0079077,0.0028217,0.0013132,0.00075419,0.00065309,0.00025671,3.4347e-05,0.0060254,0.0031743,0.0033995,0.0034301,0.0037523,0.0045085,0.0051968,0.0068668,0.016055,0.040353,0.018378,0.0058785,0.0032723,0.0019071,0.0012322,0.00062539,0.00032997,0.021513,0.0078573,0.0090752,0.009309,0.01016,0.013004,0.017826,0.027807,0.066332,0.28017,0.02615,0.015732,0.011839,0.0099036,0.007362,0.0075505,0.0074598,0.0010624,0.0010075,0.0012249,0.0010208,0.0011068,0.001495,0.001645,0.0024346,0.0060695,0.049886,0.0044017,0.0022623,0.0013963,0.0005091,0.0011149,0.0011755,0.00060464,0.0014553,0.0012544,0.0013505,0.0014721,0.0015845,0.0023681,0.003081,0.0057618,0.016085,0.060269,0.0059748,0.0033504,0.0027141,0.0023854,0.0021034,0.001926,0.0017529
0.0068399,0.0060672,0.0069279,0.0066121,0.008076,0.0092188,0.010857,0.015689,0.035528,0.026418,0.026529,0.0093765,0.0061336,0.0018552,0.0033726,0.0030323,0.0019722,0.0048142,0.0027443,0.0027414,0.0027426,0.0027927,0.0034237,0.0047668,0.005835,0.012467,0.013835,0.01341,0.0041805,0.0027959,0.0017054,0.0014434,0.0010798,0.0010033,0.0012741,0.0037921,0.0039446,0.0044821,0.0047008,0.0052237,0.0066064,0.0093598,0.016106,0.018733,0.023628,0.0070136,0.0045165,0.0028864,0.0021568,0.0016785,0.0014344,0.039773,0.041455,0.0424,0.046761,0.051901,0.061078,0.078363,0.11904,0.32153,0.44182,0.082359,0.047953,0.030565,0.021021,0.014033,0.011683,0.00972,0.0050088,0.002297,0.0021677,0.0012928,0.0020865,0.0028599,0.0033244,0.0055122,0.012806,0.014421,0.0050102,0.0026328,0.0020552,0.0016705,0.0011837,0.00090396,0.0009575,0.0013084,0.00052847,0.0008538,0.0012442,0.0016758,0.0025816,0.0039318,0.0075429,0.026946,0.047887,0.0061955,0.0059957,0.005028,0.0044368,0.0038393,0.0037263,0.0037728,0.036759,0.0026887,0.0032684,0.002829,0.0031567,0.004018,0.0051247,0.004428,0.0097737,0.13072,0.027946,0.0099182,0.0057805,0.0046185,0.0035422,0.0031783,0.0033455,0.010962,0.00034768,0.00029984,0.00028862,0.00035719,4.2415e-05,7.5967e-05,0.00037205,0.002396,0.040197,0.0025164,0.0014736,0.00080699,0.00072079,0.00050039,0.00045861,0.00052454,0.00050166,0.0021791,0.0022195,0.0026044,0.0029264,0.0033982,0.0049106,0.005696,0.015272,0.025104,0.018397,0.0090638,0.0063418,0.0051436,0.0040958,0.0039746,0.0038434,0.012018,0.0014544,0.0023644,0.0030741,0.0050876,0.0073583,0.011713,0.022071,0.072883,0.19224,0.025112,0.017521,0.014055,0.012082,0.011903,0.011021,0.011419,0.0011425,0.0016301,0.0017682,0.0020956,0.0013825,0.002143,0.0023409,0.0030836,0.0067273,0.049814,0.0061033,0.0019211,0.0010852,0.00052292,0.00091607,0.00075822,0.00028038,0.0034028,0.0008903,0.00095284,0.0011533,0.0013812,0.001991,0.002697,0.0048975,0.016358,0.057239,0.0034205,0.0032492,0.0028339,0.0024184,0.0023941,0.0020201,0.0020485
0.004633,0.004935,0.0054823,0.005989,0.0067065,0.007331,0.0092012,0.013898,0.050194,0.022825,0.022631,0.0095156,0.0065955,0.004895,0.0043657,0.003194,0.0037785,0.0032177,0.0021707,0.0023103,0.0024219,0.0026109,0.0031401,0.003847,0.0050288,0.014979,0.0071684,0.0086799,0.0040539,0.0024487,0.0015974,0.0015358,0.0012479,0.0011845,0.0063134,0.0032632,0.0033042,0.0036765,0.0042795,0.0046582,0.0065087,0.0087625,0.023287,0.006732,0.018855,0.0081943,0.0051261,0.0041789,0.0032642,0.0030721,0.0029336,0.03954,0.037308,0.038867,0.0415,0.046782,0.055519,0.072553,0.11307,0.31253,0.24852,0.077446,0.044665,0.029885,0.021091,0.015341,0.012598,0.0131,0.0064507,0.0019544,0.0014118,0.0014566,0.0017971,0.0022337,0.0027591,0.0046058,0.014007,0.013927,0.0037633,0.0023298,0.0017007,0.0015854,0.00076739,0.0015051,0.0010529,0.00047874,0.00044237,0.00072028,0.00133,0.001951,0.0029013,0.0047959,0.0088136,0.029936,0.054107,0.011235,0.008088,0.0063676,0.0053605,0.0046429,0.0046787,0.0045949,0.038623,0.0058735,0.006808,0.0061466,0.0078524,0.0086444,0.010988,0.015305,0.037002,0.084089,0.038152,0.016243,0.011006,0.0077757,0.0048248,0.0056815,0.0048924,0.0062524,0.0030867,0.0029466,0.003162,0.0030421,0.0042532,0.0048778,0.0069186,0.01368,0.010854,0.014301,0.0048758,0.0028228,0.0017891,0.0011064,0.0005333,0.00017547,0.0026932,0.0001037,0.0004184,0.00070808,0.0011576,0.0014062,0.0024315,0.0044251,0.010915,0.046598,0.011797,0.0056195,0.0041186,0.0032291,0.0030709,0.0027052,0.0027924,0.016398,0.0045664,0.0046816,0.0056742,0.007317,0.010229,0.015289,0.02722,0.092169,0.22177,0.029823,0.021797,0.016991,0.014781,0.013201,0.011682,0.011969,0.0025158,0.00051617,0.00077036,0.00081199,0.0005853,0.00069761,0.00051551,0.0010984,0.0016659,0.046356,0.0025068,0.0011595,0.00052605,0.00038441,0.00030048,0.00051808,0.0001583,0.0027886,0.00064859,0.00085559,0.0012514,0.001584,0.0025131,0.0040423,0.007394,0.022448,0.071422,0.013439,0.0079675,0.0059678,0.0050112,0.0046934,0.0042317,0.0043183
0.007351,0.0047551,0.0048057,0.0061818,0.0065635,0.0088188,0.011387,0.019075,0.040104,0.026851,0.031226,0.015002,0.010386,0.0095514,0.0071288,0.0066219,0.0063821,0.0062085,0.00093025,0.0011107,0.001082,0.0017106,0.0020236,0.0025643,0.0046746,0.013166,0.0060867,0.010604,0.0050352,0.0036056,0.0031632,0.0027284,0.0025647,0.0023213,0.0013542,0.0019116,0.0019785,0.0023384,0.0025974,0.0030071,0.0040467,0.0069119,0.019778,0.01704,0.018569,0.0075957,0.0053446,0.0041855,0.0037086,0.0036409,0.0037118,0.037972,0.042729,0.044784,0.047704,0.053589,0.063285,0.081575,0.12503,0.34658,0.36622,0.083605,0.04618,0.028519,0.017803,0.011634,0.0071715,0.0044098,0.0046864,0.0011616,0.0017516,0.0011918,0.0016027,0.0019776,0.002735,0.0046163,0.012924,0.014853,0.0025879,0.0018703,0.0016177,0.00097004,0.0015248,0.00074918,0.00071909,0.0021553,0.0016519,0.0017909,0.0019197,0.0026913,0.0031715,0.0048503,0.0088111,0.031653,0.021326,0.009112,0.0065408,0.0050777,0.0042009,0.0041962,0.0038522,0.0037537,0.023346,0.014832,0.015852,0.0084613,0.01832,0.021659,0.012698,0.035961,0.079227,0.08045,0.090608,0.034418,0.0021648,0.016872,0.012053,0.0047101,0.012337,0.01112,0.0059025,0.005984,0.0010287,0.0072109,0.0080683,0.0021725,0.012959,0.024738,0.03022,0.02963,0.010479,0.000965,0.0035053,0.00311,0.0013932,7.6368e-06,0.0024357,0.0020591,0.0015939,0.00088574,0.0027718,0.0016252,0.0024304,0.0057819,0.0034516,0.010993,0.015873,0.0029753,0.00278,0.0032248,0.0017658,0.001958,0.0023938,0.014557,0.0014462,0.0030467,0.0053571,0.0080584,0.012318,0.020015,0.035999,0.12033,0.25819,0.058999,0.036307,0.028372,0.023876,0.021925,0.021084,0.01997,0.0033055,0.0010225,0.00089026,0.0010782,0.00098522,0.00088934,0.0016042,0.0019779,0.0053886,0.053581,0.0019869,0.0014431,0.00088695,0.00096798,0.00071105,0.00079701,0.0008221,0.003315,0.00060402,0.00082369,0.0008236,0.0012283,0.0020976,0.0030831,0.0061497,0.021068,0.0453,0.010494,0.0047227,0.0038649,0.0034001,0.0030257,0.0026563,0.0025063
0.0018444,0.0026907,0.003103,0.003876,0.0042071,0.0062063,0.0084729,0.014689,0.058417,0.033567,0.02644,0.012685,0.008931,0.0073848,0.0075342,0.0068539,0.0068379,0.0036164,0.00046575,0.0009404,0.001117,0.0014054,0.001223,0.0024501,0.0037153,0.01492,0.010576,0.0089037,0.0045901,0.0032582,0.0029148,0.0025486,0.0023597,0.0021935,0.0026322,0.00059745,0.00065912,0.0010377,0.0016485,0.0019935,0.0034274,0.0052861,0.018443,0.0078157,0.014896,0.0075718,0.0053021,0.0044945,0.0041053,0.0036926,0.0038415,0.044198,0.04222,0.04483,0.047119,0.052298,0.061382,0.080242,0.12491,0.37036,0.29948,0.08418,0.04535,0.028393,0.018246,0.010671,0.0043245,0.0017128,0.0076352,0.0013442,0.0015384,0.0022439,0.0016486,0.002156,0.0025513,0.004939,0.013701,0.012637,0.0029795,0.0015961,0.0010453,0.0010664,0.00094493,9.4837e-05,0.00032234,0.0031434,0.0029159,0.0032148,0.0038152,0.0045564,0.0052132,0.0073792,0.01196,0.042309,0.062791,0.013205,0.0091077,0.0066422,0.0057345,0.0054762,0.0049364,0.0048295,0.044131,0.010863,0.011757,0.012505,0.013722,0.015374,0.019192,0.028486,0.062354,0.076276,0.045315,0.019739,0.011721,0.0085991,0.0071075,0.0028005,0.0022374,0.0068666,0.0032666,0.0034028,0.0040921,0.004103,0.0047423,0.0061847,0.0084772,0.018731,0.017517,0.017757,0.008099,0.005195,0.0039228,0.0032096,0.0031089,0.0029679,0.0047551,0.0015216,0.0015886,0.0015767,0.001692,0.002287,0.0026284,0.0037641,0.01125,0.050697,0.0038532,0.0017053,0.00098533,0.00051488,0.00068771,0.00018392,8.9657e-05,0.02092,0.0079958,0.0080826,0.0092129,0.010465,0.013022,0.017975,0.029909,0.10531,0.12027,0.028914,0.017734,0.013688,0.010928,0.010206,0.0083166,0.0075837,0.0016022,0.00042174,0.00037182,0.0010246,0.00078171,0.0014235,0.0019079,0.0033486,0.0086532,0.040814,0.009807,0.0051915,0.0034927,0.0033051,0.002288,0.0027427,0.0020524,0.00020982,0.0027584,0.0029664,0.0034704,0.0038102,0.005066,0.0068804,0.01155,0.035791,0.071811,0.018224,0.010484,0.0077827,0.0065044,0.0054741,0.0052651,0.005108
0.0006714,0.002715,0.0024007,0.0036668,0.004867,0.0058812,0.0089393,0.017015,0.047402,0.019197,0.026877,0.014195,0.01094,0.0086424,0.0075513,0.0076446,0.00692,0.0036526,0.00055884,0.00069758,0.00092775,0.0017635,0.0011545,0.0021448,0.0040065,0.0125,0.010856,0.0072288,0.0032287,0.0024295,0.0016261,0.0017542,0.0017265,0.0015812,0.0038624,0.00052454,0.00095461,0.0011946,0.0016458,0.0023387,0.0034197,0.0070676,0.025107,0.0062655,0.017052,0.0081467,0.0060293,0.0050889,0.0043134,0.0039048,0.0039731,0.0079423,0.018532,0.02857,0.032315,0.025599,0.019077,0.053334,0.12644,0.41004,0.097717,0.073082,0.083001,0.067355,0.035377,0.016213,0.038919,0.04826,0.0043622,0.0011542,0.0012094,0.0017243,0.0017993,0.0015935,0.001917,0.0048278,0.01832,0.0051435,0.0036363,0.0034782,0.0031289,0.0015902,0.0012259,0.0011245,0.0030041,0.001667,0.0018878,0.0024723,0.0019762,0.0010773,0.0028285,0.0040807,0.0068475,0.028803,0.018751,0.0061784,0.0026876,0.00028375,0.0010476,0.0012691,0.00074513,0.00016783,0.034569,0.0030487,0.0027354,0.0040048,0.004439,0.0063625,0.0089953,0.014349,0.039572,0.11339,0.033949,0.018492,0.012839,0.011178,0.0087172,0.0080987,0.0089456,0.0091096,0.001272,0.0015963,0.0014644,0.0017438,0.0020065,0.0024557,0.003841,0.010216,0.046434,0.0092301,0.0042666,0.0029301,0.0021573,0.0019565,0.0017875,0.0018006,0.0012455,0.0010558,0.0012504,0.001275,0.0016716,0.0015004,0.0016938,0.0018838,0.0057293,0.036353,0.0079162,0.0034908,0.0022451,0.0016286,0.0013794,0.0011309,0.001154,0.0020123,0.015883,0.017212,0.018716,0.021459,0.025596,0.035002,0.057761,0.15832,0.30493,0.060564,0.035574,0.026143,0.02205,0.018634,0.016931,0.017615,0.0024605,0.00035874,0.00050618,0.0010347,0.00049724,0.00049653,0.00090982,0.0021562,0.00389,0.052561,0.00066324,0.0012909,0.00049749,0.00068787,0.0011182,0.00012362,8.392e-05,0.0037709,0.0017484,0.0017032,0.0017302,0.0023334,0.0022878,0.0032432,0.005723,0.023522,0.041805,0.0029162,0.0023675,0.0019712,0.0017678,0.0013983,0.0013803,0.0013371
0.006693,0.00501,0.0053359,0.0052204,0.0056481,0.007735,0.0095877,0.01551,0.059341,0.029108,0.025725,0.013177,0.0087877,0.0093609,0.0061821,0.0070087,0.0054494,0.0083944,0.0020441,0.0012887,0.0019115,0.0021584,0.0017994,0.0025409,0.0053526,0.012692,0.015409,0.0083268,0.0042402,0.002794,0.0025699,0.002145,0.0017409,0.0017224,0.0013046,0.0024144,0.0027353,0.0032093,0.0031778,0.0041166,0.0050713,0.0096888,0.015731,0.018725,0.016639,0.0085782,0.0051949,0.0042489,0.0037484,0.0035839,0.0034523,0.035779,0.040089,0.043226,0.045038,0.05097,0.062962,0.079981,0.12828,0.39207,0.35442,0.099965,0.056294,0.038406,0.029952,0.023358,0.021248,0.020016,0.0044633,0.0011431,0.0010614,0.00091303,0.0017967,0.0021065,0.0030506,0.0050848,0.012541,0.013773,0.002798,0.0024186,0.0015259,0.001577,0.0015219,0.001241,0.0016327,0.0011406,0.0013393,0.0012681,0.0019438,0.0026873,0.0026908,0.0060623,0.010095,0.037356,0.066054,0.010852,0.0074739,0.006419,0.0053513,0.0047438,0.0047614,0.0045434,0.023249,0.0070067,0.0062706,0.0071095,0.0069876,0.0084787,0.011106,0.01494,0.057407,0.12664,0.020764,0.0092775,0.0050774,0.0023775,0.0025221,0.0020388,0.0010395,0.010679,0.0017979,0.0020185,0.0019241,0.0026873,0.0031129,0.0032946,0.0050832,0.011891,0.035835,0.0071222,0.0029605,0.0015826,0.0010467,0.00053992,0.00030317,1.3374e-05,0.0016213,0.0012112,0.0010211,0.0013516,0.001537,0.0027292,0.00303,0.0062558,0.011518,0.034763,0.013002,0.0071505,0.0049301,0.0043187,0.00363,0.0037248,0.0035821,0.0026074,0.010536,0.0073003,0.017613,0.016151,0.0066143,0.025985,0.041328,0.10755,0.11378,0.061323,0.017834,0.0048389,0.010813,0.0091083,0.0040525,0.0040494,0.0017681,0.0040907,0.0037715,0.0029321,0.0053359,0.0061995,0.0027954,0.013081,0.029261,0.016899,0.016932,0.012652,0.004202,0.0033232,0.0057131,0.0043312,0.0013332,0.0012589,0.003359,0.0014548,0.0040657,0.0064993,0.0065794,0.0010993,0.021134,0.055192,0.040852,0.025692,0.022739,0.0096052,0.0045804,0.012358,0.0098632,0.00081253
0.0048238,0.0047006,0.0086668,0.0063201,0.0086513,0.0098155,0.012013,0.01567,0.048981,0.019283,0.020136,0.0081175,0.0062526,0.0038026,0.0035235,0.0011345,0.0011082,0.023934,0.0080964,0.0022647,0.0032588,0.0031708,0.0027927,0.0037629,0.0050522,0.015111,0.020459,0.0076534,0.0035716,0.0025532,0.0018772,0.00071139,0.00087495,0.0009041,0.014099,0.0037611,0.0039864,0.0046034,0.0051569,0.0054886,0.0067866,0.0094092,0.025029,0.01427,0.013894,0.0066435,0.0038717,0.0023557,0.0019252,0.0012888,0.00086593,0.067815,0.041103,0.041724,0.046434,0.051554,0.06027,0.078527,0.12176,0.32368,0.25186,0.085847,0.045492,0.028136,0.019042,0.011765,0.0069868,0.0071069,0.003233,0.0015905,0.0023163,0.0012365,0.0016878,0.0020062,0.0025134,0.003978,0.014879,0.01216,0.0040998,0.0019135,0.0015428,0.0011761,0.00067761,0.0016886,0.00071144,0.00078584,0.0013095,0.0016772,0.002078,0.0022756,0.0037211,0.0052091,0.009671,0.035269,0.013552,0.011218,0.006997,0.0057955,0.0047618,0.0045094,0.0043569,0.0040856,0.0064927,0.0099418,0.0042686,0.0034353,0.004083,0.0039539,0.0060487,0.0086767,0.013805,0.074438,0.022737,0.010016,0.0064335,0.0046578,0.0056992,0.0051785,0.0042496,0.0023575,0.0043271,0.00055002,0.0012292,0.0019162,0.00075574,0.0009816,0.0013659,0.0031406,0.0028457,0.0040942,0.0017107,0.00083273,0.0004989,0.00032326,0.00027705,8.012e-05,0.0039216,0.0034769,0.0024657,0.0027979,0.0033652,0.0040812,0.0046506,0.0051346,0.01776,0.059537,0.012685,0.0041205,0.0022862,0.0013614,0.00082122,0.00036455,0.00013734,0.022555,0.0064821,0.0026568,0.0053943,0.0078726,0.011052,0.016893,0.034847,0.089994,0.33947,0.02107,0.021969,0.018946,0.016197,0.014205,0.014456,0.012507,0.024113,0.0070874,0.002764,0.0024007,0.00023275,0.0011218,0.001742,0.0016094,0.0095977,0.041456,0.013759,0.0031629,0.0025638,0.0024727,0.0027801,0.002961,0.0025483,0.00066185,0.0026525,0.0012895,0.0019584,0.003316,0.0032216,0.0050861,0.0075073,0.03,0.022732,0.013387,0.0060314,0.0049507,0.0042303,0.0041136,0.0038281,0.0035992
0.031039,0.0075241,0.0067394,0.0068838,0.0080322,0.0085407,0.011683,0.017353,0.065004,0.015,0.029311,0.010493,0.0079683,0.0043847,0.0037563,0.0043607,0.003584,0.053706,0.0031128,0.0029167,0.0031292,0.0039922,0.0038067,0.0047475,0.0053749,0.016962,0.0043297,0.011499,0.0045877,0.0031678,0.0024147,0.0018964,0.0017481,0.0017681,0.014469,0.0047143,0.0034444,0.0040251,0.0047483,0.0052437,0.0064562,0.0090216,0.021,0.018063,0.019607,0.0076181,0.004628,0.0030663,0.0025471,0.0021671,0.0020104,0.018212,0.042344,0.040144,0.042559,0.047916,0.056864,0.072503,0.11213,0.32559,0.33512,0.072055,0.040657,0.025157,0.016121,0.0095351,0.0057137,0.0015717,0.0059491,0.0029482,0.0014957,0.0023238,0.001519,0.0022111,0.0024884,0.0044694,0.012248,0.014333,0.0026994,0.0018088,0.0012106,0.00054835,0.00072459,0.0019511,0.0018139,0.0042039,0.001513,0.0013098,0.0018299,0.0027803,0.0032053,0.0055011,0.0086511,0.029441,0.06597,0.0080863,0.0066774,0.0051335,0.0044475,0.0042595,0.0041515,0.0041352,0.019312,0.0038135,0.002606,0.0021767,0.0022816,0.002339,0.0019707,0.0038352,0.006364,0.1273,0.030239,0.012229,0.0074872,0.006175,0.0049023,0.0042336,0.004675,0.0088731,0.0031128,0.0015678,0.0017195,0.0017554,0.0011329,0.001805,0.0026245,0.0064071,0.037355,0.0090379,0.0035222,0.0022159,0.0018522,0.0015353,0.0013562,0.0012932,0.00039293,0.0015903,0.0022476,0.002173,0.0024797,0.0030272,0.0043505,0.0065762,0.018774,0.023327,0.021291,0.0083739,0.0063118,0.0051652,0.0043655,0.0042721,0.0042649,0.032151,0.0019686,0.0033059,0.0055462,0.007389,0.011232,0.018814,0.034814,0.13173,0.10867,0.050809,0.032131,0.025016,0.022365,0.01748,0.020307,0.018059,0.05453,0.0042439,0.0012314,0.0011361,0.00058784,0.00073082,0.00069206,0.00056647,0.0031361,0.050577,0.002936,0.00087673,0.00039428,0.00070211,0.00095367,0.00063708,0.00035669,0.00024987,0.00054321,0.00097348,0.0012332,0.0010659,0.0022386,0.0034489,0.0060751,0.021561,0.085217,0.0054914,0.0042097,0.0035857,0.0032474,0.0027546,0.0027721,0.0027066
0.019898,0.0069929,0.0050239,0.0048487,0.0070047,0.007757,0.0090476,0.014191,0.027192,0.019278,0.033966,0.013768,0.010029,0.0084071,0.006276,0.0061742,0.0065499,0.054129,0.0031973,0.0022206,0.0013102,0.0026431,0.0020923,0.0031882,0.0045628,0.011347,0.01273,0.014011,0.0048595,0.0038045,0.0025958,0.0023268,0.0022081,0.0019207,0.020325,0.0038569,0.0029783,0.0034778,0.0034582,0.0045928,0.0057072,0.0085112,0.018957,0.013549,0.024346,0.007484,0.0049692,0.0040142,0.0032161,0.0027879,0.0027657,0.096784,0.03971,0.041467,0.044838,0.049677,0.057883,0.074843,0.11332,0.30289,0.32618,0.076057,0.043582,0.027023,0.017099,0.01009,0.0056729,0.0029908,0.0067445,0.0028128,0.0015582,0.00092839,0.0020515,0.0022776,0.0029216,0.0040573,0.013345,0.014303,0.0037269,0.0019965,0.001168,0.0013434,0.0010424,0.0019039,0.0007706,0.0004425,0.0016387,0.0015769,0.0018008,0.0021798,0.0034563,0.0051388,0.0089926,0.027577,0.0081643,0.010055,0.0068858,0.0053994,0.0048505,0.004198,0.0041734,0.0040284,0.022034,0.0011634,0.0040779,0.0054687,0.0053615,0.0021269,0.011222,0.020255,0.019163,0.065989,0.087562,0.038994,0.0090935,0.011991,0.018967,0.015378,0.00206,0.017926,0.0017029,0.0014337,0.0042678,0.0053044,0.0010993,0.0049722,0.011615,0.010983,0.024799,0.029681,0.013038,0.0030983,0.0037385,0.0058427,0.0041281,0.0001297,0.0069371,0.0034266,0.0016119,0.0052262,0.0053908,0.0012314,0.006629,0.013516,0.0095632,0.0074377,0.030789,0.011255,0.0019621,0.0042739,0.0055527,0.0035213,0.0016384,0.02895,0.0035795,0.0024185,0.0051536,0.0078807,0.01135,0.018608,0.035376,0.095694,0.31897,0.046413,0.030553,0.024708,0.0214,0.018562,0.017657,0.017514,0.055734,0.0032911,0.0015151,0.0013941,0.0004342,0.00055637,0.00056338,0.0014554,0.00056097,0.04708,0.0019217,0.00068226,4.9974e-05,0.0003747,0.0016366,0.00077646,0.00059127,0.0022526,0.00073284,0.0004203,0.0010905,0.0012686,0.0019664,0.0033927,0.0061661,0.018,0.027434,0.0094228,0.0052051,0.0042912,0.0035977,0.0032612,0.0029312,0.0029889
0.022745,0.0061645,0.0062805,0.0065408,0.0081155,0.0086122,0.011583,0.016333,0.057719,0.022589,0.031031,0.012974,0.0092319,0.0063107,0.004619,0.004444,0.0048047,0.040835,0.003637,0.002236,0.0023361,0.0028642,0.0030095,0.003639,0.0049622,0.016086,0.010513,0.0098484,0.0044149,0.0029268,0.0022988,0.0019066,0.0017417,0.0016232,0.010975,0.0021684,0.0022732,0.0024262,0.0030726,0.0031502,0.0044616,0.0077908,0.018724,0.010241,0.016565,0.0069902,0.0047784,0.0036105,0.0030099,0.0029285,0.0028725,0.0029011,0.041543,0.044437,0.047664,0.052367,0.062111,0.080156,0.12469,0.37062,0.34475,0.085991,0.046698,0.028557,0.017965,0.011493,0.0070168,0.0019932,0.0062219,0.0018432,0.0010245,0.0013214,0.001344,0.0020582,0.0026677,0.004068,0.013045,0.012771,0.0020588,0.0013653,0.0011794,0.00092189,0.00078314,0.00058536,0.0010033,0.0045567,0.0027832,0.0031123,0.0034334,0.0044146,0.0049903,0.0068668,0.012264,0.042493,0.058884,0.013143,0.0093836,0.0069039,0.0058651,0.0052726,0.0050958,0.0048886,0.0061894,0.0057059,0.0057327,0.0055424,0.0071959,0.0079638,0.010442,0.017353,0.045503,0.12531,0.043622,0.022034,0.015324,0.012528,0.011734,0.010841,0.01058,0.0033493,0.0039274,0.003417,0.0040826,0.0043355,0.0048542,0.006249,0.0088674,0.018442,0.033895,0.018892,0.0074308,0.004702,0.0033985,0.0026846,0.0023896,0.0022851,0.00046921,0.0023668,0.0022197,0.0025734,0.0029421,0.0034979,0.0038061,0.0061422,0.019326,0.040061,0.008966,0.0047063,0.0031743,0.0023379,0.0018938,0.0021024,0.0019913,0.026543,0.002567,0.0040466,0.0040253,0.0057262,0.0086401,0.012876,0.02562,0.091097,0.08463,0.022996,0.017252,0.013722,0.012161,0.011168,0.011939,0.011265,0.039136,0.0031137,0.0010832,0.00031345,0.00010195,0.00069963,0.0014697,0.003082,0.010256,0.047078,0.0085586,0.0046586,0.0036817,0.0028156,0.0030861,0.0023836,0.0029412,0.0021515,0.0011163,0.0010274,0.001748,0.0023401,0.0033713,0.0055069,0.0097432,0.034334,0.079681,0.015267,0.010023,0.0075851,0.0064392,0.006039,0.0056651,0.0056153
0.010971,0.0026416,0.0033161,0.0027138,0.0039211,0.0051564,0.0074008,0.012068,0.063958,0.022425,0.025669,0.012787,0.010258,0.00925,0.0078008,0.0064525,0.0055543,0.023625,0.0016441,0.00044642,0.00031936,0.00010614,0.00044933,0.0011269,0.0019181,0.014348,0.0062403,0.0047873,0.0017046,0.0017025,0.0012388,0.0012553,0.0011623,0.0010224,0.010929,0.0017815,0.0019115,0.0020483,0.0021907,0.0027175,0.0033398,0.0066098,0.024266,0.02191,0.014674,0.0051919,0.003643,0.0028895,0.0024045,0.0023113,0.0022469,0.056607,0.032505,0.03453,0.03637,0.041285,0.050375,0.066439,0.10791,0.35298,0.18741,0.090436,0.051896,0.037895,0.030569,0.025706,0.023558,0.022869,0.0030995,0.001286,0.00090324,0.0010888,0.0013561,0.001454,0.0025058,0.0038416,0.013813,0.010169,0.00093256,0.0012819,0.00092593,0.0010889,0.00089677,0.001492,0.0013523,0.0021572,0.0036497,0.0037913,0.0039991,0.004404,0.0055084,0.0072724,0.012485,0.03884,0.020787,0.0086784,0.0049641,0.0035544,0.0025608,0.0023376,0.0021199,0.0018788,0.019207,0.0082292,0.008857,0.0092356,0.010103,0.01152,0.015289,0.020709,0.070145,0.12444,0.035286,0.014193,0.0080682,0.0048548,0.0021676,0.0018888,0.00040435,4.3862e-05,0.0030921,0.0026002,0.0027728,0.0031798,0.0033973,0.0040145,0.0054189,0.013139,0.047093,0.012123,0.0044763,0.0022094,0.0013966,0.00089163,0.00055366,0.00024224,0.0015278,0.0010426,0.00090593,0.0011202,0.001147,0.0015405,0.0017462,0.0019834,0.0075362,0.017235,0.0083794,0.0034794,0.0021246,0.0015547,0.0011879,0.001172,0.0010967,0.028801,0.0056649,0.0066272,0.0084537,0.011564,0.016095,0.024158,0.045332,0.15108,0.29135,0.065179,0.040416,0.031141,0.025934,0.024926,0.023218,0.023011,0.023997,0.0024676,0.0011783,0.00043749,0.00046378,0.00040704,0.00039937,0.00050722,0.0022733,0.045285,0.0018348,0.0013733,0.00087217,0.0010681,0.00018271,0.0010623,0.00067712,0.00099756,0.00062309,0.00081921,0.0010609,0.0018028,0.0023076,0.0039051,0.0083236,0.028525,0.043935,0.0087964,0.0059026,0.0046582,0.0041744,0.0038405,0.003571,0.0035992
0.010479,0.0012835,0.0023884,0.0017816,0.0029692,0.0040085,0.0065532,0.014296,0.035438,0.050875,0.019662,0.011833,0.0085626,0.006355,0.0071271,0.005479,0.0048676,0.014658,0.00083857,0.0010462,0.00071947,0.001366,0.0010127,0.0018698,0.0026553,0.0087384,0.024848,0.0058596,0.00049278,0.00057269,0.00019134,0.00018544,0.00024552,0.00017359,0.0054322,0.0006596,0.00058704,0.00062298,0.00041817,0.00095701,0.0014786,0.0030538,0.011357,0.026275,0.013418,0.0035461,0.0016593,0.00089577,0.0007465,0.00072054,0.00086977,0.0077974,0.02375,0.025069,0.028178,0.034579,0.043058,0.061001,0.098194,0.36355,0.34,0.12257,0.075421,0.057699,0.048333,0.043174,0.040676,0.039986,0.0055066,0.001105,0.0011012,0.00099798,0.0014409,0.0017557,0.0024378,0.0040915,0.013181,0.015279,0.0049347,0.003084,0.0024835,0.0016383,0.0013547,0.0012066,0.0022984,0.005066,0.004845,0.0048975,0.0054864,0.0057159,0.007126,0.0090091,0.016399,0.037717,0.052136,0.014099,0.0058386,0.0034445,0.0021505,0.0014225,0.00071859,0.00031662,0.018191,0.002526,0.0038086,0.0036284,0.0053063,0.0078544,0.010823,0.018123,0.053218,0.035564,0.053868,0.025513,0.019605,0.015774,0.015581,0.012667,0.012087,0.0066148,0.00045633,0.00051482,0.00088742,0.0013664,0.0015866,0.0023956,0.0050253,0.011457,0.001303,0.011069,0.006282,0.0044925,0.0037733,0.0032768,0.0032737,0.0031205,0.0029812,0.0003094,0.00026904,0.00044837,0.00067602,0.00060367,0.00070057,0.0014996,0.001339,0.059241,0.01199,0.0042455,0.0024992,0.0016698,0.0018067,0.0014788,0.0015583,0.024668,0.0032737,0.0018341,0.0052668,0.010419,0.014534,0.01839,0.021475,0.14578,0.11983,0.064696,0.042994,0.029926,0.021462,0.018244,0.017894,0.018198,0.019633,0.0053433,0.0034099,0.0007217,0.0035799,0.0073275,0.010263,0.013117,0.017592,0.036558,0.006641,0.0092038,0.0068885,0.0043406,0.0020256,0.0010401,0.0013523,0.011305,0.0078742,0.0050991,0.0014009,0.0042408,0.01017,0.016267,0.025674,0.043656,0.052222,0.0089262,0.011518,0.010377,0.0079943,0.0052498,0.0024494,0.00030328
0.0077001,0.0014259,0.0010992,0.0011164,0.002124,0.0025726,0.0043221,0.0087519,0.053208,0.056538,0.012782,0.0047232,0.0029629,0.0040063,0.0042546,0.0031798,0.0023327,0.0086748,0.0010862,0.00054128,0.00037379,0.00085224,0.00097505,0.00096156,0.0020995,0.011466,0.018039,0.0081219,0.0025023,0.0015335,0.0012498,0.0010786,0.001012,0.00089647,0.005108,0.00044142,0.0007102,0.00060814,0.00053427,0.00076778,0.00053752,0.0011752,0.0090722,0.037952,0.015501,0.0039113,0.0017391,0.00090106,0.00044475,0.00049085,0.00019839,0.024447,0.016429,0.019715,0.022507,0.028115,0.038011,0.05528,0.098782,0.30796,0.30043,0.12787,0.079988,0.060864,0.052459,0.047165,0.044637,0.044032,0.0081426,0.00076821,0.00094408,0.00061138,0.001159,0.0015767,0.0017602,0.003544,0.015212,0.011746,0.0063387,0.0033095,0.0027197,0.0021999,0.0021435,0.0027042,0.0020276,0.0044862,0.0049447,0.0051811,0.0055742,0.0060488,0.0071708,0.0090212,0.013959,0.038728,0.0040081,0.014469,0.0068391,0.0041065,0.0027254,0.0019125,0.0013793,0.0012284,0.017248,0.0090635,0.0088618,0.0099296,0.010645,0.012452,0.015341,0.020255,0.057563,0.088276,0.037803,0.017115,0.010886,0.0080901,0.0063746,0.0047323,0.0043469,0.012266,0.0021399,0.0016777,0.0019378,0.002315,0.0027152,0.0034364,0.0047405,0.011685,0.031061,0.007136,0.0035375,0.0018263,0.001315,0.0009213,0.00082139,0.00065804,0.0050278,0.0018985,0.0016209,0.0017587,0.0018312,0.0021767,0.0021947,0.0021508,0.0032741,0.03099,0.015246,0.0048859,0.0023829,0.0015831,0.0011773,0.00078643,0.00061417,0.023632,0.0059957,0.0059581,0.0070865,0.0095297,0.012509,0.019872,0.034404,0.10508,0.29907,0.04268,0.026424,0.020908,0.017809,0.017261,0.016413,0.015698,0.0061742,0.00090104,0.0010945,0.00099557,0.0014289,0.0018313,0.0025209,0.0025038,0.007332,0.052717,0.0079512,0.0036578,0.0020961,0.0015685,0.00203,0.0014728,0.0013714,0.0014229,0.00097544,0.001177,0.0015676,0.0021316,0.003022,0.0044043,0.0081538,0.028749,0.034983,0.015603,0.0092125,0.0069069,0.0058974,0.0055992,0.0051219,0.0050584
0.0010166,0.0033076,0.0027393,0.0025807,0.0033524,0.0038351,0.0059225,0.012407,0.016172,0.044554,0.0086318,0.00089466,0.00046478,0.0020135,0.0011696,0.00067343,5.5302e-05,0.0056611,0.00055693,0.00043814,0.00027294,0.00070528,0.00086024,0.001442,0.0032324,0.0065832,0.019021,0.008363,0.0033392,0.0023174,0.0021908,0.0015659,0.0013572,0.0012093,0.0038319,0.00043544,0.00042721,0.00047285,0.0004377,0.00019047,0.00098042,0.0028015,0.0093801,0.032252,0.012657,0.003807,0.0021664,0.0014497,0.00091059,0.00073267,0.00087168,0.013829,0.033839,0.037495,0.019797,0.045875,0.060106,0.027899,0.11636,0.44069,0.054446,0.096639,0.093269,0.037201,0.02111,0.048411,0.035264,0.0047189,0.0065824,0.0014207,0.0018246,0.00021196,0.0018392,0.0030022,0.0011218,0.0043497,0.018916,0.0035215,0.003406,0.0044997,0.0022422,0.00045906,0.0028196,0.0016884,1.8999e-06,0.0033856,0.0027834,0.0019089,0.002702,0.0057178,0.0055595,0.0015457,0.014935,0.050387,0.018129,0.020514,0.017454,0.0074314,0.0038985,0.0096547,0.0074302,0.0015889,0.038735,0.0088787,0.0091537,0.0092512,0.010466,0.012302,0.015719,0.022067,0.048858,0.11787,0.055267,0.022129,0.014003,0.011205,0.0092905,0.0065965,0.0077707,0.010075,0.00048799,0.00024715,0.00072332,0.00099488,0.0014781,0.0023601,0.0042087,0.0079879,0.048356,0.016643,0.0071326,0.0050449,0.0039695,0.0035492,0.0034148,0.0034256,0.0019474,0.00065058,0.00064854,0.00062713,0.00050878,0.00079054,0.0010939,0.00055508,0.003094,0.030542,0.0080855,0.0029831,0.0020132,0.0015898,0.0015417,0.0011243,0.0011006,0.0054303,0.0095257,0.010044,0.011824,0.01326,0.017526,0.023864,0.043117,0.12853,0.16373,0.058426,0.036913,0.027715,0.023336,0.019629,0.01814,0.018381,0.0033074,0.00094511,0.00050437,0.00069446,0.0011479,0.00075757,0.0010351,0.0017237,0.0057141,0.046845,0.0011781,0.00076889,0.00068288,0.00016921,0.00060495,0.0001365,0.00057222,0.0010834,0.0007465,0.00099196,0.0014221,0.0018677,0.0022287,0.0033627,0.0063029,0.021385,0.072988,0.011234,0.0059294,0.0044929,0.0036716,0.0030614,0.0030493,0.0030632
0.008257,0.0081975,0.0042582,0.0036264,0.0031947,0.0053397,0.0064698,0.0074385,0.053485,0.047668,0.02153,0.0075671,0.0033334,0.0022083,0.0010312,0.0027143,0.0024891,0.016728,0.0079499,0.0035621,0.0013824,0.00024722,0.002977,0.0026854,0.0045126,0.013972,0.016635,0.0098016,0.0029021,0.0016998,0.00078819,0.00035477,0.00082068,0.0010338,0.0049783,0.0014279,0.0023432,0.0022498,0.0013153,0.0017669,0.0020197,0.0038357,0.011999,0.010861,0.01782,0.0042664,0.0026426,0.0022216,0.0021176,0.0018132,0.001606,0.064794,0.040297,0.04498,0.048321,0.052295,0.060783,0.078787,0.11685,0.34321,0.36867,0.08704,0.047215,0.028222,0.017394,0.011378,0.0058427,0.00067139,0.0060674,0.0017741,0.0018403,0.0024666,0.0024557,0.002527,0.0036687,0.0054136,0.01572,0.011176,0.0064104,0.0028307,0.0018558,0.0012902,0.0011895,0.000501,0.00087168,0.0017014,0.0022008,0.0024766,0.0031123,0.0036323,0.0037404,0.0054907,0.011561,0.033598,0.033418,0.012247,0.0076467,0.005525,0.0048534,0.0044491,0.0042803,0.0042344,0.054007,0.010969,0.0059978,0.0062507,0.0075097,0.0097236,0.012626,0.016991,0.063314,0.039136,0.087783,0.033832,0.022451,0.018862,0.016661,0.014784,0.014521,0.014153,0.003662,0.0016144,0.001753,0.0022337,0.0025529,0.0036859,0.0062234,0.01306,0.0050518,0.029732,0.010667,0.0071193,0.0058063,0.0048866,0.0046616,0.0044747,0.001091,0.0012627,0.00031336,0.00048965,0.0011393,0.001121,0.0014479,0.0034021,0.007366,0.049167,0.0053225,0.0025722,0.0013706,0.0012098,0.0007493,0.00094354,0.00079728,0.0073243,0.0087649,0.0065839,0.0066557,0.0098188,0.014065,0.020976,0.040453,0.1402,0.26109,0.056904,0.038208,0.027652,0.024323,0.020482,0.021796,0.022099,0.023402,0.0081056,0.0043797,0.0022108,0.0024086,0.0011591,0.00058434,0.0008358,0.0048216,0.049058,0.00093908,0.0025698,0.0016919,0.0014587,0.0012227,0.0021418,0.0023213,0.0035592,0.0021098,0.0009567,0.00036154,0.00077529,0.0033563,0.0046057,0.0096975,0.024706,0.041863,0.017564,0.008215,0.0060942,0.0052635,0.0048532,0.0046822,0.0044632
0.03629,0.0030568,0.0054972,0.0064306,0.0065287,0.0077317,0.0096091,0.013445,0.038365,0.0090422,0.028514,0.011265,0.0076965,0.0050695,0.006396,0.0055555,0.0047837,0.056127,0.0030178,0.0014731,0.0012925,0.002352,0.0020456,0.0027257,0.0038494,0.013463,0.0087183,0.0076693,0.0039787,0.0023663,0.0021762,0.0019117,0.0016756,0.0015717,0.013462,0.0038574,0.0032607,0.0032143,0.0035294,0.003842,0.0046237,0.0065102,0.017812,0.019621,0.016704,0.0068685,0.0035937,0.0026762,0.00226,0.0017969,0.001915,0.027516,0.046379,0.043332,0.04773,0.052276,0.061155,0.079078,0.12126,0.31825,0.22457,0.087545,0.046898,0.029046,0.018604,0.01259,0.0077535,0.0024949,0.017681,0.0012459,0.0020747,0.0019609,0.002121,0.0023435,0.0034245,0.0049848,0.013619,0.013383,0.0032799,0.002327,0.0012853,0.00065321,0.00085672,0.00099889,0.00024415,0.0047608,0.0018537,0.0029791,0.0031422,0.0038043,0.0041445,0.0061106,0.010413,0.033922,0.058657,0.0053821,0.0050196,0.0042756,0.0035473,0.003317,0.0031158,0.003109,0.097927,0.012931,0.0065342,0.014971,0.011102,0.01711,0.02361,0.026282,0.059842,0.034788,0.11542,0.017311,0.031651,0.012631,0.018956,0.015355,0.015208,0.037016,0.0034591,0.0034079,0.002069,0.004561,0.0025715,0.0078031,0.0035754,0.022896,0.016205,0.040202,0.0047305,0.011758,0.0030338,0.0082626,0.0028003,0.0075132,0.006012,0.0018863,0.0024127,0.0012359,0.0028576,0.0026418,0.0034954,0.0058214,0.002558,0.015794,0.011506,0.0041048,0.00093194,0.0018255,0.00029677,0.0012735,0.00041201,0.022234,0.0078696,0.008719,0.01163,0.014038,0.016683,0.023144,0.035112,0.098487,0.20475,0.063795,0.028966,0.021412,0.018232,0.013651,0.015951,0.014715,0.064025,0.003093,0.00038454,0.0012886,0.001088,0.001372,0.0021914,0.0030494,0.009134,0.047161,0.0041154,0.0028184,0.002101,0.0010444,0.00079463,0.0010302,0.001524,0.0039616,0.0019253,0.0012631,0.0016442,0.0022861,0.0034613,0.0047819,0.0086648,0.02828,0.073473,0.0080006,0.0070113,0.0051741,0.0043194,0.0039937,0.004021,0.0038701
0.016861,0.0035425,0.0037753,0.0034983,0.0046436,0.0058011,0.0076589,0.010261,0.040829,0.023406,0.022571,0.011063,0.0085536,0.0069057,0.0050625,0.0060029,0.0053902,0.036889,0.0031362,0.0019889,0.0017528,0.0015556,0.0016604,0.0027495,0.0040157,0.012225,0.010368,0.0074437,0.0038567,0.0029324,0.0023884,0.0020111,0.0019121,0.0018273,0.01194,0.0036541,0.0032191,0.0035141,0.0038595,0.0043698,0.0060942,0.0093861,0.018045,0.01974,0.016531,0.0072096,0.0051776,0.0037252,0.0034576,0.0029567,0.0029374,0.080104,0.03669,0.037386,0.040021,0.044021,0.053448,0.070199,0.11088,0.36341,0.35505,0.072954,0.043413,0.029509,0.021639,0.017105,0.013806,0.014479,0.015026,0.0030685,0.0013509,0.0012846,0.0021998,0.0024805,0.0031507,0.0048864,0.01549,0.014305,0.0030609,0.0024909,0.0012476,0.00077358,0.00093334,0.00031861,0.0005684,0.0015755,0.0023548,0.0018411,0.0022681,0.002585,0.0032499,0.0049125,0.0074522,0.034175,0.055366,0.004332,0.0045909,0.0037718,0.0031965,0.0032189,0.0027726,0.0028305,0.075532,0.0024814,0.0014516,0.0014382,0.0018412,0.0022527,0.003889,0.0097136,0.031175,0.13005,0.021169,0.010514,0.0080888,0.0071457,0.0056892,0.0069065,0.0061685,0.029437,0.0014475,0.00089751,0.00070411,0.00050553,0.00057954,0.00090691,0.00088358,0.0052816,0.033963,0.0043902,0.0025365,0.0016081,0.0010392,0.0010003,0.0010447,0.0010548,0.00051118,0.0016067,0.0024272,0.0023835,0.0028304,0.0032068,0.0042038,0.005564,0.010939,0.029435,0.0093822,0.0042088,0.0029129,0.0021219,0.00202,0.0016221,0.0015946,0.001276,0.0025619,0.0037999,0.0057208,0.0090959,0.01371,0.021681,0.042668,0.13015,0.13189,0.064603,0.040938,0.030248,0.026366,0.023456,0.02339,0.022547,0.044749,0.0036199,0.00088538,0.00068696,0.00038371,5.8248e-05,0.00041948,0.00060824,0.0032703,0.046532,0.0083642,0.0027008,0.0019793,0.0018333,0.0014133,0.0012668,0.0011234,0.0020676,0.0014508,0.0011947,0.0017,0.0018624,0.0022884,0.0034606,0.0058765,0.021911,0.065666,0.0044007,0.0034333,0.0025848,0.0024531,0.0017954,0.002098,0.0020104
0.010555,0.0019638,0.0021764,0.0016276,0.0024297,0.0038013,0.0057264,0.011465,0.040636,0.011251,0.019125,0.010925,0.0086666,0.0068987,0.0053038,0.0057291,0.0058518,0.022787,0.0018606,0.0016003,0.0013492,0.0012811,0.0023264,0.0030214,0.0044635,0.014071,0.014292,0.0085677,0.0041066,0.0030724,0.0026941,0.0019263,0.0021163,0.0020466,0.0058804,0.00048411,0.00066312,0.00084102,0.0013799,0.0020134,0.0027494,0.0054629,0.022251,0.025334,0.014375,0.0071085,0.0050923,0.0042936,0.0042817,0.0037045,0.0035802,0.0012016,0.029358,0.031016,0.033601,0.038491,0.047663,0.065893,0.112,0.37592,0.28157,0.092927,0.059931,0.046241,0.038353,0.034783,0.032108,0.031537,0.016197,0.001586,0.0014171,0.0020034,0.001803,0.0020838,0.0025375,0.0043181,0.016678,0.0092728,0.0049742,0.0025643,0.0015735,0.0012719,0.0013935,0.00095765,4.5799e-05,0.0050107,0.0037242,0.0038363,0.004519,0.0052039,0.0058901,0.0077737,0.011132,0.040081,0.0097733,0.0087313,0.0047816,0.0030117,0.0022751,0.0019966,0.0016444,0.0015889,0.058291,0.0033822,0.0024377,0.0020266,0.0021095,0.0026913,0.0040737,0.0073724,0.018678,0.083205,0.014753,0.0059345,0.003833,0.002844,0.0023835,0.0014575,0.0016041,0.023533,0.00071036,0.00049506,0.00031862,0.0013159,0.00081821,0.00099409,0.00078939,0.0025739,0.0061845,0.0043918,0.0016611,0.001102,0.0008994,0.00079332,0.00068003,0.00073624,0.0039254,0.00022727,0.00055175,0.00067248,0.0011053,0.0012908,0.0017699,0.0032805,0.013388,0.054108,0.0097744,0.0048639,0.003621,0.0029127,0.0023934,0.0025869,0.0025139,0.0048218,0.0031499,0.0034739,0.0061706,0.0089104,0.013366,0.021805,0.043348,0.15471,0.33833,0.042464,0.031175,0.024115,0.020616,0.019102,0.02028,0.018643,0.028853,0.0022968,0.00089998,0.00015658,0.00035743,0.00074033,0.0013002,0.0031513,0.0060392,0.041068,0.0097146,0.0021095,0.001801,0.0016221,0.0019462,0.0021508,0.0021763,0.0028172,0.0010735,0.0013706,0.0018082,0.0019241,0.0031308,0.004489,0.0073289,0.028651,0.024357,0.0096643,0.0060669,0.0047373,0.0038941,0.0036863,0.0038807,0.0036908
0.010262,0.0053456,0.0055669,0.0059997,0.0067515,0.0070793,0.0095592,0.01673,0.054098,0.055235,0.015578,0.0091331,0.0071948,0.0052625,0.0040262,0.0036222,0.0037461,0.017283,0.0031983,0.0025776,0.0026762,0.0035214,0.00409,0.0049081,0.0072736,0.019146,0.016508,0.0086067,0.0039436,0.002566,0.0016719,0.00097097,0.00064724,0.00063517,0.00081634,0.003197,0.0031429,0.0036826,0.0042249,0.00486,0.0054042,0.0083308,0.026695,0.019756,0.013225,0.0052622,0.0030343,0.0016665,0.0012139,0.0010868,0.00080108,0.027491,0.012374,0.013642,0.01654,0.022511,0.031681,0.050035,0.09014,0.33443,0.27494,0.097129,0.066275,0.053008,0.045067,0.042783,0.0402,0.038622,0.012482,0.00060229,0.00034175,0.00088266,0.0013534,0.0016942,0.0022978,0.0039734,0.013769,0.010923,0.0048206,0.0032927,0.0025328,0.0024695,0.0023915,0.0013698,0.0021172,0.0033284,0.0042271,0.0044946,0.00486,0.0051427,0.0058243,0.0079118,0.013522,0.038864,0.050595,0.0094141,0.0049539,0.0030273,0.0017373,0.0012148,0.0005309,2.8618e-05,0.045504,0.0042546,0.003494,0.0045766,0.0053853,0.0059779,0.007172,0.010842,0.026377,0.099911,0.024478,0.0079426,0.0043237,0.0024913,0.002144,0.0011245,0.0011158,0.02031,0.001125,0.0010583,0.0010209,0.001476,0.001595,0.0013578,0.0017749,0.0080289,0.028804,0.0057579,0.0021291,0.0015058,0.0011253,0.0010728,0.00086167,0.00075914,0.0065614,0.0030665,0.0032411,0.0034103,0.0035314,0.0038036,0.0050909,0.0080479,0.020108,0.051826,0.014035,0.0062703,0.0037983,0.0026494,0.0020715,0.0016116,0.0018006,0.0039216,0.0043253,0.0015949,0.0022653,0.0082591,0.0093896,0.0036811,0.018567,0.14313,0.19054,0.052075,0.017692,0.0047902,0.010419,0.010695,0.007239,0.0036584,0.019259,0.0034433,0.0034318,0.003886,0.0017674,0.002891,0.0072641,0.011714,0.016321,0.039211,0.019198,0.012787,0.0080314,0.0031314,0.0022016,0.0052762,0.0059033,0.0034161,0.0064377,0.0097599,0.0097653,0.0055917,0.0041454,0.014631,0.02561,0.051731,0.050583,0.016147,0.014057,0.0086223,0.0032143,0.00097499,0.0027494,0.0033665
0.014078,0.0082246,0.0044623,0.0054188,0.005829,0.0069546,0.01028,0.015834,0.068949,0.027823,0.017872,0.0095054,0.0077984,0.0048215,0.0054704,0.0050858,0.0044003,0.040997,0.0073705,0.0027937,0.0042066,0.0022097,0.0025772,0.0038245,0.0057164,0.022741,0.012591,0.0073271,0.0033708,0.0026702,0.0016593,0.0015875,0.0012253,0.0015908,0.014706,0.0015782,0.0012566,0.0016983,0.0010718,0.0019217,0.004822,0.0037904,0.016831,0.035312,0.013278,0.0052009,0.0037692,0.0025145,0.0029192,0.0025622,0.0022316,0.078553,0.02613,0.028423,0.034028,0.035601,0.045852,0.065492,0.12765,0.44636,0.27115,0.062059,0.045561,0.036116,0.029492,0.025636,0.023122,0.025422,0.017319,0.0012024,0.0015097,0.0026281,0.0019297,0.00077749,0.0019636,0.002437,0.017166,0.0064962,0.0044695,0.0023923,0.0023387,0.0016119,0.0021161,0.00071131,0.0011826,0.0027619,0.0014637,0.0012984,0.0016508,0.00094471,0.0034341,0.0053731,0.011863,0.039351,0.021503,0.0025935,0.00075368,0.00060636,0.00082792,0.00086219,0.00020966,0.00038147,0.081102,0.0097691,0.0060049,0.0062091,0.0057812,0.0079772,0.010692,0.021425,0.080326,0.12757,0.020254,0.0067724,0.0069396,0.0043184,0.0054729,0.0044102,0.004303,0.033375,0.0037959,0.0026034,0.0017922,0.0019064,0.0016502,0.001744,0.0030974,0.0065459,0.028553,0.0071572,0.0019203,0.0011458,0.00071086,0.00038498,0.00052744,0.00022507,0.0083657,0.0011825,0.0021303,0.0011155,0.0028907,0.0019529,0.0047044,0.0093015,0.025882,0.028304,0.0088679,0.0045544,0.0032409,0.0022425,0.0024412,0.0023242,0.0018158,0.0099947,0.014888,0.016235,0.017758,0.026085,0.035591,0.055664,0.10629,0.24492,0.21515,0.10918,0.068137,0.053572,0.04767,0.041449,0.042061,0.03859,0.052407,0.010662,0.005579,0.0053676,0.0021747,0.0031711,0.0042651,0.0051099,0.015653,0.037576,0.0094263,0.0042362,0.0032434,0.0016356,0.0015173,0.0011193,0.0025406,0.0065747,0.0021295,0.0019313,0.0012803,0.0016134,0.0012522,0.0033286,0.0038622,0.0041942,0.033646,0.0093646,0.003116,0.0027947,0.0014401,0.0015849,0.001766,0.0015087
0.059165,0.016221,0.020961,0.022462,0.027205,0.03435,0.05153,0.13739,0.254,0.030421,0.018747,0.011343,0.0080332,0.0043427,0.0029481,0.0032944,0.002554,0.058293,0.0042846,0.0018545,0.0036843,0.0034035,0.00341,0.0084081,0.022751,0.054303,0.0093207,0.0059159,0.003942,0.003155,0.0029182,0.0032139,0.0023383,0.0026207,0.021391,0.0010136,0.00070076,0.002258,0.0040577,0.0067839,0.011699,0.053143,0.07354,0.018877,0.010725,0.0085674,0.0073048,0.0061337,0.0056924,0.0057024,0.0058805,0.058192,0.021277,0.020873,0.022468,0.028743,0.039119,0.059026,0.07321,0.38137,0.12875,0.067943,0.049306,0.040548,0.034712,0.031331,0.0287,0.028525,0.011866,0.0022599,0.0019503,0.0019718,0.0022255,0.0033661,0.0056395,0.022872,0.017441,0.0096381,0.0040271,0.0027869,0.0025049,0.003118,0.0029985,0.0050099,0.0020619,0.01494,0.0082188,0.0090503,0.010557,0.012504,0.015947,0.027263,0.095121,0.039829,0.014432,0.0094325,0.0065399,0.0048474,0.0039122,0.0032997,0.0024256,0.0029736,0.11802,0.0075974,0.0089444,0.010284,0.013169,0.016849,0.02786,0.081213,0.25625,0.030944,0.014643,0.0091007,0.0080986,0.0065445,0.0051368,0.0057795,0.0024319,0.035767,0.0022719,0.00028125,0.00079038,0.0015239,0.0028954,0.0047571,0.01667,0.016144,0.0040996,0.0038061,0.0030756,0.0027309,0.0027663,0.0022554,0.0020369,0.0024377,0.0032444,0.0042411,0.0047378,0.0056083,0.0067708,0.010044,0.017881,0.046056,0.075615,0.022943,0.012329,0.0094272,0.0075711,0.0066919,0.0061154,0.0057041,0.0055562,0.019356,0.0039371,0.0066661,0.012611,0.018106,0.029684,0.057118,0.20606,0.38041,0.099951,0.05674,0.041874,0.034482,0.029687,0.028143,0.024585,0.03547,0.073739,0.0047159,0.0026813,0.0028135,0.0016556,0.002767,0.0052405,0.013426,0.012077,0.002685,0.0024276,0.0012511,0.0011285,0.00067654,0.00073233,0.0013464,0.00013733,0.0079995,0.0032912,0.0038522,0.0050994,0.0075838,0.013271,0.026631,0.078103,0.080565,0.021207,0.016165,0.012966,0.011103,0.0099973,0.0096008,0.0093199,0.0089265
0.0036393,0.01535,0.015811,0.018356,0.020673,0.026997,0.036736,0.30505,0.10789,0.035581,0.019866,0.013736,0.0085719,0.0045809,0.0056612,0.0041469,0.0032883,0.031098,0.0036373,0.001758,0.0016333,0.0021037,0.0028286,0.0037653,0.035103,0.010558,0.0040739,0.0016797,0.0013664,0.00048471,0.00098417,0.00072806,0.00033984,0.00043871,0.011484,0.0026439,0.0027619,0.0029387,0.0032487,0.0052016,0.01394,0.10131,0.001324,0.0020132,0.0012275,0.0011767,0.00034035,0.00089692,0.00018365,0.0001917,0.00038721,0.039067,0.022715,0.053913,0.078036,0.09926,0.11769,0.17457,0.53925,0.13823,0.096534,0.068633,0.046307,0.024631,0.0093287,0.016802,0.021725,0.024201,0.015469,0.0021254,0.0033894,0.0040303,0.0046783,0.0051911,0.0052381,0.046894,0.010054,0.0078517,0.0060524,0.0042566,0.0041022,0.0018157,0.0071196,0.0032665,0.0028496,0.0033093,0.0071642,0.011868,0.016786,0.021528,0.025736,0.032238,0.17084,0.033253,0.02778,0.025105,0.02216,0.018561,0.015017,0.010555,0.0071665,0.0055104,0.072078,0.0071868,0.0054312,0.0041761,0.0065081,0.0091665,0.017458,0.11918,0.082637,0.020101,0.012997,0.0089074,0.0073531,0.0065029,0.01007,0.0057241,0.0056592,0.024771,0.0022851,0.0023464,0.00196,0.0022886,0.0028934,0.0058554,0.037681,0.0049992,0.0023952,0.0011425,0.00084537,0.00092599,0.00036843,0.00015341,0.00052946,0.00040245,0.010996,0.0018797,0.001612,0.001451,0.0015968,0.0016402,0.0013867,0.11669,0.0093032,0.0046829,0.0024905,0.0019814,0.0015568,0.0012246,0.0017033,0.00099764,0.0012837,0.009329,0.010448,0.011783,0.014458,0.019261,0.029119,0.056862,0.4513,0.11846,0.055553,0.033859,0.027409,0.020781,0.018733,0.021821,0.012528,0.012926,0.042643,0.0055134,0.0021829,0.0021387,0.0012459,0.0012531,0.0023071,0.028989,0.0059755,0.0029741,0.0019863,0.0013924,0.0013848,0.0019739,0.0049052,0.0015504,0.00016213,0.0084096,0.0023204,0.0019764,0.001605,0.0017332,0.0029631,0.011958,0.22867,0.0055062,0.0026454,0.00099849,0.00044878,0.00034478,0.00016903,0.0011783,0.00032663,0.00046731
0.021004,0.0092346,0.0082662,0.009218,0.010669,0.014771,0.023408,0.22195,0.090542,0.027936,0.013438,0.010454,0.008206,0.010018,0.0077236,0.0048597,0.0051156,0.0096246,0.0034754,0.00048452,0.00063813,0.001159,0.0015415,0.0021372,0.028142,0.020702,0.0077176,0.004321,0.0036461,0.0028766,0.0023435,0.0029341,0.0028249,0.0024071,0.012675,0.0029066,0.0031183,0.0035882,0.0052512,0.0085938,0.015416,0.10434,0.025623,0.010899,0.0061531,0.0048184,0.0041618,0.0041942,0.0041461,0.0032633,0.0034771,0.021349,0.017847,0.018601,0.020334,0.023718,0.032522,0.059957,0.55492,0.086545,0.032588,0.018789,0.013546,0.010678,0.009091,0.011243,0.005824,0.005766,0.021105,0.0011886,0.00060146,0.0018952,0.0019755,0.0025366,0.0059218,0.053323,0.0085993,0.0049235,0.0019687,0.0022464,0.001271,0.0013139,0.0075695,0.0016185,0.0016003,0.015852,0.0051512,0.0060571,0.0066913,0.0082646,0.011024,0.023905,0.21582,0.043273,0.017149,0.010305,0.0080959,0.0063856,0.0063154,0.0038907,0.0057215,0.0050107,0.020981,0.0095144,0.0020641,0.0057105,0.015172,0.027349,0.038005,0.078163,0.09568,0.021108,0.021898,0.018679,0.011549,0.0048853,0.0059808,0.0059368,0.011078,0.021559,0.0029234,0.0021175,0.0042401,0.0042576,0.005975,0.0050893,0.03366,0.01656,0.010731,0.0036761,0.0015174,0.0017142,0.0022807,0.0025573,0.0017708,0.0014096,0.025385,0.0064756,0.0025321,0.0055988,0.013853,0.018574,0.026565,0.075744,0.044543,0.012689,0.0090592,0.0030174,0.0024742,0.0050085,0.0049613,0.0037338,0.00081826,0.020796,0.0057722,0.0070868,0.010179,0.017564,0.02959,0.058776,0.47902,0.18354,0.070524,0.048135,0.034028,0.02948,0.026141,0.021922,0.023314,0.02207,0.010836,0.0035964,0.0022861,0.0031604,0.0009348,0.001038,0.00078407,0.023471,0.013666,0.0037966,0.0022487,0.0025943,0.0019047,0.001756,0.0038222,0.0040615,0.002409,0.01076,0.0026525,0.003714,0.0045603,0.0072591,0.011105,0.018222,0.20435,0.058457,0.023863,0.015488,0.012706,0.010297,0.0097532,0.0087617,0.0086844,0.0083905
0.013903,0.0075416,0.0095202,0.0081677,0.011424,0.017761,0.02851,0.042487,0.10617,0.051047,0.029509,0.020986,0.017821,0.015385,0.014496,0.013562,0.0129,0.0049115,0.0030919,0.0012525,0.0030225,0.0022418,0.0019344,0.0042685,0.0068595,0.0077907,0.0078939,0.004268,0.0030058,0.0024574,0.0024636,0.001799,0.0021629,0.0016842,0.0086099,0.0028707,0.0032694,0.0027833,0.0047457,0.0025568,0.0087417,0.019871,0.029714,0.011215,0.0069318,0.0046797,0.0031933,0.0025967,0.0021658,0.0019963,0.0017052,0.0029774,0.019369,0.02061,0.023098,0.028051,0.038787,0.071174,0.2189,0.12112,0.095177,0.043005,0.034377,0.028054,0.024084,0.022199,0.020483,0.022398,0.019255,0.0026546,0.00031223,0.0023491,0.0028955,0.0022845,0.0030764,0.019528,0.012647,0.0011422,0.0016371,0.00030445,7.6375e-05,0.00061051,0.00034894,0.00037402,0.00056267,0.0087968,0.0024744,0.0032769,0.0027041,0.0038332,0.0045018,0.0092635,0.06479,0.052643,0.010686,0.0040993,0.0024621,0.0025505,0.0019442,0.0017865,0.0018332,0.0015602,0.032828,0.016118,0.01687,0.01726,0.019618,0.024638,0.037265,0.048868,0.10994,0.13591,0.032985,0.018236,0.010621,0.0089217,0.0064317,0.0055596,0.0077192,0.015133,0.0026377,0.0025785,0.0029882,0.0020442,0.0020981,0.0033805,0.014431,0.021861,0.020686,0.0084258,0.0031827,0.002523,0.0017676,0.0013528,0.0013783,0.00086596,0.014368,0.001865,0.0024321,0.002027,0.0041017,0.0044124,0.0062537,0.028177,0.046728,0.020856,0.0040307,0.0015884,0.00097375,0.00095312,0.00084092,0.00034745,0.00036049,0.048274,0.016347,0.016687,0.020321,0.021789,0.026758,0.034316,0.1032,0.23337,0.085548,0.027472,0.015256,0.0092474,0.0067255,0.0053744,0.0035422,0.00079919,0.0067159,0.0013563,0.0019465,0.00092858,0.0028108,0.0015502,0.0019754,0.0069682,0.01333,0.0043421,0.002205,0.00095959,0.00029487,0.00031399,0.00051613,0.00029858,0.00018883,0.016447,0.0037611,0.0044811,0.0038928,0.0057644,0.0074912,0.01065,0.059198,0.069617,0.010888,0.0070695,0.0044404,0.0034527,0.0028575,0.0023666,0.0023213,0.0024624
0.01099,0.0011437,0.0011235,0.0018879,0.0044041,0.003159,0.003506,0.022577,0.08392,0.024843,0.032582,0.011304,0.00633,0.001886,0.0043533,0.0038385,0.0032998,0.0088769,0.00073968,0.0013896,0.0018064,0.0038903,0.0005449,0.0032719,0.0024824,0.011983,0.015612,0.014163,0.0053127,0.0031596,0.0016662,0.0022693,0.0020641,0.0019188,0.0061742,0.0010495,0.0013114,0.0013321,0.00075186,0.0031718,0.0051665,0.015044,0.025129,0.011617,0.022451,0.010483,0.0066895,0.0046938,0.0043647,0.0039661,0.0037251,0.037728,0.025325,0.025768,0.026687,0.028323,0.034154,0.040763,0.077577,0.31606,0.34127,0.10296,0.044643,0.026332,0.016806,0.014788,0.011839,0.012741,0.011889,0.0014875,0.0013299,0.0027269,0.0026256,0.0020882,0.0027011,0.005934,0.0099959,0.014721,0.0022883,0.0019114,0.0011605,0.0014116,0.00044563,0.0010283,0.00010492,0.011393,0.00059956,0.00028514,0.0015738,0.0013392,0.0031844,0.0060554,0.028992,0.019093,0.016039,0.0099489,0.0058147,0.0042015,0.0033254,0.0030944,0.0032455,0.0029545,0.019543,0.0022841,0.0022748,0.0055258,0.0084588,0.0082832,0.012183,0.031556,0.10871,0.0766,0.084993,0.027075,0.013124,0.01118,0.011024,0.0071452,0.0057946,0.005436,0.002644,0.0025627,0.0035762,0.0051144,0.0026104,0.0040426,0.0046692,0.0056648,0.035475,0.017364,0.0057587,0.0035109,0.0024098,0.0011436,0.0010699,0.00097277,0.013474,0.00060739,0.00018215,0.00041342,0.0017648,0.0025751,0.0058732,0.013974,0.012344,0.027095,0.024633,0.0085515,0.0046329,0.0025999,0.0025545,0.0022577,0.0022621,0.034958,0.014536,0.013359,0.01467,0.019541,0.018925,0.03164,0.015339,0.28952,0.11837,0.071349,0.057125,0.031248,0.027768,0.021987,0.021703,0.020928,0.014637,0.0010771,0.00060167,0.0050622,0.00036761,0.00081907,0.0015265,0.0023287,0.016398,0.024018,0.012331,0.014058,0.0045193,0.006097,0.0041837,0.0027422,0.0045548,0.011311,0.0013179,0.0020271,0.0015562,0.004374,0.0011466,0.012875,0.023134,0.0056418,0.038411,0.013677,0.0066728,0.0012751,0.0022269,0.00029633,0.0008983,0.001133
0.01763,0.00075316,0.0028361,0.0036188,0.0038656,0.0038348,0.0065279,0.016542,0.022374,0.022046,0.017114,0.022089,0.0012272,0.0017485,0.00092682,0.0010775,0.00044442,0.030064,0.0020697,0.0014806,0.00075762,0.00055724,0.00082176,0.0010711,0.00069224,0.0035966,0.0042582,0.0065888,0.00833,0.0024182,0.0016149,0.0010999,0.00096426,0.00077441,0.00177,0.00070436,0.0014068,0.001841,0.0019619,0.0022395,0.0024041,0.0087613,0.00045541,0.0079769,0.0091365,0.024285,0.003481,0.00098912,0.00060002,0.00025813,0.00018691,0.024233,0.012978,0.011207,0.0095946,0.01178,0.014823,0.019625,0.046036,0.046673,0.022441,0.17042,0.031128,0.01814,0.014233,0.01205,0.01225,0.010519,9.5386e-05,0.0025569,0.00099774,0.0019847,0.00077652,0.00026723,0.00039121,0.0046272,0.0010441,0.0004441,0.021656,0.0025214,0.0029165,0.0016887,0.0005037,0.00096372,0.00059128,0.0075532,0.0012882,0.00077011,0.00091916,0.00080337,0.0012032,0.0012886,0.014011,0.005945,0.0040254,0.021866,0.0082583,0.0020044,0.0011498,0.0011157,0.00086819,0.0009041,0.00038527,0.0016519,0.0035132,0.0039519,0.0050973,0.0054305,0.0076738,0.019436,0.028554,0.015395,0.024929,0.065227,0.0036703,0.0023799,0.0024447,0.0027128,0.0015908,0.0038758,0.0020698,0.0014365,0.0011361,0.0016373,0.0014466,0.0010503,0.0021383,0.0043214,0.0071347,0.0109,0.022474,0.0017764,0.001405,0.0014333,0.0012482,0.0011788,0.0096723,0.0018073,0.0018907,0.0017377,0.0017086,0.0017839,0.0014853,0.004236,0.0054507,0.0049866,0.01568,0.014461,0.0048307,0.0024803,0.0012894,0.0008622,0.00071145,0.019562,0.0065481,0.0037427,0.0041225,0.0054886,0.007117,0.011599,0.029192,0.061242,0.088291,0.1095,0.044908,0.017304,0.011731,0.0072924,0.0066315,0.00589,0.034094,0.0020157,0.0015899,0.00079741,0.002582,0.0028525,0.0032647,0.0042138,0.0075072,0.008871,0.034109,0.026496,0.008358,0.0056182,0.0043552,0.0040785,0.0038357,0.014437,0.0038544,0.0031422,0.0037805,0.0040388,0.0040549,0.0042845,0.013038,0.015444,0.0092081,0.039052,0.026262,0.0073174,0.0050194,0.0039579,0.0032042,0.0030613
0.00065041,0.0021334,0.0015066,0.00056521,0.0012041,0.00043683,0.00064622,0.0019151,0.003083,0.013168,0.013147,0.034207,0.0056792,0.0024824,0.0021658,0.001057,4.3839e-05,0.039603,0.0054696,0.0017979,0.0025729,0.0012299,0.00061534,0.0016017,0.0025798,0.0021389,0.0018154,0.0040451,0.022323,0.003365,0.00019624,0.00034254,7.8623e-05,0.0001812,0.0053578,0.0025342,0.0023473,0.00068661,0.002133,0.0019822,0.0021393,0.0030306,0.0014687,0.0066769,0.01169,0.016655,0.0069394,0.0023195,0.0015678,0.0011233,0.0009365,0.027096,0.002918,0.0032546,0.001175,0.0037893,0.0041104,0.0053788,0.019056,0.026432,0.037724,0.13421,0.036244,0.014847,0.010632,0.008477,0.0077538,0.0084153,0.017548,0.0055957,0.001119,0.0024922,0.0022762,0.00087151,0.001088,0.0025586,0.0011105,0.0020474,0.014707,0.0021898,0.00046852,0.00055264,0.00047967,0.00072349,0.00034332,0.00096322,0.0019145,0.00080312,0.00089039,0.00085741,0.0010259,0.00076984,0.0074073,0.00068375,0.0033274,0.014483,0.0058033,0.0032385,0.0019472,0.0017054,0.0014975,0.0014401,0.0098726,0.002558,0.0028411,0.0025762,0.0015315,0.0017397,0.0017151,0.0030241,0.0044073,0.012186,0.0046796,0.069787,0.02144,0.0068576,0.0047206,0.0045418,0.0043259,0.013899,0.0035778,0.0037512,0.00053685,0.0014586,0.001396,0.0012903,0.0030229,0.0034222,0.0025648,0.0086771,0.025529,0.0053894,0.0025666,0.0019851,0.0017438,0.0015621,0.0038682,0.0016632,0.0014841,0.0018372,0.0014277,0.0020888,0.0014001,0.0068479,0.0047485,0.0028162,0.010808,0.02125,0.0093122,0.003955,0.0028397,0.0024528,0.0022889,0.0093023,0.0034043,0.003217,0.0036134,0.0038481,0.0040227,0.0052156,0.0074522,0.014518,0.025102,0.021024,0.11248,0.019138,0.013032,0.010394,0.010117,0.0089818,0.033078,0.002662,0.0023739,0.0012031,0.00071469,0.00039492,0.00091835,0.0010391,0.0022048,0.0054033,0.010173,0.04852,0.0061689,0.0053439,0.0042621,0.0040202,0.0040818,0.0060559,0.0020284,0.0014731,0.00081163,0.0011563,0.0018311,0.0023109,0.0081679,0.0036127,0.0036225,0.0053649,0.046836,0.0043398,0.0051143,0.0039784,0.0036226,0.0034047
0.013218,0.00071559,0.0012332,0.00075708,0.0013042,0.00086426,0.0011529,0.0037951,0.0030789,0.0047891,0.021371,0.0077456,0.0038374,0.0018585,0.001299,0.0014385,0.0018578,0.078206,0.0039803,0.0027727,0.0018403,0.0011889,0.0024367,0.0022018,0.0020706,0.0020433,0.0030601,0.0065235,0.0043395,0.0025452,0.0012816,0.00083548,0.00079658,0.0007515,0.023362,0.00078024,0.00066459,0.00058599,0.00058007,0.00074288,0.00033692,0.0016364,0.0013435,0.0091472,0.025333,0.0049649,0.0015761,0.0007399,0.0006061,0.00043449,0.00041961,0.049931,0.0049011,0.0050162,0.0053279,0.0073185,0.0093584,0.012798,0.03011,0.050095,0.26365,0.020128,0.0093894,0.010549,0.010717,0.0093093,0.008286,0.0082666,0.050807,0.003096,0.0016024,0.0021902,0.00038608,0.001129,0.0010526,0.0025529,0.0023228,0.022627,0.0084488,0.0021836,0.0016086,0.0012395,0.00047574,0.00025099,0.00036049,0.0085927,0.00058231,0.00042179,0.00061179,0.0008191,0.00055473,9.9509e-05,0.0049214,0.0030368,0.019766,0.018467,0.003694,0.0012298,0.00024186,0.00030349,0.00017472,0.000124,0.013899,0.0050188,0.0049334,0.0052622,0.0051478,0.0054143,0.0068604,0.0069935,0.015204,0.017869,0.067187,0.018674,0.0086723,0.0040142,0.0026061,0.001425,0.00098612,0.047484,0.0056108,0.0034034,0.0023319,0.0014869,0.0026894,0.0025224,0.0020518,0.0038634,0.0034523,0.011046,0.0088197,0.0044683,0.0023011,0.0021423,0.0015516,0.00136,0.011706,0.0012525,0.00086336,0.00071683,0.0014081,0.0011705,0.001621,0.0050989,0.0038703,0.012777,0.031745,0.0035545,0.003293,0.0025356,0.0021708,0.0020258,0.0019551,0.020712,0.010749,0.011137,0.010909,0.013502,0.014671,0.017655,0.019862,0.038689,0.11277,0.1448,0.035453,0.016406,0.0098731,0.0063611,0.004689,0.0038243,0.06759,0.0065564,0.004048,0.0048859,0.0047068,0.0041408,0.0053816,0.0071277,0.0075602,0.021912,0.029756,0.013412,0.0063514,0.0024248,0.0015143,0.0010227,0.00098039,0.0031815,0.001445,0.0020664,0.002277,0.0030665,0.0021073,0.0031212,0.0069199,0.0034185,0.011432,0.037416,0.010738,0.0048529,0.0027612,0.0020796,0.0018159,0.0016327
0.0053712,0.0042323,0.00359,0.0013896,0.0012464,0.0027443,0.0031761,0.0059092,0.014168,0.040305,0.013328,0.0037606,0.0023281,0.0008594,0.0010423,0.00078447,0.00016404,0.095613,0.002959,0.0008715,0.00077491,0.0014439,0.000862,0.0010491,0.0010627,0.0013843,0.020162,0.0090735,0.0030301,0.0013454,0.00082327,0.0006052,0.00052175,0.00060274,0.025786,0.0013483,0.00050966,0.00081654,0.00035117,0.00075323,0.00051481,0.0032972,0.0048194,0.0087974,0.010232,0.0024513,0.0010252,0.00085559,0.00037241,0.00019551,0.00019262,0.08711,0.012643,0.016467,0.01785,0.019415,0.022972,0.029808,0.038941,0.10732,0.40277,0.052131,0.027014,0.017469,0.012816,0.010178,0.010768,0.0094797,0.054519,0.0028567,0.0017638,0.0018738,0.0015817,0.0012935,0.0020128,0.0015126,0.0069426,0.020136,0.0017598,0.0014329,0.0011111,0.00083973,0.001103,0.00092234,0.0011578,0.0061265,0.0011954,0.001438,0.0016802,0.0015184,0.0023578,0.0024919,0.006374,0.013438,0.048827,0.010344,0.0052656,0.0037851,0.0032414,0.0027073,0.0026084,0.0023651,0.019942,0.0062135,0.0020397,0.0073764,0.0066702,0.0018173,0.011896,0.026614,0.033363,0.023255,0.13069,0.042271,0.012942,0.017527,0.022996,0.016534,0.0092985,0.066526,0.0021422,0.003032,0.0058376,0.006219,0.0021231,0.0067906,0.013844,0.016065,0.012615,0.043081,0.014934,0.0043087,0.0042065,0.0061013,0.0044712,0.0015602,0.011717,0.0014032,0.0016216,0.0023957,0.000962,0.0011339,0.0037447,0.0023069,0.0036565,0.031644,0.026641,0.0056891,0.0012576,0.0030056,0.0034245,0.0024183,0.00081445,0.011877,0.014958,0.014723,0.015777,0.016835,0.019421,0.023373,0.036475,0.054763,0.13038,0.07366,0.028405,0.016252,0.010685,0.0069733,0.0055443,0.006014,0.095661,0.00062797,0.0025611,0.0043497,0.0036482,0.0041662,0.0051301,0.0057476,0.011227,0.047998,0.022991,0.0075702,0.0042063,0.0025062,0.0017518,0.0014187,0.0014134,0.0013752,0.00125,0.0012324,0.0017664,0.0013376,0.0022672,0.0031796,0.0006175,0.011283,0.070065,0.011531,0.005721,0.0039283,0.0032263,0.0025302,0.0024591,0.0024586
2.6699e-05,0.0031911,0.0012735,0.0018431,0.001634,0.003319,0.0036164,0.0061658,0.0061983,0.018072,0.013882,0.0037685,0.0029417,0.0024587,0.0013159,0.0015298,0.00075914,0.0642,0.0051264,0.002964,0.002001,0.0012094,0.0021824,0.0016211,0.0024598,0.0040809,0.010186,0.0067828,0.0016665,0.0011343,0.00075699,0.00048167,0.00048817,0.00037575,0.015925,0.0010022,0.00042504,0.00033004,0.00030181,0.0001624,0.00065815,0.00053731,0.0047063,0.026854,0.011043,0.0027671,0.0015448,0.0010908,0.00062368,0.00054688,0.00063134,0.017016,0.029182,0.030088,0.03231,0.036803,0.044084,0.057325,0.084603,0.20467,0.21803,0.09807,0.052478,0.036753,0.029464,0.024332,0.023346,0.02265,0.038344,0.0019241,0.0018984,0.00076607,0.0016877,0.0019706,0.0023134,0.0042339,0.010582,0.018018,0.0039499,0.0023112,0.0020059,0.0014257,0.0021116,0.0007581,0.00081444,0.0029507,0.0011044,0.0011078,0.001581,0.0023732,0.0023436,0.0041343,0.0089582,0.020276,0.041028,0.016677,0.0084261,0.0063877,0.0051191,0.0048362,0.004449,0.0043011,0.0029564,0.0038504,0.00049038,0.00095651,0.003012,0.0046096,0.0078078,0.013933,0.019908,0.048326,0.083053,0.032245,0.021434,0.016654,0.015601,0.014362,0.013905,0.035937,0.0041441,0.0024992,0.0023938,0.0027107,0.0031937,0.0040536,0.0053386,0.010008,0.01341,0.02647,0.0091182,0.0058984,0.0047025,0.0039787,0.003522,0.0035611,0.0042535,0.001335,0.0012215,0.0016228,0.0014186,0.0020402,0.0029382,0.0038097,0.0054309,0.036231,0.018685,0.0064222,0.0043608,0.0032537,0.0026918,0.0025692,0.0025292,0.0045567,0.0026652,0.0023282,0.0028067,0.0039627,0.0059296,0.009015,0.014337,0.043271,0.25748,0.034694,0.018473,0.014032,0.012162,0.011055,0.010112,0.0098135,0.062306,0.0045122,0.0030209,0.0024036,0.0016321,0.0010573,0.001116,0.0012562,0.0012517,0.04244,0.0068961,0.00078993,0.0001195,0.00017374,0.00049684,7.4156e-05,0.00040818,0.00069238,0.0014435,0.0012259,0.001456,0.0014119,0.0022903,0.0033005,0.0059574,0.011959,0.057945,0.0063298,0.0040945,0.0031356,0.0027995,0.0021861,0.0022118,0.0020581
0.0090371,0.0021785,0.0013168,0.0015429,0.0016404,0.0019935,0.0022105,0.0059963,0.032329,0.050786,0.011288,0.0022243,0.00059033,0.0011192,0.00016995,0.00096768,0.00012207,0.03781,0.0036492,0.0018785,0.00099509,0.0012322,0.00093311,0.0013917,0.0024301,0.0083666,0.01509,0.0095934,0.0027949,0.0019231,0.0019501,0.0010382,0.0014126,0.0014744,0.011025,0.00092947,0.00067123,0.00083238,0.0010554,0.00076262,0.001495,0.0012385,0.0095755,0.022111,0.015403,0.0038767,0.0020084,0.0010476,0.00089983,0.00085578,0.0007782,0.066222,0.029023,0.035705,0.050904,0.022023,0.070698,0.073028,0.07417,0.47686,0.15368,0.15894,0.077912,0.034633,0.057156,0.03054,0.03516,0.037345,0.021702,0.0017941,0.0010902,0.0023527,0.0012344,0.0022821,0.003224,0.0025045,0.019819,0.0011381,0.0050633,0.0046943,0.0016543,0.0023049,0.0018151,0.0015338,0.0028077,0.0022068,0.0035931,0.0024922,0.0039227,0.0034104,0.0040967,0.0070585,0.0041366,0.038392,0.029381,0.012105,0.0047131,0.0031757,0.0032821,0.00087514,0.0027426,0.00040629,0.023753,0.0058076,0.0065257,0.0057539,0.006748,0.0087452,0.011289,0.016708,0.032891,0.128,0.043004,0.018565,0.01175,0.0092904,0.0067663,0.0064515,0.0072461,0.021801,0.0028624,0.0018623,0.0024011,0.0024673,0.0024215,0.0028339,0.0034364,0.0089632,0.042769,0.010034,0.0039034,0.0022456,0.0014932,0.0013169,0.001111,0.00099183,0.0072766,0.0019604,0.0018502,0.0020655,0.002393,0.0028708,0.0035772,0.005851,0.011067,0.025683,0.02181,0.0079035,0.005378,0.0042592,0.0035123,0.0033243,0.0032864,0.0092298,0.010759,0.011214,0.01229,0.013547,0.017128,0.022342,0.035681,0.10517,0.21099,0.043252,0.023731,0.016605,0.01408,0.012167,0.010502,0.0099622,0.033425,0.0032867,0.0017558,0.0012449,0.0011099,0.00087911,0.0010314,0.0012343,0.0046713,0.05421,0.0024445,0.0015117,0.001058,0.00061534,0.00053402,0.00027285,0.00069431,0.0017052,0.0012759,0.0014741,0.0014745,0.0017208,0.002604,0.0037413,0.0070221,0.022408,0.050782,0.0099809,0.0052291,0.0039474,0.0034494,0.0030651,0.0026448,0.0026589
0.0059472,0.0015233,0.0014326,0.0010842,0.0024296,0.0028066,0.004807,0.010542,0.010169,0.040786,0.0078127,0.0014253,0.00058939,0.0029243,0.0012411,0.00073119,0.00086214,0.022112,0.001938,0.0011619,0.0014205,0.0021394,0.0022243,0.0027633,0.003608,0.0071807,0.019863,0.00794,0.0027814,0.0016435,0.0010478,0.00092172,0.00070867,0.00066184,0.0099508,0.001562,0.0015925,0.0016275,0.0016048,0.0019194,0.0025678,0.0033209,0.0096103,0.033775,0.012346,0.0038671,0.001769,0.0013369,0.00053052,0.00041079,0.00029563,0.017016,0.028342,0.030482,0.033416,0.038517,0.048401,0.065947,0.11324,0.36334,0.22954,0.11083,0.071202,0.053898,0.044874,0.040401,0.037307,0.036379,0.013998,0.0018779,0.0016082,0.001512,0.0020426,0.002073,0.0028673,0.0045937,0.014381,0.011371,0.0056269,0.0033624,0.0025134,0.0020043,0.0025285,0.0011851,0.0014668,0.0090334,0.0052253,0.0054477,0.0057784,0.006422,0.0073889,0.0095223,0.013301,0.037079,0.041201,0.012943,0.0064749,0.0038672,0.0024958,0.0016918,0.00090757,0.0008774,0.016834,0.01021,0.0095972,0.010231,0.011748,0.012973,0.016111,0.024591,0.038061,0.072937,0.040846,0.015635,0.0088328,0.0053551,0.0032511,0.0011788,0.0021477,0.0075742,0.0021367,0.0019638,0.0018335,0.0014116,0.002415,0.0027099,0.0037173,0.010084,0.02352,0.0087477,0.0039757,0.0027017,0.0019673,0.0017009,0.0015076,0.0014172,0.0018101,0.0018624,0.0019742,0.0022411,0.0022264,0.0023699,0.0035926,0.0047505,0.0021222,0.048385,0.011215,0.0043409,0.002204,0.0014198,0.00093412,0.00080225,0.00058557,0.012148,0.016144,0.016277,0.016822,0.019157,0.022594,0.030131,0.047614,0.14061,0.20439,0.046221,0.027894,0.018766,0.014678,0.011382,0.010402,0.0098516,0.020151,0.0014991,0.00097117,0.00070875,0.00049032,0.0006216,0.00016663,0.00049543,0.0037198,0.042119,0.0042465,0.001764,0.00097963,0.00081859,0.00042746,0.00045678,0.0004139,0.0037804,0.0035532,0.0037417,0.0038411,0.004309,0.0054936,0.0063051,0.0087481,0.026326,0.062254,0.0090898,0.004618,0.0032512,0.0017923,0.0011651,0.0011966,0.00091935
0.002287,0.0013351,0.0023865,0.0019513,0.0012805,0.0025673,0.0034767,0.0077424,0.046644,0.068059,0.010635,0.0032576,0.0019948,0.0021072,0.0016854,0.0016397,0.0015736,0.017819,0.001829,0.0021867,0.0022065,0.002024,0.0028892,0.0032007,0.0043126,0.015144,0.018295,0.0086705,0.0034276,0.0016657,0.001367,0.00049663,0.00040447,7.6316e-05,0.0055104,0.0014768,0.0014409,0.0013894,0.0015593,0.0022324,0.002233,0.0032474,0.014255,0.028181,0.015052,0.0047655,0.0025798,0.0016523,0.0014938,0.0013016,0.0013371,0.02109,0.013627,0.015528,0.020055,0.025739,0.035217,0.053818,0.096265,0.35605,0.37544,0.1217,0.078652,0.061565,0.052327,0.0476,0.044548,0.043647,0.0049649,0.00099024,0.00045351,0.00038333,0.001057,0.0015592,0.0019478,0.0041677,0.014093,0.010642,0.0061349,0.0037704,0.0029917,0.0023183,0.0026981,0.0025688,0.0016995,0.0018578,0.0047086,0.004781,0.0052026,0.0059565,0.0065326,0.0090523,0.015205,0.044916,0.036464,0.0131,0.0064307,0.0041084,0.002669,0.0021688,0.00164,0.0015526,0.029273,0.0011382,0.0029914,0.0029621,0.0046499,0.007141,0.010877,0.017441,0.054305,0.072063,0.052289,0.026603,0.018856,0.015579,0.01282,0.013788,0.013769,0.00034333,0.0023465,0.001951,0.0025003,0.0026623,0.0028105,0.003571,0.0052955,0.013001,0.017696,0.012096,0.0055959,0.0039723,0.0031091,0.0025051,0.0024627,0.0022812,0.0036164,0.0018264,0.0019789,0.002195,0.0025732,0.0028018,0.0032289,0.0044846,0.01116,0.048074,0.013227,0.0055821,0.0033594,0.0026191,0.0020051,0.0017621,0.0019264,0.025856,0.019184,0.019976,0.021729,0.023844,0.028647,0.036297,0.053624,0.16455,0.2227,0.045006,0.024287,0.015801,0.010907,0.0071534,0.0063568,0.0040703,0.012741,0.00067279,0.00073459,0.0010034,0.00025691,0.00050327,0.00072899,0.0018796,0.0073017,0.051702,0.0037562,0.0010631,0.0003176,0.00029413,0.00038993,0.00023708,8.3931e-05,0.0028916,0.003981,0.0040385,0.0044095,0.0047243,0.0058366,0.0075106,0.012978,0.034644,0.049918,0.011341,0.0053714,0.0032686,0.0020808,0.0013786,0.00070547,0.00065233
0.0061132,0.0041607,0.0039034,0.0038845,0.004346,0.0052066,0.0066253,0.013669,0.028071,0.045675,0.011341,0.0040069,0.0010694,0.0014195,0.00075882,0.0002927,0.00028422,0.008547,0.0032804,0.002248,0.0016354,0.0019981,0.0021552,0.0029606,0.0048032,0.010497,0.016022,0.0084714,0.0039911,0.0022187,0.001718,0.0015476,0.001434,0.0011654,0.0067388,0.0013083,0.0020326,0.0019302,0.0024861,0.002499,0.0034496,0.0064832,0.014742,0.035157,0.012633,0.0055409,0.0031643,0.0024879,0.002011,0.0019318,0.0017834,0.014765,0.0096412,0.012073,0.016991,0.022569,0.03226,0.050055,0.099164,0.36507,0.14787,0.10313,0.069504,0.055116,0.047893,0.044041,0.042079,0.039534,0.0022583,0.00043366,0.0005641,5.0747e-05,0.00081797,0.0010827,0.0019117,0.0036677,0.014898,0.0070755,0.0056013,0.0033264,0.0028229,0.0021917,0.0021456,0.0021942,0.0010147,0.0059224,0.0035989,0.0038981,0.0040049,0.0046239,0.0059339,0.0080916,0.011259,0.036912,0.030966,0.011333,0.0073439,0.0051547,0.0043727,0.0037108,0.0034452,0.0032025,0.039427,0.009303,0.0079017,0.0080467,0.0095198,0.011556,0.015674,0.025579,0.050066,0.1101,0.057779,0.026024,0.017383,0.014072,0.013142,0.011193,0.010824,0.00029564,0.0024637,0.002928,0.0027639,0.002873,0.0032641,0.0039726,0.0061442,0.011072,0.046648,0.01355,0.0051758,0.0026886,0.0018708,0.00081952,0.00066946,0.00017356,0.001997,0.00179,0.0013977,0.0016366,0.001805,0.0019962,0.0021659,0.0025198,0.0033698,0.028944,0.010974,0.0040995,0.0022753,0.0015694,0.0012131,0.0009284,0.000803,0.010782,0.020585,0.020174,0.021705,0.024711,0.029146,0.037842,0.062851,0.17857,0.24098,0.043662,0.026642,0.017678,0.011875,0.01234,0.0083023,0.0077726,0.0076257,0.0017202,0.00096872,0.00095276,0.00091463,0.00045061,0.0006897,0.00068138,0.0032951,0.04232,0.0045876,0.0019877,0.0012054,0.00099162,0.0010877,0.00096991,0.00085832,0.0050927,0.0040805,0.0046664,0.0045369,0.0057679,0.0062983,0.0082654,0.010761,0.030328,0.057917,0.013363,0.0063604,0.0038103,0.0023728,0.0022093,0.0016304,0.0014115
0.016085,0.0030529,0.0054905,0.0052135,0.0055504,0.0066632,0.0089667,0.012759,0.072259,0.053203,0.025966,0.012548,0.0061236,0.0056206,0.0049559,0.0048964,0.0037556,0.0012341,0.0021379,0.0021173,0.0016757,0.0017828,0.001687,0.0018295,0.0046832,0.019001,0.012934,0.012097,0.0056823,0.0032604,0.0025111,0.0024063,0.0025943,0.002348,0.0010205,0.0015766,0.002022,0.0017468,0.0021418,0.0028155,0.0037156,0.0056188,0.022211,0.014546,0.020057,0.0067527,0.0047662,0.0039524,0.0034446,0.0029442,0.002821,0.049689,0.035891,0.035235,0.039731,0.044686,0.053497,0.071484,0.11283,0.40459,0.34306,0.085111,0.052245,0.039047,0.029832,0.026526,0.024571,0.0227,0.0080797,0.0016563,0.0013874,0.0015658,0.0019026,0.001956,0.003025,0.0051024,0.015094,0.011214,0.0056216,0.0027546,0.0018796,0.0015283,0.0011953,0.00078474,0.0025063,0.0043316,0.00086205,0.0010941,0.001497,0.0019477,0.0030977,0.0047125,0.011747,0.041915,0.050708,0.012302,0.0076982,0.0062157,0.005314,0.0047474,0.0044731,0.0045644,0.039822,0.012086,0.01372,0.013846,0.015751,0.017761,0.021745,0.030755,0.082316,0.064804,0.070533,0.023008,0.013652,0.008799,0.0036035,0.0029468,0.0036355,0.0038167,0.0026232,0.0028061,0.0024899,0.002702,0.0034699,0.0049218,0.0070466,0.016485,0.013767,0.023488,0.0088395,0.0059236,0.0047147,0.0040167,0.0036069,0.0034428,0.0036507,0.00168,0.0012304,0.0016515,0.0017976,0.0020398,0.0024564,0.0023436,0.012631,0.046573,0.013101,0.004959,0.0027462,0.0021561,0.0020314,0.0016902,0.0016098,0.0072251,0.01377,0.015128,0.016804,0.019853,0.023808,0.03232,0.054734,0.20309,0.14886,0.051321,0.033363,0.023976,0.019736,0.019345,0.018634,0.016606,0.0071584,0.0015979,0.00066996,0.00084228,0.00058401,0.00042313,0.00022578,0.00070753,0.0060771,0.050868,0.0039959,0.00054273,0.00077835,0.00054889,0.0010791,0.0010438,0.00077248,0.0025845,0.0025708,0.0026613,0.0026801,0.0032726,0.0039045,0.0054788,0.0099523,0.034261,0.065183,0.01479,0.007869,0.0054097,0.0044685,0.0040579,0.00391,0.0036145
0.025202,0.0051278,0.0047975,0.0056955,0.0065906,0.0082755,0.01161,0.020689,0.042326,0.028046,0.034228,0.016298,0.011113,0.007986,0.0088894,0.007694,0.0077878,0.0058919,0.0010554,0.0013269,0.0011992,0.0024363,0.0016968,0.0031212,0.0048659,0.01419,0.0033513,0.012494,0.0063498,0.0045079,0.0036651,0.0033552,0.0030094,0.0029889,0.0033837,0.0007246,0.00098171,0.0011911,0.0016427,0.0024713,0.003722,0.0054131,0.018338,0.020881,0.019746,0.0085634,0.0061358,0.004795,0.0046208,0.0039448,0.0039406,0.022339,0.041349,0.042807,0.045913,0.051853,0.060736,0.079324,0.12327,0.3281,0.27051,0.088907,0.048817,0.031275,0.021056,0.014977,0.010154,0.0094301,0.0031567,0.0028477,0.0020365,0.0020861,0.0019121,0.0025643,0.0035628,0.0052032,0.014985,0.01144,0.0050762,0.0025257,0.0014686,0.0010349,0.0013766,0.00078526,0.00097467,0.0030175,0.0022271,0.0023238,0.00227,0.0028991,0.0045982,0.0061857,0.010161,0.033682,0.0072677,0.016282,0.0096696,0.0072292,0.0064543,0.006012,0.0051452,0.005127,0.061646,0.011467,0.017483,0.014928,0.0089229,0.015936,0.029072,0.036749,0.044324,0.048719,0.10703,0.040985,0.012954,0.0067454,0.012669,0.010256,0.0088006,0.00032998,0.0039011,0.0039035,0.0030046,0.0038894,0.0048486,0.0079397,0.0090292,0.010466,0.019161,0.030685,0.013496,0.0067758,0.0016103,0.0026016,0.0047827,0.0056973,0.0032616,0.0011549,0.00063307,0.00058055,0.0018919,0.003515,0.0043194,0.0045756,0.0076078,0.01441,0.017037,0.0074554,0.004135,0.0024335,0.0026701,0.0029124,0.0031929,0.01038,0.0053863,0.005351,0.0061414,0.0081023,0.011369,0.018356,0.03206,0.11718,0.30576,0.019315,0.016588,0.014086,0.012131,0.013166,0.010906,0.010819,0.0082093,0.0012358,0.0014631,0.0011692,0.001376,0.0019771,0.0024379,0.0046641,0.0078933,0.045904,0.014233,0.0066823,0.0039101,0.0034363,0.0038607,0.0024689,0.0023804,0.00019647,0.00087461,0.0010716,0.001691,0.0025576,0.0034653,0.0056982,0.010326,0.031499,0.02853,0.024044,0.012219,0.0093264,0.0076549,0.0066497,0.0065882,0.0065023
0.009657,0.0027078,0.0028799,0.0034129,0.0050208,0.0057073,0.0089028,0.016376,0.042788,0.025376,0.039456,0.017953,0.012683,0.012052,0.0086716,0.0082885,0.0084058,0.0030232,0.00082494,0.00074885,0.0012167,0.00064802,0.0015516,0.002666,0.0045806,0.013568,0.0054683,0.01458,0.0069385,0.0046068,0.0042587,0.0034753,0.0035029,0.003378,0.0010777,0.00050761,0.00063494,0.0010592,0.0016421,0.0022837,0.0034637,0.0052001,0.015741,0.0015674,0.022101,0.0089451,0.0062938,0.005247,0.0045802,0.004097,0.0039998,0.049926,0.037757,0.039325,0.043591,0.047602,0.056453,0.071342,0.10845,0.27041,0.3288,0.083236,0.046182,0.029612,0.020312,0.014324,0.011682,0.0090543,0.00037385,0.0017438,0.0017521,0.0019102,0.0016639,0.001833,0.0028466,0.0040847,0.010896,0.017546,0.0041122,0.0028553,0.00181,0.0016038,0.0018332,0.00097969,0.0010681,0.0032998,0.00090047,0.00098589,0.0010915,0.0013646,0.0024237,0.003616,0.007085,0.022255,0.058816,0.0077715,0.0055049,0.0042112,0.0036062,0.0035474,0.0033569,0.0031433,0.043732,0.0044824,0.0040341,0.0051936,0.0054409,0.0064889,0.0094593,0.012806,0.027266,0.039502,0.080482,0.025236,0.016617,0.012656,0.0098157,0.0092682,0.009144,0.010813,0.0024051,0.0026213,0.0028795,0.0032728,0.0032309,0.0042313,0.0064244,0.011527,0.0026255,0.024002,0.0059101,0.0031538,0.0021885,0.0013447,0.0010551,0.00093653,0.0019589,0.00083537,0.00081694,0.0010693,0.0016486,0.0023253,0.0035201,0.0053696,0.01154,0.035762,0.02397,0.009311,0.0064439,0.0052483,0.0045329,0.0041024,0.0040341,0.014729,0.014259,0.014133,0.015237,0.01756,0.021112,0.027209,0.041703,0.10674,0.15999,0.071401,0.034025,0.023351,0.018777,0.017618,0.014745,0.014061,0.0060521,0.0021743,0.0016686,0.001783,0.0025871,0.0025084,0.0028641,0.0046311,0.0080549,0.047129,0.0075259,0.0037596,0.0019559,0.0013892,0.00090145,0.00061277,0.00072289,0.0010319,0.00017451,0.0003912,0.00036703,0.00084885,0.00070352,0.00088004,0.0034842,0.012645,0.071658,0.0019787,0.0013848,0.0014629,0.0015138,0.0012707,0.0011709,0.0010929
0.0086805,0.0015759,0.0017814,0.0022937,0.0028373,0.0035289,0.0054721,0.010201,0.021234,0.035103,0.031108,0.012849,0.0093674,0.0073163,0.007536,0.0061116,0.0053082,0.00070003,0.00093416,0.0011844,0.0010697,0.0013574,0.0017316,0.0021148,0.0033462,0.010575,0.0017815,0.016409,0.0059033,0.0042712,0.0035398,0.0031381,0.0026517,0.002718,0.00313,0.00068711,0.000758,0.00090731,0.00141,0.0020334,0.0027713,0.0030449,0.012797,0.026237,0.024868,0.0089942,0.0061079,0.0049814,0.0045043,0.0041548,0.0041218,0.020127,0.026964,0.02863,0.030555,0.03633,0.043517,0.05855,0.093386,0.27044,0.41637,0.089117,0.055739,0.042667,0.035377,0.030461,0.029278,0.029011,0.0026379,0.0016549,0.001119,0.0014342,0.0012269,0.0019918,0.0025255,0.004741,0.012645,0.014594,0.0049429,0.0037666,0.0024204,0.0024252,0.0017201,0.0022322,0.0017376,0.004015,0.0020049,0.0022964,0.0026254,0.0031935,0.0036858,0.0052597,0.0096503,0.028624,0.036967,0.017168,0.0077854,0.005819,0.0049863,0.0041815,0.0041566,0.004057,0.041377,0.00044767,0.000717,0.0014142,0.0027702,0.0028762,0.0049293,0.0062617,0.014631,0.094275,0.0727,0.024375,0.015414,0.012805,0.011714,0.0097457,0.011191,0.0056687,0.0021127,0.0023175,0.0026887,0.0023373,0.003044,0.003525,0.0047937,0.0083791,0.035348,0.019851,0.0066402,0.0040068,0.0026393,0.0022672,0.0019949,0.0019227,0.00073242,0.0010657,0.0012062,0.0011811,0.0016595,0.0017046,0.0025411,0.0036679,0.011038,0.0057115,0.02524,0.0080205,0.0055446,0.0046126,0.0041824,0.0035416,0.0035058,0.0037175,0.0094334,0.0044197,0.0084614,0.017143,0.014943,0.0053695,0.046944,0.12684,0.099493,0.083751,0.059228,0.02327,0.015817,0.030522,0.025287,0.0094739,0.0034199,0.0034959,0.0036128,0.00043483,0.004189,0.0054175,0.00074619,0.0090897,0.018999,0.040153,0.019333,0.01216,0.0042785,0.0046901,0.0050633,0.0043088,0.0025387,0.00016211,0.0010021,0.00077643,0.0016742,0.0019329,0.00063832,0.0023513,0.0060617,0.012061,0.052611,0.01882,0.0063397,0.0044212,0.0046006,0.0030946,0.0024651,0.0035763
0.0011292,0.0015829,0.0026211,0.0019632,0.0027207,0.0032932,0.0038301,0.0071149,0.024105,0.03389,0.018108,0.0086483,0.0053842,0.003031,0.0042572,0.0038767,0.0042573,0.002636,0.0013089,0.0012524,0.00085124,0.0011333,0.0015957,0.0026079,0.0037075,0.0095335,0.011424,0.013767,0.0061595,0.0039623,0.0029107,0.0028928,0.0026806,0.0027085,0.0021172,0.00063432,0.00078014,0.00099162,0.0011441,0.0014015,0.0019799,0.0031128,0.012185,0.024049,0.015983,0.0059726,0.004069,0.0033475,0.0027349,0.0026671,0.0027199,0.0036126,0.016083,0.031853,0.046578,0.063609,0.082369,0.1071,0.15422,0.3321,0.23355,0.060351,0.016539,0.003909,0.007227,0.0083966,0.0074401,0.0078203,0.0043717,0.0012768,0.0018993,0.002893,0.0033968,0.0044831,0.0055974,0.0079745,0.016786,0.012105,0.0028956,0.00046712,0.00040779,0.00072127,0.0011817,0.00020154,0.00064088,0.00096704,0.00039805,0.00055841,0.0010829,0.0021496,0.0037785,0.005884,0.0097661,0.02554,0.033731,0.0082375,0.0040807,0.0039996,0.0047899,0.0052854,0.0056978,0.0057546,0.04114,0.0040881,0.0043941,0.0045357,0.004667,0.0049849,0.0061505,0.0067582,0.011394,0.035804,0.073095,0.017089,0.0086068,0.006237,0.0043643,0.004424,0.0035,0.0093137,0.0005155,0.00033863,0.00043688,0.00040159,0.00035263,0.00056961,0.00096409,0.0028966,0.016131,0.017719,0.0038609,0.0025662,0.0017729,0.0017133,0.0015225,0.0013752,0.00061799,0.0018185,0.0017217,0.0018869,0.0025077,0.0031019,0.0035104,0.0057342,0.012301,0.038472,0.028434,0.010057,0.0065965,0.0051428,0.0046017,0.0040194,0.003933,0.01261,0.0026743,0.0030192,0.0043121,0.0051822,0.0070229,0.010752,0.017692,0.0619,0.24517,0.042039,0.020257,0.01526,0.01237,0.012772,0.010429,0.0099546,0.0012798,0.0024825,0.0023324,0.0026792,0.0033418,0.0035801,0.0045374,0.0065515,0.011454,0.043297,0.014784,0.0046515,0.001925,0.0018121,0.00030021,0.00085881,0.00068476,0.0041695,0.0027547,0.0030102,0.0028476,0.0034444,0.0040451,0.0049426,0.0063572,0.016707,0.057015,0.0058576,0.0036373,0.0020944,0.0014989,0.0011478,0.00092505,0.00089647
0.0023671,0.001598,0.0017788,0.0020182,0.0015506,0.0027984,0.0038772,0.0056817,0.026359,0.066029,0.0028979,0.0017143,0.0015669,0.0030494,0.0010883,0.00041762,0.00045585,0.0021363,0.0008551,0.00066803,0.0005997,0.0013074,0.001691,0.0021321,0.0031252,0.0095886,0.016233,0.0055686,0.0029662,0.0019504,0.0017745,0.001285,0.0013418,0.0013046,0.0036736,0.00052693,0.0007562,0.00079599,0.000878,0.0010828,0.0018499,0.0034265,0.010337,0.01651,0.0055267,0.0029568,0.0020378,0.0017088,0.001453,0.001567,0.0014878,0.035889,0.036727,0.037472,0.041307,0.045617,0.054473,0.069113,0.10452,0.28005,0.42293,0.077963,0.043621,0.027296,0.019184,0.012723,0.010676,0.0077096,0.0071679,0.0025617,0.0024226,0.0023388,0.0026703,0.0027887,0.0033763,0.0049979,0.013325,0.0128,0.0071574,0.0027744,0.0018291,0.00089459,0.001121,0.0012167,0.00070956,0.00060845,0.0019526,0.0019756,0.0021401,0.0027294,0.0035597,0.0052431,0.0092067,0.027382,0.050563,0.014765,0.008393,0.0061639,0.005129,0.0046793,0.0042589,0.0043011,0.029244,0.0066016,0.0074221,0.006974,0.007534,0.0082549,0.0087777,0.013589,0.013382,0.10849,0.086409,0.020643,0.0094242,0.0080695,0.0023539,0.0034414,0.0020142,0.011837,0.0021251,0.0019478,0.0023012,0.0018667,0.0023529,0.0030194,0.0032092,0.0037175,0.043836,0.025989,0.0068153,0.0042623,0.0029344,0.0020584,0.0018934,0.001812,0.0034352,0.0018419,0.0019044,0.0021519,0.0023976,0.0028184,0.0032949,0.0054774,0.010077,0.020111,0.020675,0.0065374,0.0036047,0.0027161,0.0023655,0.0018324,0.0019475,0.015452,0.0042555,0.0054884,0.0062086,0.0081987,0.011161,0.016823,0.030162,0.08027,0.11192,0.04361,0.031455,0.023555,0.020185,0.01948,0.016351,0.016318,0.00019074,0.00070871,8.5846e-05,0.00013167,0.00057396,0.00048494,0.00066079,0.0012056,0.00040689,0.052378,0.008317,0.001809,0.0014953,0.00099648,0.00091483,0.00080392,0.00065232,0.0029927,0.0012711,0.0012933,0.001487,0.0016423,0.0022275,0.0031961,0.0052994,0.015679,0.065546,0.0044565,0.0042106,0.003055,0.0025746,0.0027071,0.0020613,0.0021763
0.0026398,0.00050243,0.001217,0.0020447,0.0012055,0.00232,0.0026311,0.0046075,0.021323,0.052875,0.017716,0.005831,0.0038658,0.0029937,0.0023001,0.0027235,0.0019684,0.0054303,0.00071205,0.00068714,0.00046265,0.0005206,0.00052383,0.00054955,0.0016901,0.0063218,0.014632,0.0057391,0.00086074,0.00040165,0.00039383,0.00027634,0.00014781,8.202e-05,0.0036469,0.00042815,0.00033792,0.00042352,0.00043723,0.00035411,0.00034023,0.00013113,0.0034823,0.038729,0.012481,0.0037588,0.0021176,0.0017633,0.001528,0.0010663,0.0011063,0.041197,0.044632,0.046329,0.048999,0.054624,0.064426,0.082067,0.12282,0.29847,0.23571,0.10957,0.055218,0.033757,0.022028,0.014504,0.011222,0.0083219,0.0034028,0.0024209,0.0026174,0.0025769,0.0024796,0.0028808,0.0038178,0.0060045,0.015423,0.012582,0.0071456,0.002638,0.0015482,0.00076285,0.0012709,0.0010246,0.00087738,0.0032464,0.0028006,0.0029259,0.003259,0.0036587,0.0046102,0.0065351,0.010595,0.028035,0.025123,0.01262,0.0089615,0.006719,0.005703,0.0049729,0.0049362,0.0048829,0.033701,0.0016365,0.0012226,0.0043624,0.003891,0.0041861,0.0068979,0.011034,0.022556,0.040205,0.096867,0.02629,0.016149,0.014211,0.012082,0.011224,0.010164,0.0078069,0.0025267,0.0026287,0.0014495,0.0020402,0.003004,0.0034961,0.004345,0.0057266,0.016775,0.028489,0.0060145,0.0029612,0.001732,0.0010475,0.00070737,0.00056649,0.00088886,0.0016342,0.0015856,0.0015026,0.0016945,0.001964,0.0024829,0.0033813,0.0092499,0.015319,0.022866,0.00415,0.002288,0.0013695,0.00095654,0.00092471,0.00075151,0.017479,0.0030674,0.0046981,0.0040485,0.0050604,0.0064598,0.0095793,0.01806,0.055706,0.28174,0.011074,0.0059154,0.0057385,0.0051581,0.0046711,0.0053991,0.0034867,0.0025597,0.00092864,0.00056011,0.0013187,0.0012843,0.001586,0.0023553,0.0045136,0.01082,0.043664,0.019716,0.0060734,0.0047871,0.0044253,0.0029216,0.0032341,0.0034028,0.0028382,0.00068079,0.00087743,0.0013662,0.0019218,0.0029024,0.0045653,0.0081749,0.021925,0.043779,0.018915,0.0099056,0.0071791,0.0060561,0.0057088,0.0051712,0.0049745
0.00091171,0.002321,0.0033099,0.0039064,0.0047817,0.0050131,0.0067917,0.011661,0.023381,0.0411,0.017296,0.0088744,0.0065702,0.004299,0.0045651,0.0034723,0.0041161,0.0053883,0.0018638,0.00075682,0.0007194,0.0011271,0.00036311,0.0010382,0.0014385,0.0038655,0.026767,0.0081872,0.0019903,0.0012421,0.00069646,0.00051627,0.00046842,0.00042152,0.004593,0.00079854,0.00091828,0.00108,0.0012832,0.0015607,0.0021158,0.0030626,0.012839,0.029783,0.012759,0.0057503,0.0037475,0.0029144,0.0025253,0.0022999,0.0022889,0.043753,0.041548,0.043733,0.045679,0.051961,0.059596,0.076841,0.11523,0.3531,0.36738,0.10285,0.052492,0.033137,0.022873,0.016486,0.012817,0.012167,0.0069372,0.0032279,0.001581,0.0019885,0.0021331,0.0028429,0.003864,0.0051797,0.013491,0.015505,0.0036217,0.0021836,0.0017218,0.001191,0.0015386,0.0012769,0.00060082,0.00024224,0.0018348,0.001848,0.0020082,0.0028019,0.003553,0.0049398,0.0096406,0.029754,0.058455,0.013509,0.0071919,0.0055374,0.0048137,0.0045765,0.0041735,0.0041791,0.033106,0.00174,0.0015022,0.00096096,0.001538,0.0028585,0.0064183,0.011413,0.031154,0.038413,0.090893,0.027961,0.017264,0.01434,0.012526,0.0096002,0.0079175,0.0095636,0.0021502,0.0011534,0.0015124,0.0020968,0.002493,0.003136,0.0045067,0.0065383,0.029044,0.019025,0.0041062,0.0028535,0.0021675,0.0024454,0.0024534,0.0026093,0.0028115,0.0039413,0.0044575,0.0041191,0.0041804,0.0037225,0.0032191,0.0046715,0.0065698,0.043764,0.021589,0.0081402,0.0048991,0.0032661,0.0023558,0.0014755,0.0010338,0.0045376,0.0091359,0.0095474,0.010312,0.011974,0.015319,0.020762,0.034039,0.099102,0.090839,0.05243,0.026005,0.019295,0.016832,0.014796,0.014902,0.013914,0.0029412,0.0018101,0.00039798,0.00044957,0.00055891,0.00061845,0.00083407,0.00040491,0.0034887,0.048123,0.0076456,0.0015529,0.00087164,0.00058611,0.00035837,0.0011035,0.00045016,0.0033017,0.0018482,0.0016017,0.0019359,0.0021837,0.0024007,0.0038658,0.0064307,0.018944,0.075554,0.012514,0.0049916,0.0038022,0.0034948,0.0025848,0.0027645,0.0024929
0.020727,0.0060324,0.0051662,0.0054914,0.0052428,0.0078723,0.0090241,0.01322,0.05746,0.022747,0.016198,0.0064467,0.0043008,0.0027358,0.002346,0.0013628,0.0016308,0.01739,0.0087792,0.0033889,0.0020139,0.0014271,0.0031435,0.0017139,0.0021152,0.010822,0.0096179,0.0052499,0.0016045,0.001486,0.001229,0.00098646,0.00076052,0.00089837,0.0059587,0.0035797,0.0020991,0.0019552,0.0025959,0.0032733,0.0041282,0.0058222,0.014034,0.019581,0.0095705,0.0042434,0.0027196,0.0018903,0.0017626,0.0014132,0.0014801,0.046212,0.037648,0.037905,0.041108,0.046235,0.054894,0.07099,0.108,0.27453,0.24949,0.10064,0.052561,0.035224,0.026192,0.020827,0.019291,0.017678,0.026732,0.0065888,0.0035865,0.0022434,0.00182,0.0014025,0.002097,0.0038076,0.011955,0.018724,0.0050904,0.0030855,0.0025677,0.0020004,0.0018711,0.0018033,0.0015316,0.0039273,0.00050281,0.00014413,0.00087188,0.001485,0.0015539,0.0037138,0.0067685,0.020902,0.025533,0.011943,0.0069994,0.0054282,0.0047882,0.0041896,0.0042949,0.0040455,0.040188,0.004897,0.0012311,0.001741,0.002833,0.00425,0.0069667,0.01222,0.042777,0.07215,0.091944,0.033541,0.020899,0.015912,0.013679,0.01425,0.013954,0.035918,0.0094436,0.0042419,0.0038288,0.003576,0.0043031,0.0041929,0.0058851,0.010507,0.033352,0.025831,0.0071906,0.004377,0.0033627,0.0025089,0.0021646,0.0019551,0.012678,0.0033354,0.0014784,0.001601,0.0021198,0.0023466,0.0024433,0.0029596,0.0042753,0.0032477,0.022867,0.0065974,0.0037776,0.0025953,0.0019563,0.002098,0.001791,0.041497,0.011381,0.011561,0.012367,0.014595,0.017435,0.023167,0.035851,0.10566,0.28291,0.05613,0.025883,0.01832,0.014332,0.011181,0.014617,0.012924,0.019097,0.0079381,0.0033923,0.0027439,0.0018425,0.0014095,0.0010361,0.0011404,0.0014573,0.049063,0.0061837,0.00069199,0.00053625,0.00048309,0.00076781,0.0014464,0.00070191,0.0033474,0.0018261,0.0018774,0.0021643,0.0033038,0.0045831,0.0050574,0.0065779,0.016607,0.042672,0.009476,0.0033874,0.002377,0.0018388,0.0014175,0.0015421,0.0012913
0.018668,0.0067088,0.0056171,0.005657,0.0063778,0.0064307,0.008192,0.012807,0.018237,0.02721,0.024207,0.0085971,0.0046459,0.0015627,0.0011386,0.001611,0.00058175,0.060819,0.0071472,0.0029746,0.0017334,0.0026625,0.003694,0.0027787,0.0032976,0.0071089,0.019459,0.003937,0.0018893,0.00094269,0.0012535,0.00039235,0.00081065,0.0005684,0.01391,0.0031542,0.0019582,0.0022005,0.0030722,0.0034736,0.0036249,0.0056039,0.011492,0.012301,0.012251,0.0045297,0.0029717,0.0022383,0.0018582,0.0014225,0.0015316,0.015166,0.026044,0.026687,0.028137,0.032935,0.041264,0.056517,0.091635,0.25278,0.47366,0.11237,0.068285,0.052007,0.043411,0.038128,0.038322,0.035571,0.061704,0.00332,0.0014137,0.0019273,0.0012636,0.0019659,0.0027874,0.0042262,0.010431,0.018095,0.0023698,0.0024097,0.0017372,0.0010924,0.0012401,0.0022772,0.001442,0.0075647,0.0013979,0.0020981,0.002217,0.0030396,0.002833,0.0049962,0.0079136,0.023928,0.05128,0.013432,0.0075469,0.0056162,0.0049105,0.004424,0.004374,0.0042267,0.063344,0.0064885,0.0041006,0.0041855,0.0047035,0.0055904,0.0079332,0.012472,0.026647,0.10135,0.10465,0.029376,0.018235,0.013109,0.012308,0.012096,0.010334,0.067744,0.0059515,0.0030294,0.0021976,0.0025406,0.0013072,0.0030329,0.0052547,0.011819,0.034291,0.034972,0.010876,0.0071561,0.0057745,0.0048453,0.0045146,0.0044385,0.021738,0.0015573,0.001628,0.0018876,0.002077,0.0015998,0.0027017,0.003657,0.011658,0.033021,0.019556,0.0046593,0.0032605,0.0023285,0.0019926,0.0018076,0.0019436,0.037194,0.016185,0.016231,0.0056043,0.019,0.021318,0.0088938,0.038174,0.086956,0.11736,0.058598,0.023893,0.0052292,0.0091062,0.0081382,0.0032738,0.0010071,0.061444,0.0046367,0.006143,0.0030302,0.003978,0.0071394,0.002067,0.010443,0.026128,0.036082,0.021404,0.010671,0.0021675,0.0073866,0.004405,0.0023056,0.0061113,0.011583,0.006286,0.0068027,0.00324,0.0076864,0.0091934,0.0049292,0.015874,0.042955,0.043312,0.026284,0.014925,0.00067518,0.0081103,0.0054953,0.0027693,0.0064679
0.0032464,0.01005,0.0077683,0.0073205,0.0079812,0.0089848,0.01137,0.016984,0.05957,0.0088931,0.033269,0.011324,0.0075133,0.006004,0.0039277,0.0031175,0.0027772,0.080968,0.003093,0.0020434,0.0016428,0.0015638,0.0023016,0.0032197,0.0037505,0.014813,0.0062009,0.012072,0.0040762,0.001956,0.0014955,0.0012928,0.00098478,0.00084687,0.027203,0.003346,0.0030116,0.0033349,0.0039995,0.0049507,0.0054529,0.0076802,0.025742,0.020962,0.020904,0.0071672,0.0036824,0.0025529,0.0015804,0.0011853,0.0011521,0.09724,0.026087,0.027452,0.030465,0.034496,0.043614,0.059094,0.098009,0.36481,0.13586,0.090006,0.058545,0.043644,0.035891,0.032246,0.030791,0.03097,0.054921,0.0030994,0.0025924,0.0021328,0.0023759,0.0020822,0.0025315,0.0048523,0.014939,0.0091678,0.0030459,0.0014094,0.00099812,0.0011896,0.0015164,0.00024479,0.0009041,0.010946,0.0020412,0.0019754,0.0023906,0.0029626,0.0039309,0.0054294,0.010551,0.039151,0.044423,0.0094652,0.0062544,0.0050997,0.0045705,0.0040726,0.0039164,0.0038395,0.098522,0.0064026,0.0055196,0.0021073,0.0015349,0.0011062,0.0014784,0.00427,0.021811,0.045047,0.092162,0.009335,0.0046877,0.002482,0.0022927,0.0015097,0.0024968,0.069883,0.0019041,0.00073123,0.00043943,0.00063914,0.00089335,0.0015182,0.0017987,0.0083604,0.012334,0.032516,0.005812,0.0042407,0.0033984,0.0029095,0.0026177,0.0026284,0.01483,0.0016909,0.0016071,0.0017212,0.0020298,0.0019831,0.00242,0.0026151,0.015927,0.017221,0.025785,0.005353,0.0032355,0.0024846,0.0019996,0.0020351,0.0019703,0.017283,0.0072688,0.0059884,0.0061207,0.0086331,0.011792,0.018384,0.030395,0.11031,0.20931,0.033424,0.028036,0.021689,0.018362,0.017098,0.015885,0.015959,0.088924,0.0031424,0.0007299,0.00066223,0.00071597,0.0007514,0.00070031,0.00058667,0.0020292,0.044487,0.0060915,0.00071641,0.00032372,0.00020231,0.00081677,0.00036981,0.00010492,0.009062,0.00078934,0.00078856,0.0014164,0.0017703,0.0018178,0.0036739,0.0078752,0.027841,0.070048,0.0048419,0.0050373,0.0042991,0.0035738,0.0031036,0.0032452,0.0031491
0.024605,0.0060592,0.0063587,0.0063995,0.0073046,0.0080999,0.012205,0.018347,0.051456,0.022344,0.013416,0.0091883,0.0077352,0.0042145,0.0059881,0.0036092,0.0036812,0.064923,0.006573,0.0032808,0.0020987,0.0019881,0.002323,0.0029974,0.0047195,0.012909,0.021564,0.0047718,0.0012169,0.00074238,0.00013719,0.00041865,0.00018396,1.5259e-05,0.01767,0.0024326,0.0023834,0.0026048,0.0028015,0.0036525,0.0048467,0.007993,0.018566,0.024691,0.0053238,0.0042351,0.0027849,0.0023034,0.0017095,0.0019007,0.0017395,0.026316,0.037938,0.040191,0.042649,0.048227,0.056825,0.073351,0.1156,0.36932,0.33228,0.080431,0.041524,0.025332,0.016918,0.011611,0.0074081,0.0061895,0.03702,0.0032747,0.0020045,0.0012429,0.0021268,0.0023886,0.003088,0.0051732,0.013481,0.015675,0.0031206,0.0017842,0.0013041,0.00097138,0.0012633,0.0012846,0.00060463,0.0079881,0.00065344,0.00072706,0.0012009,0.0016204,0.0029379,0.0045689,0.0094845,0.033903,0.051865,0.0087392,0.0056238,0.0047938,0.0040302,0.0040149,0.0038275,0.0037651,0.10092,0.010082,0.010422,0.010296,0.010503,0.013373,0.014403,0.018525,0.064571,0.027429,0.098437,0.022763,0.011901,0.0076517,0.0081208,0.0048016,0.0040551,0.048384,0.0040883,0.002827,0.00099637,0.0019161,0.0013514,0.0018336,0.0041658,0.0090797,0.022983,0.026713,0.0079868,0.0049513,0.0039817,0.0032658,0.0031269,0.0029393,0.011557,0.00096381,0.00065294,0.00065821,0.00081279,0.00064217,0.00090744,0.0026701,0.0062415,0.042591,0.022071,0.0049431,0.0024217,0.0019448,0.0017397,0.0017038,0.0014248,0.010159,0.010487,0.011213,0.012361,0.014903,0.019692,0.028704,0.046681,0.16405,0.15464,0.071638,0.037158,0.028222,0.024013,0.021692,0.019155,0.020531,0.071891,0.0066602,0.0030432,0.0029035,0.0016152,0.0016719,0.0014521,0.0016124,0.0047277,0.049478,0.0034167,0.00211,0.00085069,0.0013452,0.00072298,0.00067825,0.00022316,0.0087396,0.0012087,0.001176,0.0013756,0.0020477,0.0023767,0.0040222,0.00835,0.026683,0.066418,0.011787,0.0062143,0.004957,0.0040104,0.0039262,0.0036608,0.0035515
0.01247,0.0017431,0.0017445,0.002382,0.0040106,0.0046243,0.0080799,0.015662,0.05816,0.017151,0.030166,0.015505,0.01177,0.011059,0.0098335,0.0091144,0.0084688,0.035697,0.0039458,0.0021069,0.0015683,0.0014587,0.0014049,0.0027939,0.0048197,0.0163,0.012925,0.013581,0.005433,0.004017,0.0033708,0.00317,0.0029539,0.0029278,0.010014,0.0022564,0.0018736,0.001972,0.0023073,0.0029909,0.0038688,0.0075696,0.024138,0.019774,0.017712,0.0071388,0.0053275,0.0046028,0.0037973,0.0035469,0.0034791,0.073981,0.038653,0.041099,0.04315,0.048819,0.057873,0.075406,0.12367,0.37409,0.26016,0.076456,0.045218,0.030122,0.021732,0.017319,0.013019,0.013567,0.019265,0.0017838,0.0020461,0.0023377,0.0018854,0.0022246,0.0026672,0.0043029,0.016303,0.011168,0.0024313,0.0017949,0.0011373,0.00074986,0.0011528,0.00086951,0.00072862,0.0016899,0.0030531,0.0030475,0.0037163,0.0040344,0.005253,0.0072684,0.010204,0.039885,0.0046452,0.013592,0.006661,0.0049515,0.0039405,0.00346,0.0035057,0.0033989,0.061418,0.0059306,0.0080073,0.0081272,0.0086682,0.009041,0.011264,0.013523,0.045859,0.06003,0.087008,0.018945,0.0089185,0.0056872,0.0045407,0.00045621,0.00054552,0.032799,0.0026524,0.0024391,0.0025836,0.0024085,0.0028319,0.0034762,0.0047022,0.0097796,0.037432,0.02634,0.0068726,0.0040899,0.0029334,0.0021754,0.0021258,0.0020867,0.01001,0.0021426,0.0023406,0.0023954,0.0026038,0.0029723,0.0035322,0.005409,0.015813,0.032257,0.022878,0.0054063,0.0030954,0.0020444,0.001456,0.0011587,0.0010681,0.0078946,0.011699,0.013116,0.014582,0.016201,0.019506,0.027979,0.048534,0.16148,0.30578,0.045067,0.025922,0.021103,0.017642,0.017279,0.013161,0.014597,0.039982,0.0040394,0.0019187,0.0020669,0.0016505,0.0017545,0.001649,0.0024303,0.0045588,0.046677,0.00096203,0.0017828,0.00091423,0.0007174,0.0019541,0.00046001,0.00026704,0.010262,0.0032096,0.0033424,0.0038771,0.0041841,0.0049362,0.0066755,0.0094423,0.032756,0.035426,0.010696,0.0053207,0.0037767,0.0028956,0.0025752,0.0022797,0.0023766
0.00070193,0.0047388,0.0046623,0.0056571,0.0065443,0.0080151,0.010921,0.017478,0.071988,0.061799,0.014619,0.0077846,0.0052461,0.0036583,0.0040623,0.003691,0.003048,0.015385,0.0024704,0.0025365,0.0020381,0.0024793,0.0029035,0.0033149,0.0060134,0.019591,0.011695,0.007357,0.0031928,0.0017944,0.0010993,0.0010755,0.00094562,0.00049211,0.006796,0.0032757,0.0027481,0.0032675,0.0036094,0.0040826,0.0055125,0.0067966,0.029327,0.010222,0.0088413,0.0034326,0.0020942,0.0013536,0.00092293,0.00031125,0.0007229,0.026738,0.017317,0.018398,0.011774,0.025258,0.037004,0.030684,0.087074,0.41765,0.079885,0.11656,0.062155,0.034027,0.049963,0.033971,0.028776,0.041726,0.01389,0.00061615,0.00090556,0.00047235,0.00035103,0.0014294,0.0010948,0.0018944,0.015414,0.0065045,0.0019997,0.0016558,0.00054141,0.0013288,0.00056956,0.00086325,0.0025139,0.0067273,0.001625,0.0046651,0.0050309,0.002236,0.0091506,0.0057737,0.014233,0.063031,0.013394,0.024122,0.0105,0.006217,0.0084471,0.0052275,0.0052172,0.0066396,0.049601,0.0035468,0.0021389,0.0031196,0.0040159,0.0042518,0.0063016,0.015016,0.042811,0.11647,0.071514,0.020241,0.011415,0.01057,0.0068196,0.0087023,0.0073568,0.021641,0.0012878,0.00080412,0.00095347,0.00037678,0.00042306,0.00054765,0.00057278,0.0093456,0.033829,0.014605,0.003499,0.0017604,0.00084719,0.00082316,0.00049807,0.00036621,0.0015679,0.002865,0.0032126,0.0036965,0.0037709,0.0046667,0.0058525,0.0073968,0.023194,0.019974,0.023945,0.0080981,0.004981,0.0039206,0.0029419,0.0028539,0.0025139,0.023781,0.01627,0.016468,0.017613,0.019928,0.024287,0.032193,0.050596,0.18531,0.094109,0.016246,0.014869,0.0085346,0.0052764,0.0034228,0.0031534,0.0011025,0.022932,0.0026717,0.0013916,0.0015246,0.0017265,0.0016376,0.0015715,0.0029642,0.009011,0.046511,0.0042559,0.0014797,0.00074534,0.00069587,0.00026929,0.0017912,4.768e-05,6.485e-05,0.0039584,0.004122,0.0042936,0.0051787,0.0057078,0.0070792,0.012945,0.039989,0.07369,0.0083258,0.004985,0.0030871,0.0020582,0.0014758,0.0010478,0.00095749
0.0043641,0.0027174,0.0031481,0.0026239,0.0036159,0.00438,0.0064045,0.012712,0.062559,0.064855,0.0092973,0.0056868,0.0046821,0.0056246,0.0037191,0.0036228,0.0030098,0.0076276,0.0015871,0.00095833,0.0004166,0.0014529,0.0013255,0.0018873,0.0031535,0.017187,0.010631,0.0071768,0.0031367,0.0020593,0.0017003,0.0015692,0.0013034,0.0015774,0.0015393,0.00052712,0.00016243,0.00036743,0.00071282,0.00058228,0.0013273,0.0032462,0.018639,0.034152,0.0091745,0.0028561,0.0020633,0.0018017,0.0013289,0.001281,0.0011578,0.023909,0.033637,0.034637,0.038728,0.044523,0.053373,0.071187,0.1174,0.40167,0.33728,0.094928,0.05585,0.040164,0.032058,0.027649,0.026704,0.025351,0.011954,0.0016381,0.0018677,0.001851,0.0016205,0.0024131,0.0026609,0.0046307,0.01608,0.008853,0.0023328,0.0023609,0.0013764,0.0010285,0.00029337,0.002125,0.00032617,0.0051709,0.0035387,0.0038534,0.0041291,0.0046893,0.0053599,0.0075536,0.011552,0.045233,0.030285,0.0095885,0.0047221,0.0031207,0.0022991,0.0018456,0.0012494,0.0014019,0.049662,0.011766,0.012386,0.0075782,0.017207,0.015055,0.016636,0.041161,0.050613,0.06277,0.10798,0.01816,0.014382,0.014122,0.0070633,0.0079869,0.010706,0.016728,0.0028898,0.0020619,0.00099405,0.0031375,0.0031384,0.0019925,0.0079786,0.0090089,0.01821,0.031307,0.0062356,0.0028894,0.0049953,0.0020873,0.0018348,0.0036469,0.0063611,0.0012651,0.0012188,0.0023488,0.001402,0.0022145,0.0047181,0.00375,0.015905,0.012123,0.025564,0.0081892,0.0054765,0.0035805,0.0039811,0.0033694,0.0031834,0.0079843,0.018655,0.019569,0.022649,0.024476,0.029701,0.03883,0.065493,0.21116,0.24819,0.062481,0.033646,0.024428,0.018837,0.017318,0.012004,0.01424,0.012053,0.0011625,0.00064896,0.0012066,0.00063989,0.00086752,0.0010546,0.0025926,0.0059966,0.048276,0.0042427,0.0022011,0.0011482,0.000915,0.0010605,0.0018308,0.00086786,0.0047112,0.00041158,0.00062891,0.0011208,0.001467,0.0017491,0.0031024,0.0059604,0.031882,0.047416,0.010612,0.0057368,0.0042171,0.0034128,0.0031219,0.0025815,0.0027962
0.00028229,0.0006437,0.00098468,0.0011238,0.0022059,0.0035166,0.0064424,0.014842,0.028158,0.063531,0.0074409,0.0060331,0.0057467,0.0050607,0.005792,0.0047888,0.0044976,0.0052414,0.0018001,0.0017167,0.0016471,0.0016544,0.002281,0.0027984,0.004197,0.010915,0.023561,0.0085356,0.0034315,0.0022801,0.0014039,0.0012841,0.0011792,0.0013581,0.0018196,0.0013716,0.0015778,0.0019905,0.0022253,0.0027459,0.0033016,0.0051407,0.020789,0.032606,0.0085909,0.0034626,0.0021302,0.0016235,0.0012055,0.00094685,0.00095369,0.01648,0.012097,0.014014,0.016803,0.022388,0.031488,0.047824,0.094908,0.38647,0.17368,0.092597,0.063767,0.05066,0.04351,0.041221,0.037715,0.036435,0.0093385,0.00054631,0.00068989,0.0010018,0.00081936,0.0012372,0.0020677,0.0037926,0.014912,0.0070211,0.0042968,0.0031085,0.0025589,0.00215,0.0021554,0.0014919,0.0014763,0.0048943,0.0055081,0.0056407,0.0059922,0.0069122,0.008017,0.01088,0.01323,0.043098,0.038753,0.014166,0.0066162,0.0038469,0.0025202,0.0015234,0.00070237,8.0116e-05,0.030787,0.0087879,0.0097542,0.0098994,0.011109,0.013779,0.017489,0.024718,0.044255,0.044494,0.090208,0.027535,0.017586,0.012043,0.011871,0.0093319,0.0087987,0.01803,0.0037,0.0031451,0.0032302,0.0036493,0.0042005,0.0047144,0.0059368,0.016168,0.014562,0.023469,0.0062974,0.0033712,0.0022184,0.0010332,0.00073645,0.00030709,0.0037594,0.00053872,0.00029525,0.00038644,0.00077836,0.00099,0.0016673,0.0035936,0.012372,0.045569,0.018447,0.0061625,0.0038667,0.0030854,0.0026008,0.0025836,0.0023251,0.010693,0.016955,0.011619,0.024288,0.02925,0.020182,0.030252,0.075747,0.20595,0.070244,0.082176,0.05485,0.021658,0.015137,0.026286,0.019626,0.0078241,0.011398,0.0027738,0.001618,0.005012,0.0056778,0.0033039,0.0040286,0.013076,0.02097,0.029959,0.010036,0.012588,0.0073934,0.0040282,0.0043822,0.0049969,0.0040894,0.0040227,0.0030896,0.0052539,0.0058167,0.004128,0.0018298,0.0098053,0.020083,0.052497,0.048514,0.012605,0.019387,0.015629,0.0079728,0.0017504,0.0085674,0.010943
0.020159,0.010025,0.004049,0.0042434,0.0045961,0.0055441,0.0072789,0.01045,0.075194,0.071679,0.01661,0.0088058,0.0062974,0.0060559,0.0054115,0.0049424,0.005705,0.015654,0.0064472,0.0036598,0.0030992,0.0024717,0.0023369,0.0026706,0.0043748,0.017676,0.021621,0.0070802,0.0016649,0.00077503,0.00080199,0.00097557,0.00080254,0.00065803,0.008278,0.0029422,0.0015969,0.001281,0.0015265,0.0020449,0.0028098,0.0055961,0.020381,0.025475,0.010137,0.0041531,0.0031448,0.0029285,0.0024375,0.002309,0.0024147,0.011652,0.014333,0.011597,0.015678,0.021889,0.031308,0.049772,0.090492,0.30909,0.39979,0.10971,0.075675,0.059869,0.051058,0.047333,0.042625,0.042975,0.015171,0.0017798,0.0012768,0.00092016,0.00088304,0.0010024,0.002034,0.0037052,0.013159,0.014247,0.0068145,0.0032828,0.0028382,0.0026452,0.0024263,0.00090135,0.0019303,0.0023632,0.0039665,0.0038655,0.0042741,0.0045611,0.0056393,0.0073796,0.013388,0.034737,0.034398,0.011354,0.0065013,0.0044365,0.0034268,0.0027032,0.0022973,0.00247,0.0099832,0.011115,0.0042104,0.0016299,0.0017034,0.00018254,0.0023631,0.0043005,0.037924,0.11063,0.072362,0.025152,0.015689,0.014176,0.0099621,0.011111,0.010758,0.014172,0.001708,0.0018196,0.001772,0.0020653,0.0026118,0.0027961,0.0036184,0.004784,0.044265,0.020948,0.0065468,0.0037336,0.0025002,0.0021385,0.0019261,0.0017052,0.0041142,0.00099218,0.001143,0.0012522,0.0014315,0.0022255,0.002784,0.0052466,0.016645,0.021645,0.022011,0.0087683,0.0057198,0.0046692,0.003788,0.0039553,0.0036679,0.040845,0.014155,0.011893,0.012502,0.014511,0.017963,0.024533,0.041628,0.13495,0.21846,0.030382,0.023619,0.019649,0.016269,0.015318,0.015904,0.01421,0.015253,0.0079667,0.0034289,0.0014448,0.0016661,0.0011419,0.00047841,0.0010243,0.00045693,0.050327,0.0058006,0.0024548,0.0019756,0.0017686,0.0013132,0.0017363,0.0015316,0.0023175,0.0034457,0.003363,0.0035091,0.0042248,0.0049271,0.0059902,0.010967,0.026334,0.045479,0.0075787,0.0046192,0.003212,0.0024611,0.0017823,0.001865,0.0017414
0.052985,0.0066621,0.0065979,0.0065324,0.0069119,0.0074479,0.0099143,0.01482,0.042782,0.032379,0.024772,0.010878,0.0075395,0.005735,0.006319,0.0039466,0.0043126,0.041365,0.0030801,0.0015997,0.00077002,0.0012796,0.0018108,0.001989,0.0034016,0.011439,0.015953,0.010605,0.0039483,0.002385,0.0020335,0.0019897,0.0013989,0.0016499,0.022669,0.00087184,0.0017566,0.001719,0.0024592,0.0030888,0.0039502,0.0068487,0.017615,0.028107,0.016462,0.0077453,0.0049104,0.0041914,0.0032924,0.0035773,0.0030499,0.091638,0.020904,0.024794,0.02801,0.033475,0.043222,0.061018,0.10957,0.3267,0.19483,0.11539,0.074859,0.057309,0.048512,0.044678,0.041333,0.04094,0.026669,0.00046935,0.0007583,0.0011541,0.001048,0.0011833,0.0021951,0.0047254,0.013986,0.013452,0.0046354,0.0029215,0.0022709,0.0020042,0.0018368,0.0035548,0.0017624,0.0044175,0.0018417,0.0021708,0.002285,0.0029364,0.0038081,0.0058309,0.0087737,0.031076,0.040799,0.0080945,0.0061065,0.0050889,0.004331,0.004095,0.0038534,0.0036545,0.032324,0.0094525,0.0066893,0.0074359,0.007346,0.009241,0.010664,0.016596,0.035624,0.063249,0.086083,0.023009,0.012227,0.010848,0.0086836,0.007329,0.0077382,0.018095,0.00088776,0.00096375,0.0011527,0.0014875,0.0016481,0.0019934,0.0026196,0.001545,0.01698,0.023084,0.0059108,0.0032698,0.0026073,0.0018907,0.001841,0.0018864,0.0081159,0.00055597,0.00077792,0.00090608,0.0012506,0.0015428,0.0019202,0.002567,0.012053,0.016794,0.029173,0.0093578,0.00593,0.0048552,0.0039838,0.0037,0.0035725,0.053056,0.014055,0.01193,0.012959,0.014745,0.018451,0.024898,0.043845,0.11225,0.27274,0.016308,0.018812,0.015311,0.012386,0.012756,0.0099979,0.0090104,0.047627,0.0031463,0.0013979,0.00082119,0.00048867,0.00081002,0.00053904,0.0016536,0.005549,0.049178,0.010078,0.002803,0.0023324,0.0020881,0.0020271,0.0015309,0.0011368,0.0015755,0.0011681,0.0014792,0.001185,0.0015618,0.0024276,0.0031996,0.0052315,0.019361,0.062543,0.0072581,0.004652,0.0037943,0.0031455,0.0027078,0.0027018,0.0026703
0.047,0.0099129,0.0076803,0.0090464,0.0094676,0.011345,0.014229,0.023803,0.068882,0.049874,0.016685,0.0089612,0.0056949,0.0040837,0.0034019,0.0010565,0.00063134,0.034802,0.0023029,0.001104,0.0014664,0.0015033,0.0020241,0.0022663,0.0040246,0.015933,0.02469,0.0064517,0.0010251,0.00049671,0.00020669,7.4908e-05,0.00027217,0.0001564,0.013069,0.002131,0.0021898,0.0022726,0.0023933,0.0030721,0.003806,0.006273,0.021348,0.018737,0.010861,0.0043573,0.0024127,0.0013907,0.0011441,0.0012108,0.0009575,0.011454,0.03941,0.040851,0.044372,0.051321,0.060501,0.07945,0.12403,0.46085,0.34467,0.10964,0.059894,0.041062,0.031875,0.027659,0.024681,0.023245,0.015467,0.0023255,0.0012774,0.0017929,0.0013334,0.0016508,0.0024155,0.004348,0.014087,0.011076,0.00052033,0.0012151,0.00088677,0.0006518,0.00052276,0.0012157,0.0013409,0.0031758,0.0021935,0.0022264,0.0028795,0.0034051,0.004837,0.0069634,0.013823,0.047984,0.045968,0.018849,0.009246,0.0072086,0.0060849,0.0053976,0.0050791,0.0052205,0.028929,0.013776,0.014362,0.014022,0.015388,0.018799,0.022092,0.028502,0.068013,0.060339,0.10327,0.022372,0.010408,0.0083173,0.0052817,0.0019913,0.00010492,0.012985,0.0021061,0.0016567,0.0015515,0.0017849,0.0025542,0.0036765,0.0058328,0.016878,0.020404,0.028713,0.0062671,0.0041737,0.0036003,0.003326,0.002957,0.0026283,0.0066644,0.0005064,9.739e-05,0.00023149,0.00070326,0.0011129,0.0016424,0.002853,0.016724,0.042493,0.019357,0.0025758,0.0014891,0.0012402,0.0011483,0.0013371,0.0013047,0.062799,0.016416,0.015126,0.016477,0.018785,0.022857,0.030838,0.048988,0.18253,0.18151,0.049393,0.026336,0.019263,0.015651,0.014397,0.014903,0.012463,0.037999,0.0032016,0.0023025,0.0015856,0.0018105,0.0022658,0.0029188,0.0051963,0.010426,0.04784,0.0083887,0.0050888,0.0035396,0.0029023,0.0022279,0.0026823,0.0030633,0.0021077,0.0017581,0.0021488,0.0026171,0.0030448,0.003647,0.0055488,0.010505,0.032852,0.059949,0.013334,0.006923,0.0051223,0.0042134,0.0036983,0.0040256,0.0036641
0.03505,0.0085217,0.0054436,0.0060263,0.0068255,0.0069129,0.01048,0.019041,0.066151,0.023277,0.019166,0.0095112,0.0063404,0.0058859,0.0061872,0.0036017,0.0041085,0.016335,0.0052275,0.0022213,0.0010667,0.00071412,0.0014088,0.0012954,0.0033605,0.013188,0.011976,0.0033509,0.0018582,0.0020388,0.001807,0.0016523,0.0014824,0.0014076,0.010966,0.0019083,0.0015167,0.0016564,0.0019565,0.0026394,0.0041755,0.0080925,0.019,0.029638,0.0085101,0.0041744,0.0032852,0.0027115,0.0025564,0.0025075,0.0025387,0.068946,0.038424,0.039188,0.040759,0.046082,0.05467,0.070819,0.11358,0.35758,0.11353,0.071364,0.039487,0.025738,0.01666,0.011171,0.0078433,0.0048772,0.028935,0.0083911,0.0038304,0.0032602,0.0025163,0.0024277,0.0028131,0.0043406,0.013619,0.010971,0.0047244,0.0024099,0.0018357,0.0014394,0.0015495,0.0022675,0.00035857,0.0030003,0.0027857,0.0026459,0.0026272,0.0028153,0.0050153,0.0071237,0.011819,0.037186,0.042869,0.015331,0.0090615,0.0067671,0.0058344,0.0049933,0.00499,0.0050679,0.0097429,0.0082107,0.010629,0.010773,0.013366,0.0148,0.017783,0.027947,0.065339,0.063974,0.071201,0.02498,0.015136,0.010669,0.0061673,0.0072177,0.0077859,0.021824,0.0084666,0.00455,0.0046006,0.0051787,0.0049791,0.0061348,0.0077479,0.015475,0.018714,0.019333,0.0066116,0.0031514,0.0019617,0.0014383,0.00088151,0.00060273,0.0098993,0.0028349,0.0010195,0.0004828,0.00068646,0.0011534,0.0018059,0.0047893,0.011278,0.03216,0.010236,0.0043155,0.0028671,0.0024103,0.0022986,0.0019148,0.0019341,0.058454,0.014074,0.011127,0.011748,0.013591,0.017557,0.024824,0.045457,0.19313,0.20666,0.046647,0.031968,0.024075,0.020371,0.018415,0.018033,0.013874,0.021204,0.0039964,0.0025634,0.0020225,0.0016433,0.0019871,0.0024884,0.0027105,0.0025349,0.03828,0.0081418,0.0030526,0.0013596,0.0017303,0.00057145,0.0010196,0.0013828,0.00082399,0.00022237,0.00086065,0.0014998,0.0023897,0.0026153,0.0048972,0.0075616,0.030599,0.070594,0.011929,0.0081994,0.0063677,0.0054718,0.0051149,0.0046382,0.0045014
0.079402,0.0048208,0.002594,0.0018805,0.0017059,0.0035919,0.006862,0.013448,0.049221,0.049822,0.024044,0.012979,0.0095726,0.0084537,0.0066291,0.0071435,0.0066548,0.011151,0.0037385,0.0022783,0.001702,0.0015361,0.0016933,0.0022197,0.0033232,0.01319,0.016742,0.0035799,0.0014724,0.0010919,0.0013582,0.00073054,0.00063732,0.00061799,0.0076715,0.00038006,0.00031087,0.00067722,0.0012632,0.002077,0.0022013,0.0022591,0.017869,0.0089333,0.010407,0.0044959,0.0029719,0.002686,0.002464,0.0022455,0.002182,0.0050298,0.033195,0.032883,0.038291,0.045342,0.055043,0.07371,0.12376,0.38553,0.38705,0.11212,0.06944,0.051372,0.041744,0.036687,0.033685,0.033476,0.073365,0.006442,0.003385,0.0021368,0.0021878,0.0026033,0.0038193,0.0054988,0.014878,0.012311,0.0042962,0.0020541,0.001791,0.0012044,0.001058,0.00034791,0.0013352,0.0011082,0.0041611,0.0039533,0.004673,0.0059198,0.0071504,0.0083246,0.01206,0.03995,0.034317,0.0090156,0.0050124,0.0032371,0.0019714,0.0012577,0.00084209,0.00066949,0.019799,0.0065401,0.0053636,0.0059632,0.0060299,0.0077684,0.0098081,0.012805,0.0056993,0.15129,0.048659,0.017968,0.0099489,0.0065143,0.0022715,0.0018085,0.0016556,0.071923,0.0055727,0.0028983,0.0029143,0.0027696,0.001849,0.0014213,0.0027235,0.0040028,0.057033,0.015686,0.0049851,0.0031466,0.0021715,0.0016371,0.0014528,0.0012589,0.02579,0.0033796,0.0026721,0.0031217,0.0040429,0.0050263,0.0051937,0.0080726,0.019884,0.015727,0.012006,0.0057191,0.0031219,0.0021048,0.00097459,0.00076126,0.00034905,0.086007,0.0093895,0.0087034,0.008964,0.011089,0.014672,0.021988,0.035316,0.11418,0.23385,0.056554,0.033731,0.02585,0.021951,0.020124,0.017532,0.017666,0.0012074,0.0031379,0.0018398,0.0018914,0.0015466,0.0020574,0.0028554,0.0038162,0.0094803,0.049887,0.0078497,0.003649,0.002535,0.0021487,0.0012894,0.0021495,0.001997,0.0020237,0.0022341,0.002339,0.0024153,0.0027101,0.002423,0.0035059,0.0055849,0.02165,0.048504,0.0022671,0.001589,0.00096441,0.00059445,0.0001572,0.00042905,0.00016976
0.046773,0.013294,0.0056594,0.0045658,0.003651,0.005067,0.0060553,0.010509,0.071384,0.02614,0.020001,0.0055753,0.0053478,0.0043891,0.0026824,0.0040207,0.0028534,0.010555,0.0087109,0.004038,0.0029327,0.0023872,0.0015177,0.001244,0.00081048,0.012757,0.011709,0.0076667,0.0012455,0.0011763,0.00067628,0.00012677,0.00011759,8.0094e-05,0.012673,0.0012502,0.00078246,0.0009827,0.00091736,0.0010342,0.0012086,0.0029222,0.025647,0.028714,0.011651,0.0029952,0.0022902,0.0014308,0.00088,0.00077703,0.00056458,0.049882,0.01048,0.0097485,0.0069752,0.0060289,0.0054252,0.0098183,0.022648,0.4256,0.074038,0.041408,0.036432,0.033138,0.029756,0.028393,0.029044,0.028111,0.039244,0.014097,0.0057074,0.0039195,0.0027903,0.0020493,0.0017478,0.0025631,0.01247,0.0079809,0.0029752,0.0012084,0.0011564,0.00047941,0.00049129,0.0012071,0.0011616,0.00051882,0.0014404,0.0010899,0.0010749,0.0012422,0.0018933,0.0028214,0.005043,0.055778,0.031168,0.0031857,0.0029735,0.001623,0.001196,0.00098936,0.00048726,0.0003052,0.014788,0.0069261,0.0047032,0.0049144,0.00074417,0.0091958,0.016909,0.023075,0.059923,0.042485,0.098398,0.03041,0.025092,0.021956,0.010174,0.013248,0.017504,0.031668,0.010896,0.0068734,0.0052802,0.001543,0.0025541,0.0051423,0.0059836,0.0073937,0.030005,0.028221,0.0083476,0.0046212,0.0015637,0.00058896,0.0017618,0.0023022,0.0067693,0.0014584,0.0030563,0.0033247,0.003334,0.0027618,0.003473,0.011472,0.0064453,0.032964,0.009859,0.010428,0.0051591,0.0010408,0.0041769,0.0038004,0.00044443,0.010023,0.046099,0.046959,0.047224,0.048736,0.049892,0.054486,0.070084,0.22738,0.16537,0.0068086,0.0092889,0.0087584,0.0083965,0.0092764,0.006495,0.0050298,0.0086938,0.0078342,0.0041311,0.0029601,0.0036699,0.0038683,0.0039968,0.0046828,0.0031806,0.045648,0.0051307,0.0035554,0.0038513,0.0048361,0.0042662,0.0036887,0.0029335,0.0058938,0.0047628,0.0053024,0.0052019,0.0051636,0.0044289,0.0050158,0.0059756,0.040547,0.062197,0.0073776,0.0038825,0.0029714,0.0025441,0.0015384,0.0014586,0.0012016
0.044938,0.005097,0.002657,0.0021714,0.0031293,0.0037618,0.0064177,0.015441,0.082541,0.061909,0.0064193,0.0051246,0.0034248,0.0042149,0.0035729,0.0021062,0.0004883,0.051791,0.0017178,0.0016319,0.0019988,0.0027456,0.0034364,0.0037445,0.006842,0.020816,0.019597,0.0098984,0.004431,0.0020613,0.0019399,0.00066449,0.00057097,0.00063135,0.018292,0.0042352,0.0029892,0.0030019,0.0035533,0.0036365,0.0058087,0.010311,0.026017,0.020962,0.013834,0.0061209,0.0030965,0.0022917,0.0017909,0.0016104,0.0012322,0.045447,0.025587,0.022286,0.024887,0.029002,0.037037,0.051514,0.094182,0.41689,0.23752,0.074687,0.047855,0.036505,0.030553,0.028336,0.025277,0.025256,0.009411,0.001512,0.0014815,0.000394,0.0015061,0.0021838,0.002283,0.0040597,0.016161,0.0068856,0.0053381,0.0021674,0.001223,0.0007405,0.00095564,0.0007612,0.0020485,0.0014801,0.0021121,0.0022021,0.0027645,0.0030496,0.0044837,0.0065645,0.011797,0.045199,0.049756,0.016346,0.0096086,0.0071414,0.0061005,0.0057603,0.0051561,0.0052834,0.019406,0.018701,0.012064,0.014609,0.015186,0.017996,0.022489,0.039247,0.092958,0.074038,0.071442,0.02141,0.01275,0.0060764,0.0028484,0.0019582,0.00206,0.0015107,0.00039577,0.001633,0.0017563,0.0027198,0.002183,0.003612,0.0061532,0.016846,0.018042,0.019918,0.0071042,0.0047333,0.0040581,0.0032892,0.003189,0.0028687,0.0022793,0.0022441,0.0027065,0.0030141,0.0033068,0.0038482,0.004642,0.0098506,0.016234,0.045249,0.020944,0.0085982,0.0055034,0.0038894,0.0032896,0.0029118,0.002882,0.062457,0.012586,0.013034,0.015405,0.017391,0.019807,0.025897,0.044488,0.2304,0.11604,0.039264,0.01736,0.010008,0.0065692,0.0053346,0.0048497,0.0027714,0.053206,0.0043682,0.001467,0.00032869,0.0012629,0.00098199,0.0019493,0.001347,0.010364,0.046167,0.0033701,0.0022591,0.0007534,0.00036306,0.00094235,0.00035621,0.0020543,0.0045358,0.0028135,0.0030159,0.0032728,0.0042557,0.0047378,0.0076819,0.012087,0.044801,0.069181,0.01179,0.0078901,0.0057741,0.0047301,0.0042165,0.0038509,0.0038873
0.026896,0.0041899,0.0037782,0.0040472,0.0051986,0.006614,0.0094394,0.018851,0.065438,0.0060043,0.022648,0.011357,0.0081854,0.0063496,0.0060063,0.0051165,0.0046864,0.030606,0.0023027,0.0013241,0.0015439,0.00096892,0.0013561,0.002441,0.0043878,0.016396,0.012094,0.012848,0.004805,0.0035189,0.0028115,0.0023275,0.0022646,0.0024224,0.015297,0.0024889,0.0023993,0.002438,0.0027094,0.0034485,0.0043203,0.0074165,0.031066,0.011653,0.020123,0.0072536,0.0053093,0.0042889,0.0038781,0.0033747,0.0032044,0.06599,0.025262,0.026378,0.027457,0.03296,0.04116,0.05669,0.10028,0.40706,0.23595,0.072304,0.049974,0.03833,0.032255,0.029498,0.027287,0.026789,0.011439,0.001292,0.00097454,0.0027404,0.001483,0.0019411,0.0026165,0.0043649,0.015852,0.010616,0.0044421,0.0012493,0.0010221,0.00079346,0.00081732,0.0012876,0.00076868,0.00028228,0.0008447,0.00098688,0.0017324,0.0017688,0.0018979,0.0031484,0.005334,0.03738,0.0098744,0.0045169,0.00090012,0.001,0.00091093,0.00097828,0.00082582,0.00096894,0.013603,0.007679,0.0057898,0.0067422,0.0074271,0.0082509,0.0090279,0.011364,0.03703,0.039387,0.083758,0.0233,0.015635,0.011936,0.0099922,0.0083549,0.0073625,0.010248,0.0029228,0.0032674,0.0026041,0.0032968,0.0035081,0.0043744,0.0059113,0.0041595,0.0058827,0.022715,0.005875,0.0032242,0.0017753,0.0011716,0.00051575,0.00031472,0.0063554,0.001409,0.0015108,0.0012952,0.0016526,0.002132,0.002433,0.0029783,0.011916,0.043572,0.019788,0.0040673,0.0019987,0.0013428,0.00073699,0.00026821,0.00027847,0.043235,0.0043408,0.006187,0.0090064,0.012499,0.019259,0.031105,0.061753,0.26263,0.28403,0.066407,0.047765,0.038055,0.033235,0.029484,0.031148,0.029463,0.03308,0.0031934,0.0015884,0.00092125,0.0015861,0.0017668,0.0021678,0.0039699,0.0097003,0.035162,0.015947,0.0063453,0.004295,0.0037217,0.0036005,0.0027723,0.0024777,0.0013924,0.00075076,0.00096918,0.0010098,0.0010582,0.0014573,0.0023995,0.0044592,0.029424,0.039206,0.0033586,0.0015165,0.0008173,0.00059231,0.00052495,0.00058948,0.00054931
0.017594,0.0024348,0.0013486,0.0030334,0.0044767,0.0058637,0.0095979,0.015562,0.081692,0.029906,0.028635,0.015267,0.012373,0.010159,0.0098546,0.0073161,0.0093118,0.021643,0.001356,0.001441,0.001131,0.001167,0.0021683,0.0019726,0.0052354,0.017406,0.01668,0.0082429,0.003925,0.0030108,0.0022659,0.0023898,0.0019855,0.0023709,0.012448,0.0012452,0.0013641,0.0017555,0.0021627,0.0029648,0.004121,0.0094471,0.023686,0.016465,0.013428,0.0074229,0.0050612,0.0042327,0.0037715,0.0035803,0.0032387,0.030079,0.0030703,0.0074252,0.011404,0.017815,0.02749,0.045292,0.087947,0.41964,0.25834,0.10239,0.067204,0.054095,0.046709,0.042428,0.041979,0.039242,0.0086309,0.00034802,0.00042707,0.00060249,0.00042696,0.00058087,0.00091294,0.0026137,0.012975,0.0086295,0.0010177,0.0012244,0.0011234,0.00085247,0.0010763,0.0010131,0.00041392,0.0057832,0.003528,0.0038532,0.0043057,0.0048213,0.0060623,0.0080588,0.014777,0.052605,0.053988,0.0138,0.0072207,0.0056867,0.004854,0.0039616,0.0038219,0.0036698,0.0096914,0.0043127,0.005101,0.0053997,0.0066073,0.0093851,0.013396,0.022151,0.10428,0.053932,0.08723,0.038861,0.026517,0.022031,0.019832,0.016095,0.019797,0.0050526,0.0023585,0.0030003,0.0030666,0.0031373,0.0035637,0.0056437,0.007477,0.019811,0.018983,0.019456,0.010322,0.0056536,0.0043829,0.0037109,0.0036077,0.0035916,0.00073434,0.0017382,0.0021998,0.0022535,0.0025245,0.0031943,0.0041886,0.0077968,0.017025,0.0433,0.014704,0.0062053,0.0039855,0.0030174,0.0025078,0.0023582,0.0024014,0.017121,0.011421,0.01116,0.013063,0.014585,0.01817,0.024189,0.038684,0.19182,0.091954,0.019825,0.0091845,0.0070129,0.0050728,0.0029963,0.0017068,0.0025139,0.025271,0.0032053,0.0032307,0.0037053,0.0036638,0.0043098,0.0051344,0.0073374,0.018235,0.03621,0.014311,0.005381,0.0027058,0.0016132,0.00070819,0.00042036,0.0014515,0.0053445,0.0057995,0.0057682,0.0063037,0.0069105,0.0085172,0.01028,0.016958,0.04843,0.067062,0.017347,0.0075546,0.0045882,0.0029538,0.0024088,0.0019079,0.0014229
0.020262,0.0056032,0.0042668,0.0057868,0.0066013,0.0072379,0.0092188,0.015059,0.083296,0.032373,0.013306,0.0058843,0.0031714,0.002682,0.0024296,0.00038433,0.00055886,0.01492,0.0011274,0.00061716,0.00016853,0.0003586,0.00099165,0.0010433,0.0017933,0.016763,0.0088454,0.0064464,0.00091888,0.00035337,0.00033122,0.00020555,0.00034853,1.1444e-05,0.0063802,0.0017898,0.0014845,0.0017387,0.0020051,0.0022041,0.0025063,0.0053827,0.026922,0.019519,0.011099,0.0037845,0.0022763,0.0016169,0.0012848,0.0011951,0.0010891,0.019572,0.040036,0.041496,0.043904,0.049378,0.058556,0.077706,0.12022,0.41193,0.24639,0.088923,0.046216,0.029577,0.020656,0.015368,0.013385,0.010431,0.0084726,0.0015145,0.00098545,0.0018092,0.0013868,0.0016023,0.0021764,0.0030635,0.014984,0.011243,0.0015046,0.0013422,0.00085856,0.00058014,0.00067247,0.0016043,0.00033952,0.0021153,0.0013814,0.0013298,0.0017316,0.0022856,0.0029423,0.0045775,0.0091198,0.038902,0.011514,0.014137,0.007308,0.0055495,0.0047314,0.0041646,0.0043062,0.0040646,0.0093195,0.006168,0.0065469,0.0066697,0.0080236,0.0090845,0.012979,0.018784,0.07393,0.080638,0.084732,0.031083,0.01884,0.014974,0.012799,0.013343,0.012135,0.012535,0.0025812,0.0019133,0.002355,0.0019826,0.0030777,0.0036889,0.0053888,0.013937,0.037674,0.021635,0.0069154,0.0036689,0.002539,0.0018287,0.0018487,0.001606,0.0062829,0.0026625,0.002716,0.0028391,0.0028643,0.0036312,0.0039397,0.0048263,0.0081569,0.001795,0.023358,0.0066676,0.0036387,0.0024082,0.00179,0.0014357,0.0010529,0.044144,0.01881,0.01921,0.020962,0.024047,0.028776,0.038744,0.063962,0.20659,0.27496,0.071084,0.036696,0.026689,0.021596,0.018862,0.022335,0.01772,0.014982,0.0013975,0.0006191,0.00023327,0.00072205,0.00058202,0.0009405,0.0010063,0.0051372,0.048229,0.0042086,0.0010376,0.00083394,0.00093418,0.00081225,0.00099133,0.0001316,0.00025177,0.0018078,0.0017689,0.0018446,0.0019823,0.0030413,0.0034119,0.0056973,0.028058,0.040283,0.0056242,0.0020931,0.0017372,0.0016212,0.0014914,0.0014947,0.0012474
0.0094396,0.0034052,0.0032589,0.0035903,0.0048238,0.00695,0.010135,0.020428,0.044614,0.051422,0.0055123,0.0089044,0.0073577,0.0051681,0.0051356,0.0055792,0.0060254,0.0039712,0.0038013,0.0016467,0.0012514,0.00090545,0.00082168,0.0016869,0.0046623,0.014925,0.018205,0.009033,0.0045077,0.003194,0.0026309,0.0025894,0.0020743,0.002491,0.0011692,0.0022695,0.001424,0.0011796,0.0016183,0.0024035,0.0034295,0.0050576,0.016635,0.019296,0.0093604,0.0031946,0.0017423,0.0014245,0.0011326,0.0013706,0.0010395,0.048226,0.041903,0.043855,0.046261,0.052268,0.061632,0.079542,0.12252,0.35473,0.30868,0.086606,0.046201,0.028516,0.017911,0.011982,0.0078409,0.0043259,0.016346,0.0022369,0.0020163,0.0019105,0.0019379,0.002281,0.0031611,0.0050747,0.013145,0.012264,0.0059598,0.002307,0.0015869,0.00056673,0.00080331,0.0015018,0.00082779,0.0047856,0.0032852,0.0031791,0.0039163,0.0046161,0.0055144,0.0074169,0.013252,0.038935,0.06065,0.020199,0.010347,0.0074859,0.0064259,0.0056168,0.0052488,0.0052968,0.032065,0.0070566,0.0065778,0.0072716,0.0078843,0.0092405,0.011824,0.022496,0.036034,0.12194,0.073428,0.019697,0.012574,0.011111,0.0053308,0.0052448,0.0044461,0.015362,0.0034792,0.002074,0.0020679,0.0021387,0.0024704,0.0032224,0.0040951,0.014401,0.031918,0.021456,0.0028631,0.0017211,0.0010244,0.00087178,0.00031623,8.3916e-05,0.0059815,0.0015394,0.00082143,0.0014015,0.0015354,0.0020312,0.0030911,0.0068217,0.017428,0.033636,0.024023,0.0083295,0.0058568,0.0048186,0.0042496,0.0038965,0.0038376,0.022635,0.0043292,0.0037932,0.0048218,0.0077022,0.010675,0.017818,0.034741,0.13882,0.082709,0.030958,0.024013,0.020056,0.01713,0.016981,0.013714,0.0166,0.0026226,0.0030194,0.0018708,0.00078412,0.0011,0.0012839,0.0011015,0.0016838,0.0072281,0.048925,0.0018548,0.00097721,0.00094873,0.00087677,0.00022398,0.00020927,0.0013638,0.0030747,0.00035488,0.0008284,0.00091896,0.0019456,0.0029048,0.0049385,0.0085933,0.03265,0.085822,0.010009,0.0075709,0.0061763,0.005356,0.0048478,0.0043756,0.004448
0.0036431,0.0057381,0.0021526,0.0029563,0.0037188,0.0048853,0.0070235,0.012719,0.043165,0.02379,0.018816,0.0085869,0.0066105,0.0051397,0.0051875,0.0050265,0.0045357,0.01599,0.0024874,0.0023844,0.0020268,0.0016499,0.0025975,0.0038476,0.0046661,0.013356,0.0032705,0.012884,0.0045235,0.0023855,0.0022083,0.0015294,0.0014705,0.0016651,0.0011692,0.0033113,0.0019833,0.0024081,0.00264,0.0033006,0.0044117,0.0061311,0.015883,0.018936,0.016837,0.0058537,0.0041777,0.0033007,0.0030834,0.0025515,0.0024472,0.041764,0.027845,0.031492,0.035427,0.039618,0.048564,0.065855,0.11079,0.34064,0.25896,0.078229,0.050851,0.038662,0.031322,0.027947,0.024885,0.025315,0.017666,0.0026125,0.0028827,0.0022036,0.0026606,0.0024374,0.0029011,0.0052488,0.016455,0.0086214,0.0066372,0.0029105,0.0017226,0.0010625,0.0018261,0.001105,0.00094605,0.00018502,0.0022749,0.0029358,0.0033485,0.0033461,0.004898,0.0065571,0.01045,0.034975,0.0037217,0.0075843,0.0039966,0.0031211,0.0027066,0.0020675,0.0020096,0.0021649,0.03805,0.0063165,0.001409,0.0021045,0.0047705,0.0091925,0.014717,0.019333,0.022166,0.033332,0.07174,0.028408,0.020985,0.015185,0.01254,0.0077807,0.003645,0.024416,0.003632,0.00093432,0.0014858,0.0022367,0.0030136,0.0042076,0.0050163,0.0064586,0.0081133,0.015413,0.0094687,0.0076122,0.0056268,0.0040994,0.0026348,0.0017224,0.0030938,0.0050507,0.0031135,0.0024082,0.0042103,0.0056246,0.0075672,0.0068917,0.0045332,0.024025,0.025866,0.012679,0.0068323,0.002835,0.0016932,0.0031564,0.0038376,0.015723,0.007312,0.0064771,0.0079915,0.010755,0.015417,0.02395,0.042833,0.1302,0.29831,0.051156,0.03831,0.029534,0.025617,0.023665,0.019723,0.021189,0.017105,0.0037816,0.0021073,0.0013651,0.001568,0.0017418,0.0021841,0.0026498,0.0032735,0.044473,0.0084739,0.0013935,0.0013749,0.001151,0.00082696,0.00080606,0.0011063,0.0057908,0.0014864,0.0012476,0.0016437,0.0018523,0.002,0.0033434,0.0063688,0.021583,0.037097,0.0038097,0.0031488,0.0028203,0.0025096,0.0023661,0.0019306,0.0019531
0.03986,0.012191,0.0064347,0.0073953,0.0084981,0.0078433,0.010065,0.011705,0.075946,0.029473,0.025804,0.010184,0.0084494,0.0066943,0.005006,0.0043999,0.0046769,0.010361,0.0022365,0.0011064,0.0015106,0.0020553,0.0024985,0.0028049,0.0039974,0.017339,0.013108,0.0074623,0.0022785,0.0019254,0.0013138,0.00098689,0.00082572,0.00086976,0.0085699,0.0023452,0.0026585,0.0027521,0.003014,0.0034447,0.0043331,0.0087192,0.02919,0.012684,0.011238,0.0046334,0.0023948,0.0015691,0.0011783,0.00097199,0.0010281,0.03591,0.0087595,0.0084446,0.011647,0.015194,0.022799,0.03618,0.072913,0.42939,0.18547,0.073511,0.049512,0.039751,0.034507,0.032146,0.030773,0.033164,0.021355,0.0078408,0.004212,0.0030531,0.0026124,0.0021785,0.0024549,0.0033824,0.014444,0.0041339,0.0041266,0.0006987,0.00051466,0.00056021,0.00019185,0.00032594,0.00098421,0.0023327,0.0039837,0.0039286,0.0040806,0.0049582,0.0060748,0.0078587,0.013251,0.055491,0.04705,0.012663,0.0054501,0.0041395,0.0031135,0.0026202,0.0025323,0.0021878,0.079023,0.0059574,0.00277,0.003875,0.0055356,0.0072413,0.011526,0.019309,0.082376,0.025011,0.12611,0.039711,0.02612,0.020578,0.015422,0.018078,0.016613,0.0075055,0.0069781,0.0033866,0.0023526,0.0022059,0.0022677,0.0036594,0.0058687,0.017269,0.018905,0.035102,0.012832,0.0081067,0.0065995,0.0061088,0.0055477,0.0052091,0.0056249,0.0029044,0.0018175,0.001714,0.0020503,0.0015464,0.0024165,0.005161,0.015968,0.036801,0.016135,0.0029545,0.0016035,0.00095288,0.00078371,0.00051274,0.00089455,0.037341,0.010924,0.0069867,0.0059042,0.0048751,0.0050443,0.0086863,0.020309,0.17016,0.078003,0.044067,0.028661,0.025518,0.023374,0.021002,0.020886,0.021975,0.028534,0.0074103,0.007436,0.0078628,0.0073712,0.0078301,0.0085912,0.010048,0.019029,0.03589,0.01087,0.0011606,0.0026019,0.0027773,0.0038358,0.0041623,0.0034905,0.0028897,0.0071567,0.0075609,0.0077833,0.00849,0.009207,0.011782,0.017212,0.046694,0.066359,0.014625,0.0042835,0.0022041,0.0011884,0.00085199,0.0011378,0.00086786
0.074434,0.0058026,0.0041976,0.0056576,0.005288,0.0060044,0.0083852,0.011824,0.080673,0.042795,0.015004,0.0068295,0.003666,0.0027715,0.001745,0.0022228,0.00081256,0.0042115,0.00086369,0.0010296,0.00064239,0.0013021,0.0010998,0.0011115,0.0018192,0.01514,0.0099912,0.0028591,0.00097584,0.0007776,0.00085324,0.00063593,0.00052506,0.00062181,0.005766,0.0013521,0.0011348,0.0010186,0.0013534,0.0013404,0.0023347,0.0047188,0.020433,0.01629,0.0060305,0.001292,0.00056535,0.00039308,0.00029816,0.00028717,3.6228e-05,0.013191,0.039803,0.0403,0.042195,0.047336,0.057122,0.074937,0.11663,0.37898,0.34954,0.087165,0.049108,0.033334,0.024357,0.019686,0.015193,0.015316,0.041421,0.0043424,0.002423,0.0017497,0.0024964,0.0025414,0.0027633,0.0040246,0.013954,0.013457,0.0049354,0.0021005,0.0010195,0.0011302,0.0014465,0.00019287,0.00042347,0.0034581,0.00050253,0.00070444,0.0012892,0.0022438,0.0031354,0.0055864,0.011276,0.036209,0.032794,0.016395,0.0097957,0.007208,0.006092,0.0054693,0.0053191,0.0052396,0.089881,0.0059031,0.0037005,0.0024689,0.0036232,0.0053959,0.0057328,0.009434,0.050708,0.11511,0.060876,0.028387,0.017449,0.016736,0.0098738,0.0092673,0.011137,0.026244,0.0027629,0.00079169,0.00026813,0.00060498,0.0011006,0.00094672,0.0026419,0.0039417,0.028653,0.019627,0.0062241,0.0039469,0.002884,0.0026923,0.0023992,0.0023518,0.011854,0.001148,0.00083472,0.00082896,0.0010884,0.0015054,0.0022038,0.0025358,0.014653,0.016595,0.015373,0.0067036,0.0042555,0.0033212,0.0031165,0.0024036,0.0028706,0.049634,0.010565,0.010228,0.0098106,0.012633,0.016389,0.024852,0.046154,0.20482,0.26783,0.044502,0.031007,0.023466,0.020333,0.018087,0.02079,0.017937,0.015917,0.0013652,0.0003595,0.00039193,0.00058216,5.0762e-05,0.00051715,0.0014605,0.0016242,0.050166,0.0048598,0.0018991,0.00088592,0.0010121,0.0025763,0.0014157,0.00045205,0.0032635,0.0017891,0.0017309,0.0018988,0.0021861,0.0029999,0.0048684,0.0093311,0.03047,0.042373,0.0082397,0.0054457,0.0040391,0.0033142,0.003057,0.0033429,0.0028477
0.040621,0.0029806,0.0011184,0.00089303,0.00095955,0.0025518,0.0048854,0.012744,0.023737,0.041875,0.0030737,0.0043058,0.0042938,0.0034687,0.0036109,0.0041174,0.0038319,0.0060712,0.002362,0.0020286,0.0015395,0.0018177,0.0018993,0.0028671,0.004513,0.010333,0.01405,0.006148,0.0021075,0.0015335,0.00058562,0.00075885,0.00068111,0.00067329,0.0020542,0.0014905,0.0012425,0.0011565,0.0009762,0.0017453,0.0022604,0.0047424,0.013032,0.027527,0.006615,0.0018549,0.0010931,0.00073397,0.00044897,0.00024592,0.0001545,0.026822,0.033957,0.038018,0.0065314,0.042312,0.057708,0.017188,0.09896,0.39034,0.077965,0.06561,0.060201,0.023634,0.014081,0.028151,0.022057,0.0058366,0.020495,0.0020436,0.0030701,0.0015925,0.0012464,0.0032963,0.0023362,0.0045588,0.01987,0.00036221,0.0033399,0.0044616,0.0020335,0.00091065,0.002713,0.00088805,0.00052835,0.0057851,0.0017325,0.0031521,0.0041781,0.0018259,0.0075899,0.0060603,0.010068,0.049059,0.0044093,0.021231,0.013166,0.0017478,0.0093621,0.0056522,0.0032398,0.0082494,0.068458,0.0032687,0.0030424,0.0029188,0.0032755,0.0042501,0.0061409,0.0096936,0.0093009,0.089227,0.055768,0.020366,0.012678,0.0085606,0.011575,0.0094829,0.0077306,0.0083677,0.0028612,0.0012513,0.001309,0.0009266,0.0014724,0.0017692,0.0013549,0.0054817,0.026547,0.010996,0.0035592,0.0020124,0.0016863,0.00090519,0.0009211,0.00091744,0.0058595,0.0010019,0.00088984,0.001035,0.001451,0.001865,0.0030744,0.0064586,0.011662,0.040541,0.011897,0.0059215,0.0040803,0.0032221,0.0027785,0.002894,0.0026436,0.040774,0.014595,0.013864,0.01431,0.016814,0.021164,0.028613,0.046042,0.14046,0.2296,0.043216,0.02512,0.018612,0.016064,0.010516,0.01429,0.0143,0.012337,0.00037737,0.0002468,0.00082316,0.00063665,0.0008679,0.0010031,0.00091441,0.0033278,0.047268,0.0066475,0.0023946,0.0010517,0.0012156,0.0019382,0.00075368,3.434e-05,0.0060426,0.0031034,0.0027852,0.0027388,0.0028053,0.003881,0.0047875,0.0069707,0.02509,0.071083,0.0053755,0.0037191,0.0026695,0.0020724,0.0016166,0.0016869,0.0016823
0.025139,0.0023048,0.0024888,0.0034486,0.0037119,0.0054869,0.0068183,0.0098788,0.056695,0.042869,0.015317,0.005668,0.0046753,0.0030786,0.0044717,0.0025837,0.0041314,0.031783,0.009643,0.0051755,0.0040057,0.0030452,0.0037451,0.0041249,0.0055533,0.017457,0.0046963,0.015048,0.0047325,0.0024239,0.0019308,0.0019055,0.0011587,0.0017376,0.016636,0.0039337,0.0029704,0.0026429,0.0031127,0.0031459,0.0037063,0.0050221,0.016023,0.017999,0.018692,0.003769,0.0019578,0.0010221,0.00075049,0.00053044,1.1448e-05,0.063046,0.015935,0.017348,0.019746,0.026284,0.037692,0.056609,0.10393,0.34745,0.43032,0.12277,0.082207,0.065353,0.055336,0.051038,0.045828,0.046868,0.0032769,0.0047744,0.0017972,0.0011226,0.00058685,0.00054227,0.0014886,0.0039242,0.012767,0.013965,0.0089491,0.004108,0.0030867,0.0027444,0.0031573,0.0025337,0.002121,0.0069829,0.0032309,0.0028043,0.0030785,0.0034061,0.0041802,0.0062154,0.010057,0.035304,0.038171,0.011859,0.0058026,0.0046289,0.0039841,0.0036547,0.0031482,0.0031567,0.089513,0.0071915,0.0041422,0.003223,0.0028095,0.0029743,0.0023942,0.0048085,0.025529,0.13069,0.043687,0.014795,0.0093774,0.0053624,0.0068576,0.0062354,0.0043908,0.017756,0.0059808,0.0027026,0.001659,0.0012894,0.0010568,0.00054195,0.00066676,0.0040426,0.040637,0.01323,0.004249,0.0031089,0.0024403,0.0021232,0.0021576,0.0020046,0.00047111,0.0051386,0.0045484,0.0047442,0.0052386,0.0061507,0.0075484,0.011043,0.023565,0.012743,0.024424,0.0085335,0.0045628,0.0033695,0.0024567,0.0022194,0.0017643,9.1549e-05,0.010861,0.01278,0.014235,0.016702,0.020261,0.026979,0.04348,0.13375,0.22773,0.063461,0.033421,0.02448,0.020139,0.016952,0.018346,0.016918,0.044831,0.0094432,0.0038812,0.0025626,0.0012136,0.00044319,0.00099055,0.0028857,0.011128,0.04775,0.013874,0.0073094,0.0050652,0.0041016,0.0037405,0.0029082,0.0034638,0.0065766,0.0024099,0.0020216,0.0021407,0.0023464,0.0030648,0.0037279,0.0071978,0.020098,0.046465,0.0022046,0.0021133,0.0013854,0.0011771,0.001062,0.00038202,0.00060274
0.041783,0.0073502,0.007377,0.0081752,0.0099608,0.011498,0.014767,0.023537,0.060674,0.032621,0.025148,0.010721,0.0065036,0.0046079,0.0010156,0.0015979,0.00015259,0.06491,0.00040996,0.0032008,0.003037,0.0039163,0.0045244,0.0050288,0.0077211,0.021611,0.0078374,0.011683,0.0045822,0.002936,0.0017997,0.0010133,0.00052282,8.9649e-05,0.02153,0.0051377,0.0039751,0.0038972,0.0045939,0.0052434,0.0062576,0.0074478,0.027298,0.0079902,0.021509,0.0065916,0.0039065,0.002444,0.0014324,0.00091695,0.00076678,0.063073,0.017026,0.017114,0.019678,0.025809,0.035215,0.054033,0.10057,0.33507,0.3445,0.10365,0.074239,0.059366,0.051299,0.046705,0.04591,0.042573,0.021378,0.0011842,0.00099426,0.00082133,0.00107,0.0014715,0.0021012,0.0040062,0.012766,0.014224,0.00596,0.0029917,0.0024571,0.0018039,0.0016524,0.0017617,0.002224,0.0066281,0.0039827,0.0037311,0.0039492,0.0047199,0.0052009,0.007036,0.011788,0.038556,0.061438,0.010382,0.0070472,0.0051699,0.0042372,0.0036615,0.0034203,0.003439,0.10444,0.006408,0.0031716,0.0038967,0.0042985,0.0046648,0.0061605,0.011733,0.031946,0.12892,0.031509,0.014717,0.0090522,0.0056973,0.006932,0.0056259,0.0053483,0.036517,0.0020778,0.00076435,0.0012971,0.0010346,0.0010801,0.0017689,0.0027569,0.013233,0.017358,0.0048269,0.0028607,0.0019121,0.0017442,0.001245,0.0012757,0.0010014,0.014094,0.0026868,0.0035503,0.0037546,0.0042926,0.0046966,0.0055882,0.0077764,0.025469,0.036502,0.019571,0.0059674,0.0034673,0.0021749,0.0014549,0.00091153,0.00074578,0.027382,0.013757,0.014758,0.015061,0.016819,0.020358,0.025985,0.041319,0.10623,0.12672,0.03668,0.021135,0.014606,0.010456,0.010893,0.0075574,0.0082895,0.071494,0.0033462,0.0010415,0.00032289,0.00034394,0.00030065,0.0004316,0.00045927,0.0041161,0.051214,0.0023442,0.00079582,0.00015439,6.2124e-05,0.00014949,0.00028761,0.00025748,0.015856,0.0029871,0.0036162,0.0033927,0.0039553,0.0049051,0.006223,0.0097324,0.029029,0.08223,0.010471,0.0044706,0.0028799,0.0021804,0.0016112,0.0012338,0.0013066
0.0055734,0.0081272,0.0065203,0.0075852,0.0084398,0.0099477,0.013126,0.019763,0.040805,0.038133,0.027509,0.01071,0.006463,0.0033465,0.0024579,0.0024893,0.0018006,0.041361,0.0030583,0.0028348,0.0028211,0.0027309,0.0033262,0.0043872,0.0060136,0.01517,0.0036913,0.014226,0.0043803,0.002873,0.0020151,0.001092,0.0010635,0.00068857,0.0185,0.004028,0.0038449,0.0040927,0.0045192,0.0051159,0.0060746,0.0076446,0.020365,0.024413,0.024399,0.0073237,0.0039363,0.0025519,0.0021572,0.0013417,0.0011502,0.05952,0.012836,0.014086,0.018058,0.023516,0.032518,0.048093,0.088061,0.27546,0.39022,0.092589,0.067961,0.052737,0.045882,0.041975,0.037964,0.037478,0.025576,0.0025353,0.00067746,0.00034876,0.00032196,0.00081149,0.00151,0.0035469,0.012275,0.016442,0.0051107,0.0033615,0.0025357,0.0025397,0.002245,0.0018194,0.0026417,0.0098898,0.004035,0.0037861,0.0041492,0.0048072,0.0053543,0.0071402,0.010992,0.032146,0.028965,0.01429,0.0067798,0.0048155,0.0042775,0.0036269,0.0029347,0.0030461,0.076808,0.0046876,0.0038423,0.0041783,0.0043501,0.0048203,0.0086794,0.012328,0.047114,0.10633,0.045279,0.020175,0.013176,0.010849,0.0091316,0.010448,0.009741,0.039183,0.0025916,0.0016512,0.0022017,0.0020216,0.0023494,0.0028513,0.003612,0.0095965,0.015566,0.007422,0.0030929,0.0017822,0.0010225,0.00041706,0.00045423,0.00021173,0.0071565,0.0027485,0.00261,0.0028355,0.0034949,0.0035029,0.0041243,0.0059555,0.016235,0.016593,0.015299,0.005686,0.0030616,0.0020318,0.0015506,0.0014661,0.0010147,0.018523,0.0144,0.015653,0.016467,0.017682,0.021857,0.027651,0.043437,0.11639,0.22387,0.032507,0.016439,0.010503,0.0069392,0.0047719,0.0014103,0.00022697,0.049699,0.0019592,0.001577,0.00013294,0.00035386,0.00043923,0.00095197,0.0018258,0.0064943,0.049807,0.012989,0.0044993,0.0035973,0.002866,0.0022755,0.0033263,0.0024262,0.0043946,0.0036768,0.0039533,0.0044041,0.0046304,0.0061187,0.0076165,0.01118,0.027774,0.044313,0.019941,0.0089666,0.0059804,0.0047092,0.0040731,0.003884,0.0034943
0.0017471,0.0074881,0.0056151,0.00642,0.0069877,0.0082741,0.011204,0.015925,0.039847,0.011812,0.024945,0.010011,0.0053055,0.0044365,0.0038941,0.0028303,0.0023499,0.029459,0.0036708,0.0029048,0.002674,0.0027611,0.0030368,0.0038291,0.0055217,0.013819,0.0070597,0.009588,0.0036878,0.0019653,0.001309,0.001195,0.0008461,0.00071909,0.0046654,0.003492,0.0035291,0.003642,0.0040528,0.0044635,0.0057033,0.007849,0.024301,0.0054112,0.019675,0.0068093,0.0040194,0.0028789,0.0021948,0.0015873,0.0017281,0.00076869,0.020739,0.021978,0.026504,0.031862,0.041232,0.058744,0.10021,0.32309,0.22935,0.11407,0.074157,0.057004,0.048938,0.044831,0.041995,0.039679,0.029627,0.0013476,0.0008778,0.00058029,0.00070486,0.0014274,0.0019926,0.0036709,0.014469,0.012476,0.003848,0.0026827,0.0025876,0.0017014,0.002408,0.0020574,0.0026036,0.0034409,0.0020675,0.0021231,0.0023425,0.0029984,0.0038663,0.0054933,0.010962,0.031887,0.035303,0.010936,0.0069277,0.0056046,0.0046268,0.0043146,0.0038967,0.0040589,0.055171,0.0053173,0.0059902,0.0056089,0.0055254,0.0069189,0.0080973,0.0090448,0.024628,0.022936,0.069617,0.0021275,0.013417,0.0040454,0.006324,0.004889,0.0040761,0.035603,0.0021985,0.0011633,0.00059401,0.00071703,0.00088041,0.00082658,0.0015482,0.0033179,0.015176,0.010031,0.0019217,0.0015385,0.00029099,0.0010328,0.00020167,0.00096133,0.01219,0.0066324,0.0027573,0.0064901,0.0056136,0.0059721,0.010386,0.0042443,0.026399,0.013291,0.033641,0.0052488,0.0065366,0.0030996,0.0024284,0.0019127,0.0014019,0.017817,0.011702,0.018739,0.018669,0.0098343,0.0090593,0.031918,0.063612,0.1343,0.23482,0.06924,0.049426,0.031569,0.014223,0.0085651,0.019836,0.020693,0.029036,0.0011861,0.0035404,0.0041521,0.0032772,0.0023179,0.0052146,0.008774,0.011886,0.038899,0.02001,0.0078651,0.0028387,0.0018234,0.0042348,0.0022426,0.00083734,0.012646,0.0041561,0.00090714,0.0054526,0.0073851,0.0037234,0.0044413,0.016675,0.040142,0.026649,0.021019,0.015092,0.0067877,0.0037541,0.0062473,0.0053271,0.0031281
0.009369,0.00559,0.0062622,0.0065783,0.0074459,0.0082015,0.011486,0.016435,0.062693,0.018732,0.029374,0.012162,0.0086646,0.0055944,0.0055892,0.0058718,0.0046845,0.010431,0.0055521,0.0031935,0.0020851,0.0020221,0.0025015,0.0026619,0.003906,0.015942,0.010888,0.0091968,0.0043578,0.0031068,0.0030153,0.0022542,0.0024171,0.0023518,0.0062467,0.0025964,0.0037423,0.0035457,0.0048488,0.004542,0.0066987,0.010232,0.024126,0.013984,0.019161,0.0078433,0.0050578,0.0035487,0.0033412,0.0026195,0.0027066,0.039353,0.029248,0.034644,0.036129,0.041349,0.049799,0.066701,0.11261,0.3886,0.31706,0.075449,0.04735,0.034501,0.028381,0.024256,0.021283,0.021614,0.017222,0.0043379,0.0020749,0.0017,0.0018527,0.0023591,0.0029518,0.0045611,0.013759,0.012445,0.001844,0.0011088,0.00045834,0.00061248,0.00097311,0.00032284,0.0016079,0.0034142,0.0011323,0.0011917,0.0017825,0.0017345,0.0033753,0.0047296,0.0076322,0.041294,0.052791,0.0073672,0.0062309,0.0045831,0.0043406,0.0039263,0.0034933,0.0036431,0.045417,0.005258,0.0066493,0.0071336,0.0074445,0.0088056,0.010658,0.015525,0.045261,0.14674,0.059179,0.020688,0.012736,0.010098,0.0052434,0.0051542,0.0034772,0.023026,0.0042461,0.0022543,0.00064684,0.0014668,0.00044893,0.0019399,0.0031626,0.009299,0.047949,0.022035,0.0089739,0.0061415,0.0045735,0.0044485,0.0041063,0.0040284,0.0047799,0.0043165,0.0032721,0.0036239,0.0031651,0.0042435,0.0050971,0.0065623,0.020616,0.02395,0.012402,0.0050577,0.0029428,0.0018683,0.00132,0.00064367,0.00061034,0.017866,0.0041841,0.0058877,0.0071385,0.011623,0.016033,0.025536,0.048754,0.17291,0.08406,0.060484,0.042569,0.03253,0.027985,0.025933,0.027221,0.024512,0.013682,0.0057249,0.0029475,0.0020174,0.0015942,0.0010026,0.0011332,0.00080973,0.0049568,0.053163,0.0026008,0.001061,0.00094089,0.001179,0.0011295,0.00032492,0.00097087,0.0040417,0.0010458,0.0013197,0.00072892,0.002292,0.0015538,0.0036214,0.0050146,0.027266,0.076031,0.011609,0.0049353,0.0037077,0.0031369,0.0027813,0.0029061,0.0028287
0.030379,0.0042268,0.010261,0.0071379,0.0094319,0.014273,0.0089576,0.036782,0.02411,0.075356,0.019313,0.0040128,0.00692,0.0022632,0.003679,0.0018125,0.0024243,0.02236,0.0014554,0.0017317,0.0014906,0.0016825,0.0027376,0.0018914,0.0084037,0.0046388,0.020221,0.0010679,0.0058004,0.0036717,0.0023521,0.0034607,0.00091119,0.0035343,0.0073816,0.0018675,0.0024876,0.0021291,0.0031317,0.0034631,0.0048875,0.010157,0.011532,0.027404,0.014896,0.0083012,0.0026148,0.0038139,0.0028989,0.0029025,0.0027466,0.001173,0.026669,0.027054,0.030376,0.034824,0.042622,0.056651,0.10165,0.38147,0.25042,0.06728,0.041285,0.030266,0.024819,0.021682,0.018979,0.018721,0.0083982,0.0011201,0.0015888,0.0015092,0.0013986,0.0016801,0.0021026,0.0043362,0.01545,0.012123,0.00039091,0.0015932,0.0012457,0.0010965,0.0013656,0.0011433,0.0018254,0.003212,0.002226,0.002627,0.0025998,0.003062,0.0041486,0.0056367,0.0064747,0.042062,0.042697,0.0022689,0.0043022,0.0032195,0.0028022,0.0024147,0.0024881,0.0024414,0.0078431,0.015159,0.014739,0.014057,0.013789,0.012295,0.0099994,0.0040223,0.046028,0.10032,0.046008,0.028819,0.023527,0.021724,0.018845,0.017581,0.016358,0.012442,0.0038688,0.0043533,0.0043033,0.0043319,0.0044074,0.0040235,0.0037101,0.0084867,0.036286,0.014939,0.0080898,0.0070557,0.00638,0.0062731,0.0059012,0.0055752,0.0051785,0.0012091,0.0020008,0.0024511,0.0032688,0.0041712,0.0049061,0.0079919,0.018956,0.046589,0.0021826,0.0050701,0.0052201,0.005571,0.0056603,0.0054994,0.0054913,0.029114,0.0020823,0.0043703,0.006476,0.011867,0.019741,0.030997,0.055911,0.23261,0.060543,0.094359,0.057053,0.044826,0.036625,0.031249,0.029605,0.028119,0.023447,0.0023963,0.0015833,0.0019121,0.0027907,0.0039457,0.0055739,0.0067175,0.010369,0.046028,0.011876,0.011516,0.010497,0.0085997,0.0058582,0.0024534,0.0004673,0.002512,0.0013361,0.001288,0.0015137,0.0019513,0.0023795,0.0042664,0.0049433,0.030874,0.064335,0.014638,0.0083209,0.0064915,0.0050861,0.0036387,0.0017861,0.0010281
0.0075704,0.0053384,0.002789,0.0040711,0.0058659,0.0066534,0.0090273,0.016909,0.079426,0.053911,0.019734,0.0061718,0.0067195,0.0045034,0.004152,0.0036395,0.0039693,0.013645,0.0014353,0.00039997,0.00032778,0.00049374,0.00077575,0.0015653,0.0035212,0.019387,0.016134,0.014063,0.0025436,0.0024586,0.0020444,0.0018262,0.00148,0.0018845,0.0076295,0.001273,0.0012078,0.0014816,0.0018532,0.0021555,0.003064,0.0053627,0.026356,0.016352,0.024225,0.0044587,0.0034622,0.0027286,0.0025338,0.0024781,0.0021401,0.01869,0.0046826,0.0082773,0.012302,0.017027,0.025142,0.042129,0.08149,0.35213,0.2891,0.068772,0.052512,0.042946,0.037779,0.034348,0.03303,0.03213,0.0068475,0.00032343,0.00068739,0.00034281,0.0006135,0.0012345,0.0017495,0.0032451,0.015844,0.012188,0.006721,0.0026505,0.0018954,0.0020314,0.0019113,0.0018255,0.00054551,0.0030823,0.0039587,0.0042414,0.0044685,0.0049953,0.005827,0.0075061,0.013069,0.045733,0.029181,0.01276,0.0041182,0.002725,0.001634,0.001151,0.00062798,0.00028613,0.025166,0.0070715,0.0068967,0.0079141,0.0084411,0.009728,0.013163,0.019861,0.078454,0.10641,0.020461,0.010536,0.0076038,0.0066609,0.0027251,0.0042485,0.0021439,0.0073377,0.0013875,0.0020183,0.0014738,0.0018449,0.0020052,0.0029106,0.0046085,0.014019,0.042462,0.0036457,0.0029993,0.0017959,0.0013043,0.0012475,0.00097702,0.00092508,0.0032674,0.00025401,0.0004916,0.00021135,0.00021887,0.00037943,0.00047909,0.001643,0.013987,0.048233,0.0061909,0.00087966,0.00041752,0.00033151,0.00017701,0.00028269,0.00015832,0.043843,0.0215,0.023474,0.0241,0.027095,0.032608,0.041921,0.063943,0.21897,0.22116,0.056115,0.028212,0.017478,0.010535,0.0088216,0.00565,0.0061875,0.013149,0.0019587,0.0011655,0.00097757,0.001295,0.0016752,0.0021109,0.0033285,0.011443,0.049199,0.015289,0.0071496,0.0040067,0.0033447,0.0029276,0.0029388,0.0024071,0.0031357,0.0049714,0.0048917,0.0051968,0.0059677,0.0068289,0.0087322,0.01472,0.042368,0.046333,0.016181,0.007785,0.0047945,0.0035242,0.0028203,0.0021885,0.0019837
0.0037633,0.0010399,0.0038614,0.0036614,0.0040008,0.0047797,0.008057,0.016938,0.076089,0.055702,0.023034,0.0098209,0.0088128,0.0071296,0.0071824,0.0060308,0.0055409,0.0064546,0.00070707,0.0007645,0.00080192,0.00097201,0.0010772,0.002144,0.0026269,0.019198,0.017747,0.0094933,0.00063527,0.00094568,0.00083004,0.0010002,0.00069516,0.00057222,0.0041371,0.0010207,0.0010088,0.0010849,0.0011375,0.0014237,0.0021379,0.0037694,0.026405,0.021322,0.016925,0.00072902,0.0013455,0.0011549,0.0010407,0.00092598,0.0010204,0.032296,0.026553,0.027,0.028761,0.033809,0.041711,0.055995,0.096328,0.38379,0.21517,0.077847,0.045027,0.033745,0.027218,0.023696,0.021471,0.021908,0.00663,0.0012084,0.0015727,0.0012801,0.0015638,0.0016747,0.0026077,0.0041468,0.017304,0.0080286,0.0022821,0.0018983,0.0015043,0.001474,0.0018269,0.0019003,8.3923e-05,0.0015202,0.0015135,0.0016652,0.0021311,0.0030374,0.0040371,0.006235,0.010799,0.043893,0.013022,0.018832,0.0098177,0.0073646,0.0063022,0.0057366,0.0053338,0.0052129,0.033894,0.0056348,0.0059528,0.0064911,0.0074373,0.0085933,0.012563,0.021551,0.080247,0.1005,0.028055,0.0158,0.011324,0.0084995,0.0093804,0.0090482,0.0075265,0.0077783,0.0018414,0.0016965,0.0018112,0.0020135,0.0026724,0.0035079,0.0050439,0.01644,0.043987,0.012884,0.0044934,0.0031789,0.0024484,0.0020218,0.0018255,0.0017434,0.0025158,0.00077531,0.00063439,0.00065502,0.00077327,0.0010153,0.0010668,0.0015887,0.014932,0.047625,0.011361,0.0033809,0.0020023,0.0017961,0.0014183,0.0015057,0.0015545,0.011,0.0042349,0.0074048,0.0067174,0.0093165,0.013389,0.020876,0.041025,0.18581,0.2751,0.044411,0.021884,0.018281,0.015563,0.015287,0.010958,0.013434,0.0091192,0.0039664,0.0034374,0.0033231,0.0040454,0.0046026,0.0058516,0.0086105,0.015518,0.045509,0.024672,0.0036781,0.0035332,0.0024887,0.0018966,0.0012376,0.0005131,0.0062047,0.0033539,0.0039892,0.0042742,0.0051377,0.0063053,0.0083342,0.014026,0.043545,0.03151,0.023935,0.012718,0.0091723,0.0074233,0.0066298,0.0060674,0.0060445
0.0078832,0.0070301,0.0063737,0.0075531,0.0085505,0.01086,0.014421,0.022096,0.081629,0.041915,0.024456,0.0068562,0.0048095,0.0029614,0.002034,8.9635e-05,0.00084878,0.0086633,0.0013242,0.0015853,0.0016885,0.0018553,0.002229,0.0030925,0.0049972,0.020027,0.015311,0.011792,0.0019107,0.0011371,0.0006512,0.00027946,0.00018355,0.00019074,0.0025025,0.0023534,0.0022269,0.0023684,0.0028014,0.0032985,0.0037489,0.0070073,0.02703,0.016031,0.021484,0.003472,0.0023388,0.0016197,0.0016439,0.0013317,0.0010758,0.025063,0.029114,0.029828,0.031752,0.036573,0.044289,0.059419,0.096188,0.4087,0.17553,0.0598,0.039229,0.028923,0.02266,0.018432,0.017168,0.015251,0.001812,0.00090884,0.0019412,0.0016082,0.0016296,0.0019793,0.0027059,0.004047,0.017791,0.0049379,0.0048458,0.0022402,0.001439,0.0013848,0.0010541,0.0016627,0.0011559,0.0053044,0.0037718,0.0041707,0.0043083,0.0049829,0.0059098,0.0076049,0.012877,0.04893,0.0030098,0.010462,0.0071724,0.0051748,0.004276,0.0034902,0.0031624,0.0032597,0.02719,0.003493,0.0040249,0.0047251,0.0056578,0.006887,0.0094807,0.016277,0.076077,0.10177,0.031833,0.013854,0.010637,0.0091916,0.005529,0.0041714,0.0046788,0.007557,0.0011801,0.0012172,0.00058684,0.0011582,0.0015732,0.0023713,0.003963,0.014403,0.040636,0.0162,0.005585,0.0041958,0.0033411,0.0031239,0.0031215,0.0029412,0.0010395,0.0017306,0.0019225,0.0020746,0.0023705,0.0029103,0.0035433,0.005183,0.019672,0.050634,0.012487,0.0036492,0.0021597,0.0015484,0.0013351,0.00090245,0.00070763,0.0089532,0.00322,0.0033111,0.0048755,0.00608,0.0090156,0.015122,0.035836,0.193,0.28077,0.024389,0.006753,0.0053258,0.0069654,0.0073256,0.0057122,0.0050584,0.004902,0.00034818,0.0005009,0.00041312,0.0020972,0.002364,0.0038721,0.0058792,0.012731,0.040254,0.026194,0.0067447,0.0061192,0.0048494,0.004951,0.0041523,0.0039177,0.0048161,0.0037247,0.0036516,0.0039715,0.0046627,0.0062388,0.0081435,0.013166,0.044285,0.031178,0.026611,0.012462,0.0088392,0.0073375,0.0066105,0.0060161,0.0057851
0.0039521,0.002263,0.0018112,0.0030515,0.0029541,0.0046507,0.0076434,0.016216,0.07747,0.035478,0.0059363,0.0087971,0.0060296,0.0064373,0.0052698,0.0053236,0.0035058,0.0041276,0.00028967,0.00040604,0.00038758,0.00071782,0.0010776,0.001231,0.0033171,0.018403,0.013236,0.0061199,0.0021934,0.0016151,0.001507,0.0013016,0.0011496,0.0011521,0.0035687,0.00092213,0.00074251,0.00085287,0.00098969,0.0013571,0.0028775,0.0044692,0.025039,0.014728,0.0163,0.0022162,0.0011473,0.0012342,0.0011073,0.0013191,0.00099755,0.0078317,0.0093213,0.0098624,0.012785,0.018899,0.027976,0.04313,0.084702,0.40112,0.17551,0.093266,0.058784,0.047433,0.040635,0.037197,0.035559,0.033783,0.0024434,0.0010951,0.00086072,0.0012306,0.00098317,0.0015012,0.0022535,0.0042604,0.017923,0.0045673,0.0081045,0.0037779,0.0023251,0.0020931,0.0018985,0.0031094,0.0017453,0.0014744,0.0035607,0.0036985,0.0042222,0.0047573,0.0053747,0.0073519,0.012064,0.049011,0.0051998,0.016976,0.0077892,0.005589,0.0042888,0.0037748,0.003683,0.0032445,0.028431,0.0052773,0.0062566,0.0064359,0.0079814,0.008939,0.011632,0.019089,0.067637,0.10523,0.018822,0.00601,0.0029874,0.0018988,0.0021321,0.0028594,0.00048827,0.009287,0.0018671,0.0014583,0.0017067,0.0016251,0.00185,0.0027124,0.0033821,0.013352,0.03412,0.0060582,0.0020848,0.0013602,0.0011229,0.00086778,0.0006126,0.00053598,0.0010395,0.00095454,0.0014011,0.0015363,0.0019715,0.0019528,0.0026411,0.0038352,0.020315,0.048813,0.0070321,0.0056809,0.0039872,0.0034712,0.0030676,0.0029537,0.0026837,0.016995,0.0072511,0.008807,0.0086479,0.0097341,0.013048,0.019112,0.035602,0.20257,0.26743,0.030525,0.0029719,0.0037102,0.0031233,0.0030301,0.0026645,0.0017853,0.0014,0.0030921,0.0031606,0.0037687,0.0039209,0.0048141,0.006128,0.0080799,0.015107,0.040825,0.020817,0.004555,0.0029691,0.0019533,0.0017356,0.0006906,0.00057604,0.0042706,0.005289,0.0055879,0.0059775,0.0063662,0.0078738,0.0098202,0.014254,0.045717,0.030788,0.021833,0.0090344,0.0057658,0.0042183,0.0032294,0.0027312,0.0027295
0.011524,0.0054017,0.0068167,0.006848,0.0072181,0.0099242,0.012485,0.018833,0.078717,0.027201,0.030591,0.0084247,0.0066416,0.0035613,0.0038816,0.0035514,0.0024262,0.002781,0.0011617,0.0013408,0.0010094,0.00099579,0.001647,0.0025567,0.0035446,0.019075,0.014296,0.011322,0.0021847,0.0016441,0.00082402,0.00057351,0.00059496,0.0006447,0.0058347,0.0015107,0.0015909,0.0019206,0.0020853,0.0026357,0.0035284,0.0053445,0.027637,0.012177,0.019471,0.0034866,0.0015717,0.0011978,0.00086674,0.00090836,0.00045205,0.032919,0.034226,0.037226,0.039906,0.043561,0.051246,0.067363,0.10712,0.42704,0.14839,0.072617,0.036539,0.022326,0.014768,0.0083476,0.0048322,0.0018368,0.0028096,0.001977,0.0013143,0.0016353,0.0020653,0.0022917,0.0031465,0.0043434,0.018701,0.0032909,0.00083568,0.0016522,0.0010767,0.00016487,3.092e-05,0.0011598,0.0014363,5.7228e-05,0.0022593,0.0023663,0.002725,0.0032526,0.0045944,0.0063309,0.012105,0.047949,0.0011494,0.014774,0.0088272,0.0064518,0.0052725,0.0046991,0.0046072,0.0042191,0.036778,0.00091058,0.00067699,0.0011646,0.0019892,0.0028385,0.0054794,0.013814,0.054992,0.10334,0.0081674,0.0057884,0.0047723,0.0052188,0.0032079,0.0021151,0.0018311,0.0067865,0.00092554,0.00083895,0.001062,0.00066146,0.0012313,0.0015336,0.0022185,0.0097216,0.027568,0.0086918,0.0026209,0.0016092,0.0013714,0.0015426,0.0014274,0.0013237,0.0008278,0.0018358,0.0019724,0.0022274,0.0021439,0.0025594,0.0036231,0.0042451,0.02023,0.054037,0.015414,0.0057446,0.0040204,0.0031719,0.0027087,0.0023879,0.0023995,0.00045013,0.0076856,0.0081729,0.0092876,0.010701,0.013648,0.020252,0.041155,0.2087,0.27871,0.015421,0.0064219,0.0045607,0.0058399,0.0049241,0.0043892,0.0054551,0.0012608,0.00045505,0.0013563,0.0014414,0.0021421,0.0023491,0.0038524,0.0059124,0.012824,0.038843,0.02456,0.006628,0.0052863,0.0040522,0.0035248,0.0037303,0.0032483,0.00013351,0.0010024,0.0016382,0.0018343,0.002885,0.0035457,0.0056495,0.010233,0.040507,0.0294,0.020388,0.011709,0.0086149,0.0072353,0.0065532,0.0062508,0.0061608
0.0053025,0.0025285,0.0039433,0.004629,0.0043726,0.0066774,0.010053,0.01922,0.069388,0.02449,0.020052,0.011142,0.010367,0.0068201,0.0076244,0.0067738,0.0068971,0.0030213,0.00037329,0.00089281,0.00047689,0.00058561,0.0016087,0.0025166,0.0051242,0.018738,0.0076871,0.014265,0.004704,0.0035978,0.0031445,0.0026143,0.0023589,0.0023041,0.004097,0.00078482,0.00067641,0.0012165,0.0015595,0.0017492,0.003868,0.0067317,0.02385,0.011973,0.019982,0.0055725,0.0040324,0.0031481,0.0030741,0.0025327,0.0028,0.025025,0.022566,0.028248,0.030388,0.025973,0.044637,0.053029,0.070935,0.42143,0.1292,0.062343,0.042928,0.019039,0.025369,0.018713,0.013263,0.02042,0.0016537,0.00039191,0.00090423,0.0017146,0.00097507,0.0018369,0.0021048,0.0025463,0.017782,0.0089984,0.00097413,0.0030444,0.00063953,0.0011823,0.0011133,0.00086335,0.002451,0.0015088,0.0024367,0.00099044,0.0023234,0.0024959,0.0019563,0.005282,0.00478,0.042027,0.028088,0.0023262,0.004154,0.0013014,0.0022477,0.0017218,0.0017224,0.001421,0.040141,0.0015716,0.0018335,0.0019319,0.0017786,0.0020978,0.0040595,0.0070772,0.054598,0.10702,0.029592,0.01029,0.0069801,0.0057368,0.0053701,0.005969,0.0053884,0.0056306,0.00049021,5.5502e-05,0.00083408,0.00083073,0.0012016,0.0012148,0.0021158,0.0069755,0.032766,0.014832,0.0051311,0.0031519,0.0025872,0.002289,0.0019702,0.0019608,0.0023022,0.0035112,0.0033953,0.0038863,0.0042697,0.0047768,0.0057358,0.0091078,0.023643,0.049692,0.015379,0.0055479,0.0030461,0.0019236,0.0012317,0.00068995,0.00041771,0.0085126,0.014629,0.013231,0.0047133,0.018171,0.02431,0.017286,0.055893,0.24482,0.21592,0.081944,0.04097,0.023269,0.022572,0.020959,0.018999,0.018389,0.0034619,0.002298,0.0027003,0.0035407,0.0029656,0.0030081,0.0041072,0.0069755,0.013483,0.04073,0.02245,0.005491,0.0035606,0.0029771,0.0031916,0.0022549,0.0017681,0.0031605,0.0059037,0.0056091,0.004734,0.0063201,0.0078099,0.0077998,0.013665,0.044539,0.037075,0.019002,0.0091291,0.0037496,0.0029163,0.001982,0.00058872,0.0012074
0.0025368,0.0066842,0.0037455,0.0056186,0.0064045,0.0077396,0.010261,0.018983,0.077013,0.011258,0.03336,0.013005,0.0098629,0.0070543,0.0057349,0.0060184,0.0064469,0.0044156,0.0016666,0.0012547,0.0019822,0.0024027,0.0022517,0.0029898,0.0050961,0.018797,0.0064525,0.0078572,0.002857,0.0018434,0.0013498,0.001404,0.001103,0.0014935,0.00056649,0.0017162,0.0017512,0.0017767,0.0018987,0.0030643,0.0033794,0.0069243,0.024192,0.019168,0.021458,0.0076705,0.0046769,0.0036597,0.0033393,0.0029005,0.0029469,0.031022,0.027623,0.02878,0.032966,0.037126,0.046889,0.063557,0.10794,0.37878,0.13071,0.10542,0.062113,0.045847,0.037778,0.033241,0.031424,0.030011,8.7742e-05,0.001271,0.00073512,0.0013186,0.0014915,0.0015098,0.0024907,0.0045934,0.015339,0.0074414,0.002549,0.0019449,0.0016482,0.0014225,0.0011421,0.001494,0.0018387,0.0048238,0.0039181,0.0038716,0.00427,0.0046177,0.0057977,0.0073851,0.01076,0.042039,0.034681,0.0098387,0.0038968,0.0026064,0.001615,0.0010258,0.00082453,0.00047112,0.040368,0.0042606,0.0030522,0.0052387,0.0061562,0.0089232,0.011607,0.02334,0.034179,0.09494,0.079649,0.01174,0.026475,0.010437,0.018177,0.0073576,0.015908,0.0043145,0.0029499,0.001873,0.0025648,0.0027369,0.0036107,0.0057587,0.0047313,0.014092,0.026464,0.02139,0.00066907,0.0075412,0.0017482,0.0048667,0.0019136,0.0043717,0.0017014,0.0050635,0.0026648,0.0054457,0.0044337,0.0061354,0.0082956,0.010645,0.026672,0.0063919,0.0294,0.0081615,0.0082038,0.0060227,0.0043802,0.0053302,0.003418,0.011822,0.006117,0.0078848,0.010067,0.01291,0.017933,0.028025,0.047792,0.20498,0.21228,0.075962,0.044365,0.03348,0.026687,0.024808,0.024269,0.023758,0.0011196,0.0017451,0.0024443,0.0019179,0.0030923,0.0030922,0.0039512,0.0046288,0.010741,0.050021,0.010114,0.0049365,0.0030744,0.0014687,0.00074698,0.00060643,0.00039481,0.0049954,0.0030399,0.0028716,0.0033147,0.0035988,0.0037743,0.0054914,0.0068169,0.03074,0.06344,0.0073902,0.0035894,0.001964,0.0013535,0.00076618,0.00041441,0.00028802
0.0091707,0.0061134,0.0045761,0.0064248,0.0064008,0.0082101,0.010894,0.020451,0.06981,0.029975,0.012665,0.008453,0.0052279,0.006216,0.0039761,0.0046976,0.005066,0.0025368,0.00057099,0.00078587,0.0014055,0.0015085,0.0016843,0.0028362,0.005646,0.019405,0.0059985,0.012041,0.0057505,0.0031292,0.0031348,0.0030016,0.0029176,0.0026284,0.0012779,0.0011155,0.0010988,0.0011566,0.0015549,0.0021178,0.0025391,0.0060377,0.026964,0.0098309,0.015016,0.0043059,0.0033782,0.0027616,0.0023971,0.0024071,0.0023117,0.0068341,0.0064585,0.0090456,0.012148,0.017644,0.026822,0.04307,0.080758,0.35565,0.23006,0.087995,0.061213,0.049137,0.042003,0.038152,0.036291,0.037165,0.0027905,0.00086792,0.001178,0.0013803,0.00067812,0.0015098,0.0021758,0.004114,0.013989,0.010475,0.0072715,0.0033666,0.0026235,0.0020539,0.0019613,0.0028369,0.0009327,0.0041791,0.0025512,0.0029836,0.0031668,0.0036094,0.0044538,0.006336,0.011248,0.039594,0.047561,0.0067371,0.0031673,0.002217,0.0015699,0.0013371,0.00144,0.0010586,0.03547,0.0018405,0.0011465,0.0019828,0.001794,0.0023629,0.00063874,0.0042356,0.042383,0.16365,0.031365,0.0089207,0.0049584,0.0026017,0.0042359,0.0008164,0.0019646,0.0086252,0.00083465,0.00084356,0.00097358,0.0016741,0.0018744,0.0022322,0.0024574,0.0042761,0.056994,0.016356,0.0051551,0.0033717,0.0024723,0.002174,0.0019453,0.001873,0.0038796,0.00036409,0.00055371,0.0009151,0.0013447,0.0022837,0.0035854,0.0065498,0.021372,0.022016,0.015511,0.0075447,0.0052642,0.0044619,0.0041618,0.0035954,0.0035401,0.029997,0.021717,0.020877,0.023904,0.02707,0.032573,0.042852,0.068082,0.22838,0.074467,0.076627,0.041694,0.02957,0.024274,0.020041,0.020666,0.017485,0.0011749,0.0016764,0.001305,0.00055988,0.0017552,0.0015928,0.0024487,0.0028217,0.0039673,0.054259,0.0066845,0.0032729,0.002847,0.0022061,0.0018823,0.0012732,0.0025673,0.0036488,0.00097155,0.00080771,0.00098887,0.0012599,0.0014366,0.0020674,0.0061977,0.02692,0.077248,0.0039849,0.0010583,0.0005111,0.00025773,0.00011241,0.00030357,6.2928e-05
0.0067731,0.002872,0.0031277,0.0039377,0.0024626,0.0071149,0.0078835,0.020954,0.07425,0.031927,0.035083,0.014995,0.01129,0.010188,0.009785,0.0077846,0.0084134,0.0046635,0.0018083,0.0029999,0.0014993,0.0029416,0.0020215,0.0032553,0.0042528,0.019045,0.0018288,0.014042,0.0046713,0.0040086,0.0028589,0.0029976,0.0025922,0.0026989,0.0044976,0.0010178,0.0024714,0.0030368,0.0012233,0.0042866,0.0045472,0.0080803,0.029376,0.021756,0.023088,0.0077949,0.0059986,0.0046891,0.0042918,0.0038673,0.0035287,0.020596,0.019866,0.022986,0.022564,0.028137,0.033028,0.045853,0.077784,0.38229,0.23342,0.037483,0.015976,0.012549,0.0089407,0.0064188,0.0030984,0.0067979,0.00060274,0.0011222,0.0021848,0.0038609,0.0021749,0.00055313,0.0011607,0.0014154,0.013377,0.0088206,0.0046097,0.0015382,0.00050103,0.0003937,0.0010225,0.001537,7.2472e-05,0.00078011,0.0002004,0.0015978,0.00074091,0.0019372,0.0020521,0.0015659,0.0043665,0.054643,0.041497,0.0022248,0.0024416,0.0025692,0.0018334,0.0019028,0.0018502,0.0018902,0.039387,0.0030292,0.0027387,0.0043656,0.0043003,0.0076106,0.0099553,0.018757,0.093805,0.16845,0.025447,0.0083642,0.00964,0.0092614,0.011283,0.0076453,0.0070611,0.004818,0.0010654,0.0029649,0.0012631,0.0033483,0.00082356,0.0019497,0.0042938,0.013447,0.041281,0.0078334,0.0031119,0.0022163,0.0015821,0.0015205,0.0013585,0.0015984,0.0029984,0.0017055,0.002874,0.003146,0.0016396,0.0041751,0.0045819,0.007047,0.017751,0.008323,0.014849,0.0050988,0.0038143,0.0026928,0.0024642,0.0017899,0.0022469,0.0069905,0.014622,0.014125,0.01689,0.017516,0.021628,0.029582,0.054057,0.23816,0.14185,0.031937,0.026438,0.017908,0.013916,0.01073,0.0095539,0.012572,0.00072861,0.00068543,0.001771,0.0048901,0.002325,0.0011978,0.0019262,0.0018916,0.0082698,0.052634,0.011339,0.0023095,0.00064092,0.00020746,0.0009249,0.00018476,0.0002289,0.0043259,0.0026635,0.0014397,0.0027791,0.0034492,0.0027387,0.0040481,0.0015923,0.043895,0.068215,0.0010686,0.0023323,0.0025136,0.0016604,0.0012182,0.0011468,0.0014153
0.013254,0.0037282,0.0034164,0.0034163,0.0051886,0.0068918,0.0098438,0.027686,0.10436,0.025675,0.0084318,0.0032817,0.0024448,0.0021993,0.0017413,0.0025976,0.0021992,0.0066739,0.0018868,0.0012742,0.00076327,0.0010651,0.0010879,0.0011356,0.0056988,0.011258,0.0036368,0.0018594,0.0013575,0.0014434,0.00088856,0.00094238,0.00093034,0.00076486,3.4336e-05,0.0040473,0.0041992,0.0037938,0.0040285,0.0050504,0.0081052,0.017145,0.025341,0.003493,0.006508,0.0039867,0.0027353,0.0013247,0.00090668,0.00092557,0.00090409,0.00086404,0.0053718,0.0063943,0.0082198,0.0094227,0.013232,0.023225,0.03156,0.39536,0.092032,0.027337,0.017982,0.014439,0.010261,0.010564,0.0095258,0.010752,0.0040227,0.00051007,0.0010755,0.0015236,0.001665,0.0023579,0.0033195,0.0086862,0.0042969,0.0096674,0.0036512,0.00097979,0.00099478,0.001584,0.0012924,0.0016439,0.00039101,0.0039788,0.0018022,0.0015572,0.0021401,0.0033312,0.0062354,0.012045,0.033991,0.05623,0.026004,0.011906,0.0081226,0.0067243,0.006151,0.0057019,0.0056443,0.0055619,0.044816,0.003125,0.0044856,0.0072492,0.0096406,0.017237,0.031973,0.06646,0.067142,0.13445,0.059958,0.038097,0.029458,0.027814,0.024171,0.021293,0.020756,0.0095083,0.002177,0.0018812,0.0021145,0.0016937,0.0025439,0.0046585,0.0070772,0.0074716,0.0098194,0.0053643,0.0021307,0.00091767,0.0011296,0.00075269,0.00042965,0.00093652,0.0042744,0.0037945,0.003835,0.0035011,0.0036938,0.0044655,0.0072069,0.015598,0.0052654,0.0065495,0.0063034,0.0032388,0.0023402,0.00083138,0.00054609,0.00058432,0.00028801,0.0099241,0.011716,0.013551,0.011804,0.015383,0.019477,0.031064,0.078291,0.44385,0.079385,0.036415,0.019339,0.01423,0.010578,0.0092351,0.010968,0.0056859,0.0082265,0.0021543,0.0021505,0.004743,0.0029893,0.0029735,0.0044332,0.00646,0.014665,0.030494,0.0068246,0.0031986,0.0017174,0.0014721,0.001126,0.00077688,0.00136,0.00043107,0.0023621,0.0028534,0.0038989,0.0056959,0.0088048,0.015656,0.032579,0.034319,0.028761,0.016958,0.011813,0.0091878,0.0084806,0.0074313,0.0069733,0.006817
0.0029622,0.011954,0.010408,0.010263,0.015826,0.019398,0.027278,0.11751,0.027993,0.022174,0.020767,0.012297,0.007146,0.0091796,0.0084924,0.0086338,0.0063611,0.00074004,0.003181,0.0024705,0.0015565,0.0023547,0.002144,0.0044112,0.025711,0.026489,0.0069266,0.0059022,0.0027203,0.0013761,0.0022359,0.0021495,0.0021625,0.0023003,0.0054398,0.0032688,0.0048241,0.0068816,0.0059918,0.0056066,0.014514,0.043246,0.055779,0.011351,0.0075266,0.004775,0.0042696,0.0032141,0.0023108,0.0025488,0.0022774,0.010723,0.005128,0.0069763,0.0051107,0.0026268,0.0092597,0.040318,0.18153,0.33577,0.045776,0.011677,0.0078793,0.0081582,0.0060087,0.0032199,0.0043718,0.0066186,0.0021992,0.0041243,0.0035355,0.0046012,0.0036672,0.0026735,0.0032022,0.01381,0.0023035,0.0033947,0.0031886,0.0023629,0.0013665,0.0012868,0.001537,0.0028687,0.0025616,0.00080683,0.0036404,0.0037746,0.0024195,0.0054503,0.0089234,0.019274,0.015552,0.020326,0.014106,0.012254,0.010087,0.0074852,0.0068947,0.0070856,0.0063328,0.0055943,0.035519,0.011907,0.012862,0.014112,0.022513,0.034528,0.056161,0.23304,0.19061,0.084513,0.059025,0.045563,0.035045,0.031421,0.031171,0.028962,0.028737,0.0010262,0.0021583,0.0012627,0.0024251,0.0033007,0.0040684,0.004947,0.023461,0.019396,0.0046572,0.0034779,0.0015639,0.00059138,0.00075526,0.001133,0.0011941,0.0010529,0.0056096,0.0042572,0.0046191,0.006985,0.0063826,0.004401,0.0089258,0.079252,0.04775,0.013133,0.0072626,0.0043157,0.0037151,0.0023934,0.0019711,0.0022592,0.0019589,0.023465,0.02152,0.022025,0.028008,0.031586,0.038954,0.074036,0.090316,0.28839,0.096457,0.049854,0.030588,0.028428,0.023101,0.017141,0.017282,0.0191,6.4857e-05,0.0032827,0.0028258,0.003526,0.003197,0.0033478,0.0032025,0.013379,0.01074,0.0053877,0.0037699,0.0016042,0.0012952,0.00048924,0.0010331,0.00087256,0.0010567,0.0065118,0.0052385,0.0057913,0.00429,0.0084093,0.012697,0.021273,0.046213,0.046446,0.019709,0.016115,0.011816,0.0085621,0.008392,0.0083739,0.0075828,0.0069543
0.013127,0.007714,0.0056666,0.0073109,0.0078427,0.010746,0.014408,0.03836,0.15078,0.042076,0.021224,0.011288,0.0072348,0.0080619,0.0079511,0.0077479,0.0066796,0.0020256,0.0019058,0.0012008,0.0022643,0.0033453,0.00098117,0.0016813,0.0080075,0.017113,0.013608,0.0086355,0.002604,0.0012228,0.0025485,0.0017614,0.0015759,0.0017433,0.0036622,0.0027007,0.0025182,0.0023704,0.0034143,0.0052844,0.005375,0.023231,0.031536,0.0060789,0.01974,0.0084676,0.004253,0.0032958,0.0031151,0.003051,0.0024529,0.0029297,0.013519,0.011656,0.0074098,0.01689,0.021879,0.033685,0.089433,0.22427,0.16781,0.088066,0.046345,0.033353,0.026324,0.024689,0.023814,0.024193,0.018206,0.0023536,0.0015533,0.0065743,0.0022173,0.0015078,0.0012886,0.012625,0.011878,0.013894,0.0011843,0.0027374,0.0016477,0.0023031,0.0019305,0.0017059,0.0028515,0.0035039,0.0020649,0.0015106,0.0032116,0.0016921,0.0023112,0.002937,0.045668,0.049036,0.0043566,0.012063,0.0053322,0.0031255,0.0024276,0.0013312,0.0013151,0.001154,0.024126,0.0083132,0.006844,0.0085922,0.011356,0.01726,0.029894,0.074614,0.26558,0.14036,0.01988,0.011225,0.012786,0.014251,0.013315,0.0088974,0.011549,0.013558,0.002625,0.00082881,0.0030762,0.0029252,0.0015499,0.0042596,0.0029896,0.0020994,0.014743,0.00070291,0.0013116,0.00062829,0.002258,0.0014295,0.00090063,0.0013352,0.0074598,0.0025808,0.0022846,0.0021395,0.0031407,0.0028743,0.005881,0.017671,0.019744,0.02855,0.0068926,0.0017681,0.0016204,0.00042417,0.0010868,0.00072273,0.00088694,0.042887,0.047344,0.01972,0.040521,0.042369,0.041338,0.093948,0.093427,0.24257,0.13569,0.084763,0.056204,0.023702,0.021103,0.0054377,0.0073332,0.0045453,0.015671,0.0022467,0.0042417,0.0070137,0.0023647,0.0037313,0.004224,0.0076406,0.010987,0.031783,0.010651,0.012619,0.0042723,0.0025516,0.0016301,0.00035188,0.002533,0.0055886,0.0046506,0.0019188,0.0039978,0.0045503,0.0065025,0.012772,0.032983,0.045137,0.046014,0.010887,0.0097769,0.0015381,0.0028688,0.0014799,0.0016209,0.0020104
0.010863,0.0041881,0.00091472,0.00095108,0.00099074,0.00042884,0.0030245,0.0065962,0.011399,0.014758,0.017795,0.02231,0.0047545,0.0062608,0.0048448,0.0048625,0.0047055,0.005436,0.0012418,0.0019713,0.00056813,0.0013815,0.0016328,0.00094761,0.0030299,0.0032401,0.0060105,0.010444,0.015938,0.0015632,0.0015872,0.0013059,0.00079624,0.0013581,0.002945,0.0011722,0.00015445,0.001476,0.00036506,0.00050623,0.0012023,0.006043,0.0059317,0.004677,0.0084191,0.018108,0.0015367,0.00017208,0.00018268,7.3321e-05,0.00027467,0.0016308,0.010424,0.011814,0.0095701,0.016205,0.018138,0.02385,0.0085074,0.10019,0.25834,0.068512,0.028408,0.023916,0.018081,0.014982,0.014354,0.01507,0.0090753,0.0044341,0.0029646,0.0052668,0.0019924,0.0019582,0.003502,0.003087,0.0052644,0.018912,0.0024114,0.0040424,0.0017433,0.0013025,0.00031426,0.00088271,0.00066374,0.0014954,0.0028597,0.0024188,0.0028195,0.0028086,0.0040275,0.006906,0.019506,0.011301,0.017288,0.0038365,0.005018,0.0049412,0.0035428,0.0029912,0.0027514,0.0027581,0.026083,0.0041849,0.0020731,0.00093465,0.0022919,0.0031829,0.0048356,0.010862,0.025235,0.024471,0.026912,0.034246,0.014412,0.010486,0.0096025,0.0081726,0.0077344,0.016819,0.00089065,0.0009693,0.00057217,0.00089389,0.001282,0.00023405,0.0029996,0.0042989,0.0023401,0.0092415,0.0035631,0.00064404,0.00024768,0.0002611,0.00013168,0.00043869,0.00383,0.0011809,0.0016307,0.00115,0.0013875,0.0019021,0.0013244,0.0092471,0.006329,0.011737,0.033147,0.020259,0.0048678,0.0036342,0.0029966,0.0025524,0.0021897,0.028021,0.007143,0.0042229,0.0063928,0.0044863,0.0058088,0.008043,0.041102,0.085956,0.098296,0.13287,0.040853,0.01141,0.0031794,0.0035335,0.0010904,0.0023899,0.0028973,0.0046213,0.0023503,0.0042648,0.0027035,0.0010516,0.003282,0.0048199,0.0059616,0.0068201,0.037821,0.020232,0.0068676,0.0057039,0.0038858,0.0039083,0.0026951,0.0042229,0.0011205,0.0025164,0.001615,0.0030458,0.0025086,0.0066536,0.020098,0.013695,0.019335,0.031809,0.020788,0.0068297,0.0064467,0.0052539,0.0048681,0.0046006
0.016878,0.0022534,0.00072476,0.0015792,0.0022778,0.0030843,0.0047571,0.010629,0.023961,0.031773,0.0043902,0.012354,0.0059829,0.0050353,0.0044512,0.0044109,0.0054761,0.004345,0.00071507,0.00054095,0.00081529,0.00029551,0.0001746,0.00065096,0.00096459,0.0056158,0.014526,0.011382,0.004259,0.0021413,0.0015272,0.0012185,0.0013395,0.0016327,0.0030137,0.00070581,0.00056049,0.00023177,0.00096811,0.0007262,0.0017095,0.0014799,0.0081643,0.014838,0.014739,0.0068453,0.0033112,0.0018231,0.0016217,0.0015734,0.0011711,0.020415,0.026088,0.017085,0.0062865,0.016881,0.041814,0.071558,0.12692,0.25145,0.20535,0.035623,0.057402,0.066401,0.061047,0.045734,0.024259,0.0022755,0.0044747,0.0028322,0.0018857,0.0034264,0.0015031,0.0031356,0.0048399,0.0078739,0.016713,0.010033,0.005552,0.0041166,0.0040927,0.0026981,0.0023516,0.0013266,0.00011824,0.0050584,0.0066145,0.0043158,0.0012462,0.0035801,0.0076152,0.012476,0.012387,0.034247,0.0086219,0.0076608,0.0040299,0.004862,0.0038162,0.0025713,0.0015917,0.0011711,0.054322,0.0056514,0.0032454,0.0059391,0.010919,0.012436,0.010237,0.0011455,0.031666,0.033574,0.068732,0.014179,0.0068848,0.0055419,0.0033454,0.00092678,0.0026284,0.00086403,0.0011581,0.0011001,0.0017314,0.0012126,0.0028121,0.0021896,0.001487,0.0052537,0.0095772,0.012792,0.0020655,0.0013431,0.0012539,0.0012685,0.0012714,0.0012493,0.0020943,0.0019024,0.001982,0.0016108,0.00070312,0.0015042,0.0026813,0.0034869,0.0025664,0.02558,0.034208,0.0088263,0.0038131,0.0023518,0.0027302,0.0023708,0.0022926,0.0026455,0.005625,0.0044283,0.0064877,0.0057152,0.0073126,0.0095599,0.023037,0.049168,0.11618,0.12152,0.018267,0.011164,0.0068634,0.0053831,0.0052892,0.0045262,0.0036946,0.00070208,0.00069352,0.0029637,0.0018297,0.0027898,0.0033485,0.0029787,0.0072906,0.017927,0.043318,0.010395,0.0084601,0.0055534,0.0048452,0.0039961,0.0043813,0.0022603,0.0036965,0.0039028,0.0045277,0.004555,0.0060885,0.0061289,0.0059109,0.022947,0.011585,0.048,0.01169,0.0068901,0.0051613,0.0041102,0.0037894,0.0035916
0.009884,0.0033147,0.0040025,0.0034918,0.0040116,0.0046373,0.006259,0.010342,0.053185,0.041847,0.018988,0.0020198,0.0033064,0.0017887,5.7999e-05,0.00062243,0.00065232,0.0068246,0.00012037,0.00062623,0.00026346,0.00040366,0.00078307,0.0013856,0.0020618,0.012904,0.016759,0.0098054,0.00033873,0.00049525,9.078e-05,0.00015854,0.00014461,0.00019073,0.00070191,0.00059865,0.00075019,0.00081756,0.0010453,0.001591,0.0020201,0.0043649,0.019471,0.01525,0.020689,0.0024757,0.0017212,0.0012947,0.0012352,0.0013676,0.0012055,0.00028802,0.0053661,0.0092276,0.013117,0.017643,0.026608,0.043021,0.079488,0.33454,0.25317,0.091629,0.060633,0.047866,0.041991,0.038862,0.037845,0.035292,0.0068208,0.00073901,0.00042666,0.0012371,0.00093609,0.0012048,0.002152,0.0032872,0.015785,0.008861,0.0070488,0.0032836,0.002646,0.0018474,0.0018001,0.0013399,0.0022049,0.0047112,0.0044909,0.0044821,0.0047904,0.0057101,0.0060428,0.0079855,0.015807,0.044606,0.018832,0.019823,0.0069394,0.0044162,0.0031736,0.0025879,0.0023132,0.0024338,0.038783,0.0029899,0.0037714,0.0044391,0.0058325,0.0069646,0.010233,0.018541,0.05232,0.064071,0.042462,0.022707,0.016525,0.014974,0.012722,0.010583,0.010641,0.00069812,0.00043193,0.0003797,0.00043943,0.0017775,0.0012569,0.001843,0.0029833,0.011151,0.018284,0.0052273,0.0058507,0.0039155,0.0032337,0.0029399,0.0027524,0.0027657,0.0024167,0.0024919,0.0024698,0.0026957,0.0029891,0.0031436,0.004101,0.0068983,0.012952,0.047073,0.015137,0.0069774,0.0043425,0.0031867,0.002521,0.0022368,0.0022832,0.015949,0.015513,0.016781,0.01722,0.017766,0.022075,0.027358,0.039355,0.13139,0.19791,0.077854,0.027151,0.015468,0.011152,0.0073873,0.0073076,0.0067865,0.0021,0.00093071,0.0010947,0.0020231,0.0010256,0.0022645,0.0033892,0.0056431,0.011293,0.034482,0.029282,0.011215,0.0079465,0.0063595,0.0057206,0.0050195,0.0050221,0.0081006,0.0044204,0.0049207,0.0051863,0.005759,0.0075347,0.0095393,0.016685,0.038738,0.022985,0.031259,0.01416,0.0093326,0.0071922,0.0061664,0.0055491,0.0054723
0.0033398,0.002457,0.0033498,0.0020398,0.0034238,0.0052323,0.0072981,0.015045,0.064964,0.042539,0.025189,0.009228,0.0066368,0.0057072,0.0059835,0.0043303,0.0045262,0.0044728,0.00085168,0.00053277,0.00058674,0.0011135,0.00063586,0.00099173,0.0016228,0.015343,0.018313,0.010957,0.0012382,0.00078782,0.00056131,0.00058176,0.00065292,0.00060464,0.0030499,0.0010032,0.00077627,0.00095686,0.001463,0.001522,0.0026251,0.0046732,0.027429,0.011933,0.018992,0.0030838,0.0022002,0.0018559,0.0022635,0.0017381,0.0015507,0.02463,0.023998,0.025431,0.026592,0.029299,0.035458,0.048527,0.082474,0.41517,0.15785,0.035108,0.022177,0.01519,0.011154,0.0078472,0.0078038,0.0041333,0.00010682,0.0019415,0.00023894,0.0014572,0.00075128,0.0011122,0.0013876,0.0025181,0.015418,0.0064708,0.0026291,0.0010769,0.00083519,0.00047362,0.00058742,0.00039075,0.0020523,0.001915,0.00042329,0.00067886,0.00094948,0.001606,0.0027421,0.0049582,0.0064142,0.048122,0.018328,0.010499,0.0071958,0.0055613,0.0046869,0.0043903,0.0041379,0.0043031,0.034831,0.0028733,0.0029182,0.0027461,0.0043075,0.0048421,0.0064467,0.009327,0.062712,0.087822,0.020602,0.008255,0.0058623,0.0053299,0.0039721,0.0014132,0.0036259,0.0079767,0.0026217,0.0012924,0.001591,0.00095784,0.0021684,0.0024232,0.0038789,0.012306,0.021033,0.015501,0.0044539,0.00282,0.0021905,0.0020148,0.0017884,0.0019608,0.00071907,0.0011444,0.00072904,0.00098165,0.0013273,0.0015264,0.0023925,0.0026544,0.013066,0.056473,0.015598,0.0056358,0.0036776,0.0031412,0.0026628,0.0024552,0.0021916,0.016989,0.010033,0.0085078,0.010943,0.013475,0.0167,0.02425,0.045685,0.20397,0.22175,0.070617,0.02976,0.022029,0.018954,0.016729,0.015846,0.01589,0.0017681,0.0025062,0.0026698,0.0025401,0.0028171,0.0037486,0.0046454,0.0066479,0.014316,0.037816,0.023701,0.0070855,0.0044253,0.0033387,0.0032092,0.0026642,0.0026951,0.0036622,0.0052189,0.0050037,0.0055928,0.0060639,0.0071952,0.0093837,0.011181,0.042657,0.032887,0.019528,0.0082951,0.0042771,0.0026565,0.0018599,0.00074539,0.00069809
0.001236,0.0034191,0.0029836,0.0037604,0.0025934,0.0039452,0.0047484,0.0098742,0.092647,0.026847,0.019368,0.0053764,0.0057332,0.0031402,0.0034084,0.0023892,0.0025063,0.0036965,0.00082898,0.00071444,0.00084195,0.00089692,0.0016132,0.0016485,0.0020789,0.018858,0.011206,0.0085884,0.0022462,0.0016761,0.0010738,0.0010192,0.00096881,0.00094605,0.0053788,0.0008465,0.0012995,0.0015229,0.0011871,0.0024892,0.0030671,0.0046104,0.031824,0.0054702,0.022495,0.0060175,0.004697,0.0037788,0.0033346,0.0030812,0.0027428,0.0010567,0.0024664,0.005113,0.0060043,0.0094175,0.014657,0.024501,0.053182,0.42541,0.15039,0.017802,0.022842,0.019779,0.01817,0.016665,0.015306,0.016285,0.0076867,0.0015654,0.00027807,0.00050551,0.00056755,2.1932e-05,0.00074441,0.0022935,0.013616,0.0075822,0.0053065,0.0010706,0.0010594,0.0012326,0.00067838,0.00075215,0.00075531,0.0007782,0.0018622,0.0023695,0.0021266,0.0027184,0.0027172,0.0047745,0.00648,0.047685,0.024548,0.0082402,0.0022485,0.0017631,0.0011234,0.00071316,0.00041166,0.00085832,0.034758,0.0036699,0.0027055,0.0038927,0.0031931,0.0049479,0.0066828,0.0099984,0.091729,0.11865,0.013918,0.007465,0.0056927,0.0050222,0.002746,0.0055656,0.0025997,0.012364,0.0015893,0.0011398,0.0010242,0.0012662,0.0010022,0.0016638,0.0026202,0.014673,0.0088906,0.0071217,0.0040286,0.0025796,0.0018817,0.0019107,0.0017556,0.0017319,0.0033131,0.0017345,0.0011349,0.0013619,0.0005931,0.0020087,0.0016111,0.0027171,0.012978,0.043571,0.0025664,0.0010784,0.00070505,0.00060676,0.00035623,0.00021953,0.00030707,0.025797,0.012023,0.009857,0.012342,0.013687,0.015872,0.022029,0.038062,0.24149,0.23026,0.047138,0.016176,0.011762,0.010596,0.0073425,0.0074743,0.0064412,0.002781,0.0025977,0.0019015,0.002194,0.0022679,0.0027004,0.0031979,0.0043236,0.012138,0.039186,0.016226,0.0048982,0.0030054,0.0028216,0.002568,0.0022262,0.0017472,0.0015068,0.0002445,0.00074871,0.0012741,0.0013488,0.002735,0.0046408,0.0077224,0.033019,0.034636,0.018528,0.0088078,0.0063197,0.0056529,0.0045719,0.0046346,0.0045281
0.013827,0.011087,0.0072238,0.0050616,0.0050021,0.0055189,0.0066968,0.015494,0.1038,0.022846,0.012522,0.0033656,0.0030166,0.0015611,0.00082544,0.00041158,0.00045586,0.0062753,0.00528,0.0022686,0.0014211,0.0011701,0.0013854,0.00096934,0.00066986,0.018761,0.011122,0.0096233,0.0012628,0.00018943,0.00042781,0.00045495,0.0003748,0.00028992,0.0016671,0.0026563,0.0011274,0.00069703,0.00074467,0.0004145,0.00088847,0.0033042,0.031427,0.0085548,0.017312,0.0010624,0.00090428,0.00047051,0.00048486,0.00035872,0.00020982,0.00416,0.012602,0.0075315,0.0096256,0.01054,0.012633,0.017721,0.033924,0.45265,0.13082,0.020955,0.0101,0.0075361,0.006004,0.0050137,0.005237,0.0074254,0.00024032,0.0051855,0.0030098,0.0017158,0.0012564,0.0011956,0.0011839,0.0018514,0.013348,0.0014778,0.0025548,0.00046757,0.0005392,0.00050008,0.0008996,0.00080345,0.00035095,0.00026513,0.00036803,0.00065285,0.00079686,0.00065056,0.00071592,0.00083086,0.0019393,0.054987,0.027962,0.0049287,0.00063327,7.0868e-05,0.00024354,0.00025775,0.00026517,0.00019646,0.042754,0.011271,0.0063384,0.005196,0.0047304,0.0050984,0.0052321,0.010606,0.064711,0.095163,0.03012,0.0093155,0.0050084,0.0033875,0.0048939,0.006805,0.0026608,0.0077954,0.0028279,0.0010495,0.00091832,0.00049722,0.001274,0.0010672,0.0023222,0.01022,0.016144,0.006454,0.001965,0.0010563,0.00041664,0.00046959,0.00049234,0.00034904,0.00047303,0.0013767,0.00059821,0.00052386,0.00044824,0.00053643,0.001155,0.001449,0.017972,0.045682,0.0036597,0.0010457,0.000462,0.00012681,0.00030532,0.00015497,0.00051117,0.011238,0.017984,0.0069269,0.0098088,0.019371,0.023679,0.020037,0.022555,0.26388,0.2255,0.018667,0.021016,0.024321,0.01965,0.011858,0.010307,0.013485,0.0094167,0.002983,0.0054743,0.0048357,0.0029858,0.0025579,0.0079376,0.011519,0.01432,0.033296,0.022421,0.0076694,0.0037702,0.002482,0.0030883,0.0031432,0.0030194,0.005869,0.003933,0.0041036,0.0032723,0.0028682,0.0058934,0.010981,0.014458,0.035905,0.026083,0.020804,0.016996,0.010795,0.0040828,0.002422,0.006808,0.0079557
0.06206,0.0061459,0.0038715,0.0020322,0.0019985,0.0024071,0.0020765,0.00081291,0.1009,0.028756,0.024686,0.0043754,0.0020186,0.00041312,0.001591,0.00022246,0.00067712,0.024807,0.0024383,0.0017627,0.0010855,0.0014827,0.0014519,0.0010588,0.0025372,0.013557,0.012679,0.012372,0.0016341,0.0011642,0.00041031,0.00043835,0.00020783,0.00018692,0.011492,0.0011613,0.0010975,0.0012358,0.0010841,0.0015743,0.0025041,0.0030835,0.027218,0.0064118,0.021686,0.0024214,0.0015481,0.001087,0.00056797,0.00045707,0.0002346,0.0591,0.0071185,0.0031664,0.0038196,0.0047926,0.0050759,0.0079189,0.016316,0.41971,0.1099,0.0092389,0.0037201,0.0033299,0.0021333,0.0027318,0.0028444,0.005972,0.025523,0.0029168,0.0013913,0.0014584,0.0011765,0.00079126,0.00076736,0.0011959,0.013152,0.0063527,0.002972,0.00043163,0.00042696,0.00020462,0.00027242,0.00075528,0.0021115,0.0021,0.00081931,0.00033457,0.00091401,0.0008516,0.00027222,0.00054144,0.00043175,0.050774,0.026424,0.0057525,0.0007512,0.00058605,0.00061452,0.00026829,0.00032134,7.0564e-05,0.097572,0.0073331,0.0041095,0.0037486,0.0028703,0.0045145,0.006306,0.011383,0.087812,0.092935,0.01495,0.010315,0.0073831,0.0058941,0.0060234,0.0082867,0.0040112,0.0082208,0.0014792,0.0010992,0.00069445,0.0013869,0.00022769,0.00079306,0.0011928,0.0072607,0.0106,0.0051965,0.0014465,0.00056666,0.00078074,0.0007503,0.00069324,0.00048066,0.0096132,0.0012756,0.00054712,0.00015655,0.0004181,0.0013319,0.0010968,0.0030912,0.010746,0.046926,0.012605,0.0037958,0.0024666,0.0019467,0.0018106,0.0018278,0.0015488,0.0423,0.0062651,0.0040653,0.0041444,0.0037632,0.0045691,0.003689,0.0096581,0.24323,0.20277,0.016643,0.0062196,0.0054986,0.0028283,0.00098389,0.00392,0.00037957,0.037058,0.0033089,0.00097837,0.0018758,0.0010971,0.0011507,0.0012187,0.0031627,0.0082875,0.046308,0.012196,0.0013862,0.0021173,0.0011076,0.0017103,0.0017654,0.0012417,0.0029583,0.00080585,0.00030505,0.00086814,0.00062419,0.00161,0.0017406,0.0026747,0.02964,0.052723,0.0036403,0.0029634,0.0022126,0.0017073,0.0015198,0.0015551,0.0014515
0.052298,0.010232,0.0070265,0.0034694,0.0017391,0.0032655,0.0039463,0.0096519,0.099806,0.023538,0.02002,0.0083955,0.0089266,0.0063621,0.0068717,0.0049766,0.005045,0.011431,0.0058631,0.0030427,0.0018256,0.00053552,0.000435,0.0011453,0.0017644,0.016932,0.018693,0.007077,0.0032788,0.0023448,0.0016772,0.0018356,0.001667,0.0015736,0.00079729,0.0039876,0.0036588,0.0035923,0.0036625,0.0050204,0.0060362,0.0093323,0.02763,0.012691,0.019146,0.0078651,0.0054154,0.0042528,0.0035577,0.0032542,0.0028496,0.018023,0.028808,0.027225,0.029753,0.033565,0.039523,0.052883,0.09188,0.42477,0.20088,0.035897,0.022372,0.014122,0.0089237,0.0051501,0.0029194,0.0033093,0.02018,0.0057036,0.0027857,0.0018562,0.0015914,0.0018047,0.0020426,0.0028548,0.013711,0.016048,0.0022138,0.00092088,0.00046777,0.0010928,0.00057231,0.0011712,0.0023995,0.0044213,0.00063741,0.00094166,0.0011302,0.0015694,0.0024224,0.00407,0.0059723,0.037274,0.029686,0.0055,0.0034244,0.002959,0.0023993,0.0022656,0.0023204,0.0020523,0.086965,0.010924,0.0081134,0.0074816,0.0081375,0.010603,0.013562,0.020162,0.094903,0.10308,0.018119,0.0020361,0.0053485,0.0062756,0.0069421,0.0053382,0.007023,0.0082113,0.003238,0.0028486,0.0025956,0.0032504,0.0028761,0.0030378,0.0019995,0.0052568,0.00737,0.014178,0.0068848,0.0049661,0.0036864,0.0025296,0.0011247,0.00027659,0.009863,0.0014451,0.00066155,0.0016472,0.003146,0.0041352,0.0050773,0.0049464,0.012604,0.041977,0.020024,0.013073,0.010772,0.0084054,0.00579,0.0030729,0.0013104,0.031474,0.013902,0.0098147,0.0096914,0.0098444,0.013352,0.016786,0.029415,0.23022,0.17975,0.076929,0.031518,0.022788,0.018113,0.016033,0.012514,0.014708,0.018114,0.0082501,0.0044296,0.0044369,0.004407,0.0049108,0.0054611,0.0062218,0.015193,0.037887,0.022586,0.0053256,0.0040035,0.0019519,0.00053246,0.00079572,0.0002079,0.005417,0.0031367,0.0034338,0.0032629,0.0036672,0.0050291,0.0063902,0.0095483,0.024727,0.040428,0.023865,0.0090339,0.0056938,0.0042181,0.0036863,0.0029903,0.0033074
0.033658,0.011241,0.0075266,0.0076001,0.0076483,0.0085415,0.011419,0.017216,0.047181,0.027088,0.017584,0.0067875,0.0039893,0.0029446,0.0022029,0.00085235,0.00092698,0.013315,0.0018392,0.0010164,0.00069282,0.00059252,0.00075697,0.0010243,0.0021565,0.0097836,0.016071,0.0058642,0.0019884,0.00091251,0.00070726,0.00047108,0.00041164,0.00037576,0.0064736,0.0024012,0.0021321,0.0022498,0.0025956,0.0028532,0.0035555,0.005883,0.01828,0.011575,0.013184,0.0042972,0.0023465,0.0013922,0.0011191,0.0010416,0.001091,0.0082551,0.035771,0.036313,0.038407,0.043844,0.052091,0.0705,0.11148,0.34302,0.34586,0.079604,0.050527,0.036292,0.029434,0.025071,0.021417,0.021668,0.021416,0.007414,0.0037492,0.0026329,0.0025108,0.0024333,0.0029234,0.0043291,0.014689,0.015191,0.0012547,0.0011101,0.0010059,0.00080427,0.0011398,0.00074648,0.00013732,0.0029869,0.0034401,0.0032848,0.0035141,0.0039675,0.0050005,0.0067804,0.012678,0.035409,0.038381,0.010587,0.0063617,0.0049221,0.0042386,0.0035841,0.0032948,0.0032845,0.0021096,0.0093504,0.0071852,0.0060233,0.0074251,0.0083716,0.011352,0.020362,0.072522,0.17373,0.025286,0.015508,0.012012,0.010207,0.0070822,0.007598,0.0074922,0.022509,0.0048476,0.0021355,0.0018605,0.0012322,0.0018533,0.002342,0.0024979,0.005791,0.020523,0.0052604,0.0018381,0.0008398,0.00038857,0.00015662,0.00035996,0.00022318,0.0074121,0.0026099,0.0012929,0.0010105,0.0011104,0.0010947,0.0017778,0.0030595,0.0055978,0.023152,0.012709,0.0058503,0.0039845,0.0032681,0.0027668,0.0025511,0.0025559,0.016058,0.024661,0.022151,0.023525,0.026934,0.031774,0.039902,0.059356,0.19704,0.19304,0.077648,0.028113,0.018833,0.010734,0.0062717,0.0042,0.0028973,0.012499,0.0037116,0.0025123,0.0020307,0.0023037,0.0028989,0.0033382,0.0046151,0.011852,0.046437,0.022148,0.0076729,0.005102,0.0040246,0.00384,0.0029389,0.002966,0.0043031,0.0027525,0.0030556,0.003327,0.003816,0.0049587,0.0068951,0.012376,0.032595,0.054644,0.020091,0.010407,0.0075965,0.0059933,0.0052819,0.0048734,0.0048562
0.051587,0.0034672,0.0017847,0.0016511,0.001788,0.0028589,0.0047808,0.011009,0.058096,0.058916,0.0097823,0.0042245,0.0036987,0.0027981,0.0037854,0.0027132,0.0036774,0.0152,0.0027514,0.0013497,0.001555,0.0011665,0.0011977,0.0017423,0.0032751,0.016485,0.017305,0.0097101,0.0024445,0.00066668,0.00062591,0.00076376,0.00010308,0.00068094,0.0084134,0.0015588,0.0011579,0.0011194,0.0017116,0.0013201,0.0016714,0.0043774,0.02106,0.032841,0.017424,0.0031984,0.0014336,0.00059216,0.00044482,0.00012735,0.00026511,0.051215,0.012239,0.013661,0.016874,0.021889,0.030524,0.046488,0.088095,0.38764,0.212,0.1022,0.063871,0.050025,0.043475,0.038906,0.03604,0.03654,0.037987,0.0018107,0.0010024,0.001155,0.001182,0.001224,0.0017048,0.0034108,0.016265,0.0054653,0.0053081,0.003063,0.0021432,0.0018605,0.0011918,0.0023755,0.00089265,0.0069066,0.0042597,0.0045124,0.0049105,0.0052913,0.0065079,0.0085072,0.012757,0.049501,0.014752,0.013543,0.0061325,0.0037055,0.0023511,0.0016724,0.0012582,0.0011349,0.012627,0.0039316,0.00093905,0.0015497,0.0040446,0.005095,0.0071174,0.016662,0.053373,0.11115,0.0158,0.011636,0.0096846,0.009334,0.0088854,0.0084564,0.0081254,0.033349,0.00074101,0.00051318,0.00066527,0.00083956,0.00065287,0.0015893,0.0016677,0.0085092,0.0085296,0.0016183,0.00017912,0.00030653,0.00021938,0.00023569,0.0002841,0.00010679,0.01269,0.00080915,0.0007518,0.00063956,0.00088039,0.0010558,0.0015975,0.0024478,0.012868,0.0091892,0.011068,0.0026663,0.0014539,0.0010442,0.00087487,0.00085566,0.00077249,0.08011,0.018483,0.018299,0.019486,0.022016,0.02683,0.035338,0.056366,0.19011,0.29123,0.027142,0.017798,0.011417,0.0074207,0.003151,0.0027885,0.0015869,0.015778,0.0036169,0.0025835,0.0026511,0.0024545,0.0027997,0.0038669,0.0053699,0.0077296,0.052101,0.010462,0.0040473,0.0016877,0.0011858,0.001362,0.0010016,0.00019073,0.0025311,0.0043751,0.0045203,0.0048245,0.0054461,0.006046,0.0075649,0.011335,0.039718,0.04713,0.011471,0.0063056,0.0039799,0.0029095,0.002115,0.0020605,0.0020771
0.024573,0.0061861,0.0055498,0.0067743,0.0078027,0.0081849,0.011953,0.021438,0.072598,0.01826,0.023709,0.0074409,0.004462,0.0033921,0.0024779,0.0021587,0.0010853,0.0063535,0.0017763,0.0016566,0.0020069,0.0025887,0.0024586,0.0028968,0.0048348,0.018924,0.0035416,0.010894,0.0028053,0.0012094,0.00077781,0.0012265,0.00013314,0.00014688,0.0087549,0.0027983,0.0027446,0.0028467,0.0034518,0.0036217,0.0049669,0.005927,0.029773,0.017552,0.018217,0.0045048,0.0025553,0.0015002,0.00054999,0.00042258,0.00029375,0.048552,0.026207,0.028315,0.030157,0.034892,0.042611,0.057657,0.098773,0.43305,0.070456,0.071586,0.047354,0.035858,0.029532,0.025677,0.023639,0.024237,0.027857,0.0026777,0.0015012,0.0015648,0.0017903,0.0020261,0.0025612,0.0042864,0.015885,0.0017915,0.0040583,0.0017015,0.0010896,0.00061802,0.00059005,0.00065072,0.00038338,0.0013142,0.0002687,0.00073921,0.00096387,0.0015111,0.0030478,0.0044598,0.0093703,0.043008,0.028132,0.0078988,0.0071271,0.0061054,0.0054211,0.0051803,0.0048824,0.0047856,0.016085,0.0074452,0.0082936,0.0089758,0.0093466,0.011733,0.014792,0.02601,0.077788,0.13065,0.0314,0.01318,0.008097,0.0072153,0.0040818,0.0018258,0.0019436,0.024952,0.00093315,0.00089746,0.0010419,0.00079072,0.0015889,0.0018276,0.0025911,0.012232,0.018257,0.0056451,0.0020196,0.0014552,0.0012618,0.0013144,0.0011508,0.00095752,0.010155,0.00073099,0.00070717,0.00055996,0.00037846,0.0010399,0.00090971,0.0038028,0.011865,0.01703,0.0048339,0.0010149,0.00063366,0.00061962,0.0006367,0.0006467,0.00057602,0.027163,0.014954,0.014928,0.016475,0.019101,0.02378,0.031462,0.052851,0.22871,0.22039,0.044167,0.026336,0.019711,0.015175,0.012646,0.013876,0.014944,0.0075551,0.0014289,0.00087558,0.0010429,0.00084409,0.0014452,0.0014904,0.0020851,0.010438,0.049224,0.0063943,0.0025167,0.0016177,0.0013623,0.0016174,0.0015465,0.0015278,0.0013485,0.00090034,0.0012177,0.0015619,0.0019368,0.0028199,0.0044828,0.007919,0.034793,0.057115,0.01155,0.0069886,0.0053496,0.0047207,0.004163,0.0040564,0.0040913
0.037955,0.0097938,0.0065875,0.0052241,0.0062216,0.006817,0.008986,0.017549,0.074153,0.028438,0.017848,0.0080993,0.0049589,0.0050974,0.0037106,0.0042648,0.0028592,0.010224,0.0028968,0.0011062,0.00057741,0.0002954,0.00079729,0.001238,0.0027972,0.013724,0.014983,0.0030774,0.00057667,0.00050812,0.00023382,0.0010133,0.00092392,0.00065232,0.0059071,0.0028,0.002255,0.0023342,0.0025564,0.0029261,0.0045983,0.0069229,0.018485,0.03445,0.011894,0.0046217,0.0027468,0.0010886,0.001065,0.00040558,0.00010108,0.054541,0.032445,0.029218,0.032751,0.037778,0.046136,0.06391,0.10943,0.42029,0.18332,0.1016,0.060726,0.045116,0.036997,0.032303,0.031726,0.030566,0.03022,0.0038371,0.0012489,0.0016578,0.0017772,0.0021427,0.0024816,0.0050255,0.014431,0.0097667,0.0043566,0.0016246,0.0010322,0.001052,0.0014498,0.0013169,0.00014876,0.00084304,0.00018194,0.00065764,0.0014578,0.0019653,0.002592,0.0044522,0.010096,0.037973,0.04405,0.011826,0.0065244,0.0047811,0.0045012,0.0041255,0.003825,0.0037957,0.0042,0.0069578,0.0010907,0.00031304,0.00020342,0.00076547,0.0033357,0.0072079,0.056504,0.13671,0.0079649,0.0043992,0.0021144,0.0025196,0.0049145,0.0023162,0.0017739,0.027651,0.001208,0.0012845,0.00078241,0.0011096,0.001029,0.00087236,0.0017793,0.0078985,0.021538,0.0038662,0.0014229,0.0011626,0.0012193,0.00052237,0.00085711,0.00060844,0.0099565,0.0010443,0.00054616,0.00058378,0.00023692,0.0005376,0.00090143,0.0037312,0.0085227,0.031956,0.0041247,0.00098105,0.00045685,0.00021894,0.0001291,0.00022528,0.00031662,0.032702,0.0074007,0.011444,0.014279,0.018565,0.025089,0.034849,0.057082,0.24635,0.077498,0.082104,0.055285,0.044612,0.035795,0.029352,0.023539,0.024748,0.013878,0.0040803,0.0021241,0.0013506,0.0025877,0.0039112,0.0047008,0.0049081,0.0068778,0.041325,0.0095326,0.011263,0.0080013,0.0052338,0.004261,0.0034547,0.0027886,0.0059834,0.0033916,0.0020474,0.00028313,0.0022491,0.0056452,0.0076089,0.012695,0.029354,0.058663,0.012244,0.0078656,0.0055599,0.0034043,0.0019524,0.0017823,0.0013447
0.043839,0.0062596,0.0048868,0.0049293,0.0041911,0.0061733,0.0074615,0.012878,0.073582,0.03279,0.008298,0.0049053,0.0026684,0.00090865,0.00294,0.0022886,0.0014267,0.015534,0.0027021,0.0020331,0.0019328,0.0027824,0.0021309,0.0031743,0.0042973,0.019502,0.0084495,0.0092605,0.0021834,0.00097457,0.00040957,0.00079095,0.00039818,0.00047686,0.0074273,0.0016384,0.001354,0.0013076,0.001519,0.0020773,0.0023254,0.0036726,0.028013,0.0065754,0.014883,0.0019924,0.0013862,0.00076296,0.00067446,0.00057352,1.5244e-05,0.0057298,0.029642,0.030533,0.033074,0.037141,0.044353,0.059197,0.092555,0.44178,0.22785,0.052414,0.03223,0.021941,0.016007,0.011571,0.010075,0.0096208,0.028939,0.0026888,0.0015802,0.0013554,0.0015141,0.0015123,0.0023514,0.0033587,0.015929,0.0065228,0.0042812,0.0020486,0.0012675,0.0011125,0.00072435,0.0007105,0.0014839,0.00024223,0.0020698,0.0020319,0.0020715,0.0024524,0.0033451,0.0048806,0.0090691,0.049029,0.045481,0.0082098,0.0041381,0.003323,0.002929,0.0025612,0.0025385,0.0025654,0.002924,0.0059558,0.0034701,0.0030186,0.003775,0.0041782,0.0057836,0.0099567,0.043353,0.13223,0.032567,0.012157,0.0092307,0.007228,0.0082509,0.0053705,0.0053006,0.027211,0.0010191,0.00091111,0.00077557,0.0012269,0.00072638,0.0010138,0.00087653,0.0094742,0.020166,0.0042342,0.0007541,0.00061616,0.00031882,0.000455,0.0002366,0.00033188,0.0095483,0.0011636,0.0012889,0.0013726,0.0011338,0.0020235,0.0024677,0.0038297,0.017228,0.034502,0.0053606,0.00124,0.0010344,0.00078066,0.00066478,0.00049368,0.0003357,0.044871,0.0085218,0.0082935,0.01005,0.012527,0.017089,0.027162,0.049379,0.21835,0.15929,0.047249,0.035389,0.026263,0.023888,0.021392,0.019684,0.019877,0.015265,0.0019783,0.0011409,0.00036637,0.00066506,0.00073101,0.00071174,0.0020563,0.0030337,0.049522,0.010404,0.0017635,0.00056245,0.00037667,0.001375,0.0010614,0.0015621,0.0030957,0.0014331,0.0015995,0.0016792,0.0021147,0.0027775,0.0035743,0.0073692,0.034776,0.06103,0.0052271,0.0027901,0.0024533,0.0023803,0.00193,0.0018609,0.0016194
0.017609,0.0046937,0.0061051,0.0051067,0.0067496,0.008204,0.011318,0.018528,0.083395,0.035734,0.030676,0.01122,0.0068071,0.0073159,0.006243,0.004711,0.005005,0.0093671,0.0012862,0.00097601,0.0012794,0.0010723,0.0018945,0.0017027,0.0024669,0.016886,0.019015,0.010991,0.0023046,0.0014237,0.00098841,0.00088732,0.00052863,0.0011273,0.0074216,0.0018544,0.0018972,0.0019883,0.0023673,0.0027898,0.0036481,0.0049522,0.028763,0.012148,0.021088,0.0052763,0.0027908,0.0016961,0.001497,0.0011992,0.00085641,0.011923,0.0097332,0.010922,0.013268,0.017381,0.024745,0.036771,0.078181,0.4185,0.22238,0.063468,0.0447,0.035246,0.030601,0.02787,0.025823,0.026999,0.017344,0.0017228,0.0010296,0.0012975,0.0009568,0.001133,0.0016083,0.0030086,0.01484,0.008702,0.00096725,0.00096431,0.00090045,0.00049035,0.00054265,0.00065366,0.00073816,0.0035038,0.0022061,0.0022568,0.0025312,0.0029658,0.0039264,0.0052802,0.0072665,0.04771,0.028134,0.006693,0.0043383,0.0034339,0.0027406,0.0023146,0.0024884,0.0021115,0.010084,0.0031802,0.0038163,0.0036261,0.0034007,0.0041891,0.0059398,0.0085067,0.064792,0.07127,0.014396,0.0077872,0.0045871,0.0035881,0.0038558,0.0041277,0.0034085,0.018296,0.00077894,0.00038889,0.00035059,0.00087388,0.00062071,0.00070738,0.0019557,0.011502,0.013817,0.0061154,0.0018189,0.0013473,0.00080186,0.0010853,0.0011129,0.0012589,0.0070687,0.00080936,0.00054797,0.00069724,0.00088155,0.0012556,0.00131,0.002373,0.013685,0.052442,0.011709,0.0043235,0.0031532,0.0025616,0.0020834,0.0017787,0.0017243,0.048228,0.01591,0.015526,0.018074,0.019236,0.023319,0.031103,0.052696,0.25016,0.27273,0.027556,0.011673,0.0094424,0.0061002,0.0041832,0.0041937,0.0025463,0.0090829,0.0014776,0.0012657,0.0015214,0.0014912,0.0016384,0.0017927,0.0036293,0.008996,0.043572,0.0089787,0.0021099,0.0012366,0.0010048,0.0014506,0.00027714,0.00031663,3.8136e-05,0.0031372,0.002774,0.0033505,0.0037635,0.0041601,0.0054161,0.0084032,0.038036,0.040019,0.0054254,0.0036153,0.0024552,0.0019685,0.0014918,0.0013178,0.0013962
0.0013142,0.010052,0.0050981,0.0047721,0.0060674,0.0068249,0.0098659,0.016955,0.086202,0.027499,0.012652,0.0045981,0.0029717,0.0016345,0.0013582,0.0009909,0.00016975,0.0020657,0.0031259,0.0018084,0.0020112,0.0013127,0.001305,0.0015721,0.0035036,0.018487,0.008744,0.0080893,0.0014688,0.0009901,0.00066329,0.00057585,0.00053029,0.00046349,0.0035916,0.0017178,0.001358,0.0015385,0.0022017,0.0019111,0.0037726,0.0063288,0.027183,0.015124,0.016736,0.0029811,0.0015713,0.0010674,0.0011691,0.00092024,0.00093271,0.027054,0.0217,0.02509,0.027955,0.03191,0.037937,0.050998,0.088547,0.44484,0.14727,0.04142,0.027588,0.020565,0.015049,0.012154,0.011261,0.0087892,0.0070096,0.0037899,0.0020606,0.0018012,0.0016418,0.0018695,0.0017694,0.0034097,0.01646,0.0040085,0.0054279,0.0015702,0.00027201,0.00055368,0.00016701,0.00011381,0.00073053,0.0026303,0.002781,0.0028291,0.0028424,0.0034063,0.0040285,0.0051617,0.011728,0.051926,0.014849,0.0053549,0.0028886,0.0021472,0.0014986,0.0016464,0.001391,0.00098611,0.035458,0.011618,0.013088,0.011966,0.0070883,0.011659,0.023074,0.031012,0.073679,0.072262,0.070769,0.040359,0.022154,0.01165,0.0082738,0.013899,0.014366,0.0099145,0.002534,0.0022011,0.0023914,0.0013154,0.00165,0.0040692,0.0069985,0.012021,0.0043835,0.0098453,0.0066441,0.0041809,0.001854,0.0011326,0.0024539,0.002903,0.0033341,0.0040632,0.0047951,0.0041697,0.0012725,0.0036118,0.008775,0.012998,0.0097292,0.024285,0.011577,0.0083414,0.0041513,0.0011124,0.001676,0.002354,0.0022278,0.015164,0.0057119,0.0014569,0.0033885,0.0063265,0.011025,0.019717,0.043026,0.24149,0.27699,0.020916,0.024823,0.019436,0.018053,0.015365,0.01711,0.015728,3.6247e-05,0.0044299,0.0019087,0.0015979,0.0016207,0.0020799,0.0025125,0.0047558,0.0098663,0.048542,0.010302,0.0031677,0.0015036,0.0017085,0.0012242,0.0016966,0.00090982,0.00056458,0.0019768,0.0023803,0.002224,0.0029826,0.003522,0.004578,0.010118,0.038928,0.050099,0.009407,0.0047177,0.0030421,0.0027099,0.0021338,0.002024,0.0019761
0.052758,0.0071983,0.0066852,0.0036678,0.003432,0.0039162,0.0051527,0.0088159,0.098483,0.011021,0.017591,0.0021756,0.0028243,0.0017718,0.0010629,0.0020905,0.0020256,0.01416,0.00063054,0.00089341,0.00071241,0.00041387,0.00062114,0.0009095,0.0028088,0.018164,0.0053343,0.013079,0.0018214,0.00088897,0.00034248,0.00039877,0.00044832,0.00040055,0.0078012,0.0011355,0.00049661,0.00040944,0.00075978,0.00037675,0.00053843,0.0042182,0.027979,0.017706,0.020067,0.0026323,0.001167,0.00027961,0.00047007,0.00050003,0.00044632,0.030804,0.016754,0.015511,0.016523,0.018754,0.024021,0.032505,0.051211,0.4456,0.066652,0.042858,0.02535,0.018625,0.01536,0.013332,0.011558,0.014492,0.025208,0.0047619,0.0020354,0.0014791,0.0016112,0.0012485,0.0014869,0.0020729,0.013613,0.0044838,0.0028068,0.00078555,0.00074159,0.00099086,0.00097828,0.00059165,0.00019456,0.0013542,0.00051695,0.00061794,0.00074491,0.0017149,0.0019046,0.0029543,0.010526,0.052059,0.022512,0.011881,0.0063568,0.0045886,0.0035722,0.0036344,0.003306,0.0032807,0.084173,0.0071459,0.0038675,0.0044651,0.0060552,0.0077406,0.010745,0.018197,0.13273,0.065967,0.060705,0.02671,0.018706,0.016037,0.014945,0.010326,0.0095407,0.011133,0.0036137,0.0017541,0.0011674,0.0007515,0.001309,0.0012201,0.001493,0.013791,0.017897,0.0040788,0.0014388,0.00060772,0.00016846,0.00049735,0.00027726,0.00011252,0.0076848,0.0017417,0.00085991,0.00096497,0.0010169,0.00076037,0.0011187,0.0013986,0.011833,0.034545,0.016866,0.0047988,0.002769,0.0022319,0.0020967,0.0014912,0.0013104,0.050372,0.013352,0.013438,0.014739,0.016366,0.018854,0.026428,0.046823,0.26541,0.18126,0.045455,0.017575,0.011377,0.0063705,0.0065605,0.003938,0.0012112,0.022732,0.0023459,0.0012603,0.00098302,0.0013628,0.0017034,0.0018693,0.0033776,0.0091431,0.044928,0.0045601,0.0027066,0.0017592,0.0020839,0.0015492,0.00010714,0.0010262,0.0058404,0.0010532,0.0011397,0.0011994,0.0017897,0.002339,0.0037272,0.0097324,0.038175,0.051157,0.006676,0.0052043,0.0037922,0.0033596,0.0028616,0.0028643,0.0028344
0.049607,0.0067294,0.0054673,0.0066347,0.0073341,0.0092177,0.011787,0.019984,0.090614,0.003745,0.035243,0.0097197,0.008543,0.0047372,0.0035039,0.0037425,0.0038262,0.007784,0.00089341,0.00068785,0.00051539,0.0013507,0.0016683,0.0021596,0.004239,0.018006,0.004212,0.0088478,0.0027404,0.0023592,0.0020589,0.0015754,0.0015567,0.0018559,0.0068208,0.0021321,0.0013689,0.0015677,0.0018365,0.0023189,0.0031336,0.0058654,0.022452,0.0085544,0.018868,0.0043017,0.0027543,0.0020468,0.0019356,0.0019046,0.0018807,0.069055,0.02622,0.027528,0.029569,0.035112,0.044944,0.063976,0.11384,0.42359,0.17624,0.11353,0.069486,0.053277,0.044816,0.040486,0.03853,0.036286,0.031128,0.0016273,0.00077577,0.00082896,0.0014812,0.0016956,0.0025797,0.0042069,0.015655,0.0094155,0.0012974,0.0023766,0.0019003,0.0019742,0.0012559,0.0018226,0.0017433,0.0082933,0.0046965,0.0051831,0.005682,0.0063702,0.007801,0.0096165,0.014787,0.044586,0.019933,0.014711,0.0065501,0.0041317,0.0027939,0.0018123,0.0015638,0.00099565,0.075862,0.0080685,0.0083039,0.009081,0.0099883,0.011739,0.015034,0.022987,0.081383,0.07207,0.038439,0.014013,0.0080183,0.0052193,0.0019358,0.0017343,0.0013256,0.016249,0.0010591,0.00018876,0.00029998,0.00041539,0.00081698,0.0011636,0.0017041,0.010407,0.010695,0.0076002,0.0031499,0.002288,0.0016016,0.0012886,0.001114,0.0013485,0.008217,0.0016359,0.0018668,0.002181,0.0026143,0.0030444,0.003812,0.008217,0.015748,0.039456,0.013163,0.0063009,0.0043923,0.0036993,0.0031866,0.0028832,0.0025902,0.037276,0.0047382,0.0052207,0.0083012,0.011959,0.018003,0.028473,0.056749,0.23261,0.19951,0.090726,0.048003,0.035635,0.03107,0.027027,0.026196,0.026354,0.015923,0.0020038,0.0024939,0.0027263,0.0029255,0.003623,0.0038862,0.0045175,0.011262,0.042806,0.011553,0.0054233,0.0035346,0.0021236,0.00034008,0.0015574,0.0018158,0.0071145,0.0038959,0.0041555,0.0043705,0.0044615,0.0055017,0.0067512,0.0093879,0.030933,0.039825,0.014383,0.0057411,0.0032107,0.0022316,0.0017704,0.0012541,0.0013161
0.04473,0.0068313,0.0060597,0.0055116,0.0060324,0.0073934,0.0088668,0.018495,0.070192,0.032996,0.012442,0.0066123,0.0053303,0.0045298,0.0042738,0.0033172,0.0032292,0.0065252,0.0040282,0.0030496,0.0027252,0.0040731,0.0044105,0.0048133,0.0062716,0.019902,0.012008,0.013175,0.0043546,0.0015643,0.0013728,0.00073415,0.00040577,0.00011253,0.0069448,0.0016815,0.0018805,0.0021194,0.0022607,0.0025688,0.0035341,0.0057754,0.023579,0.012857,0.01681,0.0035737,0.0018141,0.00072005,0.00077446,0.00021594,0.00021555,0.054923,0.012385,0.016769,0.019835,0.025725,0.03416,0.051354,0.096009,0.40101,0.16673,0.10465,0.069365,0.054404,0.046465,0.041922,0.039256,0.041323,0.023621,0.002753,0.00077109,0.000931,0.0010246,0.00157,0.0023421,0.0050907,0.015026,0.0083107,0.0067055,0.0035327,0.0024728,0.0020401,0.0015325,0.0019972,0.00084687,4.5795e-05,0.0022577,0.0025941,0.0027672,0.0029899,0.0043465,0.0059781,0.01118,0.042097,0.033005,0.0099018,0.007454,0.0056543,0.0046193,0.0040892,0.0040067,0.0035706,0.078193,0.0066809,0.0035879,0.0033581,0.0050106,0.0055452,0.0091676,0.017673,0.069345,0.086684,0.017808,0.012123,0.0098672,0.0079928,0.0074103,0.0085299,0.008341,0.0088789,0.0019614,0.0010172,0.00077847,0.00076104,0.0010093,0.00068698,0.0024868,0.010774,0.013536,0.0057031,0.0023632,0.0013919,0.0013015,0.00093379,0.0011061,0.0010548,0.0087377,0.0019817,0.0020567,0.0022895,0.0021065,0.0032694,0.0038197,0.0065787,0.016101,0.048302,0.015942,0.0067103,0.0045593,0.0035199,0.003362,0.0029683,0.0031987,0.036702,0.0028925,0.0047753,0.0094689,0.015069,0.023813,0.038761,0.06408,0.24718,0.098353,0.10217,0.053168,0.041509,0.038048,0.037187,0.036106,0.037907,0.019488,0.0017554,0.0016327,0.00093931,0.0014843,0.0019951,0.0025091,0.0028717,0.0054064,0.044434,0.011527,0.0079148,0.0069532,0.0057476,0.0051636,0.0045388,0.0038586,0.0034276,0.00045582,0.00056797,0.00085817,0.0012788,0.0016185,0.0028078,0.0065176,0.028082,0.058242,0.011598,0.0050771,0.0034224,0.0022011,0.0015317,0.00082089,0.00050928
0.012606,0.009235,0.0083014,0.0093227,0.010904,0.011604,0.013771,0.021477,0.083583,0.027599,0.031628,0.010689,0.0065774,0.0042437,0.0031056,0.0018095,0.0023175,0.004017,0.0033003,0.0030496,0.0026005,0.0021521,0.0032294,0.0042895,0.0062115,0.020703,0.0075628,0.0095973,0.0041636,0.0025054,0.0015626,0.0014053,0.0013052,0.00094607,0.0054246,0.0042064,0.0038168,0.0039168,0.0043843,0.0048448,0.0061156,0.007756,0.026583,0.0032981,0.020733,0.0063942,0.0032031,0.002022,0.0011904,0.00079708,0.00084307,0.02208,0.027149,0.035723,0.042819,0.054452,0.070082,0.092278,0.13794,0.39029,0.18434,0.061228,0.022086,0.0074458,0.0046406,0.0074714,0.0091073,0.010224,0.00020028,0.0060533,0.0033558,0.0041503,0.0031618,0.0031934,0.0040055,0.0061646,0.014488,0.01177,0.0015716,0.00085008,0.00024908,0.0002611,0.00041046,0.0015335,7.4383e-05,0.0009804,0.0016095,0.0022234,0.0031763,0.0044313,0.0056677,0.007728,0.010898,0.038866,0.040418,0.0065713,0.0026009,0.0024112,0.0028441,0.0033299,0.0032612,0.0033722,0.042657,0.0093459,0.004965,0.0057547,0.0070157,0.0077745,0.010358,0.015466,0.072854,0.080686,0.015231,0.0086764,0.0062566,0.0043163,0.0043679,0.0032111,0.0030518,0.0060941,0.0035317,0.0020141,0.0011851,0.0013746,0.0012192,0.0010833,0.0018126,0.010053,0.011307,0.0047148,0.0013257,0.00095908,0.00059458,0.00074545,0.00088833,0.00061989,0.00072099,0.002225,0.001307,0.00081135,0.00094102,0.0017953,0.0017874,0.0034177,0.012713,0.04788,0.0060197,0.0035154,0.0026627,0.002174,0.0018541,0.0015962,0.0016709,0.025402,0.02589,0.02372,0.024555,0.028444,0.035072,0.045365,0.073604,0.23559,0.051694,0.11407,0.058418,0.041289,0.034809,0.030891,0.028586,0.025509,0.0021305,0.005383,0.0027863,0.0030493,0.001903,0.0026416,0.0027088,0.0037894,0.0050286,0.043869,0.0083654,0.0062974,0.0045013,0.0041775,0.0027533,0.0031385,0.0035458,0.0027142,0.00068008,0.00063104,0.0007097,0.0010497,0.001401,0.0019145,0.0031695,0.022112,0.057654,0.0092383,0.0020048,0.0010049,0.0004692,0.00036088,0.00021869,0.00028802
0.048482,0.0019918,0.0053669,0.004463,0.0049646,0.0083667,0.0096297,0.013184,0.031158,0.029718,0.024943,0.0072513,0.0055582,0.0044279,0.0033119,0.003021,0.0030251,0.018257,0.00097332,0.0015632,0.0013672,0.00037924,0.00094255,0.0020023,0.0036501,0.0085807,0.017082,0.0065355,0.00033563,0.00041634,0.00026318,0.00028209,0.00050997,3.8147e-06,0.0080549,0.0023755,0.0021166,0.0020937,0.0022495,0.0029413,0.0037607,0.0083873,0.017464,0.022033,0.018395,0.0042531,0.0016149,0.0013624,0.0010925,0.0006749,0.00078393,0.056094,0.014322,0.01903,0.021144,0.025811,0.033614,0.048807,0.092189,0.34595,0.26831,0.082656,0.049616,0.039761,0.033759,0.030547,0.029553,0.028319,0.029116,0.002527,0.00093568,0.0017945,0.0010372,0.0011306,0.0016537,0.0035724,0.014446,0.012043,0.0024024,0.00073468,0.00072793,0.0009033,0.00090001,0.0007465,8.2009e-05,0.00036813,0.002124,0.0022085,0.0026736,0.0030718,0.0031716,0.005322,0.010504,0.040604,0.045087,0.0069212,0.0034396,0.0033141,0.0025873,0.0023506,0.0023355,0.0022717,0.006981,0.0055291,0.0034292,0.0026914,0.00367,0.0040917,0.0079676,0.012672,0.047929,0.099892,0.012117,0.010519,0.0073144,0.0067835,0.0067783,0.0059714,0.0061875,0.025591,0.0017539,0.0011363,0.00022859,0.00010205,0.0010483,0.00090776,0.0018106,0.0061628,0.019627,0.0054865,0.0021697,0.0013127,0.0014683,0.00098234,0.0011462,0.0012379,0.01043,0.0014921,0.0010337,0.00094125,0.00065433,0.0014729,0.0015464,0.0040637,0.0042926,0.048287,0.0060876,0.0020155,0.0011165,0.00091499,0.00022223,0.00024727,0.0002365,0.026856,0.031579,0.027915,0.03011,0.033375,0.039297,0.049971,0.074465,0.20869,0.11036,0.069721,0.035878,0.021359,0.013867,0.0089544,0.0093479,0.0046121,0.02014,0.0028688,0.0014329,0.0023763,0.0012637,0.0016596,0.0016293,0.0030193,0.0049726,0.046254,0.0057169,0.0048387,0.002786,0.0021568,0.0018603,0.0012938,0.0010739,0.0040646,0.0026498,0.0021189,0.0028244,0.0028198,0.0037303,0.0050292,0.009251,0.031992,0.059414,0.003959,0.0027898,0.0015953,0.0014176,0.0012584,0.0011013,0.0011044
0.031807,0.004137,0.0042065,0.0029188,0.0029859,0.0033152,0.0046392,0.008893,0.080602,0.032545,0.017667,0.0022175,0.0023803,0.0013054,0.00172,0.00067241,0.00063706,0.012186,0.00044465,0.00097345,0.0011806,0.0011887,0.0014282,0.00092273,0.0017138,0.017863,0.012151,0.0083727,0.0010338,0.00056797,0.00033491,0.00043231,0.00011548,8.963e-05,0.0057488,0.0014226,0.001122,0.0012478,0.0012196,0.0019492,0.0023146,0.0037789,0.034696,0.00096399,0.017385,0.0021907,0.0016137,0.0010161,0.0005905,0.00031922,3.0529e-05,0.012945,0.012804,0.013353,0.014905,0.016913,0.020512,0.028782,0.049916,0.42463,0.1556,0.012745,0.014672,0.011495,0.010103,0.0082392,0.0069491,0.0065137,0.023272,0.0022277,0.00089797,0.00098741,0.00048069,0.00053437,0.00081966,0.0015176,0.014117,0.0074141,0.0042785,0.00087281,0.00048498,0.00046183,0.00060423,0.00047384,0.00081826,0.00071717,0.0011129,0.00069635,0.0010987,0.0011629,0.0020692,0.0026118,0.0054449,0.05032,0.028466,0.0060361,0.001857,0.0018543,0.0014511,0.001368,0.0012361,0.0014153,0.0070001,0.0035717,0.0024685,0.0026228,0.0038033,0.0056791,0.0089439,0.016889,0.068385,0.067829,0.037334,0.017449,0.012022,0.010172,0.0091552,0.0085082,0.0087244,0.022023,0.0013435,0.0013613,0.0010598,0.0011152,0.00086307,0.00050517,0.00081738,0.012291,0.0086222,0.0060371,0.0019115,0.00087212,0.0007253,0.00062921,0.00063982,0.00050354,0.0085851,0.00054013,0.00083501,0.00070462,0.00081556,0.00039256,0.00070328,0.0040822,0.015654,0.048731,0.0017,0.0010432,0.00066935,0.00053274,0.00059418,0.00051331,0.00054361,0.040389,0.0041891,0.0063838,0.0067657,0.0086053,0.013399,0.021359,0.045105,0.24916,0.23892,0.043623,0.027623,0.021574,0.020514,0.01751,0.017425,0.016344,0.011183,0.0011253,0.0012338,0.0015796,0.0010172,0.0012467,0.0013169,0.0013882,0.0090964,0.04458,0.0080407,0.0033309,0.00051348,0.00035109,0.0003477,0.00089933,0.00034906,0.0017853,0.0010403,0.001162,0.0010772,0.0013879,0.0020078,0.00281,0.0061121,0.037229,0.043054,0.0085898,0.0051496,0.0037246,0.003274,0.0027999,0.002818,0.0023537
0.023054,0.0038629,0.0015138,0.0023477,0.0017759,0.0020098,0.0034248,0.0087858,0.088594,0.039311,0.019867,0.0033869,0.0028535,0.0016477,0.0012579,0.0015645,0.0016613,0.012728,0.0024092,0.0015094,0.00056191,0.0010403,0.00056795,0.0010934,0.00087679,0.01481,0.014819,0.010883,0.0021299,0.001333,0.0011376,0.00084973,0.00068493,0.00074199,0.0072042,0.0017946,0.00078282,0.00022374,0.00062283,0.00064583,0.00062995,1.4323e-05,0.026197,0.014785,0.018065,0.0025998,0.00080436,0.00096203,0.00059309,0.00040741,0.00037576,0.00486,0.015884,0.020749,0.021809,0.024071,0.02975,0.040368,0.070907,0.43953,0.17775,0.03862,0.021472,0.015699,0.012747,0.010449,0.0093493,0.0070459,0.019341,0.0022764,0.00054286,0.001552,0.0013212,0.001455,0.002179,0.0032278,0.015555,0.0095076,0.003631,0.00096411,0.00064401,0.00038686,0.00021,0.0007018,0.0018273,0.002491,0.001067,0.0011214,0.0014974,0.0020152,0.002208,0.0041289,0.0066226,0.043589,0.026912,0.01218,0.0046039,0.0034525,0.0033448,0.0025359,0.0025594,0.0026818,0.00077058,0.013227,0.010476,0.011048,0.01224,0.013882,0.019698,0.033638,0.094331,0.040594,0.044956,0.019049,0.0094706,0.011304,0.0083728,0.0055998,0.0065614,0.02019,0.0027458,0.0031283,0.00090192,0.0030555,0.0028231,0.001869,0.007697,0.014547,0.012493,0.01356,0.0035187,0.0019553,0.0032943,0.0016147,0.0012699,0.0025845,0.0080282,0.0046184,0.005016,0.0003629,0.0058136,0.0067346,0.0017544,0.014774,0.011377,0.034201,0.034836,0.011331,0.003733,0.0084076,0.0046575,0.0031938,0.0064298,0.046443,0.013567,0.011012,0.012981,0.014084,0.018286,0.024006,0.03894,0.26511,0.21098,0.048183,0.022312,0.017266,0.013912,0.011266,0.011419,0.011355,0.012394,0.0021686,0.0022023,0.001673,0.0015514,0.0018151,0.0025143,0.0042005,0.012261,0.042424,0.02068,0.0053686,0.0050299,0.0037523,0.0036347,0.0029268,0.0027008,0.00089647,0.0038941,0.0034899,0.004184,0.0042135,0.0051422,0.0065644,0.010508,0.034092,0.044242,0.013686,0.0056486,0.0035091,0.0020457,0.001297,0.00080841,0.00058365
0.042288,0.008308,0.0088236,0.0072147,0.0081761,0.0095026,0.012265,0.020929,0.088732,0.041371,0.029075,0.008299,0.0045625,0.0041206,0.0048895,0.0027927,0.0043011,0.020085,0.0036122,0.0012878,0.0014787,0.0013708,0.00052657,0.002471,0.0033135,0.019212,0.016285,0.0097466,0.0014559,0.0010569,0.00096025,0.00067703,0.00063523,0.0010872,0.01206,0.001605,0.0014392,0.0014303,0.0016081,0.0022333,0.0027275,0.0058101,0.028495,0.0059579,0.021863,0.0035858,0.0028313,0.0021435,0.0019782,0.0017086,0.0013905,0.051152,0.0068699,0.0070714,0.010489,0.013592,0.018983,0.030151,0.06131,0.43521,0.17916,0.040391,0.033079,0.025738,0.023497,0.021027,0.019638,0.020115,0.029564,0.0015739,0.0010318,0.00066685,0.00028255,0.0008458,0.0010663,0.00093207,0.015339,0.0037884,0.0042395,0.00019767,0.00057151,6.6837e-05,0.00071536,0.00035423,8.7731e-05,0.0033665,0.001945,0.0023843,0.002545,0.0029778,0.0033099,0.004694,0.0075911,0.055172,0.023061,0.00067473,0.0021882,0.0014955,0.00091468,0.00072009,0.00035493,0.00035669,0.0098402,0.0086086,0.004379,0.0044567,0.0053367,0.0060579,0.0095074,0.016053,0.097447,0.070977,0.023523,0.010968,0.008084,0.0069426,0.007037,0.0076682,0.0053616,0.02442,0.00072709,0.00092991,0.001286,0.0014689,0.001371,0.0016265,0.0029171,0.014186,0.018732,0.0071216,0.0028019,0.0019462,0.0017439,0.0015238,0.0012993,0.0011082,0.011725,0.00108,0.00077593,0.0010361,0.0011782,0.0016614,0.0022535,0.002976,0.015125,0.056546,0.005572,0.0016373,0.00099535,0.00055226,0.00026034,0.00024119,0.0003338,0.062289,0.0052762,0.0036652,0.0075093,0.0091841,0.012513,0.018412,0.040082,0.25052,0.26528,0.041903,0.017815,0.015223,0.013042,0.011355,0.012665,0.010195,0.024676,0.0028601,0.0012992,0.0015592,0.00098473,0.0018042,0.0018086,0.0035608,0.010797,0.045585,0.0096942,0.0031014,0.0026089,0.0017271,0.0011744,0.0020944,0.0022984,0.00018694,0.0014572,0.001059,0.001694,0.0019358,0.003038,0.0037101,0.007303,0.041061,0.041425,0.0068654,0.0050332,0.0040781,0.0034192,0.0026944,0.0028417,0.0027199
0.023028,0.0021346,0.00087799,0.00079405,0.0016611,0.0018568,0.0012176,0.0040058,0.1061,0.024638,0.019192,0.0014997,0.0031188,0.0010628,0.00057146,0.00048761,0.0021038,0.012526,0.00085242,0.00013465,0.00055616,0.00067912,0.00049297,0.00066284,0.0010229,0.018844,0.0084591,0.0086723,0.00091465,0.00075515,0.00044753,0.00030669,0.00016836,0.00038719,0.0073434,0.000257,0.00035571,0.00031077,0.00034427,0.00053491,0.0008387,0.0015811,0.033397,0.010073,0.019996,0.0022997,0.0016552,0.0012709,0.0010561,0.0010185,0.00080873,0.032565,0.0082883,0.0090477,0.0091315,0.011328,0.013743,0.020022,0.037817,0.442,0.14621,0.0068331,0.0096906,0.0070691,0.0059891,0.0051147,0.005532,0.0062619,0.018458,0.0018904,0.0013656,0.0018658,0.00073271,0.00060053,0.001012,0.0022743,0.013791,0.0078895,0.0044201,0.00019493,0.00070086,0.00020478,0.00040865,0.0011156,0.00030326,0.0018254,0.001229,0.0010738,0.0014712,0.0012793,0.0020827,0.0028485,0.0050235,0.050474,0.025353,0.0056408,0.0018805,0.0016878,0.0015466,0.0011694,0.0011741,0.00094796,0.012793,0.004262,0.003558,0.0040754,0.0043505,0.0060698,0.0082457,0.012942,0.10223,0.10427,0.022848,0.010972,0.0070139,0.0052336,0.0043974,0.0023302,0.0055409,0.017809,0.0010481,0.00056979,0.00033771,0.00067861,0.00018032,0.00062972,0.00072784,0.014384,0.026066,0.0063121,0.002348,0.0015452,0.0012733,0.0011919,0.0010055,0.00082588,0.0066243,0.0006507,0.00056179,0.00069139,0.00053985,0.00042522,0.0013099,0.003859,0.015611,0.039488,0.0024472,0.0016109,0.0013464,0.0012628,0.00099168,0.00089711,0.0008297,0.032689,0.0031752,0.0028259,0.0023872,0.0029851,0.0056353,0.0080924,0.021357,0.24672,0.22238,0.01673,0.0048645,0.0061017,0.0045531,0.0044739,0.0057827,0.0056916,0.014467,0.001748,0.0012324,0.0021184,0.0016485,0.0020215,0.001613,0.0046213,0.010844,0.04862,0.0096141,0.0016251,0.0022039,0.00099063,0.0016086,0.00047798,0.0010166,0.0030041,0.00048498,0.00096986,0.0010715,0.0012673,0.0017612,0.0022951,0.0057725,0.035242,0.053596,0.011293,0.0049341,0.0038152,0.0030477,0.0027706,0.0026956,0.0027638
0.0094072,0.0014353,0.0020962,0.0012244,0.00061291,0.00064082,0.0018591,0.0068247,0.10846,0.030672,0.020338,0.0013719,0.0016765,0.00045619,4.7785e-05,0.00066057,0.00078584,0.0088693,0.0010535,0.00065388,0.000361,0.00056242,0.00093647,0.00080228,0.00082723,0.018895,0.0090415,0.011037,0.001293,0.00070888,0.00066921,0.00041854,0.00049706,0.00034333,0.005518,0.00041557,0.00031382,0.00027242,0.00031759,0.00033007,0.00044207,0.00058918,0.030679,0.01799,0.020598,0.0025045,0.0011939,0.00079715,0.00078252,0.00068757,0.00082206,0.025921,0.013511,0.014522,0.015922,0.017322,0.021999,0.028622,0.051322,0.4609,0.14913,0.02748,0.012863,0.0090422,0.0059241,0.0055207,0.0032149,0.0051308,0.0094282,0.0013842,0.00026333,0.00151,0.00098014,0.0008076,0.0012157,0.0018961,0.014664,0.0073349,0.0043055,0.00048234,0.00063343,0.00023794,0.000428,0.00074203,0.0013561,0.0001316,0.00039267,0.00038044,0.00077379,0.0010187,0.0017509,0.0025458,0.004408,0.052054,0.026411,0.0096825,0.0038153,0.0027272,0.0024009,0.0021464,0.0018687,0.0018216,0.023978,0.0026038,0.002478,0.0018894,0.0018258,0.0037029,0.0039605,0.0047578,0.10664,0.11891,0.0064358,0.0024177,0.0021814,0.0014388,0.0012112,0.0018506,0.003088,0.011656,0.001154,0.00035849,0.00027354,0.00017983,0.00056975,0.00066179,0.00080285,0.011215,0.032327,0.0074132,0.00063385,0.0002505,0.0003289,0.00038619,0.00038241,0.00026514,0.0031224,0.00021661,0.00033415,0.00056157,0.00022156,0.00051007,0.00046626,0.0025246,0.013915,0.033176,0.0065426,0.0015419,0.00085384,0.00044462,0.00011429,0.00012536,4.3865e-05,0.012594,0.008932,0.006966,0.0095696,0.010457,0.011284,0.015327,0.025153,0.26114,0.20957,0.018425,0.0082977,0.0087541,0.0067846,0.0070533,0.0058011,0.0070058,0.0084077,0.001047,0.0003534,0.00094487,0.00064839,0.00090275,0.0011189,0.0044037,0.0087713,0.050089,0.011155,0.0018426,0.0022224,0.0014994,0.0012155,0.0019445,0.0020714,0.0058518,0.0042298,0.0040707,0.0044043,0.0043123,0.004952,0.0052254,0.0081079,0.036329,0.058649,0.0091868,0.0056808,0.0047229,0.0042509,0.0042778,0.0040824,0.0040322
0.011839,0.0042887,0.00089771,0.0012846,0.0025634,0.002637,0.0053973,0.013345,0.097441,0.038644,0.028136,0.0082154,0.0075215,0.0059658,0.004833,0.005111,0.0053922,0.0095807,0.002104,0.00073032,0.00090853,0.00039112,0.00047463,0.00068185,0.0010105,0.018575,0.013831,0.009814,0.0007482,0.0010629,0.00105,0.00071291,0.00080592,0.00089455,0.0065938,0.0014831,0.00060326,0.00060147,0.0011748,0.0012398,0.0014184,0.0037863,0.02627,0.021278,0.017696,0.0012709,0.00093093,0.00093581,0.00073496,0.00070257,0.0007763,0.020361,0.011211,0.010807,0.012892,0.016531,0.023433,0.03587,0.070489,0.42904,0.19123,0.067009,0.040919,0.033176,0.027994,0.02637,0.02535,0.024145,0.010845,0.0015129,0.00061996,0.00023526,0.00072548,0.0010568,0.0015667,0.0035755,0.016214,0.0086027,0.0029097,0.0014943,0.0015598,0.0013008,0.00090201,0.0013194,0.0015679,0.0039425,0.0030648,0.0034486,0.0034645,0.0039802,0.0054299,0.0066864,0.012875,0.047353,0.017483,0.014877,0.0067111,0.0043793,0.0035022,0.0031224,0.0029148,0.0029469,0.023238,0.0033205,0.0035022,0.0022139,0.0025576,0.0031213,0.0041508,0.0070182,0.097857,0.11952,0.021284,0.0072066,0.0055038,0.0044418,0.0064527,0.0055788,0.0031491,0.011227,0.0013523,0.00087822,0.0011529,0.0012582,0.0021427,0.0016855,0.0028978,0.011373,0.04456,0.011321,0.0024576,0.0014166,0.0011109,0.00080843,0.00055121,0.00058746,0.0036812,0.00070553,0.00074582,0.0004437,0.0006699,0.0012489,0.00095156,0.0025401,0.015465,0.040753,0.0089028,0.0030825,0.0023659,0.0017499,0.0013882,0.0016904,0.0014611,0.017821,0.0030943,0.004366,0.0046391,0.00557,0.007719,0.01136,0.026572,0.22983,0.23575,0.023433,0.0054922,0.0028064,0.0035124,0.0039082,0.0037105,0.0026799,0.010723,0.0041283,0.0033428,0.0019865,0.0030151,0.003607,0.0042079,0.007596,0.014808,0.046514,0.021673,0.0032966,0.003499,0.0022038,0.0022915,0.001502,0.0013046,0.0030575,0.001434,0.002332,0.0019496,0.0031991,0.0040669,0.0053078,0.011508,0.040639,0.040363,0.020504,0.010955,0.0078985,0.0066689,0.0059797,0.0056853,0.0056668
0.042292,0.010407,0.0068435,0.0063307,0.0081886,0.0092143,0.011947,0.018981,0.075456,0.034048,0.021663,0.0057593,0.0042706,0.0035339,0.0022575,0.0023824,0.0012799,0.027686,0.0034437,0.0017584,0.0025297,0.0023599,0.0019256,0.0026617,0.0043396,0.01821,0.015622,0.012133,0.0029129,0.0019045,0.0017299,0.0013099,0.0013322,0.0010319,0.012007,0.0028485,0.0025099,0.0022707,0.0025194,0.0034026,0.004218,0.0064084,0.024888,0.010891,0.023581,0.0062594,0.0041681,0.0033729,0.0026358,0.0025481,0.002554,0.060327,0.016492,0.021142,0.028888,0.039387,0.052949,0.07357,0.1242,0.39569,0.22684,0.039821,0.018399,0.005149,0.0058233,0.0092246,0.012751,0.013184,0.022623,0.0032014,0.00037803,0.0018955,0.0015397,0.0027916,0.0042663,0.0061135,0.018101,0.0093012,0.0040335,0.00018498,0.00082587,0.00020846,6.8097e-05,0.00033702,0.00084497,0.00064659,0.00060134,0.0011162,0.002341,0.0040356,0.0054033,0.008388,0.012754,0.042582,0.01625,0.010374,0.0057527,0.0047378,0.0044176,0.0044858,0.0047327,0.0046635,0.010378,0.0086037,0.0035986,0.001685,0.0020985,0.0032501,0.0047431,0.012358,0.078965,0.097999,0.024396,0.010598,0.008737,0.007717,0.0078392,0.0068152,0.0050946,0.016959,0.0019032,0.00034171,0.00050186,0.001194,0.00071428,0.0017961,0.0025131,0.013716,0.026682,0.012484,0.0052855,0.0037662,0.0030859,0.0026481,0.0025772,0.0026341,0.0064565,0.0015576,0.00082721,0.00081035,0.0010629,0.0017928,0.0025961,0.0038206,0.017231,0.048996,0.013777,0.0037891,0.0028707,0.0025449,0.0021697,0.002259,0.0019398,0.040654,0.0061403,0.0053316,0.004415,0.0055597,0.0082511,0.012518,0.032036,0.18853,0.27754,0.035676,0.0022658,0.0011604,0.0048866,0.0044836,0.0039625,0.0035287,0.029183,0.004491,0.0028438,0.0012038,0.0027222,0.0036035,0.0050525,0.0069378,0.014353,0.037315,0.025993,0.0055763,0.0050499,0.0039351,0.0034637,0.0032818,0.0029603,0.005848,0.0054982,0.0054564,0.0059839,0.0064745,0.0088706,0.01056,0.014429,0.04343,0.025211,0.027761,0.01031,0.0068854,0.0052771,0.0042784,0.0039389,0.0036851
0.052056,0.0059862,0.0010657,0.0010126,0.0026429,0.0033228,0.0067952,0.012988,0.058891,0.01243,0.01286,0.010572,0.0082689,0.0071761,0.0059657,0.0057342,0.0070573,0.012531,0.0049438,0.0022783,0.0011343,0.00059861,0.00082391,0.0012192,0.0026156,0.015393,0.0047716,0.0063948,0.0021438,0.0017315,0.0015793,0.0015825,0.0014608,0.0015297,0.0068227,0.0011824,0.0014224,0.0013976,0.0011765,0.0019316,0.0024839,0.0049374,0.026879,0.0089357,0.013275,0.0026747,0.0025329,0.0020951,0.0018596,0.0020498,0.0017643,0.0066033,0.031499,0.033162,0.03713,0.041985,0.050767,0.065542,0.10735,0.39287,0.091158,0.076823,0.039866,0.025972,0.019339,0.014886,0.012205,0.010506,0.038252,0.002508,0.0012327,0.001671,0.0018645,0.0019427,0.0027176,0.0045778,0.01711,0.0023817,0.0041218,0.0013199,0.0013588,0.00053952,0.00079486,0.00069618,0.00013542,0.0033513,0.0012734,0.00094942,0.0012947,0.0015945,0.0027047,0.004329,0.010019,0.043141,0.018474,0.012839,0.0064299,0.0050689,0.004403,0.003876,0.0037205,0.0036145,0.010054,0.0048635,0.0039906,0.0025202,0.0019041,0.0029463,0.0039242,0.012561,0.024241,0.10022,0.021546,0.0035175,0.0023545,0.0011824,0.0031102,0.00063423,0.0009327,0.034594,0.0027019,0.0012434,0.00071287,0.00081397,0.0002709,0.00010868,0.00037291,0.0071943,0.025143,0.011309,0.001357,0.00068501,0.00039657,0.0002487,0.00015799,0.00022317,0.014027,0.002336,0.0015038,0.0014808,0.0017882,0.0018685,0.0025065,0.0023955,0.017649,0.049852,0.0037161,0.0018675,0.0011011,0.00066466,0.0005554,0.00015818,0.00019455,0.082164,0.017098,0.018678,0.020461,0.022879,0.027875,0.036377,0.055886,0.20382,0.27606,0.03658,0.014346,0.0097718,0.0054682,0.0032908,0.0034505,0.0013371,0.014721,0.0045219,0.0020561,0.0019461,0.0010315,0.0017059,0.0018638,0.0042932,0.0070536,0.044741,0.0080282,0.0050152,0.0019925,0.0019154,0.0025986,0.001545,0.0014572,0.00060846,0.0029494,0.0025231,0.0028205,0.0028156,0.0036662,0.0049309,0.010978,0.036219,0.048001,0.0052439,0.0041075,0.0031122,0.0025893,0.0023307,0.0018964,0.0020199
0.023426,0.0051063,0.007614,0.0069886,0.0080508,0.0088173,0.011228,0.014176,0.09927,0.0061889,0.029607,0.008458,0.0054085,0.0032209,0.0017717,0.0016611,0.0010948,0.0062428,0.0018097,0.0013571,0.0018651,0.0021163,0.0017332,0.0028768,0.0042101,0.021226,0.0017007,0.0083964,0.0020328,0.0011749,0.00083035,0.00081787,0.00068488,0.00066567,0.0088655,0.001991,0.002524,0.0027275,0.0029315,0.0033574,0.0041597,0.0080673,0.032494,0.013852,0.021202,0.0042392,0.0017517,0.0011526,0.00064091,0.00035207,0.00014496,0.031069,0.0087108,0.0099079,0.012182,0.016408,0.023026,0.034874,0.065263,0.41721,0.071678,0.069127,0.043792,0.034569,0.0298,0.027847,0.026141,0.027571,0.025095,0.0029613,0.0015699,0.0015748,0.0012092,0.0013482,0.0018105,0.0027489,0.015383,0.0040028,0.0012966,0.0012684,0.00093755,0.00094821,0.00093411,0.0017235,0.00012398,0.0036088,0.0026274,0.0029226,0.0031006,0.0034421,0.0039753,0.0055035,0.0096046,0.048185,0.034478,0.0061858,0.0017263,0.0014176,0.00090173,0.00084818,0.00062335,0.00048449,0.006405,0.0098909,0.014733,0.015405,0.014234,0.020953,0.024322,0.035471,0.039671,0.1137,0.062765,0.021682,0.0072544,0.0089587,0.0027961,0.0060289,9.9182e-05,0.02981,0.0004197,0.0052137,0.0050472,0.001046,0.0072298,0.0058824,0.0062036,0.019834,0.031545,0.017934,0.0086094,0.0021831,0.0043338,0.001643,0.0016101,0.0023251,0.0093233,0.0013511,0.0022381,0.0012933,0.0025083,0.0041109,0.003789,0.0098837,0.024712,0.019843,0.02425,0.0096289,0.0072393,0.0071299,0.0056045,0.0055487,0.0055581,0.030707,0.009551,0.010792,0.012973,0.013944,0.019295,0.029225,0.052943,0.25994,0.14396,0.062028,0.038428,0.029788,0.025373,0.02298,0.020689,0.020796,0.0084764,0.00063251,0.001001,0.00091058,0.0006268,0.0011252,0.0016394,0.0016041,0.0056609,0.052514,0.0025728,0.0015817,0.0013416,0.0012469,0.00091533,0.001172,0.0011177,0.00084497,0.00084815,0.0007515,0.0010511,0.0010488,0.0018184,0.0032855,0.0055858,0.031832,0.069243,0.0017423,0.0008667,0.00074063,0.00059671,0.00074249,0.00043244,0.00065042
0.01107,0.0038475,0.0012606,0.0026438,0.0037273,0.0042401,0.0063342,0.012297,0.1079,0.025607,0.02521,0.0096261,0.0079315,0.0063337,0.0057647,0.0044167,0.0058862,0.0069505,0.00097138,0.0012313,0.0017633,0.0012592,0.0020364,0.0025185,0.0043035,0.023031,0.0036881,0.011969,0.0026649,0.0018503,0.0014459,0.0012383,0.0011195,0.001278,0.0064145,0.0020161,0.0016565,0.0018103,0.0022544,0.0027841,0.0036384,0.0056776,0.03124,0.0098962,0.023711,0.0041079,0.0035535,0.0025726,0.0026096,0.0023799,0.0021,0.043011,0.029821,0.031046,0.033179,0.037997,0.04529,0.059784,0.094582,0.4381,0.18194,0.04808,0.031798,0.020701,0.014816,0.0096062,0.0074197,0.0080796,0.01483,0.0019992,0.0010617,0.0015407,0.0014441,0.0018399,0.0024212,0.0038351,0.015948,0.010212,0.0037018,0.0012062,0.00093462,0.00096144,0.00050237,0.00086284,0.0011692,0.00078011,0.00027406,0.00052099,0.00095801,0.0012917,0.0024442,0.0036466,0.0080985,0.04106,0.047003,0.0016053,0.0034776,0.0030735,0.002791,0.002376,0.0025552,0.0022603,0.01944,0.0022785,0.0017273,0.0010968,0.0015912,0.0024493,0.0038836,0.0093525,0.08198,0.1569,0.0053541,0.0019664,0.0021237,0.0021526,0.0040408,0.0031774,0.0028458,0.014475,0.00073652,0.00087303,0.0010328,0.00028065,0.00081728,0.00054026,0.0010888,0.010302,0.046307,0.010235,0.0025455,0.0018714,0.0012482,0.0011382,0.0010978,0.0011578,0.0069009,0.0011382,0.0014031,0.0014486,0.0017881,0.0019695,0.0025041,0.0047614,0.020753,0.020657,0.012455,0.0033895,0.0021471,0.0018403,0.0016865,0.0012123,0.0014305,0.0040036,0.021023,0.023093,0.024741,0.027159,0.032441,0.041552,0.070934,0.28167,0.098935,0.049716,0.02708,0.018315,0.01378,0.010383,0.0067615,0.0074674,0.0061704,0.0014083,0.0015405,0.0013424,0.0017127,0.0016602,0.0026874,0.004212,0.0018785,0.054252,0.002626,0.0030061,0.0021436,0.0012525,0.0009707,0.0014775,0.0010128,0.0030709,0.00058454,0.00062481,0.00078682,0.00099295,0.0013831,0.0019,0.0031342,0.027479,0.073746,0.0034772,0.0013306,0.00072493,0.00051823,0.00034801,0.00019148,0.00032809
0.016814,0.0047851,0.0068843,0.0072481,0.008231,0.0093876,0.012838,0.022344,0.081084,0.042585,0.0084816,0.0059588,0.0056336,0.0031128,0.0032092,0.0017079,0.001215,0.0089876,0.0011958,0.00099518,0.0014036,0.0018139,0.0013323,0.002542,0.0044205,0.019001,0.0099462,0.0082946,0.0022979,0.0015732,0.0014665,0.0015109,0.0013125,0.0011978,0.0030995,0.0014304,0.0018586,0.0017793,0.0018888,0.002226,0.0030936,0.0050927,0.027045,0.0070779,0.014078,0.0028992,0.0020662,0.0016304,0.001663,0.0013307,0.0013142,0.0096094,0.021965,0.024151,0.025917,0.030145,0.038688,0.053524,0.095037,0.36973,0.3062,0.076747,0.049073,0.037412,0.03223,0.029644,0.026964,0.027363,0.010864,0.00090172,0.0009287,0.0012795,0.00092346,0.0015673,0.0022143,0.0038849,0.014636,0.014768,0.0052499,0.0018664,0.0015945,0.0010962,0.0015858,0.00093958,0.0015259,0.0022965,0.0027916,0.0030593,0.0034155,0.0035176,0.0043786,0.0061017,0.0098227,0.040183,0.045144,0.010706,0.0044736,0.0032046,0.0025681,0.0023187,0.0022028,0.0022621,0.017111,0.0054612,0.0058314,0.0061585,0.0062188,0.0082922,0.011577,0.019215,0.079043,0.15012,0.013496,0.0068873,0.0055169,0.0040652,0.0040557,0.0014964,0.0019055,0.013579,0.00094849,0.00038296,0.00052581,0.0012066,0.00091208,0.001072,0.0013554,0.0095672,0.034204,0.0096726,0.0014158,0.00027512,0.00050467,0.00024076,0.00040018,0.00025367,0.0047131,0.00059352,0.00044916,0.00065157,0.00074125,0.0011829,0.0016667,0.0027109,0.015347,0.016451,0.0049532,0.0012426,0.0013003,0.000985,0.0010784,0.0011938,0.0010624,0.053727,0.030762,0.034182,0.034367,0.037185,0.04222,0.053832,0.079347,0.24627,0.1069,0.058833,0.034324,0.021325,0.013067,0.010645,0.011031,0.0079347,0.01165,0.0048118,0.0046883,0.0040879,0.0047043,0.0043122,0.0039944,0.0051578,0.0024503,0.053117,0.0097324,0.0070144,0.0041059,0.0024549,0.0020905,0.00093266,0.0011711,0.0063954,0.0038117,0.0032997,0.0033625,0.0032566,0.0025865,0.0028506,0.0051882,0.029609,0.07006,0.010393,0.0074128,0.0051686,0.0038469,0.003174,0.0026979,0.002203
0.010573,0.00066676,0.0017971,0.002127,0.003384,0.0051759,0.0078132,0.017539,0.06424,0.060724,0.033069,0.011206,0.0084213,0.0068244,0.00585,0.0064129,0.0056897,0.0045396,0.0011826,0.00070803,0.00090885,0.0012475,0.0016083,0.0022816,0.0037127,0.016318,0.017017,0.0090608,0.0022824,0.002016,0.0015885,0.0012102,0.0012748,0.0014496,0.0019455,0.0013365,0.0011434,0.0013232,0.001384,0.0022331,0.0027003,0.0063174,0.023243,0.020784,0.022001,0.0034099,0.0027686,0.0023904,0.0025419,0.0023463,0.002018,0.0069238,0.0045824,0.0074763,0.011725,0.016982,0.025844,0.042574,0.084236,0.34373,0.30838,0.080406,0.06005,0.047884,0.041342,0.03779,0.035689,0.0351,0.013466,0.00056829,0.00037274,0.00037924,0.00084623,0.00098768,0.0016197,0.0029503,0.014642,0.013569,0.0033215,0.0019637,0.0020927,0.0022695,0.0018559,0.0016631,0.00079347,0.0056115,0.0046746,0.0050053,0.0052238,0.0061403,0.0068104,0.0091742,0.014691,0.044215,0.025159,0.0096683,0.0061045,0.00401,0.0028921,0.0020996,0.001569,0.0014305,0.026778,0.0013145,0.0023148,0.0026948,0.0039797,0.0061528,0.010006,0.018349,0.082034,0.11665,0.042278,0.019585,0.013753,0.012213,0.011006,0.013778,0.011717,0.016501,0.001095,0.0010009,0.00060508,0.0016323,0.001343,0.0013904,0.003668,0.014574,0.017852,0.012699,0.0025097,0.0022112,0.0015974,0.0018021,0.0014326,0.0011273,0.0049096,0.00054806,0.00060363,0.00082213,0.0011853,0.0013924,0.0023684,0.0023762,0.014436,0.016724,0.0081563,0.0018874,0.0015355,0.0013041,0.0010261,0.00093769,0.00097277,0.034974,0.01267,0.011467,0.014231,0.016476,0.021271,0.029674,0.050735,0.18421,0.23949,0.059005,0.026596,0.02181,0.01916,0.017023,0.018197,0.016293,0.00011634,0.0029599,0.0024785,0.0025818,0.0030211,0.0033822,0.0035804,0.0060775,0.01338,0.050275,0.017801,0.0026515,0.0027789,0.0021879,0.0015027,0.0005367,0.00047113,0.0020008,0.0055558,0.0051667,0.0056462,0.0060681,0.0075523,0.0092693,0.015817,0.041903,0.047589,0.021989,0.0092212,0.0060485,0.0045915,0.0037591,0.0035118,0.0033207
0.0016461,0.0044816,0.0028322,0.0039713,0.0054102,0.0070191,0.0095671,0.016658,0.068964,0.054959,0.0081211,0.0076176,0.0041253,0.004324,0.0029796,0.0039502,0.0046101,0.0024071,0.0017737,0.001725,0.0015333,0.0015223,0.0026193,0.0025444,0.0050431,0.018059,0.016198,0.0093562,0.0017566,0.0010686,0.00076848,0.00045549,0.00022733,0.0003281,0.0028382,0.0021086,0.0021524,0.0023781,0.0029997,0.0030304,0.005002,0.0068636,0.022162,0.028107,0.021103,0.0034789,0.0019134,0.0013347,0.00084771,0.00071206,0.00073622,0.027817,0.027266,0.028681,0.032396,0.036824,0.045509,0.061092,0.10065,0.38384,0.17923,0.088523,0.05313,0.03947,0.032214,0.028266,0.025544,0.026253,0.014479,0.0017584,0.0011606,0.00085644,0.0015748,0.0020077,0.002553,0.0041353,0.017328,0.0059559,0.0075007,0.0032424,0.0020373,0.0018228,0.0010718,0.0012838,0.00074198,0.00091173,0.001207,0.0014768,0.0020049,0.002741,0.0041229,0.0061563,0.011791,0.04554,0.0017963,0.017105,0.010503,0.008145,0.0069619,0.0061419,0.005688,0.0057412,0.041279,0.008124,0.007377,0.0084365,0.0096083,0.011696,0.015287,0.024656,0.081486,0.12199,0.021684,0.010651,0.0066862,0.0059848,0.0021601,0.0012585,0.00049591,0.01589,0.00062417,0.0010605,0.0010661,0.00039074,0.0020705,0.0022607,0.0038376,0.013553,0.012834,0.0069734,0.0013157,0.00097657,0.00064931,0.00093558,0.00083684,0.00071527,0.0073567,0.0017062,0.0015235,0.0017607,0.0016866,0.0021823,0.0025337,0.0049642,0.017644,0.014808,0.0076132,0.0022777,0.0013003,0.0011538,0.0010179,0.00086145,0.00069619,0.01639,0.0015602,0.0040243,0.004372,0.0075749,0.009852,0.016555,0.037265,0.16435,0.2821,0.0093779,0.012874,0.010709,0.010114,0.0088546,0.0096073,0.010393,0.0025616,0.0013118,0.0012765,0.0010778,0.0022574,0.0023703,0.0038533,0.0058072,0.010769,0.044954,0.021061,0.0093702,0.005356,0.0045725,0.0040518,0.0038424,0.0037442,0.0023442,0.0016665,0.0019124,0.0024515,0.0032879,0.0045185,0.0072072,0.012392,0.041661,0.039276,0.027353,0.014303,0.010294,0.0088297,0.0075614,0.007341,0.0073796
0.012619,0.0072833,0.0059676,0.0065584,0.007058,0.0086663,0.011268,0.018473,0.089529,0.040924,0.029531,0.0072243,0.0045872,0.0025525,0.0035551,0.0017515,0.002079,0.002245,0.0010739,0.00094489,0.0012468,0.0018234,0.0011863,0.0019866,0.0036403,0.020612,0.01682,0.0089956,0.00093613,0.0012478,0.0011824,0.00086182,0.00091486,0.00072291,0.00065994,0.0014154,0.0013562,0.0013413,0.0013669,0.0020192,0.0017859,0.0059196,0.025291,0.025492,0.019831,0.0017693,0.00099314,0.00056242,0.00039958,0.00047339,0.00049593,0.024907,0.023573,0.025883,0.028978,0.029495,0.033832,0.053259,0.10014,0.42159,0.089563,0.073578,0.045419,0.042795,0.039952,0.033941,0.023649,0.020859,0.012604,0.00098273,0.00072438,0.00095214,0.00070742,0.0015286,0.0021622,0.0041568,0.016129,0.0064063,0.003447,0.0036665,0.0024659,0.0015891,0.0018104,0.0020066,0.0012818,0.0035477,0.0027402,0.0041964,0.0047898,0.0037723,0.0032599,0.0055012,0.012638,0.046823,0.029188,0.0066514,0.0032385,0.0030982,0.0023312,0.0015315,0.00054375,8.3931e-05,0.033564,0.0023459,0.0035023,0.0031699,0.0050936,0.0060833,0.009685,0.018479,0.075774,0.12725,0.021384,0.012802,0.0099031,0.0084612,0.0099667,0.0065716,0.0070897,0.014992,0.0010308,0.00087117,0.00086566,0.00061701,0.0015221,0.0021055,0.0031493,0.014173,0.009412,0.0046221,0.0025819,0.0013567,0.0012614,0.00096115,0.0010845,0.00091554,0.0058003,0.00061795,0.00049389,0.0007909,0.0010499,0.0015618,0.0028853,0.0040278,0.021452,0.02517,0.010385,0.0049648,0.0039885,0.0031044,0.0025782,0.0028487,0.0026646,0.016482,0.0029087,0.0024063,0.0041415,0.0065516,0.010412,0.016792,0.036969,0.17971,0.268,0.037332,0.015617,0.014219,0.012393,0.011101,0.012122,0.011423,0.0028077,0.0028981,0.0039415,0.00294,0.003983,0.0042534,0.0056657,0.0082517,0.015045,0.044192,0.023787,0.0081054,0.0040072,0.0030838,0.0025083,0.0024197,0.0026207,0.0096284,0.0062472,0.0062563,0.0068618,0.0075575,0.008747,0.011166,0.015745,0.044996,0.045241,0.021269,0.0092998,0.0052485,0.0032356,0.0019323,0.0008014,0.00017547
0.0090639,0.0040718,0.0039689,0.0048763,0.0053561,0.0070241,0.010418,0.020217,0.086352,0.015257,0.027429,0.0099286,0.0098209,0.0090463,0.0065959,0.0059317,0.0067063,0.0049954,0.0016394,0.0011894,0.0018474,0.0019135,0.0022191,0.0029164,0.0053638,0.021986,0.0094452,0.014463,0.0034354,0.0022766,0.0019222,0.0014483,0.0012141,0.001318,0.0013638,0.0021663,0.002079,0.0023537,0.0026276,0.0029128,0.0040376,0.0067048,0.031134,0.0090354,0.021975,0.0035892,0.0019494,0.0013735,0.00085896,0.00076638,0.00087166,0.023167,0.028709,0.028959,0.032152,0.035462,0.042439,0.05644,0.089582,0.42986,0.065658,0.057207,0.034225,0.022205,0.016378,0.012326,0.010967,0.010586,0.0087568,0.0010644,0.0012538,0.0015309,0.0014905,0.0018173,0.00206,0.0036719,0.017649,0.0025298,0.0043593,0.0022482,0.0014469,0.00078739,0.00081938,0.0016489,5.1506e-05,0.003397,0.0035171,0.0035621,0.0041209,0.0045961,0.0048971,0.0070184,0.01158,0.050906,0.013628,0.0067854,0.0054169,0.0039808,0.0030094,0.0024595,0.0019897,0.0022984,0.026434,0.0030335,0.0037828,0.0038714,0.0049045,0.0055484,0.0081109,0.014158,0.084047,0.11487,0.018255,0.0056803,0.0047023,0.0036345,0.0026832,0.0019695,0.0027981,0.013369,0.00085178,0.00074865,0.00072769,0.00080103,0.0011098,0.0010002,0.0018847,0.010663,0.020156,0.0084671,0.0022389,0.001376,0.0010655,0.00087808,0.0010215,0.0011006,0.0019226,0.0016539,0.0018322,0.0019571,0.002217,0.0027027,0.0028483,0.0055944,0.02325,0.044257,0.015521,0.0052169,0.0032417,0.0026617,0.0023164,0.0020528,0.0019684,0.029509,0.012264,0.014343,0.014443,0.016838,0.01925,0.025594,0.047982,0.22688,0.24765,0.049016,0.016408,0.012704,0.0089344,0.0072998,0.0078354,0.0083143,0.0010281,0.0030256,0.0018528,0.0030346,0.0028345,0.0035102,0.0041093,0.0064355,0.014028,0.041988,0.023018,0.0079935,0.003549,0.0035031,0.0033514,0.0026369,0.002615,0.0008774,0.0013807,0.0020262,0.0020967,0.0026449,0.0036275,0.0054003,0.0093861,0.041226,0.041254,0.02302,0.011223,0.0081725,0.0068318,0.0061227,0.0054452,0.0053864
0.0039788,0.0042133,0.0036542,0.0038309,0.0057271,0.0060629,0.010172,0.017112,0.091176,0.013918,0.0078908,0.0046563,0.0013585,0.0039878,0.00091828,0.0020945,0.0027924,0.0052243,0.0008972,0.00076397,0.00045712,0.00034473,0.00052871,0.0011129,0.0028932,0.01913,0.0066352,0.0076959,0.0023076,0.0015771,0.001423,0.001239,0.00123,0.0011082,0.0032769,0.0004506,0.00050192,0.0005596,0.00093331,0.00098025,0.0021186,0.0041774,0.02698,0.0071488,0.018864,0.0023839,0.0010921,0.00093585,0.00044389,0.00071899,0.00047302,0.0094701,0.013469,0.015164,0.017742,0.020668,0.026213,0.038876,0.075157,0.4338,0.082659,0.074468,0.04447,0.033847,0.029234,0.025634,0.025115,0.023955,0.0032921,0.0011043,0.0010449,0.0014662,0.0012638,0.0018004,0.0019645,0.0039845,0.01742,0.001076,0.0061173,0.0026971,0.0015256,0.0014099,0.0011768,0.0020325,0.00035859,0.0007477,0.0014414,0.0015885,0.0018631,0.0025166,0.0029756,0.0047481,0.0078411,0.051635,0.0070197,0.015121,0.0076523,0.0055562,0.0045783,0.0043386,0.004371,0.0035172,0.044238,0.011311,0.011993,0.013572,0.01389,0.019755,0.01725,0.050068,0.0099043,0.10427,0.04097,0.016821,0.0089011,0.0075065,0.0038818,0.002368,0.0013676,0.0085069,0.0037662,0.0013142,0.0038899,0.0025391,0.0043643,0.0032001,0.0076562,0.0092813,0.011587,0.01548,0.0030992,0.0032493,0.00061095,0.001636,0.00061566,0.0011406,0.0015927,0.00073206,0.0040359,0.00076626,0.0051928,0.0023412,0.0083035,0.0071314,0.034487,0.01759,0.032385,0.0076645,0.011844,0.004971,0.0084029,0.0044227,0.0077687,0.0059701,0.0064972,0.0051763,0.0078355,0.0092107,0.012549,0.016992,0.03384,0.23532,0.23399,0.047318,0.017344,0.013767,0.010575,0.010023,0.0079867,0.0099641,0.00076297,0.0021487,0.0018602,0.0019495,0.0024245,0.0027579,0.003098,0.005703,0.01247,0.039816,0.018415,0.0074648,0.0035954,0.0031215,0.0033313,0.0028478,0.0022698,0.0019551,0.0039971,0.0042288,0.0044318,0.0049099,0.0058275,0.007233,0.0099923,0.040968,0.038962,0.018609,0.0064932,0.0039267,0.0024308,0.0019647,0.00128,0.0011959
0.0037003,0.0038789,0.0053739,0.0053817,0.0052255,0.0063885,0.0088341,0.015152,0.090493,0.0083218,0.029388,0.0075013,0.0031008,0.0043451,0.0038572,0.0028178,0.0024529,0.00056265,0.0011502,0.001493,0.00091354,0.0013261,0.0014243,0.0017747,0.0019334,0.018059,0.0082856,0.0095236,0.0010983,0.00096218,0.00061597,0.00027603,0.00017639,0.00023461,0.0032559,0.0014747,0.00092699,0.0011526,0.0014626,0.0017257,0.0022204,0.0027752,0.027512,0.0031533,0.018147,0.0015555,0.00092443,0.00055872,0.00054942,0.00044547,7.0564e-05,0.019175,0.023266,0.023789,0.02505,0.028956,0.036012,0.049534,0.088703,0.44533,0.1439,0.074488,0.041516,0.030979,0.025547,0.023516,0.020203,0.022448,0.0077993,0.0020239,0.0012006,0.00094298,0.0011987,0.0012931,0.0016527,0.0040381,0.017152,0.0033377,0.0030854,0.0027179,0.0017903,0.0014937,0.001598,0.0016975,0.001894,0.0039387,0.0045444,0.0043605,0.0050013,0.0059054,0.0067782,0.0086408,0.013064,0.051825,0.0080402,0.013621,0.0060193,0.0035687,0.0023789,0.00144,0.0010106,0.0004177,0.04299,0.0049714,0.0067246,0.0070381,0.0074738,0.0091623,0.012487,0.020835,0.09047,0.10233,0.018339,0.0077893,0.0046221,0.0035708,0.0023538,0.0011479,0.00013542,0.011622,0.0020429,0.00070505,0.001388,0.0013244,0.0013176,0.0022262,0.0026225,0.012873,0.0050212,0.0041704,0.0025466,0.0016769,0.0012899,0.0011257,0.0007984,0.00087547,0.0039864,0.0013596,0.0018657,0.0018929,0.0019181,0.0021801,0.0025808,0.0021836,0.017428,0.044827,0.0090418,0.0030128,0.0015218,0.0010212,0.0007898,0.0005578,0.00057222,0.0052567,0.0083626,0.0061447,0.0086783,0.0098657,0.013174,0.017949,0.034799,0.22935,0.23148,0.042032,0.012994,0.010736,0.0078277,0.0084316,0.0046019,0.0064584,0.00033951,0.0039097,0.0033802,0.0029355,0.0030954,0.0039401,0.0051483,0.0078019,0.014469,0.037042,0.021988,0.0067013,0.0032942,0.0028584,0.0022848,0.0024912,0.0023842,0.0035439,0.0014352,0.0014971,0.0018452,0.0023777,0.0036827,0.0056374,0.0095129,0.038241,0.02605,0.02069,0.011259,0.0082302,0.0067616,0.0058412,0.0056896,0.0053368
0.0008793,0.0018556,0.0013165,0.0019787,0.0018253,0.0049215,0.0068361,0.018661,0.071853,0.025641,0.024144,0.0087095,0.0081608,0.0077986,0.0063389,0.0061416,0.0069448,0.010481,0.001807,0.0021501,0.0014389,0.0017463,0.0016619,0.0020429,0.0043917,0.017075,0.0010244,0.013764,0.0032703,0.0024472,0.0021054,0.0015332,0.0016327,0.0015812,0.0022545,0.0024644,0.0018762,0.0020823,0.0024554,0.0029548,0.004144,0.0067578,0.025232,0.017957,0.022416,0.0044025,0.0028506,0.0023623,0.0021088,0.0016884,0.0018997,0.013838,0.025253,0.026869,0.026917,0.03186,0.039322,0.054796,0.094702,0.44206,0.15154,0.070624,0.048057,0.036385,0.029621,0.026835,0.024535,0.025763,0.015007,0.0017766,0.0016808,0.0016819,0.0015498,0.0020111,0.0027951,0.0044277,0.017437,0.0029091,0.0047614,0.002342,0.0020106,0.0016546,0.0013739,0.0017211,0.0018769,0.0010205,0.0011643,0.0015467,0.0017326,0.0021824,0.0032687,0.0051314,0.010239,0.04704,0.0078826,0.010323,0.0079727,0.0064817,0.0055675,0.0050302,0.0046584,0.0050488,0.045514,0.001207,0.0032944,0.002599,0.0034526,0.0040981,0.0064201,0.013002,0.070232,0.11522,0.017427,0.0077162,0.0057501,0.0056094,0.0037415,0.0045182,0.0036164,0.019553,0.0018964,0.00091549,0.0010221,0.00067998,0.0012236,0.0019307,0.0023054,0.011252,0.018532,0.0060994,0.0020961,0.0010987,0.00058048,0.00051549,0.00014002,0.00034907,0.005045,0.0013243,0.0015247,0.0019703,0.0019578,0.0024443,0.0030685,0.0054999,0.014569,0.029754,0.011436,0.0043306,0.0024319,0.001941,0.0017261,0.0015197,0.0013905,0.0035611,0.011959,0.011902,0.012879,0.014077,0.018063,0.022803,0.043994,0.23425,0.2349,0.040264,0.011293,0.0068964,0.0063293,0.0045933,0.0016819,0.0029507,0.010906,0.0031019,0.0027617,0.002021,0.0026598,0.0030507,0.0041825,0.0063471,0.012963,0.042085,0.017812,0.00816,0.0040404,0.0027725,0.0019092,0.0027419,0.0023804,0.0030671,0.0012182,0.0011941,0.0015693,0.0024004,0.0039182,0.0058296,0.0094435,0.039253,0.033964,0.02115,0.011024,0.0083551,0.0064861,0.005934,0.0057175,0.0055581
0.0040875,0.005059,0.0057022,0.0046043,0.0053867,0.0076887,0.009197,0.014978,0.079469,0.033729,0.021038,0.0040061,0.0045077,0.0030404,0.00059689,0.0023586,0.0017186,0.020117,0.0013552,0.0013354,0.0013118,0.0016941,0.0012906,0.0018955,0.0035933,0.017106,0.010818,0.0066308,0.00082969,0.00034518,0.0004033,0.000468,0.00021844,0.00055887,0.0049077,0.00060942,0.00075546,0.00086638,0.0010421,0.0008081,0.0021024,0.0042552,0.020135,0.034161,0.016932,0.0026497,0.0011354,0.00087381,0.00065679,0.00037646,0.0003834,0.050824,0.031645,0.033763,0.036833,0.04127,0.050942,0.067869,0.1113,0.4238,0.13089,0.096613,0.054288,0.038769,0.030774,0.026584,0.023981,0.022728,0.019299,0.0019272,0.0012869,0.0019122,0.0015328,0.0020464,0.0028436,0.0046573,0.017026,0.0021046,0.0054073,0.002905,0.0025286,0.0022576,0.0016638,0.0022241,0.0014191,0.0027199,0.0051311,0.0048851,0.0055578,0.0062302,0.006206,0.0084957,0.01371,0.048343,0.019441,0.014509,0.0068239,0.0038959,0.0025661,0.0020955,0.0013928,0.0016518,0.049248,0.0028586,0.0033448,0.0030152,0.0034929,0.0036591,0.0051343,0.0096951,0.066278,0.13968,0.0079738,0.0016064,0.001677,0.000991,0.0030112,0.0023374,0.0012512,0.027869,0.00056387,0.00076073,0.00024231,0.00061799,0.00088704,0.0011652,0.0016183,0.0093728,0.016725,0.0032071,0.00049996,0.00067745,0.00037288,0.00028726,0.00044461,0.00024988,0.0062085,8.8466e-05,0.00096423,0.00060055,0.0008163,0.0014934,0.0021507,0.003302,0.014984,0.010506,0.0027411,0.0015941,0.0014483,0.0013072,0.0012214,0.00098001,0.0010662,0.017157,0.0032132,0.005388,0.0057631,0.0076053,0.012169,0.020516,0.03888,0.21596,0.22412,0.055367,0.028917,0.022096,0.017992,0.017425,0.01718,0.016443,0.02182,0.0032148,0.0017405,0.0015068,0.0025553,0.0030408,0.0032447,0.0047221,0.011579,0.049782,0.0068499,0.0040547,0.0030201,0.0020628,0.0013244,0.0012532,0.0017357,0.0075856,0.0040209,0.0042623,0.0043802,0.004643,0.0064877,0.0068631,0.011453,0.039885,0.052522,0.012369,0.0057847,0.003341,0.0021337,0.0010798,0.00072191,0.0002613
0.0024644,0.00021382,0.001527,0.0019973,0.0037728,0.0048691,0.0080474,0.016558,0.065135,0.023374,0.030517,0.013181,0.011465,0.0099216,0.008443,0.0086705,0.006466,0.02479,0.001432,0.0013442,0.0010938,0.0011529,0.001743,0.0024533,0.0048011,0.018395,0.0074958,0.015488,0.0056634,0.0041135,0.0035537,0.0031968,0.0029606,0.0029278,0.0073415,0.0014947,0.00048367,0.0008698,0.0015133,0.0019859,0.0030154,0.0045438,0.022873,0.020204,0.02288,0.0069403,0.0047111,0.0037051,0.0033432,0.003388,0.0027981,0.021384,0.0054388,0.0079852,0.013655,0.020255,0.030125,0.047866,0.0915,0.34636,0.20256,0.11415,0.079062,0.061988,0.053657,0.048401,0.04486,0.047782,0.024891,0.00036481,0.00084237,0.00076987,0.00097232,0.0012622,0.0022529,0.0045671,0.013301,0.0092769,0.0076734,0.0042558,0.00337,0.0029227,0.0022823,0.0033237,0.0018006,0.0067655,0.0030279,0.0034794,0.0037049,0.0041015,0.0051032,0.0067079,0.0099798,0.034354,0.045851,0.0051172,0.0045603,0.0034456,0.0027118,0.0021583,0.002145,0.0020466,0.050685,0.0029264,0.0047563,0.0038156,0.005155,0.0059356,0.0087143,0.016369,0.056741,0.17134,0.017028,0.0077862,0.0053844,0.0052985,0.007299,0.0023764,0.0035534,0.033387,0.0020409,0.00064407,0.001335,0.0012387,0.0013491,0.0013798,0.0026882,0.0089538,0.016044,0.0060269,0.0014692,0.00071058,0.00070632,0.00012966,0.00035775,0.00035096,0.0064374,0.0020951,0.0026041,0.0026483,0.0030731,0.0033028,0.0041555,0.0074742,0.016391,0.0069963,0.01263,0.0036173,0.0021372,0.0011565,0.00066943,0.00045883,1.7174e-05,0.038121,0.020654,0.020876,0.022378,0.026161,0.031283,0.040976,0.063104,0.2135,0.17658,0.071024,0.03911,0.02677,0.019598,0.017269,0.016714,0.016217,0.028975,0.001379,0.00032041,0.00076018,0.00029056,0.00085755,0.0011474,0.0023595,0.0087514,0.051374,0.012459,0.0069389,0.0051848,0.004318,0.0038359,0.0033062,0.0036336,0.0033932,0.0013909,0.0017212,0.0015455,0.0020221,0.0027699,0.003881,0.0061364,0.025622,0.074711,0.01016,0.0052059,0.003906,0.0032909,0.0030736,0.0025611,0.0025387
0.0024834,0.0030736,0.0036747,0.0037556,0.0047631,0.005646,0.0084761,0.014549,0.052044,0.026157,0.032177,0.015303,0.009921,0.009544,0.0074619,0.0063318,0.0078889,0.026493,0.0014555,0.0011569,0.0014805,0.0019107,0.0019803,0.0020442,0.0033257,0.014557,0.0097947,0.0083597,0.002713,0.0015877,0.0021499,0.0013189,0.0015844,0.0018044,0.0058633,0.0010115,0.0010144,0.0013365,0.0018005,0.001838,0.0037675,0.0059674,0.017697,0.0064595,0.023879,0.0082076,0.0057256,0.0044185,0.0039467,0.0038245,0.0037804,0.010903,0.012564,0.015187,0.017387,0.022344,0.029875,0.044748,0.080786,0.27643,0.34577,0.1011,0.062974,0.04982,0.042887,0.038334,0.039037,0.036809,0.024943,0.00060955,0.0011754,0.0007629,0.00065797,0.0010295,0.0016535,0.0036454,0.0098825,0.018182,0.0026094,0.0023313,0.0018002,0.0015613,0.0007796,0.00082706,0.0012646,0.00103,0.0025119,0.0026523,0.003014,0.003138,0.0044394,0.0052046,0.010693,0.030386,0.050087,0.0039052,0.0026672,0.0020675,0.0017833,0.0012855,0.0013168,0.0012131,0.057349,0.0027409,0.0031894,0.0041335,0.0041155,0.0047206,0.0068043,0.0090445,0.052352,0.15034,0.014951,0.0064107,0.0040605,0.0032985,0.0025213,0.00099372,0.0026303,0.031229,0.0017925,0.00071875,0.00095197,0.00090756,0.0014181,0.0023765,0.0023343,0.0076121,0.01258,0.0053928,0.00126,0.001133,0.00091636,0.00068687,0.0003735,0.0003071,0.0088426,0.00046742,0.00083906,0.00089132,0.00098833,0.00083917,0.0016893,0.0014748,0.011223,0.028112,0.006763,0.0011538,0.00066503,0.00041308,0.00043043,0.00056152,0.00033188,0.011883,0.027573,0.029201,0.030312,0.033901,0.03948,0.05042,0.072808,0.18415,0.052759,0.082433,0.037503,0.024196,0.015588,0.010529,0.0089131,0.0078698,0.03238,0.0028238,0.0023528,0.0022501,0.0026567,0.0026662,0.0034119,0.0043705,0.0039688,0.053379,0.0046644,0.0040976,0.0025039,0.0021306,0.0016301,0.00076692,0.00091173,0.0073072,0.0022277,0.0019069,0.0021308,0.0024658,0.0031508,0.0037809,0.0082195,0.022079,0.076245,0.011795,0.0051068,0.0034428,0.0028111,0.0022055,0.0021785,0.0020886
0.0018578,0.0024055,0.0025192,0.0017561,0.0025464,0.0037499,0.0058224,0.010809,0.048884,0.069727,0.015431,0.0022064,0.0013228,0.0034983,0.0028313,0.0015204,0.0026818,0.016611,0.002,0.001308,0.00085513,0.00062056,0.00064902,0.00067985,0.0028682,0.013144,0.025396,0.0071314,0.0018884,0.001022,0.00098504,0.00076853,0.0008403,0.00080682,0.0030575,0.00034494,0.00039619,0.00071651,0.00068188,0.00059896,0.00091713,0.0029124,0.016265,0.030449,0.013896,0.0023371,0.00082587,0.00011835,0.00051951,0.00031199,0.00029947,0.01779,0.040555,0.04255,0.0036203,0.048659,0.067327,0.017232,0.11144,0.42961,0.071164,0.10862,0.088672,0.033355,0.029972,0.041697,0.029663,0.020853,0.018868,0.0011311,0.0021586,0.0011036,0.0015022,0.0021053,0.00066065,0.0029472,0.017127,0.0044131,0.0049323,0.0016925,0.0011169,0.0012809,0.00023701,0.0021309,0.0018654,0.0010719,0.0010186,0.0012657,0.00016308,0.0028295,0.004367,0.0022986,0.0095343,0.042288,0.010643,0.0093266,0.012677,0.0066443,0.002407,0.0068422,0.0060135,0.0015755,0.045018,0.0041782,0.0039037,0.0043737,0.0048105,0.0058404,0.0071699,0.011197,0.045646,0.076979,0.0046878,0.0049587,0.0035302,0.0028126,0.0034839,0.0030543,0.0030251,0.025404,0.0010949,0.0007938,0.00066895,0.00072839,0.0012365,0.0015536,0.0022833,0.0094579,0.012776,0.0017892,0.00074901,0.00098959,0.0004894,0.00058874,0.00060065,0.00059321,0.0045319,0.00081404,0.00077423,0.0010989,0.00089787,0.001431,0.0014708,0.0027613,0.013031,0.053634,0.0042118,0.0013761,0.00094803,0.00056898,0.00034945,0.00038065,0.00020601,0.02097,0.0069135,0.0086712,0.010881,0.01365,0.017983,0.02538,0.04684,0.13612,0.24399,0.046613,0.028642,0.020491,0.015046,0.011212,0.011026,0.011673,0.020439,0.00092927,0.00053068,0.00011076,0.00093247,0.0011084,0.0018251,0.0035189,0.006587,0.045523,0.013991,0.0080001,0.0058412,0.0043508,0.0050959,0.0036164,0.0043565,0.0047646,0.0017108,0.0018041,0.0025589,0.0035387,0.0046126,0.0072352,0.0092284,0.032402,0.029279,0.019464,0.011534,0.0083791,0.006798,0.0059475,0.0056668,0.0054437
0.0049802,0.0027154,0.0026701,0.0020167,0.002817,0.0037065,0.004486,0.0063427,0.026112,0.028997,0.010509,0.0020051,0.0017853,0.002456,0.00082657,0.0011162,0.0006199,0.0041753,0.0029935,0.0027269,0.0026042,0.0016691,0.0026795,0.0027683,0.0041239,0.0092365,0.003442,0.0082511,0.0025495,0.0012375,0.0011617,0.0008751,0.00050592,0.00064661,0.0014095,0.0008934,0.00058915,0.00036473,0.00068124,0.00062044,0.0013416,0.0012926,0.0051818,0.020359,0.016092,0.0048312,0.0029278,0.0020568,0.0019356,0.0018266,0.0016461,0.036101,0.041897,0.041848,0.045001,0.05053,0.058789,0.074742,0.1057,0.26055,0.25919,0.11523,0.054412,0.034099,0.022833,0.015504,0.013352,0.009905,0.01099,0.0025119,0.0024942,0.0025316,0.0016931,0.0026647,0.0033142,0.0040966,0.01277,0.01399,0.0070264,0.0028202,0.0016629,0.0012647,0.00092267,0.0010225,0.00029374,0.0040055,0.0038856,0.0041358,0.0044969,0.0053033,0.0059259,0.0074113,0.014134,0.028124,0.030723,0.016692,0.0087168,0.0057714,0.0047165,0.0038065,0.0036516,0.0034294,0.03904,0.010049,0.0074852,0.0028103,0.011458,0.010521,0.0071244,0.031333,0.033325,0.075971,0.064227,0.021794,0.0089193,0.018054,0.0096245,0.0074844,0.014767,0.013396,0.0019366,0.0024315,0.00065697,0.0027845,0.0022457,0.0018722,0.0063739,0.0076754,0.012341,0.018865,0.0055795,0.0029645,0.0051441,0.0025747,0.0024032,0.0043431,0.0072633,0.0040625,0.0037082,0.0045627,0.0059399,0.0049836,0.0070161,0.012071,0.01962,0.027725,0.022657,0.012341,0.0031825,0.0035518,0.005486,0.0039842,0.00030518,0.0080186,0.0023993,0.0037564,0.0042944,0.005085,0.0074757,0.011579,0.025664,0.087361,0.28873,0.028397,0.01732,0.014045,0.010745,0.01125,0.0081964,0.0078775,0.0085432,0.0037501,0.0029452,0.0029848,0.0033858,0.0036657,0.0048412,0.0074852,0.012651,0.038714,0.020112,0.0059526,0.0040429,0.0038234,0.0039222,0.002469,0.0019818,0.0017472,0.0043404,0.0051111,0.0051958,0.0054637,0.0065889,0.0081985,0.014256,0.027541,0.048612,0.019325,0.0088299,0.0050449,0.0034925,0.0029192,0.0022176,0.0020981
0.003706,0.0010432,0.0010335,0.0015989,0.0015302,0.00050601,0.0019149,0.0024359,0.0083243,0.045325,0.018462,0.0036167,0.0018175,0.0026986,0.0018023,0.0003945,0.0014248,0.0090772,0.0024786,0.00039412,0.001692,0.0014661,0.0018262,0.0031128,0.0033114,0.0056759,0.019386,0.010515,0.0028564,0.0016986,0.0013982,0.00084423,0.00077045,0.00061226,0.0037995,0.0013042,0.00093943,0.00096282,0.0010813,0.001122,0.0011767,0.001846,0.0023551,0.021364,0.017385,0.0042586,0.0024745,0.0018502,0.0016147,0.0013881,0.0014267,0.020207,0.026363,0.027734,0.029018,0.032279,0.038694,0.049948,0.076734,0.19031,0.41625,0.079093,0.042943,0.029547,0.023091,0.019265,0.016429,0.016114,0.0045472,0.00082854,0.0011853,0.0008912,0.0012632,0.0013721,0.0018079,0.0033469,0.007668,0.018334,0.0058603,0.0031143,0.002224,0.0017616,0.0014964,0.001506,0.00091173,0.00052645,0.0007983,0.00080513,0.00082836,0.0010458,0.0014964,0.0027878,0.0055607,0.013951,0.054651,0.0091166,0.0045404,0.0032214,0.0028691,0.0024943,0.0024788,0.0023766,0.027476,0.0016817,0.0019909,0.0024156,0.0022582,0.002329,0.0031476,0.0057708,0.012207,0.063848,0.013409,0.0032752,0.0020493,0.0012785,0.0010607,0.00068133,0.00094034,0.0083829,0.00090903,0.00060412,0.00056978,0.00065269,0.00060778,0.00079543,0.0016074,0.0033072,0.018057,0.011454,0.0034601,0.0022026,0.0017756,0.0014118,0.0013569,0.0012036,0.0011253,0.00096627,0.00067911,0.0010502,0.0010034,0.0013575,0.0016268,0.0033092,0.0044647,0.060131,0.008999,0.0041903,0.0029217,0.0023062,0.0020726,0.0019705,0.0018654,0.01816,0.0028874,0.0043357,0.0058212,0.0084211,0.012855,0.018611,0.029125,0.070353,0.072834,0.077151,0.043429,0.031253,0.026569,0.023133,0.022193,0.021361,0.0062867,0.00091255,0.0014236,0.0017637,0.0016496,0.0018787,0.0026237,0.0036744,0.00666,0.042925,0.010949,0.005562,0.0037698,0.0027218,0.0030058,0.0025043,0.0024949,0.0010052,8.0393e-05,0.00072993,0.00061224,0.0006923,0.0010498,0.0011022,0.0031742,0.0054079,0.065248,0.004981,0.0022325,0.0014105,0.00091116,0.00066702,0.00062631,0.00065424
0.00094416,0.00049977,0.0010651,0.0011978,0.00045182,0.00049734,0.0013111,0.001482,0.0089993,0.022329,0.014795,0.0022888,0.00086445,0.003293,0.00033149,0.00083786,0.00020409,0.0083105,0.00038171,0.00028483,0.0020197,0.00076746,0.00068561,0.00096679,0.0014912,0.0040775,0.0032898,0.0072952,0.0019353,0.0014967,0.0015093,0.0010012,0.00089901,0.0010395,0.0053578,0.0015634,0.0018157,0.0013307,0.00182,0.0019255,0.0021252,0.0034767,0.0051938,0.017692,0.017991,0.0044544,0.0022121,0.0012589,0.00095334,0.00059612,0.00053978,0.0066529,0.01315,0.013069,0.016315,0.018827,0.022991,0.031601,0.052319,0.11141,0.34693,0.10076,0.05475,0.039433,0.032796,0.029059,0.027854,0.026455,0.0023365,0.00092551,0.0012746,0.00058752,0.00091548,0.0013576,0.0014684,0.0030652,0.0077984,0.020722,0.0051036,0.0028355,0.0019756,0.0020312,0.0017353,0.0013403,0.0017529,0.004036,0.0036232,0.0038281,0.0038989,0.0045405,0.0049423,0.0063404,0.0083129,0.015157,0.010961,0.016142,0.0062565,0.0033847,0.0024055,0.0016402,0.0011,0.0010605,0.030758,0.0013299,0.0010535,0.0011322,0.0016993,0.0021613,0.0018735,0.0022017,0.0068799,0.094033,0.011173,0.0035233,0.0023238,0.0025533,0.0025058,0.001454,0.001976,0.0059644,0.0011743,0.00098093,0.001536,0.00063254,0.0010592,0.0014737,0.0019687,0.0040731,0.0014439,0.0061589,0.0014909,0.00079277,0.00047356,0.00027266,0.00018434,0.00031471,0.0021782,0.00012661,0.00026515,0.00058206,0.00051401,0.0010703,0.0019067,0.0022414,0.0053292,0.040524,0.0063391,0.004073,0.0031692,0.0027794,0.0024034,0.0022722,0.0021439,0.018122,0.0058092,0.0070126,0.0069274,0.0067456,0.0080293,0.01002,0.01404,0.02563,0.23116,0.040633,0.016449,0.010811,0.0072877,0.0055675,0.0051845,0.0052396,0.0084917,0.0028521,0.002524,0.0034783,0.0031041,0.0030779,0.0046128,0.0058456,0.0092683,0.040541,0.014376,0.0052636,0.0029326,0.0019279,0.0027824,0.0016144,0.0013085,0.0066835,0.0040347,0.0039431,0.0042011,0.0048528,0.0057479,0.0069443,0.0091086,0.014934,0.024839,0.018829,0.0074877,0.0042786,0.0026494,0.0017476,0.0012742,0.0010643
0.0015907,0.00093364,0.0016005,0.0016826,0.0017066,0.0030281,0.002262,0.0027387,0.0067623,0.029066,0.018374,0.0036038,0.0017536,0.003112,0.0023483,0.0014579,0.0011826,0.015583,0.0014731,0.0016955,0.0016904,0.0013125,0.00033645,0.0011875,0.0014782,0.0017786,0.018498,0.011635,0.0030227,0.002024,0.0016868,0.0016493,0.0013362,0.0011444,0.0049096,0.0013371,0.0020129,0.0022444,0.0018781,0.002815,0.0029087,0.004315,0.0076813,0.018656,0.019613,0.0042915,0.002248,0.0013345,0.00067491,0.00053283,9.1549e-05,0.022686,0.013887,0.014739,0.014005,0.016543,0.018802,0.02375,0.03565,0.063562,0.39919,0.04148,0.020733,0.012813,0.0084292,0.0067842,0.006217,0.0056649,0.0011635,0.00065309,0.001179,0.00075379,0.00030462,0.00038232,0.00072294,0.00093443,0.0018015,0.0233,0.00050992,0.0014171,0.0011795,0.00084564,0.0014499,0.00043778,0.0004654,0.0027924,0.00038859,0.00018249,0.00039761,0.00066171,0.00035523,0.00065602,0.0012478,0.00045324,0.045426,0.0026172,0.0016867,0.0010658,0.00085186,0.00066416,0.00063948,0.00056456,0.02546,0.0019823,0.0018483,0.0017733,0.0022484,0.0023638,0.0028138,0.0052385,0.012981,0.078368,0.014521,0.0068263,0.0046465,0.004684,0.0035009,0.0040453,0.0034867,0.0033074,0.00071711,0.00093022,0.0015683,0.0023365,0.0022338,0.0020811,0.0030631,0.0050107,0.016527,0.0098341,0.0025731,0.0017844,0.0012012,0.00042103,0.00032552,0.00017931,0.0023747,0.0027535,0.0026194,0.0024217,0.002837,0.0033727,0.0032615,0.0053366,0.0075441,0.048564,0.014107,0.0050585,0.0027305,0.0014569,0.00082201,0.00056868,0.0002346,0.0011292,0.011223,0.0095377,0.010083,0.011667,0.012759,0.017061,0.022485,0.045892,0.082245,0.085907,0.038514,0.022659,0.019221,0.016491,0.014338,0.013195,0.0099565,0.002334,0.0034372,0.0031159,0.0031711,0.0044078,0.0051111,0.0063659,0.010351,0.037406,0.020079,0.0080482,0.0048298,0.0034066,0.0025258,0.0023888,0.0025978,0.0002365,0.0007722,0.0012556,0.0014988,0.0010421,0.0023326,0.0032979,0.0042772,0.0057198,0.051521,0.021687,0.0091871,0.0062028,0.0047612,0.0041307,0.0039263,0.0038644
0.0014897,0.0038354,0.00018263,0.0018275,0.0016569,0.0011543,0.0038871,0.0039088,0.0095262,0.013934,0.022723,0.0078502,0.0044338,0.0058444,0.0044788,0.0037944,0.0041676,0.038773,0.0024774,0.00091283,0.0005567,0.00068495,0.00079701,0.00058002,0.00041671,0.0021558,0.0082705,0.01022,0.0032313,0.0022437,0.0018131,0.001542,0.0013185,0.0013122,0.015852,0.00089466,5.7724e-05,0.00030636,0.00062808,0.00079977,0.00086745,0.0010021,0.0041034,0.013698,0.014571,0.0042811,0.0027137,0.0023239,0.0017449,0.0016502,0.0016766,0.048167,0.016841,0.017397,0.02009,0.020652,0.023853,0.030249,0.043276,0.09208,0.33674,0.063804,0.027818,0.016737,0.009423,0.0059414,0.0026666,1.8962e-06,0.014693,0.002673,0.00094193,0.0018732,0.0013718,0.0010521,0.0015424,0.0022105,0.0052247,0.023546,0.002649,0.0010164,0.00061855,0.00010419,0.00022727,0.0006173,0.00053979,0.0039864,0.0032878,0.0024672,0.0025272,0.0031481,0.0036957,0.0042395,0.0057389,0.01043,0.011245,0.014114,0.0063187,0.0039578,0.0026078,0.0023694,0.0021694,0.0020829,0.011561,0.005608,0.005816,0.0051151,0.0059447,0.0062873,0.0079281,0.012031,0.014121,0.13443,0.025701,0.0090779,0.005045,0.0035976,0.0024104,0.00080242,0.0013523,0.015492,0.0014605,0.00064274,0.00013976,0.00021136,0.00034454,0.00067245,0.00086324,0.0018758,0.015913,0.0074247,0.0023581,0.0014792,0.0013216,0.00093539,0.0011539,0.0010262,0.0053368,0.00099987,0.00083677,0.00089622,0.0011855,0.00078824,0.0012988,0.0027521,0.004242,0.012627,0.010858,0.004185,0.0027182,0.0021135,0.0020939,0.001887,0.0017052,0.0097849,0.0013428,0.0010576,0.0021386,0.0032266,0.0049351,0.0078129,0.01115,0.014929,0.16507,0.075515,0.031774,0.021292,0.016951,0.014835,0.01366,0.013264,0.037575,0.002499,0.00048479,0.0013107,0.0012638,0.0021974,0.0031895,0.0051503,0.0098419,0.041752,0.029265,0.011828,0.0078213,0.0060308,0.0055504,0.0054694,0.0051423,0.0035286,0.00082498,0.0018711,0.0022336,0.0024879,0.0029492,0.0041306,0.006686,0.012326,0.026671,0.025662,0.011899,0.0076675,0.006239,0.0055996,0.0051393,0.004902
0.00027466,0.0009983,0.00092977,0.00090775,0.00092823,0.0011244,0.0018369,0.0019903,0.0060652,0.016505,0.02617,0.0088035,0.0057998,0.0067494,0.003847,0.0036655,0.0029679,0.029555,0.00021898,0.00078327,0.0011455,0.00030117,0.00073897,0.00092057,0.0007129,0.0017387,0.0048962,0.01011,0.003093,0.0025048,0.0013481,0.0013031,0.0012835,0.0012493,0.011955,0.0018314,0.0018189,0.0015911,0.0020568,0.0024146,0.0030757,0.0049522,0.00722,0.024704,0.025449,0.0082164,0.0053432,0.0044737,0.0034758,0.003246,0.0030747,0.021798,0.0013619,0.0018823,0.0023239,0.003668,0.0040117,0.0059472,0.0095171,0.02415,0.42177,0.02555,0.012782,0.01048,0.0080329,0.007141,0.0064067,0.0060349,0.010496,0.0014194,0.0006836,0.00082145,0.00076358,0.00065734,0.0007119,0.00055697,0.0015754,0.024143,0.0038569,0.00068911,0.00072464,0.00052845,0.00059339,0.00040603,0.00048257,0.004324,0.0013607,0.0013154,0.0013211,0.0014002,0.0016278,0.0021185,0.0020947,0.0039602,0.049224,0.011036,0.0036174,0.0021604,0.0018644,0.0012841,0.0011842,0.0012036,0.018278,0.0034475,0.0038178,0.003979,0.0040991,0.0050231,0.0067784,0.0087293,0.016741,0.12663,0.014206,0.008387,0.0054641,0.0053225,0.0034891,0.0027205,0.0034733,0.0099832,0.00086941,0.00064546,0.00064196,0.00035648,0.00077372,0.00049331,0.0013782,0.0015666,0.014308,0.0045287,0.0013462,0.0010213,0.00078116,0.00038608,0.0006811,0.00035858,0.002079,0.00054093,0.00026435,0.00022524,0.00020937,0.00036597,0.00049817,0.00086668,0.00099091,0.014204,0.0056394,0.0017913,0.0011883,0.00097085,0.00088837,0.00077483,0.00063706,0.016758,0.0043087,0.0012221,0.004905,0.009092,0.010129,0.0045484,0.010441,0.040595,0.10593,0.043668,0.020973,0.02035,0.015049,0.0082501,0.0097755,0.012379,0.028611,0.0011565,0.0012095,0.0020142,0.0017199,0.0013159,0.0035223,0.0047665,0.0076226,0.044145,0.020759,0.0092258,0.005558,0.0044137,0.0054208,0.0042247,0.0035172,0.0027733,0.0019594,0.0012057,0.0037215,0.0045311,0.0029263,0.0041677,0.010937,0.017538,0.05847,0.025252,0.01428,0.00866,0.0059392,0.0062057,0.00579,0.0051957
0.00027847,0.00070972,0.0013654,0.00033398,0.00067024,0.00082625,0.0008726,0.0017259,0.0013447,0.018735,0.012742,0.0020449,0.0013267,0.0025267,0.00088828,0.00044226,0.0002861,0.023209,0.0022357,0.0016624,0.00083959,0.0010289,0.0012999,0.001184,0.0010042,0.0020429,0.003455,0.0079847,0.0021723,0.0012413,0.00097471,0.00078271,0.00075175,0.00069429,0.0075837,0.00062173,0.00047083,0.00085509,0.00088903,0.00075686,0.00075265,0.0012465,0.00068115,0.02095,0.014641,0.003323,0.0016529,0.0012944,0.0010068,0.00092176,0.00076677,0.011975,0.0025304,0.0041213,0.0046592,0.0061993,0.0077461,0.012569,0.019645,0.035198,0.25978,0.056047,0.030785,0.02281,0.01918,0.017334,0.01569,0.015301,0.0074922,0.00094013,0.00081842,0.0010398,0.00056062,0.0005726,0.0010269,0.0020041,0.0046695,0.022084,0.0060519,0.0026909,0.0019049,0.0016801,0.0015383,0.0014619,0.0012093,0.0029183,0.00023018,0.00018545,0.0003296,0.0003978,0.00076446,0.00075636,0.0017666,0.0028376,0.038389,0.005152,0.0027878,0.0020584,0.0017578,0.001626,0.0014633,0.0013771,0.023037,0.0017382,0.00087007,0.0017559,0.0021921,0.003985,0.0043835,0.0069601,0.016318,0.14042,0.030012,0.013954,0.0097154,0.0083385,0.0054788,0.005881,0.0063516,0.005066,0.0010892,0.0007702,0.00066892,0.0010713,0.0014591,0.0010716,0.0017088,0.0028652,0.015855,0.0080088,0.0030461,0.0017195,0.0015378,0.0013386,0.0012633,0.001194,0.0017987,0.00055483,0.00057965,0.000684,0.00076388,0.0012984,0.0014713,0.002169,0.0040757,0.0030792,0.011079,0.0044647,0.0030339,0.0024715,0.0023546,0.002039,0.0019512,0.017906,0.009145,0.0086819,0.009382,0.010858,0.011916,0.014417,0.020485,0.035018,0.17717,0.061455,0.025513,0.01658,0.012514,0.010858,0.01019,0.010304,0.022875,0.0034132,0.0032602,0.0037636,0.003813,0.0041684,0.0048081,0.0067391,0.011252,0.04747,0.020874,0.0084068,0.0048331,0.0037162,0.0029087,0.0027162,0.0022679,0.0043488,0.0035277,0.0037172,0.0038755,0.0040217,0.0044468,0.0054911,0.007707,0.012604,0.059125,0.019295,0.0071152,0.0039161,0.0021424,0.0013166,0.0006551,0.00011825
0.003069,0.0014869,0.0022558,0.0019958,0.0017165,0.0026361,0.0025072,0.0023709,0.0032101,0.055946,0.020852,0.0057344,0.0034787,0.001765,0.00044844,0.00052615,0.00080301,0.015229,0.0014008,0.00097172,0.0010459,0.0019479,0.0014184,0.0015616,0.0017462,0.0026242,0.022345,0.0091838,0.0028305,0.0017146,0.00098014,0.00071509,0.00062435,0.00061799,0.0082208,0.0012842,0.001363,0.0012999,0.0015515,0.001767,0.0020948,0.0027036,0.0052093,0.032764,0.017489,0.0048776,0.0027635,0.0021923,0.0017596,0.0014693,0.0014649,0.010029,0.030553,0.029328,0.020427,0.040034,0.042396,0.022797,0.093564,0.1706,0.2367,0.16121,0.072451,0.014346,0.038849,0.032105,0.020825,0.028283,0.0044309,0.001812,0.0028148,0.00037569,0.0027209,0.0036887,0.00070293,0.0061141,0.012896,0.012769,0.0085211,0.0048361,0.00045028,0.0023929,0.0018616,0.00097362,0.0015812,0.0028286,0.00025244,0.00053292,0.00068558,0.00098158,0.0013907,0.0020619,0.003159,0.010777,0.012356,0.0083868,0.0057312,0.0047528,0.0030691,0.0034387,0.003181,0.0024395,0.02104,0.012173,0.013031,0.0062035,0.015731,0.017747,0.0078437,0.031413,0.059427,0.070929,0.065144,0.030101,0.0033416,0.015593,0.0099965,0.0058509,0.0093786,0.00076487,0.0014269,0.0014408,0.00030261,0.0014147,0.0016625,0.0010141,0.0024283,0.0055635,0.0049122,0.0055243,0.0027371,0.00055843,0.00095933,0.000786,0.00042277,0.00068473,0.0014935,0.0013467,0.00099967,0.00257,0.0031209,0.0013376,0.0027047,0.0074267,0.0099944,0.019314,0.019657,0.0097275,0.0027238,0.0026282,0.0046743,0.0033973,0.00059701,0.0032597,0.011113,0.012023,0.012834,0.014377,0.01597,0.018592,0.026053,0.045824,0.14821,0.064702,0.025274,0.014195,0.010408,0.0059946,0.0054408,0.004881,0.010122,0.0036166,0.0034387,0.0035762,0.0037996,0.004645,0.0054247,0.0068042,0.011943,0.048518,0.021054,0.0075876,0.0046042,0.0025188,0.0033838,0.0026396,0.0023289,0.00075914,0.00061635,0.00091137,0.0012577,0.0017253,0.0026821,0.0037512,0.0052024,0.012203,0.038066,0.024036,0.01137,0.0078123,0.0066112,0.0056867,0.0052472,0.0051423
0.0025425,0.0016084,0.00096224,0.0020325,0.0032736,0.0037295,0.0035669,0.0051866,0.0069163,0.017818,0.022066,0.00542,0.0032493,0.0033873,0.0014424,0.00080455,0.00032235,0.011139,0.00083649,0.00024442,0.00031091,0.0011425,0.00036436,0.00073278,0.0010796,0.0016284,0.0017268,0.0071773,0.001408,0.0011975,0.00096771,0.00079018,0.0006028,0.00049211,0.0024796,0.0018363,0.0022421,0.0026055,0.0023372,0.0026813,0.0033043,0.004032,0.0075462,0.013169,0.02236,0.0065736,0.0039335,0.0025821,0.0020054,0.0018906,0.0018235,0.012997,0.00654,0.0057992,0.007641,0.0073197,0.0084275,0.010514,0.013157,0.022392,0.34103,0.046133,0.015276,0.0092371,0.0054225,0.0051391,0.0042937,0.003357,0.0010529,0.00051775,0.00049605,0.00061693,0.00019178,0.00023918,0.00037043,0.00090472,0.0015097,0.026485,0.0046782,0.0015487,0.0012714,0.0013922,0.0010706,0.00031533,0.0009804,0.00087167,0.001742,0.0020649,0.0021442,0.0023185,0.0027878,0.0030514,0.0048607,0.0072494,0.042174,0.012871,0.004096,0.0021644,0.0016497,0.00092832,0.00075234,0.00057794,0.030137,0.00040026,0.0010981,0.00098679,0.0020864,0.0024522,0.0042465,0.0062567,0.014756,0.10928,0.02015,0.007955,0.0058398,0.0042867,0.0068228,0.0046573,0.0046159,0.0047379,0.00090618,0.00023338,0.00061329,0.00015971,0.00055778,0.0008807,0.0011069,0.0029364,0.0079726,0.0047989,0.0016373,0.0014799,0.00069623,0.00087694,0.00078319,0.00072098,0.0028572,0.0011603,0.0011306,0.0013339,0.0014999,0.0014494,0.0020681,0.0030099,0.0052197,0.030424,0.0039836,0.0020193,0.0014149,0.0008986,0.00088386,0.00069126,0.00065232,0.013455,0.0015965,0.0014367,0.002935,0.0036287,0.0064677,0.0090255,0.01617,0.02649,0.12823,0.078,0.032889,0.023318,0.018785,0.016528,0.01535,0.014771,0.0084554,0.00125,0.0013931,0.0010394,0.0015244,0.00201,0.002757,0.0047497,0.0092293,0.036673,0.021965,0.00968,0.0066587,0.004724,0.0050597,0.0044921,0.0042592,0.00092507,0.0032276,0.0031758,0.0036131,0.0037241,0.0039977,0.0055503,0.0079286,0.013246,0.056776,0.026612,0.010228,0.0065697,0.0051263,0.0043398,0.0038905,0.0038472
0.0039101,0.00073617,0.0017948,0.0006161,0.00044785,0.0020664,0.0027044,0.0023961,0.0041651,0.012876,0.016756,0.0029994,0.0023943,0.0041013,0.0016021,0.0015326,0.0020523,0.011078,0.0017278,0.0020248,0.001992,0.00085345,0.00044338,0.0014964,0.0019278,0.0021533,0.0065919,0.01157,0.0037049,0.0027567,0.001626,0.0019195,0.0014475,0.0015984,0.0051194,0.00059984,0.0007347,0.0012046,0.0018201,0.0023744,0.0018337,0.0002574,0.0030768,0.020048,0.019414,0.0059856,0.0038609,0.0032789,0.0024667,0.0025366,0.0025025,0.00023271,0.0084047,0.010257,0.0085823,0.0084822,0.010796,0.013698,0.018053,0.02714,0.28623,0.042372,0.018192,0.011003,0.0074696,0.0072315,0.0057666,0.0052796,0.0028916,0.00086058,0.00087802,0.0010298,0.0015033,0.0012803,0.00085668,0.00060478,0.0034529,0.022761,0.0046371,0.0020218,0.0013485,0.00067238,0.00050374,0.0009117,0.00066377,0.0022183,0.0016552,0.0016637,0.0013823,0.0010625,0.0024178,0.0040208,0.005526,0.0068294,0.015499,0.0090876,0.0034657,0.0022453,0.0015799,0.0012805,0.0011772,0.0010815,0.027829,0.00056049,0.00075459,0.0014321,0.0012719,0.001432,0.0017325,0.0039034,0.009713,0.085635,0.0096133,0.0012322,0.0014196,0.001739,0.0014892,0.00023398,0.00033187,0.0069543,0.00049262,0.00035908,0.00040548,0.00055788,0.00087021,0.00148,0.0015968,0.0029971,0.011993,0.010533,0.0036512,0.0024222,0.0020969,0.001713,0.0016792,0.0015831,0.0015164,0.00088531,0.00075557,0.00052785,0.0017668,0.003751,0.0046981,0.0044928,0.0055728,0.046607,0.017877,0.0078467,0.0056229,0.0045256,0.0039109,0.0036653,0.0037251,0.022045,0.007635,0.007899,0.008784,0.010722,0.011096,0.012544,0.019914,0.037458,0.19501,0.06759,0.025341,0.015769,0.010553,0.0091437,0.00814,0.0081941,0.010344,0.0029507,0.0021842,0.0020533,0.0023537,0.0033062,0.0047129,0.0065989,0.0096701,0.036389,0.023289,0.0098083,0.0060214,0.0049879,0.0032913,0.0034884,0.0034657,0.0061933,0.0039848,0.0042508,0.003772,0.0039646,0.0060274,0.0084048,0.010129,0.013137,0.031895,0.023117,0.0082154,0.0044923,0.002595,0.0013836,0.00053138,0.0001545
0.00035667,0.0026692,0.0015313,0.00055977,0.0033329,0.0038379,0.0036542,0.0066098,0.004646,0.032951,0.025184,0.0066653,0.00068412,0.0029,0.00073159,0.00042417,0.00057793,0.0063439,0.00214,0.0019472,0.0019853,0.00032256,0.0017664,0.0010229,0.0028053,0.0019636,0.015083,0.014605,0.0043674,0.0017342,0.0017665,0.0010572,0.0010528,0.0011521,0.0052014,0.00089762,0.0012582,0.00015717,0.0017419,0.00077738,0.0027234,0.00099617,0.0014476,0.0085561,0.019305,0.0040986,0.00096575,0.0010844,0.00027967,0.00047931,1.7177e-05,0.021719,0.012525,0.013017,0.015783,0.013818,0.016512,0.022456,0.036372,0.031356,0.3335,0.053695,0.032319,0.017777,0.014573,0.01126,0.010197,0.0090429,0.0063954,0.0024143,0.0016788,0.0022082,0.003052,0.0013559,0.0025536,0.003147,0.0022105,0.020809,0.0017608,0.00077528,0.0013365,0.0005775,0.0015183,0.00040354,0.0010243,0.000597,0.00084,0.0015066,0.00052239,0.0012895,0.00094433,0.0028816,0.0021243,0.0046437,0.022706,0.010594,0.0048929,0.0021857,0.0014969,0.0013225,0.0011083,0.0010777,0.034203,0.0067367,0.0071877,0.0065669,0.0085102,0.0094639,0.010771,0.018733,0.017188,0.062527,0.030703,0.015399,0.0065549,0.0039794,0.0045973,0.0024349,0.0017319,0.0058537,0.00097978,0.0019221,0.00049365,0.001937,0.0013509,0.0011883,0.0026866,0.0034045,0.010338,0.013645,0.0053204,0.0025962,0.0021746,0.002273,0.0019623,0.0019436,0.00047684,0.0020532,0.0012982,0.0027616,0.0027647,0.0025634,0.0053736,0.0049835,0.007056,0.04454,0.021474,0.0094349,0.0063752,0.0048566,0.0037095,0.0037411,0.0033684,0.007433,0.0084852,0.0073143,0.0087139,0.010668,0.011247,0.011512,0.0084601,0.02568,0.089431,0.1004,0.031569,0.016728,0.0067845,0.0055678,0.0035183,0.0019589,0.0075666,0.0032086,0.004073,0.0035093,0.0044509,0.0038708,0.0042762,0.0078345,0.011276,0.028539,0.031657,0.0098049,0.0057398,0.0055252,0.003858,0.0032597,0.002554,0.0016499,0.0024519,0.0041411,0.0028884,0.0036537,0.0037168,0.0050704,0.003919,0.0092484,0.0311,0.027698,0.010609,0.0044575,0.0027465,0.0013863,0.00067194,7.439e-05
0.0059243,0.0011372,0.0025826,0.00013041,0.00044371,0.0012313,0.0016345,0.0012369,0.0082118,0.0067752,0.0061219,0.016418,0.0023835,0.0029629,0.0020081,0.0019198,0.0023003,0.0047379,0.00091548,0.00041144,0.00061894,0.0015789,0.00098433,0.00070176,0.00036006,0.0014711,0.0024075,0.0017796,0.0047018,0.0014774,0.00031257,0.00028205,0.00031404,7.6294e-06,0.0019264,0.00039871,0.00020197,0.00013299,0.00061192,0.00039863,0.00020076,0.000748,0.00061692,0.00057805,0.00038645,0.021849,0.0035763,0.0012245,0.00051533,0.00035141,0.00033187,0.014008,0.0063467,0.0073349,0.0083968,0.009131,0.010674,0.012623,0.017177,0.023353,0.026431,0.11438,0.046599,0.020501,0.013808,0.010471,0.0091498,0.010101,0.010214,0.0011684,0.0013319,0.0030739,0.00087187,0.0013222,0.0016803,0.0020873,0.0027772,0.0052178,0.019235,0.014657,0.005628,0.003384,0.0031084,0.0027079,0.0021343,0.00035859,0.0010719,0.0011986,0.00082916,0.0013242,0.0015833,0.0016396,0.00074406,0.0028867,0.0059868,0.018249,0.018243,0.0049431,0.0030809,0.00246,0.0020947,0.0019379,0.023308,0.0040099,0.0043073,0.0051723,0.0052053,0.0060107,0.0074011,0.0098005,0.016549,0.022891,0.048638,0.037344,0.010965,0.0064528,0.0035867,0.0028064,0.0017815,0.0083486,0.00081683,0.00021888,0.00086001,0.00092286,0.0010505,0.00056968,0.00091307,0.0016276,0.0054129,0.012246,0.0066983,0.0030828,0.0022215,0.0019925,0.0015845,0.0015125,0.0060082,0.0020062,0.0020845,0.0018024,0.002056,0.0027211,0.0029944,0.0032777,0.004849,0.0078241,0.016113,0.014887,0.0054631,0.0026104,0.0017275,0.0013487,0.001297,0.018532,0.010257,0.011372,0.0017509,0.013821,0.01109,0.0053973,0.021605,0.029507,0.026877,0.089937,0.022504,0.033611,0.024474,0.0073386,0.010017,0.012341,0.0090295,0.004506,0.0042095,0.0028147,0.0055843,0.0035778,0.0025573,0.0084711,0.0066997,0.0081855,0.04026,0.0065433,0.013898,0.0086204,0.0028306,0.0038067,0.004036,0.0037079,0.0044564,0.003956,0.00067463,0.005362,0.0041202,0.0020365,0.0067739,0.0065647,0.0055738,0.039187,0.0085676,0.011857,0.0075382,0.00098809,0.0028452,0.001957
0.0008507,0.0017589,0.0015301,0.00098472,0.0010309,0.000498,0.00064976,0.00084866,0.0017248,0.0030783,0.0018327,0.012717,0.0046985,0.0010518,0.0007311,0.00070106,0.00037386,0.0005932,0.00072427,0.00030973,0.0007263,0.00048182,0.00068853,0.00057112,0.0010301,0.00094097,0.0018571,0.0031158,0.010884,0.012132,0.0038628,0.0026081,0.0022199,0.0020695,0.0014496,0.00076417,0.00056886,0.00063988,0.00075793,0.00083138,0.00082757,0.00033278,0.00082653,0.0013968,0.0028936,0.0099643,0.011515,0.002544,0.0016353,0.0013041,0.001236,0.0017815,0.0013476,0.00097488,0.00055844,0.00059939,0.0020398,0.0019612,0.0032979,0.002275,0.0061978,0.014728,0.094883,0.014008,0.0079881,0.0061597,0.0042341,0.0035134,0.0059873,0.00070078,0.00063275,0.00063948,0.0009475,0.00080638,0.0009257,0.0014922,0.0013396,0.0024301,0.004964,0.020085,0.0031331,0.0021556,0.0017149,0.0015791,0.0013714,0.00045014,0.0011279,0.00087849,0.00086673,0.00067796,0.00073275,0.0008643,0.0026269,0.0014613,0.0018607,0.0032487,0.012737,0.0016923,0.00086819,0.00054179,0.00035596,0.00017929,0.034836,0.0015441,0.00061471,0.0005269,0.00063131,0.0006371,0.00032743,0.0011331,0.0018698,0.005393,0.0053919,0.052024,0.0069667,0.0024041,0.0022044,0.0016723,0.0012436,0.012215,0.00047931,0.00047137,0.00026582,0.00061124,0.00044407,0.00025713,0.00035507,0.0010275,0.0013947,0.0015308,0.018888,0.0050648,0.0014449,0.0011966,0.0009027,0.0007477,0.0012436,0.0015795,0.0011503,0.0011797,0.0011973,0.0011654,0.0011309,0.0011864,0.0017785,0.0025644,0.0043887,0.020682,0.0077167,0.0023714,0.0011181,0.00070379,0.00064089,0.0074998,0.0069146,0.0063014,0.0067499,0.0079582,0.0082326,0.0074923,0.010936,0.015607,0.012588,0.026071,0.084063,0.053258,0.018857,0.010086,0.0085885,0.0075837,0.0011597,0.0016491,0.0018839,0.0015542,0.0025401,0.0028754,0.0024943,0.0031907,0.0040277,0.0056534,0.011594,0.04014,0.024655,0.009458,0.0065104,0.0057201,0.0058824,0.0014153,0.00093373,0.00013452,0.00052054,0.00086791,0.0011737,0.0015118,0.003421,0.0029865,0.0041524,0.0087067,0.029194,0.022092,0.009607,0.0069518,0.0059656,0.0057679
8.2027e-05,0.00092852,0.00080013,0.0022859,0.0022784,0.0010235,0.0020817,0.0054538,0.010987,0.0045245,0.0091356,0.030536,0.0041836,0.0033672,0.0018002,0.0010446,0.00075342,0.0038586,0.0010588,0.0025035,0.0028688,0.00099062,0.00090375,0.00014592,0.0017571,0.0027969,0.0019076,0.0044883,0.021236,0.0053913,0.0018997,0.00071856,0.00098245,0.0011769,0.0087663,0.00065926,0.0011568,0.0013292,0.00075894,0.0018971,0.0020329,0.002347,0.0046145,0.0044811,0.0079197,0.024133,0.0027614,0.0007841,0.00067823,0.0006723,0.00074388,0.0076333,0.0039826,0.0063899,0.0060708,0.0034193,0.0041713,0.0072734,0.0059,0.0063209,0.03142,0.094054,0.063505,0.027933,0.01805,0.015442,0.01322,0.012112,0.0021801,0.0012041,0.0016619,0.0040393,0.0026116,0.0020212,0.0014542,0.003882,0.0042128,0.0073741,0.019887,0.014812,0.0029877,0.003029,0.0021973,0.002029,0.002039,0.008278,0.0010237,0.0017368,0.0018602,0.0016156,0.00077514,0.0031815,0.0050645,0.0061036,0.0084888,0.015637,0.0098394,0.0020954,0.0018281,0.0010985,0.00082229,0.00063707,0.039815,0.003066,0.0031257,0.0019655,0.0030971,0.0051913,0.0062306,0.0065416,0.0099925,0.01202,0.041028,0.052207,0.014798,0.0074119,0.0053525,0.003394,0.0039788,0.014817,0.001433,0.0021554,0.0022667,0.0014926,0.00032864,0.00030202,0.0004513,0.0016767,0.0017364,0.0036653,0.014852,0.0040661,0.0014668,0.0015083,0.00092268,0.00062563,0.0039559,0.00099401,0.0016123,0.0023804,0.0011821,0.0010166,0.0017351,0.0038766,0.0059543,0.0060885,0.0087319,0.0068405,0.001668,0.00073909,0.00030714,0.0002635,9.5367e-05,0.011713,0.0022726,0.0030966,0.0027095,0.0022543,0.0019258,0.0023594,0.0043455,0.012921,0.017833,0.038412,0.10238,0.023914,0.0087123,0.0058203,0.0037627,0.0021153,0.0066491,0.0025877,0.0047669,0.0076038,0.0022138,0.0016141,0.0027732,0.0055752,0.0067339,0.0081688,0.015647,0.049469,0.012728,0.005948,0.0030454,0.0024365,0.0026016,0.0010624,0.0019101,0.0022802,0.0025117,0.0016095,0.0013327,0.0028456,0.0067129,0.0074518,0.0099418,0.018664,0.046171,0.01259,0.0062968,0.0039773,0.0032743,0.0031033
0.0013695,0.0013101,0.00031606,0.0030867,0.0032643,0.001125,0.0039248,0.0051645,0.014528,0.023851,0.038246,0.0071068,0.0020899,0.0037737,0.0016016,0.003259,0.0027924,0.00050928,0.000867,0.0021519,0.0020029,0.002348,0.0015022,0.00083749,0.002042,0.0033586,0.006269,0.011989,0.0038975,0.0023434,0.0021201,0.0011193,0.0011179,0.0016804,0.0069638,0.00093606,0.0017099,0.00064856,0.0022915,0.0014938,0.0010336,0.002666,0.0073677,0.011658,0.031761,0.0051415,0.0019697,0.00094555,0.00029733,0.00057632,0.00066949,0.02002,0.014253,0.014552,0.015589,0.017929,0.019847,0.024107,0.032883,0.076274,0.21235,0.093971,0.03211,0.022487,0.015283,0.013136,0.010794,0.012417,0.0047513,0.00064291,0.00323,0.00056115,0.0040308,0.00056763,0.0017787,0.0033168,0.0045792,0.019121,0.0069595,0.0063101,0.0031756,0.0017903,0.0025364,0.0024516,0.0016842,0.0056706,0.0010673,0.00074357,0.0023576,0.00054116,0.001992,0.00059432,0.0015797,0.0024,0.013537,0.011905,0.0027369,0.0015352,0.00052396,0.00093262,0.00064392,0.00086026,0.036847,0.0058104,0.0071952,0.0061013,0.0046551,0.010414,0.0033717,0.017392,0.04452,0.029913,0.083373,0.029995,0.0047569,0.018265,0.0074043,0.005795,0.013424,0.015951,0.0012091,0.0021554,0.0020628,0.0017356,0.00049324,0.00076612,0.0012338,0.0027293,0.0031252,0.0082957,0.0027128,0.0006946,0.0014249,0.001303,0.00063254,0.00052072,0.00024987,0.0005918,0.0013454,0.0032003,0.0030943,0.0044961,0.0016723,0.0072809,0.00621,0.014355,0.025609,0.007743,0.0024659,0.0035162,0.0013089,0.0018272,0.0015812,0.015675,0.0056847,0.0053853,0.0076118,0.0079626,0.0097024,0.013722,0.022178,0.030094,0.04958,0.15277,0.042893,0.020993,0.014301,0.014624,0.012517,0.011746,0.009102,0.0010735,0.0029353,0.0010053,0.0053756,0.0014601,0.0012988,0.0023176,0.0085301,0.012693,0.05024,0.0136,0.0045692,0.004131,0.0031993,0.0034354,0.0039177,0.0038262,0.00080164,0.0010467,0.0021051,0.00061697,0.0024731,0.001526,0.0033439,0.006354,0.0058257,0.043628,0.0092814,0.0037303,0.0030415,0.0022738,0.0021514,0.0019722
0.0018082,0.0035437,0.0032741,0.0017848,0.002223,0.0030513,0.0025333,0.0054963,0.0049998,0.0095008,0.020546,0.0021106,0.0029108,0.0025507,0.00059034,0.0013988,0.00016404,0.0031872,0.0019021,0.0025221,0.0015712,0.0027778,0.00018225,0.0013177,0.0014757,0.0017237,0.0078919,0.0038656,0.002558,0.0014516,0.00089118,0.00099615,0.0011309,0.001318,0.0046578,0.0011333,0.00019037,0.0020885,0.0022459,0.00036076,0.0010898,0.0039657,0.005361,0.0022556,0.022616,0.0033904,0.0023866,0.0013911,0.00099342,0.0010458,0.00098801,0.02525,0.028881,0.029529,0.028781,0.033497,0.035659,0.041308,0.05747,0.084994,0.24563,0.12609,0.03574,0.02098,0.015821,0.012637,0.011329,0.010395,0.013964,0.0011547,0.00041523,0.0051377,0.0017015,0.0011171,0.001323,0.0045418,0.0067483,0.020447,0.01311,0.0031797,0.0012041,0.0030525,0.00093772,0.00092497,0.00048637,0.00030135,0.0031914,0.0029158,0.0027416,0.0035887,0.0043083,0.0040096,0.0053406,0.011406,0.022135,0.02372,0.0054625,0.003075,0.002175,0.0017552,0.0016679,0.0015297,0.034703,0.0021302,0.0022328,0.00068494,0.0049452,0.004038,0.0045131,0.0074963,0.018526,0.059191,0.042877,0.015291,0.011254,0.010404,0.008265,0.0080755,0.0073282,0.018105,0.0016593,0.0030371,0.0017069,0.0018331,0.00097469,0.0012033,0.0016194,0.0033185,0.0042092,0.0068058,0.0021114,0.0012557,0.00073226,0.0002017,0.00043032,0.0001831,0.00088694,0.00033212,0.0014946,0.001651,0.00043186,0.0021519,0.0036386,0.0041263,0.0091725,0.028452,0.028473,0.010129,0.0074749,0.0061057,0.0053268,0.0048775,0.0047131,0.0043202,0.0094782,0.011047,0.014626,0.013146,0.014196,0.017523,0.023992,0.060872,0.039402,0.12266,0.025506,0.016166,0.0081725,0.0047631,0.0033467,1.717e-05,0.007557,0.0025104,0.0037154,0.0011687,0.0065628,0.0054516,0.0051437,0.0089407,0.0070061,0.018663,0.037625,0.0088163,0.0032812,0.0028084,0.0017142,0.0015762,0.0008507,0.0043946,0.0048059,0.004199,0.0031013,0.0044429,0.0056768,0.0054183,0.0063437,0.011042,0.024732,0.0426,0.0076286,0.0045372,0.002937,0.0021953,0.0018361,0.0018578
0.0041714,0.0019238,0.0016079,0.0019464,0.0028672,0.0019264,0.0020007,0.0017684,0.012519,0.0032629,0.02096,0.0021498,0.0006778,0.00061313,0.001662,0.0016003,0.001524,0.0034962,0.0014144,0.0020895,0.0023062,0.0029365,0.00046782,0.00039523,0.0010369,0.0025557,9.6922e-05,0.013358,0.0020354,0.0016135,0.0011189,0.0013909,0.0011626,0.00081444,0.0080377,0.00070749,0.00082163,0.0011476,0.0012064,0.00095257,0.0019054,0.0038116,0.0045157,0.0050613,0.035243,0.0047872,0.0032316,0.0026977,0.0022748,0.0023374,0.0024338,0.022335,0.015749,0.017864,0.020418,0.019726,0.022745,0.026679,0.034013,0.074239,0.13745,0.082819,0.033154,0.016547,0.011579,0.0075631,0.0047127,0.0028153,0.011576,0.003603,0.0035356,0.0021992,0.0022375,0.0020558,0.0029868,0.0030574,0.0065526,0.01919,0.017858,0.0045301,0.0027806,0.0017743,0.0023205,0.0020691,0.0024434,0.0064889,0.0010538,0.00067167,0.00066782,0.0010678,0.0014269,0.0021115,0.0017704,0.0059838,0.010698,0.021529,0.0054443,0.0034913,0.0026131,0.0024337,0.0021803,0.0019913,0.028019,0.0018162,0.0010659,0.00035324,0.0031631,0.0041797,0.0057306,0.0080358,0.00484,0.033811,0.05912,0.019256,0.013288,0.0096994,0.0079186,0.0079845,0.0076028,0.01323,0.0015585,0.0020599,0.0013254,0.002994,0.001039,0.00055374,0.00049197,0.0020907,0.0054682,0.0087816,0.0011332,0.00049583,0.00032115,0.00013661,0.00018425,0.00013733,0.0029068,0.001095,0.0016211,0.0010689,0.0012168,0.0018932,0.0028279,0.0051968,0.0034675,0.0088664,0.037315,0.0085837,0.0054329,0.0045339,0.0038734,0.0037701,0.0035592,0.015105,0.002587,0.0017932,0.0010769,0.0030717,0.0037919,0.005269,0.010394,0.0060906,0.030825,0.16072,0.022442,0.01562,0.011352,0.01013,0.010225,0.0092222,0.001978,0.00045479,0.00073346,0.0028591,0.0010983,0.00024445,0.0012642,0.0014911,0.0047677,0.0084069,0.045844,0.0060697,0.004548,0.0038004,0.0034449,0.0028662,0.0026837,0.0010777,0.0012604,0.0010027,0.00069538,0.0013495,0.0018929,0.0022315,0.00057172,0.0042028,0.0073871,0.043897,0.0055924,0.0031821,0.002611,0.0019779,0.0018184,0.0015774
0.00057029,0.00033223,0.0014433,0.00071559,0.00051532,0.00052632,0.00036259,0.0011996,0.0015471,0.0032076,0.013423,0.002348,0.0026505,0.00066081,0.0017182,0.000139,0.0010472,0.0032998,0.0010722,0.0006944,0.00038201,5.3117e-05,0.00017722,0.00016324,0.00064456,0.0010621,0.0022116,0.01295,0.0022874,0.0016113,0.00096192,0.00070606,0.00083568,0.00071717,0.0089971,0.002114,0.0015067,0.0014016,0.001754,0.0022351,0.0027511,0.0034494,0.0048069,0.011662,0.026678,0.0054517,0.0031342,0.0021542,0.0014051,0.0011679,0.0012379,0.014614,0.015488,0.018086,0.01776,0.020319,0.02292,0.027899,0.038516,0.063783,0.17321,0.13885,0.043409,0.024839,0.019515,0.013281,0.011547,0.010208,0.0033093,0.0014227,0.0014576,0.0010524,0.0030193,0.0029407,0.0032776,0.0041628,0.0061614,0.018118,0.010383,0.0036455,0.0021407,0.00095116,0.0010257,0.00024584,0.00049783,0.005333,0.00038695,0.0003935,0.00035234,0.00055988,0.00035491,0.00043072,0.00066885,0.001376,0.0053338,0.0060774,0.00053412,0.00032243,0.00055458,0.0001927,0.0001354,0.00025558,0.02936,0.0046841,0.0042111,0.0042714,0.0046586,0.0059409,0.0074226,0.012015,0.02126,0.057239,0.066905,0.024068,0.016264,0.010237,0.011032,0.0099466,0.0098173,0.0087415,0.0026806,0.0022949,0.0023987,0.0020515,0.0019196,0.002528,0.0036263,0.004703,0.016776,0.018243,0.0046623,0.002548,0.0015257,0.0010816,0.00093884,0.00080302,0.00059509,0.0023918,0.0025576,0.0025074,0.0030607,0.0037031,0.0039276,0.0052945,0.0071658,0.01771,0.028697,0.0063342,0.0031416,0.0018487,0.0011693,0.00050866,3.8154e-05,0.015097,0.017126,0.0058432,0.018254,0.0029415,0.02343,0.0055062,0.035201,0.012754,0.12761,0.032552,0.069716,0.0033878,0.028154,0.0019603,0.019833,0.0015049,0.0015469,0.0065214,0.00088664,0.0070678,0.00056871,0.0071727,0.00079122,0.011744,0.00061931,0.040887,0.0095337,0.023395,0.0018963,0.0095286,0.0011852,0.006586,0.00063135,0.0016194,0.0034659,0.0004946,0.0041044,0.00074148,0.0053914,0.00097065,0.0088243,0.0016293,0.031789,0.012091,0.022604,0.0016364,0.010011,0.00084565,0.0076464,0.0007801
0.0022889,0.0014079,0.00032427,0.00084384,0.0015747,0.0013203,0.0017908,0.0015292,0.0049438,0.0069083,0.016956,0.0019031,0.00051901,0.0012657,0.00071873,0.00039804,0.0001564,0.0070973,0.0020886,0.00080298,0.0014946,0.0014876,0.00141,0.0010744,0.0013964,0.0027063,0.0057149,0.014984,0.0023333,0.001398,0.00058558,0.00054047,0.00051908,0.0004673,0.0077668,0.0010951,0.00047945,0.0004719,0.00044757,0.00041739,0.00023722,6.0208e-05,0.0007747,0.0021858,0.015316,0.0011067,0.00055978,0.00057129,0.00037419,0.00030524,0.00031282,0.021904,0.015283,0.0151,0.015681,0.018976,0.021507,0.025464,0.033317,0.051356,0.17766,0.15155,0.051396,0.031012,0.023474,0.018761,0.016521,0.016995,0.0061399,0.0022241,0.0023711,0.0023995,0.0022571,0.0026246,0.0030169,0.0035821,0.0061347,0.017645,0.015636,0.0043795,0.0023896,0.0026634,0.0010626,0.00054424,0.00061225,0.0029164,0.0019123,0.001824,0.0020521,0.00222,0.0025599,0.0031339,0.0044103,0.0058903,0.01638,0.015803,0.0045986,0.0023782,0.0017471,0.00096221,0.00063024,0.00059701,0.032916,0.0050017,0.004296,0.0052374,0.0059308,0.0078278,0.010241,0.012379,0.02183,0.062858,0.081499,0.027075,0.017397,0.015511,0.01133,0.010033,0.010538,0.010426,0.0028821,0.0017572,0.0016191,0.0014825,0.0024541,0.0025296,0.0030875,0.0052605,0.014242,0.017991,0.0053999,0.0030248,0.0018388,0.0017396,0.0015213,0.0013809,0.0029107,0.0016158,0.0019006,0.0018563,0.0021073,0.0023372,0.0026631,0.002985,0.0057111,0.015407,0.022871,0.0060674,0.0036399,0.0029217,0.0022528,0.002013,0.0020028,0.0078527,0.0078355,0.0089252,0.010532,0.0090337,0.011472,0.014004,0.017174,0.02303,0.051195,0.11637,0.024924,0.012591,0.0075603,0.005098,0.0034575,0.0030156,0.0029965,0.0044898,0.0033913,0.0034427,0.0037641,0.0040782,0.0049958,0.0069264,0.0099028,0.022179,0.044329,0.009795,0.0054869,0.0032277,0.0019698,0.0017915,0.0015469,0.0050622,0.003358,0.0031567,0.0033024,0.0041108,0.0042112,0.0052103,0.0073212,0.011006,0.026564,0.046445,0.010991,0.006149,0.0039501,0.0032569,0.002847,0.0026589
0.001215,0.0016087,0.0015439,0.00063304,0.0010511,0.0020019,0.0019243,0.0015958,0.0038727,0.0080615,0.024515,0.005623,0.0041081,0.0013462,0.0025896,0.0021895,0.0017109,0.0042935,0.0016477,0.00026446,7.4647e-05,0.00072584,0.0003649,0.00054173,0.00063462,0.0012103,0.00094328,0.012559,0.0034096,0.0018571,0.0015784,0.001758,0.0010536,0.0015049,0.0038415,0.00049604,3.5226e-05,0.00024254,7.4481e-05,0.0004541,0.00049024,0.00081588,0.0015866,0.0021839,0.015399,0.0025221,0.0016726,0.0010785,0.0010501,0.0010265,0.00096132,0.012131,0.0063859,0.0072819,0.0080877,0.0090084,0.011546,0.0161,0.021116,0.039404,0.1829,0.11359,0.044116,0.030484,0.022516,0.020589,0.019165,0.018509,0.0081197,0.0018663,0.001456,0.0024472,0.0014251,0.0016325,0.0021502,0.0031541,0.0053512,0.020714,0.010567,0.0045067,0.0031195,0.0025506,0.0016087,0.0014191,0.001833,0.0060159,0.0029157,0.0029718,0.0032796,0.0032405,0.003869,0.0044252,0.0063631,0.0090843,0.028062,0.023891,0.0065695,0.0034543,0.0018323,0.0013896,0.00089159,0.0006447,0.032496,0.0078826,0.0065037,0.0077153,0.0080383,0.0099496,0.011664,0.01669,0.026452,0.078541,0.078581,0.026618,0.018012,0.010939,0.011152,0.0097206,0.0097105,0.016123,0.0013185,0.00068686,0.00075318,0.00085043,0.0013334,0.0016262,0.0021079,0.0033588,0.0091577,0.012942,0.0039521,0.0030761,0.0024624,0.0018319,0.0015981,0.0017376,0.00085452,0.00056139,0.00038843,0.00060019,0.00032335,0.00059372,0.00075493,0.0011987,0.0016796,0.0098065,0.010029,0.0032317,0.0019406,0.0015402,0.0012676,0.0012424,0.0011444,0.018948,0.0060714,0.0063505,0.0068667,0.0075904,0.0092955,0.010403,0.01423,0.025113,0.05542,0.12131,0.034741,0.021254,0.014661,0.013651,0.012507,0.012593,0.0042573,0.0036067,0.0030451,0.0022741,0.0038737,0.0039195,0.0048245,0.006578,0.010146,0.0247,0.044231,0.011905,0.0070347,0.0050304,0.0043781,0.0039804,0.0036088,0.0037461,0.004242,0.004345,0.0046876,0.0053365,0.0056184,0.0065551,0.008856,0.012531,0.033581,0.041876,0.011023,0.0055536,0.003567,0.0021872,0.0015021,0.0011063
0.00087357,0.0021863,0.00068361,0.0015082,0.0019409,0.0021613,0.0029579,0.0045127,0.0065095,0.023515,0.028275,0.0096363,0.0059978,0.0054502,0.0045344,0.0041835,0.004612,0.0027924,0.0017042,0.001154,0.0015098,0.0012524,0.0015652,0.0018129,0.0029018,0.0046418,0.016666,0.015247,0.0051445,0.003074,0.0029362,0.0023351,0.0020712,0.0026627,0.0071489,0.0021855,0.0015988,0.0017296,0.0021895,0.0020383,0.0025009,0.0036822,0.0055211,0.015561,0.016742,0.00544,0.0034453,0.0024018,0.0020649,0.0018694,0.0015908,0.01046,0.010006,0.010707,0.012153,0.013006,0.013869,0.016528,0.024926,0.037634,0.19385,0.042354,0.021417,0.013031,0.0094627,0.0080441,0.0073796,0.005581,0.0046807,0.00037578,0.00057737,0.0013214,0.00080943,0.0011495,0.0014567,0.0022478,0.0043662,0.02357,0.0078401,0.0036868,0.0028525,0.0024661,0.0016934,0.0015991,0.0019532,0.0047703,0.00236,0.0022132,0.0020776,0.0021192,0.0027004,0.0033972,0.0042186,0.0065623,0.021333,0.017653,0.0046175,0.0026213,0.00096237,0.00090992,0.00048586,0.00027275,0.036866,0.0045489,0.0039321,0.0038677,0.0039502,0.0056044,0.0079706,0.011505,0.023462,0.096254,0.061757,0.024932,0.016523,0.012979,0.011233,0.01093,0.010582,0.011379,0.00072332,0.00026686,2.5779e-05,0.00094568,0.00059396,0.00056026,0.0016991,0.0023301,0.0076311,0.011364,0.0035444,0.0024941,0.0018033,0.0016687,0.0015687,0.0014305,0.0018845,0.0022313,0.0018222,0.0019367,0.0021664,0.0023848,0.0030137,0.0040569,0.0056931,0.019074,0.015375,0.0037348,0.0018316,0.0014013,0.00063069,0.00038335,0.00011824,0.011807,0.0015346,0.0035018,0.0046641,0.0040516,0.0070153,0.010129,0.016575,0.026398,0.085466,0.13963,0.041353,0.028198,0.02215,0.019583,0.01764,0.017079,0.00052453,0.0015201,0.00030611,0.0011683,0.00076744,0.0020102,0.0032092,0.004771,0.0085031,0.025648,0.050028,0.014034,0.0095649,0.0068648,0.0062073,0.0058941,0.0059262,0.0059281,0.0020679,0.0023108,0.0026341,0.0031395,0.0035221,0.0041529,0.005834,0.0081327,0.021616,0.039704,0.010598,0.0063718,0.0050992,0.0040989,0.0037234,0.003708
0.00015449,0.0014192,0.0019429,0.0028793,0.002908,0.0031997,0.0048218,0.0068749,0.012647,0.037013,0.035299,0.013622,0.0084659,0.0074588,0.0060522,0.0057629,0.0049764,0.0030442,0.0014676,0.00088451,0.0015685,0.0013295,0.0017865,0.0017814,0.0031632,0.0057983,0.01795,0.015684,0.0063526,0.0037612,0.0026955,0.0025845,0.0025749,0.0021363,0.010191,0.0020343,0.0021108,0.0021741,0.0024282,0.0026761,0.0035133,0.0041399,0.0078874,0.025106,0.021298,0.0073227,0.0045644,0.0036025,0.0030069,0.0026021,0.0026188,0.013518,0.010339,0.010174,0.012322,0.012975,0.015939,0.019866,0.028735,0.045935,0.24615,0.11312,0.046678,0.029766,0.023524,0.020888,0.018724,0.018805,0.0074197,0.0012054,0.0015799,0.0023121,0.0016765,0.0018119,0.0020602,0.003492,0.0051693,0.020806,0.0063879,0.0028103,0.0019633,0.0014786,0.00090302,0.00061072,0.00066758,0.0050851,0.00015019,0.00028988,0.00038892,0.00012631,0.00038373,0.00065485,0.00061578,0.00079873,0.0081999,0.009378,0.0022654,0.0014446,0.00096404,0.00082645,0.00082801,0.00085071,0.032849,0.0035899,0.0034946,0.0025235,0.0052665,0.0085539,0.0012368,0.017631,0.032431,0.026828,0.082903,0.026215,0.010186,0.020911,0.012903,0.0078768,0.017777,0.010502,0.0010047,0.0013019,0.00046227,0.0013516,0.0012528,0.00045446,0.002996,0.0034771,0.0017916,0.010277,0.0029111,0.00063478,0.0018365,0.00079861,0.0006068,0.0011826,0.0025444,0.0039656,0.0040485,0.00039194,0.0051618,0.0049655,0.0010178,0.010256,0.013185,0.012628,0.038195,0.0096691,0.0034649,0.0069927,0.0033163,0.0024543,0.0051347,0.0079576,0.0058391,0.006703,0.0082975,0.0092275,0.010207,0.014252,0.018977,0.029668,0.088852,0.11228,0.036903,0.022835,0.018411,0.014951,0.013617,0.014019,0.000309,0.0028706,0.0026767,0.0026212,0.0030643,0.0038619,0.0050677,0.0062746,0.011378,0.030507,0.040097,0.012888,0.0081864,0.0060623,0.0050934,0.0048189,0.0039597,0.0026722,0.00086141,0.00080887,0.0012899,0.001481,0.0017206,0.002765,0.0036207,0.0087603,0.025375,0.035874,0.012298,0.0081762,0.0062954,0.0055839,0.005183,0.005045
0.0028573,0.0038869,0.0012642,0.0030259,0.0032184,0.0057487,0.0052923,0.014622,0.045461,0.070522,0.012327,0.0071711,0.0056738,0.0039426,0.0027627,0.0011627,0.001091,0.0021134,0.003037,0.0018714,0.001822,0.001573,0.0015589,0.0010116,0.00035516,0.0088827,0.021856,0.0042134,0.0029638,0.0014921,0.0010319,0.00092723,0.00055048,0.0008011,0.0073262,0.00065654,0.0010876,0.00017334,0.00081434,0.0023738,0.0010242,0.0034886,0.013374,0.036519,0.0086657,0.0053174,0.0031332,0.0021967,0.0021338,0.0021432,0.0017987,0.010029,0.028052,0.027171,0.010587,0.033876,0.036685,0.013514,0.069355,0.12364,0.25533,0.13295,0.03623,0.011493,0.015707,0.011046,0.0012191,0.0031739,0.0065404,0.0036832,0.0036841,0.002515,0.0017466,0.00386,0.001527,0.0032673,0.0083363,0.017963,0.010224,0.0019097,0.00047214,0.0022681,0.0008179,0.0010469,0.0012112,0.0013771,0.0032671,0.0042282,0.0035542,0.0031781,0.0050001,0.0063744,0.0097158,0.018992,0.027181,0.01616,0.0074161,0.0019646,0.0043854,0.0032715,0.0016519,0.0037347,0.035163,0.0022323,0.00067952,0.0005274,0.0010701,0.0024739,0.00027439,0.0059835,0.027231,0.086649,0.015116,0.0021713,0.0020836,0.001782,0.0027008,0.0016661,0.00045205,0.011799,0.00059413,0.0031781,0.0015958,0.0012499,0.00088051,0.0021165,0.0012173,0.007392,0.0066312,0.0044994,0.0010956,0.001431,0.00074841,0.00067348,0.00053563,0.00024416,0.0001793,0.0011997,0.0028016,0.0014166,0.00061313,0.0043121,0.0018163,0.0025482,0.016688,0.049367,0.007656,0.0033003,0.0020684,0.0011132,0.00062269,0.00048148,0.00017928,0.015305,0.0017998,0.0042318,0.0031689,0.0045202,0.0063989,0.011129,0.022981,0.016697,0.12886,0.055641,0.029823,0.019674,0.016127,0.015152,0.013537,0.012745,0.00038339,0.0020864,0.0025484,0.001456,0.0029763,0.0019263,0.0024387,0.0061774,0.0080674,0.042114,0.01806,0.0098406,0.0068918,0.0052867,0.0039238,0.0049119,0.0031415,0.0038777,0.002226,0.0031263,0.0022364,0.0020496,0.0047706,0.0042248,0.0046704,0.013916,0.047692,0.018348,0.01123,0.0068648,0.0052257,0.0049917,0.0044479,0.0043393
0.0068589,0.0052274,0.0020755,0.0030151,0.005201,0.0048634,0.0035905,0.0024263,0.028738,0.062939,0.01181,0.0071693,0.0027367,0.0031758,0.0061918,0.0030394,0.0038071,0.0013218,0.0036683,0.00094164,0.0018576,0.0020918,0.00070805,8.515e-05,0.00026889,0.0036065,0.012322,0.0022498,0.0024131,0.00090448,0.0010674,0.00025736,0.00012508,0.00045967,0.0066892,0.0013713,0.0012193,0.0015537,0.0017375,0.0017424,0.00067021,0.0017663,0.0094358,0.021033,0.0053225,0.0030425,0.0016066,0.0013522,0.0017536,0.0013596,0.0016918,0.005499,0.0055739,0.005617,0.0080771,0.011017,0.014835,0.021939,0.024364,0.1011,0.35081,0.083182,0.046145,0.033596,0.029605,0.027048,0.02494,0.023444,0.0091821,0.0035275,0.00092982,0.0034873,0.00069177,0.00037508,0.0015666,0.0026491,0.0065777,0.021691,0.0059148,0.0033697,0.0026434,0.001694,0.0015518,0.002408,0.0018425,0.0089418,0.0043341,0.003337,0.0018169,0.0031877,0.0042429,0.005118,0.013606,0.017095,0.058688,0.0094985,0.0045236,0.0021236,0.0012202,0.00069145,0.00064386,0.00046921,0.039771,0.005685,0.0087807,0.0084378,0.0079638,0.010375,0.015604,0.021942,0.076369,0.090108,0.029006,0.016505,0.009653,0.0074775,0.0061938,0.0051211,0.0057927,0.018236,0.0027425,0.0012892,0.0017358,0.0013975,0.00080308,4.1725e-05,0.0018574,0.0031816,0.013107,0.0031006,0.0017695,0.0008546,0.00076249,0.00033408,0.00057502,0.00044061,0.0037785,0.0023548,0.0027874,0.0026534,0.0040447,0.0047329,0.0024024,0.0040107,0.014005,0.043862,0.006823,0.002982,0.0018081,0.0012315,0.00096138,0.00059585,0.00037958,0.0031643,0.0020287,0.014628,0.0020816,0.016431,0.0024992,0.031653,0.013323,0.07644,0.11233,0.097469,0.0051957,0.036972,0.0028716,0.028668,0.0031751,0.026038,0.0050393,0.0025921,0.0029169,0.0029205,0.00025846,0.0017989,0.0047501,0.00085155,0.024693,0.021158,0.025268,0.0033798,0.010575,0.0015401,0.0076331,0.00089389,0.0075608,0.0036183,0.0024613,0.0066474,0.00074489,0.0073643,0.0034212,0.010827,0.0063928,0.044475,0.029423,0.032677,0.0026834,0.012493,0.00060408,0.0083664,0.00027104,0.0074369
0.010967,0.012404,0.010864,0.013519,0.014141,0.017739,0.025633,0.059989,0.13699,0.0216,0.01461,0.010723,0.0065788,0.0072823,0.0045363,0.0031145,0.006569,0.0037365,0.0020232,0.0020824,0.0021027,0.00365,0.003866,0.0050524,0.0095701,0.028114,0.0019355,0.0017031,0.0014962,0.0010488,0.001192,0.0006659,0.00045025,7.8186e-05,0.008093,0.00084226,0.00089916,0.0012168,0.0015974,0.0026715,0.0050763,0.013008,0.041429,0.006463,0.0035915,0.0026473,0.0027733,0.0015427,0.0019916,0.0018203,0.0022374,0.012083,0.0093432,0.0077719,0.012622,0.010193,0.011779,0.011169,0.016355,0.24088,0.096363,0.03404,0.016645,0.011122,0.0085958,0.0073966,0.0049143,0.0057317,0.0048619,0.0018965,0.0013409,0.0044801,0.00070167,0.001161,0.0017049,0.0040382,0.015947,0.0079757,0.0021778,0.0011646,0.0011276,0.00089062,0.0011863,0.00099618,1.3374e-05,0.0014191,0.0030085,0.0034707,0.0037299,0.0035756,0.005999,0.0087422,0.013993,0.077267,0.013066,0.0053067,0.0029594,0.0023887,0.0022045,0.001698,0.0015076,0.0017662,0.041421,0.010083,0.0093228,0.012687,0.012389,0.017298,0.027064,0.068988,0.23276,0.011611,0.012086,0.0091905,0.0077238,0.0066199,0.005626,0.0059181,0.007435,0.011685,0.0012288,0.0004027,0.0014142,0.0019434,0.00080518,0.0012375,0.0058436,0.021807,0.0026021,0.00016363,0.00017633,0.00010268,0.00061485,0.00041106,0.00035773,0.00067522,0.00060083,0.00037772,0.00093959,0.0011004,0.0013968,0.0021911,0.0055855,0.013782,0.054129,0.00075043,0.0015996,0.0015244,0.0015993,0.0013708,0.0014462,0.0014311,0.00034904,0.018902,0.0065711,0.0076586,0.0093847,0.0079438,0.0090638,0.010287,0.023077,0.16553,0.079791,0.031514,0.016573,0.011981,0.010503,0.0088431,0.0069818,0.0056611,5.5302e-05,0.00068936,0.0014054,0.0048019,0.00077743,0.00042149,0.00075945,0.00048661,0.015814,0.018156,0.0051886,0.0026882,0.0019891,0.0011803,0.0010526,0.0015876,0.00088311,0.0045167,0.0036197,0.0043955,0.0045487,0.0055122,0.0065989,0.010386,0.018389,0.088725,0.011051,0.0054194,0.0034882,0.0028407,0.0029309,0.0023333,0.0021679,0.0024529
0.0082876,0.02941,0.029834,0.032087,0.037272,0.04713,0.074956,0.22287,0.21587,0.058799,0.031036,0.018824,0.011419,0.0093152,0.0075663,0.0030181,0.0039196,0.004427,0.0037664,0.0035238,0.0029074,0.0027082,0.0045176,0.0069462,0.032496,0.021955,0.0082662,0.0042293,0.0025789,0.0017612,0.001843,0.0012005,0.0016892,0.0013561,0.001297,0.00070215,0.00084443,0.0020338,0.0040563,0.0075879,0.017326,0.064059,0.036635,0.018796,0.01186,0.0098747,0.0092099,0.0078437,0.0078475,0.0066999,0.0068589,0.042773,0.019702,0.02001,0.019868,0.025255,0.035287,0.066332,0.27683,0.085608,0.036108,0.016405,0.012293,0.008037,0.0063808,0.0044252,0.0029327,0.0033856,0.018441,0.0049561,0.0021334,0.0042185,0.0036572,0.0050827,0.0094714,0.032423,0.011277,0.0045354,0.0032861,0.002701,0.0026048,0.0017263,0.0031401,0.0041698,0.0017701,0.0033513,0.0081842,0.0083753,0.009105,0.011459,0.016593,0.031722,0.11446,0.035367,0.019804,0.013416,0.010166,0.0087132,0.0079558,0.007364,0.0064066,0.006754,0.039548,0.027288,0.028643,0.030758,0.036151,0.046252,0.072184,0.22581,0.24383,0.059214,0.032895,0.022627,0.014833,0.011902,0.010768,0.004385,0.0070115,0.0083925,0.0060314,0.0046526,0.0036908,0.0038234,0.0052079,0.0087596,0.025379,0.0068666,0.0052238,0.0023506,0.0019227,0.00071415,0.00098422,0.00072089,0.00060552,0.00068284,0.00021743,0.0079633,0.0075002,0.0083099,0.010129,0.014585,0.026393,0.092438,0.033551,0.01428,0.0080252,0.0059149,0.0050228,0.003825,0.0033935,0.003544,0.0030594,0.033598,0.016309,0.015206,0.018557,0.022806,0.029993,0.055053,0.19841,0.10341,0.033203,0.015756,0.0090098,0.0051929,0.004485,0.0026101,0.0059423,0.002718,0.013907,0.0038723,0.0014865,0.0029758,0.0014358,0.0020697,0.0040813,0.018103,0.0029791,0.002168,0.0014587,0.0015021,0.001281,0.00078639,0.0025055,0.0030022,0.0027333,0.0076524,0.0081298,0.0080605,0.0091392,0.011357,0.017382,0.032824,0.13645,0.031741,0.020423,0.014016,0.01063,0.0093073,0.0083237,0.0078813,0.0072149,0.007332
0.093395,0.016132,0.020329,0.022436,0.02602,0.033858,0.050604,0.19041,0.13883,0.041097,0.021878,0.015568,0.01145,0.0089406,0.0080043,0.0025789,0.0065862,0.019068,0.00053092,0.00067156,0.00085365,0.00072989,0.00057525,0.0032076,0.011904,0.010948,0.0012591,0.00076727,0.00031486,0.00050184,0.00019438,0.00022911,0.00054385,0.00052835,0.010903,0.00033072,0.0011451,0.001715,0.0020711,0.0024766,0.0067278,0.080327,0.022358,0.0037421,0.0031982,0.0021735,0.0018853,0.0018267,0.0012966,0.0014286,0.0012398,0.058127,0.008758,0.0061225,0.0050512,0.0093524,0.014121,0.033315,0.31757,0.202,0.041836,0.01121,0.0074952,0.0071951,0.0047557,0.004647,0.0019482,0.0061627,0.036784,0.0026391,0.0010046,0.0032456,0.00062517,0.0011398,0.0032733,0.042784,0.028022,0.005928,0.0021874,0.0012571,0.0010424,0.0011328,0.0030527,0.0048347,0.0031796,0.0066167,0.0037653,0.0043322,0.0042886,0.0059266,0.0080849,0.015291,0.16337,0.073444,0.019372,0.0083544,0.0060991,0.0044702,0.0041285,0.0046229,0.0029502,0.0027562,0.10434,0.0034503,0.0020642,0.0026321,0.0036225,0.0063581,0.013517,0.074578,0.12743,0.03103,0.017834,0.012322,0.011246,0.0091342,0.0066659,0.0080663,0.010004,0.019654,0.0034992,0.0025358,0.0025611,0.002595,0.003021,0.0057915,0.035286,0.01512,0.0055074,0.0025823,0.0014974,0.0011855,0.00089803,0.00077754,4.4388e-05,0.00024414,0.018259,0.0053194,0.0059981,0.0069879,0.0082689,0.0103,0.0157,0.099574,0.053842,0.014335,0.0069316,0.0040188,0.0026162,0.0016516,0.0019422,0.0011282,0.0010777,0.05552,0.0084282,0.0028921,0.0030116,0.0079898,0.0093717,0.02152,0.33381,0.031065,0.025161,0.01738,0.01169,0.0079184,0.0096929,0.0062539,0.010772,0.0088617,0.028428,0.0017719,0.00098173,0.0024146,0.00069513,0.00061753,0.00022906,0.01618,0.022457,0.0048082,0.0015999,0.00081108,0.00013155,0.0011832,0.0034426,0.0044575,0.00025179,0.0090581,0.0039304,0.004866,0.0051588,0.0067136,0.0092792,0.015985,0.16209,0.10479,0.023364,0.0098119,0.006671,0.0049355,0.0047815,0.0037929,0.0037526,0.0037823
0.03817,0.010863,0.011265,0.011515,0.012232,0.014813,0.019749,0.044525,0.12068,0.056117,0.018472,0.010567,0.007013,0.0057264,0.0035793,0.0037525,0.0029908,0.008547,0.0035712,0.0017394,0.0023925,0.0021872,0.0028641,0.0037831,0.012288,0.023007,0.012624,0.0037724,0.0021687,0.0011347,0.0013355,0.00077122,0.00054978,0.00060082,0.0060083,0.002852,0.0024432,0.0026007,0.003325,0.0036274,0.0063979,0.036675,0.032136,0.012156,0.0040569,0.0021527,0.0014614,0.0013838,0.00088043,0.00085357,0.00080492,0.022284,0.019203,0.018888,0.019708,0.025602,0.032046,0.045222,0.14533,0.060417,0.21778,0.053977,0.030579,0.022751,0.016816,0.015261,0.012922,0.013224,0.020529,0.0041992,0.00089689,0.0022575,0.0025953,0.0033357,0.0047918,0.023089,0.0067146,0.022803,0.004434,0.001883,0.0016466,0.00086477,0.0008932,0.0010891,0.00087549,0.0073453,0.0039482,0.0044589,0.0049813,0.0055879,0.0064579,0.010681,0.088696,0.03673,0.042525,0.010712,0.0060878,0.0043729,0.0033902,0.002979,0.002569,0.0023213,0.080474,0.0080975,0.0029454,0.0029453,0.0030283,0.005098,0.01097,0.042771,0.2067,0.018595,0.0098959,0.0051828,0.0043446,0.0029837,0.0029907,0.0021687,0.0043469,0.010948,0.0018938,0.0015114,0.00043061,0.0015184,0.00028045,0.0013335,0.012551,0.0044014,0.011541,0.0037147,0.0024435,0.0019752,0.0016059,0.0012821,0.0010835,0.0015068,0.0067597,0.0015689,0.0019611,0.0019268,0.0021276,0.0021249,0.0016286,0.038777,0.037472,0.035999,0.010416,0.0069562,0.0050774,0.0042228,0.0035965,0.0036564,0.0031434,0.018975,0.016751,0.018602,0.019446,0.023881,0.031955,0.047187,0.12595,0.17175,0.21851,0.064854,0.039914,0.030008,0.027238,0.024027,0.020655,0.026173,0.015789,0.0034043,0.0022206,0.0023007,0.0021063,0.0025621,0.0031439,0.010201,0.0064837,0.02442,0.0057866,0.0030507,0.0022815,0.0016582,0.00091546,0.0029082,0.0035325,0.0083143,0.0057667,0.0054898,0.0061367,0.0066007,0.008411,0.013483,0.086821,0.040385,0.055579,0.012676,0.0067674,0.0044722,0.0037253,0.0030418,0.0025786,0.0028515
0.054278,0.0092258,0.0070158,0.0066212,0.0079996,0.0089814,0.01238,0.027035,0.031652,0.099201,0.014368,0.0076657,0.0043783,0.0032398,0.0045748,0.0016864,0.00086786,0.020895,0.0046944,0.0033298,0.0017553,0.0029749,0.0023183,0.0028645,0.0042683,0.011509,0.027214,0.0036346,0.0019995,0.00081499,0.00064685,0.0005527,0.00044945,0.00048637,0.00729,0.0029682,0.001923,0.001843,0.0019345,0.0021281,0.0021439,0.01191,0.012749,0.041725,0.0036559,0.001851,0.0011163,0.0007145,0.00058149,0.00023328,0.000412,0.03987,0.012653,0.0094258,0.010516,0.012144,0.015075,0.022786,0.10055,0.087628,0.31644,0.049757,0.026037,0.020854,0.017542,0.015745,0.013276,0.01211,0.019203,0.0025853,0.00085401,0.00091198,0.0016678,0.001638,0.0026522,0.013045,0.0065801,0.022884,0.0038562,0.0012587,0.00046161,0.0010735,0.0019721,0.0004329,2.2899e-05,0.00047686,0.00091098,0.00086152,0.00048601,0.00065416,0.00051345,0.0018599,0.037633,0.015619,0.039155,0.0064942,0.0030345,0.0016875,0.0011317,0.00092844,0.00071965,0.0006714,0.092058,0.017294,0.011825,0.0080241,0.017989,0.01343,0.018044,0.055018,0.051204,0.030606,0.039524,0.0095608,0.010395,0.01185,0.0043332,0.0043165,0.0068704,0.0048085,0.0020051,0.00088704,0.0021133,0.0018416,0.0025589,0.0025448,0.0042058,0.0027495,0.023539,0.0066762,0.0030092,0.0035802,0.0019521,0.0022617,0.0025654,0.0011349,0.0097257,0.0016473,0.0029935,0.0033696,0.0032569,0.0065405,0.0080792,0.0096577,0.011972,0.060546,0.01443,0.0084669,0.007158,0.0057945,0.0051832,0.0054179,0.0048924,0.031487,0.0092846,0.0047695,0.0080016,0.009533,0.013454,0.020069,0.10655,0.0931,0.23058,0.058536,0.034629,0.027599,0.022225,0.019189,0.021048,0.017052,0.02727,0.006299,0.0031099,0.002744,0.0029948,0.0031932,0.003755,0.0090323,0.015363,0.028589,0.0090803,0.0041313,0.0029862,0.0021955,0.0017172,0.002569,0.0036641,0.0034752,0.0016883,0.00099367,0.00066229,0.00090828,0.00095569,0.0012092,0.037059,0.021116,0.044464,0.009882,0.0056274,0.0038456,0.0032691,0.0027613,0.0024527,0.002388
0.07714,0.0026714,0.00078319,0.0015386,0.0020159,0.0028983,0.0031126,0.01048,0.0083395,0.079266,0.0064243,0.0027238,0.0019299,0.00073708,0.0024022,0.0025503,0.0014553,0.034857,0.0025414,0.0010973,0.00039525,0.00090229,0.00093813,0.00072107,0.0018168,0.0014513,0.019225,0.0018159,0.00075919,0.00092583,0.00013382,8.1755e-05,0.00018968,2.0985e-05,0.015831,0.0023778,0.0011452,0.0009676,0.001111,0.0010697,0.00077524,0.0082103,0.00518,0.036724,0.0023951,0.0011629,0.00079842,0.00054121,0.00054818,0.00029224,8.3923e-05,0.073287,0.0092259,0.0055144,0.006942,0.008643,0.010744,0.013376,0.040653,0.044113,0.36487,0.022683,0.010401,0.0059205,0.0048418,0.0023709,0.0022662,0.0020314,0.029797,0.0012439,0.00032548,0.00082754,0.00067101,0.0003073,0.0010126,0.005442,0.0010245,0.021499,0.0017348,0.001051,0.00086316,0.00073703,0.00044601,0.00024262,0.00031282,0.00047874,0.00089643,0.00041608,0.00073871,0.0011545,0.0005926,0.0026075,0.018073,0.0073543,0.055236,0.0010655,0.001101,0.0012575,0.00090896,0.0010932,0.0010917,0.00089075,0.11531,0.0055965,0.001687,0.002851,0.002977,0.0030898,0.0039642,0.0080094,0.0078287,0.10315,0.0032299,0.0019476,0.00075847,0.0011302,0.0027218,0.0008017,0.00042533,0.0093957,0.001041,0.00048758,0.00011325,0.00052114,0.00047595,0.001168,0.0032618,0.002987,0.0056444,0.0038862,0.0015698,0.0014956,0.0010017,0.0011402,0.00078259,0.00081636,0.0077287,0.00089248,0.00062887,0.00072699,0.0005465,0.0014857,0.0014113,0.005536,0.0040107,0.046638,0.0056074,0.0027319,0.0017625,0.00149,0.0012927,0.0013371,0.0012589,0.061873,0.018449,0.0054301,0.019289,0.013696,0.01884,0.026903,0.051409,0.084513,0.10204,0.084588,0.0062232,0.024237,0.0091396,0.011806,0.011884,0.0089857,0.048837,0.0034992,0.002015,0.0068246,0.0038648,0.0056837,0.0085436,0.0078843,0.025926,0.025929,0.021563,0.0015979,0.0072639,0.0028762,0.004109,0.0026892,0.0032464,0.005457,0.0025373,0.0013686,0.0045831,0.0018766,0.006612,0.013551,0.017043,0.027687,0.040748,0.039734,0.008528,0.01375,0.01099,0.0058607,0.011901,0.00084879
0.059852,0.003764,0.0017264,0.0017499,0.0024686,0.0031235,0.0043936,0.013197,0.029424,0.085371,0.013183,0.0077945,0.0063257,0.005919,0.0069318,0.0027916,0.0032177,0.016411,0.0039136,0.0013991,0.0017534,0.00073844,0.0023341,0.0015817,0.0014767,0.0064544,0.03087,0.0029219,0.0015924,0.00098093,0.0011569,0.00095185,0.00096887,0.00086215,0.0072442,0.00095271,0.00040683,0.00036886,0.0009964,0.0015814,0.0022062,0.00054767,0.010671,0.038934,0.0073507,0.0044807,0.0036161,0.0030806,0.0029326,0.002678,0.0026474,0.040345,0.01373,0.023331,0.025534,0.019769,0.017804,0.038526,0.079017,0.095321,0.23978,0.10141,0.070054,0.04537,0.019953,0.012688,0.022781,0.027504,0.028279,0.00035523,0.0014065,0.0021597,0.0011563,0.001058,0.0021995,0.0049695,0.0030482,0.02001,0.0087311,0.0062038,0.0031365,0.0018523,0.0023477,0.0017952,0.0026284,0.0030614,0.0003923,0.00038249,0.00088094,0.00046014,0.0011949,0.0019604,0.0047457,0.0076719,0.032103,0.011166,0.0070267,0.0046708,0.0023117,0.0015179,0.0024448,0.00313,0.09156,0.004677,0.0014873,0.0024968,0.0011121,0.0011241,0.0010639,0.0040493,0.0076712,0.092224,0.0021077,0.0009435,0.00092663,0.0010659,0.0028573,0.00025595,0.0002346,0.01317,0.0010502,0.0015026,0.00099003,0.0002701,0.00053332,0.0013961,0.00072967,0.0054319,0.021478,0.0041765,0.0027366,0.0018491,0.0014583,0.0016247,0.0012304,0.0013867,0.0089933,0.00099384,0.00071442,0.0005345,0.00092476,0.0008996,0.0017341,0.0012336,0.0066657,0.06494,0.0045554,0.0030517,0.0025311,0.0020627,0.0019303,0.0018965,0.0017186,0.041611,0.0029342,0.00022338,0.0040499,0.0033768,0.0039412,0.0051365,0.013609,0.024278,0.19042,0.0098321,0.0050897,0.0025705,0.0013144,0.0031333,0.0019001,8.3912e-05,0.025092,0.0032969,0.002834,0.0007011,0.0019944,0.0021889,0.0025417,0.0029122,0.005337,0.043868,0.00591,0.0033252,0.0024202,0.0020816,0.00083106,0.0016399,0.0016728,0.0042363,0.00068533,0.001111,0.0010235,0.0017334,0.0025165,0.0035974,0.013152,0.010747,0.051924,0.012985,0.006873,0.0050285,0.0040931,0.0038469,0.0035738,0.0037251
0.035178,0.0042561,0.0039189,0.0031701,0.0039853,0.0040678,0.0055296,0.0082877,0.020949,0.046163,0.0080051,0.003541,0.0020847,0.0015258,0.0028801,0.00042187,0.00055123,0.0041428,0.0019908,0.0015895,0.00067529,0.00076923,0.0011787,0.00098213,0.0016807,0.0041001,0.02147,0.0020521,0.0012422,0.00083918,0.00043981,0.00046789,5.3678e-05,1.5263e-05,0.0027142,0.0021144,0.0014429,0.0017389,0.0016847,0.0021183,0.0031379,0.0039638,0.0069934,0.029943,0.0045269,0.002393,0.0013947,0.0013188,0.001117,0.00078814,0.00071907,0.020243,0.00559,0.0043269,0.0074919,0.0072758,0.010295,0.013904,0.01802,0.048397,0.28046,0.07537,0.037441,0.027336,0.022359,0.019635,0.018177,0.017062,0.023953,0.00085694,0.00041268,0.0011995,0.0011342,0.00064007,0.00071901,0.0012302,0.0031004,0.024304,0.0047315,0.0028244,0.0016981,0.0017168,0.00063421,0.0004752,0.0012055,0.0030518,0.00066082,0.00084472,0.00087942,0.0011828,0.0017365,0.0027848,0.0052308,0.0037843,0.045731,0.0064933,0.0029302,0.0020929,0.0016025,0.0012708,0.0011607,0.0011215,0.059178,0.0036284,0.0031438,0.0016878,0.0030154,0.0014329,0.0031476,0.0040475,0.010303,0.1025,0.0068827,0.0034285,0.0020688,0.0016521,0.0038631,0.0014825,0.00098039,0.013003,0.0013443,0.00092382,0.00044687,0.0012052,0.0010402,0.0015063,0.002237,0.0041362,0.031098,0.0017971,0.00089434,0.00045901,0.00032135,0.00018262,0.00013348,1.3355e-05,0.0069848,0.0011182,0.00054541,0.00079823,0.00099614,0.0010469,0.0014488,0.0021478,0.0021828,0.058802,0.0020715,0.00099749,0.00069934,0.00055361,0.00031771,0.00018821,0.00032808,0.021067,0.0048967,0.0034872,0.0043591,0.0040314,0.0044692,0.0063787,0.008527,0.015887,0.15,0.01459,0.0071005,0.0042745,0.0034122,0.0041035,0.0028839,0.0021725,0.0030156,0.0028565,0.00088777,0.0021294,0.0015834,0.0014432,0.0022189,0.0022304,0.004358,0.043237,0.0040979,0.0013819,0.0011814,0.00044308,0.0015598,0.00022907,0.00065806,0.0048219,0.0014884,0.0011915,0.0012864,0.0016406,0.0017774,0.0025195,0.0053606,0.0050031,0.062088,0.0071067,0.0032166,0.0022757,0.0017251,0.001348,0.0013187,0.0014077
0.026934,0.0022051,0.0040988,0.0016754,0.0028909,0.0023266,0.0019547,0.0031054,0.0055957,0.033354,0.0045252,0.0013209,0.0010125,0.00071698,0.0036084,0.00095608,0.00047113,8.2023e-05,0.0016985,0.0012665,0.0008483,0.0015692,0.00039404,0.00056293,0.00083458,0.0020223,0.011776,0.0014628,0.00042007,0.00041495,0.00031561,0.00035334,0.00013648,0.00011635,0.0044461,0.00041085,0.00085024,0.0010667,0.0011911,0.0011347,0.0014227,0.0026024,0.0038931,0.029747,0.0028692,0.0011417,0.00066119,0.00040876,0.00013749,0.00012184,1.3351e-05,0.025511,0.0048865,0.0071025,0.0057268,0.0052699,0.0065569,0.0077399,0.013977,0.021599,0.41536,0.040587,0.02099,0.014539,0.010841,0.01047,0.0095746,0.007372,0.016234,0.0023706,0.00079997,0.00070495,0.0012964,0.0012128,0.0013224,0.0018481,0.0022227,0.021411,0.0032297,0.0012403,0.00035831,0.00014142,0.0023864,0.00042705,0.00047492,0.00039101,0.00040601,0.00055279,0.00039083,0.00088054,0.00077301,0.00089388,0.0014881,0.0024997,0.043457,0.0021412,0.0011939,0.00077704,0.0005684,0.00080179,0.00049766,0.00047112,0.057092,0.0024088,0.0023536,0.0028123,0.0034945,0.003548,0.0044747,0.0075933,0.014876,0.11593,0.010013,0.0043044,0.0033601,0.0027279,0.0032465,0.0018954,0.0017548,0.0057622,0.0011203,0.0017673,0.00050974,0.00068087,0.00059359,0.00089998,0.001248,0.0033439,0.023766,0.0021634,0.0012372,0.0014011,0.0010257,0.0010817,0.00087333,0.00076104,0.0023747,0.00098747,0.0006277,0.00082415,0.00064071,0.000962,0.0012501,0.0013216,0.0046519,0.051638,0.003454,0.0017073,0.0013558,0.00113,0.00088517,0.0008744,0.00079538,0.014281,0.0018934,0.0019645,0.0020395,0.0022168,0.0014988,0.0021833,0.0025733,0.0015386,0.16149,0.0044252,0.0025863,0.00078354,0.00063624,0.0037345,0.0004892,0.00066567,0.0064431,0.0017267,0.00066842,0.0023737,0.0010602,0.00031775,0.00087163,0.00067009,0.0013084,0.045817,0.0012955,0.0011444,0.00096713,0.00034563,0.0011339,0.00014508,0.00041961,0.0060426,0.0003664,0.00049698,0.00048201,0.00056759,0.00078417,0.00081911,0.001853,0.002218,0.060941,0.0012029,0.00070831,0.00032497,0.00033793,0.0005656,0.00021298,0.00030136
0.010748,0.0035914,0.0024695,0.00081701,0.00078073,0.00022809,0.00156,0.0018699,0.0065496,0.051204,0.0037405,0.0025482,0.0019208,0.0013416,0.0053249,0.0014968,0.00052452,0.001236,0.0024193,0.00088922,0.00043094,0.0007694,0.00061112,0.00042653,0.00062168,0.0020487,0.0025762,0.0014649,0.00088196,0.00077835,0.00039558,0.00058919,0.00046158,0.00045395,0.0013046,0.001627,0.00073359,0.00023314,0.00035224,0.00044837,0.00058623,0.0015184,0.0029915,0.031852,0.00067764,0.00047326,0.00043585,0.00029006,0.00058079,0.00025577,0.00025941,0.019976,0.011774,0.014422,0.013755,0.014924,0.015717,0.018589,0.030431,0.055096,0.39939,0.041401,0.018466,0.010649,0.0055794,0.0043096,0.0028359,0.0006733,0.003933,0.0014926,0.00097853,0.0011401,0.00070818,0.00065919,0.00055818,0.0014474,0.0024607,0.016687,0.0025553,0.00097615,0.00053961,0.00067683,0.0013597,0.00039657,0.00052264,0.0026493,0.0011195,0.001214,0.001249,0.0014093,0.0016892,0.0020886,0.0018005,0.0057774,0.035586,0.0034316,0.0017711,0.00098443,0.00051128,0.00037014,0.00020873,2.0985e-05,0.046569,0.0039599,0.0030698,0.0010695,0.0020159,0.0030356,0.0051618,0.0080931,0.020072,0.1145,0.01659,0.0092819,0.0068799,0.0066083,0.0040808,0.0056436,0.0053388,0.0029717,0.0013095,0.0012162,0.00071227,0.00065667,0.0008755,0.00077689,0.0017259,0.0037008,0.0071756,0.0025776,0.00091628,0.00067224,0.00065351,0.00079374,0.00037713,0.00047685,0.00088311,0.00047796,0.00032779,7.7293e-05,0.00026796,0.00010075,0.00029778,0.0011661,0.0032661,0.041972,0.0023467,0.00095375,0.0007314,0.00056126,0.00062836,0.00051366,0.000597,0.0035592,0.0037795,0.0065752,0.0052113,0.0064767,0.0063331,0.0088013,0.01024,0.023357,0.16435,0.024577,0.009062,0.0058915,0.004358,0.0045183,0.0032054,0.0020714,0.001379,0.0019319,0.0011579,0.0013682,0.0012163,0.0015351,0.0020812,0.0030386,0.0059902,0.044223,0.0079583,0.0027749,0.00227,0.0018785,0.00095007,0.0011753,0.0011883,0.0041104,0.0020655,0.0018753,0.0020727,0.001994,0.0028206,0.0031912,0.004192,0.0086623,0.050745,0.0082476,0.0033058,0.001843,0.0011767,0.00088443,0.00074139,0.00071145
0.01243,0.0010881,0.0044633,0.00020225,0.0003748,0.00040171,0.0019111,0.0022263,0.0030061,0.043329,0.0035345,0.0024245,0.0019423,0.0015344,0.0026675,0.0009233,0.00084117,0.0063687,0.0015274,0.00091823,5.2571e-05,0.00077843,0.00045521,0.00018947,6.3224e-05,0.00060695,0.0013043,0.00037856,0.00055033,0.00062095,0.00017364,0.00036484,0.00015128,9.346e-05,0.0024415,0.00030831,0.00037595,0.00056374,0.00079303,0.00091796,0.0010223,0.00098846,0.0021721,0.028179,0.0020212,0.001018,0.00067252,0.00048733,0.00067563,0.00040287,0.00024797,0.050444,0.038043,0.034288,0.043573,0.045216,0.03236,0.039902,0.058349,0.053012,0.39272,0.023322,0.034483,0.049916,0.044262,0.034744,0.040981,0.046202,0.0081769,0.0018209,0.00126,0.0017763,0.0015395,0.0014039,0.0016513,0.0022374,0.0023053,0.015362,0.00071156,0.00070963,0.0017793,0.0015805,0.0023565,0.0012127,0.0016728,0.0049458,0.0031824,0.0031283,0.0037812,0.0037342,0.0032505,0.0029924,0.0044539,0.004849,0.037557,0.0038234,0.0021581,0.0043487,0.0040618,0.002769,0.0033314,0.0042401,0.039124,0.00028114,0.0034138,0.0017198,0.00045777,0.00059218,0.0010569,0.00096461,0.00051526,0.09713,0.0017481,0.000954,0.0012431,0.00057136,0.00066348,0.00071837,0.00042725,0.00027847,0.0013587,0.00095037,0.00031725,0.00060068,0.000304,0.00033215,0.00035576,0.00054436,0.0044635,0.00048177,0.00012491,0.00029537,7.9893e-05,0.00025963,0.0001808,7.6294e-05,0.00055505,0.00046768,0.00038984,0.00011674,0.00031398,0.00046007,0.0002892,0.00049489,0.00039296,0.042103,0.00057784,0.00041338,0.00030056,0.00026857,0.00021918,0.00022135,0.00024606,0.0026627,0.0031194,0.0037376,0.0017778,0.0026564,0.0027574,0.004668,0.0064823,0.020361,0.16158,0.020385,0.010905,0.0076199,0.0056235,0.008266,0.0058631,0.0066148,0.0033913,0.00079594,0.00068817,0.0010243,0.0011028,0.00095744,0.0012313,0.0016657,0.0042151,0.044835,0.0049773,0.0023183,0.002125,0.0014382,0.0011631,0.0012761,0.00103,0.0036774,0.00038547,0.00067689,0.0009235,0.0012027,0.0013203,0.0014094,0.0025469,0.0044465,0.051423,0.0061671,0.0027891,0.001897,0.0015359,0.0011922,0.0011995,0.0010796
0.0035,0.0025579,0.0023975,0.0028525,0.0020634,0.0019775,0.0019164,0.0029438,0.0057785,0.039726,0.0061279,0.0018816,0.0011857,0.001151,0.0036364,0.00055748,0.0001774,0.00086403,0.0019338,0.0010673,0.00047352,0.00052433,0.00046604,0.00083362,0.00032352,0.0010679,0.0031081,0.00099056,0.00032863,0.00050659,0.00042401,0.00020165,0.00013239,4.0058e-05,0.0016155,0.001106,0.0008946,0.0011135,0.0011393,0.0012119,0.0011913,0.0019548,0.0039347,0.030981,0.0039454,0.0014247,0.00079801,0.00039038,0.00071697,0.00011448,4.0051e-05,0.010975,0.0059632,0.0050067,0.0092812,0.010054,0.010055,0.01358,0.020546,0.039779,0.39964,0.04259,0.020806,0.012871,0.010558,0.0098433,0.0085084,0.0068208,0.0026131,0.0010564,0.001183,0.0013131,0.00087498,0.00028173,0.00025981,0.00046388,0.0013169,0.016877,0.00095105,0.0014515,0.00071617,0.0007153,0.0017337,0.00094678,0.00052644,0.00010682,0.0004471,0.00024114,0.00035445,0.00060681,0.00099495,0.0011521,0.0019968,0.0042005,0.038677,0.004828,0.0024812,0.0017145,0.0014799,0.0013746,0.0012978,0.0012207,0.034411,0.0056488,0.0077084,0.0075964,0.0069183,0.0058971,0.013001,0.023497,0.030142,0.067733,0.030681,0.022265,0.012352,0.0047378,0.0064254,0.0074842,0.0076772,0.0082055,0.0030329,7.3143e-05,0.0012788,0.00073055,0.00077662,0.00052968,0.0021147,0.0033503,0.0054486,0.0024514,0.0015659,0.00062898,0.00051697,0.00051423,0.00062306,0.00027467,0.0046731,0.0017384,0.0030036,0.0035169,0.0026614,0.0017817,0.0053607,0.010208,0.014636,0.031088,0.012753,0.010072,0.0057516,0.0024915,0.0028312,0.0034795,0.0036278,0.0071279,0.0065673,0.0091615,0.0015952,0.0087341,0.014189,0.0026625,0.029269,0.065002,0.12357,0.081016,0.036597,0.010273,0.02519,0.017242,0.012325,0.023856,0.0038338,0.00090424,0.0021222,0.0011518,0.0014633,0.0041191,0.0017523,0.0066472,0.013855,0.034377,0.020862,0.010045,0.002652,0.0070185,0.0034138,0.0030414,0.0054666,0.0029736,0.0027794,0.0028075,0.00047358,0.0030527,0.0042512,0.00030297,0.0079942,0.014603,0.039008,0.022429,0.009342,0.0030248,0.0067541,0.0039216,0.0028438,0.0052396
0.0041638,0.0028536,0.0019976,0.00033965,0.0018298,0.0018206,0.0023195,0.0031255,0.0085887,0.033,0.0065222,0.0021767,0.0013751,0.0015682,0.0032401,0.00029953,0.00031091,0.00038148,0.00074383,0.00046613,0.00094448,0.0010057,0.00038775,9.9228e-05,0.00081755,0.0015565,0.0080273,0.0014272,0.00086079,0.00066736,7.2534e-05,0.00076111,0.00038737,0.00029756,0.0023671,0.0013752,0.0006453,0.00060223,0.00053736,0.0010705,0.0014771,0.0023599,0.0044732,0.030774,0.0051744,0.0022259,0.0016018,0.0013153,0.00075746,0.0008843,0.00084879,0.0019722,0.0022642,0.0025742,0.0022454,0.003093,0.0038462,0.0042759,0.007954,0.02199,0.42045,0.02559,0.010842,0.0075183,0.0060859,0.0064184,0.0056376,0.0050507,0.0058366,0.00090774,0.0003437,0.00073943,0.0006314,0.0002265,0.00051434,0.00069364,7.1216e-05,0.02091,0.0017031,0.00041512,0.00070458,0.00045133,0.0011909,0.00061974,0.00034714,0.00013733,0.00045199,0.00041535,0.00049859,0.00066196,0.0010944,0.0010232,0.001207,0.0040212,0.048666,0.0061615,0.0029807,0.0023206,0.0016855,0.0017461,0.0014306,0.0015259,0.037543,0.0023876,0.00098037,0.00032035,0.00042806,0.00080961,0.0011186,0.0015271,0.0040529,0.084883,0.00098928,0.00065829,0.00040025,0.00035676,0.0011744,0.00025454,0.00029948,0.010439,0.0006753,0.00045751,0.0006778,0.0010609,0.00027946,0.00042447,0.00074513,0.00069854,0.010402,0.001076,0.00054009,0.00054761,0.00039021,0.00011357,0.00027965,0.00029182,0.0019322,0.00075508,0.00046841,0.0005483,0.00032797,0.00082413,0.00063185,0.0013301,0.0010817,0.043661,0.0014819,0.00054264,0.00045947,0.00024811,0.00037405,0.00014407,0.00024986,0.014307,0.0033693,0.0064738,0.0049057,0.0055674,0.0059386,0.0090213,0.011229,0.029972,0.14683,0.03219,0.014678,0.0096877,0.0077222,0.0091211,0.0065375,0.0072728,0.0023194,0.00042001,0.0011806,0.0024405,0.0012138,0.0016592,0.0018973,0.0032256,0.0049489,0.043381,0.0077226,0.0047454,0.002757,0.0025072,0.00097664,0.0012895,0.0012283,0.0048237,0.0019846,0.0016611,0.0017902,0.0019391,0.0025714,0.0027709,0.0035691,0.0066791,0.056279,0.0086584,0.0036877,0.0023615,0.0015021,0.0011268,0.0010713,0.00086023
0.0025235,0.0027783,0.0014928,0.0023158,0.0023732,0.0016678,0.0032559,0.0040044,0.0078027,0.024041,0.010197,0.0045257,0.003222,0.0039869,0.0027589,0.0026548,0.0015049,0.0032406,0.0015682,0.00053225,0.0007147,0.00032897,0.00086484,0.00074574,0.0012556,0.0026055,0.01437,0.0036612,0.0015495,0.0011498,0.0011528,0.00073899,0.00082798,0.00076868,0.0010567,0.0005003,0.00060705,0.00059952,0.00099091,0.0013656,0.001578,0.0027751,0.0060047,0.028283,0.0088568,0.004173,0.0029486,0.002433,0.0022788,0.0020318,0.001957,0.033001,0.029356,0.01483,0.0053133,0.023437,0.043578,0.058899,0.063965,0.063391,0.30011,0.091249,0.061079,0.042605,0.025855,0.01508,0.0081641,0.0060235,0.0052243,0.00073341,0.00076093,0.0016747,0.0023445,0.0036501,0.0044254,0.0052587,0.006332,0.023711,0.0066918,0.0052941,0.0041268,0.0033674,0.00058537,0.0014364,0.0013981,0.0015068,0.0021796,0.0027425,0.0026976,0.0019654,0.0028125,0.0057015,0.0094026,0.0095639,0.045857,0.018565,0.012276,0.0074133,0.0026075,0.0021444,0.0048412,0.0058022,0.037533,0.0017364,0.0025485,0.0026608,0.0024622,0.003054,0.003218,0.004988,0.010809,0.075472,0.0090663,0.0035631,0.0015602,0.0012577,0.0021228,0.00028717,5.3395e-05,0.0085355,0.0019723,0.00095325,0.0010476,0.00087286,0.00077036,0.00077368,0.0010626,0.0017967,0.011717,0.0019688,0.00064545,0.00043869,0.00020503,0.00031925,0.00016334,0.00018883,0.00094604,0.0015182,0.0012022,0.0011357,0.0016806,0.0014272,0.0017679,0.0030173,0.0048763,0.045285,0.0052846,0.0020376,0.0011229,0.00071705,0.00043022,0.00028405,0.00025558,0.0068742,0.0038143,0.0032645,0.0036411,0.0041072,0.0060634,0.0078943,0.013096,0.028294,0.1365,0.041157,0.020046,0.013788,0.01145,0.011008,0.0098623,0.0088159,0.0008526,0.0010827,0.0012388,0.0019209,0.0014935,0.0021084,0.0024878,0.0029852,0.0062801,0.039957,0.0095366,0.0043954,0.002854,0.0021234,0.0027106,0.0022095,0.0020657,0.0032559,0.00045723,0.00038305,0.0005229,0.00085009,0.0013939,0.0022819,0.0026001,0.0072582,0.057881,0.013319,0.0064873,0.0046162,0.0036981,0.0032145,0.003083,0.0031491
0.0030633,0.00070384,0.0032202,0.0027666,0.0022997,0.0026715,0.0038334,0.0050451,0.0082554,0.03183,0.011332,0.0046947,0.0031192,0.003154,0.0014411,0.0007803,0.00076677,0.006075,0.0020076,0.00051618,0.00060785,0.0010066,0.00097505,0.0015892,0.0017907,0.0036938,0.018157,0.0052091,0.0022597,0.0014048,0.0009886,0.00095072,0.0007731,0.00085642,0.00075723,0.0019999,0.0021056,0.0021384,0.0026415,0.0027859,0.0036272,0.0048244,0.0079337,0.034461,0.010386,0.0038517,0.0022615,0.0014152,0.00067475,0.00045706,0.00021174,0.00523,0.0043128,0.0049259,0.004956,0.0057554,0.0067775,0.0082939,0.014314,0.027257,0.23018,0.025609,0.012816,0.0081294,0.0070182,0.0066675,0.0058588,0.0054627,0.00092317,0.0013111,0.0015571,0.0013309,0.00058589,0.0011929,0.00093644,0.001759,0.0031864,0.028929,0.0048415,0.0022618,0.0012123,0.00096058,0.00067206,0.00096891,0.00091173,0.0001335,0.0014124,0.0010464,0.0012981,0.0015606,0.0017741,0.0019934,0.003854,0.0061387,0.043889,0.010566,0.0050505,0.0033073,0.0026308,0.0025902,0.0024037,0.0022583,0.037985,0.0013896,0.00087815,0.0025566,0.0015941,0.0018845,0.0021852,0.0026129,0.0061225,0.076988,0.0049911,0.00225,0.00094418,0.00064968,0.0017002,0.00026738,1.717e-05,0.0055505,0.002077,0.00083009,0.00086501,0.00055674,0.00083369,0.0011853,0.0011576,0.0025881,0.010637,0.0025385,0.0012435,0.00076107,0.00064369,0.00021663,0.00018983,7.6294e-06,0.00057795,0.0010759,0.0011299,0.0012023,0.0017654,0.0015453,0.0020098,0.0027115,0.0054238,0.046239,0.006923,0.0032326,0.0022754,0.0016986,0.0015474,0.0012465,0.001173,0.0016747,0.00929,0.0092661,0.010598,0.010515,0.012917,0.015267,0.022155,0.034433,0.16031,0.04425,0.016999,0.0096668,0.0050016,0.0046921,0.0029174,0.0027543,3.8147e-05,0.0032922,0.0024111,0.0026103,0.0024629,0.0028578,0.0032364,0.0051033,0.007702,0.040033,0.010686,0.0046371,0.0023691,0.0021123,0.00067069,0.00084671,0.00066758,0.00051691,0.0024999,0.0030446,0.0030996,0.0035907,0.0041026,0.0048001,0.0069564,0.010527,0.055071,0.014711,0.0060328,0.0034701,0.0022436,0.0017468,0.0014032,0.0013638
0.0028573,0.0020409,0.003539,0.0006816,0.0015905,0.0010918,0.0024445,0.0051401,0.0064945,0.039159,0.015257,0.0062673,0.0051876,0.0043855,0.0044006,0.0032441,0.0034981,0.00453,0.0014338,0.0011736,0.00085191,0.00077574,0.0016315,0.001294,0.0016526,0.0040295,0.018925,0.006474,0.0028798,0.0019449,0.00138,0.0013134,0.0012178,0.00107,0.0028496,0.00027526,0.00059401,0.00089654,0.0014067,0.0016764,0.0022499,0.0028982,0.0068199,0.040106,0.015078,0.0070727,0.0047584,0.0040658,0.0033375,0.0032126,0.003151,0.0005436,0.0027039,0.0028605,0.0021391,0.0027371,0.0031083,0.0043674,0.01001,0.012475,0.18796,0.010336,0.006848,0.0055145,0.0036679,0.0035545,0.0034968,0.0042554,0.0051194,0.0010154,0.00032496,0.00012127,0.00031976,0.0003682,0.00056477,0.0018044,0.0025535,0.026447,0.0044413,0.0018543,0.0013466,0.0015256,0.0012947,0.0011258,0.0012703,0.001957,0.0019438,0.0018803,0.0019061,0.0019068,0.0026073,0.0029127,0.0054608,0.0066643,0.033355,0.0090823,0.0034009,0.0018304,0.0010168,0.00087667,0.00051558,0.00041959,0.033837,0.0025151,0.00094686,0.001667,0.0020432,0.0022944,0.003682,0.0043343,0.0070633,0.08599,0.010302,0.0048025,0.0037818,0.0031304,0.00082382,0.0015695,0.0013962,0.0096399,0.0008803,0.00047935,0.00037777,0.00027728,0.0006433,0.001019,0.0011321,0.0023077,0.015872,0.0043758,0.0021677,0.0014462,0.0012458,0.0011325,0.0010843,0.0010186,0.0038949,0.0010191,0.00060698,0.00077049,0.0011485,0.0011704,0.0016565,0.0022066,0.0069335,0.039665,0.011028,0.0054029,0.0039151,0.0032035,0.0030073,0.0026053,0.0025521,0.016506,0.0029716,0.0039447,0.004226,0.0058018,0.0070847,0.010892,0.019149,0.034032,0.15864,0.067713,0.030855,0.022067,0.018428,0.015667,0.015248,0.015324,0.0035801,0.00091999,0.0006301,0.00111,0.0017064,0.0017071,0.0024854,0.0044868,0.0071053,0.039766,0.016407,0.0085286,0.005415,0.005069,0.0035852,0.0037257,0.0030308,0.0021439,0.0010577,0.0012525,0.0014831,0.0017369,0.0021282,0.0030496,0.0066386,0.0095032,0.045607,0.020172,0.0088401,0.0060972,0.0048691,0.0044685,0.0040562,0.0039292
0.0014553,0.0028632,0.0012689,0.0028402,0.001917,0.0021386,0.0042235,0.0052038,0.0061136,0.031992,0.019469,0.0069571,0.0044568,0.0050519,0.0024348,0.0018321,0.0014706,0.0029393,0.0010409,0.00058379,0.00056638,0.0016029,0.00098774,0.001224,0.0019047,0.0037394,0.013076,0.0091313,0.0035867,0.0022437,0.0016145,0.0016838,0.0016629,0.0014973,0.0027886,0.0022041,0.0019975,0.0022138,0.0021546,0.0029081,0.0037188,0.0042751,0.0077762,0.036556,0.014766,0.0055011,0.0032458,0.0027813,0.0016504,0.0015603,0.0015068,0.002821,0.0061729,0.0053034,0.0062881,0.0063501,0.0065802,0.0090612,0.014845,0.022064,0.24888,0.019601,0.007878,0.00571,0.0032816,0.002371,0.0016578,0.0012989,0.0062581,0.00090688,0.0004738,0.00047812,0.00011128,0.00023039,0.00029821,0.00099443,0.00080285,0.024479,0.00055618,0.00075999,0.00027089,0.00059616,0.0011369,0.00029304,0.00064278,0.00091175,0.00080368,0.0006039,0.00063452,0.00073626,0.00075952,0.00080466,0.0024193,0.0037275,0.017605,0.0054113,0.0025189,0.0018728,0.0012715,0.0010298,0.0011614,0.0010033,0.031737,0.0024198,0.0012347,0.0019081,0.0024301,0.0021763,0.0038771,0.0053678,0.019115,0.091615,0.021428,0.011167,0.0080432,0.0065278,0.0064475,0.0054555,0.0051938,0.010351,0.001067,0.0013879,0.0014904,0.0022148,0.0013712,0.0022149,0.0026352,0.0045767,0.022363,0.0054359,0.0021774,0.0012541,0.00049183,0.00086869,0.0005892,0.00048256,0.0070668,0.0022335,0.002252,0.0023332,0.0024473,0.0029171,0.0035754,0.0048666,0.0080484,0.040023,0.01114,0.0040411,0.0021912,0.0015153,0.00070776,0.00030349,6.2939e-05,0.025956,0.009555,0.011124,0.011218,0.012841,0.014016,0.016511,0.019929,0.035005,0.19091,0.053552,0.021086,0.013301,0.0092725,0.0050907,0.0046317,0.0038758,0.0040665,0.0028719,0.0027442,0.0029059,0.0031513,0.0035174,0.0046394,0.0060892,0.010579,0.043811,0.016527,0.0065232,0.0040999,0.0030153,0.0024,0.0024036,0.0021935,0.0069886,0.0028035,0.0028684,0.0031769,0.0034352,0.0040599,0.0047438,0.0065655,0.010537,0.03884,0.014751,0.0055531,0.0030347,0.0017093,0.0010375,0.0004634,5.7235e-05
0.0050126,0.0027689,0.0034678,0.0024975,0.0042436,0.0029611,0.004943,0.0068346,0.010252,0.017786,0.017563,0.0059781,0.0034761,0.0050998,0.00044713,0.00074785,0.00065612,0.0017376,0.00207,0.001289,0.00099805,0.0010323,0.0018111,0.0015502,0.0025941,0.0041398,0.012821,0.0078206,0.0026306,0.0014732,0.0010893,0.00082741,0.0005758,0.00057032,3.8408e-06,0.0012493,0.0016915,0.0017087,0.0020164,0.0022482,0.0029197,0.0035839,0.0057056,0.0080469,0.010408,0.0034386,0.0019649,0.0014181,0.00066425,0.00043798,0.00042343,0.0021248,0.0025158,0.0037306,0.0036149,0.0046487,0.0061968,0.007296,0.01292,0.023562,0.33707,0.023819,0.011891,0.0070523,0.0070364,0.0049702,0.0056404,0.0054055,0.0077993,0.00041787,0.00050269,0.00044927,0.0003251,0.00022943,0.0006833,0.00064727,0.00044628,0.025746,0.0023768,0.00089935,0.00054735,0.00096134,0.0011941,0.00040002,0.00017355,0.00085449,0.0011098,0.0012719,0.0013497,0.0015352,0.0020573,0.0021988,0.0017357,0.0052389,0.011406,0.0073914,0.0030408,0.0018128,0.0013166,0.0013727,0.0010027,0.00080491,0.028937,0.0054814,0.007667,0.0064002,0.0069879,0.0071847,0.0093428,0.012965,0.020123,0.11593,0.026278,0.01075,0.0062637,0.0032754,0.0037792,0.0030879,0.0024433,0.013331,0.00072647,0.00052027,0.00042521,0.00083014,0.00062366,0.0012486,0.001804,0.0035728,0.02258,0.0078339,0.0038222,0.0027323,0.0019936,0.0019094,0.0017553,0.001627,0.0037614,0.00035717,0.00053841,0.000481,0.00070911,0.0012923,0.0013118,0.0036808,0.0064192,0.034472,0.013355,0.0060022,0.0042158,0.0036123,0.0026932,0.0027411,0.0027543,0.023354,0.011291,0.011769,0.010348,0.011656,0.017424,0.017605,0.020494,0.045794,0.15343,0.049677,0.029945,0.018251,0.0071288,0.010474,0.0088425,0.003376,0.0015297,0.0034924,0.0038179,0.0037663,0.0037153,0.0048639,0.0062708,0.0065156,0.012224,0.047258,0.017307,0.0061642,0.0046993,0.0018883,0.00081805,0.0013845,0.00074006,0.0068627,0.0021868,0.001797,0.0038549,0.0027801,0.0022766,0.0058266,0.0057387,0.0054534,0.04047,0.015502,0.0047197,0.004835,0.0019593,0.0018765,0.0023155,0.00094989
0.00042342,0.0031277,0.0041397,0.0030473,0.0034669,0.0030021,0.0039547,0.0039703,0.0069556,0.030808,0.016427,0.0052715,0.0026898,0.002515,0.0018519,0.00026832,0.00013351,0.0058213,0.001796,0.001318,0.0011564,0.0013412,0.0013929,0.0015652,0.0020605,0.0032738,0.0075431,0.0067688,0.0023058,0.0014171,0.0009233,0.00065574,0.00050862,0.00034333,0.0052205,0.00087926,0.0012896,0.0012101,0.0014031,0.0015576,0.001795,0.0028173,0.0030932,0.0082535,0.0089538,0.0027006,0.0013407,0.00059375,0.00064963,0.00031143,0.00027656,0.0087472,0.0027234,0.0030478,0.0042884,0.0041388,0.0053217,0.0057974,0.006952,0.018314,0.36035,0.018428,0.0083037,0.0038811,0.003702,0.0022949,0.0026652,0.0022965,0.0037003,0.00095346,0.00015705,0.00063755,0.00024294,0.00067975,0.00012392,0.00076124,0.002007,0.022831,0.0026725,0.001344,0.0010222,0.00098518,3.0108e-05,0.00089777,0.00096894,0.0008793,0.00047633,0.00045558,0.00068601,0.00065705,0.00091145,0.0015158,0.0013221,0.004346,0.049376,0.0084323,0.0039577,0.0028013,0.0021174,0.0022598,0.0018027,0.0017872,0.03925,0.0066848,0.00815,0.011428,0.004142,0.016859,0.014558,0.018473,0.059777,0.050634,0.087937,0.023538,0.019785,0.018504,0.010389,0.016939,0.0080796,0.010101,0.0018545,0.0012986,0.0014276,0.0012437,0.0024988,0.0020717,0.0020749,0.0080706,0.0067182,0.012447,0.0028724,0.0028162,0.0024464,0.0011602,0.0023379,0.00044633,9.536e-05,0.0014358,0.0016046,0.002391,0.0014654,0.0032024,0.0031238,0.0031673,0.013322,0.013635,0.017014,0.0043123,0.0040494,0.0037916,0.0015176,0.0032433,0.0011711,0.0065423,0.0070547,0.0080996,0.0090977,0.010532,0.011901,0.01415,0.021746,0.035338,0.10865,0.060928,0.026829,0.01798,0.01463,0.010638,0.0098283,0.0095636,0.0021668,0.00302,0.0029356,0.0026449,0.0034708,0.003658,0.0046927,0.0060944,0.010144,0.046302,0.015379,0.0063071,0.0041134,0.0022382,0.0027046,0.0022421,0.0019074,0.001009,0.0009498,0.0009685,0.0011495,0.0014232,0.0017148,0.0028499,0.0038956,0.0080776,0.060028,0.016774,0.0079334,0.0053467,0.0044536,0.0038433,0.0036877,0.0035191
0.003357,0.0021272,0.004212,0.0016936,0.0020602,0.0031818,0.0035641,0.0064469,0.0033365,0.034865,0.019459,0.0073052,0.0038721,0.0016656,0.0031963,0.0022136,0.0027771,0.0063306,0.0016995,0.00093136,0.00029026,0.0011207,0.0013523,0.0014544,0.0018456,0.0022285,0.016057,0.0068185,0.0021352,0.001152,0.00086911,0.00049394,0.00022075,0.00014303,0.00092507,0.0017182,0.0023233,0.0023826,0.002299,0.0027438,0.0031375,0.0043297,0.0070756,0.032208,0.014958,0.0052118,0.0029609,0.0019048,0.0015289,0.0014082,0.0012989,0.01063,0.008621,0.0095493,0.0099007,0.010771,0.013564,0.015976,0.021203,0.047784,0.23448,0.06197,0.029637,0.020543,0.016638,0.014767,0.013461,0.012751,0.0044728,0.00054724,0.0002126,0.00061173,0.00035795,0.00082866,0.00093297,0.00067569,0.0031993,0.025523,0.0022325,0.0010273,0.00086722,0.0009008,0.00077488,0.0013051,0.001154,0.00060845,0.0011323,0.0010182,0.0013761,0.0014123,0.0016346,0.002149,0.005054,0.0064796,0.03952,0.011945,0.0055043,0.0036591,0.0030505,0.002648,0.0025357,0.0024891,0.035637,0.002638,0.0033844,0.003883,0.0044758,0.0047596,0.0051066,0.0079582,0.014735,0.11582,0.019021,0.008675,0.0062793,0.0042353,0.0043104,0.0037473,0.0029984,0.0085641,0.00090437,0.0006906,0.00042436,0.00049375,0.00014236,0.00055381,0.000245,0.0011723,0.0096211,0.00077542,0.00045058,0.00040519,0.00044465,7.6756e-05,0.00011763,0.00011445,0.0023098,0.00033064,0.00024659,0.00019683,0.00032629,0.00040776,0.0003877,0.000624,0.00238,0.014454,0.0026519,0.0013827,0.00088443,0.00072257,0.00064933,0.00064166,0.00074199,0.0077154,0.0064549,0.0061382,0.0049761,0.0071496,0.0082932,0.010312,0.016307,0.026232,0.1919,0.0469,0.021238,0.013841,0.011278,0.0090252,0.0088989,0.0083715,0.0010452,0.0019866,0.0012568,0.0017553,0.0018237,0.0025286,0.003358,0.0043287,0.0085931,0.0458,0.015864,0.0072743,0.0050845,0.0040118,0.0039166,0.0036876,0.0037881,0.00019838,0.0026629,0.0028163,0.0034075,0.0032668,0.0038411,0.0047223,0.0080609,0.010803,0.049725,0.015198,0.0064331,0.0037841,0.0026902,0.0020007,0.0016339,0.0016403
0.00028801,0.0019429,0.0017541,0.0019887,0.0014807,0.0021115,0.0037286,0.0038096,0.0095384,0.027182,0.022139,0.0078192,0.005593,0.0050685,0.0046897,0.0039675,0.0037366,0.0004406,0.00151,0.0011143,0.0013486,0.0014222,0.0014311,0.0021965,0.0026478,0.0051314,0.0058775,0.009438,0.0032137,0.0020895,0.0014092,0.0014789,0.001359,0.0012722,0.0035115,0.0013876,0.0017695,0.001709,0.0020139,0.0024054,0.0033569,0.0041654,0.0086921,0.034299,0.020026,0.0080063,0.0052672,0.0046122,0.0034088,0.0031428,0.0031338,0.0080663,0.00744,0.0083218,0.0088838,0.010289,0.012591,0.015176,0.020216,0.055781,0.41619,0.026743,0.016942,0.011793,0.010244,0.0085301,0.0075255,0.0070439,0.0066625,0.00077579,0.0014455,0.0013159,0.00062922,0.00067227,0.0013781,0.0014925,0.0040524,0.021797,0.0040814,0.0020497,0.0015335,0.0015896,0.0008365,0.0005354,0.00035287,0.0016327,0.001436,0.0010909,0.0014144,0.0017157,0.0022525,0.0025994,0.0052507,0.0093834,0.026347,0.012155,0.0056662,0.0040889,0.0035163,0.0027721,0.0025228,0.0024186,0.03537,0.0014913,0.0022874,0.0010584,0.0020791,0.001961,0.0025838,0.0045212,0.010872,0.11006,0.016882,0.0096314,0.0075345,0.0058395,0.0036386,0.0037654,0.0034333,0.010836,0.00063321,0.0011541,0.00080714,0.00085048,0.0011064,0.0014457,0.0013822,0.0033341,0.018986,0.0052169,0.001951,0.0014595,0.0010849,0.0010384,0.00089709,0.00080302,0.0042592,0.0013744,0.0014859,0.0014716,0.0016887,0.0019175,0.0026296,0.0037923,0.006672,0.026267,0.0090837,0.003736,0.0023108,0.0017707,0.0013664,0.0012239,0.0011349,0.021439,0.0068313,0.0076509,0.007368,0.0093828,0.010746,0.012891,0.012652,0.028137,0.16525,0.045482,0.019291,0.010728,0.0077359,0.0078432,0.006142,0.0061151,0.0019646,0.0027252,0.0026116,0.003243,0.0025519,0.0034079,0.0042846,0.0051181,0.008452,0.04902,0.013259,0.005996,0.0037104,0.0029087,0.0014153,0.0014341,0.0014382,0.0033894,0.00095428,0.00099719,0.0015697,0.0018431,0.002255,0.0030323,0.0060458,0.010897,0.045089,0.019948,0.0096759,0.006804,0.0054475,0.0048529,0.0045417,0.0044308
0.0042821,0.00067382,0.0014812,0.0005915,0.0013257,0.001099,0.0020469,0.0031498,0.0037262,0.032247,0.017952,0.0074665,0.0048022,0.0056361,0.0027952,0.0022368,0.002245,0.00013543,0.00074836,0.00037642,0.00058661,0.00071647,0.00083121,0.00078367,0.001446,0.0020143,0.014598,0.0068624,0.0027241,0.0018366,0.0013903,0.0012882,0.0011641,0.0011235,0.0031701,0.001065,0.0011347,0.0012467,0.0014248,0.0017421,0.0026812,0.0047135,0.0051546,0.027246,0.01583,0.0064181,0.0042798,0.0036916,0.0028382,0.0028098,0.0026932,0.0099775,0.0076231,0.0040338,0.010117,0.022339,0.01886,0.017238,0.079998,0.16212,0.23514,0.14242,0.10254,0.038076,0.032305,0.057964,0.045248,0.012346,0.0063897,0.00061609,0.00030038,0.0011964,0.0020097,0.0014091,0.001677,0.0063276,0.010384,0.016775,0.010646,0.006784,0.0023659,0.0021253,0.0037528,0.0025448,8.0142e-05,0.0035153,0.0028789,0.0013077,0.0045735,0.0050426,0.0021624,0.0047541,0.012075,0.014833,0.037749,0.016249,0.0078106,0.001684,0.0018162,0.0022458,0.0014134,0.00022316,0.031855,0.0070546,0.0062908,0.0064769,0.0073059,0.0082709,0.0093375,0.014469,0.023732,0.10353,0.03296,0.013397,0.0082039,0.0042616,0.006778,0.0051323,0.0053616,0.01013,0.0009634,0.001034,0.0010616,0.0009564,0.0012416,0.0014245,0.0031983,0.0043425,0.019983,0.0088539,0.0040505,0.0026811,0.0023052,0.0017292,0.0017194,0.0015659,0.0012837,0.00023799,0.0002318,0.00044234,0.00076062,0.00090304,0.0013142,0.0036304,0.0050403,0.032231,0.011657,0.0053845,0.0036994,0.0029241,0.0024916,0.0024281,0.0023633,0.016154,0.0072218,0.0071857,0.0072565,0.0086854,0.010694,0.01394,0.018024,0.035328,0.11548,0.072903,0.030218,0.020925,0.014197,0.014159,0.013374,0.012739,0.0015621,0.0020166,0.0014406,0.0020535,0.00156,0.0023021,0.0033232,0.0049401,0.0095251,0.040267,0.020259,0.0096739,0.0066646,0.005549,0.0046968,0.004229,0.0041791,0.0045243,0.0027445,0.0029128,0.0031268,0.0035058,0.0038687,0.004846,0.00486,0.010959,0.060817,0.02137,0.0085897,0.0053285,0.0039544,0.0033407,0.0030131,0.0028992
0.00011634,0.0012623,0.00064732,0.0010656,0.00098076,0.0018442,0.0027038,0.0032084,0.0091182,0.0039518,0.02017,0.0076757,0.0051055,0.0023726,0.0040555,0.0043265,0.003233,0.0059491,0.00049656,0.00028774,0.00034422,0.00046087,0.0010515,0.0011368,0.0015281,0.0032544,0.0049697,0.0070154,0.0029006,0.0020302,0.001642,0.001383,0.0013658,0.0011234,0.0032464,0.0010118,0.0010348,0.00096146,0.0011083,0.001132,0.0019138,0.002169,0.0039236,0.014022,0.010678,0.0039392,0.002451,0.0017418,0.0016628,0.0015473,0.0015564,0.0048905,0.0080648,0.0073911,0.0081377,0.0088641,0.010521,0.013701,0.01758,0.033092,0.30208,0.034463,0.01844,0.010691,0.0091131,0.0068337,0.0069737,0.0062181,0.0017891,0.0005976,0.00067464,0.00046409,0.0004935,0.00052384,0.0006719,0.0009854,0.0020284,0.02513,0.0024512,0.0014248,0.00096724,0.00082187,0.00045428,0.0010134,0.00049211,0.0028706,0.00080075,0.0011476,0.0011745,0.0013984,0.0018173,0.0019292,0.0037038,0.0057688,0.014287,0.010188,0.0045215,0.0029207,0.002479,0.0019161,0.0019371,0.0018864,0.028964,0.0030842,0.0036318,0.0045602,0.0052778,0.0067695,0.0076797,0.011911,0.024359,0.12156,0.042533,0.018819,0.012172,0.0082434,0.011002,0.0089027,0.0097028,0.0084306,0.0013224,0.001723,0.0014587,0.0014935,0.0019212,0.0023207,0.0024323,0.0044058,0.020557,0.0076921,0.0025146,0.0015324,0.0011565,0.00058815,0.00047902,0.00037386,0.0013752,0.0019455,0.00179,0.0019694,0.0022404,0.0024221,0.0029632,0.0035258,0.0070943,0.0226,0.0097256,0.0033554,0.0018603,0.0010268,0.00077116,0.00041618,0.00014685,0.0003624,0.010963,0.011261,0.011537,0.012778,0.014487,0.017957,0.023507,0.042345,0.17631,0.056211,0.020264,0.010308,0.0046201,0.0042294,0.00181,0.0005722,0.00092126,0.00461,0.0036058,0.0042022,0.004435,0.0048399,0.0059235,0.0079489,0.01263,0.047192,0.020906,0.0072195,0.004056,0.003123,0.00070548,0.00057647,0.00021173,0.0016823,0.0032976,0.0035227,0.0037127,0.0039459,0.0047545,0.0054038,0.008252,0.012394,0.033966,0.021138,0.0080403,0.0046358,0.0033848,0.0028104,0.0024062,0.0022202
0.00044821,0.0013734,0.0017182,0.001626,0.0014404,0.0016801,0.0016259,0.0032592,0.0067328,0.042489,0.012715,0.0042895,0.0026614,0.0020513,0.0018681,0.0018117,0.001379,0.0043641,0.00024022,0.00048076,8.7579e-05,0.00079174,0.00011247,0.00074152,0.0010111,0.0021704,0.011256,0.0046025,0.0019709,0.0013756,0.00085155,0.0010241,0.0007949,0.00076676,0.0044766,0.00040842,0.00062459,0.00050223,0.00059376,0.00062552,0.00082315,0.0015581,0.0019679,0.013707,0.0062357,0.0021054,0.0013795,0.00099745,0.00079115,0.00082596,0.00071909,0.0030823,0.0059788,0.006401,0.007034,0.0083071,0.0081776,0.011811,0.017212,0.037001,0.42825,0.013883,0.0083807,0.0045066,0.0025187,0.0030144,0.0013767,0.001297,0.0041943,0.0012644,0.00067421,0.0011624,0.0008808,0.0013007,0.0014845,0.0017435,0.0029866,0.02152,0.00346,0.0015732,0.00057688,0.00060051,0.00070078,0.00057845,5.9124e-05,0.0012417,0.00049508,0.00060169,0.00074782,0.00087491,0.0014448,0.0020028,0.0038182,0.0059983,0.039888,0.0095359,0.0048797,0.003392,0.002868,0.0026356,0.0024263,0.0024586,0.037709,0.0056276,0.0053139,0.0058681,0.0067376,0.0075505,0.0094557,0.011722,0.022149,0.12054,0.028743,0.012141,0.0074828,0.0057774,0.001749,0.0032467,0.0025635,0.0095464,0.00051002,0.00064777,0.00070351,0.00044053,0.00054392,0.00064278,0.00095778,0.0021397,0.015032,0.0033148,0.001455,0.0010044,0.00057624,0.001005,0.00084999,0.00074579,0.0010186,0.00034157,0.0004237,0.00021913,0.00041545,0.00044607,0.0004438,0.00069555,0.0011806,0.028526,0.0014799,0.00080025,0.00060615,0.00051357,0.0004683,0.00045946,0.00038147,0.0046845,0.010417,0.011391,0.012387,0.010866,0.011432,0.01728,0.025857,0.046571,0.1207,0.041762,0.021183,0.012341,0.0067411,0.0023567,0.0021508,0.0030251,0.00031852,0.0030461,0.003931,0.0040244,0.0028099,0.0032502,0.0062062,0.0095024,0.011357,0.045542,0.016514,0.0096547,0.0054129,0.0027219,0.0012897,0.0017235,0.0022488,0.00028036,0.0033238,0.0048932,0.0043142,0.0023091,0.0035368,0.0074523,0.0098545,0.0087643,0.052101,0.01946,0.0095504,0.0034841,0.00059148,0.0024802,0.0020693,0.0013638
0.005108,0.0029018,0.0026555,0.0026957,0.0030918,0.0036248,0.0043425,0.0066872,0.0076806,0.021854,0.01267,0.005224,0.0029972,0.0030859,0.0036496,0.0016474,0.0023804,0.0038357,0.00069346,0.0009169,0.0011295,0.0011186,0.00081216,0.00078764,0.0017383,0.0020575,0.0086371,0.0033682,0.0013028,0.00072167,0.00065516,0.00036116,0.00028433,0.00034522,0.0018082,0.0015423,0.001504,0.0015218,0.0017391,0.0018944,0.0027353,0.0031794,0.0054932,0.018617,0.0071308,0.0029831,0.0016641,0.0010326,0.0010382,0.00075513,0.00071335,0.0014839,0.001002,0.0025275,0.0033568,0.0061091,0.0089924,0.012616,0.025143,0.052146,0.33885,0.055673,0.0313,0.022704,0.018987,0.017524,0.016025,0.015835,0.0062162,0.00068273,0.00049171,0.0010329,0.00099998,0.0011043,0.0012734,0.002294,0.0032328,0.024162,0.0021601,0.0012657,0.00078031,0.00063711,0.00058417,0.00047709,0.00037958,0.00021173,0.0004034,0.00038556,0.00022924,0.00036286,0.00075482,0.0011325,0.0010554,0.0014258,0.060086,0.0040008,0.0016973,0.0010463,0.00083149,0.00081598,0.00074555,0.00065043,0.036301,0.0038292,0.0043864,0.0047665,0.0050432,0.0061292,0.0074954,0.01021,0.017986,0.087864,0.029717,0.013717,0.0087428,0.0081898,0.0068023,0.0057764,0.0060807,0.010521,0.00010127,0.00024107,0.00010136,0.00052023,0.00010757,0.00032093,0.00069259,0.00098188,0.0082445,0.00097509,0.00048569,0.00010495,0.00024987,0.00013978,4.2682e-05,0.00011444,0.0021725,0.00034779,0.00023693,0.00035797,0.00017255,0.00037733,0.00025399,0.00040681,0.0016822,0.032451,0.002616,0.0011797,0.00103,0.00080325,0.00060178,0.00059124,0.00066948,0.0083238,0.0053826,0.0057049,0.007048,0.0067525,0.0092328,0.01072,0.013807,0.02631,0.16973,0.029974,0.013685,0.0094978,0.0072474,0.0055928,0.0046471,0.0050889,0.00034141,5.6273e-05,0.0006825,0.00099069,0.00064677,0.001164,0.0015263,0.0030653,0.003974,0.043081,0.0063324,0.004138,0.0023054,0.0019876,0.0023436,0.0018752,0.0021763,0.001009,0.0012575,0.0011734,0.0011031,0.0016404,0.0015015,0.0023099,0.0025776,0.0026456,0.063848,0.0050317,0.0022304,0.0015904,0.0011914,0.00079651,0.00075013,0.00076105
0.0031109,0.00049991,0.00082209,0.0012392,0.00086094,0.00066765,0.0012276,0.0038173,0.0049212,0.034035,0.007932,0.0041204,0.0030437,0.003759,0.0024875,0.0012027,0.00051307,0.0059663,0.00084424,0.00052173,0.00074539,0.00031783,0.00056609,0.00083424,0.0011746,0.0020166,0.010108,0.0030833,0.0019435,0.00094009,0.00079013,0.00051331,0.0005802,0.00047303,0.0029832,0.00078265,0.00053253,0.00028239,0.0006408,0.00088978,0.00066192,0.0012927,0.004196,0.032348,0.0055107,0.0028656,0.0019495,0.0015292,0.0013796,0.0013898,0.0014343,0.010527,0.0056188,0.0055968,0.0065241,0.008459,0.011811,0.016782,0.02333,0.058743,0.25688,0.062405,0.034403,0.024652,0.020531,0.017343,0.017533,0.017218,0.0054532,0.00035295,0.00040207,0.00040104,0.00041512,0.00052837,0.00075764,0.001061,0.0043472,0.026284,0.003313,0.001758,0.0010245,0.0010329,0.0014691,0.00094834,0.00077631,0.00077821,0.00071657,0.00058102,0.00082615,0.0012772,0.001367,0.0015372,0.0046833,0.0051221,0.025516,0.0088612,0.004398,0.0031649,0.0025192,0.002404,0.0022164,0.002163,0.017201,0.0085759,0.0027605,0.012952,0.014329,0.0047885,0.013125,0.02785,0.029714,0.034263,0.062853,0.025549,0.0035258,0.0073099,0.009034,0.0052715,0.0016213,0.0089608,0.00083849,0.00022052,0.00070866,0.00029774,0.00025126,0.00037391,0.00092744,0.0017525,0.0048979,0.0025354,0.0017765,0.00047159,0.00070115,0.0010391,0.00090143,5.3421e-05,0.0083143,0.0036302,0.0012023,0.005538,0.0058856,0.0027,0.0052776,0.012556,0.013342,0.022076,0.01991,0.0090844,0.0021188,0.0015824,0.0021297,0.0008411,4.0062e-05,0.016241,0.0020094,0.0014944,0.0023664,0.0023551,0.0030362,0.0047159,0.0090379,0.019959,0.22355,0.027503,0.01574,0.010534,0.0084871,0.0083988,0.0075817,0.0067083,0.0047074,0.0019444,0.00020967,9.7022e-05,0.0010264,0.0014104,0.0014363,0.0018588,0.0050618,0.043241,0.0083474,0.003992,0.0034903,0.0027152,0.0022532,0.0021665,0.002491,0.0018235,0.00097246,0.00073742,0.00099458,0.000848,0.0018107,0.002728,0.0051652,0.0060069,0.045802,0.0088323,0.0046984,0.003371,0.002846,0.0025047,0.0022397,0.0023652
0.0026074,0.0028856,0.0012889,0.002451,0.0030535,0.0025927,0.0036187,0.0046111,0.0055,0.011013,0.013112,0.0049578,0.0027337,0.0031884,0.0017519,0.0017188,0.00095179,0.0085183,0.00092756,0.00048082,0.00085098,0.00086873,0.0012831,0.0012638,0.0016365,0.0023907,0.010697,0.0060729,0.0024346,0.0016824,0.0013842,0.00094305,0.00097352,0.0010719,0.0051232,0.0012974,0.001357,0.0012555,0.0015422,0.0019644,0.0023485,0.0029662,0.0044619,0.019923,0.0087065,0.0027926,0.0015003,0.00067906,0.00059448,0.00026069,8.7738e-05,0.011837,0.0029969,0.0032107,0.0050035,0.0042978,0.0055515,0.0065788,0.0063605,0.014059,0.38676,0.015473,0.0099369,0.0078715,0.0061866,0.0053278,0.0052425,0.0042611,0.0046273,0.00066309,0.00049292,0.00089734,0.00051445,0.00068199,0.00079053,0.00056656,0.0019235,0.020038,0.0036651,0.0017764,0.00096712,0.0010887,0.0004521,0.00025802,0.00059893,0.0005207,0.00064871,0.00063254,0.00068299,0.00074435,0.00077562,0.0010835,0.0029169,0.0033821,0.010983,0.0030408,0.0019858,0.0014609,0.0013124,0.00082032,0.00087774,0.00098229,0.036564,0.0098086,0.0098538,0.010242,0.011072,0.013169,0.015829,0.020386,0.033318,0.10404,0.048843,0.017103,0.0096041,0.0055217,0.0032641,0.0018605,0.00067521,0.0073911,0.00071851,0.00076507,0.00081211,0.00081615,0.00033425,0.00074542,0.00096689,0.0025622,0.015398,0.0034978,0.0012801,0.00069535,0.00061867,0.00056347,0.00043697,0.00042535,0.0026265,0.00069955,0.00052711,0.00059647,0.00065584,0.00072047,0.00084912,0.0017973,0.0020314,0.038588,0.0067795,0.0027114,0.0018297,0.0013821,0.0012302,0.0010467,0.0010853,0.023838,0.0079815,0.0082951,0.0086478,0.0091673,0.010639,0.013133,0.01429,0.032034,0.18877,0.035034,0.013236,0.007462,0.0043403,0.0039715,0.0018903,0.00064853,0.0087816,0.0016548,0.0015106,0.0020166,0.0018745,0.0022953,0.0028041,0.0041599,0.0065358,0.049948,0.0083945,0.0033632,0.002325,0.0019076,0.00023945,0.00066814,0.00055696,0.0038147,0.00066592,0.00095719,0.0010991,0.0014732,0.0019401,0.0027268,0.0049452,0.0082101,0.046421,0.01392,0.0068682,0.0048676,0.003919,0.0037019,0.0032774,0.0032006
0.0040761,0.0022507,0.0017785,0.0017175,0.0020894,0.0019124,0.0030944,0.0046045,0.0023629,0.035332,0.013943,0.0038399,0.0018943,0.0014214,0.0011684,0.0012071,0.00030327,0.007496,0.0010618,0.0010045,0.00078112,0.00081927,0.00063849,0.00099024,0.0014514,0.0014357,0.012408,0.006442,0.0018352,0.0012606,0.00071347,0.00073669,0.00067887,0.00061416,0.0029812,0.00086691,0.00089478,0.0010161,0.0011738,0.0010102,0.0012856,0.001774,0.0010859,0.01236,0.0087866,0.0023583,0.0012298,0.00070496,0.00055282,0.00029267,0.00012779,0.0079232,0.0030254,0.0026851,0.003426,0.0035346,0.0040008,0.0051234,0.0052401,0.011543,0.4318,0.01051,0.0049093,0.0032094,0.0018116,0.0027742,0.0013046,0.0011826,0.0045586,0.00083395,0.00065743,0.0007315,0.00052782,0.00038463,0.00065414,0.00085463,0.0014262,0.022092,0.0024536,0.00068368,0.00067268,0.00037515,0.00063621,0.0002971,0.00039672,0.0018559,0.00069458,0.00099685,0.00089326,0.0012209,0.0011753,0.0018856,0.0029156,0.0045714,0.036799,0.0082535,0.0035351,0.0023678,0.0017488,0.001779,0.0015755,0.0014706,0.02487,0.005874,0.005809,0.0059953,0.0071684,0.0082718,0.0096916,0.015114,0.029238,0.11711,0.055682,0.022343,0.014726,0.011647,0.010248,0.0083995,0.0095502,0.0089589,0.00031715,0.00012419,8.1972e-05,0.00040107,0.00050535,0.00063763,0.001047,0.0016118,0.015614,0.0035987,0.0016101,0.0010689,0.00082847,0.00068106,0.00073908,0.0005131,0.001957,0.00010746,0.00019004,0.00027293,0.00043248,0.00061484,0.0006782,0.00078577,0.0017412,0.02225,0.0056474,0.0025932,0.0016848,0.001379,0.0012343,0.0011437,0.0010758,0.017683,0.0045142,0.0046194,0.0053457,0.0058972,0.0069322,0.0080921,0.0091399,0.026495,0.13052,0.02115,0.010134,0.0070894,0.0063114,0.0034889,0.0036335,0.0024929,0.005005,0.0013125,0.0015233,0.0015478,0.0019024,0.0022825,0.0023395,0.002902,0.0063206,0.052566,0.010165,0.0038095,0.0026162,0.0021807,0.0024621,0.001775,0.002079,0.0047742,0.0023497,0.0022636,0.0024419,0.0025892,0.0032627,0.0037417,0.0046808,0.0084459,0.063059,0.010524,0.0037818,0.0022619,0.0013631,0.00081875,0.00035344,0.00019646
0.0018788,0.0028858,0.0021142,0.0027524,0.0030305,0.003231,0.0046205,0.0062082,0.01278,0.0076869,0.015396,0.0059691,0.0039334,0.0037037,0.0027401,0.0024872,0.0021229,0.0028458,0.00097691,0.0015381,0.0012175,0.00091063,0.0014452,0.0017139,0.0025935,0.0046258,0.013599,0.0060507,0.0019624,0.0011194,0.00048045,0.00076804,0.00066888,0.00048065,0.0037728,0.0017255,0.0016237,0.0018358,0.0020162,0.0021659,0.0024482,0.0041306,0.0069256,0.021442,0.010355,0.0041566,0.0025871,0.0019376,0.0015611,0.001338,0.0013809,0.014502,0.012063,0.011031,0.01319,0.014863,0.016891,0.022416,0.030878,0.067565,0.40359,0.050367,0.02471,0.017569,0.013724,0.0096782,0.010705,0.010431,0.0084249,0.001412,0.0013534,0.0012083,0.00087885,0.001293,0.0018348,0.002002,0.0041842,0.021688,0.0021181,0.0011738,0.00086446,0.00060646,0.0001285,0.00025626,0.00026132,0.0010681,0.0004753,0.00067852,0.00052159,0.00057088,0.00045978,0.00033287,0.002268,0.0051824,0.062431,0.0018522,0.00056338,0.00031603,0.00049499,0.00041597,0.00021649,0.00017167,0.028578,0.0035538,0.0033677,0.0032829,0.0040521,0.0053337,0.0070597,0.010492,0.015375,0.061352,0.038298,0.017877,0.012314,0.009977,0.0077269,0.0077414,0.0081808,0.012387,0.00081353,0.00023158,0.00045014,0.00084837,0.00031403,0.0005475,0.00055974,0.0013897,0.0098799,0.001841,0.00086529,0.00054157,0.00035841,0.0002867,0.00029946,0.00027467,0.0051518,0.0010704,0.0011178,0.0012524,0.0013807,0.0015149,0.0014217,0.0032078,0.0053043,0.044276,0.005394,0.0018917,0.0012043,0.00076168,0.00029692,0.00041645,0.00023462,0.018482,0.0019741,0.002548,0.0022046,0.0026053,0.0026171,0.0037163,0.0042603,0.0077821,0.15187,0.0093135,0.0039176,0.0029858,0.0030385,0.0026361,0.0014805,0.0015831,0.0010472,0.00065667,0.00037834,0.00024092,0.00038059,0.00056837,0.0004668,0.00070868,0.0007486,0.042991,0.0025131,0.0012572,0.00048238,0.00032632,0.00065491,0.00050244,0.00022697,0.0030041,0.00029695,0.00037208,0.00021579,0.00016293,0.00044637,0.00025554,0.0016107,0.0034905,0.068027,0.0026477,0.00088039,0.00080989,0.00073709,0.00037588,0.00049071,0.00067713
0.007227,0.0012046,0.00033318,0.00083788,0.001329,0.0011638,0.0016304,0.0015843,0.0049294,0.035495,0.0098895,0.0042604,0.0031758,0.0039005,0.0013936,0.0019578,0.0017758,0.0036622,0.0013736,0.00079123,0.0010326,0.0016473,0.0016315,0.0021133,0.0027357,0.0053914,0.014775,0.0067361,0.003274,0.0020793,0.0015781,0.0013851,0.0012317,0.0011978,0.0010491,0.0011148,0.0011279,0.0012436,0.0013167,0.0016056,0.0018494,0.0030325,0.0058853,0.023221,0.0099971,0.0044666,0.0028981,0.0022866,0.0016302,0.0017093,0.001709,0.00046158,0.041252,0.015917,0.039607,0.035376,0.036938,0.069193,0.034407,0.25312,0.070984,0.11473,0.029349,0.03408,0.022416,0.013304,0.019503,0.0072213,0.0096094,0.0033931,0.0011227,0.0028185,0.0026024,0.0024445,0.0053081,0.0019296,0.019432,0.0056165,0.0095166,0.0030499,0.0028833,0.0026788,0.0010326,0.0018163,0.00025179,0.0019226,0.0021508,0.0014535,0.0030482,0.0024016,0.0044714,0.007245,0.0059556,0.035745,0.018445,0.026662,0.0083743,0.0095568,0.0084333,0.0041723,0.0084741,0.0011482,0.033997,0.0042835,0.0040918,0.0039857,0.0048511,0.0064096,0.0074272,0.0094484,0.015639,0.11374,0.027246,0.011712,0.008173,0.0056089,0.0035179,0.0039902,0.0040932,0.014496,0.00011152,0.00035374,0.00043713,0.00098525,0.0006824,0.000601,0.001127,0.0024248,0.01274,0.0013905,0.00057198,0.00056334,0.00057417,5.9875e-05,0.00017191,7.6275e-05,0.0029488,0.0016909,0.0015957,0.0018021,0.0020213,0.0019857,0.0024116,0.0039348,0.0085173,0.039028,0.0080986,0.0037331,0.0023618,0.001769,0.0014791,0.0012445,0.001339,0.0014553,0.01746,0.017593,0.016716,0.016962,0.017115,0.015827,0.014388,0.021014,0.18747,0.023442,0.019843,0.019467,0.019441,0.018867,0.019545,0.018378,0.0034771,0.0043763,0.004147,0.0043781,0.0038628,0.0040674,0.0042599,0.0042839,0.0061402,0.043686,0.0042784,0.004246,0.0038915,0.0039997,0.0037758,0.0038139,0.0037747,0.00076675,0.0021539,0.002296,0.002415,0.0025571,0.0033491,0.0041299,0.0055774,0.010852,0.074997,0.0049159,0.0021506,0.0014138,0.00096409,0.00061396,0.00041136,0.00040054
0.0038167,0.00022577,0.0013081,0.00081371,0.00057685,0.0015264,0.0027271,0.0067896,0.016225,0.048642,0.0050897,0.0023907,0.0019658,0.0016995,0.0030467,0.0019602,0.0017109,0.0030919,0.00016349,0.00032021,0.00034042,0.00096382,0.00048152,0.00013799,0.00075005,0.0036821,0.019086,0.0041682,0.0016492,0.001063,0.00055898,0.00068345,0.00047957,0.00062373,0.0012093,0.00091984,0.00090352,0.00095313,0.001171,0.001643,0.0014605,0.0032414,0.0064741,0.039609,0.0062867,0.0026841,0.0016809,0.001479,0.0010814,0.00079411,0.00089647,0.032021,0.030356,0.030819,0.0342,0.037682,0.044265,0.056815,0.087221,0.20577,0.22999,0.083235,0.044654,0.029711,0.021273,0.017177,0.013722,0.01368,0.009287,0.0016009,0.0012847,0.0015018,0.0019896,0.001998,0.0028212,0.0041849,0.012287,0.018851,0.0045048,0.0026464,0.0018216,0.0014084,0.0011559,0.001901,0.0014591,0.00046541,0.00051902,0.0005964,0.00096715,0.0013449,0.0021426,0.0027946,0.0045561,0.017153,0.026486,0.0086205,0.0053573,0.0041312,0.0035933,0.0031549,0.0030238,0.0028267,0.033499,0.0017117,0.0020102,0.0025224,0.0029915,0.0027597,0.0047885,0.0061376,0.014726,0.11917,0.019296,0.009006,0.006985,0.0052146,0.0053192,0.0040474,0.0042401,0.012772,0.00033789,0.00052148,0.00043753,0.0011472,0.00054732,0.00090211,0.0011018,0.0023585,0.0074411,0.0018985,0.0011152,0.00054602,0.00069886,0.00057829,0.00050464,0.00033189,0.0021706,0.0018985,0.0019097,0.0018605,0.0020466,0.0027497,0.0028577,0.0039666,0.006413,0.0097094,0.0087207,0.003724,0.0022274,0.0016486,0.0012767,0.00099311,0.0010948,0.0083314,0.007735,0.0081798,0.0089315,0.010842,0.013051,0.018131,0.03082,0.074796,0.25573,0.049473,0.028178,0.021596,0.017867,0.016585,0.014515,0.013893,0.00017358,0.00048975,0.00078806,0.00051846,0.00070596,0.00090271,0.0013051,0.0020352,0.0048934,0.05089,0.0049201,0.0027036,0.0022037,0.0018994,0.0018531,0.00089225,0.0010548,0.0049287,0.0017103,0.001732,0.0016512,0.0018801,0.0026174,0.0031476,0.0039072,0.011547,0.050101,0.0045752,0.0024225,0.0016701,0.0011751,0.0010314,0.00089929,0.00076294
0.0025464,0.0012168,0.0018564,0.0016935,0.0024435,0.0034509,0.0060602,0.0088356,0.01715,0.028578,0.025407,0.012521,0.008677,0.0052192,0.0079075,0.0078658,0.0066167,0.0036507,0.00070596,0.0007693,0.00067036,0.00027895,0.0012219,0.0015294,0.0025474,0.0047851,0.026136,0.0079815,0.0036301,0.002347,0.0019814,0.0017946,0.001758,0.001709,0.0020733,0.0013572,0.0016357,0.0016389,0.0019404,0.002543,0.0035245,0.0060024,0.0085862,0.020646,0.015647,0.007092,0.0048575,0.0040757,0.0034536,0.003138,0.0030919,0.016876,0.021474,0.022982,0.024671,0.029873,0.037997,0.053766,0.087156,0.24608,0.4915,0.1188,0.073561,0.055393,0.046483,0.042245,0.037984,0.03819,0.0064164,0.00036074,0.00050769,0.0011439,0.0008898,0.0010083,0.0017311,0.0028851,0.0098884,0.017137,0.0052009,0.0035178,0.0027157,0.002203,0.0013116,0.0024792,0.0024185,0.0028687,0.00095164,0.0014025,0.0014866,0.0016718,0.0026997,0.0036172,0.0078183,0.020234,0.047803,0.0074049,0.0051656,0.0040827,0.0035446,0.0030233,0.0030041,0.0030213,0.025906,0.0052925,0.0053704,0.0059297,0.0064632,0.0077959,0.010126,0.015826,0.042095,0.035371,0.036207,0.016618,0.011475,0.008297,0.0092703,0.0066089,0.0087129,0.011402,0.00044389,0.00033206,0.00026407,0.00050169,0.00081479,0.0008636,0.0013297,0.0037755,0.018689,0.0010693,0.00040151,0.00057638,0.00054468,0.00025838,0.00013927,4.5773e-05,0.0038224,0.0012331,0.0014008,0.0013995,0.001471,0.001704,0.0020626,0.0033143,0.0067614,0.058876,0.0067804,0.0027685,0.0018957,0.0014697,0.0012167,0.00082829,0.00092698,0.026308,0.010542,0.010525,0.011562,0.01286,0.014747,0.019347,0.028545,0.086332,0.2043,0.018702,0.01054,0.0074369,0.0043401,0.0033641,0.0022356,0.0029049,0.0015259,0.00022634,0.00029299,0.00024568,0.00079617,0.00087541,0.0014195,0.0023598,0.0035889,0.04781,0.0051763,0.0028715,0.0019257,0.0014153,0.00081458,0.0021479,0.0020294,0.0033226,0.0014863,0.0014956,0.0016337,0.0021679,0.0023665,0.0029556,0.006287,0.014203,0.052578,0.0075365,0.0041454,0.0029826,0.0024333,0.0020269,0.0021685,0.0022583
0.0023747,0.00048173,0.00096913,0.0021184,0.0028087,0.0040522,0.0062459,0.0115,0.040958,0.010166,0.035131,0.01552,0.011387,0.01011,0.008989,0.0079644,0.0087758,0.0055028,0.00014798,9.6293e-05,0.00033968,0.00079875,0.0016379,0.0025559,0.0036032,0.012319,0.0052109,0.013606,0.0062659,0.0044118,0.0033959,0.0033049,0.00303,0.0028592,0.0013638,0.00063697,0.00087396,0.0012091,0.0013629,0.0021534,0.0032095,0.0051801,0.014521,0.012928,0.02344,0.0096629,0.0067532,0.0054904,0.0048302,0.0046322,0.0045796,0.0031891,0.0081955,0.009953,0.012961,0.018192,0.026249,0.039998,0.071575,0.19698,0.3775,0.099644,0.066647,0.053072,0.045117,0.040914,0.038671,0.037678,0.0049878,0.00067569,0.0012538,0.0011613,0.0011782,0.0017769,0.0022585,0.0038267,0.008374,0.019599,0.0046335,0.0026819,0.0018963,0.0016683,0.0020144,0.0012039,0.0015393,0.0016537,0.002583,0.0029054,0.0031179,0.0036014,0.0039813,0.0047795,0.0073261,0.020663,0.064768,0.0044259,0.0030869,0.0018247,0.0012823,0.00096333,0.00064039,0.00040627,0.02215,0.0092858,0.0082738,0.0088066,0.013928,0.012076,0.010181,0.029606,0.042163,0.07281,0.069444,0.033436,0.0081348,0.012464,0.014247,0.0098988,0.0079404,0.0093767,0.00034575,0.00054105,0.00059804,0.00069971,0.00070441,0.00080136,0.00032507,0.0043497,0.01255,0.0045729,0.0017501,0.0012989,0.00099739,0.00092063,0.00088562,0.00088501,0.0065671,0.0020524,0.0019884,0.002942,0.0030283,0.0024603,0.0046815,0.0060431,0.011106,0.024045,0.018988,0.0061453,0.0027593,0.0031382,0.0028072,0.0023356,0.0023899,0.0057526,0.0091623,0.0099315,0.01001,0.011263,0.014105,0.017858,0.027692,0.064814,0.17388,0.030599,0.017063,0.011782,0.0093858,0.0084671,0.0064159,0.0073205,0.0040799,0.00069352,0.00018365,0.00061477,0.00059191,0.00023814,0.0012688,0.00090567,0.0036664,0.050809,0.0038338,0.0021128,0.0017278,0.0012987,0.0010918,0.0015722,0.001318,0.0047379,0.0014919,0.0013815,0.0011498,0.0012926,0.0020323,0.0021866,0.0039613,0.012767,0.085017,0.0024599,0.0011203,0.00076003,0.00054835,0.00061651,0.00021909,0.0002594
0.0037423,0.0014738,0.00054324,0.0013032,0.0020832,0.0027685,0.005374,0.0084801,0.0067893,0.027359,0.030279,0.0124,0.0081512,0.0041209,0.0072109,0.0063683,0.0057259,0.0039139,0.00010685,0.00041608,0.00055709,0.0009195,0.00096705,0.0019731,0.0041112,0.0066467,0.002785,0.01344,0.0052767,0.0035757,0.0029987,0.0027247,0.0022473,0.0020981,0.0025635,0.0007187,0.0007918,0.0011746,0.0015678,0.0017664,0.0030347,0.0045296,0.010702,0.024531,0.023948,0.0088716,0.0061194,0.0048299,0.0045392,0.0039865,0.0040475,0.035002,0.03157,0.032558,0.035334,0.03972,0.046884,0.060192,0.090127,0.23289,0.35231,0.079191,0.047169,0.031931,0.024137,0.019676,0.019051,0.018156,0.009081,0.0019122,0.0019372,0.0020336,0.0020058,0.0025586,0.0033956,0.0046482,0.013117,0.01513,0.0055973,0.0021677,0.0012735,0.00032444,0.0011194,0.0003048,0.00031854,0.0042515,0.0034442,0.0035731,0.0039956,0.0045328,0.0048887,0.0065563,0.010589,0.025046,0.006014,0.01268,0.0066752,0.0049585,0.0037567,0.0035159,0.0031791,0.002966,0.035348,0.0052262,0.0052364,0.005465,0.0067521,0.0068123,0.0079655,0.011913,0.017528,0.11739,0.032734,0.013007,0.0071366,0.0045567,0.0045037,0.0040691,0.0047303,0.01154,0.00074882,0.00051712,0.00053068,0.00026454,0.0010986,0.0014757,0.0018054,0.0049849,0.017639,0.0078885,0.0034447,0.0021816,0.0021165,0.0015327,0.0015195,0.0015869,0.0046445,0.0002776,0.00040778,0.00071255,0.00087053,0.0011924,0.0019401,0.0034104,0.0099163,0.01995,0.01434,0.0062022,0.00445,0.0037326,0.0031922,0.0030648,0.0030079,0.021397,0.0040879,0.0058319,0.0059674,0.0071358,0.0088147,0.011114,0.017019,0.040553,0.25036,0.019522,0.012001,0.0091992,0.0072922,0.0066553,0.0064975,0.0060655,0.0028668,0.00098519,0.00097187,0.0012277,0.0011369,0.0014609,0.0020628,0.0026371,0.0066576,0.050806,0.0088015,0.0040258,0.0029451,0.0024996,0.0020801,0.0018787,0.0015087,0.0025502,0.00082976,0.0013345,0.0015963,0.0023202,0.0035572,0.0048781,0.0079412,0.019074,0.03558,0.019434,0.0099837,0.0073059,0.0059675,0.0054284,0.0052479,0.0050793
0.0094492,0.0031941,0.0039286,0.0035638,0.0044302,0.0047095,0.0068727,0.010897,0.033206,0.024693,0.022529,0.0071109,0.0056105,0.004046,0.0040677,0.0033424,0.0037308,0.0084726,0.00085891,0.00055013,0.001294,0.0018829,0.0013885,0.0026169,0.0027711,0.0095433,0.0078852,0.0088917,0.0023701,0.0015208,0.0014648,0.0012582,0.00094432,0.00077823,0.00047874,0.0017221,0.0018578,0.0019302,0.001892,0.0026003,0.0030759,0.0047035,0.013474,0.0096687,0.018246,0.0050807,0.0031972,0.0021354,0.0018901,0.0017525,0.0016613,0.030707,0.039358,0.041064,0.044711,0.048947,0.057003,0.073376,0.11134,0.28655,0.3322,0.08455,0.046174,0.028972,0.018685,0.012544,0.0074018,0.0061704,0.0052281,0.0018091,0.001868,0.0019266,0.0021706,0.0026813,0.0035537,0.0051591,0.012209,0.015506,0.0055863,0.0022643,0.0015782,0.00098744,0.00056816,0.00060083,0.00073053,0.00031281,0.0021961,0.0021665,0.0024729,0.0027549,0.0034569,0.0046163,0.0074187,0.024473,0.061051,0.004219,0.004447,0.0034966,0.0029462,0.0025588,0.0025168,0.002327,0.018559,0.0081306,0.0080515,0.0089569,0.0092924,0.011491,0.014536,0.019793,0.037141,0.052274,0.049218,0.01818,0.011592,0.0075586,0.0057592,0.0056929,0.0057488,0.010201,0.00077587,0.00025636,0.00067412,0.00052625,0.00056385,0.00081142,0.0017548,0.0035891,0.014486,0.0067413,0.0023427,0.0017367,0.0015311,0.0012827,0.0010479,0.0011978,0.005478,0.00039628,0.00049672,0.00053795,0.00058437,0.00066396,0.00064722,0.0023247,0.0038346,0.043267,0.0019246,0.00086315,0.00076936,0.00063984,0.00054948,0.00046972,0.0005646,0.015986,0.008751,0.013195,0.012809,0.0067215,0.0057992,0.024588,0.049459,0.11702,0.09203,0.059719,0.043738,0.034378,0.02601,0.020507,0.019003,0.019831,0.0075971,0.0025519,0.002535,0.0024928,0.0014303,0.0031398,0.0055775,0.0074669,0.007024,0.039714,0.014877,0.011168,0.0068253,0.002918,0.00074234,0.0043748,0.0046979,0.010103,0.005701,0.0036867,0.0011281,0.0036018,0.0078278,0.012461,0.01676,0.027995,0.058246,0.013493,0.013088,0.010916,0.0083634,0.0056533,0.0037062,0.0028782
0.0019989,0.0043347,0.0026146,0.0051375,0.0058763,0.0062468,0.0083132,0.012213,0.025911,0.047357,0.024299,0.0064742,0.0042065,0.00065194,0.001344,0.00034845,0.0010758,0.0052396,0.00072591,0.00058266,0.0007794,0.00084335,0.0012173,0.0014434,0.0022676,0.0071823,0.020738,0.011909,0.0016598,0.00076456,0.00040911,0.00038835,0.00018533,0.00012016,0.0035916,0.0015879,0.0017393,0.0017053,0.0019861,0.0021504,0.0025313,0.0049693,0.012315,0.011339,0.021649,0.0030805,0.0017208,0.00090146,0.00082836,0.00067412,0.00055506,0.042996,0.037084,0.038749,0.041348,0.046807,0.055617,0.071607,0.10871,0.29433,0.3598,0.081601,0.045159,0.029445,0.020109,0.014882,0.0090594,0.0099374,0.0083009,0.0013823,0.0019908,0.0019565,0.0022047,0.0026708,0.0035313,0.0046243,0.013299,0.012415,0.0012472,0.0027216,0.0015174,0.0013384,0.00070417,0.0013995,0.00027466,0.0018482,0.00072691,0.0011668,0.0014821,0.0023497,0.0034001,0.0050114,0.010024,0.029653,0.030173,0.012651,0.0093478,0.0072612,0.0061727,0.0054524,0.0051519,0.004942,0.032206,0.0042139,0.0043392,0.0045508,0.0056099,0.0065804,0.009519,0.015105,0.041942,0.049075,0.045102,0.020682,0.014742,0.011633,0.010778,0.011622,0.011465,0.010307,0.00080379,0.0010954,0.00037568,0.00043799,0.00052703,0.00080382,0.0018603,0.0043963,0.011015,0.0044522,0.00068089,0.00074664,0.00031498,0.00033219,0.00026044,0.00022126,0.0057469,0.0011205,0.0012101,0.0013611,0.0015293,0.0016666,0.0017366,0.0031027,0.0067405,0.050307,0.016054,0.0050935,0.0030457,0.0023097,0.0020189,0.0016898,0.0018864,0.031353,0.013569,0.016095,0.016318,0.018355,0.021151,0.025946,0.03865,0.09442,0.22799,0.046945,0.021245,0.012966,0.0082132,0.0066547,0.0030399,0.00066759,0.0044175,0.0015468,0.00077294,0.00069101,0.001273,0.0013904,0.0020318,0.0032191,0.0068212,0.045869,0.010463,0.0058051,0.0039019,0.0036563,0.0028354,0.0027045,0.0025711,7.6294e-05,0.0041919,0.0044895,0.004596,0.0051968,0.0061449,0.0076137,0.011675,0.027991,0.036175,0.016839,0.008853,0.0060141,0.0046215,0.004044,0.0037145,0.0036011
0.0079824,0.0056515,0.0061083,0.0060514,0.006922,0.0072217,0.0098268,0.015027,0.048747,0.040831,0.0061725,0.0067273,0.0043453,0.0021927,0.0022867,0.0017508,0.0012493,0.0068475,0.0012131,0.0012113,0.0014171,0.0010475,0.0019589,0.002524,0.0043391,0.012173,0.014066,0.0078403,0.0028875,0.0018575,0.0016256,0.0016333,0.0015247,0.0014839,0.0020562,0.001134,0.0010402,0.0010734,0.0012653,0.0017839,0.0028795,0.0036335,0.012445,0.027951,0.016114,0.0012124,0.00055407,0.0005945,0.00060997,0.00073264,0.00055698,0.038735,0.043655,0.045414,0.049249,0.054206,0.064187,0.081259,0.12375,0.3489,0.17885,0.10952,0.053108,0.032851,0.021819,0.015044,0.012285,0.0060502,0.0029717,0.0019677,0.0022279,0.0020177,0.0026691,0.0030521,0.0039256,0.0059,0.016478,0.0059122,0.0096449,0.0033616,0.0016069,0.00072756,0.00063563,0.00057304,0.00032043,0.0025139,0.0025892,0.002919,0.0031391,0.0037917,0.0050596,0.0068223,0.012745,0.036082,0.030371,0.017164,0.0094767,0.0070082,0.0060362,0.0051344,0.0048559,0.004921,0.03542,0.0046681,0.0050255,0.0058376,0.0063794,0.0080642,0.010179,0.015236,0.034925,0.11306,0.049348,0.020017,0.012954,0.0099856,0.010406,0.0099505,0.0093461,0.0088998,0.00066281,0.00032578,0.00027628,0.00048217,0.00080472,0.00099249,0.0015203,0.0059373,0.0096998,0.0060263,0.0010479,0.00087721,0.00064162,0.00032,0.00031186,0.00032808,0.0018521,0.00098317,0.0010925,0.0012206,0.0017524,0.0017765,0.0027277,0.0049131,0.014663,0.014202,0.0028408,0.0034297,0.0026201,0.0020621,0.0019294,0.0019531,0.001894,0.010183,0.0038174,0.0034873,0.0049507,0.0064978,0.0087003,0.013765,0.025909,0.10527,0.27549,0.031345,0.015968,0.014462,0.010856,0.010379,0.010777,0.0091306,0.0072023,0.0034451,0.0034592,0.0038814,0.0042378,0.0043887,0.0058272,0.0081222,0.0144,0.045726,0.018067,0.0052434,0.0027428,0.0019314,0.00099871,0.00032094,7.2483e-05,0.008238,0.0054793,0.0055708,0.0060352,0.0069424,0.0074487,0.0097541,0.014604,0.033486,0.053879,0.021267,0.0083571,0.004843,0.0032241,0.0022912,0.0014673,0.0013867
0.00012399,0.0020783,0.0035428,0.0034213,0.0045026,0.0058241,0.0084664,0.010632,0.064323,0.017505,0.033906,0.011439,0.0070307,0.0069982,0.007091,0.0060655,0.005663,0.0046845,0.00059869,0.00080139,0.0004499,0.0012851,0.0014147,0.0025459,0.0035771,0.015659,0.006076,0.012721,0.0036243,0.0026629,0.0023524,0.0021156,0.0019096,0.0017434,0.0047437,0.0017901,0.001783,0.0021339,0.0022331,0.0031734,0.0037203,0.008986,0.018674,0.020667,0.025794,0.0061358,0.0031029,0.0027661,0.0025246,0.0023566,0.0023938,0.017508,0.021566,0.026323,0.032132,0.042762,0.057024,0.080857,0.1296,0.38876,0.16293,0.071065,0.023526,0.018993,0.025464,0.030403,0.033031,0.038054,0.0044289,0.0010473,0.0015084,0.0020719,0.0022567,0.0027675,0.0040905,0.0050221,0.015468,0.0070029,0.0025167,0.0012614,0.0011737,0.00087513,0.00071163,0.00093053,0.00070573,0.0019093,0.0021183,0.0035784,0.0051507,0.0065586,0.008452,0.010367,0.015639,0.0421,0.043676,0.0087567,0.0026257,0.0020739,0.0020868,0.0013362,0.00059486,0.00030326,0.026226,0.0050429,0.0052672,0.0053846,0.0064787,0.006983,0.0077032,0.011049,0.044886,0.14604,0.026951,0.011396,0.0076503,0.0052701,0.0024702,0.0055935,0.00085831,0.0099813,0.00031827,0.00026428,0.00031161,0.00083268,0.00019563,0.00086735,0.0012792,0.0065602,0.018468,0.0047381,0.00093988,0.00062684,0.00037922,0.00054202,0.0004814,0.00044825,0.0024052,0.00038812,0.0004624,0.00069304,0.00086934,0.0015452,0.0028157,0.0040284,0.012201,0.016677,0.011762,0.0038161,0.0028546,0.0022614,0.0020503,0.0021549,0.0021,0.033209,0.019607,0.02108,0.020733,0.024153,0.029458,0.037845,0.058624,0.18256,0.1173,0.066436,0.036472,0.026157,0.022597,0.018054,0.017204,0.016196,0.002491,0.00026495,0.0002878,0.00072837,0.0005918,0.0010348,0.0018922,0.0028187,0.0054455,0.050135,0.006851,0.0047134,0.0034852,0.0027871,0.0023347,0.0018746,0.0024262,0.0011463,0.0011573,0.0014575,0.0012965,0.001805,0.0019534,0.0033702,0.0050121,0.021436,0.076423,0.0078621,0.0038804,0.0025443,0.001914,0.0019368,0.0016147,0.0015316
0.0030499,0.0036262,0.0020675,0.0035747,0.0043276,0.004996,0.0073009,0.015532,0.070836,0.032296,0.006165,0.0082408,0.0050026,0.0056793,0.0050719,0.0053313,0.0060788,0.0014229,0.00069849,0.0010702,0.0015204,0.0024654,0.0023841,0.0021792,0.0035179,0.017993,0.0068935,0.010522,0.0021088,0.0013158,0.0011414,0.0010514,0.00095017,0.00084688,0.0044137,0.0016022,0.0012818,0.0016284,0.0018041,0.0023811,0.0029935,0.0044532,0.025567,0.0066829,0.015092,0.0029167,0.0022881,0.0021859,0.0021473,0.0018867,0.0018578,0.030997,0.032044,0.033005,0.035517,0.040707,0.048602,0.063379,0.1009,0.40729,0.27101,0.054031,0.034216,0.02385,0.016951,0.011663,0.0090283,0.010798,0.0068341,0.00093312,0.00052422,0.0014502,0.0013261,0.0014084,0.0024309,0.0036157,0.015032,0.010699,0.0044752,0.0015459,0.00082126,0.00032041,0.00047269,0.00087255,9.5293e-06,0.00070762,0.00031279,0.00066786,0.00080954,0.0013866,0.0023997,0.0037018,0.0081072,0.04208,0.048478,0.0090242,0.0045071,0.0042188,0.0035996,0.0033167,0.0030619,0.0030385,0.034297,0.00066155,0.0009694,0.0012778,0.0010072,0.0015743,0.0026206,0.0039253,0.03141,0.14611,0.027431,0.0095952,0.0067493,0.0056976,0.0025692,0.0051134,0.0030003,0.0095769,0.00059699,7.2696e-05,0.00083097,0.0013573,0.00096799,0.0010546,0.0012802,0.0086112,0.01922,0.0026805,0.00063692,0.000451,0.00039537,0.00016923,0.00039288,0.00031473,0.0028286,0.00095379,0.0012708,0.0011177,0.0013502,0.0014396,0.0024329,0.0025899,0.014378,0.027271,0.0038352,0.0018634,0.0014098,0.00095437,0.00077394,0.00097101,0.00053598,0.010348,0.023172,0.022927,0.024562,0.027817,0.032817,0.044328,0.068603,0.21859,0.12047,0.04947,0.032859,0.0215,0.015391,0.012759,0.012274,0.01227,0.0010014,0.00084698,0.0010734,0.00091261,0.0010258,0.0013278,0.0019015,0.0028738,0.0033714,0.050509,0.010372,0.0046004,0.0021645,0.0011835,0.001789,0.00087749,0.00092889,0.0042401,0.0020805,0.0020846,0.0024145,0.0029741,0.0031479,0.0032182,0.007022,0.029527,0.065153,0.0037771,0.0024255,0.0014152,0.0011896,0.00083823,0.00068739,0.00042152
0.0096304,0.006701,0.0081005,0.0082678,0.0091801,0.011035,0.01458,0.021861,0.072587,0.037917,0.022805,0.0072742,0.0043073,0.0032264,0.002631,0.00081707,0.00018503,0.0037862,0.001697,0.0019761,0.0019436,0.0021511,0.0019064,0.0030504,0.0040319,0.017424,0.012449,0.0064474,0.0023097,0.0015444,0.0011557,0.001035,0.000673,0.00087167,0.00063707,0.0024779,0.0022443,0.0024692,0.0028834,0.0033134,0.0048801,0.0062569,0.026068,0.0016828,0.015767,0.0036521,0.0027505,0.0017129,0.0015437,0.0010442,0.00097659,0.028571,0.029396,0.030864,0.033695,0.038241,0.045843,0.061791,0.10605,0.38618,0.28849,0.073486,0.043559,0.031358,0.025188,0.022759,0.01881,0.020274,0.0060922,0.0011752,0.00092628,0.0013969,0.0014896,0.0017839,0.0020772,0.0031602,0.014779,0.0095275,0.0026041,0.0016272,0.0016343,0.00091771,0.00086818,0.0013101,0.00053407,0.0041257,0.003573,0.0037394,0.0041362,0.004701,0.0057604,0.0076356,0.012645,0.044514,0.030137,0.013045,0.0069609,0.0049009,0.0040439,0.0035576,0.0030394,0.0033398,0.034075,0.0015986,0.00035365,0.00057001,0.00021558,0.00080078,0.00051848,0.0017317,0.032822,0.099748,0.030188,0.009665,0.0062185,0.0038299,0.0061117,0.0026907,0.004305,0.012135,0.0012967,0.00085849,0.00092761,0.00064129,0.00077194,0.0014611,0.0029489,0.009954,0.014707,0.0072982,0.0020895,0.0015057,0.0010504,0.001258,0.0011194,0.0011559,0.0011082,0.0010081,0.001199,0.0012862,0.0013526,0.0019964,0.0023685,0.0039753,0.014829,0.040578,0.0094351,0.0047103,0.0032735,0.0024896,0.0024266,0.0017928,0.0021763,0.017596,0.0034584,0.0058217,0.0066246,0.0097476,0.015012,0.023186,0.044575,0.18928,0.2725,0.056357,0.028197,0.024832,0.020977,0.019098,0.019749,0.017966,0.0026493,0.001916,0.0021958,0.002121,0.0023095,0.002555,0.0029993,0.0039806,0.010879,0.043578,0.015315,0.0027548,0.0021393,0.0010026,0.0004127,0.0012736,2.4773e-05,0.00020028,0.0020741,0.001965,0.0023507,0.0032031,0.0034244,0.0055662,0.010724,0.035897,0.040186,0.011104,0.0082933,0.0059618,0.0052305,0.0046629,0.0045686,0.0041409
0.0004082,0.0028575,0.0027967,0.0035592,0.0048204,0.0061066,0.010406,0.019189,0.071994,0.028801,0.033503,0.013446,0.010972,0.0076939,0.0085086,0.0079388,0.0079576,0.00030517,0.00056413,0.00043079,0.00084581,0.0013858,0.00079944,0.0020127,0.0044668,0.017264,0.009757,0.014889,0.0039705,0.0030572,0.0025075,0.0025111,0.002077,0.0019341,0.0025234,0.00022068,0.00055185,0.00086517,0.0010682,0.0014028,0.0024922,0.0049282,0.025314,0.0086743,0.026997,0.0052646,0.0039719,0.0033828,0.0030709,0.0029701,0.0028897,0.00012968,0.0032546,0.0067093,0.011628,0.018278,0.027324,0.045561,0.090365,0.38429,0.19291,0.096413,0.067991,0.053782,0.046627,0.042262,0.038478,0.042748,0.0088273,6.7191e-05,0.00084056,0.00050708,0.0008066,0.0013434,0.0020859,0.0034785,0.015277,0.0036851,0.00332,0.0030109,0.0017138,0.0017522,0.00152,0.0021648,0.0010452,0.0039769,0.0043749,0.00438,0.0047637,0.0054596,0.006481,0.0085352,0.012515,0.047426,0.0016471,0.0073386,0.0064847,0.0044304,0.0033519,0.0028622,0.0026387,0.0025502,0.032841,0.0010381,0.0020276,0.0015472,0.0015296,0.0003334,0.00081301,0.0049757,0.038866,0.083978,0.02055,0.011617,0.0072789,0.0068456,0.0061542,0.0089214,0.0052033,0.014918,0.0016985,0.001648,0.0015023,0.0013396,0.00092322,0.00060532,0.00038292,0.0086235,0.004991,0.0093786,0.0035518,0.0028675,0.0026129,0.0025293,0.0023661,0.0023213,0.00031662,0.0029324,0.0029633,0.0030595,0.0029826,0.0024857,0.0024382,0.0038025,0.012168,0.039858,0.023002,0.011254,0.010029,0.0091939,0.0090016,0.0088313,0.0088006,0.0041409,0.031367,0.033791,0.013072,0.039385,0.048342,0.026553,0.088242,0.30469,0.14094,0.11056,0.05983,0.021371,0.02595,0.023436,0.02067,0.018503,0.0049439,0.003439,0.0037948,0.0020733,0.0046744,0.0051653,0.0033594,0.0076596,0.0097418,0.04273,0.010986,0.0071103,0.0031625,0.0031501,0.0021909,0.00043665,0.0011864,0.0019093,0.0011937,0.0010988,0.00081435,0.0015894,0.0008517,0.0019195,0.003697,0.022993,0.046826,0.014763,0.0029968,0.0020972,0.0023947,0.00089228,0.0011191,0.0015545
0.0068322,0.0052397,0.0063156,0.0064901,0.0069246,0.008392,0.011984,0.022998,0.087649,0.014255,0.0038185,0.0109,0.0069518,0.007176,0.0045075,0.0047532,0.0023499,0.0044862,0.0027166,0.0023882,0.0023193,0.0032662,0.0028135,0.0040018,0.0070008,0.021068,0.0023676,0.01126,0.0027613,0.0012591,0.00086267,0.00070851,0.00050558,0.00020599,0.0064202,0.0023955,0.002127,0.0023784,0.0031005,0.0036804,0.0047974,0.0086474,0.027776,0.016775,0.015236,0.0021005,0.00082174,0.00086327,0.00043117,0.00063588,0.0003357,0.035853,0.033336,0.03513,0.037433,0.041908,0.050801,0.066386,0.10741,0.42101,0.073715,0.066648,0.040446,0.026531,0.019623,0.01439,0.012246,0.014941,0.0050278,0.0025611,0.0013776,0.002609,0.0016169,0.0019747,0.0025854,0.003944,0.015107,0.0036675,0.0057255,0.0016072,0.00066382,0.00054675,0.00045651,0.00084251,0.00047684,0.00068476,0.00068642,0.00069177,0.0013123,0.0019503,0.0027537,0.0043567,0.010995,0.043146,0.035015,0.0096977,0.0064732,0.0049731,0.0042127,0.0040227,0.0035749,0.0037556,0.032313,0.0019974,0.0011214,0.00056386,0.00024462,0.00057328,0.0014297,0.001882,0.040283,0.13821,0.040309,0.0129,0.0083302,0.0058197,0.005147,0.00767,0.0082074,0.0070764,0.0024827,0.0011227,0.0008271,0.00043961,0.00051165,0.0013295,0.0022277,0.0099762,0.012766,0.0030997,0.00029588,0.00071373,0.00026465,0.00030018,0.00045099,0.00040436,0.0026742,0.0018559,0.0020802,0.0020843,0.0021911,0.0030192,0.0034823,0.007263,0.018558,0.02269,0.0082198,0.0044418,0.0029493,0.0023585,0.0023062,0.0018301,0.0020409,0.0017014,0.0093176,0.010401,0.01175,0.01428,0.019266,0.029081,0.053499,0.23003,0.20922,0.059318,0.038641,0.028186,0.025753,0.022176,0.022879,0.020523,0.001194,0.0031498,0.0018754,0.0014298,0.0018382,0.0023233,0.0023014,0.0036601,0.009426,0.052165,0.010294,0.0032098,0.0020613,0.0011748,0.00079884,0.00088759,0.0011902,2.4799e-05,0.0015442,0.0018121,0.0019322,0.0022658,0.0028757,0.00375,0.0092352,0.033143,0.071673,0.0077408,0.0033309,0.0020216,0.0019895,0.0015655,0.0014468,0.0012303
0.004202,0.0093514,0.0064731,0.0059191,0.0067219,0.0091009,0.010904,0.019086,0.083683,0.021886,0.026974,0.0099,0.0067093,0.0054962,0.0048656,0.0037864,0.0034695,0.016781,0.0026905,0.0015888,0.0012248,0.0010882,0.001912,0.0022627,0.0051631,0.015399,0.0083584,0.0095246,0.0025245,0.0018415,0.0010366,0.0012023,0.0010803,0.00099183,0.0040684,0.0024567,0.0018476,0.0021582,0.0020446,0.0032059,0.003815,0.0096692,0.023698,0.018558,0.020223,0.0051281,0.0023682,0.0018344,0.0017087,0.0014304,0.0013752,0.0090314,0.020009,0.020545,0.022948,0.026767,0.034961,0.050038,0.09161,0.42542,0.19351,0.091687,0.053585,0.041642,0.036107,0.032878,0.03076,0.030264,0.0044041,0.00070232,0.00054116,0.00067119,0.00070437,0.0010275,0.0019592,0.0031114,0.013823,0.0074651,0.0042636,0.0023719,0.0025188,0.0017566,0.0012854,0.0015544,0.0012722,0.0047723,0.0030861,0.0031933,0.0033396,0.0031367,0.0051851,0.0060669,0.0095603,0.043971,0.046735,0.0089284,0.0015762,0.0018183,0.0012906,0.00058857,0.00040475,0.0003128,0.030552,0.0043776,0.0035385,0.0037664,0.0036158,0.0038399,0.0039581,0.0053122,0.060206,0.13331,0.025121,0.0094291,0.0052902,0.0037236,0.0021597,0.0041404,0.0045243,0.00033569,0.0019101,0.00027738,0.001014,0.0017892,0.00066426,0.0010861,0.0029843,0.010366,0.019168,0.0058926,0.001203,0.00075536,0.00088512,0.00017587,9.0521e-05,3.434e-05,0.0026436,0.001896,0.0024138,0.002573,0.0032666,0.0034952,0.0049174,0.0086028,0.012578,0.026598,0.010478,0.0041474,0.002201,0.0013798,0.00095648,0.001218,0.00084306,0.0091497,0.016636,0.018585,0.020573,0.022178,0.026615,0.036299,0.062717,0.25416,0.083806,0.042599,0.022894,0.01576,0.012294,0.011312,0.0091043,0.011007,0.012982,0.0018727,0.0011412,0.0014524,0.00092627,0.00064007,0.00082442,0.00087148,0.0079587,0.048799,0.0036707,0.001806,0.0017318,0.00089236,0.0013829,0.0013162,0.00037385,0.0033112,0.0015086,0.0018908,0.0021538,0.0028793,0.0027157,0.0043542,0.0064206,0.030465,0.070886,0.0036787,0.00071784,0.0009095,0.00060942,0.00060816,0.00053212,0.00028993
0.0035115,0.0028226,0.0057045,0.0059725,0.0058236,0.0067788,0.0090254,0.011804,0.093578,0.042412,0.02082,0.0080804,0.0059729,0.0060176,0.0059198,0.0043453,0.0026494,0.019249,0.0014946,0.0013509,0.0012134,0.0013961,0.0018863,0.0024717,0.0043553,0.019565,0.015749,0.012148,0.0022892,0.001654,0.0010803,0.00090219,0.00070729,0.00084306,0.0052834,0.0017408,0.001619,0.0016336,0.0020287,0.0024537,0.00337,0.0067742,0.028904,0.0049494,0.019479,0.0028427,0.0023207,0.0016603,0.0014205,0.0013977,0.0012627,0.0090791,0.021961,0.02406,0.025693,0.029377,0.037112,0.05362,0.093824,0.43621,0.27504,0.068718,0.050267,0.038353,0.032437,0.029347,0.026348,0.027352,0.0050946,0.0014528,0.00072492,0.0010807,0.0010519,0.0011969,0.0021845,0.002754,0.014496,0.0079216,0.0042246,0.002194,0.0011035,0.0016355,0.0011419,0.0011414,0.00020407,0.00072672,0.0010521,0.0013912,0.0016294,0.0023042,0.0029318,0.0047242,0.0079926,0.048026,0.039428,0.0035659,0.0056767,0.004091,0.0039202,0.0034137,0.0033767,0.0027523,0.01713,0.0061656,0.0073446,0.0076902,0.0083718,0.0091794,0.01169,0.016877,0.074877,0.057332,0.047565,0.019075,0.012113,0.0099319,0.0086164,0.0060265,0.0066282,0.00088312,0.00098588,0.00010593,0.00021799,0.00045341,0.00073521,0.0011345,0.00085687,0.011566,0.011606,0.0034712,0.00051991,0.0003371,0.00030299,0.0003656,0.00016757,0.00028419,0.0010357,0.0004799,0.00089556,0.00076589,0.00095965,0.0009775,0.0016299,0.0036084,0.015994,0.047806,0.0084426,0.0032804,0.0021772,0.0017319,0.0014518,0.0013992,0.001524,0.023455,0.013348,0.014282,0.015355,0.017953,0.022679,0.031915,0.056962,0.23821,0.23654,0.04389,0.030574,0.02373,0.020223,0.017532,0.01858,0.016909,0.015448,0.00019777,0.00065655,0.00033233,0.00086541,0.00028692,0.0010914,0.0024363,0.0060774,0.046795,0.0043444,0.0031335,0.0010132,0.0010208,0.00082515,0.001718,0.0004139,0.00055315,0.00098832,0.0012337,0.0015976,0.0016686,0.0029871,0.0039622,0.0076137,0.03647,0.048799,0.0092409,0.0059097,0.0046477,0.0038958,0.0032296,0.0034914,0.0032921
0.0029335,0.0025051,0.0036878,0.0043792,0.0049124,0.0050271,0.0091991,0.018688,0.093332,0.037197,0.0090621,0.0067146,0.0042405,0.0047133,0.004172,0.0029769,0.0039902,0.016196,0.00092263,0.00040531,0.00022668,0.00048392,0.00040999,0.00073482,0.0024873,0.018226,0.0091665,0.0083756,0.0011304,0.00061414,0.00042374,0.00060808,0.00063747,0.00058174,0.0065137,0.00048632,0.00042668,0.00048833,0.0005058,0.00091021,0.002298,0.0044098,0.02783,0.022108,0.018559,0.001705,0.00065486,0.00077081,0.00089895,0.00068521,0.00079536,0.018603,0.026745,0.020549,0.018723,0.02888,0.046965,0.070008,0.10969,0.44683,0.079959,0.10448,0.073538,0.053603,0.040629,0.033668,0.035463,0.035796,0.0038739,0.0006755,0.00028376,0.00048105,0.00091117,0.0014783,0.0030421,0.0037869,0.015455,0.0010027,0.0038929,0.0027036,0.0030312,0.0026734,0.0016673,0.0021952,0.0011578,0.00725,0.0045006,0.0024469,0.0018723,0.0051723,0.0083176,0.01022,0.01233,0.040295,0.020936,0.015623,0.0086251,0.0046079,0.001838,0.0014515,0.0025639,0.0025654,0.022787,0.0034558,0.0038026,0.0039282,0.0047515,0.0071231,0.0089471,0.017991,0.079396,0.11271,0.044576,0.021799,0.014558,0.012876,0.0098848,0.0088324,0.0089933,0.00039673,0.00060023,0.00038934,0.00046453,0.00048967,0.00038792,0.00084903,0.00029812,0.010296,0.012033,0.0071378,0.0014216,0.001068,0.00067463,0.00021238,0.00038632,0.00012206,3.8184e-06,0.00056184,0.00085202,0.00095323,0.0011751,0.0014024,0.002354,0.0029945,0.010656,0.012866,0.014691,0.0046891,0.003099,0.0024341,0.0023507,0.0021958,0.0024071,0.021464,0.01158,0.013222,0.014141,0.016543,0.020974,0.030365,0.055177,0.25574,0.26837,0.042389,0.030702,0.02302,0.019347,0.016551,0.019139,0.014807,0.011959,0.0022112,0.00052287,0.0014351,0.0011092,0.0014554,0.0018762,0.0032135,0.0070484,0.05068,0.0063869,0.0031672,0.0019104,0.0015004,0.0010789,0.0019518,0.00057603,0.0010014,0.0022351,0.0026769,0.0029118,0.0034644,0.0038963,0.0049972,0.0070274,0.038871,0.054314,0.0083746,0.0040646,0.0026868,0.001966,0.001765,0.0013303,0.0012684
0.003996,0.0035544,0.003163,0.0035051,0.0044724,0.0060654,0.0085843,0.01178,0.096325,0.023609,0.016161,0.0042377,0.0039228,0.002104,0.003482,0.0023307,0.0014172,0.012081,0.0011775,0.00081477,0.00057081,0.0010991,0.00049235,0.0011968,0.0021,0.016861,0.010213,0.010332,0.0010856,0.00091042,0.00078375,0.0005903,0.00039804,0.00070954,0.006405,0.00088745,0.0011722,0.0014613,0.0018559,0.0020713,0.0025183,0.006841,0.026925,0.017406,0.015289,0.001668,0.0013093,0.0012793,0.00098922,0.00096236,0.0010529,0.028395,0.020675,0.023963,0.02518,0.028422,0.03474,0.048672,0.08564,0.45215,0.049859,0.061226,0.036156,0.027486,0.022252,0.020219,0.017928,0.01586,0.0015259,0.00045449,0.00054101,0.00086016,0.00065866,0.0008773,0.0014372,0.0017055,0.012896,0.00068404,0.0030109,0.00020879,0.00064034,0.00052225,0.00023582,0.00040728,0.0011177,0.0018998,0.0032564,0.0037266,0.0038972,0.0046801,0.0051781,0.0066024,0.012253,0.051369,0.035213,0.011952,0.0044921,0.0028312,0.0020344,0.0016315,0.0013989,0.0011788,0.040351,0.012536,0.013067,0.014441,0.015894,0.017833,0.022187,0.035213,0.10667,0.03835,0.056141,0.020687,0.01262,0.0091935,0.0057097,0.0014781,0.0022679,0.0015202,0.0004956,0.0011039,0.00065693,0.0010581,0.0016036,0.001428,0.0023974,0.013496,0.016844,0.0022574,0.0012149,0.00088333,0.00059765,0.00060527,0.00064,0.00041389,0.00016594,0.0002247,0.00048601,0.00050358,0.0005019,7.1927e-05,0.0002963,0.00049019,0.007632,0.044707,0.010594,0.0023494,0.0012112,0.00092822,0.00067753,0.00025701,0.00017739,0.0055448,0.016032,0.016665,0.018395,0.020684,0.025003,0.035127,0.053906,0.2721,0.16574,0.047544,0.026914,0.018229,0.014532,0.011442,0.012099,0.015955,0.010971,0.00082069,0.00070105,0.00077612,0.00082487,0.00092809,0.0012749,0.0022084,0.0072865,0.043275,0.0081088,0.0021344,0.0016904,0.0012483,0.00072447,0.00084251,0.00083925,0.0037652,0.0021489,0.0024159,0.0025605,0.002936,0.0028879,0.0045615,0.009644,0.038711,0.058471,0.008282,0.0052777,0.0041231,0.0032095,0.0029851,0.0028395,0.0029259
0.0030957,0.0026404,0.00089168,0.0016661,0.0028776,0.0056508,0.0075806,0.010613,0.1046,0.035679,0.030868,0.011466,0.0073705,0.0070986,0.0069509,0.0064627,0.0066548,0.0071241,0.00088751,0.00097264,0.0011236,0.00086638,0.0019741,0.0024592,0.0048519,0.021472,0.0094346,0.0094528,0.0032074,0.0015942,0.0015711,0.0013901,0.001457,0.0012226,0.0049363,0.0015802,0.0015719,0.0017351,0.0020483,0.0021783,0.0035308,0.0073269,0.033493,0.0055432,0.020732,0.0044628,0.0024161,0.0021,0.0016962,0.0018699,0.0017014,0.021206,0.018566,0.02035,0.022177,0.023974,0.029867,0.042705,0.071534,0.46224,0.19613,0.047499,0.030432,0.022701,0.018811,0.015863,0.015994,0.016495,0.0013371,0.0002369,0.00037178,5.231e-05,0.00081625,0.00095268,0.00064757,0.0014514,0.013529,0.0079907,0.002436,0.00033863,0.0002503,0.00032876,0.00034469,0.00080844,0.0007229,0.0011997,0.0005158,0.00081581,0.0012004,0.0019193,0.0022699,0.0042706,0.0085032,0.053593,0.042349,0.0085658,0.0062248,0.0047118,0.0041127,0.0035865,0.0036082,0.0037213,0.033341,0.0013249,0.0019625,0.0034615,0.0039555,0.0056279,0.0075553,0.012998,0.1029,0.12481,0.048371,0.020562,0.014675,0.013206,0.010701,0.0098117,0.0091707,0.0041962,0.0019787,0.0019518,0.0018053,0.0016047,0.0023939,0.0028943,0.0039553,0.015636,0.010676,0.0088309,0.0021257,0.001034,0.00081705,0.00059007,0.00025148,0.00044252,0.0040513,0.002696,0.0028436,0.0030307,0.0036641,0.0036898,0.0041618,0.0072988,0.026534,0.024701,0.012705,0.0053477,0.0032652,0.0020973,0.0019871,0.0015199,0.0012894,0.037369,0.007461,0.023682,0.020828,0.018997,0.040396,0.0064071,0.088303,0.22228,0.15,0.090313,0.0011927,0.036517,0.017001,0.015368,0.023287,0.0028572,0.0048257,0.0059016,0.0025807,0.0052289,0.0046892,0.0049395,0.0092471,0.0028528,0.034451,0.02011,0.024877,0.0053375,0.0065965,0.0045446,0.0021286,0.0043125,0.0022126,0.0015183,0.0030628,0.0020421,0.0034985,0.0041801,0.0041214,0.010695,0.0065495,0.06113,0.036158,0.032083,0.010358,0.01087,0.010064,0.0049863,0.010022,0.0022812
0.0025082,0.0034258,0.0024114,0.0033459,0.0034895,0.0053766,0.0073737,0.014482,0.10893,0.013989,0.022156,0.0094533,0.0066097,0.0052268,0.0048241,0.0049007,0.0054685,0.0080492,0.0003648,0.00090935,0.00073852,0.001153,0.00092415,0.0010839,0.0027665,0.020576,0.010187,0.013188,0.0030641,0.0022829,0.001722,0.0015624,0.0014786,0.0014153,0.0030709,0.00097013,0.00091686,0.00077462,0.00076384,0.0014228,0.0018562,0.0029551,0.033567,0.01266,0.021066,0.0036829,0.0029698,0.0022391,0.0018873,0.0018845,0.0020447,0.0081941,0.0047512,0.0054446,0.0083486,0.010394,0.015504,0.024537,0.051492,0.4742,0.18383,0.037372,0.030375,0.024594,0.020579,0.019628,0.019397,0.014332,0.0023633,0.001085,0.00076726,0.00053149,0.00064505,0.00051232,0.00087799,0.0022253,0.013584,0.0054605,0.0039982,0.00095564,0.00076176,0.00062164,0.00088877,0.00044549,0.0024777,0.00064851,0.0002356,0.0001892,0.00043753,0.00028049,0.0010472,0.0016849,0.0031713,0.052463,0.033522,0.004531,0.0024447,0.0017053,0.0015642,0.0013648,0.0011513,0.0015908,0.031231,0.0030383,0.005039,0.0065794,0.0091512,0.011057,0.011687,0.016278,0.08474,0.051779,0.042457,0.023981,0.01737,0.011966,0.0092482,0.0017182,0.0011978,0.0077687,0.0020335,0.0020994,0.0018373,0.002638,0.0015668,0.0014286,0.0020265,0.011285,0.01246,0.0032004,0.0023898,0.0023636,0.0024716,0.0022687,0.0024548,0.0024052,0.0011025,0.0020574,0.0021679,0.0025007,0.0025664,0.0023946,0.0027443,0.0035438,0.019137,0.042295,0.012227,0.0048187,0.0043857,0.0042608,0.004257,0.0046292,0.0039826,0.0015049,0.01294,0.013741,0.014049,0.016376,0.019731,0.027302,0.05013,0.31021,0.23075,0.03893,0.024714,0.019192,0.015845,0.014161,0.010805,0.014246,0.004345,0.001178,0.00018868,0.00045112,0.0008914,0.00082917,0.0014302,0.001267,0.0073584,0.04158,0.0059487,0.0029672,0.002124,0.0019462,0.0016337,0.002389,0.00087741,0.0014343,0.00083957,0.00096477,0.0010355,0.0011565,0.0010022,0.00089969,0.0030933,0.028822,0.047652,0.0051315,0.0027875,0.0018266,0.0011261,0.0011465,0.00073813,0.0004616
0.0017147,0.0010871,0.0024955,0.001567,0.00070647,0.00084005,0.0013991,0.0018188,0.10271,0.0054563,0.019148,0.0046364,0.0036726,0.0028539,0.00079302,0.0029507,0.002409,0.0069257,0.00050536,0.00043217,0.00070432,0.00075099,0.0010192,0.00087665,0.0010978,0.012395,0.0030208,0.0066472,0.00077175,0.0011322,0.00073025,0.00054375,0.00082028,0.0010815,0.0038243,0.0007119,0.00076027,0.00085076,0.0008148,0.0010371,0.0010431,0.0031606,0.030228,0.014977,0.015551,0.002755,0.0018359,0.0013471,0.0011262,0.0010927,0.00081828,0.0068113,0.0045976,0.0046611,0.0050578,0.0054753,0.0063786,0.0081727,0.024528,0.43807,0.11924,0.0080838,0.0056489,0.0036039,0.002836,0.0020042,0.0019849,0.0035649,0.0024472,0.0002863,0.00044398,0.0011329,0.00018733,0.00019854,0.0003321,0.00088131,0.011697,0.0057234,0.0035445,0.00095876,0.00046405,0.00054877,0.00040115,0.00093473,0.00078395,0.0018349,0.0016271,0.002092,0.0019412,0.0022445,0.0025546,0.003683,0.0070475,0.043436,0.033152,0.0066896,0.0030515,0.0017173,0.0011494,0.00095622,0.00059606,0.00073624,0.035897,0.0041691,0.0050806,0.0030583,0.0054289,0.0046216,0.0064021,0.010758,0.079553,0.14853,0.025105,0.0094753,0.0072799,0.0041154,0.0048782,0.001924,0.0012207,0.0068341,0.00080543,0.00062499,0.00054033,0.00068701,0.0015843,0.001348,0.0037275,0.010132,0.013771,0.0072994,0.0031254,0.0025149,0.0020079,0.0017053,0.0016139,0.001688,0.0033455,0.0012941,0.0014981,0.0020587,0.0021589,0.0024908,0.0038487,0.0087216,0.0049016,0.016583,0.013393,0.0073737,0.0053884,0.0046735,0.0038887,0.0037986,0.0039025,0.00097467,0.01055,0.012488,0.011031,0.013486,0.015699,0.020777,0.031156,0.28491,0.14738,0.026824,0.011736,0.0083612,0.0044352,0.0024917,0.0033945,0.0026951,0.0018444,0.0019732,0.0017125,0.0027897,0.0020323,0.0025608,0.0032019,0.0049268,0.0033508,0.044346,0.0055658,0.0026824,0.0013003,0.00095397,0.0010886,0.0012713,0.00039484,0.00064278,0.0017681,0.0023198,0.0025344,0.0025108,0.0028233,0.0038656,0.007075,0.022965,0.065146,0.0052338,0.0032823,0.0026846,0.0021287,0.0018024,0.00185,0.0016308
0.10905,0.0028756,0.0059152,0.0031707,0.0045386,0.0047826,0.0072727,0.0097848,0.10831,0.0051441,0.02148,0.0053964,0.0047544,0.0033536,0.0046655,0.0017628,0.0010586,0.040206,0.0012012,0.0021061,0.0016706,0.0018393,0.00095048,0.0018753,0.0036871,0.011366,0.0082658,0.012035,0.0031857,0.0021772,0.0014514,0.001051,0.00074715,0.0011235,0.017556,0.0018721,0.0015681,0.001445,0.0017547,0.0023341,0.0028234,0.0034766,0.028961,0.021068,0.018727,0.0040075,0.0017459,0.0009007,0.0007104,0.00041844,0.00027467,0.090919,0.006266,0.0059983,0.0057738,0.0061824,0.0075057,0.010276,0.017419,0.4403,0.14684,0.013575,0.009557,0.006551,0.0061028,0.0048474,0.0036152,0.0062581,0.066072,0.00061427,0.00017867,0.00010911,0.00035421,0.00030609,0.00067055,0.0013618,0.011703,0.0059509,0.0035821,0.001112,0.00057301,0.00034874,0.00036913,0.0017412,0.0023117,0.0055505,0.0016607,0.0013454,0.0016777,0.0020141,0.0022955,0.0030764,0.0047992,0.046329,0.038198,0.0012718,0.0012599,0.00098122,0.00067836,0.00060466,0.00067177,0.00090028,0.072101,0.0069102,0.0087391,0.012589,0.01581,0.021215,0.024558,0.027378,0.11576,0.084081,0.058422,0.042814,0.036248,0.025619,0.019041,0.010334,0.007845,0.049468,0.00038747,0.00079816,0.00040644,0.00090162,0.002125,0.0016182,0.0039987,0.014459,0.01322,0.0045853,0.0024413,0.0026281,0.0021377,0.0017533,0.00147,0.0012112,0.027268,0.00099544,0.00088149,0.0011932,0.0019192,0.0028727,0.0047893,0.0073,0.00969,0.022041,0.021295,0.012332,0.0093023,0.0073712,0.0051407,0.0037755,0.0030213,0.11452,0.0032452,0.0035715,0.0044931,0.0047399,0.0069655,0.010782,0.020186,0.30538,0.15602,0.032418,0.017308,0.013399,0.012493,0.011122,0.010733,0.0098669,0.050811,0.0025744,0.00063533,0.001744,0.0013632,0.0015909,0.0024646,0.0044016,0.0026774,0.042942,0.0078917,0.0039122,0.0027889,0.0020956,0.0024979,0.0017078,0.0013905,0.0057641,0.0027805,0.0027398,0.0032105,0.0036853,0.0037522,0.0043084,0.0056113,0.019104,0.057589,0.0087749,0.0042299,0.0027761,0.001991,0.0016917,0.0012641,0.0012474
0.087871,0.010493,0.0090428,0.006034,0.0050619,0.0061379,0.00727,0.013464,0.11037,0.019683,0.027685,0.0066769,0.005134,0.0045728,0.0023768,0.0031287,0.0038815,0.028124,0.0029012,0.0011068,0.0018538,0.00083416,0.0017264,0.0028602,0.0052701,0.014819,0.0052923,0.011039,0.003699,0.0027038,0.0020837,0.0018948,0.0017673,0.002203,0.014273,0.00070993,0.00026167,0.0007386,0.0014769,0.0023578,0.0043666,0.011702,0.031598,0.0026341,0.023625,0.00693,0.004561,0.0038649,0.0034236,0.0033659,0.0030156,0.070481,0.0057069,0.0062715,0.011763,0.017047,0.027874,0.04883,0.1094,0.20304,0.22537,0.078686,0.057682,0.047709,0.041383,0.038187,0.036924,0.031949,0.055337,0.0048235,0.0015989,0.0011632,0.0013739,0.00079332,0.0009646,0.0045289,0.0086423,0.0049132,0.0032691,0.0010644,0.00078049,0.00076552,0.00085497,0.0012108,0.00018311,0.0031586,0.0028071,0.0035782,0.0038577,0.0052201,0.00672,0.0098727,0.024984,0.033053,0.041246,0.015166,0.010221,0.0085234,0.0071425,0.0065867,0.0063141,0.0059625,0.050711,0.0085936,0.0097185,0.0058513,0.0059926,0.0080683,0.010261,0.012803,0.12531,0.10499,0.041834,0.015354,0.011334,0.0088004,0.0056186,0.0075945,0.0064565,0.043198,0.003473,0.0014184,0.0017203,0.0012294,0.0021,0.0014344,0.00434,0.016413,0.0080346,0.0097608,0.0037651,0.0021863,0.0021285,0.0017893,0.0015077,0.0013848,0.021973,0.0014125,0.00026035,0.00072869,0.0018713,0.0025602,0.0041272,0.0089834,0.030789,0.012097,0.020454,0.010293,0.0074905,0.0063634,0.0059254,0.0056331,0.0058442,0.10109,0.012464,0.012564,0.01206,0.018218,0.023936,0.037761,0.079449,0.091796,0.15165,0.072176,0.047353,0.03617,0.031354,0.028939,0.028669,0.023354,0.038457,0.0050247,0.0027975,0.0042902,0.0038588,0.0042877,0.0056481,0.0084053,0.020467,0.028257,0.0075582,0.0040594,0.0028478,0.0020346,0.0017635,0.0024963,0.0020104,0.0060407,0.0034558,0.0033556,0.0038583,0.0044042,0.0061915,0.0082169,0.016956,0.037858,0.054059,0.010949,0.0086671,0.0068661,0.0057447,0.0052445,0.0051227,0.0054265
0.056338,0.006649,0.0055461,0.004628,0.0059896,0.0070834,0.010717,0.027069,0.081026,0.013009,0.01543,0.0056038,0.0027597,0.0027581,0.0033798,0.0028216,0.0015736,0.020201,0.0018242,0.0013784,0.00093309,0.0003751,0.0014715,0.00025006,0.00091914,0.015441,0.011831,0.0093586,0.0012895,0.00082878,0.00047615,0.00050061,0.0002063,0.00060081,0.010708,0.0014176,0.0017874,0.0018716,0.0017504,0.0022223,0.0047447,0.010258,0.040727,0.0045209,0.018759,0.0029752,0.0017281,0.0013557,0.0011582,0.00098305,0.00094989,0.079501,0.03403,0.03446,0.037841,0.043159,0.052543,0.073084,0.13931,0.15779,0.18727,0.063019,0.032212,0.020129,0.012812,0.0085416,0.0058058,0.0037404,0.03369,0.0019465,0.0015438,0.0010872,0.0010114,0.0014902,0.001371,0.0017905,0.0088356,0.0035653,0.0025912,0.00059363,0.00034089,0.00017852,0.00039125,0.00087286,0.00034142,0.0082742,0.0046731,0.0049319,0.0053124,0.0059457,0.0065731,0.0093762,0.015225,0.044028,0.028867,0.014668,0.0053673,0.0031926,0.0023311,0.001442,0.00080601,0.0007019,0.015135,0.0051377,0.0021289,0.002455,0.0018893,0.0029592,0.0059825,0.016433,0.089408,0.11646,0.033327,0.011653,0.0076602,0.0067977,0.0034475,0.0052384,0.0037633,0.029461,0.0013152,0.00050333,0.00066928,0.00034843,0.00028413,0.00084463,0.0014789,0.018804,0.0065918,0.00064037,0.0025207,0.0013439,0.0012041,0.00089347,0.00088752,0.0010223,0.013855,0.00094287,0.00079241,0.00099038,0.0010565,0.0011599,0.0013604,0.0051912,0.038541,0.030968,0.0091874,0.0048248,0.0033557,0.0025717,0.0023988,0.0024084,0.0020218,0.039979,0.021727,0.021378,0.023869,0.027155,0.032603,0.0435,0.070992,0.089475,0.16748,0.038269,0.022193,0.01423,0.0098429,0.0067566,0.0068661,0.0014496,0.021658,0.0040991,0.0029059,0.0023565,0.0034704,0.0038583,0.0044808,0.0055574,0.017193,0.031031,0.0072041,0.0036436,0.0022072,0.0017116,0.0012864,0.0018602,0.00057793,0.0007992,0.0039186,0.0041129,0.0043406,0.0046598,0.0059981,0.0067575,0.0091308,0.039811,0.049804,0.0097174,0.0054067,0.0032856,0.0021851,0.0016018,0.0012937,0.0015583
0.019493,0.0068415,0.0062202,0.0062184,0.0078334,0.010221,0.01443,0.031348,0.074555,0.021578,0.021586,0.0051721,0.0047621,0.002273,0.00096814,0.00070451,0.00073242,0.0064851,0.00057304,0.00031369,0.0010353,0.0010162,0.00091237,0.00084558,0.0024223,0.01133,0.012399,0.0099257,0.0017469,0.00097713,0.00020721,0.00015478,8.027e-05,0.00010683,0.0061322,0.0017053,0.0017724,0.0018601,0.0022105,0.003121,0.0050282,0.013622,0.037575,0.0051479,0.021903,0.0060749,0.004096,0.0031664,0.0027203,0.0024523,0.0024662,0.0082017,0.012692,0.013738,0.016847,0.02099,0.027341,0.042247,0.090048,0.24925,0.18454,0.07469,0.043029,0.033811,0.02851,0.026215,0.024557,0.024949,0.021511,0.0023448,0.0026277,0.001165,0.0015805,0.0019191,0.0023138,0.0024567,0.0058297,0.0049435,0.0044378,0.0006519,0.00046133,0.00035127,0.00025598,0.0004607,0.0014725,0.0019227,0.00071331,0.0011712,0.0011095,0.0016525,0.0028039,0.0051493,0.014352,0.053977,0.029286,0.011547,0.0051981,0.00386,0.0033127,0.0030559,0.0028003,0.0028191,0.013214,0.0047599,0.0042161,0.0041127,0.0073871,0.0097429,0.017147,0.036792,0.071057,0.05228,0.057919,0.03067,0.022173,0.017919,0.016391,0.01487,0.015576,0.021866,0.0021352,0.0011554,0.0017614,0.0016949,0.0019005,0.0028782,0.0025461,0.015281,0.0097948,0.0083407,0.0023622,0.0011392,0.00074969,0.00077186,0.00075284,0.00056078,0.0092126,0.00071158,0.00033492,0.00065232,0.00042641,0.0010596,0.0017689,0.0043645,0.029462,0.041733,0.0065743,0.0011599,0.00040901,0.00011715,0.00025403,0.00023324,0.00038147,0.040797,0.0042754,0.0015153,0.0035577,0.0070516,0.011725,0.020415,0.055564,0.13034,0.18099,0.038144,0.027098,0.021485,0.01855,0.016565,0.01559,0.018847,0.0079252,0.0011027,0.00033638,0.00087809,0.0010054,0.0018935,0.003024,0.004683,0.016236,0.033056,0.01124,0.0072808,0.0052362,0.0045286,0.0037618,0.0043477,0.0031834,0.0053883,0.0023058,0.0023691,0.0027808,0.0029937,0.0036134,0.0043343,0.0097071,0.039826,0.046776,0.016205,0.00754,0.0049612,0.0040341,0.0034886,0.0035515,0.0030079
0.011553,0.001346,0.00054813,0.0019897,0.0032071,0.0053506,0.008122,0.026295,0.075211,0.010521,0.022441,0.0085915,0.0070929,0.0055684,0.0061973,0.0041271,0.0059606,0.011084,0.0011032,0.00054689,0.00025772,0.00050831,0.00092034,0.00058989,0.0025309,0.011568,0.00031539,0.0090276,0.0014721,0.00074414,0.00037408,0.00019785,0.00035843,3.6232e-05,0.0039807,0.0013913,0.0013871,0.0016461,0.0020497,0.0021885,0.0028158,0.0095303,0.036993,0.011292,0.014965,0.0021805,0.001296,0.00053438,0.00051344,0.00034443,0.00060846,2.4818e-05,0.015761,0.018576,0.016658,0.020539,0.023752,0.033597,0.061895,0.30253,0.15294,0.031126,0.013799,0.0089281,0.0054579,0.00302,0.0012641,0.0034009,0.011131,0.0022911,0.0008656,0.0008461,0.00043213,0.00053462,0.00066974,0.00082484,0.0060516,0.0085631,0.0032733,0.00091831,0.00063879,0.00066741,0.00058974,0.0015513,0.00055313,0.0002384,0.0012178,0.0016147,0.0018767,0.0019719,0.0025004,0.0032394,0.0085134,0.050081,0.033111,0.0058018,0.001796,0.0012985,0.00073506,0.00053584,0.00047261,0.00046731,0.018204,0.0015093,0.0016018,0.0035027,0.0046626,0.0081174,0.013908,0.034092,0.062549,0.11525,0.054375,0.023536,0.018712,0.015789,0.012596,0.013314,0.01265,0.012694,0.0013037,0.0012695,0.00058879,0.00029576,0.00021716,0.00080543,0.00091089,0.012156,0.016096,0.0053103,0.0009718,0.00093662,0.00090149,0.00068434,0.00054819,0.00084877,0.0068227,0.0013347,0.0018402,0.0017309,0.0018413,0.002348,0.0022354,0.0042659,0.028821,0.015775,0.0093591,0.0041205,0.0028594,0.0022098,0.0020686,0.0015189,0.0019513,0.055896,0.02875,0.02004,0.0081767,0.023417,0.046715,0.069856,0.10803,0.058935,0.11942,0.048834,0.046564,0.035718,0.024542,0.019232,0.014749,0.020846,0.013451,0.0026109,0.0021818,0.00052225,0.0022904,0.0055246,0.0082298,0.010648,0.017981,0.037461,0.012964,0.0087719,0.0070681,0.0055456,0.0042093,0.0024138,0.0018158,0.0032292,0.00070977,0.0003652,0.00020097,0.0011187,0.0028617,0.0044812,0.0062957,0.039358,0.052217,0.010636,0.010777,0.010302,0.0090032,0.0067101,0.0039035,0.00065042
0.019877,0.0052891,0.0029401,0.0030863,0.0036201,0.0052031,0.0066822,0.012104,0.089226,0.020733,0.020857,0.0051076,0.0030186,0.0030478,0.0023379,0.0019621,0.0015965,0.0069257,0.00025519,0.0003509,0.00054399,0.0012924,0.00097372,0.00070432,0.0018203,0.011806,0.012131,0.010614,0.0019002,0.0014094,0.0008659,0.00077745,0.00068113,0.00046732,0.0034581,0.0017037,0.0014844,0.0017645,0.001501,0.0020987,0.0020939,0.0028086,0.032627,0.0040345,0.021454,0.0037347,0.0022114,0.0014028,0.00099275,0.00058768,0.00062371,0.0094072,0.0043044,0.0039396,0.0056812,0.0045223,0.0064901,0.0088484,0.019189,0.39259,0.11349,0.021568,0.0081462,0.006575,0.0049627,0.004531,0.0038273,0.0064431,0.015856,0.0028712,0.0024182,0.0016835,0.00046867,0.00048117,0.00033889,0.0011625,0.0087052,0.0050089,0.0035123,0.00060504,0.00039027,0.00036358,0.00056835,0.0010881,0.0028859,0.00073051,0.00020695,0.00037975,0.0004884,0.0004283,0.0002818,0.00067477,0.0017574,0.055647,0.028784,0.004778,0.0017971,0.001109,0.00079479,0.00087711,0.00073487,0.00012397,0.02289,0.0034261,0.0036095,0.0030493,0.0032728,0.0045681,0.0075131,0.0058303,0.096337,0.078606,0.031807,0.015255,0.010403,0.0082212,0.0078571,0.0086684,0.0061627,0.018668,0.0017928,0.0011081,0.0005998,0.0016459,0.0015453,0.0017863,0.0026613,0.010545,0.010373,0.0078203,0.0013095,0.00076929,0.00062812,0.00027524,0.00017594,0.00019264,0.0055791,0.00044018,0.00058464,0.00063048,0.00034689,0.00033008,0.00099415,0.0010112,0.017647,0.047866,0.0073038,0.0016039,0.00084191,0.00055816,0.00045893,0.00026043,0.00059319,0.027579,0.0016764,0.0027888,0.00050287,0.0022686,0.002964,0.0045113,0.01057,0.20829,0.17999,0.0099127,0.0063321,0.0050794,0.0046375,0.0054657,0.0058104,0.0012341,0.0056153,0.00090225,0.0010538,0.0015409,0.0017414,0.0015138,0.0014392,0.0032352,0.0078512,0.043953,0.0039796,0.0027331,0.0020038,0.0014071,0.0016016,0.0010661,0.0012512,0.00054933,0.0018738,0.0016727,0.0020656,0.0019287,0.0022249,0.0019274,0.0040427,0.03077,0.052825,0.0073915,0.0026964,0.0013563,0.00081303,0.00068897,0.00050201,4.9599e-05
0.021643,0.0028379,0.0031235,0.0019408,0.0023329,0.0032691,0.004258,0.011669,0.10093,0.010172,0.014793,0.0014667,0.0015299,0.00098883,0.0006615,0.0015779,0.00068094,0.00064659,0.00046452,0.00064639,0.00018543,0.0011532,0.00082337,0.00045429,0.0010964,0.015189,0.0034427,0.011401,0.0016344,0.0011478,0.0007682,0.00079472,0.00083143,0.00042534,0.0032864,0.00079025,0.00069106,0.00056401,0.00072985,0.00080233,0.00074335,0.0047609,0.033623,0.013211,0.017011,0.0021941,0.001425,0.00035724,0.00025813,0.00016892,0.00031091,0.0078565,0.0022904,0.0025964,0.0060137,0.0056011,0.0090894,0.014278,0.031222,0.38865,0.14693,0.031953,0.016497,0.013245,0.01148,0.010482,0.0092074,0.0076734,0.022313,0.0028632,0.0010396,0.00096614,0.00033177,0.00054841,0.00015153,0.0011186,0.0083733,0.0091749,0.0026978,0.00062517,0.00054759,9.7782e-05,0.00053718,0.00097901,0.0028306,0.0003624,0.00083576,0.00092701,0.0010604,0.0011751,0.00091813,0.0017164,0.0050983,0.054885,0.031323,0.0065855,0.001739,0.0014537,0.00097701,0.0010108,0.00079623,0.00021745,0.019333,0.0035637,0.0027783,0.003457,0.002959,0.0049888,0.0065626,0.013366,0.097371,0.13287,0.039436,0.014465,0.0097625,0.008283,0.0078062,0.0098483,0.007332,0.025128,0.00069765,0.0011059,0.00077421,0.001035,0.00055599,0.0011989,0.0023698,0.011393,0.014421,0.0035966,0.0002843,0.00018631,0.00010661,0.00054219,0.00050538,0.0004387,0.0062314,0.0013802,0.0016454,0.0016028,0.0017408,0.0017438,0.0028296,0.002863,0.027831,0.013059,0.013451,0.0056054,0.0037301,0.003053,0.002534,0.0023999,0.0023709,0.024207,0.0078856,0.006569,0.0089604,0.0088504,0.010482,0.011338,0.023166,0.23617,0.15121,0.029771,0.011047,0.005615,0.0031252,0.00052476,0.0015338,0.00059321,0.0005188,0.0010743,0.00028307,0.001313,0.0013964,0.0014393,0.001333,0.0026244,0.0085501,0.04747,0.0072856,0.0021844,0.0012867,0.00084396,0.00061461,0.0015915,0.00022887,0.0017395,0.00080908,0.00070784,0.00035877,0.00082105,0.00054999,0.00049954,0.00094027,0.031689,0.061776,0.0043508,0.0014259,0.0013532,0.0010049,0.00083662,0.00067774,0.00085451
0.012118,0.0029352,0.0027295,0.0028734,0.0034187,0.0037388,0.006866,0.015139,0.096832,0.020172,0.022374,0.0058562,0.005539,0.0037964,0.0025415,0.0041391,0.0034123,0.0025254,0.00083441,0.00077932,0.00083432,0.00050747,0.00061655,0.00042338,0.0026207,0.011228,0.01051,0.010633,0.0019968,0.0017527,0.0008927,0.0007322,0.00078932,0.00053789,0.0033246,0.0012945,0.0009053,0.0010068,0.0014119,0.0016483,0.003399,0.0073956,0.029138,0.0012394,0.024873,0.0069449,0.0049414,0.0040727,0.003537,0.0032018,0.0031872,0.054063,0.030591,0.017939,0.051134,0.051214,0.0080619,0.09545,0.19748,0.28908,0.059902,0.09698,0.035772,0.018189,0.03465,0.017074,0.010067,0.026848,0.01508,0.0011249,0.001408,0.0018285,0.0013435,0.00098879,0.0023471,0.0052341,0.0047752,0.0030449,0.0027447,0.0035727,0.0011129,0.00067837,0.001847,0.0017022,0.0014038,0.0057851,0.004547,0.0049256,0.0057519,0.0054524,0.0071745,0.013484,0.022224,0.055849,0.020271,0.0099562,0.0047366,0.0022361,0.0022416,0.0013149,0.00040093,0.0010853,0.038117,0.010422,0.011864,0.011363,0.013849,0.014569,0.01925,0.031355,0.055954,0.04341,0.048174,0.024736,0.016863,0.01437,0.012664,0.009978,0.011181,0.015726,0.0022384,0.0006903,0.0016134,0.0016228,0.0014465,0.0028381,0.0026023,0.0076789,0.011866,0.0092551,0.003274,0.0020083,0.0016217,0.0011145,0.0012829,0.001276,0.0065366,0.0005544,0.0015673,0.0013356,0.0013855,0.0020964,0.0015457,0.0036657,0.019362,0.046531,0.0084074,0.0016578,0.00040214,0.00029878,0.00010433,0.00029567,0.00013543,0.013943,0.0073115,0.010751,0.0092069,0.010149,0.011516,0.015519,0.036516,0.20684,0.17706,0.014733,0.0090735,0.0062078,0.0041805,0.0044369,0.0032195,0.0013161,0.002203,0.0023294,0.0021184,0.0014108,0.0018477,0.0021283,0.0025902,0.0048998,0.011827,0.041006,0.0040746,0.0037903,0.0021027,0.0017177,0.0016285,0.0011373,0.00073053,0.0032349,2.1119e-05,0.00019758,0.00025795,0.00078592,0.0013894,0.0025539,0.0021685,0.032965,0.052599,0.013346,0.0062385,0.0044538,0.0037145,0.0033129,0.0029298,0.0033341
0.002636,0.00067766,0.0030696,0.0013546,0.0027127,0.0043458,0.0076278,0.0185,0.089385,0.0093321,0.019971,0.0068274,0.0055559,0.0044825,0.0042149,0.0042457,0.0035973,0.00081827,0.00042389,0.00057567,0.00057878,0.0010884,0.00040009,0.00080572,0.0029379,0.012307,0.00083578,0.011035,0.0025421,0.0017811,0.0012884,0.0012938,0.0010498,0.00092126,0.0040169,0.0013324,0.0018034,0.0018015,0.0016974,0.0019965,0.0025136,0.0084239,0.030881,0.012738,0.017125,0.0027878,0.0020571,0.0012232,0.00082615,0.00083498,0.00079728,0.0033703,0.0025349,0.0019038,0.0051153,0.0044836,0.0064911,0.010756,0.021568,0.38835,0.11434,0.013835,0.0043151,0.0034844,0.0029268,0.0029381,0.004124,0.00077248,0.0092203,0.0010332,0.0018526,0.0018008,0.00034491,0.00027221,0.00026796,0.0012135,0.0090915,0.0077779,0.0033532,0.00051848,0.00035875,0.0003341,0.00074136,0.0012112,0.0022812,0.00032996,9.3321e-05,0.0004256,0.00043087,0.0003543,0.00044439,0.00082377,0.0038799,0.055276,0.033681,0.0042021,0.00095554,0.0006958,0.0004712,0.00040834,0.00043131,4.0069e-05,0.034913,0.0021585,0.0018425,0.0025025,0.0030585,0.0056217,0.008637,0.023178,0.06711,0.14855,0.039771,0.016647,0.011939,0.0084582,0.0093985,0.0084215,0.0071031,0.014082,0.00041877,0.0010895,0.00073541,0.00083894,0.00034665,0.0011055,0.0012546,0.0096671,0.017642,0.0049119,0.0010206,0.0010249,0.0011533,0.00066147,0.0008223,0.00076488,0.00094226,0.0017184,0.0023514,0.001979,0.0022289,0.0023572,0.0033491,0.001298,0.028279,0.014765,0.010059,0.0037945,0.0021866,0.0013763,0.0011467,0.00038326,0.00081255,0.011707,0.0036864,0.0038166,0.0044183,0.004356,0.006034,0.0090392,0.024333,0.20211,0.13868,0.026926,0.012374,0.0086308,0.0078649,0.0065098,0.0059789,0.0037117,0.0011711,0.0014122,0.0005856,0.00094052,0.000918,0.0011361,0.001757,0.0029017,0.0075304,0.049313,0.0056516,0.0028524,0.0021202,0.0023557,0.0013147,0.0015653,0.0020256,0.0038929,0.0015054,0.0023563,0.0020727,0.0019836,0.0025209,0.0036047,0.0018869,0.027938,0.062806,0.0066305,0.0025273,0.0017093,0.0011296,0.00078182,0.00085613,0.00067711
0.0006981,0.0025357,0.0026068,0.001924,0.0030294,0.0029419,0.004303,0.00795,0.099347,0.0356,0.018479,0.0016797,0.0014048,0.00049123,0.00127,0.0010712,0.00090409,0.00065041,0.00063917,0.001682,0.00025837,0.0013921,0.0011757,0.0016428,0.0036563,0.011232,0.014173,0.011656,0.0025318,0.00078674,0.0011224,0.00027305,0.00038763,0.00026132,0.0043831,0.0022608,0.0017796,0.0023689,0.0025217,0.0032624,0.0043114,0.0070915,0.024679,0.0077929,0.024708,0.0071109,0.0043875,0.0032778,0.0029984,0.0029278,0.0028572,9.5375e-05,0.0018721,0.0026166,0.0010472,0.00037687,0.00034494,0.0018321,0.0073629,0.41705,0.10865,0.0185,0.0055937,0.0028363,0.0014451,0.0011533,0.00028109,0.00010299,0.0097715,0.00063088,0.00081564,0.0011508,0.00027442,0.00029229,0.00069743,0.00057921,0.010204,0.0052154,0.0028676,0.00083172,0.00064917,0.00048971,0.00054816,0.00057696,0.002142,0.00027846,5.2647e-05,0.00040244,0.00039392,0.00056173,0.00094481,0.0015259,0.0028762,0.057446,0.029589,0.0077195,0.0029808,0.0021546,0.0017525,0.0015131,0.0015346,0.0010681,0.032908,0.0011272,0.0021609,0.0025217,0.0042642,0.0064737,0.010391,0.020647,0.064057,0.051714,0.040904,0.024257,0.017572,0.015981,0.012783,0.012998,0.013884,0.01261,0.0013893,0.0015603,0.0013149,0.001824,0.0021828,0.0024061,0.0030203,0.0049213,0.013571,0.0065446,0.0023033,0.0010949,0.0008859,0.00043834,0.00040378,0.00030326,0.0047646,0.0011662,0.0012607,0.0013741,0.0015619,0.0017453,0.0019752,0.005221,0.015635,0.050676,0.0095035,0.0024806,0.0012686,0.00067099,0.00054801,0.00047653,0.00027468,0.019308,0.0026378,0.0061181,0.0021131,0.0029854,0.0032952,0.005126,0.0042209,0.24931,0.17462,0.011148,0.0060552,0.002701,0.0024119,0.0020757,0.0010742,0.0029354,0.00068474,0.0012361,0.0018677,0.00086513,0.0014566,0.0019871,0.0027367,0.0033253,0.0061629,0.042081,0.00086871,0.003874,0.0019328,0.0011826,0.00090174,0.0015398,0.0016079,0.0052262,0.0024432,0.0023334,0.003024,0.0030249,0.0035311,0.0047746,0.0037038,0.02962,0.051076,0.010241,0.0041716,0.0022595,0.0013513,0.0007586,0.00034186,0.00040054
0.0020924,0.0021396,0.001417,0.002506,0.0023276,0.0025614,0.0041509,0.0061311,0.10114,0.012437,0.011553,0.0010394,0.0011912,0.0007879,0.0011231,0.0021905,0.0010014,0.0038453,0.0010595,0.0010325,0.00030309,0.00079222,0.00084464,0.0010897,0.0019144,0.012406,0.0039766,0.0066291,0.0015294,0.0015589,0.00050307,0.00035597,0.00056178,0.00016404,0.0030308,0.00058749,0.00066754,0.00034717,0.00077574,0.00090735,0.0011682,0.0029305,0.030401,0.014255,0.015109,0.0025354,0.0016214,0.0013756,0.001345,0.0010324,0.0011425,0.0086519,0.0039865,0.0052867,0.0041584,0.0044306,0.0053788,0.0067024,0.0098791,0.42949,0.13605,0.022244,0.009714,0.0070154,0.005917,0.0044918,0.0033873,0.00027847,0.008196,0.00023634,0.00056751,0.0012009,0.00048381,0.00032867,7.1113e-05,0.00093738,0.0106,0.0083299,0.0032161,0.00074307,0.00032723,0.00027609,0.00015149,0.0010619,0.0014591,0.00033761,0.00048791,0.00082616,0.00053724,0.00090357,0.0010156,0.0021105,0.0029018,0.052428,0.036851,0.0078098,0.002932,0.0020934,0.0016776,0.0016585,0.0012924,0.0010319,0.02999,0.00023495,0.0016457,0.0014504,0.00099966,0.0027602,0.0029426,0.0083355,0.091151,0.14973,0.039704,0.013472,0.0077757,0.0079164,0.0040669,0.0022187,0.0026265,0.011734,0.00062696,0.00057001,0.00018435,0.0003667,0.00099017,0.00070882,0.0013914,0.0067791,0.019599,0.0030775,0.00012261,0.00039725,0.00024868,8.1707e-05,0.0003353,0.00016021,0.0052319,0.0026786,0.0021385,0.0026646,0.0027133,0.0028767,0.0040688,0.0055444,0.017279,0.019039,0.0048682,0.0036236,0.0019375,0.0014814,0.00076809,0.00045529,7.0572e-05,0.0245,0.012046,0.012134,0.01217,0.021416,0.01774,0.036638,0.091657,0.24583,0.07297,0.066433,0.03947,0.02579,0.026244,0.022641,0.020215,0.021769,0.0070172,0.002269,0.0041929,0.0034372,0.0023319,0.0076218,0.0041404,0.011048,0.027343,0.031637,0.019712,0.0080297,0.0041023,0.0063092,0.0033762,0.0033832,0.0046826,0.0027276,0.0062389,0.0058659,0.00080956,0.0080674,0.0085697,0.0036733,0.025813,0.02459,0.041361,0.033886,0.013289,0.0062825,0.011712,0.0065699,0.0051391,0.0092355
0.00096706,0.0022079,0.00075562,0.001048,0.0018369,0.0023955,0.0022358,0.0035744,0.090928,0.030756,0.020442,0.0054182,0.0030035,0.0031384,0.00095406,0.0016263,0.0019474,0.0046425,0.0011915,0.0004362,0.0011207,0.00056245,0.00037002,0.00033496,0.0010481,0.012924,0.016213,0.010566,0.0024235,0.00052748,0.001261,0.00079222,0.00019586,0.00044632,0.0021477,0.0013312,0.0014745,0.0014398,0.0015261,0.0014205,0.0019151,0.0011072,0.032205,0.011568,0.019985,0.0043086,0.0027345,0.0017851,0.0013784,0.0014044,0.0012741,0.0083085,0.0056785,0.0068228,0.0068164,0.0073934,0.0085588,0.011001,0.015971,0.43315,0.12583,0.024758,0.011076,0.0069958,0.0048948,0.004309,0.0046276,0.00040435,0.0075341,0.00030826,3.2545e-05,0.00078869,0.00028549,0.00012718,0.00030825,0.00068125,0.011127,0.0060047,0.00086097,0.00028827,0.00031188,0.00011502,0.00040155,0.00043674,0.00071337,0.0016461,0.0017642,0.0019907,0.0018071,0.0024289,0.003092,0.0029525,0.0074573,0.046707,0.028384,0.0096949,0.003455,0.0020559,0.0013856,0.0010057,0.00051318,0.0002079,0.039839,0.0085549,0.0079847,0.0088056,0.010136,0.011961,0.014084,0.021042,0.058295,0.06467,0.041238,0.019114,0.011998,0.0095155,0.0060309,0.0060493,0.0039426,0.012026,0.0006183,0.00033792,0.00074411,0.00047535,0.001219,0.0012948,0.0019396,0.0077883,0.013589,0.00047455,0.00086973,0.00080041,0.00066439,0.00076338,0.00049385,0.00072289,0.0022087,0.0007677,0.00053156,0.00055557,0.00078207,0.001337,0.0019244,0.0022045,0.0075892,0.051102,0.007149,0.0017565,0.0011391,0.0011317,0.0011099,0.00097638,0.0011635,0.0072919,0.0081873,0.0084903,0.009057,0.010046,0.011669,0.014214,0.02621,0.27843,0.1841,0.015173,0.010122,0.0059516,0.0034301,0.0019489,0.0043533,0.0026722,0.00031854,0.0014797,0.0012131,0.0026117,0.0016626,0.0018398,0.0020824,0.0039406,0.0029071,0.042785,0.0074498,0.0016725,0.0013238,0.0011705,0.0012401,0.0010015,9.5367e-06,0.00021171,0.0023387,0.002549,0.002743,0.0029378,0.0030497,0.0038467,0.0084866,0.01659,0.052825,0.0083626,0.0041735,0.002691,0.0019247,0.0014088,0.0012529,0.0013218
0.0035782,0.0019718,0.0025468,0.0025323,0.0020494,0.0026296,0.004789,0.0070837,0.095013,0.016182,0.024007,0.0083127,0.0036596,0.0032103,0.0022611,0.003608,0.0039635,0.0033779,0.001373,0.00039618,0.00019713,0.00088632,0.0009299,0.00079709,0.0012841,0.011338,0.011855,0.0073727,0.0020047,9.5696e-05,0.00056304,0.00038025,0.00038378,0.0003872,0.0043984,0.0012237,0.0014058,0.0015724,0.0014326,0.0014406,0.0012993,0.0043095,0.029113,0.020765,0.016964,0.0038089,0.0023938,0.0012584,0.00067092,0.000466,0.00014496,0.0051804,0.0059679,0.0036957,0.0041931,0.0056385,0.0060345,0.0064313,0.0078394,0.40911,0.13763,0.022848,0.0095919,0.0054624,0.0032951,0.0028565,0.001662,0.0073816,0.0037594,0.00037613,5.9752e-05,0.00022007,0.00012337,0.00030946,0.00053222,0.00018757,0.011192,0.0092743,0.0033438,0.0005118,0.00012422,0.00041851,3.7755e-05,0.00036345,0.00018883,0.0003891,0.00033511,0.00051691,0.00059814,0.00070548,0.00096482,0.0011056,0.0020284,0.04653,0.032026,0.007542,0.0035877,0.0021096,0.0018097,0.0015787,0.0012655,0.0013962,0.034651,0.0020313,0.00024752,0.0015206,0.0018332,0.0032195,0.0036006,0.0031703,0.11429,0.11849,0.034747,0.01693,0.011431,0.0090021,0.0089197,0.0028192,0.0052091,0.0089818,0.0010794,0.00060656,0.00052118,0.00016948,0.00058361,0.0010173,0.0010716,0.012079,0.019463,0.0044149,0.0010962,0.0010024,0.00076626,0.00038649,0.00027301,0.00020028,0.00052071,0.0017181,0.0019031,0.002181,0.0024518,0.0027202,0.0034701,0.0052008,0.0079688,0.031732,0.010833,0.0051197,0.0039097,0.0033156,0.0025956,0.0022483,0.0023289,0.0056534,0.003464,0.0035614,0.005437,0.0058643,0.007485,0.010167,0.01682,0.24069,0.15676,0.02954,0.016771,0.011713,0.0097074,0.0097998,0.0056752,0.0027771,0.00064089,0.0017131,0.0022643,0.0028637,0.0023172,0.0026765,0.0035428,0.0055311,0.008611,0.038059,0.0076232,0.0037279,0.0026316,0.0023067,0.0022846,0.0020036,0.0020104,0.0030022,0.00083798,0.0010457,0.0012318,0.001372,0.001534,0.0025638,0.0048693,0.032468,0.057648,0.0092183,0.0051791,0.0036472,0.0031821,0.0028708,0.0029237,0.0029069
0.0029373,0.0027478,0.0014919,0.0018867,0.002281,0.0024459,0.003237,0.0079177,0.10912,0.010756,0.014569,0.0036475,0.0023457,0.0019605,0.0026357,0.00046646,0.00024033,0.0018006,0.00097854,0.00036022,0.00037903,0.00047978,0.00068337,0.001476,0.0010072,0.016265,0.010276,0.0061176,0.00063276,0.00010329,0.00013754,0.00012639,0.00025497,0.0004921,0.0033093,0.00045749,0.00034548,0.00030645,0.00036979,0.00075806,0.0010941,0.0033691,0.030792,0.011225,0.010888,0.001925,0.00026795,0.00026647,0.00015758,0.00021748,1.9036e-06,0.0077173,0.0078742,0.0076579,0.010109,0.010258,0.013106,0.017732,0.028854,0.45136,0.11764,0.020262,0.0082327,0.0053336,0.002929,0.0012275,0.0012849,0.00049974,0.0081407,0.00046746,0.00046029,0.0002017,0.00019761,0.00034346,0.00060927,0.0007399,0.011741,0.0066325,0.0036507,0.0012261,0.00074028,0.00044102,0.00034503,0.0010548,0.0021401,0.0028058,0.0021927,0.0024397,0.0027898,0.0031239,0.003824,0.004711,0.0094318,0.058472,0.033311,0.011654,0.0048717,0.0036581,0.0028431,0.0025896,0.0022767,0.0027791,0.026392,0.0095632,0.0083653,0.0099093,0.010277,0.011288,0.014427,0.02056,0.11197,0.10858,0.047112,0.015951,0.007855,0.0050504,0.001206,0.0037116,0.0014515,0.011841,0.00067881,0.00036339,0.00027861,0.00092964,0.00043483,0.0015188,0.0027856,0.014327,0.010786,0.0050824,0.0024939,0.0017059,0.0018051,0.0013063,0.0011953,0.0011101,0.0029412,0.00076827,0.00093704,0.0010195,0.0014653,0.0015093,0.0028712,0.004328,0.022618,0.036263,0.0050389,0.0042232,0.0033041,0.0027766,0.0026745,0.0022111,0.0022164,0.014319,0.0019894,0.0004277,0.0031158,0.0026716,0.0036578,0.0045351,0.014177,0.24553,0.15098,0.0057189,0.0045323,0.0026908,0.0023968,0.002707,0.0032486,0.0032101,0.0011005,0.0013433,0.00095343,0.0003603,0.0010921,0.0016287,0.0021405,0.0023119,0.012978,0.044714,0.010285,0.0038526,0.002552,0.0027548,0.0020475,0.0032388,0.0022221,0.0048047,0.0027872,0.0028817,0.003022,0.0035301,0.0039389,0.0053777,0.0094743,0.042761,0.0636,0.0074905,0.0049676,0.0034209,0.0027195,0.002238,0.0020881,0.0021954
0.0055657,0.0030739,0.0048537,0.0050774,0.0056656,0.0064017,0.0078919,0.0090528,0.11171,0.0064872,0.025536,0.0077343,0.0044937,0.0035134,0.0015998,0.0030043,0.00092699,0.0041085,0.00211,0.0017168,0.0014295,0.0013677,0.0015726,0.0023894,0.0052447,0.020491,0.013552,0.012997,0.0031807,0.001845,0.0014664,0.00095116,0.00073915,0.00071718,0.00031089,0.001748,0.0018722,0.0022687,0.002546,0.0029157,0.0033239,0.0070048,0.029636,0.016979,0.019214,0.0045504,0.0029048,0.0017757,0.001472,0.0012985,0.0013409,0.024977,0.026928,0.030539,0.036498,0.041325,0.045471,0.053031,0.074439,0.51061,0.21651,0.044648,0.034851,0.023752,0.016568,0.011399,0.0067198,0.008257,0.0076658,0.0011572,9.3848e-05,0.0005455,0.00033287,0.00041607,0.00046592,0.0017183,0.014016,0.0080671,0.0035652,0.0018726,0.0013152,0.00089519,0.0006863,0.00028405,0.00046732,0.0031376,0.003698,0.0039336,0.0048513,0.0060596,0.0083438,0.010495,0.012968,0.059815,0.029833,0.0093744,0.0083324,0.0084107,0.0069716,0.0049844,0.0027276,0.00036432,0.042344,0.0083179,0.0080498,0.0089521,0.0095953,0.011564,0.013744,0.021491,0.050333,0.063379,0.047597,0.017566,0.010216,0.0082278,0.0064771,0.0032047,0.0045014,0.011698,0.0011841,0.001028,0.00061601,0.0011181,0.00045444,0.0011095,0.00077009,0.00869,0.015143,0.0033355,0.00071329,0.00033497,0.0002699,0.00039093,0.00019628,0.00016976,0.0037194,0.00050771,0.00049982,0.00084871,0.0013451,0.0012619,0.0026053,0.003832,0.019046,0.040428,0.014795,0.0061642,0.0043678,0.0034652,0.0031824,0.002839,0.0030365,0.025139,0.0095405,0.011414,0.011776,0.013453,0.016897,0.022546,0.037228,0.28868,0.18063,0.028996,0.015907,0.010855,0.0087315,0.007944,0.0090104,0.0040741,0.0018292,0.0027843,0.0024433,0.0033623,0.0032462,0.0039274,0.0046598,0.0075146,0.015273,0.040442,0.010977,0.0041677,0.0025422,0.0018096,0.0011709,0.0012944,0.00056269,0.005621,0.002762,0.0029731,0.0030715,0.0033409,0.0042474,0.005038,0.0066307,0.033805,0.053995,0.010326,0.0047052,0.0029106,0.0020127,0.0015082,0.0010629,0.0012379
0.0030499,0.0015947,0.0011457,0.00072718,0.00042054,0.001311,0.0021942,0.0055485,0.091883,0.020966,0.023663,0.0056529,0.0026266,0.0016918,0.0028423,0.0019369,0.0010433,0.0019837,0.001535,0.00077147,0.0015995,0.0015934,0.00067684,0.0011831,0.00107,0.013424,0.0037269,0.011114,0.0025872,0.0014005,0.00098668,0.00067841,0.00066876,0.0005913,0.0034829,0.00072261,0.00085611,0.00074384,0.00079652,0.0012338,0.00096499,0.0013634,0.02482,0.024936,0.020109,0.0042438,0.0020909,0.0010258,0.00079646,0.00058913,0.00037384,0.013499,0.012303,0.015483,0.014696,0.018684,0.024226,0.036395,0.068299,0.46921,0.17578,0.051008,0.03414,0.026551,0.022857,0.021355,0.020684,0.017309,0.0040074,0.00053672,0.00051844,0.00043065,0.00047059,0.00096235,0.0012571,0.0026191,0.015562,0.0078828,0.0054928,0.0025661,0.0015353,0.0016859,0.0012384,0.0011902,0.0013333,0.0018654,0.001277,0.0016165,0.0016772,0.0019321,0.0021581,0.0031106,0.0069176,0.048278,0.025661,0.0041685,0.0016556,0.00092949,0.00060472,0.00065367,0.0001064,6.4854e-05,0.034371,0.01338,0.020774,0.017731,0.0050543,0.015935,0.037641,0.055616,0.036869,0.084038,0.08103,0.042944,0.017589,0.0089565,0.011198,0.010333,0.0093195,0.0084821,0.0010144,0.0015852,0.0015668,0.001262,0.0015932,0.0035238,0.0045634,0.0050865,0.015916,0.0045701,0.0016282,0.00065309,0.00037593,0.00056076,0.00054145,0.00050164,0.0012436,0.00043708,0.00044122,0.00060326,0.00039824,0.00080495,0.00082577,0.0015357,0.014963,0.021271,0.015465,0.003886,0.00065105,0.0010083,0.0011125,0.00071473,3.0518e-05,0.024157,0.014881,0.016198,0.017699,0.019255,0.023403,0.031987,0.053311,0.3047,0.21311,0.047449,0.027353,0.019605,0.015274,0.01153,0.015098,0.010576,0.00013734,0.00054407,0.00024262,0.00039839,0.00024569,0.00033204,0.0006038,0.00042016,0.0025045,0.049149,0.0012092,0.0012041,0.00086002,0.00069447,0.00078728,0.00039982,0.0010567,0.00173,0.00052651,0.00070403,0.00090298,0.00075954,0.001104,0.0011347,0.0036891,0.030666,0.057191,0.002596,0.00078924,0.00060669,0.00032029,0.00018233,0.00037061,0.00018504
0.0016213,0.0017641,0.0028217,0.0034068,0.0032413,0.0043612,0.0068981,0.014045,0.096312,0.031386,0.026017,0.011272,0.0077714,0.0070766,0.0049207,0.0061318,0.0048943,0.0052682,0.00063339,0.00038144,0.00076689,0.00061067,0.0016803,0.0011873,0.0032154,0.019156,0.0075839,0.0076162,0.0032677,0.0019931,0.00181,0.0014624,0.0013983,0.0010986,0.00067141,0.0026575,0.0027412,0.0028733,0.0033282,0.0036069,0.0055487,0.0066112,0.033818,0.0039814,0.017793,0.0070807,0.0043249,0.0032739,0.0025684,0.0023682,0.0025559,0.018793,0.020238,0.020823,0.022265,0.025371,0.030844,0.043007,0.078162,0.45296,0.10543,0.034423,0.022878,0.01796,0.014983,0.013118,0.010772,0.0090887,0.0054913,0.00050584,0.00049586,0.00041988,0.00041324,0.00071733,0.00063151,0.0015946,0.013188,0.0042882,0.0034563,0.00092061,0.00038168,0.00052852,0.000519,0.00065562,0.00048257,0.00021936,0.00074707,0.0010117,0.0014431,0.0021616,0.0029434,0.0051192,0.0081247,0.050416,0.042541,0.0089095,0.006753,0.0052034,0.0047761,0.0046075,0.0041842,0.0040188,0.043441,0.0090345,0.010342,0.011177,0.012403,0.015165,0.019066,0.033644,0.10563,0.049784,0.061271,0.02653,0.018857,0.016025,0.010739,0.013461,0.012827,0.011044,0.0010168,0.00035371,0.00097439,0.00064727,0.0019996,0.0025809,0.0029992,0.016782,0.01076,0.010045,0.0043191,0.0034862,0.0024966,0.0023073,0.0021447,0.0022202,0.0020657,0.00015945,0.00050683,0.00085662,0.00091009,0.0011851,0.0016389,0.0032091,0.01744,0.042544,0.0072355,0.0036649,0.002762,0.0021925,0.0021414,0.0019502,0.001669,0.010502,0.010128,0.022096,0.016812,0.023654,0.027286,0.027356,0.073563,0.15492,0.19666,0.054204,0.027096,0.013769,0.014701,0.0051281,0.0097253,0.0075875,0.00097849,0.0051956,0.0019965,0.0052912,0.004464,0.0059673,0.0087618,0.0080774,0.033244,0.016478,0.020892,0.003879,0.0068724,0.0038686,0.0042328,0.0036818,0.0027829,0.0023003,0.0098647,0.0032557,0.009311,0.008026,0.0093332,0.015947,0.011062,0.073175,0.010845,0.029495,0.0033665,0.0093263,0.0039329,0.0046429,0.0040739,0.0026589
0.00061608,0.0033051,0.002978,0.0030684,0.0036114,0.0041373,0.0062658,0.013939,0.10038,0.031388,0.0067126,0.0037988,0.0046107,0.0013471,0.0022536,0.0025931,0.003584,0.0045262,0.00059428,0.00033702,0.00052849,0.00071436,0.0017271,0.0021807,0.0022948,0.018921,0.0062334,0.0068491,0.0022996,0.0017854,0.0012582,0.0012725,0.00096164,0.0011883,0.0029564,0.00038153,0.00022884,0.00022627,0.00027776,0.00032029,0.00023378,0.00049233,0.026817,0.0031388,0.010462,0.0020773,0.00081982,0.00070508,0.00062442,0.00034177,0.00042345,0.0085336,0.006718,0.0083521,0.011832,0.017732,0.026897,0.042551,0.08371,0.47845,0.27074,0.092617,0.059655,0.047264,0.040902,0.037083,0.034744,0.036263,0.0074044,0.0003741,0.0007381,0.00046599,0.00075179,0.001025,0.0013486,0.0031405,0.01557,0.0096409,0.0060768,0.0023637,0.0019888,0.0013927,0.0014606,0.0015168,0.0015717,0.0029431,0.0026269,0.0026509,0.0031823,0.0037044,0.0040475,0.0053142,0.0098023,0.055625,0.041545,0.010603,0.0051193,0.0036007,0.0029069,0.002662,0.0023519,0.0023213,0.031699,0.00062489,0.0012207,0.0013733,0.0015026,0.0022085,0.003882,0.0050408,0.0611,0.12843,0.043237,0.017056,0.011599,0.0096877,0.0066329,0.0094279,0.010569,0.011795,0.00036474,0.00054261,0.00016924,0.00090955,0.00037489,0.0010888,0.0014088,0.0097979,0.015155,0.0019225,0.00062303,0.00014365,8.9717e-05,0.00010166,0.00024661,7.2479e-05,0.001524,0.0018025,0.0015842,0.0019039,0.0022333,0.0025545,0.0033407,0.0054031,0.023537,0.019765,0.012497,0.0067988,0.004485,0.0039124,0.0031555,0.0030755,0.0031491,0.026318,0.011768,0.014975,0.014747,0.017544,0.022769,0.032228,0.055098,0.29835,0.19851,0.068561,0.038987,0.028962,0.024444,0.022,0.022243,0.018219,0.0004673,0.00025954,0.00051633,0.00084046,0.0014099,0.0018339,0.0023245,0.0033912,0.013771,0.045508,0.0099502,0.0047897,0.0036349,0.0028517,0.0028678,0.0017211,0.0031491,0.0025864,0.00052191,0.00075459,0.00070185,0.00096589,0.001866,0.0026474,0.0043929,0.034241,0.057061,0.0071457,0.003971,0.0031127,0.0024704,0.0023131,0.0020179,0.0022888
0.0065061,0.0077006,0.0077506,0.0076311,0.0081309,0.0098787,0.01338,0.025856,0.087215,0.014662,0.022954,0.0081922,0.0049171,0.0050884,0.0024172,0.0023217,0.0011578,0.0035535,0.0021601,0.0028866,0.0026925,0.0023612,0.0032336,0.0032629,0.0062216,0.020552,0.011674,0.011665,0.003712,0.0019049,0.0014247,0.00084458,0.00062669,0.00027276,0.0075017,0.0033332,0.0033349,0.0035933,0.0042717,0.0050666,0.006413,0.0094517,0.038205,0.0012243,0.020123,0.0061431,0.0035642,0.0022805,0.0013401,0.00091795,0.0010929,0.028113,0.025829,0.026822,0.028831,0.033152,0.040091,0.053435,0.090288,0.43433,0.088887,0.040251,0.024062,0.015895,0.010822,0.00691,0.00538,0.0023785,0.0061551,0.0017879,0.0011328,0.0021179,0.0015706,0.0016937,0.0020361,0.0037561,0.016457,0.0048458,0.0014357,0.0010131,0.00078954,0.00056942,0.00062431,0.00070968,0.00057795,0.00082781,0.00012416,0.00045804,0.00083452,0.00095027,0.0019938,0.0029708,0.0061747,0.039813,0.018823,0.00436,0.0025029,0.0020744,0.0021135,0.0018074,0.0016662,0.0018463,0.028721,0.0032307,0.0043399,0.00446,0.0046033,0.0045492,0.0048064,0.0087074,0.050284,0.10271,0.032845,0.011414,0.0050861,0.0040522,0.00095966,0.0022285,0.00065232,0.0084192,0.0013242,0.00090557,0.0014811,0.0014179,0.00088416,0.0018617,0.001777,0.014048,0.011021,0.0033287,0.0023075,0.0010567,0.0012148,0.0010697,0.001082,0.0010643,0.0028534,0.0013687,0.0011903,0.001267,0.0013184,0.0016627,0.0024656,0.0029027,0.01641,0.038434,0.013213,0.0049213,0.0034092,0.0025777,0.0022796,0.0017587,0.0019798,0.0094873,0.0037781,0.0032795,0.0069622,0.0096765,0.014108,0.022993,0.050445,0.26172,0.24038,0.037604,0.02749,0.023926,0.020179,0.018585,0.021017,0.018097,0.002554,0.0009816,0.00033451,0.0009011,0.00028793,0.00020809,0.00024547,0.00028172,0.0026572,0.046296,0.0059869,0.0016369,0.0006635,0.00034104,0.0010779,0.00039218,0.0003834,0.0034199,0.002055,0.0019033,0.0019487,0.0023058,0.0026066,0.0031755,0.0046951,0.033508,0.055623,0.0064516,0.0033722,0.0024602,0.0019953,0.0018496,0.0017504,0.0015965
0.0044327,0.0085274,0.0060414,0.0073396,0.0076376,0.010512,0.014584,0.023189,0.082492,0.039472,0.032084,0.01465,0.0093558,0.006261,0.0050039,0.0061606,0.0061914,0.0054074,0.0021154,0.0014675,0.0017287,0.0016144,0.0020984,0.0033106,0.0049378,0.013783,0.020557,0.0093657,0.0036124,0.0018046,0.0014041,0.0013119,0.0012673,0.0014858,0.00076677,0.0017949,0.0018257,0.0020363,0.0022595,0.0027484,0.0038552,0.0086813,0.018802,0.025207,0.01766,0.0066392,0.0034579,0.0025383,0.0022133,0.0019513,0.0019455,0.018486,0.016259,0.018515,0.02253,0.02825,0.037015,0.055754,0.10311,0.42364,0.30044,0.11784,0.072512,0.057546,0.049078,0.045023,0.043007,0.040715,0.003666,0.00078821,0.00087217,0.0017666,0.00086677,0.0011421,0.002247,0.0042191,0.014359,0.009041,0.0042324,0.0029633,0.0025436,0.0018974,0.0018232,0.0017041,0.0017662,0.0051442,0.0047929,0.0046355,0.0050743,0.0054561,0.0065301,0.0086984,0.01494,0.04769,0.053338,0.01403,0.0051386,0.0039092,0.00271,0.0019163,0.0019008,0.0015736,0.04307,0.0052119,0.0055627,0.0065932,0.0065847,0.0079022,0.008919,0.0087172,0.074154,0.091194,0.034499,0.011145,0.0068505,0.0041451,0.0013248,0.0034373,0.0016346,0.0082971,0.00068354,0.00012946,0.00043129,0.0008029,0.00061838,0.00064307,0.0032788,0.009886,0.021367,0.0049104,0.0017158,0.0013374,0.00080423,0.0010196,0.0010263,0.00071333,0.00028801,0.0011138,0.0012524,0.0013963,0.0019018,0.0024997,0.0038486,0.0082527,0.013058,0.046298,0.012811,0.006515,0.0042503,0.0036571,0.0031444,0.0029049,0.0030842,0.0029889,0.010946,0.012824,0.013823,0.015638,0.019022,0.027669,0.043475,0.22323,0.11854,0.017682,0.014006,0.010937,0.0090209,0.0072715,0.0056331,0.0070592,0.0023709,0.0033095,0.0026454,0.003519,0.0032951,0.0035742,0.004579,0.0064266,0.017299,0.041208,0.010119,0.0038722,0.0021469,0.001357,0.00089304,0.00027644,0.0012684,0.0062524,0.0036033,0.0039548,0.0042311,0.0049432,0.0060145,0.007272,0.011927,0.038808,0.068041,0.011341,0.0047759,0.0033905,0.0023811,0.0018772,0.001639,0.001339
0.0028287,0.0013844,0.00066923,0.002598,0.0021506,0.0024407,0.0048065,0.0074052,0.057803,0.04528,0.015801,0.0042036,0.0035891,0.0033053,0.0055044,0.0034165,0.0034199,0.0044957,0.00025885,0.00039498,0.0013564,0.00061285,0.0017056,0.0022543,0.0036642,0.013687,0.010569,0.0064607,0.0010996,0.00080422,0.00034344,0.00031753,0.00038981,0.00027276,0.0031319,0.00025716,0.00023886,0.0001424,0.00074134,0.0010173,0.0018014,0.004034,0.015168,0.031676,0.01431,0.0022879,0.00075369,0.00035634,0.00012366,0.00033112,8.0131e-05,0.0098268,0.012649,0.015601,0.018664,0.024021,0.034362,0.052069,0.099578,0.31203,0.27796,0.11699,0.076546,0.059793,0.050921,0.047157,0.04373,0.043023,0.0067121,0.0007233,0.00069609,0.0010828,0.001145,0.0016084,0.0019558,0.0035596,0.014837,0.009051,0.0084434,0.0033222,0.0027626,0.0021833,0.0020411,0.0024115,0.0020047,0.0024453,0.0030702,0.0032273,0.0034037,0.0040089,0.0048508,0.0068319,0.011266,0.037023,0.0011866,0.012185,0.0068457,0.0052257,0.0041472,0.0039296,0.0036216,0.0035019,0.026148,0.0062974,0.007654,0.0080713,0.0088032,0.010597,0.013917,0.019296,0.060482,0.078559,0.050631,0.021451,0.013808,0.0094336,0.007839,0.0091172,0.0079824,0.011021,0.00079548,0.00063563,0.00047751,0.00074321,0.00096573,0.00051152,0.00034122,0.0054666,0.006399,0.0066302,0.0017825,0.00096907,0.00054689,0.00014901,0.00032637,0.00012589,0.0035286,0.00099124,0.0010416,0.0011877,0.0010081,0.0014385,0.0017511,0.0015264,0.0093672,0.02078,0.013787,0.0037822,0.0021553,0.001426,0.0011302,0.00091127,0.00085452,0.032404,0.018345,0.018557,0.019382,0.022923,0.027351,0.035839,0.057057,0.15679,0.29813,0.047687,0.024179,0.016758,0.01355,0.0099675,0.010179,0.0094777,0.00037003,0.00074451,0.0010392,0.0012763,0.00059158,0.0011839,0.0010818,0.0015971,0.008974,0.047945,0.0044621,0.0024764,0.00115,0.00069098,0.0012751,0.001528,0.00080873,0.00017929,0.0025285,0.002591,0.0026797,0.0031349,0.0039309,0.0051164,0.0085433,0.030337,0.040879,0.010924,0.0056782,0.0041782,0.0034453,0.0029463,0.0028318,0.0028191
0.0031395,0.0050739,0.0047886,0.004576,0.0053148,0.0061719,0.0087392,0.014906,0.044603,0.050276,0.01307,0.0058351,0.0033777,0.0012466,0.0017455,0.00050494,0.0013581,0.0018673,0.0016927,0.0018938,0.0018844,0.0016376,0.0026171,0.002796,0.0048233,0.01394,0.013675,0.0081665,0.0032542,0.0017687,0.0017086,0.0011662,0.0013281,0.0014782,0.0041371,0.001505,0.0013063,0.0014116,0.0014475,0.0018655,0.0029366,0.0052876,0.017024,0.014478,0.015337,0.0046234,0.0031565,0.0022042,0.0023612,0.0019582,0.0019627,0.018404,0.019005,0.021211,0.024568,0.029388,0.038478,0.054994,0.098711,0.33108,0.36603,0.10755,0.071284,0.055206,0.047313,0.0425,0.042631,0.039504,0.0084897,0.0011902,0.00076917,0.00070069,0.0014809,0.0014109,0.0023921,0.0042864,0.013202,0.010748,0.0076057,0.0037235,0.0028538,0.0023769,0.0024629,0.0022151,0.0021534,0.0023976,0.0023018,0.0027314,0.0030887,0.0037802,0.0047736,0.0064111,0.010718,0.036236,0.065601,0.012068,0.0080573,0.0062313,0.0053644,0.0048327,0.0045687,0.0046139,0.037594,0.0039192,0.0038715,0.005058,0.0062413,0.0085033,0.012285,0.023042,0.06786,0.072461,0.065985,0.030465,0.021647,0.017151,0.014979,0.016264,0.015301,0.011362,0.00059822,0.00027925,0.00051943,0.00033082,0.0010162,0.0011075,0.0023563,0.007806,0.021664,0.0057819,0.0022818,0.0017875,0.0013055,0.0010856,0.0011032,0.00087548,0.0042649,0.0013169,0.001522,0.0016125,0.0018748,0.0017739,0.0025889,0.0037954,0.011025,0.045402,0.0021608,0.0016214,0.0012412,0.0010619,0.00047153,0.00051023,0.00045013,0.00309,0.010259,0.010592,0.011536,0.013765,0.01657,0.023028,0.03799,0.12858,0.077905,0.039491,0.023218,0.017191,0.013832,0.012504,0.012234,0.011967,0.0013848,0.00095261,0.0011831,0.00084383,0.0016839,0.0017593,0.0022004,0.0033887,0.0083949,0.046551,0.0066952,0.0032369,0.0018086,0.0016825,0.0014809,0.0014754,0.0016518,0.0046578,0.002331,0.0025474,0.0029181,0.0033894,0.0045048,0.0060418,0.010008,0.02922,0.076743,0.01647,0.0088656,0.0064239,0.005365,0.004612,0.0043801,0.0042725
0.0079957,0.0045988,0.0053056,0.0054408,0.0059303,0.0077259,0.0099479,0.014878,0.032201,0.031217,0.018778,0.0068697,0.0040583,0.0045865,0.0022091,0.0023647,0.0025826,0.0043221,0.0013491,0.0021459,0.0017511,0.0012955,0.0036266,0.0031407,0.0050452,0.01079,0.0089264,0.0090907,0.0026076,0.0015467,0.0014292,0.0009341,0.00072212,0.00088503,0.00011443,0.0021728,0.0022341,0.0023764,0.0027116,0.0030933,0.0042313,0.0068674,0.014286,0.018259,0.015002,0.0043549,0.003039,0.0018876,0.001746,0.0016389,0.0014801,0.0011654,0.052323,0.019474,0.051126,0.044296,0.04984,0.088382,0.055932,0.39246,0.10627,0.11765,0.018042,0.036945,0.013157,0.017022,0.0064384,0.0098402,0.0076295,0.0025119,0.00087191,0.0027555,0.0016923,0.002431,0.0039067,0.0035064,0.017599,0.0070225,0.0071257,0.0027296,0.0018835,0.001267,0.001093,0.0010436,0.0011025,0.00081826,0.000262,0.00045126,0.0015097,0.00066929,0.0022598,0.0031232,0.0030447,0.029062,0.012542,0.0070672,0.0018186,0.003055,0.0026721,0.0015893,0.0032955,0.00030709,0.032208,0.010196,0.015906,0.01361,0.0030052,0.012194,0.026654,0.03196,0.026582,0.037749,0.099476,0.036849,0.010494,0.0080532,0.013637,0.0096056,0.0045548,0.011948,0.00080583,0.0015878,0.001507,9.6331e-05,0.001309,0.0031919,0.0045339,0.0041341,0.002832,0.008195,0.0043903,0.0020498,0.00077406,0.0011364,0.001544,0.0018463,0.0018349,0.0028013,0.0038053,0.0030301,0.0018716,0.0034373,0.0068205,0.0092891,0.0071821,0.018943,0.013321,0.0065164,0.0026518,0.001207,0.0023624,0.0021831,0.0020828,0.031754,0.01416,0.0083252,0.017894,0.027584,0.020263,0.018422,0.079852,0.17817,0.16699,0.1104,0.085756,0.030953,0.022208,0.046868,0.034278,0.00043869,0.0032807,0.00192,0.0007099,0.002302,0.0032213,0.0010225,0.0027652,0.0082579,0.0072985,0.043249,0.017941,0.011137,0.0034484,0.0031338,0.0059929,0.0039324,0.0015755,0.000824,0.0034843,0.0024929,0.003988,0.0046911,0.0039599,0.0047282,0.0097658,0.024968,0.039394,0.017801,0.0085546,0.0044376,0.0028745,0.0031835,0.0026592,0.0021515
0.0046864,0.0046115,0.0046107,0.0057472,0.0056423,0.0071798,0.0092306,0.014005,0.035846,0.022968,0.022087,0.0062587,0.0034814,0.0034294,0.0017868,0.0011091,0.00074199,0.0033055,0.0019434,0.0020981,0.001944,0.0028097,0.0026899,0.0034774,0.0043061,0.011034,0.01073,0.0093509,0.0028399,0.0018055,0.0011196,0.00074037,0.00050308,0.00063516,0.0055257,0.002717,0.0028336,0.0030755,0.0032397,0.0039623,0.0047468,0.0058669,0.012362,0.0095576,0.015051,0.0048162,0.0026672,0.0013397,0.0008522,0.00040548,7.8224e-05,0.039181,0.037661,0.039062,0.042341,0.047898,0.055587,0.071282,0.10762,0.27416,0.41564,0.081639,0.045559,0.027572,0.019116,0.011639,0.009595,0.0081216,0.0069982,0.0024947,0.0020369,0.0020114,0.002229,0.0029587,0.0031815,0.0055694,0.012424,0.014637,0.0054589,0.002639,0.0019978,0.0010179,0.0007133,0.00045304,0.00041772,0.0016098,0.0017907,0.0019286,0.0020316,0.0024048,0.0030623,0.004301,0.0083519,0.02457,0.06655,0.0040774,0.0048786,0.003867,0.0034052,0.0031231,0.0026977,0.0027581,0.04346,0.010473,0.01084,0.011715,0.012849,0.013844,0.018179,0.025736,0.048792,0.056006,0.057042,0.021479,0.012189,0.0087501,0.0075534,0.0048161,0.0043355,0.0087739,0.00058396,0.00076034,0.00067626,0.0009205,0.00081759,0.0010656,0.0017461,0.0044889,0.015749,0.0032143,0.0012613,0.00085029,0.00046421,0.00049402,0.00032529,0.00035096,0.0034123,0.00066301,0.00087531,0.00079879,0.00068421,0.0012259,0.0016919,0.0021183,0.0061133,0.041873,0.0098579,0.004051,0.0029597,0.0023291,0.0019756,0.0018838,0.0017681,0.016842,0.0057427,0.005933,0.0069559,0.0078179,0.010124,0.014808,0.022571,0.074707,0.082988,0.035148,0.021254,0.017137,0.014436,0.013471,0.011233,0.012047,0.0011673,0.0011445,0.00076998,0.0011078,0.0012794,0.0011122,0.0016634,0.0016228,0.0042979,0.047772,0.006389,0.0020013,0.00088283,0.001019,0.00045969,0.00064209,0.00046539,0.0016957,0.0012485,0.0013446,0.0013639,0.0015221,0.0026007,0.0031706,0.0058984,0.016098,0.075452,0.0085197,0.0044316,0.0035864,0.0028136,0.0025738,0.0024033,0.0024395
0.0072957,0.0053968,0.0056754,0.0060582,0.0070289,0.0071223,0.010276,0.013699,0.03218,0.0085999,0.027344,0.0082421,0.0055539,0.0024963,0.0029625,0.0013249,0.0014973,0.0049496,0.0021066,0.00201,0.0024773,0.0020747,0.0033527,0.0036943,0.0054481,0.01119,0.0096296,0.012982,0.0037535,0.0027225,0.0015022,0.001411,0.0012214,0.00097849,0.001236,0.0032201,0.0034253,0.003741,0.0041829,0.0045296,0.0056172,0.0079732,0.019099,0.0059499,0.019891,0.0065377,0.0036815,0.0026821,0.0019861,0.0013769,0.0013085,0.034386,0.03667,0.038259,0.041602,0.045825,0.053704,0.06913,0.10452,0.26079,0.2508,0.085152,0.047246,0.030249,0.021823,0.016277,0.013926,0.012467,0.0047608,0.0017397,0.0019739,0.002018,0.0022246,0.0027271,0.0032793,0.0052584,0.014108,0.013034,0.0072502,0.0032705,0.002344,0.001876,0.001253,0.00070522,0.001297,8.2001e-05,0.00057018,0.0009455,0.0012352,0.001809,0.0026034,0.0038169,0.0073168,0.021198,0.025698,0.0073062,0.0056636,0.0047725,0.0041175,0.00353,0.003592,0.003584,0.029269,0.0045587,0.0051796,0.0049917,0.0061184,0.0071342,0.0087459,0.013142,0.020402,0.078511,0.045099,0.018592,0.011856,0.0099418,0.0090912,0.0081992,0.0068456,0.011704,0.0011216,0.00057468,0.00074684,0.00051466,0.00051662,0.00090412,0.0010919,0.004656,0.0077739,0.0023856,0.001192,0.00061535,0.0003425,0.00027718,0.0002511,0.00021743,0.0027504,0.00095433,0.0009184,0.0012264,0.0015501,0.0016061,0.0023159,0.0036042,0.011765,0.034696,0.015656,0.0061162,0.0041591,0.0034622,0.0029865,0.0027998,0.0026017,0.015227,0.0008486,0.001301,0.002559,0.0033186,0.0051819,0.0088419,0.017275,0.044892,0.28908,0.014847,0.011742,0.0092654,0.0082416,0.0067787,0.0072756,0.0064412,0.0018635,0.00097605,0.0001486,0.00045967,0.00059812,0.0010534,0.0015607,0.0026551,0.0066772,0.046322,0.0085362,0.0047235,0.0031962,0.0030393,0.0016286,0.0018483,0.0018101,0.0036374,0.00052327,0.00085128,0.001351,0.0015133,0.0019067,0.0033786,0.0062649,0.017502,0.046212,0.0096777,0.0059738,0.0046773,0.0040422,0.0035925,0.0034089,0.0033322
0.0021897,0.0047439,0.0052231,0.00566,0.0057475,0.0072793,0.008635,0.013828,0.035212,0.015381,0.027726,0.0084361,0.0050714,0.0023742,0.0031029,0.0028754,0.0017929,0.00073052,0.0020044,0.0020968,0.001939,0.0020661,0.0025235,0.0034699,0.0041816,0.010602,0.0053479,0.012778,0.0042373,0.002402,0.0018974,0.0015644,0.0014514,0.0015354,0.0062943,0.0031145,0.0031576,0.0033306,0.0033516,0.0040322,0.0054241,0.0071936,0.012726,0.016865,0.023419,0.0075301,0.0049713,0.0036061,0.0029888,0.0026173,0.0025483,0.025515,0.024095,0.025952,0.026916,0.031841,0.039734,0.05242,0.085785,0.22616,0.45644,0.083241,0.055619,0.041652,0.033936,0.030596,0.029026,0.027392,0.0093958,0.0007134,0.00051948,0.0014586,0.0011503,0.0015049,0.0021654,0.0036869,0.0096023,0.018207,0.0060161,0.0037859,0.0025176,0.0021117,0.0026075,0.001642,0.0017471,0.0022164,0.0015184,0.0016496,0.0019786,0.002404,0.0033209,0.0044214,0.0064042,0.020374,0.060139,0.0045059,0.0042227,0.0033563,0.0027719,0.0026252,0.0023413,0.0022278,0.031714,0.00080002,0.0013218,0.00096927,0.0022467,0.0027948,0.0043426,0.0074308,0.020502,0.11192,0.036227,0.015357,0.010591,0.007538,0.0084537,0.0066378,0.0072347,0.012043,0.00097698,0.00057423,0.00032502,0.0011897,0.00098192,0.0012139,0.0015054,0.0035287,0.015757,0.0054345,0.0015564,0.0011991,0.00090477,0.0010712,0.0006756,0.00064849,0.0046845,0.0017,0.0018814,0.0020292,0.0023404,0.0029418,0.0036598,0.0047911,0.0098283,0.023436,0.015901,0.0062822,0.0042267,0.0032081,0.0028212,0.0026783,0.0024643,0.005993,0.0088654,0.0088377,0.008904,0.011155,0.014156,0.019644,0.031285,0.083933,0.080228,0.037782,0.024932,0.017674,0.014423,0.014242,0.011892,0.012318,0.0005703,0.0015424,0.00083339,0.00051412,0.00099361,0.0011459,0.0009101,0.0012102,0.0021937,0.051389,0.0037534,0.0012449,0.0007567,0.00070866,0.0010092,0.00027647,0.00027274,0.0042019,0.0020297,0.0017012,0.001727,0.0018425,0.0022863,0.003261,0.0045313,0.012476,0.073895,0.0047644,0.0017537,0.00099485,0.00074532,0.00032841,0.00039449,4.7673e-05
0.013363,0.0085775,0.0035227,0.0033313,0.0029281,0.0039685,0.005802,0.0080284,0.024469,0.0063847,0.034862,0.010463,0.0081304,0.0070628,0.0072672,0.005735,0.004345,0.016932,0.0071614,0.0027179,0.0016319,0.0017652,0.0015933,0.0013896,0.0028823,0.0078401,0.0024383,0.01298,0.0039051,0.0031824,0.0030015,0.0027697,0.0023161,0.0019284,0.009247,0.0027757,0.002372,0.002349,0.0029841,0.0038271,0.0046114,0.0063644,0.018785,0.0083192,0.029044,0.0087039,0.006159,0.0044182,0.0040733,0.0037843,0.0038529,0.03876,0.014573,0.014985,0.01721,0.022433,0.029637,0.044322,0.079565,0.22815,0.22078,0.098703,0.067636,0.05262,0.044448,0.04061,0.036698,0.03887,0.0034772,0.0032664,0.0015965,0.0022504,0.0013866,0.0018103,0.0028213,0.004599,0.013613,0.015944,0.0024502,0.0028308,0.0019624,0.0016425,0.0010214,0.0022416,0.0016079,0.0048219,0.0024353,0.0024932,0.0032197,0.0031553,0.0045743,0.005384,0.0097431,0.024322,0.037138,0.005284,0.0045072,0.0030583,0.0024715,0.0018629,0.0019092,0.0018006,0.070064,0.010241,0.0072325,0.0069701,0.0081649,0.0070799,0.0097968,0.011696,0.038547,0.051448,0.051149,0.014814,0.0081304,0.004716,0.0032563,0.0020338,0.0023518,0.013962,0.0021089,0.0008601,0.00040265,0.00064972,0.00033463,0.0011386,0.0019354,0.0057403,0.0081459,0.01059,0.0038301,0.0025244,0.0020907,0.001769,0.0017815,0.0019036,0.0018845,0.0025291,0.0013671,0.0016676,0.0012624,0.0023821,0.0025153,0.0042425,0.011594,0.035406,0.017399,0.0061996,0.004043,0.0030088,0.0028316,0.0024752,0.0024682,0.006054,0.0098996,0.0096243,0.0096664,0.010909,0.012589,0.016223,0.021587,0.063216,0.26164,0.023446,0.011398,0.0069588,0.004667,0.0034327,0.0042604,0.0044861,0.025145,0.0071632,0.0027285,0.0018774,0.0012469,0.00068279,0.00053036,0.00035878,0.002281,0.044883,0.0045224,0.0017526,0.001571,0.0014074,0.00068409,0.0011863,0.0011311,0.0035592,0.0024614,0.0020843,0.0022265,0.0029008,0.0029651,0.0034957,0.0064364,0.0165,0.05862,0.0076023,0.0022223,0.0013821,0.0010705,0.00087764,0.00070692,0.00057222
0.067283,0.0062602,0.0028231,0.0037106,0.0047966,0.0049016,0.0074549,0.016806,0.026705,0.033507,0.03759,0.011765,0.0087741,0.0084271,0.0074118,0.0056692,0.0063802,0.017741,0.0026547,0.0012093,0.0014029,0.0027826,0.00075459,0.0012588,0.0029879,0.0061434,0.012576,0.011371,0.0024079,0.001973,0.0018628,0.0014476,0.001303,0.0017681,0.0087205,0.00071945,0.00051289,0.0019549,0.0019303,0.0015959,0.0052279,0.0042483,0.012951,0.0028677,0.02707,0.0075253,0.0056833,0.0041987,0.0038495,0.0037442,0.0033074,0.058106,0.0016092,0.0048614,0.014211,0.014484,0.023243,0.036562,0.087752,0.24305,0.43847,0.10741,0.067211,0.05361,0.044903,0.040758,0.040862,0.039029,0.032629,0.0058181,0.0019865,0.0051191,0.0018066,0.0014121,0.00024037,0.0055808,0.0079375,0.020164,0.003884,0.0032521,0.002528,0.0026321,0.0021765,0.0017691,0.0021115,0.0065995,0.0032349,0.004372,0.0034361,0.0037208,0.006039,0.0095973,0.0089921,0.02442,0.04754,0.0067649,0.0048041,0.0025,0.0016278,0.00086886,0.00036314,0.00024034,0.091655,0.0057561,0.0045787,0.006031,0.0032485,0.007216,0.0071757,0.0088369,0.0060815,0.066301,0.064364,0.014928,0.0092538,0.0086552,0.0050863,0.005225,0.004984,0.015135,0.0043911,0.0032737,0.0020374,0.00095973,0.0017768,0.0020113,0.0012037,0.0045586,0.01642,0.011522,0.0029353,0.0024941,0.0014294,0.0014798,0.0013305,0.001585,0.011269,0.0023802,0.00094954,0.00087474,0.0022268,0.0013706,0.003589,0.0057199,0.005707,0.03015,0.020971,0.0065122,0.0045159,0.0034347,0.0033853,0.0030754,0.0024681,0.069678,0.017043,0.017591,0.019225,0.020498,0.024436,0.030781,0.043675,0.1404,0.10713,0.054321,0.024004,0.015255,0.0097269,0.0063279,0.0022886,0.00059701,0.031155,0.0017126,0.0029997,0.0029464,0.0038879,0.0025215,0.0018808,0.0065038,0.0049944,0.050846,0.0084785,0.0031043,0.0013597,0.001214,0.00033196,0.00056333,0.00010682,0.0048848,0.00091424,0.0016277,0.001014,0.00062652,0.0041347,0.0050854,0.0097739,0.013184,0.061077,0.015535,0.0084297,0.0058066,0.0048444,0.0043663,0.0038166,0.004057
0.058879,0.0090412,0.0045743,0.0044488,0.0054845,0.0039956,0.0041278,0.0034175,0.018891,0.022095,0.031964,0.0087201,0.0030212,0.0032361,0.00071909,0.00143,0.0016461,0.010401,0.0025668,0.0016782,0.0025483,0.0026608,0.0023443,0.001975,0.0010682,0.0020604,0.0095182,0.0078095,0.002403,0.0011655,0.00063275,0.00047109,0.00059525,0.00045205,0.0018788,0.0023565,0.0027144,0.0030784,0.0032406,0.0023595,0.0015533,0.0011595,0.0029723,0.0076111,0.015338,0.0038743,0.0018575,0.00087528,0.00059957,0.00018557,0.00020408,0.030196,0.01601,0.017412,0.017257,0.019366,0.020325,0.023793,0.030188,0.058889,0.33369,0.064411,0.026203,0.016266,0.0098382,0.0062334,0.0044487,0.002142,0.028849,0.0036876,0.00082628,0.0023935,0.0005025,0.0011771,0.0018881,0.001635,0.0051401,0.02195,0.0014996,0.0010281,0.00092258,0.0010239,0.001356,0.00040633,0.00068474,0.0011921,0.0037361,0.004505,0.0055666,0.0053269,0.0048949,0.0045181,0.0078792,0.0089985,0.023471,0.016712,0.0065117,0.0039493,0.0027975,0.0021334,0.0018681,0.0018673,0.088733,0.0073275,0.0053168,0.0047251,0.0054818,0.0041926,0.0048072,0.0067653,0.018183,0.067245,0.04465,0.015439,0.0099635,0.0061023,0.0070544,0.0064936,0.0049382,0.013304,0.0040449,0.0027538,0.0027073,0.0022995,0.00086139,0.0012267,0.0010957,0.0035771,0.010601,0.0085722,0.0031434,0.0018865,0.0013916,0.0012225,0.0011339,0.0011311,0.010966,0.00058271,0.00042153,0.00065555,0.0003475,0.00063032,0.0014244,0.0059087,0.0099859,0.028323,0.023615,0.009561,0.0064016,0.0050339,0.0047573,0.0043508,0.0045682,0.050633,0.014171,0.014589,0.01699,0.018096,0.019624,0.021598,0.028116,0.081863,0.18146,0.085524,0.030358,0.023327,0.019399,0.017041,0.015748,0.013897,0.021609,0.0033532,0.0021962,0.0012328,0.002794,0.0038417,0.005472,0.0050893,0.010413,0.034961,0.024173,0.0056608,0.0017754,0.0042411,0.0046612,0.0046992,0.0057584,0.0020142,0.0023306,0.0045347,0.0069622,0.0086212,0.010831,0.012624,0.013755,0.018951,0.021733,0.020068,0.0039334,0.0027141,0.0033498,0.0042451,0.0042059,0.0044251
0.027022,0.0030163,0.0035362,0.0020227,0.0021642,0.0034833,0.0054285,0.013261,0.024862,0.032259,0.023811,0.0068101,0.0042118,0.0053263,0.0042441,0.0037423,0.0039464,0.0066816,0.00035816,0.00093211,0.0018298,0.0019783,0.0015872,0.0018882,0.0023139,0.0044177,0.011768,0.0072106,0.0023613,0.0016146,0.0013472,0.0010283,0.0010561,0.00094033,0.00036621,0.0026991,0.0030006,0.0024499,0.001988,0.0030894,0.0051071,0.0057464,0.0076552,0.0083382,0.01741,0.006159,0.0041333,0.0032178,0.0028348,0.0025872,0.0023232,0.019585,0.0064312,0.0078194,0.0092766,0.014151,0.018168,0.027852,0.062774,0.11855,0.43846,0.062622,0.042038,0.032867,0.027129,0.0256,0.024602,0.023114,0.010756,0.0016463,0.0022053,0.0046992,0.00039684,0.0014882,0.0018993,0.0056265,0.0057839,0.022041,0.0053581,0.0013224,0.0016612,0.0012313,0.0016199,0.0011889,0.0011311,0.0066053,0.0011323,0.00078968,0.0015545,0.001109,0.0014934,0.0013987,0.0088847,0.011151,0.049949,0.0058603,0.0026246,0.0021908,0.0019166,0.0012738,0.0015993,0.0015545,0.055289,0.0071803,0.0075107,0.0072131,0.0073712,0.0093142,0.012829,0.019416,0.035889,0.063648,0.039646,0.013926,0.0087879,0.005099,0.0037348,0.0027252,0.0033627,0.00029183,0.0014147,0.00026069,0.0021761,0.0019439,0.0012764,0.0018435,0.0019029,0.001766,0.0063326,0.0034511,0.00092028,0.00072414,0.00054053,0.00047097,0.00034948,0.00043299,0.0083867,0.00021967,2.8507e-05,0.00050475,0.00099406,0.00068451,0.00082976,0.0023793,0.0049315,0.046575,0.0052631,0.0021469,0.0013189,0.00074304,0.00089823,0.00072467,0.00073053,0.012793,0.0042679,0.0036835,0.0065964,0.007794,0.0095539,0.013786,0.029497,0.040674,0.099801,0.068997,0.030274,0.023457,0.018184,0.01546,0.014518,0.014063,0.011784,0.00048252,0.0018187,0.0048838,0.00095154,0.00094401,0.0027594,0.004948,0.0079825,0.041954,0.010901,0.0046777,0.0043884,0.0026964,0.0026125,0.0018133,0.0036469,0.0042191,0.0025226,0.0026339,0.0026732,0.0027618,0.0033797,0.0036357,0.012284,0.013103,0.059431,0.012719,0.005012,0.0032376,0.0026781,0.0020198,0.0016848,0.0017739
0.057128,0.0084687,0.0042211,0.0047553,0.0045849,0.0060149,0.0084607,0.011651,0.039784,0.01697,0.032323,0.011225,0.0094433,0.0056394,0.0064494,0.006305,0.0067311,0.02652,0.0030371,0.0020329,0.0015987,0.0011038,0.0024054,0.0025453,0.0040805,0.011889,0.009349,0.012588,0.0041888,0.0030753,0.0022555,0.0021651,0.0019541,0.0019074,0.00078392,0.0015511,0.0012486,0.0012321,0.0018503,0.0023246,0.0033335,0.0069333,0.021629,0.014249,0.021593,0.0080997,0.0056833,0.0047959,0.0042439,0.0035927,0.0038739,0.066478,0.011462,0.015135,0.022368,0.02945,0.042307,0.060541,0.095322,0.30555,0.16444,0.079567,0.044012,0.026466,0.017749,0.01129,0.0066631,0.0054188,0.02328,0.0034167,0.0012232,0.00058627,0.0015396,0.0015995,0.0023547,0.0038926,0.01604,0.0052335,0.0061412,0.0030931,0.0020372,0.0014784,0.0010769,0.0016588,0.0006199,0.010649,0.0019971,0.0022291,0.0027428,0.00359,0.0045766,0.0064206,0.011151,0.032864,0.018439,0.0065085,0.0059361,0.0053674,0.0051941,0.005069,0.0052427,0.0048695,0.097051,0.015207,0.0080157,0.014011,0.01094,0.013224,0.018627,0.015832,0.047543,0.040097,0.095455,0.0089513,0.02447,0.010743,0.012807,0.009247,0.010677,0.0044327,0.0026106,0.00088539,0.001752,0.00077872,0.0014337,0.0014893,0.0032792,0.004244,0.0070969,0.0052407,0.00043631,0.0012422,0.0006291,0.00097902,0.00044947,0.00055315,0.015902,0.0024491,0.0014554,0.001267,0.0023078,0.00082968,0.0044624,0.0028679,0.014442,0.0044461,0.021038,0.0035885,0.0056717,0.0033409,0.0037043,0.0028965,0.00313,0.047931,0.012228,0.011792,0.01158,0.012118,0.01475,0.018708,0.031163,0.08543,0.26296,0.020708,0.010636,0.0068255,0.0049656,0.0047881,0.0021176,0.0019246,0.031109,0.0052375,0.0025509,0.0032742,0.0019967,0.0022008,0.0033807,0.0035472,0.0073502,0.050894,0.0081968,0.0024319,0.0009602,0.0010487,0.0019012,0.0012237,0.0013085,0.0032502,0.0026832,0.0029262,0.0028648,0.003516,0.0045419,0.0054698,0.010173,0.025077,0.055407,0.0071625,0.0042877,0.0031432,0.002494,0.0022658,0.0017657,0.0018196
0.087943,0.0044595,0.0025926,0.0031471,0.0041257,0.0047811,0.007709,0.012283,0.056491,0.013191,0.036043,0.015903,0.011238,0.0093563,0.0091061,0.0082632,0.0088254,0.0371,0.0014301,0.0007903,0.00087931,0.00035665,0.0017043,0.0024081,0.0040382,0.010975,0.012982,0.010075,0.0043303,0.002821,0.0025048,0.0024005,0.0020438,0.0021458,0.0037499,0.0014676,0.001541,0.001986,0.0023528,0.0034227,0.0039933,0.0099975,0.016139,0.023075,0.022805,0.010239,0.0066435,0.0057435,0.0050628,0.0046555,0.0043145,0.12239,0.037193,0.039169,0.042365,0.046217,0.055803,0.072146,0.11795,0.366,0.31,0.089596,0.049558,0.03418,0.025057,0.019381,0.018687,0.016396,0.040799,0.0023666,0.0013316,0.0017609,0.0024296,0.0024249,0.0041062,0.005173,0.014028,0.014625,0.0024404,0.0026416,0.0014841,0.00094072,0.00093032,0.0011312,0.00055314,0.017418,0.00098871,0.00098845,0.0012076,0.001584,0.0027252,0.004171,0.0064288,0.032484,0.059396,0.0069549,0.0042374,0.0039739,0.0031891,0.0030335,0.0029819,0.0027886,0.12325,0.0055066,0.0034366,0.0030719,0.0026818,0.0030311,0.0041424,0.0038558,0.034804,0.13513,0.016141,0.0061338,0.0033023,0.0017006,0.0029671,0.0010011,0.00031854,0.014303,0.00069754,0.00056761,0.00021222,0.00067903,0.00073811,0.00060824,0.0021566,0.0051773,0.020271,0.0058002,0.0022092,0.0014334,0.0014648,0.0014744,0.0012152,0.001276,0.027535,0.0016508,0.0011095,0.0012896,0.0013946,0.0016095,0.0021087,0.004566,0.0063126,0.02966,0.0096021,0.0041056,0.0028091,0.0025566,0.0018997,0.0016865,0.0019532,0.052214,0.021123,0.020454,0.022285,0.024987,0.02983,0.038158,0.056793,0.17267,0.073405,0.051265,0.027123,0.018395,0.01271,0.009093,0.0059103,0.0073796,0.049296,0.0016747,0.00071194,0.0011408,0.00097885,0.00058322,0.00076938,0.00071081,0.0038938,0.048805,0.0025929,0.0013051,0.0011796,0.00098985,0.00091404,0.00072516,0.00095941,0.0099374,0.0011577,0.00021011,0.00078875,0.00073209,0.0013618,0.0018329,0.0038773,0.019724,0.077337,0.0022708,0.00050592,0.00079355,0.00027467,0.00089586,0.00047448,0.00031281
0.072374,0.010209,0.006001,0.0045233,0.0038813,0.0040377,0.0058477,0.0075975,0.030968,0.006991,0.023925,0.0096046,0.0081238,0.005493,0.0056167,0.004998,0.0051537,0.02554,0.003268,0.0019384,0.00075026,0.0016186,0.0010399,0.00094204,0.0019566,0.0069127,0.012228,0.0075575,0.0028408,0.0023822,0.0014015,0.0019172,0.0016101,0.0016289,0.011185,0.0027528,0.0025921,0.002506,0.0031384,0.0032526,0.0046289,0.0071832,0.013426,0.012915,0.015886,0.0062636,0.0043804,0.0033687,0.0030604,0.0024007,0.0024262,0.037423,0.026116,0.027748,0.02873,0.033968,0.04109,0.054244,0.081407,0.21397,0.40796,0.070693,0.048216,0.034726,0.028424,0.023702,0.022189,0.021698,0.029032,0.0048343,0.0029291,0.0023326,0.0020869,0.0019883,0.0027301,0.0040065,0.0094223,0.021688,0.0032276,0.0025828,0.001836,0.0013619,0.0019188,0.00072413,0.00042535,0.023972,0.0018139,0.0021898,0.002655,0.0030082,0.0038306,0.0050793,0.0087183,0.02202,0.038063,0.013452,0.0080115,0.005966,0.004923,0.0044808,0.0040601,0.003872,0.098882,0.0090406,0.0044451,0.002542,0.001118,0.00092561,0.00056869,0.0015019,0.040739,0.16471,0.019208,0.0091862,0.0057994,0.0046945,0.0080516,0.0048742,0.0043526,0.0086538,0.0031083,0.00098526,0.00037224,0.0014589,0.00082889,0.0012295,0.0017319,0.0048115,0.01973,0.0080354,0.0038885,0.002709,0.0020331,0.0017932,0.0019483,0.0019131,0.029561,0.0013292,0.00082155,0.0011045,0.0013946,0.0015348,0.0023395,0.0038613,0.0058351,0.019293,0.012391,0.0049465,0.0033156,0.0025129,0.0021511,0.0021661,0.0020485,0.065011,0.018357,0.015966,0.016676,0.019583,0.023214,0.032039,0.051554,0.13164,0.1351,0.11469,0.052327,0.034826,0.029279,0.025249,0.022716,0.023682,0.03134,0.0049188,0.0029705,0.0024258,0.0028887,0.0032484,0.0039952,0.006031,0.0085652,0.042226,0.028535,0.011808,0.0057058,0.005431,0.0060471,0.0045631,0.0044919,0.0097963,0.0056846,0.0053198,0.0056252,0.0060866,0.0072543,0.0089578,0.011586,0.024264,0.05343,0.027126,0.010387,0.0062524,0.004215,0.0031445,0.0030799,0.0027047
0.028078,0.0052403,0.0033537,0.0036883,0.0035592,0.0044661,0.0066208,0.0086362,0.025343,0.033589,0.029981,0.012767,0.0085128,0.0072907,0.0072445,0.0063084,0.0056935,0.014658,0.0018777,0.00096453,0.00095238,0.0010603,0.00173,0.001864,0.0030912,0.0076864,0.019353,0.011006,0.0047314,0.0032141,0.0028482,0.0022691,0.0022331,0.0019474,0.016785,0.001339,0.00065802,0.00077473,0.0011031,0.0013289,0.002162,0.003169,0.010036,0.017094,0.015414,0.0062908,0.0042169,0.0033656,0.0029597,0.0028615,0.0027619,0.030074,0.0020337,0.0050229,0.0095293,0.015623,0.023323,0.036925,0.066201,0.17786,0.3121,0.12552,0.075824,0.058588,0.050002,0.044674,0.041448,0.040782,0.0059415,0.002436,0.00062867,0.00031314,0.0004871,0.0010975,0.0016242,0.0030638,0.011295,0.016014,0.0084834,0.0039622,0.0028036,0.00216,0.0023092,0.002927,0.0026417,0.019772,0.0026627,0.0031632,0.0032968,0.0036716,0.0041441,0.0060366,0.0096358,0.019722,0.027371,0.01485,0.0077989,0.0054543,0.0041289,0.003988,0.0036015,0.0035363,0.056241,0.0077185,0.0072477,0.0075776,0.008294,0.0088359,0.010914,0.01667,0.02646,0.10907,0.030892,0.014326,0.0095796,0.0076731,0.0044732,0.0055483,0.005375,0.0084668,0.0016187,0.001603,0.0017166,0.0014207,0.0020118,0.0025768,0.0027431,0.0065698,0.0046701,0.0068682,0.002524,0.0015333,0.0010035,0.00083179,0.0003906,0.00050547,0.024384,0.0012472,0.0011015,0.0014932,0.0015569,0.0019461,0.0027229,0.0039064,0.012661,0.02574,0.014858,0.0068821,0.0047464,0.0038913,0.0036565,0.0032413,0.0031052,0.0043584,0.018974,0.019274,0.017907,0.01693,0.015295,0.013788,0.0099054,0.005672,0.22816,0.051605,0.023586,0.016128,0.011891,0.0090597,0.0076445,0.0074483,0.01389,0.0036942,0.0036563,0.0039823,0.0053256,0.0060935,0.0072589,0.01002,0.014613,0.044718,0.023094,0.0065513,0.0030273,0.0021043,0.0019674,0.0017769,0.0021973,0.017468,0.0012686,0.0025826,0.0038927,0.0053722,0.0073401,0.010307,0.014942,0.026033,0.039248,0.024393,0.0078807,0.0030768,0.00087558,0.00053482,0.0009067,0.001194
0.008917,0.0027311,0.0011655,0.0013632,0.0025807,0.0041071,0.00683,0.012923,0.026841,0.01589,0.041513,0.017822,0.012645,0.010719,0.010764,0.009,0.0099432,0.0051919,0.0017534,0.00076049,0.00060016,0.0011803,0.0015729,0.0023862,0.0040856,0.0098487,0.0058742,0.013623,0.0061725,0.0044261,0.0034439,0.0032878,0.0030784,0.0029603,0.024641,0.0013386,0.001108,0.0014489,0.0017024,0.0023098,0.003379,0.0052452,0.012363,0.013361,0.022489,0.009004,0.0064148,0.0052058,0.0044888,0.0041621,0.0041562,0.025526,0.02208,0.021878,0.024738,0.028139,0.034188,0.045623,0.074261,0.18603,0.35542,0.096068,0.056405,0.041366,0.033996,0.03052,0.027585,0.027449,0.0040017,0.0020656,0.0018838,0.0014266,0.0019516,0.002278,0.0027228,0.0044183,0.0089308,0.020644,0.0031014,0.0019971,0.001262,0.0010525,0.00098803,0.00079502,0.00018312,0.025999,0.0014127,0.0015007,0.0016272,0.0019149,0.001844,0.0030796,0.0035351,0.013428,0.052889,0.0040687,0.00069045,0.00049999,0.00067101,0.0002137,6.9052e-05,0.00021552,0.038231,0.0038323,0.0021929,0.00070861,0.0013232,0.0014654,0.0024786,0.0013975,0.012197,0.11953,0.0066713,0.003558,0.0019717,0.00095408,0.0027692,0.00040455,0.00050736,0.013832,0.0010069,0.00094984,0.0010225,0.0010671,0.00078148,0.001379,0.0024744,0.0034833,0.0030315,0.0054882,0.0017376,0.00097505,0.0007393,0.00079004,0.00075016,0.00062943,0.019221,0.002802,0.0024937,0.0027708,0.0031068,0.0033773,0.0046251,0.0077962,0.013477,0.027559,0.014457,0.005796,0.0038776,0.0029327,0.002598,0.0021934,0.0021229,0.0085222,0.015033,0.015815,0.016568,0.018317,0.021456,0.026664,0.039015,0.083221,0.13351,0.085699,0.037297,0.023038,0.018621,0.015804,0.013442,0.011677,0.0047322,0.0031959,0.0020285,0.0018145,0.0021977,0.0025509,0.003623,0.0052489,0.010404,0.040011,0.021792,0.0098052,0.0067727,0.0055149,0.0045757,0.0042851,0.0042134,0.023051,0.0015383,0.0015761,0.0018739,0.0019289,0.0018645,0.0021286,0.0033047,0.0025154,0.069683,0.015235,0.0050415,0.0026315,0.0015985,0.0012728,0.00094399,0.00090982
0.0095731,0.0013003,0.0021025,0.0018648,0.0020768,0.0033914,0.0042034,0.0068069,0.017387,0.03346,0.02769,0.01068,0.0077289,0.0042206,0.0052397,0.006032,0.005335,0.000494,0.001098,0.00093646,0.00085509,0.00059227,0.00084647,0.0013279,0.0024244,0.0065407,0.012339,0.0088017,0.0033633,0.0022002,0.0020748,0.0018236,0.0016869,0.0016613,0.028672,0.00059333,0.00029301,0.00055929,0.0011406,0.0018053,0.0024349,0.0039925,0.011862,0.013243,0.021161,0.008419,0.005778,0.0046616,0.0041343,0.0037838,0.0037385,0.039096,0.029525,0.029052,0.033164,0.036462,0.043652,0.055565,0.082306,0.21187,0.40144,0.059204,0.034037,0.022928,0.016745,0.011678,0.010048,0.0082456,0.015818,0.0015261,0.0018301,0.0015711,0.0022834,0.0025534,0.002961,0.0050661,0.010562,0.016961,0.0057157,0.0032342,0.0022475,0.0020658,0.0015494,0.0018771,0.00136,0.025116,0.00088534,0.00078357,0.0011937,0.0017153,0.0026027,0.0040182,0.0066333,0.02222,0.040568,0.014148,0.007941,0.0060761,0.0052448,0.0047592,0.0043005,0.0042077,0.023936,0.0038444,0.0033964,0.0042104,0.0053142,0.0065703,0.009185,0.013122,0.02742,0.088105,0.033643,0.016573,0.011462,0.0090774,0.0084582,0.007423,0.007372,0.020911,0.000286,0.00012874,0.00043639,0.00030082,0.00085689,0.0010512,0.0016874,0.0048451,0.0064713,0.006141,0.0024199,0.0016668,0.0014288,0.001566,0.0012864,0.0013447,0.019278,0.00046404,0.00027753,0.00029887,0.00046172,0.0004651,0.00050096,0.0010144,0.0039079,0.043202,0.00089898,0.00018521,0.00015757,0.00023155,0.00020025,0.00013772,9.3468e-05,0.038848,0.016849,0.016251,0.017921,0.020234,0.022634,0.027761,0.040638,0.078588,0.1551,0.066889,0.027813,0.017544,0.010618,0.0076906,0.005904,0.0060483,0.0066339,0.0032261,0.0025247,0.0025005,0.0033096,0.0035501,0.0037119,0.0053695,0.0074912,0.045501,0.011178,0.0051791,0.0031016,0.0020255,0.00011389,0.001302,0.00097657,0.022894,0.0010094,0.00099311,0.0014246,0.0020908,0.0031423,0.0049385,0.007603,0.020202,0.0475,0.024437,0.012459,0.0088851,0.0073202,0.006608,0.0061858,0.0061284
0.018751,0.0046262,0.0040084,0.0045781,0.004436,0.0053561,0.0066647,0.010256,0.022667,0.013786,0.025668,0.0070706,0.0054239,0.0039944,0.0040441,0.0032156,0.0031681,0.010145,0.001124,0.0021395,0.0020457,0.0023648,0.0021532,0.0031843,0.0044906,0.0092944,0.010287,0.012683,0.0038195,0.0027348,0.0015902,0.0017142,0.001573,0.0012303,0.030348,0.0019005,0.0017431,0.0018344,0.0021865,0.0022576,0.0034628,0.0038351,0.0097158,0.0093648,0.017379,0.0057132,0.0037008,0.0027055,0.0023153,0.0022403,0.0020581,8.5834e-05,0.020289,0.021595,0.023781,0.028795,0.036232,0.04968,0.082503,0.20788,0.31136,0.11749,0.071008,0.052705,0.044097,0.040584,0.038021,0.036048,0.013249,0.00017368,0.00017603,0.0010157,0.0011101,0.0018081,0.0020763,0.0038744,0.012543,0.014936,0.010062,0.0045488,0.0032203,0.0030236,0.0029787,0.0018434,0.0024491,0.024603,0.0014265,0.0016137,0.0021181,0.0022863,0.0030578,0.0051617,0.0085617,0.02011,0.026507,0.013506,0.0080976,0.0061723,0.0052331,0.0048185,0.0044982,0.0044995,0.015566,0.0043587,0.0045641,0.0051253,0.0049149,0.0076708,0.0089397,0.015809,0.025909,0.090096,0.037447,0.016782,0.012101,0.0087425,0.0084883,0.0078439,0.0064794,0.018414,0.00040214,0.00071178,0.00061646,0.0013406,0.00047145,0.0014555,0.0023078,0.00644,0.0069761,0.007339,0.0037638,0.0026139,0.001939,0.0019302,0.0017733,0.001606,0.021637,0.0015642,0.0020646,0.0021914,0.0024947,0.0028832,0.0042294,0.005222,0.014078,0.03637,0.015956,0.0072562,0.0049441,0.0040322,0.0033911,0.0032017,0.0032311,0.031283,0.0035001,0.0028276,0.0038111,0.0036474,0.004099,0.0058592,0.010023,0.033197,0.2714,0.029244,0.0087565,0.0040927,0.0014244,0.0030464,0.0012116,0.0012799,0.014239,0.00055786,0.0011243,0.00092506,0.0013422,0.0023422,0.002729,0.005691,0.01103,0.039201,0.021932,0.0087504,0.0063241,0.0054853,0.0041849,0.0035431,0.0035382,0.02101,0.0028632,0.0030897,0.0033885,0.0038234,0.0052963,0.0065664,0.010278,0.022348,0.041148,0.02549,0.011629,0.0080317,0.0066375,0.0056976,0.0054673,0.0053502
0.016445,0.00679,0.0057504,0.0066029,0.0073071,0.0083677,0.0093921,0.015114,0.037362,0.02943,0.03425,0.010814,0.0064848,0.0042797,0.0043118,0.0030382,0.0037728,0.0061532,0.0017373,0.0022983,0.0022624,0.0024102,0.0036517,0.0038219,0.0061714,0.013648,0.0058988,0.01342,0.0048495,0.0030056,0.0019243,0.0018246,0.0017234,0.0017739,0.035965,0.0034971,0.0033174,0.0034524,0.0037839,0.0047817,0.0054172,0.0071588,0.016287,0.013244,0.022605,0.0065223,0.0038296,0.0027656,0.0017475,0.001438,0.0013771,0.061357,0.033521,0.022717,0.0067176,0.017612,0.046488,0.082277,0.13341,0.28612,0.32829,0.046806,0.066748,0.070556,0.062566,0.047869,0.026429,0.01165,0.022196,0.0018872,0.0020198,0.00049905,0.00068865,0.0022798,0.0045489,0.0075399,0.015082,0.013403,0.0010243,0.0043932,0.005137,0.0040992,0.0033881,0.0017381,0.0014286,0.023146,0.0039808,0.0061363,0.005972,0.0039679,0.0036561,0.0097054,0.017927,0.035792,0.04253,0.01255,0.013303,0.0098018,0.0043945,0.0013199,0.004819,0.0059567,0.0066224,0.0096206,0.015587,0.01494,0.0065483,0.0075916,0.023301,0.035467,0.036211,0.081326,0.054412,0.029873,0.012049,0.0014582,0.0056783,0.0045705,0.0026513,0.023159,0.00043955,0.00056191,0.00067512,0.00084454,0.00014069,0.0012011,0.0023184,0.0054695,0.014848,0.002425,0.00015352,0.00082239,0.00069632,0.00062595,0.00037859,0.00024032,0.017615,0.0011095,0.0017327,0.0014345,0.0012552,0.0019317,0.003876,0.0052768,0.010387,0.028616,0.020433,0.0091652,0.0049705,0.0032532,0.0032795,0.003693,0.0036488,0.016972,0.01881,0.018275,0.020604,0.022233,0.025788,0.03237,0.046139,0.096277,0.08837,0.0714,0.032015,0.018951,0.015309,0.0097726,0.0095303,0.0068284,0.012181,0.0024352,0.0024479,0.0020491,0.0032565,0.0034369,0.0039898,0.0050886,0.0082912,0.049921,0.0096736,0.0045101,0.0021825,0.0015223,0.0016457,0.00086264,0.00075531,0.023386,0.00076393,0.00050511,0.00074978,0.0004611,0.0013701,0.0012014,0.0026058,0.0072751,0.077741,0.0094427,0.003745,0.002406,0.0020335,0.0014904,0.0015774,0.001566
0.02598,0.0034784,0.0033031,0.0043381,0.004403,0.0042793,0.0057762,0.008017,0.013549,0.039882,0.02613,0.0068237,0.0037994,0.0018139,0.0017472,0.001158,4.388e-05,0.010571,0.0023411,0.0010539,0.0016267,0.0020712,0.002055,0.0023586,0.003387,0.0067974,0.010438,0.010197,0.0028034,0.0015584,0.00042152,0.0004556,0.0002619,0.00030137,0.030858,0.0023453,0.0026728,0.0029622,0.0029134,0.0033044,0.0043898,0.0051933,0.010214,0.026784,0.021174,0.0053678,0.0028283,0.001911,0.0012789,0.0007132,0.0007477,0.0085203,0.017653,0.020085,0.021931,0.026039,0.033656,0.047023,0.076527,0.19745,0.36087,0.10203,0.065618,0.049377,0.041543,0.036883,0.034592,0.033221,0.018301,0.00022298,0.00069002,0.00088848,0.0014007,0.0013319,0.0022525,0.0037131,0.011628,0.015526,0.0090337,0.0040047,0.0030646,0.0023245,0.0031382,0.00182,0.0019207,0.023737,0.0021066,0.0023753,0.0025869,0.0033668,0.0041992,0.0053425,0.0098714,0.022798,0.010704,0.016501,0.0091454,0.0068482,0.0055956,0.0053072,0.0048566,0.0047704,0.0053178,0.0013719,0.0020547,0.0026534,0.0046024,0.0067772,0.010006,0.016705,0.042857,0.1039,0.053364,0.025765,0.017631,0.014735,0.012633,0.012467,0.011997,0.023455,0.0010402,0.0011323,0.00098362,0.0014391,0.0018042,0.0018349,0.0034297,0.00724,0.010858,0.0077131,0.0031237,0.0019124,0.0011699,0.0013549,0.0011877,0.0011807,0.019816,0.001597,0.0013985,0.0017533,0.0019251,0.0020309,0.0029419,0.0041668,0.010455,0.013023,0.0093495,0.0029407,0.0020604,0.0016672,0.0011388,0.00096985,0.00090601,0.042191,0.0069331,0.0080152,0.0074316,0.0087984,0.01043,0.01399,0.019093,0.046327,0.23185,0.037279,0.018287,0.011889,0.0090249,0.0063025,0.0077303,0.0062982,0.014893,0.0015347,0.0016148,0.00054386,0.0016921,0.002381,0.0031878,0.0047458,0.0089746,0.04882,0.014295,0.0073319,0.0050857,0.0035839,0.0054257,0.0029969,0.0028534,0.02977,0.0055566,0.0059041,0.0061745,0.0067444,0.0077889,0.0099064,0.014226,0.026327,0.037097,0.024649,0.010148,0.0058184,0.0039994,0.002855,0.0020916,0.0018997
0.022213,0.0021714,0.0023447,0.0020972,0.00224,0.0034491,0.0047071,0.0086539,0.024695,0.012401,0.027592,0.0086282,0.0080568,0.0042949,0.0053135,0.0046656,0.0039216,0.0077802,0.0013042,0.00084221,0.00071169,0.00051638,0.0012155,0.0018777,0.0030558,0.0082081,0.0051016,0.011887,0.0040471,0.0030548,0.0020527,0.0020178,0.0019072,0.0017567,0.033179,0.00017069,0.00063604,0.00058166,0.0009892,0.0011987,0.0018521,0.0022904,0.0099108,0.012334,0.017723,0.0053501,0.0036532,0.0030342,0.0027229,0.00241,0.0025959,0.022967,0.0030113,0.0063659,0.010489,0.015642,0.024008,0.038516,0.069712,0.20009,0.36419,0.10418,0.069167,0.054664,0.045887,0.042423,0.040434,0.039431,0.019478,0.0011326,0.00098018,0.0011613,0.001296,0.001701,0.0026089,0.0038368,0.010285,0.01837,0.0072737,0.0037226,0.0027498,0.0020384,0.0019732,0.0018163,0.0026093,0.027289,0.0017505,0.0015136,0.0017818,0.0021584,0.0023369,0.0028853,0.0054124,0.01584,0.061169,0.00083521,0.0021422,0.0016438,0.0010798,0.001233,0.0012455,0.0012265,0.012718,0.0066279,0.0056545,0.006918,0.0081773,0.01042,0.013717,0.019694,0.032379,0.1002,0.053757,0.023067,0.016233,0.01369,0.01192,0.0098662,0.0095331,0.023674,0.00092306,0.0010584,0.0010806,0.0010647,0.00095683,0.0015494,0.0020075,0.003404,0.01647,0.0045795,0.0013398,0.0010152,0.00053876,0.00059913,0.00034426,0.00032425,0.017929,9.1144e-05,0.00027028,0.00011581,0.00015831,0.00033377,0.00094331,0.0013504,0.0041158,0.02321,0.0040926,0.00095305,0.00073152,0.00057101,0.00055135,0.00051104,0.00050736,0.036625,0.01185,0.020133,0.020487,0.012306,0.0059586,0.028298,0.058098,0.12348,0.10402,0.056768,0.045283,0.033972,0.021384,0.011757,0.018447,0.021736,0.016045,0.0022737,0.0018853,0.0011923,0.0028691,0.0041189,0.0055953,0.0071985,0.0056598,0.04548,0.016462,0.010685,0.0062002,0.0017609,0.0015351,0.003079,0.0034409,0.017739,0.0058762,0.0031544,0.00099788,0.0047936,0.0087883,0.011339,0.013298,0.018117,0.065333,0.018891,0.01225,0.0081348,0.0052217,0.0027194,0.0013601,0.00046541
0.019387,0.0017192,0.0019932,0.00092494,0.0022409,0.0034648,0.0060155,0.0087522,0.016805,0.017911,0.032224,0.012943,0.0095508,0.0060293,0.0081968,0.0067525,0.0065423,0.0036145,0.00034032,0.00068349,0.00077475,0.00098151,0.0012284,0.0021989,0.0035743,0.008439,0.012962,0.015159,0.0057173,0.0041248,0.0032887,0.003045,0.0027698,0.0026684,0.032822,0.0011134,0.0012986,0.0014201,0.0019741,0.0024156,0.0032433,0.0048986,0.013222,0.011854,0.025969,0.0092156,0.006394,0.0051532,0.0046877,0.0042347,0.0042115,0.046777,0.027051,0.028055,0.03063,0.035433,0.04362,0.05737,0.090815,0.25597,0.39789,0.084279,0.056066,0.041477,0.034318,0.030975,0.027771,0.027356,0.021807,0.00151,0.001716,0.0019777,0.002203,0.0026324,0.0031584,0.0050456,0.012814,0.014855,0.0048271,0.0028864,0.0019963,0.0010787,0.0021629,0.001508,0.00087169,0.022255,0.0034845,0.003598,0.0039168,0.0045148,0.0051553,0.0067212,0.010442,0.028426,0.027761,0.0096057,0.0055951,0.0039597,0.0031035,0.0026922,0.0023784,0.0023728,0.0051461,0.0046539,0.0053663,0.0054775,0.0053188,0.0058741,0.007602,0.0098881,0.012519,0.073261,0.024148,0.0092482,0.0053664,0.0030004,0.0024035,0.00050214,2.287e-05,0.024739,0.00036198,0.00015354,0.00049339,0.00059654,0.00043096,0.00074771,0.00087401,0.0040262,0.01572,0.0053617,0.0020527,0.0012114,0.0014012,0.00098428,0.00082256,0.00080108,0.016711,0.0018567,0.0020633,0.0019091,0.0021162,0.0029632,0.0031762,0.0044772,0.011044,0.047032,0.014776,0.0057898,0.0037609,0.0029715,0.0025332,0.0024256,0.002348,0.043288,0.0085399,0.010147,0.010191,0.011044,0.01344,0.01751,0.02527,0.062026,0.24335,0.024051,0.01349,0.007551,0.0059509,0.0035981,0.0041813,0.0025044,0.0098001,0.00084429,0.00049312,0.00022961,0.00090275,0.0010178,0.0017191,0.0023114,0.005657,0.045436,0.0068459,0.0032417,0.0021135,0.0016132,0.0034662,0.0010568,0.0014,0.027552,0.003337,0.0036262,0.003716,0.0039064,0.0047518,0.0061778,0.0093863,0.021242,0.036617,0.010196,0.0050882,0.003166,0.0024503,0.0019302,0.0015966,0.0015011
0.01639,0.0038362,0.0032399,0.0027662,0.0040188,0.0047066,0.0074477,0.013377,0.049281,0.0043211,0.03619,0.015146,0.011311,0.0099282,0.0090914,0.0079921,0.0080129,0.0052834,0.0010568,0.00065072,0.00084613,0.0010939,0.0014852,0.0021545,0.0031402,0.013382,0.0024689,0.011872,0.0061663,0.0039998,0.0032372,0.0030733,0.0029266,0.0026169,0.029839,0.001698,0.0017494,0.0020903,0.0023033,0.0031133,0.0041074,0.0061449,0.019583,0.0091731,0.023841,0.0099793,0.0066459,0.005269,0.00481,0.0043466,0.0044938,0.017603,0.035105,0.035781,0.039802,0.044265,0.052775,0.068308,0.10937,0.28562,0.27168,0.096936,0.05561,0.039595,0.030887,0.025879,0.021949,0.022757,0.014702,0.0018488,0.0021148,0.0013068,0.0020479,0.0026169,0.0032037,0.0046637,0.012765,0.017303,0.00233,0.0017108,0.0013213,0.00095104,0.00060604,0.00045754,0.00035096,0.028603,0.0030373,0.0029687,0.003224,0.0035226,0.0047574,0.0061278,0.0086139,0.027118,0.05541,0.0061269,0.004455,0.0034011,0.0025286,0.0022432,0.0020518,0.0021172,0.011698,0.0019102,0.0025118,0.0023308,0.0029968,0.0037591,0.0045757,0.0063112,0.018912,0.09253,0.025605,0.01063,0.0070328,0.0062157,0.0046263,0.0035035,0.0036145,0.02191,0.0016651,0.0010393,0.0011686,0.00091349,0.00096531,0.0011386,0.0022624,0.0068939,0.012031,0.0069519,0.0023843,0.0015811,0.0011004,0.00091401,0.00084048,0.00074197,0.020207,0.00035967,0.00038472,0.00079123,0.0013234,0.0020246,0.0030904,0.004863,0.015595,0.033556,0.018404,0.0081384,0.0058039,0.0048112,0.0042519,0.0039732,0.0039826,0.019711,0.0076272,0.0077922,0.0087609,0.010877,0.013583,0.019465,0.029964,0.092511,0.20074,0.045387,0.028089,0.020896,0.018226,0.014764,0.014356,0.013809,0.010393,0.00098678,0.00064751,0.0015528,0.00067376,0.0012237,0.0017614,0.0024399,0.0055091,0.047284,0.0069131,0.0041265,0.0021228,0.0020329,0.0019811,0.0020784,0.0016651,0.022375,0.0016986,0.0016474,0.001888,0.0022553,0.0022027,0.0036494,0.0048494,0.016366,0.075,0.0033922,0.001611,0.0013327,0.0011577,0.0011163,0.00076173,0.0007763
0.0097982,0.0028636,0.0024756,0.0028159,0.0042016,0.0054052,0.0081234,0.013383,0.024058,0.03158,0.03404,0.01537,0.010726,0.0087007,0.0070213,0.0074672,0.0071813,0.0035687,0.00022735,0.00031769,0.00046554,0.00084731,0.0010556,0.0017544,0.0032569,0.0090155,0.011783,0.0093479,0.0041655,0.0032623,0.0023147,0.0020171,0.0020416,0.0020581,0.031523,0.0016781,0.0017337,0.0019755,0.0020674,0.0028636,0.0037084,0.0064377,0.01548,0.0086989,0.020252,0.0074171,0.0052312,0.0045597,0.0037071,0.0033868,0.0033627,0.052836,0.038922,0.039774,0.043521,0.048189,0.056587,0.072333,0.10918,0.29122,0.40999,0.083656,0.044687,0.028875,0.020035,0.012652,0.0093153,0.0076047,0.01552,0.0011861,0.0013711,0.001432,0.0019416,0.0023654,0.002535,0.0048444,0.011219,0.017047,0.0010555,0.0015949,0.00103,0.00066616,0.00065585,0.00088088,0.00063897,0.022799,0.0024724,0.0024547,0.0030315,0.0033673,0.0043707,0.0063651,0.0097099,0.029216,0.031881,0.010911,0.0073725,0.005584,0.0046927,0.0039648,0.0039478,0.0038243,0.024884,0.0080358,0.0087511,0.01009,0.011017,0.011403,0.014915,0.020747,0.048334,0.14344,0.044951,0.017148,0.0095692,0.0065125,0.0070149,0.0028478,0.001873,0.019059,0.0015762,0.0012847,0.0017551,0.0020702,0.0021164,0.0031657,0.0047658,0.011777,0.043742,0.017264,0.0065788,0.004514,0.003531,0.0030974,0.0028117,0.0028229,0.020565,0.0016071,0.0015607,0.0014579,0.0016397,0.002236,0.0027413,0.0038751,0.013398,0.0095641,0.0094589,0.0042788,0.0029542,0.0025192,0.0021038,0.0020685,0.0019646,0.033738,0.0080998,0.0099483,0.0098104,0.011753,0.014717,0.020431,0.033113,0.088511,0.21236,0.039276,0.022596,0.016918,0.013859,0.013084,0.011368,0.01144,0.0088273,0.0013206,0.00018234,0.00013663,0.00047105,0.00066225,0.00051781,0.00085349,0.0023915,0.054732,0.0018418,0.00058763,0.00068533,0.00063178,0.0012039,0.00076251,0.00040436,0.024271,0.0014824,0.0015587,0.001948,0.0025402,0.0030718,0.0047092,0.0076147,0.021727,0.05191,0.01616,0.0079864,0.0060317,0.0049992,0.0044328,0.004225,0.00416
0.013565,0.0044088,0.0024938,0.0033297,0.0037028,0.0053115,0.0061926,0.010029,0.045136,0.01311,0.024885,0.01124,0.0072136,0.0045414,0.0037816,0.0034283,0.0050088,0.0030194,0.00033628,0.00029438,0.00067446,0.00081192,0.0012994,0.00146,0.002076,0.0099827,0.0098893,0.0061691,0.0022156,0.00091263,0.00048223,0.00072371,0.00075564,0.00070383,0.028075,0.0021007,0.0020918,0.0021196,0.0023563,0.0028255,0.0033828,0.0054016,0.01242,0.024509,0.01434,0.004791,0.0027525,0.0021588,0.0015888,0.0012195,0.001276,0.029273,0.042039,0.044166,0.047141,0.0525,0.061162,0.078143,0.1191,0.30383,0.2376,0.096368,0.049105,0.029379,0.017761,0.010418,0.0061285,0.00030708,0.01179,0.001659,0.0015518,0.0019892,0.0019546,0.0024469,0.0029168,0.0048632,0.012815,0.016427,0.0012417,0.0013053,0.00081645,0.0006474,0.00016879,0.00090271,0.00042535,0.028258,0.0024506,0.0026497,0.0028478,0.0033711,0.0042806,0.005951,0.0092393,0.028782,0.055833,0.011767,0.0067181,0.0052423,0.0043623,0.003998,0.0038583,0.0037098,0.014,0.0049399,0.0055199,0.0056265,0.0068753,0.0081758,0.011855,0.017734,0.040644,0.074522,0.051371,0.023827,0.016642,0.01283,0.011314,0.010677,0.011074,0.020634,0.0010998,0.0011375,0.001208,0.0014712,0.0022604,0.0027695,0.004804,0.011308,0.019418,0.017814,0.00762,0.0052824,0.004234,0.0039515,0.0036401,0.0036507,0.020201,0.00039368,0.00030548,0.00034093,0.0003822,0.00062856,0.00026116,0.0012598,0.0029189,0.036503,0.007158,0.0027882,0.0016727,0.0013437,0.001202,0.0011817,0.0011578,0.020338,0.0042699,0.0046048,0.0064969,0.0085926,0.011493,0.017279,0.030265,0.092411,0.2202,0.050898,0.030216,0.022255,0.018419,0.018699,0.01771,0.016516,0.0081331,0.0010124,0.00074153,0.00035034,0.0007632,0.00066775,0.0011787,0.0017686,0.0039716,0.043426,0.0010717,0.00048203,0.00085612,0.0008986,0.00042289,0.00080406,0.00053025,0.022057,0.0019631,0.0018037,0.0022789,0.0023713,0.0029267,0.0037749,0.0063376,0.020072,0.066951,0.0083125,0.0051923,0.0039641,0.0033173,0.0029658,0.0026942,0.0026207
0.0039464,0.0029972,0.0029792,0.0041801,0.0047269,0.0053182,0.0074061,0.012914,0.029174,0.053549,0.023292,0.010662,0.0075226,0.0084495,0.0044758,0.005437,0.0047932,0.00017929,0.00043177,0.00060211,7.3792e-05,0.0007983,0.00097684,0.0011252,0.0018728,0.0077447,0.026612,0.005817,0.0014975,0.00075848,0.00097671,0.00057719,0.00053117,0.0004921,0.031729,0.0022824,0.002592,0.0027574,0.0028913,0.0035005,0.0040183,0.0058317,0.016208,0.02077,0.016747,0.0053254,0.0026563,0.0015289,0.00092903,0.00057304,0.00046348,0.05038,0.04227,0.043977,0.046621,0.05243,0.061213,0.079275,0.11859,0.35083,0.35893,0.095796,0.047695,0.029241,0.018369,0.010532,0.0043774,0.0017186,0.014284,0.0012914,0.0016835,0.0016741,0.0018654,0.0022629,0.0030513,0.0048807,0.013624,0.013574,0.0023099,0.0014066,0.0010549,0.00045665,0.00074812,0.00059971,0.000185,0.02348,0.0022539,0.0025833,0.0028394,0.0032879,0.0044175,0.0059473,0.010624,0.033953,0.033229,0.011214,0.0071543,0.005582,0.0045943,0.0041762,0.0038542,0.0039368,0.016716,0.0061043,0.0065354,0.0068391,0.0076777,0.0096511,0.01117,0.016154,0.044617,0.04976,0.028359,0.015233,0.0097704,0.0069017,0.0092471,0.0063963,0.0071565,0.021221,0.0012581,0.0011592,0.0014646,0.0011929,0.0014836,0.0021805,0.0033958,0.0085348,0.012806,0.0034361,0.0019632,0.0013678,0.0013102,0.00087137,0.0008978,0.0008278,0.02027,0.00066853,0.00045336,0.0005377,0.00062324,0.00068389,0.0010564,0.0018083,0.0070632,0.064237,0.0065449,0.0022821,0.0011482,0.00085161,0.00069517,0.00041109,0.00028801,0.022942,0.0030125,0.0032772,0.0055035,0.007743,0.011391,0.018095,0.033288,0.11398,0.25024,0.046639,0.030619,0.023092,0.019086,0.01701,0.0186,0.019081,0.0034752,0.00034827,0.00058122,0.00066414,0.00045006,0.00043006,0.00067973,0.0012808,0.0051458,0.048961,0.0019853,0.00030761,0.00065988,0.00061524,0.00083433,0.0013258,0.00047304,0.024687,0.0014398,0.0014101,0.001663,0.0021102,0.0030528,0.0046261,0.0074481,0.024203,0.04225,0.0085019,0.005822,0.0046294,0.0040253,0.0032962,0.003517,0.0034657
0.0095102,0.0028252,0.003221,0.0028112,0.0042378,0.0049932,0.0069398,0.0098185,0.051253,0.030789,0.023559,0.011703,0.0081853,0.0055477,0.0050827,0.0051647,0.0052758,0.0013657,0.00052637,0.00054981,0.0011238,0.0004962,0.00072761,0.0013592,0.0025992,0.010956,0.015205,0.0050999,0.001809,0.0014163,0.0010741,0.001073,0.00094068,0.00089266,0.027152,0.0019245,0.0019741,0.0021561,0.0025058,0.0026086,0.0039618,0.0064037,0.012919,0.036597,0.013618,0.0054952,0.0036743,0.0029723,0.0021819,0.001986,0.001978,0.010388,0.031756,0.012117,0.032612,0.028197,0.032172,0.062542,0.033604,0.37449,0.10411,0.09133,0.031753,0.03576,0.030443,0.014579,0.030732,0.0080224,0.012921,0.0011596,0.0011623,0.0016269,0.0016646,0.0012709,0.0031704,0.0013168,0.017424,0.0037014,0.0055833,0.0028621,0.0018006,0.0018838,0.001151,0.0021716,0.00020218,0.030413,0.0012893,0.0056561,0.0014331,0.007477,0.0012874,0.012254,0.0031634,0.057309,0.020034,0.028475,0.002302,0.011667,0.0021466,0.0085123,0.0018945,0.0077268,0.023075,0.00065577,0.00096555,0.00082119,0.00078233,0.0015916,0.0018639,0.0043678,0.026323,0.15338,0.0068907,0.0034727,0.0018224,0.0012783,0.0037064,0.00090612,0.0011597,0.019665,0.0011922,0.00089681,0.0014806,0.00086477,0.0013938,0.0014735,0.0027563,0.0092642,0.027809,0.0030642,0.0016672,0.00095363,0.0010447,0.00096473,0.00054738,0.00071715,0.022755,0.0026199,0.002689,0.002815,0.0032369,0.0037921,0.0045226,0.0064641,0.011564,0.0022973,0.012027,0.0051352,0.0027699,0.0018821,0.0015538,0.0010781,0.00087358,0.025805,0.026719,0.027098,0.0066275,0.031702,0.040857,0.01261,0.071115,0.20697,0.07181,0.093857,0.045876,0.0058385,0.026888,0.014061,0.0086585,0.019026,0.0073205,0.0038683,0.0036996,0.0011851,0.0051687,0.0057934,0.0013148,0.011433,0.020299,0.036183,0.020277,0.011875,0.0036457,0.0050707,0.0047824,0.0037522,0.0034257,0.01898,0.0037768,0.0016714,0.004256,0.0069729,0.0057461,0.0035417,0.018947,0.052309,0.058362,0.02893,0.022723,0.0087279,0.005166,0.011818,0.009542,0.00055505
0.0076467,0.00057985,0.0010799,0.0016117,0.0016353,0.0034551,0.0050579,0.0079205,0.037424,0.041026,0.019306,0.0097452,0.0058847,0.0074631,0.0055302,0.0056852,0.0044575,0.00053978,0.0010467,0.00070369,0.0010571,0.00064409,0.001338,0.002178,0.0029995,0.011115,0.012103,0.0011964,0.0011378,0.0010941,0.0010252,0.0008156,0.00081796,0.00060082,0.026986,0.00091209,0.0010309,0.0010966,0.00095273,0.0015321,0.001957,0.0043037,0.015355,0.0079909,0.011318,0.0034056,0.0023158,0.0017409,0.001794,0.0015384,0.0015908,0.0046731,0.012082,0.013809,0.017727,0.023052,0.032916,0.048771,0.086239,0.28069,0.41157,0.11927,0.075317,0.058877,0.050209,0.045396,0.042396,0.042039,0.013134,0.0012375,0.0012909,0.0011867,0.0010862,0.001346,0.0023619,0.0033626,0.011675,0.017337,0.0050084,0.0024862,0.0020633,0.0015113,0.00091443,0.0021322,0.0022507,0.019894,0.003538,0.003437,0.0037825,0.0043874,0.0053561,0.0069632,0.011346,0.032083,0.033105,0.013025,0.0073194,0.0052506,0.0043494,0.0036065,0.0035731,0.0036126,0.02335,0.00082692,0.0011841,0.0015429,0.0024385,0.0022108,0.0026553,0.0037317,0.0073685,0.11565,0.041596,0.015387,0.0094117,0.0091975,0.0052129,0.0066639,0.0068933,0.020314,0.00051205,0.0003115,0.00033482,0.00095897,0.00022468,0.00068632,0.00073057,0.0033113,0.018289,0.0038467,0.00097279,0.0004943,0.00017499,0.00034578,4.1617e-05,0.00031282,0.018418,0.00038594,0.00035483,0.00059707,0.0011641,0.0015032,0.0023505,0.0041602,0.013024,0.033725,0.0042927,0.0038392,0.0030252,0.0026756,0.0021332,0.0021466,0.0020676,0.034836,0.014233,0.015492,0.016486,0.017906,0.021035,0.028183,0.043024,0.10972,0.23892,0.034141,0.018698,0.01061,0.0068775,0.0041103,0.004164,0.0031662,0.0013428,0.00066224,0.00045319,0.00017814,0.00047365,0.00026194,0.00059185,0.00018603,0.0036367,0.051616,0.004859,0.0013544,0.00064594,0.00050195,0.001221,0.00040657,0.00022887,0.022967,0.0024391,0.0026185,0.0026283,0.0026707,0.003663,0.0049001,0.0072717,0.022792,0.0451,0.0023902,0.0026781,0.001723,0.0014051,0.0009539,0.0010819,0.0010319
0.0026512,0.00010201,0.0014376,0.0014082,0.0018822,0.0032511,0.0054726,0.011548,0.024647,0.040095,0.0095438,0.0058664,0.0051058,0.0033914,0.0052774,0.0050911,0.0044327,0.00045587,0.0016847,0.0010761,0.001006,0.0015828,0.0012719,0.00199,0.0037908,0.0089677,0.018703,0.0027884,0.00093015,0.00056003,0.00060789,0.00044469,0.00027423,0.00030328,0.022271,0.00086606,0.00065532,0.00070822,0.00069642,0.0013494,0.0017858,0.0035452,0.010027,0.029057,0.004987,0.00054963,0.00041958,0.0005527,0.00036586,0.00059974,0.00057604,0.0099794,0.0064304,0.0085593,0.01422,0.018907,0.028951,0.044607,0.08329,0.2808,0.29564,0.11775,0.075143,0.058849,0.050294,0.04551,0.045399,0.042149,0.010367,0.00068398,0.00049283,0.00054971,0.00066665,0.00083727,0.0016688,0.0031013,0.01104,0.017274,0.0040652,0.0028262,0.0020658,0.0015858,0.001273,0.0021496,0.001482,0.023022,0.0045608,0.0046445,0.004985,0.0056078,0.0067718,0.0086676,0.013409,0.034577,0.05528,0.016413,0.0085037,0.0058195,0.0043096,0.0037815,0.0035035,0.0032654,0.019989,0.0072141,0.0073606,0.0078268,0.0082936,0.009554,0.012528,0.018677,0.028309,0.10873,0.036252,0.012487,0.0072188,0.0038378,0.0025677,0.0014041,0.00014495,0.015398,0.0011427,0.00057381,0.00023532,0.0011029,0.00021455,0.0011894,0.0021895,0.007423,0.019533,0.0038367,0.0010403,0.0013646,0.0010574,0.0013004,0.0010898,0.0010891,0.013891,0.0014287,0.0012716,0.0013697,0.0014717,0.0020838,0.0026848,0.0049822,0.011991,0.043234,0.0065398,0.0035599,0.0026238,0.002259,0.0022521,0.0017255,0.001791,0.00453,0.011403,0.012336,0.013138,0.014249,0.017185,0.022291,0.034444,0.10239,0.17021,0.026736,0.01521,0.01028,0.0070651,0.0045376,0.0066477,0.0054799,0.0031128,0.0012896,0.00098968,0.00078082,0.00074452,0.0006829,0.0012352,0.0017452,0.0032728,0.04786,0.0050156,0.0021369,0.0014434,0.001309,0.0017385,0.00080459,0.00080872,0.012333,0.0042595,0.0042612,0.0045627,0.0049863,0.0058463,0.0074812,0.011034,0.027723,0.081067,0.0094321,0.0051313,0.0032484,0.0022173,0.0011843,0.0010275,0.00078585
0.003172,0.0010699,0.00068279,0.00065392,0.0012476,0.0018555,0.0031062,0.0055077,0.038419,0.042491,0.0051875,0.0038398,0.0030855,0.0046667,0.0029378,0.0028773,0.0019131,0.002493,0.00050865,0.00067781,0.00043294,0.00075079,0.00096225,0.0011811,0.0016392,0.0096153,0.013994,0.0073487,0.0025039,0.0015887,0.0011218,0.0010547,0.00096266,0.00085642,0.016035,0.0011321,0.00086535,0.00082802,0.00077452,0.0010363,0.0012,0.0027259,0.0088065,0.034443,0.0087521,0.0021867,0.0010607,0.00049748,0.00059298,0.00064979,0.00051307,0.00015642,0.0057914,0.0080762,0.012713,0.018148,0.026894,0.043366,0.079412,0.24402,0.29064,0.12013,0.075275,0.058662,0.050488,0.045499,0.042291,0.042237,0.0080415,0.00062799,0.00059962,0.00062583,0.00076644,0.0012088,0.0018996,0.0030372,0.012453,0.01721,0.0033353,0.0022491,0.0022017,0.0019957,0.001926,0.0021046,0.0018654,0.0096971,0.0029666,0.0030412,0.0035099,0.0036097,0.004519,0.0056955,0.0092197,0.025026,0.014344,0.010464,0.0052614,0.003574,0.0029835,0.0025142,0.0021176,0.0020905,0.033921,0.0049675,0.005148,0.0057876,0.0063865,0.0076904,0.0097152,0.013405,0.027434,0.096131,0.040474,0.015928,0.011202,0.0083011,0.0085583,0.0069103,0.0056611,0.013184,0.00051606,0.00038155,0.00051864,0.00086338,0.0003158,0.00058817,0.00030751,0.0012734,0.0079743,0.0017203,0.00073196,0.00039729,0.00024764,0.00015514,7.3297e-05,0.00016404,0.01013,0.0012408,0.0012458,0.0014002,0.0014379,0.0019367,0.0026006,0.0042985,0.0081058,0.013483,0.013876,0.0063769,0.004495,0.0034338,0.0031156,0.0029369,0.0027142,0.035908,0.021141,0.020595,0.023046,0.025279,0.029283,0.03656,0.052925,0.12332,0.26099,0.058546,0.026717,0.015729,0.0099141,0.0056656,0.0027174,0.00054552,0.0039025,0.0014688,0.0011799,0.0013441,0.0013235,0.001806,0.002134,0.0029582,0.0067192,0.047753,0.0056478,0.0023387,0.0013956,0.0010836,0.0016289,0.0005915,6.8672e-05,0.012011,0.0021095,0.0019617,0.0023312,0.0027619,0.0023688,0.0034923,0.006034,0.015033,0.043279,0.0056383,0.0030019,0.0021644,0.0017247,0.0013761,0.0012339,0.0011807
0.0040761,0.00089475,0.0012467,0.0009743,0.001164,0.0021759,0.0036175,0.0078579,0.0098794,0.052382,0.014027,0.0053893,0.0037777,0.0010907,0.0038853,0.0031137,0.003542,0.0032578,0.00047612,0.00056091,0.00058556,9.3567e-05,0.00054432,0.00093188,0.0012757,0.0038654,0.026064,0.0071183,0.0016302,0.00080117,0.00079066,0.00023653,0.00040892,0.0004158,0.0096857,0.0017209,0.0015126,0.0016084,0.0017909,0.0020331,0.002329,0.0013276,0.0050879,0.017912,0.014683,0.0043166,0.0021736,0.0014444,0.00079861,0.00049843,0.00034712,0.015568,0.020382,0.022023,0.024522,0.029758,0.037767,0.053214,0.093788,0.23007,0.50872,0.13632,0.080631,0.061692,0.050817,0.046074,0.042705,0.042164,0.0071393,0.00085399,0.0010581,0.0011863,0.0011969,0.0015743,0.0023617,0.0037585,0.0086637,0.017613,0.0029206,0.0023465,0.0016284,0.0013451,0.0010684,0.0019686,0.0011539,0.012371,0.0043635,0.004321,0.0046891,0.0051847,0.006569,0.0082268,0.0090464,0.02509,0.046,0.014456,0.0065693,0.0040801,0.002803,0.0020935,0.0022072,0.0020104,0.033007,0.0045357,0.0039712,0.0051357,0.0052036,0.0083915,0.010857,0.017593,0.041095,0.074176,0.05744,0.024942,0.018469,0.015359,0.012541,0.011756,0.012198,0.012312,0.0009458,0.00096036,0.00075374,0.00044306,0.001271,0.0015448,0.0031129,0.0068723,0.020403,0.0022546,0.00047761,0.00012977,0.00059812,0.00035324,0.00014359,0.0002575,0.0035706,0.001276,0.0013233,0.0015727,0.0018589,0.0020417,0.0026602,0.0052777,0.010337,0.05086,0.012636,0.0048225,0.0030846,0.0023391,0.0021581,0.0018815,0.0017281,0.0070916,0.0090603,0.0084928,0.0086305,0.01067,0.013093,0.017386,0.026239,0.063516,0.16904,0.034209,0.016776,0.012954,0.0098953,0.0072893,0.0084383,0.0079881,0.0035344,0.0015971,0.0017061,0.001737,0.0018529,0.0017892,0.0021976,0.0035514,0.0084127,0.051027,0.004985,0.0022091,0.00080413,0.00043069,0.00016285,0.0010322,0.00011255,0.0020009,0.0033714,0.0032118,0.0032383,0.0038456,0.004806,0.006437,0.0065105,0.021262,0.061679,0.0087204,0.0042417,0.0025063,0.0016159,0.0010188,0.00085569,0.00058937
0.0029812,0.004124,0.0053195,0.0047206,0.0043813,0.0060324,0.00971,0.015308,0.013863,0.029324,0.02058,0.0096832,0.0060619,0.0066379,0.0047459,0.0045054,0.0043126,0.0036622,0.0021051,0.0023634,0.0023878,0.0014813,0.00087004,0.0022015,0.0034371,0.0030595,0.023045,0.0067779,0.0023266,0.0016219,0.0013715,0.0010313,0.00087595,0.0010376,0.010172,0.0025467,0.0026625,0.0021372,0.0014347,0.0022867,0.0047135,0.0068831,0.010543,0.032313,0.012598,0.0045398,0.0026272,0.0015112,0.0015261,0.00088913,0.00068475,0.043288,0.040938,0.04321,0.045823,0.049628,0.058586,0.0775,0.11024,0.26565,0.37782,0.10373,0.054851,0.033934,0.024349,0.017321,0.015896,0.012739,0.0066682,0.00075782,0.0025744,0.0030927,0.0032353,0.0036219,0.0027471,0.0031132,0.009617,0.017767,0.0023999,0.00078354,0.0011196,0.00089076,0.00019633,0.00062392,0.0001564,0.0018215,0.0034095,0.0043234,0.0041079,0.0036871,0.0035994,0.006587,0.012726,0.027704,0.066722,0.011212,0.005992,0.004212,0.0032525,0.0027959,0.0023352,0.0023213,0.02722,0.0031959,0.0034192,0.0051023,0.0072505,0.0096018,0.011601,0.013414,0.041458,0.064719,0.055087,0.024121,0.016442,0.013316,0.012366,0.012261,0.01047,0.011105,0.000901,0.0011442,0.00083537,0.00062366,0.00020166,0.00096363,0.0020935,0.0027057,0.019561,0.0021165,0.0018323,0.0018168,0.0018467,0.0016551,0.001225,0.0013123,0.00027849,0.0021735,0.0023407,0.0018239,0.00068649,0.0024164,0.0050676,0.0074382,0.008868,0.045979,0.011282,0.004428,0.0027188,0.0021891,0.0018124,0.001617,0.0015221,0.023575,0.010706,0.011411,0.012032,0.011642,0.01424,0.020164,0.029646,0.058542,0.13414,0.029167,0.012914,0.0073096,0.0053372,0.004363,0.0025577,0.0030022,0.0030385,0.00088741,0.0011973,0.0019837,0.0012818,0.0006345,0.0010017,0.0030884,0.0073985,0.039952,0.0098708,0.0051914,0.0042203,0.0034072,0.0033902,0.0032144,0.0028515,0.0046216,0.0027365,0.0030509,0.002685,0.0016919,0.0023466,0.0056122,0.011109,0.022608,0.076982,0.013108,0.0077145,0.005921,0.0047338,0.0040158,0.00399,0.0039807
0.0012379,0.0023341,0.00421,0.0023963,0.004022,0.005151,0.0097357,0.017682,0.043276,0.018829,0.021856,0.012533,0.009008,0.0081251,0.004429,0.0056964,0.006281,0.0062943,0.00074839,0.0024051,0.0013452,0.0012623,0.0010424,0.0017403,0.0040936,0.013707,0.012639,0.0068157,0.0044316,0.002766,0.0027423,0.0022201,0.0018535,0.0018692,0.0046788,0.0011833,0.0026294,0.0015882,0.0023632,0.0019668,0.0070486,0.0079072,0.027649,0.019462,0.014674,0.00873,0.0060667,0.0051816,0.004671,0.0046123,0.0046559,0.029602,0.03178,0.036127,0.035652,0.038862,0.048382,0.068726,0.11934,0.27824,0.13643,0.056503,0.040353,0.025405,0.019809,0.015994,0.012913,0.016075,0.0029793,0.0011435,0.0020673,0.00016826,0.0037546,0.002827,0.0042128,0.0053482,0.014471,0.01,0.0014855,0.0012753,0.00072912,0.00034609,0.00028888,0.0016461,0.001648,0.0023728,0.0015523,0.00078957,0.0024799,0.0014249,0.0030767,0.0035628,0.012986,0.027006,0.042546,0.0088865,0.005974,0.0054419,0.0043276,0.0040578,0.0034655,0.0032654,0.027682,0.0049417,0.0055736,0.0041421,0.0066636,0.0067474,0.0091909,0.010325,0.017769,0.12436,0.0048772,0.0042023,0.0030787,0.0024337,0.002181,0.0021065,0.00063517,0.0093328,0.0012273,0.0024292,0.0012379,0.00095351,0.0012012,0.002486,0.0041178,0.010625,0.0033172,0.0062813,0.0041221,0.0036396,0.0026463,0.0023914,0.0023455,0.0021801,0.0027371,0.002494,0.003553,0.0028807,0.0023486,0.0026948,0.0031069,0.0079847,0.018206,0.026105,0.012834,0.0063276,0.0036991,0.0031172,0.0023585,0.0024119,0.0026265,0.002739,0.029926,0.018937,0.033051,0.027762,0.035988,0.056497,0.068066,0.21501,0.061648,0.10547,0.010005,0.043755,0.01345,0.026286,0.013673,0.022007,0.00088121,0.0019854,0.0014257,0.0015009,0.0055883,0.0045662,0.0091372,0.0055571,0.029565,0.018684,0.020317,0.0028609,0.0072248,0.0024665,0.0045645,0.0027437,0.0046845,0.0044232,0.0027346,0.003747,0.0037261,0.0079183,0.0038148,0.012882,0.0055947,0.061776,0.0186,0.030454,0.0043335,0.012851,0.0040163,0.0091421,0.0039406,0.0079519
0.0061437,0.0042896,0.0037193,0.0051082,0.0060455,0.0067102,0.0087112,0.020713,0.050346,0.042688,0.009393,0.0047176,0.0031329,0.002729,0.0025921,0.0016667,0.00015831,0.0058614,0.0016706,0.0018213,0.0011399,0.0015711,0.0012107,0.0017862,0.0026544,0.011243,0.023604,0.00314,0.00089951,0.00081981,0.00048162,0.0005595,0.00043318,0.00034142,2.4803e-05,0.0016928,0.0019728,0.0015241,0.0027416,0.0023478,0.0029727,0.0029312,0.028118,0.03865,0.0054596,0.0027165,0.0020009,0.0017206,0.0012962,0.0015605,0.0012531,0.0059758,0.0044253,0.0098117,0.016099,0.020393,0.031268,0.051523,0.11732,0.46188,0.29227,0.10979,0.075883,0.060037,0.052442,0.048195,0.044313,0.046714,0.0060101,0.00076338,0.00037342,0.0016666,0.0019623,0.0016461,0.0021326,0.0066764,0.015972,0.013322,0.0038515,0.002815,0.0023092,0.0016879,0.0011069,0.0029911,0.00089458,0.0019532,0.0012698,0.00046292,0.00086021,0.00060751,0.00080366,0.002031,0.0079544,0.028943,0.017736,0.0011264,0.0012279,0.00085954,0.00076499,0.00034869,0.00078521,0.00073245,0.042914,0.010002,0.0059162,0.0029012,0.0093707,0.016713,0.022922,0.025314,0.031467,0.070274,0.037032,0.028299,0.018187,0.0093528,0.0096371,0.0073097,0.009699,0.011204,0.0023051,0.0017146,0.001374,0.0013801,0.0024847,0.0043132,0.0057291,0.0022444,0.018709,0.0036538,0.0029029,0.0019916,0.0012392,0.00029671,0.00023387,0.00058747,0.00043871,0.0045281,0.0033538,0.0014416,0.0018779,0.0043833,0.0066456,0.013683,0.017821,0.049243,0.002528,0.0034335,0.0032513,0.002619,0.001603,0.0010701,0.00075913,0.036101,0.021988,0.02434,0.026124,0.030158,0.036799,0.049967,0.071812,0.3263,0.24638,0.080134,0.050066,0.037267,0.031352,0.029309,0.024355,0.023314,0.0054093,0.0025347,0.0024897,0.0030319,0.0051785,0.0045596,0.0057339,0.0081881,0.016743,0.009783,0.006766,0.0032487,0.0021612,0.0012481,0.000459,0.001339,0.0012856,0.0036832,0.0011914,0.0006923,0.00098712,0.0010969,0.0028284,0.0028984,0.013376,0.020803,0.024463,0.0091656,0.0056694,0.0044971,0.0040024,0.0036199,0.0033027,0.0033474
0.00058366,0.0038007,0.0035538,0.0043926,0.0050617,0.0061108,0.010141,0.015409,0.068522,0.057548,0.024632,0.012598,0.010055,0.0095818,0.0071758,0.0061001,0.0072709,0.0061055,0.00060754,0.00063363,0.0009091,0.00079662,0.0022034,0.0030384,0.0060573,0.022174,0.0082396,0.012877,0.0062013,0.0046707,0.0041951,0.0034758,0.0031206,0.0033017,0.0043889,0.0011711,0.0010261,0.00098081,0.0012808,0.0016228,0.0020214,0.0031571,0.01913,0.028967,0.014393,0.0060051,0.004048,0.0032696,0.003236,0.0028666,0.0030346,0.017781,0.021787,0.036211,0.053764,0.072852,0.097216,0.13265,0.19196,0.49116,0.40429,0.066052,0.019871,0.029768,0.04195,0.050091,0.05244,0.055791,0.0058881,0.00062294,0.00064993,0.00078926,0.0025066,0.0035015,0.004762,0.00506,0.015283,0.011022,0.0031867,0.0011488,0.00026664,0.00099994,0.0013313,0.002407,0.0011349,0.0072557,0.0023585,0.0030739,0.0043635,0.0061584,0.0073913,0.010705,0.022099,0.049958,0.043164,0.01022,0.0033993,0.0017098,0.0020122,0.0027526,0.0031555,0.0030365,0.037659,0.0055976,0.0060298,0.0058205,0.0069963,0.0076357,0.0098645,0.018256,0.085438,0.12651,0.01976,0.0082205,0.0053598,0.003597,0.0027064,0.0012928,0.001648,0.0068322,0.00084926,0.00070582,0.00071017,0.001089,0.0014373,0.0020917,0.0037027,0.014273,0.0044817,0.0078755,0.0039638,0.0030232,0.0022944,0.0023192,0.0019392,0.0020218,0.013352,0.0030832,0.0032514,0.0035205,0.0044587,0.0046847,0.0065968,0.0094528,0.035757,0.0093781,0.020001,0.010047,0.0072629,0.0060427,0.0053021,0.004544,0.004387,0.0032254,0.016978,0.018675,0.019889,0.024127,0.030145,0.042092,0.073561,0.24085,0.22631,0.088798,0.051949,0.039344,0.032896,0.029746,0.029078,0.0264,0.0014114,0.0027619,0.0034068,0.0038812,0.0036678,0.0041224,0.0056129,0.0084606,0.022505,0.04004,0.005683,0.003179,0.0021244,0.0014471,0.0011729,0.0021892,0.00040818,0.0078069,0.003604,0.003525,0.0036789,0.0045796,0.0053792,0.0070459,0.014474,0.037126,0.047435,0.0099141,0.0049831,0.0035219,0.0026173,0.0019191,0.0022725,0.0021153
0.0048772,0.0019831,0.0027075,0.0030828,0.0029985,0.0047682,0.0067282,0.013612,0.027137,0.08396,0.0039641,0.0053998,0.0045067,0.0046829,0.0033304,0.0030684,0.0031643,0.0083047,0.00045754,0.0002989,0.00056044,0.0012911,0.0017686,0.0025201,0.0042526,0.013042,0.029559,0.0065332,0.0043205,0.0031951,0.0028515,0.00224,0.0022059,0.0022545,0.0082799,0.0015083,0.0015139,0.0013492,0.0014783,0.0021516,0.0022267,0.0022587,0.012789,0.035726,0.0088486,0.003621,0.0020327,0.0015125,0.0013754,0.0011194,0.00095559,0.047932,0.052129,0.054895,0.057938,0.065486,0.076379,0.097655,0.1488,0.37311,0.43523,0.12258,0.064454,0.039977,0.026989,0.017816,0.011336,0.011151,0.0028058,0.0019818,0.0016341,0.001761,0.0018429,0.0026606,0.0032263,0.0042772,0.016284,0.01025,0.00442,0.0029869,0.0020621,0.0015779,0.001309,0.0016415,0.00090982,0.0062505,0.0067425,0.0070012,0.0076502,0.0088828,0.0095162,0.012101,0.018749,0.045906,0.056099,0.019484,0.010691,0.0070525,0.0052665,0.0043924,0.0038141,0.003645,0.018889,0.014323,0.014522,0.015826,0.017292,0.020466,0.026605,0.038171,0.059657,0.059206,0.048236,0.020633,0.011608,0.0079329,0.0041628,0.0020685,0.0014744,0.0059834,0.0003426,0.00084564,0.00086586,0.0017764,0.0010902,0.0019364,0.0040057,0.013999,0.019012,0.0067114,0.0034352,0.0025195,0.0021906,0.0024368,0.0020451,0.0021382,0.013361,0.0020271,0.0018392,0.0023188,0.0024573,0.0031595,0.0045258,0.0068403,0.026664,0.054197,0.0091958,0.0061106,0.0046387,0.0038695,0.0034465,0.0030684,0.0029927,0.016461,0.003186,0.0042857,0.0043729,0.00515,0.0067073,0.01028,0.014924,0.024634,0.088166,0.02123,0.01257,0.0092563,0.0083741,0.0081672,0.0062742,0.0070115,0.0032673,0.0006406,0.00066167,0.00088422,0.0014882,0.0023187,0.0032729,0.0058441,0.014096,0.038461,0.0092996,0.0055796,0.0044821,0.0036996,0.00366,0.0028049,0.0024624,0.020237,0.0045902,0.005078,0.0053328,0.0057687,0.0081215,0.010028,0.01654,0.040917,0.067716,0.021661,0.012873,0.0095116,0.0079831,0.0069772,0.0063692,0.0064126
0.0033875,0.0057779,0.0051036,0.0059477,0.0065169,0.0077346,0.010364,0.017019,0.010603,0.049769,0.016055,0.007901,0.0050871,0.0046572,0.0024478,0.0020777,0.0013046,0.0090085,0.0011013,0.00072311,0.0013073,0.0017998,0.0013373,0.0021065,0.0024834,0.0047345,0.029521,0.0036083,0.0010563,0.00074775,0.00024733,0.00037437,0.00026472,7.4394e-05,0.013588,0.0010914,0.00093409,0.00079999,0.00095142,0.0010574,0.0011541,0.0011424,0.0087946,0.037163,0.0072919,0.0026483,0.0017475,0.0015267,0.0011584,0.0012251,0.0010262,0.044003,0.04189,0.043085,0.046334,0.05179,0.061195,0.076761,0.11731,0.29762,0.35011,0.10538,0.053609,0.033619,0.022386,0.016037,0.0085561,0.0092393,0.0049401,0.0018715,0.0016213,0.0029241,0.0018725,0.0023118,0.0028932,0.0046437,0.010795,0.016133,0.0040765,0.0021545,0.0011903,0.00055673,0.00044118,0.00097179,0.00070574,0.020953,0.0034991,0.0036149,0.0043522,0.0050546,0.0058719,0.0089767,0.012711,0.033929,0.064197,0.020093,0.012064,0.0091007,0.0074855,0.0068689,0.0058647,0.0059644,0.046616,0.01274,0.013518,0.013953,0.015152,0.016589,0.021243,0.031618,0.06671,0.048814,0.051856,0.021099,0.012294,0.0090201,0.0076465,0.0040866,0.0052338,0.0028172,0.00097326,0.00097569,0.0013286,0.0014969,0.0015146,0.0018003,0.0030744,0.0073945,0.020845,0.0017387,0.0016391,0.00073879,0.00068253,0.00025499,0.0006653,0.00050928,0.02137,0.002055,0.0021227,0.0022925,0.0026465,0.0034047,0.0046564,0.0052919,0.016467,0.0506,0.008622,0.0040826,0.002649,0.0021751,0.0020406,0.0019247,0.0016594,0.020893,0.0088764,0.0086292,0.0091492,0.010662,0.012004,0.014898,0.021476,0.072276,0.096799,0.028316,0.013408,0.0085605,0.0057867,0.0050304,0.0011186,0.0020065,0.0058251,0.0023772,0.0023602,0.0036803,0.002974,0.0035348,0.0043676,0.0069501,0.013728,0.02471,0.011021,0.0052688,0.003239,0.002849,0.002952,0.0010741,0.0015145,0.021628,0.0010409,0.0014143,0.002239,0.00319,0.0049057,0.0076178,0.011686,0.033572,0.074918,0.025037,0.014754,0.011204,0.0093454,0.0086783,0.0079072,0.0078412
0.0064812,0.0048302,0.0047716,0.0044068,0.0056789,0.0053527,0.007339,0.0071943,0.053726,0.003141,0.022836,0.0088982,0.0055934,0.0063401,0.0029757,0.0015112,0.0016785,0.011923,0.0020049,0.0020701,0.0022792,0.0017894,0.0026305,0.0036793,0.0049915,0.012396,0.011597,0.010106,0.0041775,0.0025645,0.0020233,0.0015479,0.0012563,0.0013676,0.020588,0.0033088,0.0033739,0.0036127,0.0042804,0.0047104,0.0056844,0.009155,0.0146,0.018309,0.014115,0.0064146,0.0035679,0.0025734,0.0017605,0.0017013,0.001545,0.020308,0.023058,0.025903,0.026648,0.029802,0.036404,0.048924,0.073462,0.18181,0.27514,0.076985,0.04555,0.033265,0.027211,0.024148,0.020816,0.0208,0.0016556,0.0016376,0.0012235,0.0017064,0.001644,0.0018895,0.0025731,0.0037503,0.009075,0.014984,0.0030965,0.0017252,0.0011716,0.00091747,0.00066423,0.00078099,0.00093463,0.022671,0.0020616,0.0020817,0.0027438,0.003163,0.0041391,0.0059589,0.0098526,0.026935,0.06527,0.010269,0.0078866,0.0060421,0.0053343,0.0047469,0.0044043,0.0043717,0.02977,0.0051423,0.005521,0.0048323,0.0063903,0.0068047,0.0076533,0.012711,0.04082,0.11267,0.035038,0.012055,0.0072256,0.0053911,0.0029773,0.0044941,0.0049935,0.0052625,0.00083171,0.0013158,0.0017134,0.0014372,0.0021551,0.0027614,0.0037183,0.00837,0.011218,0.0055025,0.0029959,0.0016826,0.0014073,0.00088694,0.00098341,0.00093653,0.020296,0.0024631,0.0023328,0.0026128,0.0034103,0.0040565,0.0057123,0.0094997,0.016782,0.01449,0.020359,0.010485,0.0074474,0.0061575,0.0053937,0.0049817,0.0048619,0.0078737,0.0053542,0.0047408,0.0063338,0.0081567,0.010766,0.016423,0.024409,0.058169,0.15926,0.049157,0.028255,0.021107,0.018307,0.017845,0.013275,0.013554,0.0014858,0.0017556,0.0016386,0.0019397,0.0019124,0.0023008,0.0031475,0.0050425,0.011224,0.033896,0.0056095,0.0033103,0.0021799,0.001657,0.001153,0.0017648,0.0018177,0.018204,0.0053585,0.005642,0.0062034,0.0063695,0.0078124,0.0097812,0.015106,0.033967,0.073703,0.012948,0.0073447,0.0047018,0.003267,0.0025308,0.0018532,0.0015602
0.0019264,0.0037971,0.0037026,0.0036652,0.0038816,0.0044842,0.0063978,0.0089511,0.027935,0.026693,0.016335,0.006262,0.0040601,0.0036114,0.0018349,0.00086057,0.0004692,0.0080587,0.0021157,0.0021078,0.0017202,0.0026687,0.0024969,0.0034049,0.0048247,0.01076,0.0096652,0.0090653,0.0034362,0.0019401,0.0013996,0.00097905,0.00074661,0.00042916,0.016146,0.0036233,0.0036346,0.0040996,0.0042163,0.0046585,0.0061808,0.0091234,0.022715,0.013083,0.014195,0.0052904,0.0030777,0.001958,0.0011308,0.00089763,0.00062372,0.013968,0.013133,0.013532,0.015853,0.019277,0.024661,0.034309,0.059896,0.18444,0.20375,0.063539,0.04168,0.032824,0.028254,0.025627,0.024612,0.022635,0.002966,0.00078633,0.0011259,0.00081475,0.0012367,0.0015322,0.001836,0.0038634,0.0096916,0.011103,0.0046134,0.0027124,0.0020867,0.0015041,0.0018093,0.0010789,0.0018368,0.018481,0.0041268,0.0043249,0.0044846,0.0050845,0.0061835,0.0074731,0.01145,0.026435,0.040014,0.010451,0.004903,0.0029739,0.0017027,0.0012543,0.00074985,5.5313e-05,0.03154,0.0049764,0.0051995,0.0042723,0.0064189,0.006892,0.0074445,0.01141,0.023671,0.11597,0.032885,0.011193,0.00513,0.0041282,0.0051018,0.0029028,0.0028725,0.002575,0.00075382,0.00063185,0.00033482,0.0012052,0.0014888,0.0014765,0.0024228,0.0079709,0.011828,0.0043168,0.0021378,0.0018206,0.0012366,0.00175,0.0015025,0.0017052,0.025551,0.001627,0.00164,0.0018737,0.0022519,0.0030135,0.0044211,0.0068544,0.01649,0.027163,0.016804,0.0078255,0.0055723,0.0046424,0.0040159,0.0036179,0.0037346,0.00043296,0.014606,0.012174,0.011055,0.024394,0.02396,0.0076594,0.068924,0.1709,0.11393,0.075382,0.066295,0.027649,0.017308,0.035017,0.029128,0.0074254,0.00048449,0.0021945,0.0022656,0.0022462,0.0033572,0.0032844,0.0020068,0.0094651,0.022673,0.023198,0.013471,0.0082233,0.0026,0.0031218,0.0045643,0.0028271,0.0016594,0.027296,0.0081291,0.0086084,0.0020915,0.0097735,0.012699,0.0032646,0.020625,0.05785,0.026414,0.023188,0.013698,0.0014054,0.0062255,0.0048218,0.0024567,0.0047093
0.002739,0.0016412,0.0015584,0.0014263,0.0019628,0.002642,0.0024297,0.0079179,0.018452,0.029562,0.0039322,0.0028099,0.0016286,0.0020026,0.0013039,0.0010878,0.0017586,0.010903,0.00060305,0.0010213,0.0012139,0.00068622,0.0013661,0.0011956,0.0022943,0.0056652,0.014384,0.0040317,0.001941,0.0012211,0.00090504,0.0011366,0.00088996,0.00074388,0.022444,0.0015963,0.002001,0.0014542,0.0020586,0.0027346,0.00192,0.0049181,0.013738,0.032482,0.0046851,0.002181,0.0012755,0.00090763,0.00081874,0.0001047,0.00021935,0.017477,0.018644,0.020332,0.022572,0.026804,0.034884,0.049318,0.089516,0.25655,0.27272,0.090894,0.059613,0.045796,0.03862,0.035667,0.031433,0.03192,0.00028802,0.0010627,0.0016046,0.0026075,0.0018365,0.0016518,0.0029704,0.0042874,0.011191,0.0079499,0.0043398,0.0026936,0.0021494,0.0018935,0.001607,0.001426,0.0017643,0.026694,0.0031382,0.0028594,0.0036065,0.0036994,0.0044149,0.007219,0.0071324,0.020976,0.010792,0.0074727,0.0038548,0.0024309,0.001721,0.0010193,0.00084398,0.00067712,0.04618,0.0094218,0.010288,0.010736,0.011089,0.01325,0.017538,0.021585,0.042805,0.067815,0.043655,0.017345,0.010418,0.0075825,0.006719,0.0050666,0.004366,0.002264,0.00044769,0.00045279,0.00048749,0.0012044,0.00035481,0.0014979,0.0014615,0.0058834,0.010763,0.003491,0.0020146,0.0015497,0.0012734,0.0012189,0.0012345,0.001215,0.02574,0.0005673,0.00041078,0.00099856,0.00081235,0.0010686,0.0026033,0.0019188,0.0064599,0.040396,0.0024286,0.00014684,0.00020595,0.00013743,0.00027929,0.00020725,7.8212e-05,0.01342,0.0030505,0.0044447,0.0083837,0.011134,0.01595,0.024538,0.048701,0.14703,0.24518,0.067491,0.045087,0.035205,0.029331,0.025927,0.029046,0.025742,0.0032979,0.00090248,0.0010635,0.001013,0.0020784,0.0024351,0.0030674,0.0061481,0.013939,0.023552,0.010689,0.0061378,0.0047127,0.0038667,0.0041747,0.0020641,0.0024205,0.022627,0.0042583,0.004062,0.004835,0.0052898,0.0055601,0.009253,0.012318,0.024515,0.040977,0.010251,0.0055288,0.0034466,0.0023399,0.0015958,0.0011706,0.0010548
0.00021552,0.0016274,0.0014309,0.0022135,0.0018165,0.0019764,0.0032381,0.0032813,0.034975,0.03862,0.0038441,0.0024897,0.0017352,0.0013439,0.0018744,0.0025189,0.002245,0.012356,0.00029032,0.00038316,0.0012669,0.00054743,0.00096686,0.001231,0.0019083,0.0088697,0.0067291,0.0060106,0.003304,0.0024098,0.0018751,0.0019935,0.0015996,0.0018044,0.020991,0.00041702,0.00027249,0.00039425,0.00026527,0.00086755,0.00037133,0.0046593,0.012404,0.022817,0.0027506,0.0011098,0.00085228,0.00060733,0.0009737,0.0008746,0.00075341,0.028965,0.026842,0.028968,0.033198,0.038802,0.049643,0.071744,0.11325,0.38118,0.4149,0.14479,0.092757,0.071073,0.059941,0.053789,0.052548,0.050256,0.001955,0.0016212,0.0014754,0.00084534,0.0018407,0.0021557,0.0028695,0.003337,0.012822,0.012059,0.0036263,0.0021391,0.0013158,0.0014096,0.0012968,0.00049411,0.00052072,0.023669,0.00095227,0.0011937,0.0012687,0.0017392,0.0023527,0.0032231,0.0097334,0.021669,0.015211,0.0082506,0.0050235,0.0037458,0.0032863,0.0032351,0.0028376,0.0025692,0.029053,0.0067045,0.0076803,0.0069011,0.007086,0.013106,0.010809,0.01314,0.051017,0.080263,0.074153,0.031134,0.0027727,0.017854,0.010214,0.0045112,0.012867,0.0019627,0.0010909,0.00053557,0.0015509,0.0006381,0.00071406,0.00144,0.00098616,0.0035504,0.0088706,0.00081857,0.0010608,0.0007744,0.00017741,0.00039293,0.00032641,6.2943e-05,0.024323,0.0023195,0.0022218,0.0019794,0.0036212,0.0024226,0.0039996,0.0089608,0.0036918,0.021152,0.020363,0.0046777,0.0046451,0.0058311,0.0024952,0.0029225,0.0047265,0.004551,0.016586,0.018237,0.018982,0.023383,0.029191,0.040238,0.069406,0.20584,0.26254,0.086225,0.052246,0.039192,0.033049,0.028202,0.02873,0.028557,0.0012856,0.0030158,0.0027447,0.0040984,0.0033856,0.003862,0.0050644,0.0073476,0.017392,0.028557,0.008384,0.0044311,0.0030021,0.0025592,0.0026573,0.00027981,0.00028992,0.027939,0.00016693,0.0001346,0.00051173,0.00050268,0.00071779,0.0012004,0.0025467,0.0030373,0.026063,0.0065441,0.00348,0.002565,0.0020542,0.0018976,0.0015857,0.0016861
0.007845,0.0055891,0.0055931,0.0050321,0.006214,0.00757,0.010709,0.018846,0.034131,0.056365,0.012954,0.0068976,0.0050073,0.0040206,0.0014939,0.0017501,0.0017147,0.010918,0.00046622,0.00053235,0.00033513,2.0756e-05,0.0017207,0.0021379,0.0038917,0.011932,0.026658,0.0030916,0.0023125,0.0020696,0.0015438,0.0014237,0.00156,0.0013657,0.022633,0.000715,0.00070734,0.00074993,0.0010351,0.0013001,0.0017636,0.0018732,0.0093494,0.017591,0.0045274,0.0019411,0.0012031,0.00080199,0.00080542,0.00074028,0.00061418,0.070716,0.028826,0.058994,0.074496,0.016804,0.11147,0.088082,0.13305,0.63731,0.12843,0.2024,0.11394,0.024924,0.076762,0.042323,0.03181,0.059485,0.001236,0.0010304,0.0015498,0.0023028,0.00083873,0.0029328,0.0019586,0.0033936,0.018097,0.0054903,0.0066251,0.0023056,0.0022158,0.0019896,0.0022307,0.0010625,0.00021362,0.018633,0.0025673,0.0056903,0.0071094,0.0012197,0.011003,0.0080598,0.012368,0.05608,0.005242,0.019391,0.010679,0.003361,0.0073133,0.0044115,0.003357,0.0051747,0.03341,0.0019371,0.0024007,0.0019074,0.0025605,0.0036452,0.0045108,0.0065042,0.054713,0.15623,0.033376,0.01306,0.0073483,0.0051744,0.0057737,0.005781,0.004036,0.0029812,0.00069649,0.00052185,0.00077019,0.00080215,0.0014524,0.00187,0.0036338,0.010408,0.020953,0.002247,0.0020177,0.0012559,0.0010701,0.00086544,0.00087467,0.0009327,0.024071,0.0029187,0.0033623,0.0035334,0.0045453,0.005217,0.0066569,0.010191,0.027423,0.031098,0.014868,0.007785,0.0055868,0.0045635,0.0037752,0.0040885,0.0036622,0.030701,0.018359,0.01799,0.020069,0.022106,0.026318,0.033912,0.049404,0.1518,0.20469,0.058017,0.031642,0.022788,0.017596,0.014944,0.012587,0.014027,0.0040322,0.0020675,0.0016986,0.0019012,0.0020032,0.0027457,0.0036347,0.0059999,0.016781,0.046837,0.006073,0.0042058,0.0031646,0.0024174,0.0019379,0.0028333,0.0022584,0.030793,0.0021156,0.0025034,0.0026755,0.0032689,0.0043075,0.005545,0.0068478,0.026,0.05698,0.010201,0.0065739,0.0048978,0.0040295,0.0036141,0.0033173,0.003315
0.0013829,0.0052984,0.0055947,0.0056679,0.0059665,0.0078241,0.009742,0.010848,0.035027,0.022038,0.017457,0.0074723,0.0043146,0.0037244,0.0023651,0.0012508,0.00044443,0.012694,0.0016453,0.0012467,0.0021804,0.0020102,0.0018304,0.0022184,0.0041805,0.0093355,0.019775,0.0032047,0.0015271,0.00089809,0.00083092,0.00029472,0.00024055,0.00027275,0.01899,0.0018724,0.0020408,0.0019182,0.0025035,0.0031324,0.0039379,0.0070031,0.0096328,0.018202,0.0091457,0.0035596,0.0019139,0.00091663,0.00072258,0.00044309,0.00013352,0.052325,0.046694,0.049027,0.053277,0.058156,0.06858,0.086861,0.12369,0.32203,0.4641,0.10705,0.05529,0.033851,0.021725,0.012787,0.0042782,0.00107,0.0035477,0.0012637,0.001917,0.0033621,0.0015626,0.0018807,0.0023473,0.0028615,0.0099354,0.020313,0.0018067,0.0012624,0.00077031,0.00062383,8.667e-05,0.0005525,4.9587e-05,0.028361,0.0033151,0.0036288,0.0043227,0.0045826,0.0060379,0.0079973,0.015548,0.030969,0.072154,0.015248,0.0091656,0.0068606,0.0056275,0.0051919,0.004514,0.0045529,0.038808,0.0068202,0.0072833,0.008043,0.0078698,0.011079,0.013539,0.018761,0.027784,0.066539,0.069679,0.027971,0.019036,0.016422,0.012059,0.01248,0.011097,0.00040054,0.0015307,0.001764,0.0023815,0.0021846,0.0023499,0.0028225,0.0037118,0.0077074,0.012666,0.0058849,0.0021773,0.0015282,0.00072957,0.00079277,0.00037028,0.00017929,0.028456,0.0019604,0.0019026,0.0018924,0.0020598,0.0028204,0.0033851,0.0062582,0.013059,0.044201,0.0044653,0.0023292,0.0014596,0.00097348,0.00080686,0.00038681,0.00025368,0.0085698,0.0052928,0.0054629,0.0065971,0.0071801,0.0093639,0.013065,0.025211,0.084368,0.08052,0.036814,0.019339,0.014983,0.011897,0.012639,0.011022,0.010016,0.0079042,0.0017252,0.002179,0.003976,0.0021761,0.0024054,0.0030327,0.0044019,0.0083624,0.043736,0.0081191,0.0032342,0.0018842,0.0012525,0.0019397,0.00050832,0.0010834,0.030756,0.0030866,0.0032336,0.0034157,0.0045124,0.0053197,0.0071428,0.012002,0.026331,0.085991,0.017127,0.009902,0.0072807,0.0060902,0.0056324,0.00504,0.0050069
0.0055734,0.0039004,0.0043909,0.0038304,0.0054739,0.0051273,0.0072756,0.0084523,0.025531,0.009294,0.014913,0.0051821,0.0031562,0.0020867,0.0017812,0.0012872,6.1031e-05,0.015282,0.0011367,0.0014238,0.0010878,0.0014438,0.0018743,0.0022802,0.0028309,0.0076702,0.0062783,0.0045732,0.0018684,0.0012465,0.00094763,0.00055221,0.00054141,0.0005684,0.024035,0.0033047,0.0034411,0.003374,0.0041787,0.0040626,0.006357,0.0076284,0.017264,0.01063,0.011692,0.0049883,0.0026351,0.0017427,0.0011091,0.00041658,0.00010108,0.027194,0.032398,0.034344,0.035288,0.04111,0.048552,0.063891,0.097377,0.24208,0.22007,0.077477,0.044892,0.031315,0.023882,0.019779,0.017584,0.015101,0.0012131,0.0013433,0.0016993,0.002011,0.0013127,0.0021258,0.0026755,0.0041845,0.011268,0.012911,0.004155,0.0020064,0.0011866,0.0013336,0.0015201,0.00065521,0.00099564,0.025734,0.001057,0.0010351,0.0019516,0.0016874,0.0032841,0.0028174,0.0087648,0.02484,0.053271,0.0092979,0.0066564,0.0050605,0.0045577,0.0039481,0.0040472,0.0036812,0.028477,0.0052838,0.0057455,0.005808,0.0073643,0.0085311,0.011894,0.017426,0.041384,0.082047,0.059847,0.026434,0.017822,0.012751,0.010287,0.010892,0.010178,0.0014286,0.00095219,0.0013634,0.00058354,0.0015771,0.0015018,0.0020826,0.0022868,0.0043152,0.013887,0.0047982,0.0017604,0.0010614,0.0010667,0.000856,0.00070159,0.00071528,0.027338,0.00093778,0.0010522,0.0011936,0.001011,0.0019642,0.001006,0.0033534,0.0058114,0.028677,0.00592,0.0032921,0.0020248,0.0017152,0.0013224,0.0012803,0.0011921,0.024073,0.012026,0.012022,0.013714,0.015383,0.019349,0.025512,0.040669,0.085324,0.23107,0.057003,0.031377,0.022828,0.018625,0.014396,0.015092,0.015749,0.0056782,0.00028866,0.00082915,0.0021753,0.0010392,0.0009941,0.0014855,0.0026422,0.0067782,0.041686,0.008491,0.0042247,0.0028398,0.0025145,0.0025425,0.0023773,0.002142,0.023613,0.0042061,0.0041238,0.0051538,0.0047391,0.0065641,0.0063892,0.011936,0.025225,0.063299,0.014594,0.0067055,0.0039661,0.0028279,0.0016753,0.0013738,0.0013008
0.0012913,0.004811,0.0046373,0.0048259,0.0054845,0.0069414,0.0076575,0.010417,0.029494,0.015026,0.016083,0.0067004,0.0045445,0.0044548,0.0020125,0.00094564,0.00098611,0.011479,0.0014212,0.00097458,0.0014225,0.0021968,0.0017802,0.0022555,0.0037648,0.0089998,0.011497,0.0053493,0.0016285,0.0012854,0.00050597,0.00042623,0.00030278,0.00011444,0.018803,0.0027504,0.0028475,0.0028379,0.0034799,0.0043573,0.0040121,0.0082847,0.016232,0.012214,0.011138,0.0040084,0.0024872,0.0012458,0.00091455,0.00067542,0.0004921,0.037581,0.034221,0.034739,0.037792,0.043788,0.051594,0.068564,0.1055,0.29183,0.37701,0.097276,0.059694,0.042949,0.034328,0.028835,0.027619,0.027178,0.0026532,0.0011056,0.0011483,0.0035901,0.00062295,0.0018545,0.0029887,0.003413,0.010178,0.010727,0.0054519,0.0024344,0.0016176,0.0015485,0.00067356,0.0016073,0.00057793,0.02492,0.00031106,0.00025315,0.00080973,0.0013911,0.00098883,0.0021698,0.0066538,0.020424,0.0059026,0.0032377,0.0035499,0.0027886,0.0025013,0.0019828,0.0021762,0.002142,0.042889,0.0096369,0.010341,0.010498,0.010254,0.013176,0.014372,0.020447,0.050635,0.1043,0.051678,0.016667,0.0089868,0.0065342,0.0037545,0.003006,0.0011978,0.0015621,0.00081438,0.00070992,0.00047105,0.0012534,0.00034193,0.00069904,0.00079016,0.0028899,0.012578,0.0038143,0.0015882,0.00084593,0.0010243,0.00080708,0.0006612,0.00073814,0.025843,0.00090694,0.0011137,0.0016982,0.0010755,0.0013172,0.0029629,0.0029268,0.0052228,0.027762,0.0078946,0.002812,0.0018315,0.0013697,0.0011801,0.0011409,0.0010853,0.0078489,0.012933,0.022532,0.033672,0.044458,0.055789,0.068713,0.091688,0.15122,0.21311,0.0016977,0.019935,0.026567,0.027631,0.027667,0.027681,0.029223,0.0036374,0.0025482,0.0042469,0.0043716,0.0075566,0.0080643,0.0092537,0.010293,0.012809,0.042107,0.0069075,0.0067091,0.0055179,0.0044694,0.004645,0.0014011,0.0010052,0.024729,0.0038668,0.0035931,0.0033124,0.0034749,0.004131,0.0045205,0.0011835,0.011648,0.038426,0.0098905,0.0066332,0.0058024,0.0056398,0.0055652,0.0055011,0.005415
0.0083772,0.0058239,0.0065058,0.0061309,0.0071187,0.0082696,0.010052,0.015818,0.042586,0.031109,0.019981,0.0072645,0.0037925,0.00052854,0.0017214,0.001389,3.7253e-09,0.015679,0.002533,0.0024797,0.0019258,0.002443,0.0031125,0.0037607,0.005327,0.013967,0.015558,0.0081801,0.003026,0.0017727,0.0010124,0.0007943,0.0002,4.9599e-05,0.023678,0.002256,0.0023964,0.0026992,0.0031275,0.0032135,0.0041422,0.004236,0.012382,0.0071176,0.010941,0.0037842,0.0021391,0.0013018,0.00088447,0.00036145,0.00028611,0.017815,0.022741,0.025216,0.029618,0.03391,0.04408,0.063428,0.10762,0.31569,0.52136,0.13695,0.08809,0.067112,0.056741,0.051316,0.046265,0.047284,5.3417e-05,0.0011532,0.0012986,0.00081649,0.0015557,0.0016872,0.0026291,0.0049184,0.011245,0.014484,0.0062552,0.003515,0.0025662,0.002036,0.0016429,0.0025375,0.0017128,0.026644,0.0014307,0.0015146,0.0019586,0.0023512,0.0036976,0.0049661,0.010027,0.030781,0.065007,0.010308,0.0077377,0.006017,0.0052265,0.0046861,0.0044388,0.0043584,0.021937,0.011825,0.011775,0.013357,0.014278,0.016541,0.020579,0.031192,0.051287,0.023434,0.065282,0.026428,0.015728,0.0109,0.0089069,0.0088298,0.0086232,0.0016194,0.0011134,0.00090907,0.00089275,0.00029041,0.0016533,0.0020195,0.0028102,0.0070596,0.012487,0.0065949,0.0033366,0.0022247,0.0018415,0.0016567,0.001368,0.0014324,0.024504,0.0021785,0.0021152,0.0024078,0.002615,0.0031458,0.0039885,0.0051198,0.014714,0.04722,0.0060099,0.0027086,0.0015119,0.00098981,0.00050688,0.00038307,0.00023842,0.017054,0.0057983,0.0058254,0.0061653,0.007469,0.0090289,0.012568,0.018716,0.058595,0.1307,0.01336,0.011057,0.008386,0.0071001,0.0058794,0.0070143,0.0055791,0.0055829,0.00058105,0.00076989,0.0014947,0.0008638,0.0014083,0.0026157,0.0043194,0.011073,0.045458,0.01247,0.0059409,0.0043114,0.0034587,0.0029207,0.0039769,0.0030766,0.029397,0.0011901,0.0013981,0.0016251,0.0022592,0.0030785,0.0043929,0.008416,0.023354,0.067611,0.017353,0.0095342,0.0071182,0.0059618,0.0053476,0.0052018,0.0049058
0.0042725,0.0057353,0.0059623,0.0061261,0.0065518,0.0074728,0.0098987,0.015362,0.040137,0.022951,0.017681,0.0071529,0.0046758,0.0025736,0.0026521,0.00071191,0.00047303,0.010746,0.0022902,0.0022932,0.0024246,0.0028367,0.0035258,0.0040391,0.0061136,0.015722,0.0021499,0.0093263,0.0034841,0.0021077,0.0011263,0.00089958,0.00035115,0.00020982,0.018307,0.0032917,0.003299,0.0035447,0.0036163,0.0047346,0.0055213,0.0078437,0.022911,0.0080506,0.014021,0.0048771,0.0030697,0.0020918,0.0010371,0.00065285,0.00061036,0.011187,0.0091756,0.011609,0.014915,0.020465,0.030362,0.046822,0.086499,0.28061,0.29307,0.10478,0.071754,0.056857,0.048946,0.044496,0.043975,0.040164,0.0016175,0.0013792,0.0010069,0.0012596,0.0013721,0.0014278,0.0022745,0.0039724,0.012356,0.011502,0.006307,0.0034403,0.002528,0.0024174,0.0017391,0.0021388,0.001606,0.020912,0.0040685,0.0044637,0.0046147,0.0054382,0.0059334,0.0080553,0.0119,0.034099,0.061865,0.0094124,0.0059379,0.0040998,0.0031524,0.0026195,0.002308,0.0020256,0.038808,0.0036248,0.0040763,0.0044501,0.0049041,0.0060472,0.0085471,0.011016,0.028065,0.14015,0.03587,0.014609,0.010268,0.0074538,0.0094069,0.0061924,0.0060617,0.00025748,0.0013318,0.0009035,0.0013159,0.0018296,0.0013809,0.0023462,0.0034461,0.0080991,0.016747,0.0029053,0.0016411,0.00090372,0.00077043,0.00038519,0.00015401,1.3351e-05,0.028765,0.0023523,0.0024892,0.0027373,0.0031231,0.0035887,0.0048078,0.0077814,0.018404,0.01472,0.013452,0.0067424,0.0047342,0.0037061,0.0034001,0.0030146,0.0029316,0.0099927,0.0020643,0.0028515,0.0044737,0.0060049,0.0092977,0.015047,0.029167,0.083947,0.17746,0.037734,0.023814,0.019161,0.01577,0.012368,0.01495,0.014017,0.0060941,0.0012532,0.0012582,0.0014409,0.0011862,0.0015215,0.00169,0.0028821,0.0052425,0.045177,0.0044264,0.0014312,0.00088455,0.00045967,5.4514e-05,0.00052196,0.00047493,0.031548,0.0036438,0.0037601,0.0041665,0.0044488,0.0057323,0.0071797,0.011372,0.03146,0.081559,0.015075,0.008237,0.006034,0.0048381,0.0042017,0.0039741,0.003872
0.010222,0.0062503,0.0048117,0.0062921,0.0062416,0.0081487,0.010699,0.019493,0.035564,0.0078369,0.020979,0.0095589,0.007096,0.0062264,0.0025627,0.0035591,0.002966,0.012869,0.0019894,0.0019267,0.0017917,0.0020401,0.0029368,0.0033021,0.0053799,0.013156,0.012675,0.0094405,0.0039735,0.0027281,0.0023291,0.0016281,0.0016291,0.0016156,0.024119,0.0029039,0.00308,0.0033541,0.003256,0.0045036,0.0055489,0.0075742,0.021606,0.018649,0.013816,0.0054195,0.0033859,0.0024422,0.0021098,0.0020119,0.0015774,0.018736,0.022487,0.023456,0.027972,0.032762,0.041389,0.0589,0.10487,0.33658,0.3065,0.10135,0.068011,0.053213,0.045056,0.04069,0.037225,0.036822,0.0025044,0.0011495,0.0012936,0.0010134,0.0015035,0.0015035,0.0024995,0.0044989,0.012508,0.0059545,0.0048938,0.002785,0.0019435,0.0015656,0.0015832,0.001736,0.0012264,0.027068,0.0019998,0.0022339,0.0024291,0.0031595,0.0030766,0.0046299,0.0067065,0.029285,0.0058543,0.0046745,0.0028315,0.002382,0.0019561,0.0017777,0.0015365,0.001524,0.039076,0.0054716,0.0058163,0.0058613,0.0069573,0.0073684,0.0086884,0.010338,0.0095943,0.070351,0.032391,0.012272,0.0070303,0.0044171,0.0035242,0.0020265,0.0010204,0.003275,0.00052796,0.00032922,0.00064661,0.00035972,0.00054911,0.00061488,0.00097723,0.002172,0.01118,0.0012327,0.00068079,0.00046755,0.00036138,0.00013618,3.1075e-05,4.3873e-05,0.026804,0.00017725,0.00024687,0.00032421,0.00060808,0.00036097,0.00079228,0.0024366,0.0067577,0.048152,0.0064739,0.0025417,0.0019275,0.0015479,0.0012677,0.0012685,0.0012951,0.031529,0.01767,0.018161,0.020907,0.023556,0.027966,0.037264,0.059951,0.15763,0.30131,0.060471,0.037264,0.026922,0.022012,0.020665,0.018743,0.017422,0.0049897,0.001922,0.0020689,0.0022321,0.0024889,0.0026264,0.0034536,0.0043811,0.009151,0.039672,0.0073137,0.0026208,0.0015138,0.00090107,0.0011801,0.00069675,0.00064851,0.026959,0.0011319,0.00088662,0.0013331,0.0011385,0.0021182,0.0026392,0.00415,0.015134,0.03461,0.0022968,0.0011654,0.00048845,0.00040129,0.00043237,0.00017555,6.4857e-05
0.00083351,0.0042362,0.0040867,0.0037988,0.004687,0.0060827,0.0083239,0.015807,0.059614,0.04036,0.026847,0.012941,0.00982,0.0090992,0.0064696,0.0065596,0.0059873,0.010742,0.0010659,0.0010166,0.0014674,0.0022225,0.0024048,0.0037474,0.0052279,0.019265,0.0054351,0.014228,0.0064158,0.0049719,0.0040499,0.0034605,0.0033237,0.0032769,0.019696,0.0013872,0.0016149,0.0016631,0.0019665,0.0026841,0.0038726,0.0052246,0.018648,0.011658,0.017538,0.0066018,0.0053907,0.0041083,0.0036402,0.0033972,0.0035401,0.035307,0.030997,0.032898,0.036915,0.043693,0.054559,0.076244,0.12567,0.40138,0.45051,0.12504,0.08308,0.063583,0.053594,0.048027,0.045645,0.043654,0.0053502,0.0017617,0.0018365,0.0019337,0.0019717,0.0023962,0.0032069,0.0048077,0.014014,0.012402,0.0051557,0.0022872,0.00201,0.0016723,0.00091024,0.00058001,0.0014973,0.023663,0.001497,0.001537,0.002211,0.0027561,0.0038125,0.0057768,0.011543,0.042992,0.064302,0.012597,0.0095336,0.0077585,0.0065748,0.0058732,0.00534,0.0057221,0.01828,0.0087201,0.012942,0.014864,0.010929,0.020132,0.016084,0.034745,0.048102,0.10366,0.07505,0.018721,0.012628,0.011275,0.0070541,0.0076592,0.007557,0.003584,0.0012222,0.00084777,0.00077569,0.0014529,0.00091461,0.0024546,0.0041335,0.0047139,0.019529,0.0026776,0.0011446,0.00073091,0.00059682,0.00091381,0.00067713,0.00099375,0.02711,0.0030781,0.0023102,0.0019394,0.0041368,0.0012187,0.0062099,0.008426,0.006414,0.037608,0.014904,0.005576,0.0049097,0.0021341,0.0028168,0.0029575,0.0019284,0.0030098,0.011968,0.011997,0.013464,0.015456,0.018098,0.023871,0.040438,0.15021,0.12419,0.028698,0.015573,0.011087,0.0086226,0.0071816,0.0059802,0.0044289,0.0030747,0.00067716,0.0010154,0.00091292,0.0014264,0.0018286,0.0032178,0.0055018,0.015081,0.045651,0.0087275,0.0058119,0.0044222,0.0037145,0.0034324,0.0025858,0.0031662,0.027045,0.00079724,0.0011457,0.0014156,0.0022445,0.0033972,0.0048245,0.010207,0.034837,0.072886,0.012257,0.0086311,0.0070488,0.005885,0.0055974,0.0051388,0.0049496
0.0032769,0.00097387,0.0017891,0.0020639,0.0031007,0.0052122,0.008595,0.017203,0.034898,0.039788,0.022603,0.012474,0.0095312,0.0077621,0.0086048,0.0072312,0.0063897,0.010838,0.00091675,0.00077513,0.001108,0.0013139,0.0021785,0.0029906,0.0050152,0.014994,0.013926,0.010413,0.0053523,0.0041408,0.0033957,0.0030413,0.002841,0.0025979,0.020354,0.0010836,0.0011766,0.0014833,0.0017941,0.002706,0.0040041,0.0070318,0.029165,0.017331,0.017828,0.0085649,0.0063797,0.005358,0.0046332,0.0042473,0.0044728,0.021523,0.021874,0.028647,0.038723,0.050383,0.064299,0.085475,0.12733,0.38235,0.14521,0.047604,0.026146,0.020468,0.018307,0.016895,0.016088,0.016659,0.0041009,0.00071996,0.00090855,0.0015121,0.0022777,0.0032563,0.0040538,0.0053317,0.014843,0.0075614,0.0015032,0.00055304,0.00043529,0.00051022,0.00084567,0.00058067,0.00025559,0.025603,0.00062669,0.0012361,0.0023047,0.0039592,0.005905,0.009379,0.01584,0.043943,0.036717,0.0046284,0.0022595,0.0054002,0.0075953,0.0086684,0.0095483,0.010004,0.033261,0.0018385,0.0018736,0.0025613,0.0033752,0.0039389,0.0059577,0.011426,0.028238,0.092116,0.029471,0.015024,0.01098,0.009127,0.0054004,0.0061253,0.00729,0.0045148,0.0015301,0.0018795,0.0018223,0.0016054,0.0024361,0.0027708,0.0043372,0.012169,0.010958,0.0052687,0.0026896,0.0014322,0.0010038,0.00050037,0.00049619,0.00074577,0.024546,0.0023985,0.0024256,0.0025932,0.00295,0.0034723,0.0040987,0.006448,0.021076,0.044446,0.010154,0.0041,0.0025227,0.0016026,0.0011956,0.00080091,0.00074198,0.011219,0.025693,0.026126,0.029458,0.032702,0.03746,0.045261,0.06405,0.15958,0.20011,0.027531,0.022919,0.023062,0.023686,0.024049,0.025481,0.026341,0.00027084,0.003862,0.0039217,0.0046363,0.0048133,0.0053054,0.006157,0.0073532,0.0097387,0.036441,0.0020149,0.0030748,0.0043539,0.0047571,0.0055179,0.0060832,0.005066,0.032092,0.0046857,0.0053466,0.0061679,0.0075887,0.0097235,0.012376,0.017612,0.041379,0.064114,0.012061,0.007074,0.0067498,0.0070687,0.0074554,0.0078006,0.0079061
0.0080835,0.0040922,0.0038297,0.0052637,0.0061593,0.006939,0.0098812,0.017652,0.06279,0.039134,0.02542,0.012345,0.0090022,0.0083652,0.0052953,0.0059526,0.0048333,0.013828,0.0029585,0.0023538,0.002655,0.0031129,0.0038634,0.0048176,0.0069434,0.020386,0.0048249,0.013953,0.0051587,0.003208,0.0022847,0.0020612,0.0018194,0.0015373,0.024477,0.0027085,0.0029835,0.0031956,0.0036067,0.004236,0.0052889,0.007581,0.020488,0.031253,0.019072,0.0071324,0.0045204,0.0036258,0.0026963,0.0027658,0.0025845,0.0017033,0.0060718,0.010073,0.015311,0.022422,0.033973,0.053824,0.1034,0.34699,0.41308,0.12163,0.083948,0.066657,0.057197,0.05207,0.048668,0.04758,0.0026017,0.00026807,0.00074336,0.0012158,0.0009861,0.001323,0.0020388,0.0042523,0.011594,0.010044,0.0046452,0.0028521,0.0023794,0.0019846,0.0014005,0.0023046,0.0019951,0.028357,0.0030518,0.0031557,0.0034173,0.0037436,0.0047533,0.0063495,0.0094211,0.034343,0.025473,0.0082641,0.004253,0.0030597,0.002392,0.0018144,0.0015786,0.0016957,0.036286,0.002065,0.0025931,0.0022888,0.0031638,0.0034755,0.0046025,0.0064362,0.035578,0.089388,0.031807,0.012329,0.0089618,0.0061239,0.0053981,0.0064904,0.0065499,0.0037652,0.00039848,0.00066271,0.00064489,0.0005624,0.00083095,0.0010022,0.0021955,0.0060248,0.015151,0.0047863,0.0020321,0.0013711,0.00087711,0.00096696,0.00095405,0.00091553,0.02475,0.0024039,0.0024478,0.0026466,0.0029311,0.0036977,0.0046106,0.0078744,0.018912,0.026453,0.017748,0.0082545,0.0056154,0.0043625,0.003808,0.0035567,0.003605,0.036408,0.023326,0.023579,0.026055,0.028866,0.033789,0.043389,0.063244,0.17157,0.25515,0.060184,0.028606,0.017645,0.0114,0.0066195,0.0038823,0.0029755,0.0041333,0.0012386,0.0018356,0.0011067,0.0017873,0.0022947,0.0029606,0.0039406,0.0099607,0.045842,0.0074407,0.0038646,0.0026584,0.002236,0.002087,0.0019132,0.0021305,0.027106,0.0015275,0.0014919,0.0016021,0.0019536,0.0021737,0.0030674,0.0048948,0.019864,0.040821,0.00414,0.0013339,0.00092136,0.00050745,0.00026749,0.00042426,0.00048254
0.003109,0.007041,0.0068635,0.0077962,0.0086771,0.010111,0.014025,0.022532,0.051936,0.050677,0.026195,0.010324,0.0068124,0.0062417,0.0015394,0.002011,0.00091933,0.010014,0.0026716,0.0030635,0.0028708,0.0036414,0.0040648,0.0048604,0.0073881,0.020181,0.011553,0.012404,0.0043731,0.0026457,0.0018008,0.001035,0.00063294,0.00048446,0.017435,0.003552,0.0034907,0.0038744,0.0040833,0.0045524,0.0051529,0.0064063,0.023549,0.014337,0.019801,0.0054326,0.0033601,0.0019225,0.0010256,0.00049599,0.00010873,0.0083829,0.0055278,0.0097157,0.014663,0.022542,0.033514,0.054146,0.10119,0.34037,0.4345,0.12539,0.086911,0.069009,0.059073,0.053743,0.053866,0.051501,0.0036202,0.00055332,0.0002952,0.00021539,0.001002,0.0012786,0.001997,0.0040253,0.011832,0.015795,0.0060565,0.0031147,0.0025102,0.0019655,0.0018666,0.0016212,0.0020829,0.020686,0.0042368,0.0045162,0.0049772,0.005644,0.0067503,0.0087226,0.014421,0.040858,0.065394,0.013644,0.0075794,0.0055813,0.0042618,0.0036845,0.0036427,0.0034733,0.02878,0.0045022,0.0050355,0.0052219,0.0066478,0.0078474,0.0093149,0.015187,0.030382,0.11006,0.039945,0.017203,0.010347,0.0084274,0.0076358,0.0066197,0.0080167,0.00075533,0.0017833,0.0014593,0.0014794,0.001885,0.0022902,0.0027991,0.0040121,0.011221,0.010701,0.0081826,0.0043277,0.0023983,0.0021927,0.0018678,0.0016973,0.0015259,0.029044,0.0025357,0.0027712,0.0030102,0.0033442,0.0039533,0.0053545,0.0074023,0.02466,0.038016,0.018218,0.0076439,0.0052069,0.0042204,0.0036765,0.0031994,0.0031109,0.00059507,0.013122,0.013081,0.014296,0.016132,0.01902,0.025167,0.039382,0.12174,0.074425,0.028027,0.013483,0.0096426,0.0063013,0.0047085,0.0052667,0.0047227,0.0065766,0.0017474,0.0016653,0.0008165,0.001642,0.0020019,0.0025788,0.0030473,0.00826,0.049082,0.0031377,0.0013943,0.00094662,0.00072645,0.00062506,0.00092112,0.00079728,0.031992,0.0044015,0.0045239,0.0048235,0.0054493,0.0061697,0.0077608,0.013028,0.034954,0.0825,0.014432,0.0069594,0.0048097,0.003798,0.0032673,0.0028083,0.0027867
0.0099489,0.0044946,0.0052739,0.0067982,0.0086696,0.0058087,0.0072456,0.015717,0.01335,0.028364,0.033448,0.01054,0.0062077,0.0037857,0.0028226,0.0032439,0.0044823,0.013006,0.0010669,0.0014365,0.0052404,0.0029956,0.0031181,0.0035727,0.0037369,0.0088567,0.0032181,0.016283,0.0044965,0.0021745,0.001138,0.00067129,0.0013323,0.00095178,0.023295,0.0025575,0.0023311,0.004119,0.0051858,0.0026716,0.0023193,0.0020432,0.013561,0.023498,0.025094,0.0057751,0.0031845,0.0026527,0.0018523,0.0016303,0.0016499,0.021208,0.0151,0.014896,0.018408,0.022278,0.030135,0.043703,0.066254,0.19127,0.33539,0.11008,0.068151,0.050623,0.042437,0.037976,0.035438,0.035254,0.0051938,0.0023232,0.0012253,0.0050401,0.0019734,0.00057911,0.0013173,0.003392,0.0061614,0.014387,0.0046598,0.0027496,0.0014647,0.0016372,0.0007874,0.0021017,0.0019818,0.02933,0.0045285,0.0042784,0.00251,0.003548,0.0063559,0.0084495,0.016313,0.021435,0.022466,0.011136,0.0050926,0.0031394,0.0022303,0.0016794,0.0012819,0.0012226,0.03699,0.0055735,0.0054106,0.0061986,0.0049576,0.0089317,0.0098463,0.005683,0.034373,0.018158,0.065872,0.017142,0.0081502,0.0048758,0.0037212,0.0030005,0.0045491,0.00094035,0.0014625,0.00086395,0.0030434,0.0015797,0.0021054,0.0013264,0.001592,0.0060831,0.015943,0.010802,0.0034789,0.0019058,0.00096611,0.0008071,0.00090994,0.0010281,0.024355,0.0026752,0.0023243,0.004166,0.0050787,0.0031526,0.0029684,0.00088283,0.011969,0.0327,0.022363,0.0063777,0.0036869,0.0028437,0.0023513,0.0019096,0.001772,0.024388,0.0089141,0.0091155,0.007817,0.011348,0.013925,0.018695,0.018315,0.086466,0.30472,0.013863,0.010344,0.0052846,0.0043571,0.0010196,0.0013176,0.00020981,0.0063306,0.00084753,0.0010465,0.0070581,0.0014159,0.0024557,0.0022239,0.0062632,0.0090443,0.042661,0.0089743,0.002523,0.0015542,0.00057734,0.00085858,0.00014947,0.0015164,0.022713,0.0052823,0.004923,0.0035221,0.0050715,0.0061726,0.0091305,0.01784,0.024269,0.034428,0.014317,0.0063161,0.0039737,0.0029514,0.002362,0.0020829,0.0017548
0.0028859,0.0014446,0.0019079,4.9975e-05,0.00040306,0.0016253,0.0022672,0.005371,0.01596,0.015782,0.032152,0.004521,0.0010672,0.0025367,0.0014172,0.0027198,0.0024777,0.013407,0.00029665,0.0011122,0.0023145,0.0016358,0.0010434,0.0012727,0.0010213,0.0026228,0.0091337,0.010758,0.00077689,0.00037612,0.00053395,0.00017048,0.00041603,0.00031089,0.021643,0.0010586,0.00088155,0.00093947,0.0012299,0.001577,0.0022312,0.0013416,0.00074484,0.008581,0.030724,0.003388,0.0019711,0.0013456,0.00094706,0.00095671,0.00094795,0.0013943,0.0054327,0.0052876,0.0079052,0.005173,0.0060808,0.0074689,0.020477,0.020926,0.43102,0.024685,0.0070397,0.0040469,0.0027127,0.0012711,0.0015766,0.002203,0.00090028,0.0013626,0.00065587,0.0047725,0.0015813,0.00090257,0.00092791,0.0023595,0.0017301,0.018564,0.004045,0.00056385,0.00058092,0.00086818,0.00059709,0.00035134,0.00019837,0.025282,0.0005248,0.00080274,0.001209,0.0013214,0.0014551,0.0021699,0.0087878,0.0056584,0.038177,0.0093592,0.0024544,0.0014173,0.00073834,0.00085582,0.00070718,0.0005169,0.035075,0.0017641,0.0024869,0.00068912,0.0019118,0.0015255,0.0026319,0.00334,0.011133,0.052906,0.079397,0.013874,0.0081025,0.0055303,0.0055566,0.0047442,0.005045,0.0044308,0.0017125,0.0017582,0.0028535,0.0018771,0.00037658,0.00083261,0.00078125,0.0010009,0.013654,0.0080639,0.0018437,0.00070408,0.00065918,0.00062381,0.00041868,0.00042536,0.026907,0.00044401,0.00032824,0.00055034,0.00022306,0.0006297,0.00089931,0.0030323,0.0029474,0.027802,0.014746,0.0013841,0.00071984,0.00065799,0.00057853,0.00058379,0.00027275,0.0043278,0.0087376,0.010304,0.013049,0.011461,0.013346,0.018331,0.035668,0.063067,0.086444,0.078888,0.037355,0.025119,0.020019,0.016184,0.014861,0.014097,0.0016766,0.00085599,0.00096924,0.0048055,0.0024232,0.002062,0.0014949,0.005414,0.010726,0.043629,0.023831,0.0075528,0.0052088,0.004195,0.0049016,0.0044916,0.0041524,0.026001,0.001747,0.0015742,0.0021456,0.0025937,0.0034031,0.0047802,0.01048,0.0088685,0.058584,0.025466,0.0076428,0.0047886,0.0039475,0.0032326,0.0029741,0.0027657
0.0017986,0.0004559,0.0005081,0.0011122,0.0015477,0.0021046,0.0030499,0.0087555,0.021814,0.018274,0.031754,0.0095567,0.0066943,0.0045383,0.0035442,0.004287,0.0045758,0.012764,0.00055751,0.00035072,0.0014772,0.00031407,0.0016957,0.0017545,0.0025114,0.0069432,0.0041254,0.012329,0.0039201,0.0028524,0.0025953,0.001922,0.0018486,0.001873,0.02051,0.00074615,0.0005209,0.00086983,0.0010238,0.0015329,0.0019559,0.0029589,0.010052,0.0035632,0.024994,0.0069865,0.0046215,0.0038957,0.0031734,0.00298,0.0029393,0.019789,0.021059,0.022917,0.024602,0.027746,0.032191,0.040693,0.066486,0.13525,0.28594,0.066073,0.036517,0.023653,0.017801,0.01345,0.010762,0.011763,0.002615,0.00091205,0.0016021,0.0040083,0.00090535,0.001175,0.0019655,0.0033721,0.0058457,0.01877,0.0026893,0.0011907,0.0010114,0.00070317,0.00039174,0.00069396,0.00055505,0.023589,0.00082479,0.0010697,0.0017309,0.0011988,0.0012288,0.0020016,0.0016302,0.0087273,0.05155,0.0029467,0.0023823,0.0018388,0.0012847,0.0015362,0.0011576,0.0010204,0.031147,0.006541,0.0066447,0.0075105,0.0075256,0.0086096,0.010167,0.013793,0.029213,0.026037,0.060068,0.015479,0.0083317,0.004392,0.001589,0.0013211,0.0020295,0.00069047,0.00047901,0.00033691,0.00099229,0.0010347,0.00062934,0.00034648,0.0014613,0.0027361,0.01019,0.010352,0.0028826,0.0012714,0.0015666,0.0010012,0.00096422,0.0007515,0.027255,0.0020256,0.0021002,0.0022871,0.0024767,0.0025499,0.0030736,0.0049115,0.0063105,0.035389,0.020793,0.0054401,0.0032017,0.0022702,0.0017827,0.0015654,0.001524,0.013943,0.0071845,0.0051684,0.0065264,0.0073259,0.0091452,0.013371,0.0139,0.045252,0.18288,0.035001,0.01762,0.012118,0.0086201,0.0093434,0.0081566,0.0080987,0.0040246,0.0011404,0.00077703,0.0022001,0.0015925,0.0016816,0.0015096,0.0021317,0.0056764,0.045581,0.0050082,0.0026413,0.0014169,0.0014607,0.000644,0.00071955,0.00047685,0.027871,0.00013313,0.00022327,0.00052558,0.00037322,4.2455e-05,0.00035371,0.0035879,0.0024096,0.066846,0.0022952,0.00020425,0.00011407,8.1242e-05,0.00011636,3.5732e-05,2.2884e-05
0.00072098,0.0011917,0.0028188,0.0020811,0.0026764,0.0035322,0.0049854,0.0076781,0.012874,0.019956,0.03093,0.012724,0.008346,0.005316,0.0073404,0.005702,0.0055734,0.013403,0.0004089,0.00037235,0.00030533,0.00090714,0.001487,0.00195,0.0030747,0.0067926,0.0028369,0.01249,0.0052228,0.0032433,0.002996,0.0026673,0.0023095,0.0022564,0.019965,0.0013133,0.0015253,0.0016357,0.0020325,0.0021711,0.0030035,0.0060764,0.0095602,0.022279,0.023973,0.0082064,0.0055991,0.0044834,0.004025,0.0033919,0.0033436,0.02439,0.021304,0.022946,0.025471,0.028098,0.035258,0.046612,0.073087,0.19632,0.36914,0.088819,0.055667,0.04228,0.034439,0.03103,0.029224,0.028815,0.00042916,0.00080675,0.00090167,0.00042916,0.0014803,0.0014021,0.0019675,0.0024495,0.0082113,0.012261,0.0039187,0.0020474,0.0012995,0.0014832,0.0010403,0.00099041,0.00053978,0.023342,0.0017457,0.001587,0.0020361,0.0019735,0.0029183,0.0043037,0.0055988,0.017261,0.0033316,0.0085916,0.0051641,0.0039279,0.0032726,0.002769,0.0027022,0.0026512,0.037251,0.0027183,0.0029255,0.0027263,0.0031223,0.0035203,0.0044091,0.0044111,0.0095961,0.083679,0.058641,0.02121,0.014105,0.010537,0.010632,0.010133,0.0090639,0.0016308,0.0017468,0.0019318,0.0018009,0.0019875,0.0013718,0.0012006,0.00026986,0.0022798,0.016333,0.0096327,0.0040079,0.0025997,0.0019915,0.0017491,0.001714,0.0014325,0.031479,0.0052003,0.0049629,0.0049755,0.0046004,0.0041103,0.0039432,0.0030366,0.0082847,0.019419,0.020398,0.0084928,0.0056609,0.0042591,0.0034468,0.00304,0.0027542,0.0092985,0.0074586,0.013687,0.014434,0.0097313,0.0072171,0.033053,0.071431,0.12955,0.17238,0.072829,0.077416,0.056789,0.025083,0.009353,0.032445,0.042334,0.0055104,0.0026229,0.0052554,0.0059391,0.0017822,0.0026927,0.0079865,0.013133,0.016431,0.039252,0.016186,0.012726,0.0078953,0.0032847,0.0019908,0.0043519,0.0054532,0.030638,0.0022281,0.0010134,0.00061501,0.0025998,0.0040735,0.0047456,0.0037791,0.0033425,0.038465,0.018876,0.0090243,0.0045411,0.0011059,0.0016965,0.0033182,0.0039273
0.0057832,0.0030614,0.0032814,0.0039337,0.0042533,0.0052156,0.0072598,0.012081,0.038437,0.037585,0.025287,0.010005,0.0069603,0.0067538,0.0053783,0.005327,0.0046235,0.014893,0.0013277,0.0012646,0.0016742,0.0013977,0.0025324,0.0029052,0.0046674,0.012767,0.0089409,0.010703,0.0044952,0.0029875,0.0025677,0.002225,0.0020122,0.0019684,0.022772,0.0015444,0.0017576,0.0016987,0.0019141,0.002561,0.0030744,0.0039021,0.012044,0.014195,0.01999,0.006734,0.0043357,0.0031243,0.0030958,0.0027399,0.0025349,0.010122,0.047189,0.019616,0.051382,0.040492,0.059577,0.097224,0.073644,0.48629,0.13207,0.2502,0.069674,0.090508,0.075605,0.038849,0.077945,0.0029889,0.0013447,0.0023508,0.0010609,0.0027188,0.0022929,0.001836,0.0043586,0.0015006,0.018253,0.0057304,0.0067169,0.0033405,0.0017397,0.0019908,0.0010813,0.0022623,0.00075723,0.023783,0.0011512,0.0010263,0.0033993,0.0017465,0.0055356,0.0076749,0.0077577,0.051525,0.018752,0.03139,0.0095477,0.01149,0.010188,0.0052841,0.010791,0.00026514,0.032111,0.0020452,0.0031496,0.0028713,0.0042423,0.0058211,0.0089892,0.014857,0.038811,0.099524,0.056257,0.024904,0.01591,0.014051,0.010701,0.010446,0.011652,0.0025883,0.0017978,0.0016984,0.0019133,0.0022377,0.0022187,0.0031362,0.0043097,0.0089461,0.006739,0.0090063,0.0035162,0.0015308,0.0011484,0.00063852,0.00034463,0.00020027,0.023239,0.0035597,0.0036601,0.0038496,0.0044417,0.0047854,0.0060662,0.0083367,0.020195,0.030257,0.016983,0.0055187,0.0031767,0.0020402,0.0012637,0.00076936,0.00046542,0.01482,0.0029077,0.0040584,0.004189,0.005017,0.0070591,0.010928,0.017939,0.058384,0.11342,0.03304,0.018087,0.013454,0.012493,0.010898,0.0093987,0.0094606,0.005478,0.0011182,0.0009617,0.00073856,0.0014894,0.001539,0.0021343,0.0031091,0.0078495,0.050656,0.0051493,0.0027014,0.0021288,0.0018142,0.0014849,0.0011334,0.0015831,0.029782,0.0015598,0.0016783,0.002047,0.0025481,0.0028952,0.0041913,0.0074708,0.023089,0.072496,0.013388,0.0070089,0.005198,0.0044303,0.0039495,0.0035699,0.0035439
0.00044063,0.0039668,0.0045467,0.0043957,0.0045783,0.0055672,0.0076084,0.012154,0.024217,0.036833,0.020791,0.0075029,0.0049708,0.0021693,0.0038495,0.0027798,0.0030156,0.010548,0.0014437,0.0017379,0.0016828,0.0019899,0.0024467,0.0027894,0.0041541,0.010642,0.010547,0.0082043,0.0029492,0.0022058,0.0014282,0.0011201,0.0010572,0.00099565,0.019314,0.0023012,0.002349,0.0024791,0.0026681,0.003235,0.0038005,0.0054872,0.019659,0.015248,0.018705,0.0064981,0.0045128,0.003631,0.0028737,0.0027152,0.0026207,0.037543,0.034242,0.036133,0.03895,0.043867,0.052515,0.068534,0.10495,0.28825,0.31865,0.088772,0.053158,0.037467,0.029826,0.02439,0.021775,0.021029,0.004427,0.0015797,0.0017395,0.0015578,0.0020092,0.0022751,0.0031047,0.0045938,0.011287,0.014075,0.0063715,0.0027301,0.0015349,0.0012459,0.0012737,0.0011618,0.00086785,0.024647,0.00054217,0.0008152,0.0014076,0.0019572,0.0029543,0.0045485,0.0093122,0.026968,0.061347,0.013231,0.0084259,0.0066335,0.0057722,0.0051039,0.004645,0.0049439,0.036463,0.0021977,0.0024381,0.0037776,0.0049623,0.0073068,0.010296,0.018127,0.033857,0.017828,0.070466,0.031976,0.022249,0.018859,0.018458,0.015074,0.015963,0.0008774,0.001597,0.0014338,0.0013956,0.0018199,0.0019018,0.0024643,0.0029865,0.0069569,0.016959,0.0074549,0.002668,0.0013952,0.00059578,0.00039479,0.00044737,0.00031282,0.027619,0.00084456,0.00095801,0.00092782,0.0010377,0.0010133,0.0015873,0.002566,0.0094795,0.044012,0.0060442,0.0013438,0.00065196,0.00051548,0.00036625,0.00023705,0.00037004,0.013048,0.0017574,0.0021666,0.0032844,0.0055522,0.0081978,0.013316,0.023695,0.070202,0.19795,0.044492,0.024939,0.019419,0.016851,0.013283,0.013979,0.015066,0.0055352,0.0011646,0.0010495,0.00092046,0.0013239,0.0016185,0.0017606,0.0027881,0.0042825,0.042099,0.0059088,0.0019702,0.0011804,0.00080351,0.00062837,0.001115,0.00028611,0.030224,0.002625,0.0026467,0.0030683,0.0034653,0.0045015,0.0058168,0.0097287,0.022663,0.072411,0.017467,0.0085257,0.0063218,0.0049316,0.0045353,0.0041804,0.0040589
0.0073224,0.0039717,0.0032791,0.0045182,0.0048144,0.0064357,0.0075502,0.012567,0.024245,0.033805,0.020246,0.0068313,0.004842,0.0045394,0.0013484,0.0025323,0.0016232,0.013064,0.0014012,0.0011953,0.0013662,0.0015023,0.0021363,0.0028325,0.0037937,0.0088501,0.0024238,0.0080012,0.0031947,0.0020573,0.0017054,0.0012449,0.0012301,0.0011997,0.023177,0.0020431,0.0020753,0.0021833,0.0024465,0.0030021,0.0037093,0.0049204,0.010576,0.029595,0.015578,0.0053342,0.0032798,0.0021175,0.0020253,0.001706,0.0016308,0.0243,0.028603,0.029723,0.032546,0.036979,0.045402,0.060438,0.097733,0.26476,0.32934,0.10224,0.062309,0.047245,0.038622,0.034437,0.031633,0.030335,0.0013199,0.0010094,0.00074032,0.0010378,0.0016254,0.0016146,0.002227,0.0037797,0.010258,0.0094894,0.006737,0.002985,0.0023616,0.0017554,0.0020552,0.0019989,0.0015984,0.026381,0.0013358,0.001421,0.0014386,0.0018747,0.0027239,0.0035082,0.0062241,0.019444,0.0068961,0.0076217,0.0048159,0.0038919,0.0030512,0.0032465,0.0028657,0.0027409,0.030512,0.0036736,0.0046064,0.0046825,0.0046785,0.0065609,0.0078575,0.012281,0.035809,0.1033,0.053955,0.021054,0.013837,0.010141,0.010016,0.0091689,0.0086194,0.0031605,0.00071284,0.00054056,0.00069466,0.00060941,0.001412,0.00094398,0.0012175,0.0042782,0.016902,0.0067619,0.0024125,0.0013574,0.00090112,0.0011203,0.00097637,0.001051,0.026228,0.00052629,0.00062259,0.00063205,0.0011875,0.0015396,0.0022418,0.003699,0.0089676,0.013459,0.015168,0.006274,0.00429,0.0033228,0.0031009,0.0029224,0.0028172,0.027371,0.014357,0.015157,0.015979,0.018037,0.021311,0.027272,0.040306,0.085103,0.26198,0.054551,0.026722,0.01862,0.013376,0.012591,0.010724,0.0090638,0.0043012,0.00051155,0.0010547,0.0014294,0.00097908,0.0011059,0.0014289,0.0024596,0.0056986,0.049193,0.0028502,0.0014479,0.0007394,0.00047699,0.0011174,0.00027369,0.00053979,0.026167,0.001753,0.0018521,0.0020484,0.0022373,0.0027929,0.0034336,0.0055346,0.012518,0.04528,0.0084571,0.0032224,0.0019154,0.0011435,0.00090285,0.00076615,0.00073817
0.00066761,0.0028039,0.0040862,0.0036016,0.0035888,0.0044019,0.0058021,0.010536,0.035473,0.047607,0.017216,0.0055342,0.0036492,0.00097144,0.0031388,0.0016375,0.0013237,0.0094186,0.0015978,0.0020088,0.0018557,0.0022877,0.0023426,0.0032894,0.0045303,0.012298,0.012725,0.0079445,0.003095,0.001666,0.00080737,0.0010104,0.00092534,0.00069047,0.021134,0.0012146,0.0013719,0.001406,0.0013539,0.0017943,0.0021062,0.0038995,0.010943,0.01541,0.015827,0.0049731,0.0029796,0.0023991,0.0020507,0.0018593,0.0018006,0.0083371,0.0067352,0.0099294,0.014907,0.021204,0.03132,0.04995,0.088971,0.25627,0.55608,0.13892,0.088177,0.068231,0.05846,0.052847,0.052407,0.050376,0.0023327,0.00043801,0.0005679,0.00065441,0.0011251,0.001295,0.0018772,0.0032096,0.008836,0.014452,0.0081643,0.0040513,0.0030334,0.0029724,0.0027716,0.0019751,0.002245,0.023325,0.0026943,0.0026304,0.0029025,0.0034698,0.0040618,0.0056814,0.0081175,0.024691,0.052884,0.010533,0.0061451,0.0045277,0.0038652,0.0033118,0.0033567,0.0031987,0.046218,0.010087,0.010879,0.011402,0.012839,0.01512,0.019611,0.02671,0.037214,0.052445,0.066864,0.026383,0.016515,0.011516,0.00645,0.0076608,0.0073148,0.00092318,0.0011172,0.0015813,0.0013853,0.0022506,0.0018994,0.0024836,0.004102,0.0080972,0.006201,0.0098371,0.0040075,0.0027287,0.0023029,0.0016518,0.0015187,0.0014153,0.029364,0.0022069,0.0022156,0.0025375,0.0027623,0.0032378,0.0040268,0.0062424,0.015907,0.041423,0.01044,0.0044913,0.0028044,0.0020484,0.001901,0.0015446,0.0015469,0.0013275,0.011023,0.011067,0.012291,0.013142,0.016045,0.020636,0.031952,0.076886,0.17203,0.027441,0.014568,0.0096172,0.006498,0.0049625,0.0056056,0.0054818,0.0034752,0.0013239,0.0014163,0.0010645,0.0017901,0.0020713,0.0028853,0.0042033,0.00862,0.050262,0.007465,0.0038629,0.0027174,0.0018511,0.0017727,0.0019424,0.0013695,0.03179,0.0029349,0.0030479,0.0033294,0.0035568,0.0041594,0.005806,0.0080124,0.021215,0.061204,0.014741,0.0063259,0.0041757,0.0032597,0.002801,0.0023582,0.0023594
0.0040131,0.0021683,0.0011383,0.0016797,0.0012759,0.0020253,0.0021474,0.0048013,0.011059,0.043467,0.011561,0.0020089,0.00092316,0.0019445,0.0018921,0.00022422,7.6279e-05,0.012531,0.0011009,0.0011508,0.0012649,0.0017159,0.0018168,0.0023526,0.0029776,0.005681,0.014667,0.0057406,0.0023574,0.0011088,0.0010572,0.00067569,0.00052225,0.00047303,0.022776,0.0014139,0.0014225,0.0015725,0.0017592,0.0017784,0.0022824,0.0031272,0.0067269,0.017687,0.013772,0.0040879,0.0023985,0.001515,0.0013315,0.0011842,0.0012226,0.029107,0.026301,0.027777,0.030069,0.034186,0.04141,0.055399,0.088696,0.22114,0.43907,0.10424,0.063209,0.04576,0.037676,0.032986,0.032801,0.03027,0.0035954,0.0013205,0.0008187,0.00056669,0.0015438,0.0017406,0.002343,0.0035326,0.0097906,0.016088,0.0081888,0.0041229,0.0028911,0.0021408,0.0023364,0.00192,0.0015621,0.028847,0.0041771,0.004142,0.0042601,0.004785,0.0059398,0.0071814,0.009971,0.022285,0.066331,0.010494,0.0054126,0.0034247,0.0024423,0.0016527,0.0015381,0.0012856,0.026125,0.0089703,0.009795,0.010603,0.011064,0.013301,0.017167,0.023197,0.048911,0.074175,0.062835,0.024718,0.014852,0.01086,0.0091673,0.0077265,0.006323,0.0037022,0.0010208,0.00093094,0.000937,0.0010446,0.0013898,0.001181,0.0021035,0.0046664,0.019875,0.006369,0.0021176,0.001024,0.00082082,0.0005962,0.00069883,0.00065804,0.026957,0.00040294,0.00035668,0.00042196,0.00066628,0.00063127,0.0005901,0.0015742,0.0057819,0.042849,0.0037674,0.0019002,0.0014415,0.001075,0.0011939,0.0011721,0.0011807,0.021246,0.0088921,0.007928,0.0096954,0.010803,0.012226,0.015501,0.023846,0.057467,0.13641,0.02293,0.010872,0.0066985,0.0043392,0.0023481,0.0012913,0.0014286,0.0024281,0.00085228,0.00063968,0.0013273,0.00089828,0.0011906,0.0015942,0.0025598,0.0045019,0.047171,0.0058367,0.0026904,0.0018893,0.0014081,0.0012664,0.0013324,0.001463,0.024502,0.003277,0.0033724,0.0035604,0.0042722,0.0045755,0.005856,0.008759,0.017843,0.078198,0.01467,0.0069089,0.0045645,0.0034703,0.0028364,0.0026593,0.0026589
0.0059949,0.0011695,0.0014221,0.001301,0.0020019,0.0014648,0.0023999,0.0038599,0.0075824,0.034617,0.010816,0.001986,0.00069863,0.0016718,0.0023039,0.00046777,0.00057794,0.011448,0.0004017,0.000486,0.00015413,0.00051076,0.00048615,0.0006841,0.0012906,0.0037997,0.01002,0.0019366,0.00095927,0.00068514,0.00066892,0.00065637,0.00056817,0.00059891,0.020136,0.00018031,0.00013198,0.00012542,8.5199e-05,0.0002873,0.00011029,0.00099081,0.0034268,0.034588,0.0077639,0.0017866,0.00097478,0.00083162,0.00040172,0.00050855,0.00057411,0.027867,0.033228,0.034777,0.037025,0.041227,0.048201,0.061236,0.089989,0.21429,0.21866,0.079493,0.039956,0.024181,0.015254,0.0092181,0.0043264,0.000103,0.0022888,0.001718,0.0017236,0.0026004,0.002291,0.002676,0.0034927,0.0044242,0.010399,0.011546,0.0064979,0.0030519,0.0015763,0.00096794,0.00092618,0.0013938,0.00081636,0.023903,0.00030467,0.00057702,0.0011768,0.0013801,0.0019672,0.0030094,0.0055396,0.015692,0.041192,0.011047,0.006466,0.0049377,0.0042234,0.0036823,0.0034716,0.0034905,0.039939,0.0075759,0.0072666,0.0080415,0.0088384,0.0097534,0.011796,0.015347,0.020907,0.11064,0.051534,0.016031,0.0071495,0.0048732,0.0036257,0.0012259,5.7183e-06,0.0042096,0.00065456,0.0003507,0.000612,0.00076697,0.00097905,0.0012014,0.0011779,0.0019402,0.013695,0.0062571,0.0026548,0.001639,0.0011939,0.0012823,0.0010792,0.0011311,0.024187,0.001872,0.0019972,0.0019377,0.0023549,0.0026658,0.0032578,0.0039409,0.0053738,0.012351,0.011689,0.0041997,0.002485,0.0016616,0.00144,0.0010705,0.0010548,0.0063954,0.029264,0.013683,0.029602,0.024732,0.030959,0.04864,0.036127,0.16684,0.10815,0.1163,0.020202,0.036379,0.023297,0.01519,0.020776,0.0051556,0.0034409,0.0055302,0.0017395,0.0055183,0.0044545,0.0052079,0.0085443,0.004941,0.028149,0.026065,0.021486,0.0037466,0.0060046,0.0029898,0.0024965,0.0037768,0.0011368,0.028454,0.0058531,0.0025627,0.0063418,0.0046209,0.0070145,0.010657,0.0077667,0.039805,0.043314,0.032593,0.0063296,0.010321,0.0074345,0.0042751,0.0075708,0.0017052
0.0035592,0.0014964,0.0019413,0.0021885,0.0022459,0.0021791,0.003393,0.004375,0.024834,0.036236,0.012071,0.0029802,0.0014198,0.001597,0.00086358,0.00067278,0.00068665,0.013367,0.00020429,0.00039814,0.00061516,0.00022004,0.00040889,0.00071748,0.00079217,0.005762,0.0075917,0.0012473,0.00068723,0.00050579,0.00065316,0.00039209,0.00039417,0.00054549,0.019974,0.0011074,0.0010876,0.0013608,0.0013221,0.00175,0.0021739,0.0033195,0.0076052,0.021261,0.012679,0.0046441,0.0031135,0.0024366,0.0020505,0.0021274,0.0020752,0.032691,0.02816,0.028915,0.032441,0.03627,0.043729,0.057099,0.088656,0.21829,0.39497,0.10708,0.060695,0.043477,0.035027,0.03014,0.028866,0.027731,0.0042763,0.0012879,0.0013697,0.0017323,0.0017501,0.0021683,0.0024104,0.0036742,0.008647,0.011907,0.0049973,0.0019577,0.0010334,0.00075433,0.00047084,0.0011683,0.00048067,0.024435,0.00090529,0.00098714,0.00097694,0.0011324,0.0019702,0.0025284,0.0046639,0.013114,0.0052118,0.0054182,0.0035424,0.0027428,0.0020689,0.0020261,0.0019896,0.0019169,0.022787,0.009832,0.010146,0.0098501,0.011557,0.012696,0.015452,0.021553,0.028049,0.038846,0.063085,0.02144,0.011861,0.0078699,0.0039548,0.0038641,0.0033704,0.0025807,0.00036945,0.00030927,0.00024898,0.00061452,0.00028766,0.0013597,0.0020225,0.0033935,0.0073561,0.0083777,0.0038771,0.0024893,0.0022218,0.0019972,0.001806,0.0016537,0.026492,0.00049854,0.00056921,0.00047837,0.00077496,0.00078847,0.0011785,0.0015964,0.0048596,0.036576,0.0039975,0.0013451,0.00089121,0.00076346,0.00053468,0.00061839,0.00045586,0.018664,0.0038289,0.0056391,0.0063642,0.00809,0.011533,0.016814,0.028935,0.083477,0.26953,0.044753,0.030046,0.023143,0.019682,0.018471,0.015685,0.016878,0.0043412,0.00080805,0.00087112,0.00083984,0.0011828,0.001663,0.0021535,0.003572,0.0088745,0.045476,0.01003,0.0050411,0.0035503,0.0028321,0.0020889,0.0030431,0.0024453,0.028372,0.00036647,0.00032083,0.00032495,0.00062936,0.00077908,0.00045254,0.00025734,0.0012028,0.034997,0.0077192,0.0028087,0.0017725,0.0014743,0.0011966,0.0011723,0.00097848
0.0090334,0.003955,0.0042578,0.0042642,0.0053156,0.0055172,0.0076691,0.010613,0.018368,0.039004,0.019243,0.0070066,0.0040874,0.0030283,0.00077501,0.00099961,0.00085451,0.013029,0.00033898,0.00066374,0.00053501,0.0007452,0.00098957,0.0010897,0.0025882,0.0051341,0.020445,0.0018006,0.0010721,0.00086693,0.00050353,0.00062753,0.00072474,0.00045584,0.022593,0.0011614,0.0010041,0.0010831,0.0012682,0.0013509,0.0019875,0.0032794,0.0091186,0.013991,0.015412,0.0063346,0.0042203,0.0032359,0.0029343,0.0029056,0.002615,0.0042172,0.022712,0.040991,0.062208,0.083428,0.10639,0.13646,0.18535,0.364,0.43808,0.04205,0.027879,0.051232,0.064124,0.071603,0.074002,0.075057,0.00276,0.00049381,0.0012543,0.0015167,0.0021743,0.0027401,0.0035605,0.004913,0.010038,0.014288,0.0021223,0.0010059,0.0011616,0.00092466,0.00087709,0.0017581,0.0016842,0.025128,0.0013584,0.0020919,0.0032217,0.0043175,0.0059999,0.0078376,0.012188,0.024254,0.031068,0.0020132,0.0027324,0.0049582,0.0060995,0.0070089,0.0073404,0.0076905,0.027556,0.0085006,0.01292,0.015943,0.018811,0.019473,0.018373,0.015974,0.044968,0.076487,0.074158,0.032237,0.018042,0.0096992,0.0055009,0.00073327,0.00063897,0.0034943,0.00093974,0.00078036,0.0011594,0.00097873,0.0021194,0.0022473,0.0030155,0.0060467,0.019585,0.0080259,0.0043991,0.0034033,0.002805,0.0018898,0.001076,0.00046543,0.025118,0.00262,0.0019432,0.0012835,0.00038958,0.0015374,0.0033368,0.0073769,0.015506,0.043115,0.0055063,0.0014519,0.0010669,0.0010207,0.0009644,0.00075449,0.00065041,0.027518,0.012948,0.012137,0.014403,0.01573,0.018366,0.022283,0.034392,0.065866,0.18427,0.036498,0.017564,0.011079,0.0074202,0.0050625,0.003814,0.0030575,0.0066358,0.0022139,0.0025264,0.0027441,0.0030229,0.0034885,0.0043022,0.0064463,0.013713,0.045142,0.0094769,0.0043623,0.0030402,0.0023318,0.0023666,0.0013374,0.0014325,0.031189,0.0024754,0.0026182,0.0027429,0.0031651,0.0034566,0.0042396,0.0066813,0.013925,0.049604,0.0097981,0.0035958,0.0020377,0.001338,0.0010492,0.00047094,0.00020599
6.2935e-05,0.0042087,0.0049002,0.0047687,0.0057728,0.0059537,0.0072951,0.010672,0.027081,0.018361,0.026935,0.011089,0.007338,0.0045041,0.0048945,0.005322,0.00482,0.010355,0.0014694,0.0015286,0.0014737,0.0012753,0.0023884,0.0029944,0.0038483,0.0075735,0.017884,0.0076769,0.0028139,0.0018193,0.0010698,0.0013602,0.0010682,0.00086404,0.020327,0.0014851,0.0014598,0.0017181,0.0020847,0.0021101,0.0030482,0.0053434,0.0045566,0.017061,0.018116,0.0063677,0.0044407,0.0036179,0.003019,0.0025878,0.0027218,0.029818,0.026433,0.027429,0.031453,0.036445,0.045084,0.062651,0.099772,0.25653,0.58623,0.13451,0.082839,0.061261,0.051607,0.04555,0.044993,0.043181,0.0040055,0.00086131,0.0012643,0.00041963,0.00091154,0.0013328,0.0018118,0.0026196,0.0073039,0.020851,0.0012325,0.0014719,0.0013123,0.0010131,0.0013745,0.00030767,0.00056076,0.025177,0.00027701,0.00085568,0.00096359,0.0018973,0.0028858,0.0043923,0.008335,0.02161,0.063299,0.012908,0.0086883,0.0065717,0.0055847,0.0051499,0.004739,0.0047799,0.032155,0.0020586,0.0011815,0.0017882,0.0022039,0.0029932,0.00289,0.0048484,0.024853,0.12572,0.049698,0.013308,0.0085367,0.0065441,0.0057708,0.0033692,0.0024185,0.002348,0.00079839,0.00079166,0.00067664,0.00031878,0.0011692,0.0016249,0.0023017,0.0063206,0.020676,0.0072567,0.0025629,0.0019283,0.0013743,0.0015563,0.0013287,0.0011692,0.029177,0.0022018,0.0021393,0.0026113,0.0030603,0.0033882,0.0054618,0.0073143,0.018537,0.030596,0.019744,0.0098914,0.0067905,0.0054734,0.0049638,0.0044235,0.0043889,0.0095789,0.0032368,0.0032965,0.0037177,0.0043789,0.0052635,0.00757,0.0095409,0.040169,0.10852,0.022346,0.010087,0.008125,0.0061244,0.0044893,0.0062759,0.0052835,0.0046235,0.0014681,0.0014403,0.0014406,0.0020109,0.0024907,0.0030113,0.0049918,0.010793,0.048175,0.0037493,0.0032579,0.0022885,0.002103,0.0016542,0.0014287,0.0015946,0.030379,0.0019733,0.0021163,0.002194,0.0027681,0.0036253,0.004461,0.0083599,0.019015,0.077308,0.0054636,0.005857,0.0042844,0.0037386,0.003481,0.0031515,0.0030575
0.0037022,0.0028729,0.0028738,0.0025238,0.0032837,0.0035906,0.0054529,0.010383,0.045293,0.030726,0.025336,0.011351,0.008001,0.0074905,0.0041371,0.0051262,0.0056859,0.01305,0.0012306,0.00095886,0.0011805,0.0017496,0.0021359,0.0023479,0.0037461,0.012813,0.0080093,0.01018,0.0053299,0.0035883,0.003065,0.002663,0.0022654,0.00243,0.023545,0.0015378,0.0018673,0.0015262,0.0027218,0.0022115,0.0036503,0.004045,0.013474,0.0088442,0.019716,0.0075291,0.0049806,0.0037578,0.0032213,0.0032595,0.0030442,0.022402,0.020239,0.02097,0.024648,0.027703,0.035367,0.048448,0.080687,0.21717,0.49635,0.11032,0.07026,0.052921,0.044136,0.040164,0.037792,0.036837,0.0018616,0.00041756,0.00040969,0.0013477,0.0017602,0.0014423,0.0015364,0.0039765,0.0075057,0.020786,0.0042511,0.002408,0.0020193,0.0017981,0.0012422,0.00074403,0.0016289,0.030034,0.0044705,0.0042627,0.0051387,0.005409,0.0065608,0.0091875,0.011568,0.027485,0.068037,0.010604,0.0057459,0.0033397,0.0021387,0.0013725,0.00090765,0.00065614,0.042758,0.006768,0.0069882,0.0075846,0.0090653,0.009639,0.012403,0.016032,0.040243,0.096005,0.052291,0.016109,0.0084702,0.0038836,0.0020416,0.0029349,0.00094416,0.00064851,0.00010826,0.00026445,0.0010526,0.00045355,0.0013376,0.0016999,0.0026299,0.0084577,0.0064882,0.011025,0.0052296,0.0035397,0.0029647,0.002537,0.0023435,0.002575,0.027653,0.001134,0.00099722,0.0015242,0.0020784,0.0021803,0.0046712,0.0051021,0.020896,0.030107,0.020239,0.0090064,0.0066255,0.0055228,0.0048188,0.0048297,0.0045853,0.013344,0.0020735,0.0027227,0.0030247,0.0025029,0.0035686,0.0034888,0.010632,0.0059015,0.11835,0.0034822,0.0049064,0.0038289,0.0031364,0.003618,0.0028667,0.0038491,0.002842,0.00089908,0.00078311,0.0019893,0.00066952,0.001536,0.0019357,0.0031416,0.0090974,0.044603,0.0073554,0.0038143,0.0032292,0.0025823,0.0019562,0.0029547,0.0022927,0.024952,0.003256,0.0033978,0.0041272,0.0040273,0.0055075,0.0074896,0.0098194,0.024561,0.081194,0.015452,0.0076549,0.0055799,0.0045441,0.0037757,0.0038758,0.003666
0.0016175,0.0024286,0.0018116,0.0015939,0.0014175,0.0032693,0.0042757,0.0064711,0.014405,0.04176,0.0229,0.0077631,0.0050569,0.0027103,0.005602,0.0034864,0.0029984,0.011252,0.00090099,0.00021211,0.00045293,0.0019902,0.0011675,0.001945,0.0024656,0.00626,0.013912,0.010823,0.0038718,0.0026033,0.0021021,0.0021227,0.002042,0.0019551,0.021117,0.0010311,0.0013556,0.0011785,0.0012908,0.0025505,0.0032293,0.0029349,0.012008,0.019271,0.02147,0.0075972,0.0050956,0.0042354,0.0038334,0.0033576,0.0032177,0.023598,0.027218,0.028662,0.030067,0.033774,0.039681,0.050268,0.069146,0.17076,0.34469,0.064903,0.033384,0.020744,0.01335,0.0074457,0.0071132,0.0041772,0.0011311,0.0013959,0.0014856,0.002413,0.001404,0.0018968,0.0027815,0.0034427,0.0083078,0.016394,0.0055566,0.0020125,0.0014361,0.0013327,0.00024901,0.0003281,0.00056268,0.025425,0.00045241,0.00073674,0.0014716,0.0018684,0.0017828,0.002636,0.0084853,0.015903,0.061571,0.013383,0.0073925,0.0058359,0.0049505,0.0043443,0.0042351,0.004139,0.026791,0.0075534,0.0084402,0.0087095,0.010446,0.011886,0.014041,0.0153,0.033567,0.004807,0.06389,0.021211,0.011701,0.0081508,0.0084941,0.0062954,0.0055619,0.0028439,0.00054764,0.0006622,0.001438,0.0020242,0.00085007,0.0018217,0.0022258,0.0048125,0.015521,0.0088043,0.0033592,0.002123,0.0013432,0.0012958,0.0012144,0.0013333,0.026932,0.00058052,0.00049204,0.00085188,0.0011121,0.001973,0.0020444,0.0029908,0.008288,0.044384,0.012079,0.0040689,0.0024486,0.0020768,0.0016804,0.0016257,0.0016518,0.010986,0.0025953,0.0027452,0.0034218,0.004253,0.0053611,0.0090491,0.0093088,0.0479,0.19188,0.025963,0.014114,0.01121,0.0094868,0.010505,0.0065193,0.0074121,0.0029087,0.0009902,0.0012871,0.0020965,0.0011281,0.0017118,0.0022567,0.002808,0.0053858,0.042419,0.0061577,0.0023501,0.0018782,0.0015634,0.0010888,0.00072176,0.00075723,0.025353,0.0030803,0.0033305,0.0030856,0.0033265,0.0036054,0.0045241,0.0093413,0.01551,0.071864,0.015692,0.0069208,0.0047552,0.0037677,0.0031684,0.002707,0.0026474
0.005621,0.0025928,0.0016239,0.0017036,0.0021744,0.0030522,0.0049557,0.0088154,0.015137,0.02967,0.027537,0.0095753,0.005889,0.0048366,0.0030265,0.0035082,0.0032673,0.012398,0.0013849,0.0018695,0.0020173,0.0012588,0.00071908,0.0013034,0.0022237,0.0058149,0.013165,0.012111,0.0042248,0.0027423,0.0018742,0.0016268,0.0018516,0.0018235,0.02286,0.0011896,0.0011589,0.00045954,0.00085842,0.0026876,0.0039294,0.0027258,0.0034152,0.035674,0.01965,0.0067713,0.0038613,0.0027344,0.0026659,0.0020889,0.0018368,0.0074254,0.0044456,0.0045883,0.0082573,0.012292,0.015232,0.021136,0.038676,0.12993,0.23179,0.077579,0.045789,0.03462,0.028777,0.02608,0.026488,0.024607,0.0032712,0.0010265,0.0011297,0.0012374,0.0016067,0.0017695,0.002354,0.0027392,0.0069944,0.014506,0.0070478,0.0033919,0.0023512,0.0021163,0.0021635,0.001429,0.0012455,0.022557,0.0032403,0.0034379,0.0023958,0.0034809,0.0060555,0.0074788,0.0072178,0.011127,0.039653,0.0099018,0.0040632,0.0026041,0.0021287,0.0013717,0.0012911,0.0011749,0.037703,0.0026663,0.0033909,0.0046449,0.0036824,0.0029141,0.0034265,0.0091983,0.023809,0.081846,0.050091,0.015841,0.0096653,0.0072958,0.0079057,0.0056818,0.0051785,0.0038491,0.0013458,0.0016422,0.0017775,0.00099467,0.0011992,0.0013708,0.0015896,0.0020665,0.018957,0.0073648,0.0031943,0.0014563,0.00089386,0.0009464,0.00090067,0.00081636,0.025635,0.0018713,0.0016886,0.0010004,0.0020155,0.0042177,0.0061208,0.0049824,0.0074606,0.03037,0.019731,0.0076157,0.0045879,0.0034272,0.0030001,0.0025406,0.0022927,0.007845,0.014841,0.022647,0.021764,0.011866,0.012205,0.035233,0.061396,0.10761,0.1653,0.069779,0.061384,0.043331,0.020166,0.0069427,0.020889,0.028571,0.0040818,0.0016488,0.0047448,0.0039094,0.00056723,0.0029577,0.0060081,0.011591,0.019204,0.032367,0.013681,0.01282,0.0079957,0.0034252,0.0019128,0.0052561,0.0052949,0.036131,0.0056512,0.0011708,0.0069149,0.0086655,0.007516,0.0059552,0.020906,0.037838,0.040367,0.020123,0.017493,0.0069545,0.0019446,0.0066127,0.0050858,0.00022316
0.0034275,0.00060205,0.0023759,0.00077693,0.00080892,0.0022322,0.004842,0.0041083,0.018862,0.027074,0.027672,0.0092296,0.0032389,0.0040093,0.0040098,0.0038076,0.0043584,0.011748,0.0005013,0.0024224,0.0019929,0.00093809,0.0017644,0.00086187,0.0012583,0.0020694,0.0091066,0.010464,0.0029577,0.001137,0.00092676,0.00083177,0.00045622,0.00091362,0.023074,0.00092679,0.0010054,0.00142,9.2632e-05,0.00053696,0.0018341,0.0044032,0.0039597,0.021536,0.025736,0.0075371,0.0028815,0.0025861,0.0018209,0.0022389,0.001585,0.016289,0.011027,0.014724,0.013082,0.013304,0.014881,0.018582,0.035389,0.10517,0.34939,0.064503,0.016794,0.011059,0.0071514,0.00511,0.0034743,0.002472,0.0026856,0.00085321,0.0033648,0.0036085,0.0027606,0.001035,0.001379,0.0029417,0.0040628,0.013369,0.0040273,0.00070642,0.00083187,0.00049495,0.00087458,0.00039633,0.0013466,0.02779,0.0008221,0.0029354,0.0013957,0.0021858,0.0020167,0.0052431,0.0032025,0.0081516,0.0044483,0.0093525,0.0043219,0.002535,0.002013,0.002102,0.0017815,0.0012818,0.034537,0.0010615,0.0015202,0.0011617,0.0016254,0.0017252,0.0032377,0.0054481,0.027963,0.060521,0.067009,0.013237,0.007693,0.0035889,0.0062622,0.0035067,0.0038624,0.0018177,0.0019484,0.0021607,0.0014601,0.00046017,0.00095379,0.00097439,0.0016686,0.00056577,0.0097491,0.0091702,0.0024711,0.0011732,0.00092888,0.001053,0.00025895,0.00063136,0.027966,0.00032675,0.0011942,0.0015036,0.00075887,0.00053882,0.0017144,0.0028745,0.0020809,0.024138,0.022207,0.0046386,0.0019242,0.0017002,0.0013827,0.0015739,0.00103,0.02015,0.0054248,0.0068518,0.0064217,0.0054283,0.0069153,0.010179,0.029037,0.048785,0.2213,0.022129,0.012146,0.010057,0.0076315,0.0068264,0.0050123,0.0059663,0.0049134,0.0013546,0.0030961,0.0021285,0.0029738,0.00044753,0.00092874,0.0042719,0.0050953,0.047847,0.0090499,0.0050766,0.0029024,0.0026221,0.0028629,0.0026019,0.0031701,0.026419,0.002539,0.0042099,0.0024415,0.0027573,0.0034478,0.0065164,0.0031416,0.010518,0.040155,0.016125,0.0070206,0.0027332,0.0020299,0.0013847,0.0013369,0.0010281
0.00029755,0.0016108,0.0006265,0.0029271,0.00091868,0.002866,0.003021,0.0043429,0.015335,0.026291,0.032824,0.0036161,0.0028435,0.0015669,0.0010871,0.0013805,0.0013085,0.014097,0.00074069,0.0021346,0.0029286,0.0026197,0.0010695,0.00024166,0.0022815,0.0011989,0.013971,0.016146,0.0021192,0.0014086,0.0012896,0.00098874,0.00043509,0.0011273,0.021357,0.0011334,0.00025154,0.0013588,0.00077178,0.0018968,0.0016367,0.0061512,0.0022554,0.0063342,0.026784,0.0022885,0.0013881,0.00079121,0.00030582,0.00099712,6.6761e-05,0.0004406,0.0063037,0.0075717,0.0044809,0.0073842,0.0077993,0.010686,0.020709,0.017332,0.3862,0.019881,0.0081883,0.0073537,0.00513,0.0055677,0.0034629,0.0041676,0.0016308,0.0010232,0.0013662,0.0005534,0.0034736,0.00061738,0.00035429,0.0024948,0.0027983,0.015138,0.0017352,0.00080477,0.00056711,0.0010398,0.0011352,0.00066941,0.00033378,0.024788,0.0010896,0.0020271,5.3083e-05,0.0019858,0.0008459,0.0014538,0.0091329,0.0077243,0.026584,0.0043455,0.0025706,0.001973,0.0016334,0.0012917,0.0012381,0.0010109,0.03048,0.0033433,0.0040229,0.0014773,0.0053814,0.0016959,0.0047029,0.010288,0.02078,0.029415,0.060633,0.0072261,0.0057242,0.0025457,0.0023368,0.0015373,0.0032845,0.0017567,0.00073084,0.0022425,0.0025658,0.0024437,0.00052592,0.0014096,0.0029331,0.0018025,0.014268,0.008762,0.002269,0.00052521,0.00089815,9.7847e-05,0.00049506,0.00026894,0.029133,0.0020429,0.0012253,0.0031986,0.0005289,0.004378,0.0024382,0.0074788,0.0054096,0.040288,0.028502,0.0049463,0.003123,0.0018782,0.0014136,0.0011309,0.00091936,0.016884,0.0060863,0.0042466,0.0075233,0.0076129,0.0081352,0.0099573,0.0087418,0.0073939,0.15325,0.058518,0.018021,0.0094653,0.006938,0.0070882,0.0039675,0.0059243,0.0084459,0.001986,0.0040735,0.004174,0.0062852,0.0041918,0.0054989,0.0045626,0.014159,0.043788,0.018535,0.0057082,0.0038145,0.0030458,0.0011317,0.0019666,0.0017471,0.030083,0.00074214,0.0022835,0.00041714,0.0022447,0.0020451,0.0023968,0.0097951,0.01388,0.048729,0.013012,0.0066684,0.0054674,0.0042731,0.0037962,0.0035822,0.0034676
0.0022793,0.0010911,0.00086961,0.0019159,0.0045612,0.00066375,0.00098926,0.0020374,0.010441,0.015443,0.027452,0.00045542,0.0017591,0.0007133,0.00046775,0.0021817,0.00028038,0.01273,0.0019002,0.0020336,0.0029991,0.0056778,0.0010823,0.0012446,0.0011201,0.003517,0.0024484,0.012983,0.00081945,0.0006739,0.00060075,0.00026836,0.00072639,0.00011446,0.020157,0.001974,0.0017444,0.0015355,0.0012563,0.0010876,0.00072229,0.0029726,0.0060325,0.0063967,0.030832,0.002325,0.0013067,0.0010895,0.00087095,0.00085887,0.00039674,0.0015831,0.0029458,0.0041258,0.0068686,0.006232,0.0074256,0.0094528,0.027675,0.030786,0.31938,0.041973,0.016207,0.011852,0.010291,0.0075966,0.0079081,0.0088807,0.00052261,0.0010527,0.001323,0.0054428,0.002011,0.00037583,0.0010159,0.0011687,0.0027175,0.022268,0.0048009,0.00065586,0.00053866,0.00049659,0.00073649,0.00041032,0.00098421,0.024462,0.00053887,0.00052716,0.003328,0.0036381,0.0035727,0.0040369,0.0051215,0.0090405,0.042538,0.013306,0.0053939,0.0036462,0.0030311,0.0024654,0.0023287,0.0026608,0.030875,0.0056904,0.0035665,0.0049887,0.0084846,0.0068887,0.0046807,0.0076516,0.02369,0.053587,0.067934,0.015635,0.0078174,0.0035858,0.0026098,0.0018587,0.0034504,0.0006485,0.0012779,0.0014569,0.0042334,0.0049644,0.0018484,0.0016576,0.0016942,0.0045832,0.0064271,0.01497,0.0035689,0.0026579,0.0014172,0.0024154,0.00015372,0.0016823,0.025477,0.0026666,0.0011463,0.0038633,0.0043543,0.0045395,0.0040052,0.0069738,0.009632,0.012915,0.023984,0.0074056,0.0071697,0.0018943,0.0046223,0.00061792,0.0048543,0.015667,0.0033697,0.0058961,0.0020913,0.0053658,0.0060838,0.0067054,0.0028935,0.042048,0.11569,0.073598,0.028045,0.020799,0.013769,0.012926,0.011606,0.011238,0.0072404,0.0013596,0.00081462,0.0068205,0.0018165,0.0014341,0.0020278,0.0052152,0.0080991,0.039354,0.020277,0.0094623,0.0060667,0.0056967,0.0046012,0.0046889,0.0021515,0.030982,0.0025966,0.0024137,0.0054909,0.0059734,0.0062337,0.0073188,0.0072068,0.015477,0.055964,0.029764,0.0094548,0.0058736,0.0042078,0.00374,0.0033395,0.0031643
0.0016041,0.00067124,0.00031248,0.0004541,0.00025453,0.0011329,0.0020207,0.0046783,0.015845,0.012249,0.031495,0.0035671,0.0023455,0.0015173,0.0023675,0.00081588,0.00011634,0.016312,0.00027805,0.00067798,0.0010136,0.00074347,0.00075624,0.00080882,0.00081483,0.0021362,0.0031644,0.0095993,0.0020647,0.001445,0.0012387,0.0010367,0.00032782,0.00021742,0.020544,0.0007439,0.00053673,0.00096521,0.000603,0.00048947,0.00079105,0.002633,0.0049134,0.012628,0.023645,0.00031361,0.00065707,0.00040754,0.00061198,0.00051539,0.00049784,0.019055,0.012844,0.015687,0.013995,0.017168,0.027722,0.010719,0.058173,0.087496,0.15842,0.11949,0.052469,0.012873,0.035638,0.018919,0.014759,0.029515,0.00076677,0.0011732,0.0018395,0.0046663,0.00052087,0.0020309,0.002397,0.0037308,0.0072311,0.014166,0.0056824,0.0056965,0.0012534,0.0038128,0.0024757,0.0012243,0.0027619,0.026759,0.00085438,0.0022589,0.0037447,0.00046309,0.0042504,0.0066217,0.0047131,0.0066126,0.021793,0.0055289,0.0091935,0.0033727,0.0029426,0.0030191,0.0020466,0.0025273,0.031563,0.00089133,0.0026049,0.0027807,0.0037284,0.0029743,0.0040249,0.0023613,0.013984,0.021213,0.068994,0.0073505,0.0037103,0.0034288,0.0027994,0.0027776,0.0045586,0.0011177,0.0013975,0.00026891,0.00085945,0.0010729,0.00072372,0.0010168,0.0017806,0.0021539,0.0071386,0.0066702,0.0011844,0.0013874,0.0009546,0.00075031,0.0007687,0.00098422,0.02714,0.0014594,0.0010724,0.0015368,0.0023778,0.0029351,0.0033267,0.0046504,0.0046802,0.01826,0.026175,0.0069315,0.0042876,0.0030951,0.0025599,0.0023995,0.0023938,0.0011463,0.010449,0.011184,0.010089,0.012885,0.014965,0.018212,0.020212,0.049389,0.13078,0.10642,0.03482,0.020829,0.01809,0.014152,0.013629,0.012652,0.0041619,0.0022443,0.0022625,0.003231,0.0038301,0.0037536,0.0053458,0.004039,0.01122,0.035242,0.027613,0.0093381,0.0066271,0.0053382,0.0043141,0.0035192,0.0027542,0.024151,0.0037146,0.0036659,0.0048548,0.0049857,0.0058491,0.0064909,0.0046337,0.012197,0.036602,0.025604,0.0089083,0.0046764,0.0028012,0.0018175,0.00099743,0.00047306
0.001112,0.0013854,0.001577,0.00090631,0.0013172,0.00073925,0.0027494,0.006359,0.0059019,0.021507,0.022536,0.0070014,0.005082,0.0024965,0.0019007,0.0023814,0.0023404,0.012579,0.00070201,0.00022323,0.0010743,0.00051073,0.00035807,0.00087372,0.00085653,0.0015283,0.0099482,0.004893,0.0015545,0.00087705,0.00090564,0.00046332,0.00086881,0.00049784,0.021901,0.00032843,0.00046115,0.00078954,0.00089809,0.00078918,0.0014455,0.0023096,0.0041943,0.011067,0.017828,0.0047917,0.0029078,0.002477,0.0020409,0.0019094,0.0019379,0.0069924,0.0050309,0.0044991,0.0058946,0.0085016,0.011113,0.015097,0.032465,0.066446,0.4156,0.037289,0.023559,0.019002,0.01631,0.014675,0.01284,0.013218,4.7687e-05,0.0010201,0.00093116,0.0021384,0.00022116,0.0003833,0.00055492,0.0024164,0.0022889,0.022753,0.0049879,0.001027,0.000582,0.00023823,0.00093094,0.00017048,0.00025367,0.027367,0.0024164,0.0025824,0.0030495,0.0028025,0.0035286,0.0044561,0.0034651,0.011273,0.022629,0.0077367,0.0036454,0.0021277,0.0010779,0.00097074,0.00040148,0.00012589,0.041075,0.0047122,0.0058191,0.0057294,0.0065367,0.0079583,0.0094355,0.014288,0.013767,0.098223,0.070858,0.023744,0.015598,0.010344,0.0089727,0.0090919,0.0092489,0.00097467,0.0015687,0.0010938,0.0018931,0.00074235,0.00091856,0.0011869,0.0016469,0.0021642,0.018111,0.0085532,0.0021654,0.00098655,0.00099583,0.00052248,0.00054142,0.00063896,0.02682,0.00037114,0.00023537,0.00022814,0.0005209,0.00054415,0.0013958,0.0030857,0.0027114,0.025783,0.0077325,0.0036442,0.0023052,0.0021332,0.0017999,0.0016707,0.0018482,0.004715,0.0054922,0.0060404,0.0066194,0.0064339,0.0069232,0.0068872,0.011702,0.01771,0.1627,0.033838,0.018854,0.014487,0.012375,0.012177,0.011332,0.011742,0.00062181,0.0017734,0.0024542,0.0014104,0.0031316,0.0030492,0.0032723,0.00384,0.0076557,0.050845,0.015476,0.007493,0.0055537,0.00487,0.0044229,0.0042736,0.0040589,0.024157,0.0044363,0.0044254,0.0047293,0.0046553,0.005139,0.0055762,0.005752,0.013702,0.050889,0.016662,0.0058358,0.0035149,0.0026096,0.0021224,0.0018713,0.0017605
0.010098,0.0022657,0.0035871,0.0038662,0.0032433,0.0031046,0.0047033,0.0052222,0.015764,0.014604,0.017303,0.0067353,0.0046313,0.0015653,0.001231,0.0020082,0.0008736,0.012364,0.00023715,0.00074077,0.00068675,0.00045115,0.00057731,0.0011675,0.0016625,0.0030383,0.014883,0.005998,0.0011742,0.00072836,0.00026503,0.00025064,0.00010398,0.00010299,0.023787,0.0020015,0.001933,0.0022527,0.0026798,0.0029377,0.0034749,0.0052792,0.0075124,0.016057,0.014504,0.0038373,0.0019545,0.0013316,0.00081582,0.00039188,0.00026131,0.022164,0.028268,0.029685,0.031844,0.03512,0.040663,0.051122,0.073285,0.17188,0.37435,0.074408,0.035158,0.021616,0.013499,0.0072822,0.0053428,0.0014343,0.0047017,0.0012615,0.0011649,0.00068842,0.0012267,0.001832,0.002118,0.0029923,0.0075383,0.021441,0.0026337,0.0019473,0.0012419,0.0013547,0.000319,0.00079663,0.0005932,0.024979,0.00091694,0.0010835,0.0009854,0.0017271,0.0021008,0.002799,0.0054283,0.012331,0.062247,0.0069464,0.0037351,0.0028004,0.0024457,0.0021225,0.0021343,0.0020333,0.025221,0.0065614,0.0073303,0.0076914,0.0086609,0.010211,0.011823,0.015352,0.037121,0.04228,0.056417,0.020275,0.012186,0.0082551,0.009177,0.0068183,0.0072995,0.0057298,0.00068841,0.00067136,0.00024625,0.00056691,0.00072355,0.00088608,0.0014321,0.0025575,0.010202,0.0032723,0.00089359,0.00049885,0.00021601,0.00028213,0.00023922,0.00022125,0.029068,0.00056236,0.00047437,0.00043942,0.00066004,0.00061782,0.0009923,9.6788e-05,0.0010693,0.046447,0.0053226,0.0016969,0.00089641,0.00064606,0.00026298,0.00036795,0.00044634,0.01544,0.0023951,0.0022366,0.0027507,0.0042406,0.0056328,0.0094891,0.019367,0.045569,0.12694,0.039529,0.020126,0.014745,0.012994,0.0094069,0.011117,0.0096799,0.0040341,0.00039714,0.00033737,0.0015021,0.00038375,0.00048582,0.0005947,0.0013906,0.0014217,0.044644,0.0015333,0.00073631,0.00033375,0.00043905,0.0014814,0.00025549,0.00022697,0.028456,0.00017729,0.00017085,0.00018883,0.00042349,0.00056382,0.0012716,0.0020031,0.0064936,0.074512,0.0046802,0.0024744,0.0020354,0.0016549,0.0015249,0.0015113,0.0014095
0.003294,0.0054305,0.0045334,0.0048268,0.0046297,0.0081201,0.012668,0.014334,0.038712,0.030942,0.022444,0.0069709,0.0056267,0.0038723,0.0018608,0.0014008,0.00065804,0.0089895,0.0017129,0.0024547,0.0026559,0.0019184,0.0011764,0.001753,0.0035892,0.0093911,0.014754,0.010265,0.0023647,0.0014535,0.0010522,0.0010289,0.0012003,0.0011387,0.019141,0.0024275,0.0022721,0.0015077,0.0019534,0.0038523,0.0064663,0.0084345,0.016635,0.022206,0.018949,0.0056157,0.0034866,0.0029548,0.002518,0.0021554,0.0016384,0.031979,0.027678,0.029277,0.030317,0.035269,0.044703,0.062387,0.093736,0.23131,0.25303,0.10862,0.065764,0.048921,0.040627,0.035751,0.033009,0.031918,0.0074788,0.0012982,0.0020634,0.0037771,0.002965,0.003207,0.0026775,0.0027351,0.012428,0.014672,0.0053558,0.0029585,0.0024279,0.002495,0.0021939,0.0016331,0.0018444,0.024985,0.00015417,0.00084478,0.0015712,0.001425,0.00048008,0.0031474,0.0098745,0.023212,0.022265,0.0090754,0.0058429,0.004396,0.0037418,0.0034246,0.0029688,0.0029278,0.041188,0.0091036,0.0090042,0.0094699,0.010537,0.0141,0.01809,0.01896,0.032762,0.097258,0.045361,0.014914,0.0084781,0.0059464,0.0040458,0.00090001,0.001091,0.0062123,0.0010409,0.0018129,0.0022652,0.0017812,0.00019763,0.00076268,0.00095706,0.0023139,0.006515,0.0015565,0.00064523,0.00055521,0.00063077,0.0005207,0.00062879,0.00068093,0.027104,0.0011101,0.0014858,0.0022638,0.0024276,0.0015495,0.0014407,0.0035486,0.0040834,0.012779,0.01364,0.0036931,0.0021053,0.001707,0.001303,0.0009027,0.00072482,0.016856,0.00092308,0.0030498,0.0050412,0.0053675,0.0060409,0.011513,0.021053,0.05056,0.25451,0.028373,0.019051,0.014885,0.011581,0.011565,0.010822,0.0094854,0.0028077,0.0014374,0.0020543,0.0031194,0.0014046,0.0011992,0.0012341,0.0025368,0.0060137,0.05241,0.0068717,0.0029856,0.0020581,0.0018886,0.0029919,0.0019331,0.0014687,0.028281,0.00026263,0.0010917,0.0016625,0.0015094,0.00059635,0.002655,0.0076838,0.01816,0.051318,0.0092186,0.0054949,0.0039842,0.0029963,0.0028088,0.0027568,0.0024701
0.0091668,0.0060979,0.0070554,0.0077169,0.0080157,0.0096116,0.011364,0.019083,0.03217,0.035217,0.026482,0.01041,0.0064354,0.0053253,0.0042946,0.0027699,0.0025063,0.010586,0.0018938,0.0014726,0.001115,0.0027975,0.0013855,0.0023042,0.0028887,0.0076541,0.023875,0.0085476,0.0028423,0.0017051,0.0012042,0.0012061,0.0012109,0.00091172,0.023602,0.0021575,0.0023135,0.0026201,0.0025203,0.0034312,0.0044007,0.0040257,0.014123,0.023922,0.019239,0.0074346,0.0042447,0.0032185,0.0027718,0.0024483,0.0024223,0.024178,0.025998,0.029418,0.034881,0.036583,0.046705,0.06546,0.12113,0.34997,0.4231,0.12881,0.077901,0.059112,0.049694,0.044313,0.040204,0.041714,0.0035649,0.0010384,0.00093048,0.0028637,0.0020826,0.0024475,0.0032455,0.0073095,0.012459,0.014044,0.0038537,0.0026845,0.0019277,0.0015444,0.00165,0.002182,0.00071528,0.02545,0.0010921,0.0012599,0.001525,0.002343,0.0031114,0.004711,0.015119,0.032626,0.059359,0.013709,0.0073759,0.0059639,0.0049704,0.0045346,0.0043955,0.0041447,0.028622,0.0069999,0.0078573,0.0085084,0.0083079,0.011446,0.01423,0.024518,0.063492,0.053202,0.041357,0.018138,0.011319,0.0092869,0.0084234,0.006478,0.0069352,0.005127,0.0012156,0.00083216,0.00062005,0.0023917,0.00055981,0.00015885,0.00070127,0.0047912,0.021247,0.0037731,0.0012815,0.0007034,0.00037084,0.00046329,0.00049637,0.0004692,0.025216,0.0013439,0.0012459,0.0016277,0.0014797,0.0021677,0.0027837,0.00061887,0.0075418,0.053973,0.011294,0.0049314,0.0030076,0.0025333,0.0019729,0.0018288,0.0021553,0.017992,0.004714,0.0053235,0.0053403,0.0088442,0.010615,0.016291,0.010683,0.091072,0.11282,0.033274,0.018407,0.014076,0.012317,0.010623,0.010427,0.0098783,0.00064468,0.00029408,0.00085566,0.0041147,0.00054575,0.00072127,0.0012122,0.0025696,0.0066638,0.04639,0.0077788,0.0040153,0.0031166,0.0024585,0.0020574,0.0017354,0.0019303,0.026778,0.00070397,0.00072341,0.00098568,0.001627,0.0018279,0.0021367,0.012693,0.020011,0.070106,0.0094793,0.0053457,0.0042905,0.003527,0.0031992,0.0031973,0.0027447
0.0086042,0.003808,0.0052404,0.0033217,0.0034054,0.0066925,0.005429,0.0062277,0.071619,0.048262,0.010606,0.0092651,0.0033608,0.0018772,0.0025786,0.00097072,0.0012493,0.012472,0.0022863,0.0019746,0.0022916,0.0022937,0.0012259,0.0016798,0.003534,0.014215,0.017732,0.0039124,0.0022036,0.00062985,0.0010767,0.00023934,0.00044783,0.00018119,0.017174,0.002246,0.0041902,0.0025801,0.0030787,0.0059928,0.0046661,0.01399,0.027949,0.0387,0.0048945,0.0049522,0.0023742,0.0015056,0.0017371,0.0011329,0.0013237,0.032267,0.033097,0.035195,0.034137,0.041564,0.049666,0.064241,0.10086,0.40391,0.051344,0.053362,0.034251,0.020636,0.013604,0.009822,0.005374,0.0082151,0.0034905,0.0018613,0.0024199,0.0037032,0.001852,0.00087572,0.0025598,0.0025254,0.016813,0.0076801,0.003165,0.00067517,0.00084039,0.00062864,0.00071973,0.0012805,0.00047302,0.022738,0.0010427,0.00083206,0.0019143,0.0015964,0.002418,0.0036991,0.013892,0.029389,0.032305,0.0080695,0.0047164,0.0034228,0.0033185,0.0031038,0.0022893,0.0029965,0.038811,0.0019631,0.0016962,0.0025036,0.0035635,0.00079133,0.0044489,0.015099,0.0084499,0.11954,0.005707,0.0032052,0.0047101,0.0045951,0.0031531,0.0033216,0.00486,0.0029412,0.0031197,0.0018407,0.0031741,0.0033662,0.0019033,0.0026549,0.0048574,0.0099482,0.007708,0.0036775,0.0027705,0.0011594,0.001293,0.00020334,0.00070373,0.00048064,0.025786,0.0017143,0.0030875,0.0017584,0.0026038,0.0039543,0.0034593,0.010966,0.0092628,0.019082,0.013772,0.0066575,0.0037253,0.0034225,0.0031057,0.00239,0.0025311,0.0032769,0.0020664,0.0041696,0.0090461,0.011128,0.016901,0.026913,0.059223,0.14477,0.25189,0.069333,0.039256,0.032342,0.02816,0.025596,0.023847,0.025315,0.0034962,0.002199,0.0013879,0.0043623,0.00093453,0.0013005,0.001532,0.0016989,0.0083982,0.046146,0.0071235,0.0018102,0.0017951,0.0016193,0.0011392,0.0015878,0.00086022,0.029778,0.003597,0.0027495,0.0043017,0.0043727,0.0035109,0.0068132,0.011499,0.027677,0.061805,0.012752,0.0041216,0.0031779,0.0023054,0.001768,0.0015092,0.0014343
0.0025692,0.0050515,0.0036408,0.0024785,0.0058937,0.0087769,0.013286,0.042546,0.09765,0.068613,0.016845,0.011911,0.010078,0.010685,0.0091463,0.0086978,0.0081655,0.016535,0.0033055,0.0023523,0.00095875,0.0027908,0.0036118,0.0046141,0.0097422,0.028456,0.020947,0.0063137,0.0038433,0.0021844,0.0029212,0.0014525,0.0015894,0.0017529,0.023817,0.0059567,0.0043883,0.0052709,0.0059,0.0057694,0.010058,0.019696,0.028039,0.035888,0.012066,0.0056439,0.0029678,0.0014506,0.0015718,0.00084014,0.00050546,0.0064202,0.0086243,0.0068967,0.010665,0.0091247,0.010479,0.014684,0.017914,0.5679,0.15075,0.051875,0.027699,0.02127,0.017303,0.015195,0.014686,0.011055,0.0067464,0.0022167,0.0016655,0.0034021,0.0023687,0.0026293,0.0027174,0.0064606,0.0053041,0.01399,0.002286,0.0015944,0.00094126,0.00059839,0.00084609,0.00073078,0.0040417,0.023693,0.00083662,0.0015597,0.002586,0.0027254,0.003236,0.0046898,0.018631,0.071316,0.010956,0.00091473,0.00084594,0.00065987,0.0010088,0.00096582,0.00080382,0.00017929,0.067424,0.022242,0.0097191,0.013287,0.035245,0.051637,0.050385,0.014072,0.070126,0.20399,0.084737,0.039917,0.018085,0.017776,0.022629,0.025574,0.022242,0.0045033,0.0035039,0.0018164,0.0014623,0.0029549,0.0043278,0.0040005,0.0026058,0.0038433,0.022701,0.0052751,0.0016228,0.0014625,0.00080524,0.0015321,0.0015018,0.0017987,0.026913,0.003753,0.0036307,0.0043903,0.006992,0.010179,0.0081586,0.0052359,0.023551,0.037837,0.015998,0.0093176,0.0039648,0.00098085,0.0035464,0.0051118,0.0062753,0.011393,0.017362,0.01595,0.017354,0.021542,0.025682,0.030617,0.070791,0.50902,0.088352,0.039012,0.023365,0.015665,0.011336,0.0096457,0.010258,0.018549,0.0033951,0.0022303,0.0011122,0.0061133,0.0012112,0.00060245,0.0010517,0.0024007,0.022044,0.011247,0.005708,0.0027446,0.0023862,0.0018079,0.0008898,0.0016246,0.00081253,0.024496,0.00097041,0.0024738,0.0032916,0.0033217,0.0047438,0.0056343,0.015372,0.041663,0.013724,0.0052304,0.0024156,0.0017463,0.0011021,0.00069551,0.00028142,0.00073816
0.0088064,0.0025859,0.00049132,0.0022575,0.0026448,0.0052026,0.0087353,0.023263,0.21879,0.073512,0.018599,0.012692,0.0085725,0.0074318,0.0074535,0.0091729,0.0067044,0.013165,0.0013933,0.0014298,0.0021093,0.0014996,0.0021854,0.0032748,0.0057732,0.035093,0.016043,0.0036157,0.0024969,0.0018966,0.0011875,0.0014943,0.0013562,0.0014801,0.020241,0.0009018,0.0010325,0.0012182,0.0015869,0.0020135,0.0040511,0.0088667,0.03129,0.032893,0.0048903,0.0036052,0.0026221,0.002552,0.002107,0.0022146,0.0020294,0.0037079,0.015377,0.016196,0.017166,0.018314,0.022746,0.031454,0.065009,0.20168,0.069807,0.034718,0.021199,0.016518,0.012956,0.010789,0.011472,0.0048219,0.007044,0.0016122,0.0015144,0.0044298,0.00050132,0.00098774,0.0013886,0.0019387,0.013538,0.0065854,0.0016379,0.0013419,0.0011346,0.00093816,0.00079608,0.0009095,4.0054e-05,0.023949,0.0024619,0.0022767,0.0019799,0.0029682,0.0035971,0.0055052,0.0051125,0.059371,0.023488,0.0069175,0.0045032,0.0033886,0.0030483,0.0027238,0.0026081,0.0023766,0.024603,0.004509,0.0042187,0.0041088,0.0063511,0.0087701,0.01372,0.031043,0.2123,0.13008,0.023115,0.012008,0.0096772,0.0081871,0.0078445,0.0092935,0.0052358,0.0032616,0.00082136,0.0003742,0.0007992,0.00085504,0.0013612,0.0011151,0.0024326,0.020409,0.010905,0.00057499,0.001138,0.00065163,0.0008243,0.00067928,0.00048753,0.00085451,0.028117,0.00085792,0.0011596,0.0017412,0.002474,0.003854,0.0057454,0.011819,0.043066,0.031564,0.0092868,0.0067238,0.0052112,0.0047227,0.0043602,0.0041286,0.004202,0.040003,0.026299,0.03164,0.025837,0.031926,0.049573,0.058232,0.075115,0.24643,0.13396,0.039187,0.054949,0.033714,0.0096752,0.027366,0.023085,0.0088712,0.0085966,0.000893,0.0018446,0.0031515,0.0032891,0.0031608,0.0018309,0.0064612,0.022556,0.0015785,0.0059015,0.0053283,0.0016437,0.0013301,0.002699,0.0014256,0.00065044,0.027565,0.0022876,0.0018953,0.0010387,0.0044296,0.0062377,0.0035463,0.017519,0.058989,0.0091908,0.016623,0.014806,0.0072557,0.005137,0.0084425,0.0067896,0.0038224
0.010853,0.003263,0.0018701,0.0021952,0.00062996,0.0026032,0.0033244,0.012815,0.069128,0.048744,0.0028902,0.0015446,0.0013629,0.00084201,0.0019755,0.00021113,0.00011063,0.016112,0.0014789,0.002311,0.00045753,0.0021423,0.0015162,0.0015788,0.0012207,0.0095627,0.015648,0.00072834,0.0010927,0.00088242,0.000396,0.00051122,0.00018837,8.2023e-05,0.018277,0.001167,0.00065907,0.00095325,0.0017046,0.0026302,0.0031475,0.0078954,0.021558,0.029205,0.0074189,0.001946,0.0023078,0.0014868,0.0018068,0.0010929,0.0017929,0.0053407,0.0049313,0.0076561,0.014067,0.01699,0.027192,0.043851,0.096084,0.4251,0.23559,0.06872,0.039345,0.028619,0.018386,0.012886,0.0063921,0.0038949,0.0047455,0.0015033,0.0018649,0.0017939,0.0027136,0.0013586,0.0018962,0.0028552,0.016289,0.013287,0.0017524,0.00055177,0.00088965,0.00083282,0.0012174,0.0015191,5.7217e-05,0.026404,0.0025144,0.001217,0.0027465,0.0033075,0.0032839,0.004636,0.0091405,0.031095,0.017578,0.0056331,0.0042942,0.0050705,0.0049678,0.0052157,0.0050409,0.0055409,0.021653,0.0042105,0.0048436,0.0058903,0.0059349,0.0064368,0.0094628,0.020656,0.076175,0.16149,0.018939,0.0076448,0.0032968,0.0026174,0.0046804,0.0037949,0.0013466,0.0052434,0.0020376,0.0023591,0.00064206,0.0016681,0.00077897,0.00076896,0.0020926,0.0071166,0.02265,0.0014385,0.0014968,0.00037252,0.00039097,0.00064405,6.9336e-05,0.00051692,0.025481,0.0018424,0.0028888,0.0023146,0.0036064,0.0019446,0.0049957,0.0061435,0.017884,0.026936,0.0047751,0.0051109,0.0035305,0.0031396,0.002312,0.0025988,0.0022412,0.021557,0.0020743,0.00641,0.010817,0.015133,0.023715,0.03915,0.089265,0.28241,0.2071,0.081285,0.059709,0.044965,0.03988,0.036756,0.033436,0.036809,0.0072137,0.0021586,0.0016173,0.0017639,0.0012628,0.0019976,0.0022647,0.0045632,0.01045,0.031369,0.0043434,0.0031396,0.0032154,0.0024166,0.0022421,0.0020609,0.0014496,0.029931,0.0019139,0.0040692,0.0026654,0.0042647,0.0026401,0.0064674,0.0082736,0.016177,0.039767,0.009598,0.004743,0.0035797,0.0024459,0.0020204,0.0016201,0.0016747
0.0052529,0.0038348,0.0056215,0.0060225,0.0032914,0.0074398,0.0094166,0.015779,0.15561,0.041272,0.010969,0.0048902,0.0032823,0.0029301,0.0030166,0.0024289,0.0023842,0.012711,0.0013707,0.0029247,0.0010331,0.0028012,0.0017912,0.0030338,0.0039284,0.032117,0.0039138,0.0044462,0.001566,0.0018184,0.0017297,0.0012307,0.0013228,0.001175,0.020146,0.00066225,0.00093838,0.0015949,0.0014107,0.001615,0.00078194,0.00084607,0.035937,0.023955,0.0016681,0.0001552,0.00028395,0.00013621,0.00042388,0.00032125,0.00010681,0.0066262,0.0036883,0.0055612,0.0034936,0.011268,0.015563,0.025424,0.047665,0.54938,0.1427,0.046258,0.033735,0.027708,0.024483,0.021733,0.020139,0.02256,0.0013714,0.00038682,0.0018485,0.0036283,0.0025884,0.0015182,0.00035533,0.0019151,0.0053131,0.0052784,0.0014451,0.00034357,0.0001199,0.00052642,0.00072136,0.0011528,6.2939e-05,0.025097,0.0011451,0.0029218,0.0011706,0.0018348,0.003973,0.0041624,0.0074192,0.079144,0.024609,0.0079553,0.0055846,0.0046562,0.0038579,0.0033739,0.0032667,0.0034638,0.042493,0.007525,0.0074199,0.0099594,0.007069,0.011763,0.016711,0.024826,0.12882,0.10836,0.019816,0.0056572,0.0043061,0.0032861,0.002613,0.0022815,0.00025178,0.002945,0.0013775,0.002611,0.0010731,0.0029671,0.00079858,0.00099985,0.0027528,0.018478,0.0066754,0.002073,0.0012854,0.00066281,0.00059456,0.00055101,0.00037442,0.00091171,0.027613,0.0032098,0.0033551,0.0041019,0.0021012,0.0049429,0.0067113,0.0085738,0.051667,0.021062,0.0074412,0.0030082,0.0021373,0.0015072,0.0012507,0.00085725,0.0010929,0.0043145,0.013634,0.013884,0.018734,0.017791,0.024026,0.034595,0.058494,0.42045,0.14678,0.066367,0.037931,0.028755,0.025311,0.023149,0.019868,0.018784,0.0066186,0.0015136,0.0024169,0.0027851,0.0042268,0.0024281,0.0027171,0.0051706,0.026129,0.015988,0.005289,0.0034552,0.0033038,0.0024195,0.0019022,0.0031027,0.0015831,0.024903,0.0022332,0.0037158,0.0024796,0.0029312,0.0057102,0.0062329,0.011454,0.053485,0.035219,0.012191,0.0071281,0.0058836,0.0048987,0.0042486,0.0038973,0.0044022
0.0027924,0.00050235,0.0020649,0.0025041,0.0039636,0.0046529,0.0088097,0.02347,0.099194,0.074943,0.0089672,0.0071598,0.0069302,0.0063541,0.0072548,0.004981,0.005478,0.013104,0.00095571,0.00051581,0.0014654,0.0025069,0.00088961,0.0022587,0.0043497,0.021536,0.020518,0.0041548,0.002526,0.0020148,0.0017962,0.0014434,0.0013715,0.0013962,0.018605,0.0025428,0.0026753,0.0030732,0.0027403,0.00391,0.0053139,0.0094114,0.034513,0.023938,0.007924,0.0036004,0.0023701,0.0017143,0.0016469,0.0011484,0.0012207,0.0065862,0.0021431,0.0027752,0.0029469,0.0080562,0.012233,0.02128,0.055083,0.31142,0.056446,0.024247,0.020908,0.016732,0.015733,0.014817,0.013142,0.011027,0.0010262,0.0013019,0.00082169,0.0033028,0.0013896,0.0015227,0.0016173,0.003275,0.012064,0.015264,0.0038179,0.0020669,0.0013687,0.001274,0.00084767,0.0013677,0.0025139,0.020895,0.0041568,0.0045697,0.0053534,0.0051013,0.0061649,0.0077778,0.010087,0.040944,0.029038,0.0081022,0.0042834,0.0028137,0.0017874,0.0014492,0.00096206,0.00065042,0.019259,0.013699,0.015007,0.016106,0.01833,0.020502,0.026179,0.044707,0.17592,0.097045,0.046476,0.022994,0.015659,0.012138,0.0092993,0.0091109,0.010782,0.00029946,0.00052427,0.00098167,0.0022445,0.0018671,0.0013095,0.0016762,0.0028059,0.021039,0.022365,0.0033234,0.0024816,0.001945,0.0019735,0.0018387,0.0015127,0.0014782,0.023835,0.0024038,0.002392,0.0023263,0.0032048,0.0028101,0.0033245,0.004206,0.023872,0.043771,0.0048711,0.0024958,0.0015125,0.00097589,0.00073785,0.00013518,0.00030901,0.0064851,0.0058494,0.0059942,0.0080819,0.0072545,0.0086543,0.010777,0.019985,0.17697,0.15236,0.023747,0.012189,0.0062205,0.0048337,0.0043939,0.0027984,0.0015946,0.0060636,0.0019471,0.0015627,0.0051329,0.0020089,0.0027519,0.0035111,0.005831,0.010609,0.028673,0.0094988,0.0052845,0.0041195,0.0031562,0.0034108,0.0024993,0.0029774,0.031741,0.0040767,0.0044129,0.0053339,0.0055925,0.0062263,0.0082931,0.013218,0.046433,0.049767,0.018541,0.010848,0.0079218,0.0064434,0.0060391,0.0056529,0.0053197
0.007187,0.0054561,0.003759,0.0055848,0.0049173,0.0053269,0.0079929,0.010676,0.052398,0.026947,0.027652,0.0082323,0.0058614,0.004465,0.0014821,0.0028663,0.001873,0.012062,0.0032835,0.0022651,0.0026389,0.0032375,0.001993,0.00278,0.0025397,0.012456,0.0048224,0.011642,0.0037197,0.0019618,0.0017773,0.00047825,0.00098643,0.00047301,0.02389,0.0030692,0.0020666,0.0031594,0.0032133,0.0032567,0.0050267,0.0044245,0.016755,0.022235,0.019904,0.0062916,0.0037491,0.0021335,0.0019497,0.001725,0.0015164,0.017403,0.022203,0.021935,0.028256,0.031563,0.038995,0.051488,0.082615,0.28474,0.43634,0.11581,0.065933,0.048562,0.041435,0.035191,0.032176,0.032689,0.0029145,0.0015289,0.0023124,0.0015088,0.00082407,0.00070044,0.0013724,0.0030192,0.010566,0.014895,0.0057667,0.0057205,0.0022875,0.0023911,0.0025356,0.0012265,0.002491,0.02653,0.0009249,0.0019586,0.00079709,0.0028434,0.0023677,0.0044814,0.012602,0.021003,0.026173,0.0096127,0.0052261,0.0033949,0.0032241,0.0027446,0.0024385,0.0024319,0.032803,0.0029472,0.00069557,0.0035007,0.0047893,0.0024763,0.0054965,0.0054434,0.070914,0.089273,0.068055,0.023452,0.011403,0.0096742,0.0086968,0.0095459,0.0093156,0.0010472,0.0019776,0.0021369,0.0020761,0.0024293,0.0010877,0.0020083,0.0011381,0.0085867,0.015511,0.0095432,0.0026454,0.0021489,0.0013979,0.0004262,0.00090376,0.00056268,0.024512,0.0017966,0.00068472,0.0020324,0.0015765,0.0022509,0.0032114,0.0018888,0.013021,0.019892,0.019587,0.0067807,0.0040788,0.0024089,0.0024271,0.0021967,0.0021916,0.028931,0.014849,0.017795,0.017911,0.019833,0.024141,0.033019,0.042904,0.16141,0.23445,0.031614,0.014843,0.010211,0.01089,0.0074565,0.0074415,0.0049897,0.0054379,0.0010655,0.0018306,0.001562,0.0011386,0.00048122,0.0021629,0.0030813,0.0027423,0.049547,0.0024,0.0014014,0.0012278,0.0012249,0.0010831,0.00032947,0.00093652,0.024418,0.0021908,0.0038738,0.0027101,0.0040453,0.0043414,0.0055174,0.015114,0.016667,0.046253,0.012502,0.0062206,0.0025357,0.0019381,0.0011592,0.00034566,5.7206e-05
0.0007801,0.0020668,0.0015359,0.00033214,0.00099618,0.00042252,0.0014048,0.0004358,0.011758,0.016091,0.031287,0.0021375,0.0020187,0.0017379,0.00074216,0.0025988,0.0017338,0.012526,0.00048479,0.00045306,0.00090873,0.00064819,0.0002495,0.00052976,0.0012442,0.0038684,0.004006,0.011747,0.0012123,0.00057308,0.00052238,0.00047526,0.00062003,0.0003109,0.021746,0.0010381,0.00088712,0.0012138,0.0013732,0.0012832,0.0015352,0.001885,0.0058589,0.0060013,0.0254,0.00095266,0.00064868,0.00033241,0.0004303,0.00030051,0.00023078,0.012957,0.010969,0.013141,0.011641,0.015972,0.018725,0.024022,0.036226,0.10793,0.27098,0.091061,0.034896,0.024263,0.019126,0.016874,0.015459,0.015978,1.3363e-05,0.0017712,0.00063567,0.0026733,0.0012005,0.00074076,0.0013384,0.00035825,0.0031962,0.022808,0.005018,0.0009825,0.00061116,0.00030813,0.0008254,0.00060636,0.00038721,0.025292,0.0010165,0.0011137,0.001982,0.0014794,0.0025696,0.0039232,0.010225,0.01483,0.033674,0.016565,0.0074928,0.0052895,0.004419,0.0039883,0.0036695,0.0035668,0.038539,0.0035336,0.0033478,0.0030517,0.0037686,0.0055741,0.0079709,0.01146,0.028323,0.0090157,0.075578,0.0097381,0.0094331,0.0076988,0.0069521,0.0069869,0.0071279,0.0028916,0.0010138,0.00070147,0.0007497,0.0005751,0.00015036,0.00074405,0.001902,0.0054887,0.0047173,0.0055973,0.0025281,0.00189,0.0018244,0.0018529,0.001505,0.0017967,0.027155,0.001697,0.0013779,0.0012889,0.0016714,0.0017772,0.0025788,0.005603,0.0095066,0.02099,0.025052,0.0044579,0.002602,0.0019127,0.0013297,0.0013239,0.001257,0.014694,0.0041292,0.0041684,0.0030764,0.0048853,0.0045482,0.0040738,0.013736,0.0613,0.15568,0.063416,0.016274,0.0072238,0.0039263,0.0035871,0.0020745,0.0030747,0.0050469,0.0031026,0.002775,0.0048701,0.0041658,0.0044871,0.0053633,0.0066635,0.013844,0.035568,0.025065,0.0082195,0.0048618,0.0050277,0.0033176,0.003193,0.003376,0.028565,0.0014478,0.0018558,0.0025198,0.0027482,0.0040326,0.0057568,0.0087534,0.020727,0.048229,0.028296,0.013293,0.0094088,0.0077379,0.006925,0.0066571,0.0062982
0.010058,0.00030555,0.0029999,0.0020133,0.0025408,0.00317,0.0030876,0.0082593,0.0054505,0.033467,0.020179,0.0059797,0.0034305,0.0030486,0.00080983,0.00097901,0.00098993,0.027781,0.0087293,0.0037358,0.0027375,0.0036402,0.0020537,0.003454,0.0042087,0.005788,0.0087283,0.01093,0.0040846,0.0022145,0.0012536,0.00096542,0.00080749,0.0007267,0.0075742,0.0051031,0.0032297,0.0030042,0.0030193,0.0029013,0.0036189,0.0053201,0.0046654,0.029604,0.018554,0.0067875,0.003871,0.0027972,0.0016251,0.0016747,0.0015583,0.01146,0.027284,0.027924,0.031183,0.033728,0.039495,0.048637,0.078804,0.16091,0.2533,0.077117,0.038371,0.024751,0.017135,0.012947,0.0097426,0.0087091,0.017468,0.0046318,0.0029282,0.0025832,0.0021996,0.0021062,0.0029265,0.0053551,0.011262,0.015465,0.0053721,0.0027699,0.001736,0.00095993,0.0010677,0.0014758,0.00086975,0.012388,0.0042176,0.0035032,0.0036833,0.0037554,0.0052498,0.0066685,0.0079105,0.020169,0.020469,0.013862,0.0065755,0.0044243,0.0033615,0.0027293,0.0022914,0.0023365,0.023295,0.0091281,0.0031209,0.0026405,0.0027303,0.0044088,0.0068104,0.01241,0.023831,0.037682,0.063542,0.023176,0.015754,0.013023,0.010302,0.0098846,0.008608,0.014782,0.0064085,0.0027634,0.0025927,0.0024584,0.002557,0.002582,0.0038226,0.0053501,0.018506,0.0093566,0.0031679,0.0018716,0.0011051,0.00075272,0.00070584,0.00056839,0.018505,0.00399,0.0033362,0.003363,0.0032702,0.0043012,0.0051384,0.0081255,0.0092524,0.033978,0.019961,0.0059507,0.0031994,0.0018297,0.0012526,0.00052708,0.00037003,0.0019131,0.015455,0.015852,0.0026331,0.020816,0.022509,0.0062975,0.048465,0.10141,0.17832,0.10369,0.035497,0.015498,0.029575,0.015634,0.010235,0.021403,0.022,0.008436,0.0048483,0.0041107,0.0019329,0.0035287,0.0020936,0.0051145,0.01103,0.039712,0.021206,0.0070603,0.0052119,0.0054437,0.0036321,0.0035617,0.004963,0.019461,0.0019872,0.0038561,0.0018916,0.002773,0.0060209,0.0054833,0.010002,0.026588,0.035219,0.015942,0.013588,0.0073382,0.0030776,0.0064258,0.0055744,0.0023251
4.7684e-05,0.0024435,0.0017173,0.0023841,0.0027919,0.0033142,0.0038505,0.0073626,0.028393,0.068346,0.011273,0.00597,0.0041419,0.0032502,0.0016713,0.0013371,0.0015202,0.076148,0.0054597,0.0023314,0.0016302,0.0012134,0.002071,0.0026464,0.0043286,0.010241,0.02311,0.0090674,0.0043674,0.0028908,0.0021769,0.0018091,0.0018067,0.0018559,0.0089628,0.0016107,0.00024127,0.00043063,0.00043599,0.0012806,0.0015316,0.0041202,0.0095554,0.025578,0.013506,0.0058574,0.0039247,0.0029117,0.0030034,0.0026065,0.0024586,0.094457,0.033389,0.036191,0.039168,0.042997,0.050754,0.065571,0.09757,0.28114,0.38005,0.083479,0.044178,0.027488,0.019358,0.013527,0.0092855,0.009369,0.035452,0.0030711,0.0016251,0.0015593,0.0024101,0.002328,0.0029503,0.0044772,0.011546,0.013517,0.0054893,0.00264,0.0019126,0.00099683,0.0014295,0.0015541,0.00047875,0.0076753,0.00059224,0.00064901,0.0015724,0.0022437,0.0026719,0.0047569,0.0075518,0.026018,0.057774,0.014547,0.0087561,0.0067437,0.0055235,0.0053719,0.0048545,0.004757,0.012428,0.0080341,0.0074414,0.004088,0.006649,0.0083907,0.0064806,0.011495,0.022972,0.063334,0.054074,0.014891,0.0024697,0.0078555,0.0033188,0.0030155,0.0044327,0.044738,0.0037777,0.0031017,0.00097668,0.0018108,0.003188,0.0014736,0.0035109,0.0077022,0.014063,0.0090408,0.0027817,0.0012175,0.0018971,0.00092014,0.00060972,0.0011692,0.0070363,0.0060571,0.0058456,0.0022715,0.0072765,0.0077528,0.003661,0.014082,0.021778,0.02793,0.034768,0.0094423,0.002142,0.0048757,0.0024631,0.0010256,0.0022145,0.01857,0.014316,0.014997,0.01524,0.017171,0.020317,0.026289,0.044098,0.10373,0.091991,0.054964,0.025718,0.017584,0.014018,0.010719,0.011346,0.010723,0.072881,0.0054375,0.0022144,0.0020322,0.0018849,0.00091657,0.0013844,0.0018709,0.002755,0.050921,0.0018628,0.001259,0.00053371,0.00037,0.00041512,0.00060088,0.00027084,0.011114,0.0022424,0.0024866,0.0021987,0.0031031,0.0037246,0.0051305,0.0066003,0.01919,0.073372,0.0075881,0.0041867,0.0033353,0.0027115,0.0023952,0.0023337,0.0023938
0.0084363,0.0009972,0.00066992,0.00060263,0.00081381,0.00028149,0.0010107,0.0032581,0.024732,0.046517,0.016088,0.0036289,0.0016517,0.00060358,0.0024191,0.0005968,0.0022259,0.061967,0.0050458,0.0030231,0.0020817,0.0018447,0.0019041,0.0020588,0.0032941,0.0081183,0.015934,0.010539,0.0033519,0.0018292,0.0014921,0.0014375,0.001078,0.0015145,0.0065499,0.00075049,0.00042001,0.0002203,0.00044681,0.00044757,0.0011389,0.0021578,0.0020626,0.041776,0.014771,0.004381,0.0024443,0.0018838,0.0014136,0.0014319,0.0013848,0.0066167,0.018536,0.030289,0.043215,0.0037024,0.060661,0.049993,0.071522,0.32492,0.04222,0.069064,0.041106,0.010876,0.02365,0.0082773,0.011064,0.012812,0.030924,0.0025097,0.0029093,0.0019814,0.0012428,0.0035963,0.0023516,0.0041272,0.018287,0.0053584,0.0042033,0.002083,0.00090658,0.0015247,0.0011655,0.0010657,0.00049402,0.007805,0.0011834,0.002048,0.0013701,0.0016737,0.0042436,0.002374,0.0072482,0.032797,0.028965,0.01509,0.0077635,0.0028688,0.0061587,0.0037952,0.0029188,0.0051804,0.012608,0.0073579,0.0071017,0.0078951,0.0079882,0.0092731,0.010835,0.015346,0.036801,0.08256,0.030171,0.012192,0.0079988,0.0051552,0.0035465,0.0025465,0.0021744,0.031739,0.0037809,0.0021435,0.0011507,0.00062484,0.0010962,0.00081577,0.0007394,0.0010784,0.016915,0.004069,0.0014563,0.00087756,0.00053907,0.00046823,0.00047368,0.00035094,0.0089628,0.0020693,0.0020707,0.0022834,0.0025927,0.0029989,0.0033905,0.0032961,0.0068319,0.028071,0.014098,0.0049243,0.0027348,0.0015756,0.00087474,0.00050539,7.8216e-05,0.00031092,0.013883,0.014695,0.015447,0.017785,0.022138,0.028029,0.043323,0.1047,0.25684,0.063722,0.031906,0.022533,0.017799,0.016422,0.014443,0.015013,0.060491,0.0050664,0.0025611,0.0021451,0.0019805,0.0020169,0.0022832,0.0029569,0.005237,0.042034,0.0065284,0.0021086,0.0012374,0.00055724,0.00017372,0.00049204,0.00031281,0.012388,0.00061178,0.0011895,0.0012456,0.0017931,0.0028053,0.0036977,0.007257,0.021089,0.062549,0.010496,0.006379,0.0048575,0.0043702,0.0037838,0.0036106,0.0036908
0.004078,0.0030527,0.0022751,0.0023745,0.0027597,0.0030593,0.0038484,0.0055038,0.036877,0.057804,0.017531,0.0046184,0.0025166,0.0036969,0.0018134,0.00235,0.0025101,0.039969,0.0031176,0.0016187,0.0011152,0.0014298,0.0012226,0.0021071,0.0019731,0.01113,0.018011,0.010467,0.004183,0.0026701,0.0027375,0.0022737,0.0021129,0.0020428,0.0070363,0.00069668,0.00045885,0.00068395,0.00026225,0.0012733,0.00094809,0.0026178,0.011546,0.018318,0.017902,0.0047937,0.0028155,0.0019039,0.0016362,0.0015499,0.0015278,0.054301,0.022748,0.024921,0.027448,0.033559,0.042596,0.060455,0.10131,0.32877,0.41129,0.12176,0.074775,0.057567,0.048367,0.043787,0.04052,0.039916,0.013733,0.0015932,0.001071,0.0022082,0.0011656,0.0018584,0.0025832,0.0042288,0.014116,0.010642,0.0090966,0.0046491,0.0035376,0.0026878,0.0029593,0.0028452,0.0019302,0.0066243,0.0048031,0.0046509,0.004993,0.0058203,0.0062705,0.0082708,0.013647,0.038753,0.039628,0.011773,0.0054237,0.0032573,0.0020313,0.0012845,0.00053643,0.0003643,0.010121,0.0037686,0.0039572,0.0034992,0.0057378,0.0069019,0.0097764,0.01706,0.034637,0.042911,0.047455,0.023495,0.017778,0.014442,0.009867,0.010586,0.01099,0.014368,0.001807,0.0017028,0.0010396,0.0019338,0.0012026,0.0021699,0.0023664,0.0044684,0.011567,0.0075662,0.0023376,0.001592,0.00083059,0.00081291,0.0006134,0.0005474,0.0021878,0.00083552,0.00096513,0.0012531,0.0014246,0.0015457,0.0019106,0.0025795,0.0097031,0.052615,0.0091273,0.00318,0.0019239,0.0016672,0.0013189,0.0013983,0.0012112,0.017517,0.0037075,0.0040805,0.0058756,0.0082849,0.011559,0.01852,0.033374,0.10947,0.21903,0.046218,0.028428,0.022206,0.019034,0.0172,0.016586,0.017796,0.037541,0.0032162,0.0017758,0.0013828,0.0013253,0.0013446,0.0017739,0.0023429,0.00659,0.047877,0.0056639,0.001351,0.00058952,0.00058274,0.00060024,0.00023621,0.00021363,0.003666,0.0026992,0.002978,0.0032792,0.003321,0.0046195,0.0059692,0.0099174,0.026986,0.048831,0.011426,0.005687,0.0040745,0.0031165,0.00254,0.0024713,0.0023995
0.006899,0.0051704,0.0052711,0.0051152,0.0064247,0.0074461,0.010263,0.019899,0.041844,0.031021,0.022194,0.008854,0.0066002,0.0066295,0.0048724,0.0041047,0.0035992,0.027087,0.0026952,0.0017935,0.002295,0.0019393,0.0022882,0.0038805,0.0052841,0.014524,0.005472,0.010768,0.0040368,0.0027112,0.0019493,0.0018055,0.0015747,0.0014324,0.0030099,0.0013945,0.0015404,0.0022418,0.0021724,0.0029245,0.0034863,0.0059309,0.021996,0.021827,0.01756,0.0064213,0.0046153,0.003759,0.0030532,0.0030001,0.0028229,0.0074464,0.01131,0.013958,0.01783,0.022744,0.031134,0.048944,0.092698,0.32983,0.17883,0.099127,0.070046,0.055104,0.047731,0.044594,0.041947,0.039593,0.0079843,0.0014179,0.0011631,0.001213,0.0013817,0.0018465,0.0026151,0.004439,0.014196,0.0061603,0.007461,0.0038449,0.0029917,0.0023696,0.0021192,0.0018079,0.0016785,0.0024185,0.0042423,0.0043087,0.0046493,0.0050721,0.0062559,0.008579,0.011853,0.036639,0.0471,0.0071323,0.004199,0.0027615,0.0016328,0.00092081,0.00057283,0.0003319,0.022112,0.0030388,0.0033101,0.0035139,0.0042179,0.0066226,0.0090319,0.013746,0.041465,0.13607,0.045143,0.019669,0.013944,0.011702,0.010344,0.0084838,0.0093786,0.0061437,0.0016227,0.00078874,0.00045708,0.00025719,0.00042855,0.00032561,0.0015993,0.0060796,0.019388,0.0034677,0.001014,0.001057,0.0008198,0.00096894,0.00083689,0.0008488,0.0020638,0.0013829,0.0014216,0.0015402,0.0016893,0.0018348,0.0028559,0.0039435,0.011921,0.015115,0.0056246,0.0027856,0.0016599,0.0011388,0.0010957,0.0011345,0.0010071,0.0040284,0.0084358,0.0098077,0.010015,0.012468,0.016307,0.024074,0.039636,0.14517,0.23323,0.041241,0.028422,0.021809,0.018352,0.016133,0.016059,0.017067,0.024096,0.001696,0.0013357,0.001477,0.0008402,0.00094594,0.0010576,0.0015463,0.0053876,0.050678,0.0032641,0.00075025,0.00061529,0.00041598,0.0003776,0.00040384,9.346e-05,0.0079137,0.0028296,0.0029387,0.0032033,0.003731,0.0043996,0.0056018,0.008483,0.030117,0.075686,0.0098413,0.0055746,0.0040756,0.0033282,0.002777,0.0027235,0.0027867
8.582e-05,0.0039465,0.0058212,0.0059639,0.0068167,0.0085102,0.010575,0.016711,0.04532,0.032684,0.031882,0.010939,0.0080598,0.0050727,0.0060156,0.0051016,0.0039349,0.013092,0.0012821,0.0016082,0.0019765,0.0021466,0.0025897,0.0030296,0.0051936,0.01156,0.018686,0.012198,0.0043561,0.0027107,0.0014873,0.0011132,0.00095325,0.0010987,0.0074788,0.0027316,0.0029254,0.0030204,0.003189,0.0041711,0.0053592,0.0085906,0.016133,0.011056,0.0233,0.0068108,0.0042712,0.0034121,0.0028767,0.0025282,0.0023823,0.0090772,0.0048841,0.0083076,0.012618,0.018579,0.029333,0.046173,0.090493,0.30208,0.40967,0.1059,0.073309,0.058291,0.049406,0.045161,0.04158,0.042697,0.0011044,0.00085392,0.0004166,0.00066296,0.00097542,0.0011921,0.0020919,0.0050598,0.011801,0.014601,0.0054848,0.0035251,0.0027899,0.0021935,0.0022211,0.0022593,0.0025425,0.0034905,0.0034406,0.0036413,0.0038733,0.0042349,0.0051342,0.0071039,0.0098461,0.03434,0.049198,0.0019307,0.0038325,0.002491,0.001823,0.001465,0.0013304,0.0014115,0.015629,0.0077864,0.0072715,0.008077,0.0090488,0.0099717,0.012544,0.018783,0.053596,0.058464,0.040808,0.015701,0.0084775,0.0049541,0.0029965,0.00072073,0.000103,0.0037614,0.00082443,0.00063625,0.00049614,0.00079619,0.00056123,0.001526,0.0016172,0.0064003,0.015962,0.0049234,0.0014888,0.0013041,0.00088452,0.00079507,0.00068972,0.00067521,0.0032883,0.00087244,0.00093585,0.0010837,0.0012932,0.0017931,0.0023238,0.0036804,0.0083083,0.047644,0.015131,0.0058715,0.0041226,0.0034279,0.0028846,0.0029383,0.0026322,0.029906,0.014745,0.015039,0.016989,0.019106,0.023125,0.030198,0.048474,0.139,0.17065,0.03815,0.025302,0.017744,0.014129,0.011661,0.012897,0.013132,0.012984,0.0015827,0.0002379,0.00042146,0.00010807,0.000581,0.00080658,0.00079055,0.0025301,0.047486,0.0044592,0.00072403,0.00040708,0.0003335,0.00056248,0.00052783,0.000288,0.0013924,0.0020165,0.0020056,0.002217,0.0027337,0.003442,0.0049902,0.0075918,0.02434,0.057673,0.0073944,0.0051483,0.0040167,0.0032764,0.002785,0.0029718,0.0027275
0.0036107,0.003986,0.0033093,0.0042063,0.0038281,0.0052096,0.0069429,0.0073198,0.054327,0.043859,0.030277,0.01025,0.0062941,0.0042394,0.0019109,0.0023446,0.0026646,0.011587,0.00083479,0.00086054,0.0010516,0.00075297,0.0012365,0.0017101,0.0031124,0.011998,0.015609,0.0095804,0.00243,0.0011025,0.00039347,0.00030475,0.00030754,0.00016594,0.0023117,0.0022501,0.0023565,0.0024896,0.0024594,0.0031391,0.0035665,0.0069729,0.015553,0.029163,0.021443,0.0048126,0.0024963,0.0015472,0.00091025,0.00042289,0.00035097,0.012589,0.0072101,0.010174,0.014935,0.021334,0.031962,0.050016,0.089731,0.30109,0.22545,0.13605,0.084268,0.065588,0.056379,0.051065,0.049682,0.047677,0.001091,0.00029058,0.00034385,0.0008143,0.0010222,0.0012136,0.0020891,0.0039828,0.014885,0.010398,0.0061922,0.0037212,0.0030798,0.0022046,0.002111,0.0024567,0.0024987,0.0041085,0.0033107,0.0034445,0.0038066,0.0043114,0.005435,0.0071655,0.013122,0.034191,0.022932,0.013031,0.0077101,0.0056067,0.0045435,0.0040148,0.0038451,0.0039406,0.036366,0.0073434,0.0068242,0.0080461,0.0083846,0.01027,0.01337,0.020168,0.032391,0.076265,0.041932,0.017108,0.011026,0.010452,0.0067673,0.0061434,0.0065804,0.0041714,0.00013998,0.00046397,0.00031326,0.00025787,0.00039628,0.00056714,0.00091059,0.0057715,0.005177,0.0072718,0.0022523,0.0012612,0.001345,0.00079023,0.00084276,0.00073436,0.00093653,0.00016266,0.00049814,0.0006479,0.00083265,0.0012075,0.0016386,0.0037018,0.013571,0.019994,0.019003,0.0061147,0.0038939,0.0030895,0.0026931,0.0026346,0.0025997,0.0055409,0.0069984,0.0071964,0.0081003,0.0097917,0.011787,0.016526,0.028385,0.095996,0.29256,0.01517,0.015026,0.010526,0.0096572,0.0094154,0.0083023,0.0084249,0.0088579,0.00093829,0.00098528,0.0014296,0.00079904,0.0013858,0.0023131,0.0041593,0.009565,0.045804,0.013743,0.004626,0.004011,0.002525,0.0032445,0.0022156,0.0020142,0.0022831,0.00031926,0.00087578,0.0012607,0.0018902,0.0026755,0.0043232,0.0097817,0.026019,0.050714,0.012105,0.0080889,0.006205,0.005199,0.0045446,0.0045217,0.0044728
0.0031395,0.0017603,0.0010429,0.0019102,0.002492,0.0029859,0.0041648,0.0090626,0.018689,0.049138,0.013105,0.0032822,0.0032323,0.0018594,0.0029412,0.0029399,0.0023995,0.0084287,0.00082578,0.0003286,0.00077746,0.00057185,0.0016564,0.0016635,0.0023832,0.0068376,0.017721,0.0058805,0.00077676,0.00051927,0.00062315,0.00043746,0.00043833,0.00031853,0.0040799,0.00031364,0.00030871,0.00025744,0.00031747,0.00066407,0.0007378,0.0035848,0.010163,0.022743,0.014651,0.0032047,0.0011778,0.00089016,0.00045236,0.00051579,0.00034906,0.0055486,0.0091548,0.011456,0.015427,0.020533,0.03037,0.047114,0.086053,0.30169,0.38333,0.12163,0.07649,0.059441,0.050717,0.04583,0.042064,0.043593,0.0010777,0.00095921,0.00056016,0.00042862,0.00096971,0.0014525,0.0023325,0.0035015,0.012539,0.014219,0.0076295,0.0042008,0.0035009,0.003351,0.0028426,0.0022752,0.0018559,0.0021382,0.0030221,0.0034526,0.0036366,0.0041616,0.0051223,0.0065344,0.010237,0.029971,0.060361,0.011386,0.0056961,0.004228,0.0036438,0.0029285,0.0027361,0.0027485,0.028231,0.003785,0.0035744,0.0041602,0.0044351,0.0060747,0.0088423,0.012978,0.050017,0.08957,0.054215,0.020956,0.014251,0.012122,0.0090619,0.01006,0.0099508,0.0054341,0.00026467,0.00028452,0.00019201,0.00010641,0.00029222,0.00045333,0.00096298,0.0028966,0.023832,0.0062514,0.0015592,0.00097159,0.00037063,0.00023382,0.00024974,0.00028039,0.00058366,0.00054004,0.00063796,0.00081772,0.00095575,0.0010798,0.0013974,0.0033848,0.0054891,0.042343,0.0079981,0.0033117,0.0022863,0.0019237,0.001465,0.0014595,0.0014878,0.017281,0.0091728,0.0090253,0.0098521,0.012293,0.015351,0.022479,0.039698,0.12062,0.073983,0.051356,0.030094,0.022872,0.019594,0.017257,0.016265,0.015274,0.0052949,0.0010753,0.00061014,0.00046256,0.00058641,0.00038679,0.00066172,0.00065692,0.0035794,0.050272,0.0027219,0.0014477,0.00049125,0.00035344,0.00042164,0.00058677,2.2877e-05,0.0017262,0.00081226,0.00073212,0.00093419,0.0013527,0.0017053,0.00287,0.0046368,0.017761,0.077829,0.0075821,0.0038885,0.0030407,0.0024623,0.0024845,0.0023895,0.0021916
0.0069696,0.0034268,0.00053812,0.00076687,0.00059006,0.0010161,0.0020643,0.0042215,0.039476,0.043887,0.0064512,0.00093307,0.00086974,0.0024723,0.0020781,0.0018255,0.0009804,0.0062524,0.0013398,0.0017427,0.0014313,0.0014034,0.0022635,0.0026897,0.0036235,0.011833,0.0059176,0.0045067,0.0020196,0.0011893,0.00055993,0.00047783,0.00032747,0.00024414,0.0045872,0.00121,0.0005832,0.00090929,0.00090672,0.0011298,0.0016688,0.0025725,0.010189,0.028834,0.00786,0.0016231,0.00084731,0.00060721,0.00019546,0.00023,5.5313e-05,0.013836,0.0090158,0.010781,0.015412,0.021951,0.032251,0.04993,0.093483,0.28398,0.30192,0.12099,0.079917,0.063115,0.054051,0.048801,0.047197,0.047131,0.0097906,0.0026041,0.0019532,0.0016119,0.0018493,0.0019343,0.0030883,0.0045488,0.014971,0.010193,0.008177,0.0040363,0.0029836,0.0027545,0.0018189,0.0023371,0.0018711,0.0027314,0.003311,0.0036222,0.0037966,0.0043414,0.0053582,0.0072994,0.01322,0.032785,0.001596,0.010935,0.0062467,0.0044586,0.0037743,0.0028586,0.0029437,0.0028115,0.034762,0.0067724,0.0053678,0.0064201,0.0053057,0.0044453,0.0038253,0.005122,0.021557,0.070335,0.051954,0.028198,0.021967,0.019979,0.019064,0.018486,0.018591,0.010523,0.002848,0.00094589,0.00061072,0.00081818,0.00081205,0.00060204,0.00055276,0.0029178,0.00058459,0.0049325,0.0022496,0.0014039,0.0010214,0.00091764,0.00098899,0.00088692,0.004118,0.0011782,0.00064446,0.00048854,0.00047756,0.00035624,0.00071339,0.0016185,0.0081395,0.033356,0.002909,0.00070555,0.00052789,0.00048918,0.00034796,0.00013682,0.00010491,0.010361,0.0098616,0.0092178,0.01013,0.012353,0.015906,0.021119,0.032163,0.094605,0.30562,0.041774,0.024582,0.01962,0.016309,0.014751,0.012165,0.01331,0.0044289,0.00054394,0.00065685,0.0007665,0.00075973,0.00073,0.00085116,0.0017964,0.0064576,0.046112,0.0041918,0.0019989,0.0016265,0.0014219,0.0011315,0.00047619,0.00087358,0.0038014,0.000632,0.00080929,0.00099597,0.0013756,0.0020047,0.0034497,0.0074978,0.020883,0.03685,0.0089226,0.0056322,0.0043584,0.0037878,0.0034036,0.0032399,0.0032177
0.021641,0.0024537,0.0023374,0.0027131,0.0030788,0.003859,0.0050554,0.0086113,0.032452,0.056395,0.0018153,0.0035567,0.0033199,0.0029886,0.0032595,0.0016446,0.00091554,0.0040646,0.0014541,0.0017579,0.0023226,0.0023473,0.0022787,0.003169,0.0047917,0.012603,0.016219,0.0052519,0.0025282,0.0016719,0.0013451,0.00086803,0.0008073,0.00057795,0.0010624,0.0013033,0.0012594,0.0011667,0.0014756,0.0017409,0.0022113,0.0038382,0.013627,0.016488,0.0073726,0.0023797,0.0012701,0.00086911,0.00059576,0.00045726,0.00049019,0.0077726,0.0052551,0.0086699,0.013821,0.020737,0.031453,0.050355,0.09431,0.32245,0.43239,0.13414,0.086842,0.067372,0.057354,0.051911,0.048519,0.049323,0.021532,0.0017783,0.00049296,4.296e-05,0.00063465,0.0012856,0.0015995,0.0035051,0.012473,0.014427,0.0070258,0.0041951,0.0035426,0.0026695,0.0026257,0.0019275,0.0016842,0.00692,0.0039087,0.0044495,0.0044114,0.0051738,0.0061743,0.0081477,0.011194,0.036875,0.064408,0.014782,0.0080252,0.0056718,0.0046016,0.0038848,0.0034065,0.00346,0.017164,0.0040884,0.0054671,0.0056434,0.0066496,0.0075991,0.0094501,0.013081,0.051496,0.14322,0.044465,0.016429,0.010797,0.010043,0.0040987,0.0076495,0.0060407,0.023425,0.0015074,0.0014411,0.0012392,0.00068407,0.0012824,0.0014821,0.0022578,0.0073837,0.023221,0.001025,0.00078065,0.00085746,0.00077562,0.00061202,0.00051916,0.00051308,0.0071756,0.0017087,0.0024343,0.0023602,0.0026391,0.0036394,0.004401,0.0071633,0.018261,0.032316,0.010261,0.0050726,0.0037125,0.0031493,0.0025207,0.0024021,0.0025788,0.038376,0.007499,0.0075676,0.0085445,0.010222,0.012687,0.017415,0.032701,0.1064,0.064459,0.020909,0.01691,0.013476,0.010993,0.0090897,0.010344,0.010731,0.0014439,0.00047354,0.00014591,0.0010015,0.00087377,0.001111,0.0016107,0.0027631,0.0090044,0.051054,0.0050373,0.0030458,0.0021352,0.0018007,0.0018317,0.0024173,0.0011578,0.003151,0.0010555,0.0012498,0.0015581,0.0022808,0.0025506,0.0042573,0.0064328,0.025106,0.082545,0.011449,0.00705,0.0053546,0.0045982,0.0041991,0.0042459,0.0039788
0.02705,0.0013322,0.00094601,0.0014079,0.00175,0.0026379,0.003742,0.0075596,0.024349,0.037808,0.0039142,0.0030535,0.0024354,0.0028486,0.001991,0.001183,0.00036239,0.0024548,0.0021405,0.001342,0.0013369,0.0019554,0.0020297,0.002477,0.0037093,0.0090719,0.0072272,0.0046268,0.0020674,0.0011492,0.00046643,0.00069027,0.00014024,0.00029183,0.0018788,0.00024579,0.00060364,0.00064915,0.00080278,0.00087336,0.0010713,0.0022107,0.0058758,0.032078,0.0048605,0.00109,0.00030671,0.00026413,0.00023867,0.00016258,4.3876e-05,0.03209,0.015513,0.020973,0.029244,0.031615,0.017641,0.037659,0.11548,0.31984,0.14775,0.027224,0.074525,0.067409,0.036464,0.005434,0.036832,0.048844,0.030301,0.00052142,0.00061851,0.0015645,0.0016611,0.00086332,0.0018062,0.0063942,0.019856,0.0057267,0.0039317,0.0046808,0.0045162,0.0031607,0.00056293,0.002523,0.0027581,0.0050965,0.0043787,0.0068333,0.0069474,0.0042294,0.0020858,0.0092526,0.018603,0.036481,0.010704,0.0058256,0.0080775,0.0064642,0.0037254,0.0014966,0.001357,0.0019532,0.016884,0.00064837,0.0021548,0.002811,0.0021641,0.0036218,0.0048894,0.0054407,0.01822,0.063553,0.064279,0.021258,0.014023,0.0088152,0.0098218,0.0086003,0.0090066,0.029553,0.00045666,0.00026787,0.00043182,0.00028928,0.00040319,0.00044242,0.00050496,0.0020812,0.0074951,0.0034682,0.001326,0.00058624,0.00058274,0.00035302,0.00026861,0.00026704,0.01314,0.0016916,0.001431,0.0014035,0.0015551,0.0019823,0.0029288,0.0040103,0.0091039,0.027568,0.010419,0.0031434,0.0022015,0.001464,0.0012964,0.0011722,0.00090982,0.031624,0.0073335,0.0099118,0.0090864,0.0098487,0.01194,0.015986,0.024587,0.061277,0.29584,0.014363,0.01376,0.0098282,0.0086507,0.0083028,0.0063588,0.0076562,0.00034905,0.00060682,0.00051248,0.0003831,0.00096475,0.001048,0.0009982,0.0022048,0.0056216,0.044243,0.0074992,0.0014956,0.0018301,0.001238,0.0017384,0.0015571,0.0021191,0.0062962,0.001423,0.0017325,0.0020436,0.0021133,0.0028377,0.0039689,0.0059709,0.014743,0.054965,0.00536,0.0035712,0.0028174,0.0024873,0.0023445,0.0021799,0.0022107
0.022227,0.0021136,0.0017245,0.0010777,0.001629,0.0021459,0.0030631,0.0038601,0.02405,0.049303,0.010253,0.0036183,0.0024445,0.0025211,0.0020765,0.0012327,0.00084879,0.0028058,0.0012518,0.0010443,0.00092215,0.0014446,0.00075995,0.0016156,0.0020346,0.0073101,0.016613,0.0018153,0.0012317,0.00083374,0.0009295,0.00058475,0.00056055,0.00042533,0.0014019,0.00084761,0.00072223,0.0005475,0.00034614,0.00082921,0.0011138,0.0016656,0.0057617,0.012787,0.0075199,0.0020376,0.00103,0.00082627,0.00039217,0.00050692,0.00022316,0.023054,0.032151,0.033318,0.036508,0.042187,0.049484,0.065122,0.099755,0.25751,0.47089,0.10685,0.060125,0.044672,0.034221,0.029121,0.026028,0.026423,0.026606,0.0022473,0.0021464,0.0022088,0.0019771,0.0026109,0.0036754,0.004731,0.011957,0.021072,0.0061079,0.0027312,0.0018924,0.0011716,0.0010985,0.0011804,0.00014305,0.0047742,0.0010486,0.0010526,0.0011759,0.0015114,0.0030173,0.004469,0.0078487,0.02243,0.044901,0.013911,0.0085523,0.0065902,0.0054983,0.0049895,0.0047278,0.0047017,0.022448,0.00087289,0.0020743,0.001894,0.0032299,0.0039962,0.0055625,0.0066473,0.028731,0.08962,0.069502,0.023439,0.015415,0.014099,0.0098648,0.010476,0.0096227,0.029994,0.00088364,8.8744e-05,0.00039964,0.00070506,0.00029381,0.00061235,0.00039723,0.0018104,0.019764,0.0045246,0.0015018,0.00040247,0.0001764,0.00033746,0.00018573,9.5479e-06,0.0091325,0.002279,0.0019496,0.001785,0.0018482,0.0027291,0.0037543,0.0054818,0.009762,0.037147,0.0099098,0.0040025,0.0025809,0.0019098,0.0015532,0.0011961,0.0011864,0.048087,0.0072408,0.011522,0.012352,0.0081603,0.020211,0.01361,0.027129,0.089671,0.12622,0.069085,0.033714,0.0063865,0.02174,0.01282,0.0079166,0.018343,0.0063173,0.0024615,0.0026625,0.0016485,0.0031659,0.0051442,0.0014009,0.010043,0.024748,0.034619,0.025297,0.011083,0.0029421,0.0085495,0.0051391,0.0035279,0.0072442,0.0051118,0.0028028,0.0032817,0.00052959,0.0035047,0.0059375,0.0010199,0.01135,0.032073,0.032998,0.030089,0.011841,0.0034207,0.010054,0.0056819,0.0038832,0.0083276
0.031403,0.0025089,0.004212,0.0033771,0.0038463,0.004668,0.0059372,0.0086686,0.018578,0.03401,0.019539,0.0067309,0.004497,0.0030015,0.0021217,0.0022177,0.0027008,0.0077172,0.0013453,0.00069436,0.00032778,0.00056016,0.00099427,0.00085306,0.0021915,0.0052168,0.015843,0.0038861,0.001129,0.00077839,0.00041147,0.00058502,0.00057277,0.00049973,0.0024262,0.0016733,0.0020809,0.0018531,0.0020396,0.0023951,0.0032468,0.0041418,0.0069856,0.034586,0.010653,0.0037789,0.0020953,0.0011636,0.00076343,0.00036633,0.00024415,0.01733,0.010492,0.012086,0.015179,0.020171,0.027968,0.041924,0.074297,0.20586,0.34717,0.11652,0.073733,0.056842,0.047595,0.043068,0.041302,0.040337,0.035964,0.0012287,0.0010305,0.00075721,0.0010021,0.0016088,0.0021531,0.003649,0.010107,0.024169,0.0041314,0.0027389,0.001848,0.0016238,0.00092315,0.0023573,0.0022641,0.0022431,0.0030893,0.0029421,0.0024442,0.0030814,0.0041958,0.0053558,0.0084707,0.021026,0.062662,0.011311,0.0060049,0.004356,0.0035309,0.0030732,0.0029958,0.0029259,0.020951,0.0026098,0.0018522,0.0015536,0.0023907,0.0025624,0.0048211,0.0038568,0.0063385,0.10697,0.059691,0.018781,0.013368,0.0079007,0.0088187,0.0077105,0.0080339,0.036292,0.0007125,0.00085798,0.0011025,0.0011773,0.0007714,0.0010746,0.0011169,0.0024061,0.016398,0.0073436,0.0027871,0.0018548,0.001326,0.0012265,0.0012656,0.0011234,0.013512,0.00034998,0.001013,0.00099094,0.00090372,0.001373,0.0019218,0.004803,0.010911,0.021389,0.015568,0.0064088,0.0043145,0.0034116,0.0034025,0.0028149,0.0027848,0.034798,0.0074164,0.0061938,0.0073838,0.0086048,0.0095517,0.012672,0.020732,0.05503,0.18969,0.018852,0.012723,0.0087657,0.0074676,0.0030392,0.006182,0.0056,0.0089227,0.00070285,0.00063824,0.00094767,0.000445,0.0003592,0.00062815,0.00098942,0.001759,0.04879,0.0030356,0.00035796,0.0006027,0.00041932,0.00084608,0.00024442,0.00036622,0.0063611,0.0013537,0.0012231,0.0015436,0.0020406,0.0017008,0.0025605,0.0044357,0.014262,0.087182,0.0011633,0.0020794,0.0017228,0.0013611,0.0013265,0.0012002,0.0012341
0.029255,0.003674,0.0057912,0.006287,0.006575,0.0069986,0.01041,0.014353,0.022396,0.024411,0.027121,0.010539,0.0068335,0.0051267,0.0031983,0.0031177,0.0023079,0.018294,0.0027744,0.0023284,0.0017039,0.0015793,0.0026554,0.0023175,0.0035916,0.0072938,0.014237,0.0088361,0.0033739,0.002312,0.0017211,0.0014366,0.0012747,0.001173,0.00035858,0.002644,0.0037955,0.0035478,0.0043085,0.0052636,0.005857,0.0089543,0.019142,0.0070686,0.01849,0.006574,0.0036436,0.0021025,0.0012643,0.00063825,0.00059891,0.020737,0.015415,0.018914,0.021532,0.025764,0.032723,0.047572,0.075569,0.21424,0.32735,0.10814,0.066518,0.050993,0.042765,0.038042,0.036341,0.035214,0.044579,0.001873,0.0010815,0.0012099,0.0011346,0.00093942,0.0012812,0.0021077,0.0079707,0.014869,0.0026971,0.0021209,0.001904,0.0016248,0.0015487,0.0028656,0.0018654,0.0091287,0.001883,0.0026487,0.0023856,0.0027771,0.0038913,0.0043711,0.0075052,0.0188,0.01282,0.0058589,0.0030332,0.0018479,0.0013393,0.00079441,0.0008037,0.00063326,0.027203,0.0051326,0.0031946,0.0032208,0.0034499,0.0039504,0.005675,0.0069654,0.024276,0.026858,0.058556,0.018945,0.013125,0.011715,0.0091888,0.0085063,0.007969,0.045706,0.0011749,0.0017588,0.0020962,0.00091733,0.00075201,0.0014052,0.0018132,0.0029069,0.01659,0.0068207,0.0021436,0.0010094,0.00096593,0.00096181,0.00058446,0.00055505,0.016358,0.00064254,0.00090277,0.00031684,0.00090348,0.001743,0.0017917,0.0036667,0.0051421,0.043296,0.014832,0.0051964,0.0035331,0.0028529,0.0023299,0.0022946,0.0022126,0.059504,0.012757,0.013194,0.013549,0.014424,0.016983,0.021854,0.031425,0.066353,0.27719,0.027028,0.015358,0.0099286,0.0063433,0.0033548,0.0033543,0.0017414,0.016667,0.0022031,0.0014587,0.0013213,0.00067153,0.00070456,0.00032549,0.0014623,0.0012882,0.048479,0.0026798,0.0014126,0.00032488,0.0006044,0.001236,0.00095685,0.00079346,0.0055867,0.0012268,0.00072889,0.0013046,0.0011694,0.00047429,0.0017579,0.0028095,0.010046,0.037287,0.0058181,0.0029119,0.0020663,0.0014564,0.0011815,0.0011879,0.0012188
0.042189,0.0055221,0.005897,0.0050194,0.0064098,0.0078623,0.0093405,0.015427,0.02876,0.023707,0.022903,0.010562,0.0062772,0.0045204,0.0035747,0.0031689,0.0027867,0.03228,0.00299,0.0022293,0.002282,0.0018006,0.0024698,0.00309,0.0048784,0.011834,0.0084333,0.011827,0.0052015,0.0032885,0.0027053,0.0023225,0.0022892,0.0020218,0.010628,0.0025305,0.0026395,0.0028152,0.0030104,0.0035344,0.0045783,0.0052515,0.0098055,0.028714,0.015687,0.0056662,0.0034855,0.0024818,0.0022363,0.0017799,0.0016823,0.050029,0.044353,0.044512,0.048834,0.05461,0.064858,0.085466,0.1325,0.34714,0.50135,0.11768,0.068077,0.046521,0.036532,0.030344,0.027669,0.026057,0.055941,0.0039525,0.0016031,0.00040467,0.0018281,0.0021084,0.002634,0.0046373,0.01264,0.013241,0.0042618,0.0024299,0.0020308,0.0016439,0.0011649,0.0010848,0.0018177,0.0055657,0.0044691,0.0040096,0.0039324,0.0043151,0.0050467,0.0066914,0.010051,0.02936,0.048133,0.009637,0.0049508,0.0033374,0.0026222,0.00196,0.0018817,0.0014725,0.034846,0.0029059,0.0019269,0.0020268,0.0024191,0.0028559,0.0036944,0.004397,0.025339,0.097664,0.044967,0.013396,0.0085807,0.0045912,0.0070683,0.0051893,0.0048009,0.060145,0.0030841,0.0019003,0.0016944,0.001656,0.0012538,0.0022156,0.0032615,0.0060349,0.014889,0.0051902,0.0022638,0.001256,0.00081771,0.00087349,0.00075324,0.00073816,0.024102,0.0031788,0.0032246,0.0032417,0.0037767,0.0043871,0.0062049,0.0096576,0.019164,0.020159,0.022412,0.010159,0.006834,0.0053129,0.0046385,0.0041056,0.0041924,0.053361,0.0041969,0.0029158,0.0048422,0.0061835,0.0091873,0.014529,0.026024,0.067802,0.17824,0.043504,0.024253,0.018734,0.015805,0.014576,0.013527,0.01313,0.031819,0.0043307,0.0027484,0.003411,0.0026572,0.0030024,0.003731,0.0056075,0.011642,0.047062,0.0070239,0.00398,0.0021854,0.0016542,0.00043856,0.0019003,0.0015717,0.0099336,0.0016811,0.0019951,0.0025027,0.003065,0.0036237,0.0043116,0.0062977,0.014207,0.059264,0.0021081,0.0025498,0.0017439,0.00098284,0.0005879,0.00031848,0.00011824
0.020878,0.004376,0.0027716,0.0040076,0.0051155,0.0060121,0.0071415,0.010754,0.050351,0.057182,0.011638,0.005186,0.0038393,0.0040314,0.0021062,0.0021309,0.0027199,0.031531,0.00049277,0.0022422,0.0018635,0.0016103,0.0021343,0.0031601,0.0045097,0.015381,0.016086,0.0088588,0.0040792,0.0029274,0.0023452,0.0018207,0.0017877,0.0018635,0.0049992,0.0022462,0.0012717,0.0014402,0.0019809,0.0017421,0.0028232,0.0034379,0.019242,0.026764,0.0078537,0.0038612,0.002818,0.0022237,0.0022118,0.0019332,0.0019284,0.033486,0.04662,0.04816,0.049945,0.055685,0.066359,0.085737,0.13263,0.35932,0.32057,0.098371,0.054525,0.034814,0.024077,0.016914,0.012907,0.012116,0.048556,0.0020177,0.0011592,0.0018207,0.0024192,0.0024457,0.0031073,0.0053083,0.012352,0.013426,0.00478,0.0028532,0.0018932,0.0015029,0.0012314,0.0026774,0.00107,0.0097715,0.0034748,0.0033385,0.0035215,0.0039698,0.0046784,0.0069924,0.011773,0.034979,0.059277,0.015498,0.0087601,0.0065385,0.0054374,0.0048631,0.004245,0.0044614,0.040087,0.0012987,0.001263,0.0009567,0.0013633,0.0014887,0.0016503,0.0041192,0.018814,0.11867,0.055487,0.016138,0.0083906,0.0077395,0.005997,0.0044635,0.0040951,0.049969,0.00057317,0.00095569,0.00029671,0.00084091,0.00071028,0.0011915,0.00021993,0.0077133,0.021794,0.0033346,0.0024092,0.0012813,0.0015729,0.0010669,0.00082034,0.0009766,0.014515,0.0015589,0.001152,0.0013392,0.001575,0.0018186,0.0028018,0.0031019,0.019496,0.03632,0.017502,0.0069456,0.0050086,0.0039144,0.0034359,0.0033798,0.0031014,0.044047,0.0028338,0.0045354,0.0055398,0.0078951,0.010862,0.015141,0.026093,0.10331,0.1643,0.039311,0.025588,0.018221,0.016954,0.01711,0.014119,0.012114,0.031291,0.00035039,0.0002326,0.00044006,0.00044374,0.00053521,0.00061489,0.00060638,0.005089,0.050722,0.0059333,0.0018835,0.0013469,0.00035399,0.00036536,0.0004391,0.0012112,0.0044785,0.00095395,0.0015622,0.002153,0.0025606,0.0034507,0.0043418,0.007521,0.02635,0.085377,0.0066366,0.0046324,0.0038886,0.0034949,0.0030816,0.0029304,0.0025559
0.025168,0.0058433,0.0040267,0.0055675,0.0062787,0.0074467,0.0084231,0.013838,0.029907,0.060578,0.013665,0.0053708,0.002956,0.0018508,0.0010574,0.0017458,0.0012837,0.030896,0.002498,0.00090267,0.0010548,0.001614,0.0014463,0.00221,0.0037075,0.0096092,0.014992,0.0041577,0.0014889,0.0010654,0.00083517,0.00069094,0.00058122,0.0006447,0.0082742,0.0013902,0.0014005,0.0011808,0.0013851,0.0014398,0.0021538,0.0038716,0.010171,0.029993,0.0080547,0.0033215,0.002144,0.0016767,0.0012729,0.0011918,0.0010529,0.058795,0.043439,0.04691,0.049901,0.054035,0.063979,0.080449,0.12209,0.28817,0.35501,0.099576,0.051237,0.030475,0.019535,0.011661,0.0058447,0.0010624,0.041894,0.0019959,0.0015197,0.001804,0.0017175,0.0024056,0.0027961,0.003846,0.011945,0.0096483,0.0060079,0.0027594,0.0015395,0.0015792,0.0012302,0.0012331,0.00088884,0.00379,0.0024155,0.0025479,0.0027457,0.0033656,0.0036508,0.0057735,0.0094464,0.024633,0.0040893,0.012343,0.0078749,0.0059637,0.0049805,0.0046196,0.004591,0.0043278,0.047158,0.0026861,0.0036156,0.0025388,0.0047571,0.0044076,0.0018895,0.0045595,0.025151,0.052222,0.063997,0.011422,0.0043524,0.0018932,0.001811,0.0017223,0.00019073,0.050587,0.0021706,0.0006128,0.0014682,0.00081689,0.00052585,0.0013642,0.0025044,0.0014184,0.0067265,0.0074836,0.001597,0.00069984,0.0013525,0.00064332,0.0005087,0.00084688,0.010559,0.0044172,0.0020147,0.0047595,0.0049315,0.0019924,0.0056215,0.011406,0.010127,0.016095,0.022961,0.007301,0.00061787,0.0028892,0.0024275,0.0010615,0.0010796,0.035801,0.0048,0.0018735,0.0041571,0.0055404,0.0091564,0.014038,0.027724,0.070396,0.28099,0.036219,0.02474,0.019891,0.016775,0.01515,0.015213,0.015007,0.033757,0.00094781,0.00063088,0.00082324,0.00032076,0.00042918,0.00049762,0.0018672,0.0020997,0.049407,0.0010595,0.0015057,0.00039454,0.00057071,0.00028674,0.0002238,0.00011826,0.0072156,0.001089,0.00074846,0.0016176,0.0019708,0.0025913,0.0037833,0.0055896,0.015204,0.030137,0.0042108,0.0039256,0.0032031,0.0030301,0.0026231,0.0024124,0.0024281
0.0067159,0.0033548,0.0051551,0.0052418,0.0058255,0.0072077,0.0093507,0.012354,0.026305,0.021864,0.022292,0.0098384,0.0053891,0.0036032,0.0040056,0.002979,0.0026188,0.03493,0.0015627,0.0010724,0.0012461,0.0010411,0.0024898,0.002451,0.0045085,0.0072522,0.020567,0.007059,0.0030483,0.0016384,0.0011047,0.00099822,0.00092476,0.00083353,0.0069676,0.0020955,0.002683,0.0025052,0.00296,0.0034292,0.0045186,0.008098,0.010081,0.028944,0.01291,0.0067552,0.0037735,0.0031171,0.0024102,0.0020777,0.0020771,0.021153,0.043933,0.046736,0.049237,0.055242,0.065249,0.083559,0.12385,0.362,0.43886,0.11239,0.058998,0.038891,0.028071,0.02162,0.018256,0.017082,0.039172,0.0012562,0.0013802,0.0013965,0.0021545,0.0022098,0.0027302,0.0040127,0.012027,0.019538,0.0038118,0.0018625,0.0012249,0.00070267,0.00087982,0.00068508,1.717e-05,0.0074121,0.00075262,0.0015473,0.0016595,0.0023472,0.0037237,0.0052402,0.010246,0.028048,0.068424,0.011242,0.0071179,0.0061328,0.0050922,0.0047683,0.004264,0.0043412,0.050463,0.0018769,0.0011442,0.0028026,0.0033241,0.0036102,0.0053876,0.006414,0.047822,0.084855,0.059466,0.017903,0.012857,0.0090116,0.0085601,0.0079764,0.007311,0.04336,0.0016763,0.00070974,0.00067758,0.00075398,0.00072864,0.0010057,0.0023979,0.0029793,0.022291,0.0046006,0.0012945,0.00045372,0.00041221,0.00011223,0.00013678,9.3464e-05,0.016382,0.0033886,0.0029843,0.0033016,0.0037158,0.0040667,0.0050526,0.0091686,0.0094559,0.037637,0.016056,0.0060962,0.0033543,0.0023051,0.0013945,0.0012171,0.0010929,0.026213,0.00055913,0.0028822,0.0035799,0.0067994,0.0087463,0.0096214,0.013849,0.081576,0.069161,0.056994,0.03034,0.015863,0.0045413,0.0089222,0.013477,0.015421,0.035197,0.0018984,0.0044642,0.0050535,0.002237,0.0021052,0.0079581,0.014412,0.023872,0.03362,0.012925,0.013755,0.0098634,0.0047097,0.0015368,0.005268,0.0065099,0.0035363,0.0056865,0.0074709,0.0075257,0.0043744,0.0049116,0.013529,0.02518,0.041927,0.058376,0.018987,0.020204,0.01444,0.0066283,0.0029275,0.0074664,0.0091783
0.0095426,0.0034929,0.0065116,0.0056109,0.0062047,0.006775,0.0083543,0.011215,0.041344,0.019012,0.015796,0.0071811,0.0039654,0.0018197,0.0029551,0.0010903,0.00052455,0.029856,0.0027134,0.0021954,0.0026068,0.0019,0.0027773,0.0039662,0.0052472,0.011223,0.0073231,0.0083744,0.0027908,0.0015404,0.00085922,0.00070492,0.00037276,0.00031471,0.012852,0.0029167,0.003229,0.0033433,0.0035443,0.0042687,0.0052897,0.0084475,0.016121,0.015163,0.011049,0.0041493,0.0024029,0.0016404,0.0012169,0.00067149,0.00042344,0.027905,0.019679,0.034226,0.050562,0.068214,0.086487,0.1111,0.15404,0.32803,0.24521,0.051829,0.012095,0.0047637,0.0087432,0.0089799,0.0066015,0.0051042,0.03109,0.0016405,0.0017069,0.0032902,0.003062,0.0040335,0.0050548,0.0065823,0.013648,0.0077933,0.0040404,0.00084048,0.00058157,0.00076939,0.00035299,0.00046032,0.0010605,0.0065576,0.00053524,0.0009801,0.001619,0.0027786,0.0038235,0.0060369,0.0099814,0.022521,0.021263,0.0020718,0.0034007,0.0045246,0.0053007,0.0059843,0.0063772,0.0062295,0.057082,0.0041126,0.0023462,0.002587,0.0032295,0.0049938,0.0065073,0.012224,0.01865,0.074139,0.070304,0.025958,0.016878,0.014464,0.012236,0.011807,0.011664,0.039246,0.00050189,0.0005477,0.00015377,0.0003902,0.0004221,0.00028705,0.00064425,0.00249,0.014164,0.0017445,0.00025578,0.00028854,0.00032863,9.2309e-05,0.00018028,6.4872e-05,0.010552,0.0015691,0.0013498,0.0015088,0.0018505,0.0016264,0.0024583,0.0041517,0.0077215,0.02896,0.015549,0.0041147,0.0021874,0.0016538,0.0011386,0.0011018,0.00096131,0.01236,0.0099357,0.0091387,0.0096416,0.011218,0.013188,0.016811,0.023709,0.061924,0.27994,0.023942,0.011719,0.0065145,0.0057037,0.0056507,0.0035606,0.0047646,0.033923,0.002027,0.001757,0.0011943,0.0022484,0.0025195,0.0022711,0.0052257,0.0085157,0.048273,0.0060322,0.0026026,0.0018024,0.00045664,0.0014587,0.00069409,0.00010109,0.0097086,0.0028872,0.0024462,0.002774,0.0034055,0.003256,0.0042952,0.0083722,0.014804,0.051671,0.0061485,0.0035323,0.0019483,0.0012853,0.00084311,0.00073793,0.00079347
0.002884,0.0022422,0.0017025,0.0012893,0.0016918,0.002597,0.0035281,0.0067907,0.022416,0.07748,0.0053822,0.0010054,0.00072486,4.7476e-05,0.0018238,0.00085408,0.0006218,0.028374,0.0017512,0.0011059,0.0011391,0.00114,0.0015245,0.0016205,0.0026635,0.0090493,0.021367,0.0011905,0.00055631,0.00052606,0.00042912,3.1198e-05,0.00028282,0.00015258,0.0082895,0.00089344,0.00029599,0.00054277,0.0006526,0.00078256,0.0013471,0.00095798,0.0060025,0.027227,0.0056709,0.00097411,0.00039976,0.00031243,0.00037472,0.00022662,0.00022888,0.011807,0.037632,0.038367,0.041268,0.046051,0.054038,0.069672,0.10752,0.26452,0.47872,0.098045,0.05179,0.035271,0.025515,0.019845,0.017542,0.015999,0.026621,0.0023203,0.0018507,0.0020118,0.0020076,0.0022365,0.0029738,0.0052873,0.011385,0.012104,0.006574,0.0032906,0.002338,0.0014316,0.0012223,0.0023673,0.001585,0.0077859,0.0026462,0.0023028,0.0026988,0.0031672,0.0038338,0.0049324,0.0079674,0.022924,0.04721,0.0097772,0.0062827,0.004819,0.0042173,0.003489,0.0028891,0.0030594,0.056989,0.0024301,0.002349,0.0028893,0.0040381,0.0055779,0.0081142,0.0138,0.030565,0.047879,0.069372,0.027036,0.01844,0.011915,0.013867,0.012458,0.012581,0.032712,0.0011846,0.0006986,0.00067514,0.0010982,0.00089987,0.00057879,0.001387,0.0023603,0.018444,0.0042349,0.0014679,0.00060814,0.0005737,0.00033657,0.00022559,0.00025941,0.010309,0.00034749,0.00059727,0.00057048,0.00045205,0.00071833,0.00073934,0.00090627,0.0047649,0.047058,0.010105,0.0030893,0.0018067,0.0012044,0.001225,0.0011124,0.0010204,0.019081,0.0052737,0.0064733,0.0070142,0.0079162,0.011014,0.015183,0.02409,0.069414,0.13602,0.040642,0.025691,0.019083,0.016855,0.014919,0.012436,0.013977,0.031878,0.0020433,0.0016766,0.0011152,0.00088954,0.0010656,0.0013707,0.0018737,0.0036638,0.051741,0.0022516,0.00085335,0.0010232,0.00022838,0.00067256,0.00084209,0.00045967,0.0070211,0.00042812,0.00067021,0.00086528,0.0013303,0.0016817,0.0023637,0.0057891,0.012463,0.059179,0.0078182,0.0046936,0.0035332,0.0029803,0.0029376,0.0025955,0.0026226
0.0013695,0.00065813,0.00095293,0.0014297,0.0016015,0.0026726,0.0029384,0.0065788,0.024506,0.055749,0.020913,0.0098017,0.0070708,0.0044069,0.0059001,0.0051995,0.0056267,0.015587,0.0014147,0.00045656,0.00079172,0.00084268,0.0010005,0.00089336,0.0021171,0.0052643,0.023482,0.0077401,0.0024319,0.0016156,0.0011875,0.0012296,0.0012522,0.0012703,0.0027924,0.001453,0.0015714,0.0017418,0.0018461,0.0021768,0.0025924,0.0046533,0.006726,0.038843,0.013098,0.0053956,0.0036458,0.0027631,0.0022419,0.0021023,0.0020027,0.05334,0.038729,0.040194,0.042875,0.047304,0.055703,0.071569,0.10294,0.23168,0.28673,0.11155,0.056473,0.037995,0.026689,0.020372,0.017154,0.016573,0.015669,0.0011434,0.0011092,0.001553,0.0019865,0.0021438,0.0025775,0.0036106,0.0083653,0.017006,0.0049806,0.0017273,0.001409,0.00047924,0.00040239,0.00090885,0.0002079,0.0014687,0.0016081,0.001708,0.0019771,0.002418,0.0032061,0.0038577,0.007925,0.016533,0.050187,0.0095059,0.0060123,0.0044495,0.0037792,0.00321,0.003245,0.0031853,0.045243,0.0032616,0.0020775,0.0038723,0.0049284,0.0061582,0.0082307,0.011279,0.025493,0.055255,0.063273,0.023424,0.015445,0.014087,0.010615,0.0094723,0.0091478,0.024311,0.00096158,0.0004342,0.00032251,0.00033179,0.00044933,0.00033532,0.00032455,0.0017434,0.0049234,0.0036152,0.00090337,0.00044147,6.3115e-05,0.00019665,0.00014031,0.00031662,0.0060025,0.0011049,0.0010788,0.0011521,0.0015156,0.001493,0.0019039,0.0038498,0.0069129,0.0084298,0.016734,0.0055515,0.0035492,0.0029477,0.0022201,0.0021224,0.0021115,0.018194,0.0050561,0.0063281,0.0057146,0.0064859,0.0082717,0.010251,0.020457,0.036236,0.24963,0.010215,0.0065844,0.0036699,0.0029196,0.00014541,0.0010792,0.00073435,0.018647,0.0013679,0.0014144,0.0017425,0.0013244,0.0017339,0.0027705,0.0038128,0.0083382,0.046177,0.014907,0.0068251,0.0044139,0.003555,0.002822,0.0033482,0.0036736,0.0064527,0.0015084,0.0013971,0.0016168,0.0022615,0.0024102,0.003519,0.0072792,0.014261,0.062846,0.016928,0.0078518,0.005721,0.0046025,0.0043071,0.0040047,0.0038548
0.00054358,0.0010285,0.0013446,0.00065151,0.0021972,0.0022604,0.0038453,0.0073321,0.016315,0.021781,0.01922,0.009428,0.0068548,0.0052382,0.0060853,0.0047483,0.0051289,0.010927,0.00053981,0.00016106,0.00031352,0.00018125,0.0011733,0.0015225,0.0025882,0.0061909,0.0060845,0.0084055,0.0040578,0.0027396,0.0020805,0.0020832,0.0020202,0.0019894,0.0029774,0.00041772,0.00068115,0.00093227,0.0013121,0.0014667,0.0023966,0.0041778,0.0092244,0.021255,0.01405,0.0068548,0.0048805,0.0039426,0.0035106,0.0033671,0.0032864,0.0065614,0.0045544,0.006749,0.0099115,0.014059,0.020528,0.032684,0.058884,0.1592,0.50804,0.078474,0.053859,0.042885,0.035959,0.033104,0.031741,0.030949,0.015883,0.0006358,0.00047724,0.00047249,0.00089052,0.0010382,0.0016798,0.0032773,0.0068761,0.017254,0.0075421,0.0032911,0.0023927,0.0020043,0.0022336,0.0027322,0.002142,9.7293e-05,0.0025618,0.0027691,0.002905,0.0029136,0.00361,0.0046706,0.0080522,0.016252,0.049469,0.010356,0.0043143,0.0025106,0.0018462,0.0010887,0.00061802,0.00070382,0.047038,0.0048417,0.0049525,0.0041571,0.0053747,0.006971,0.0082318,0.013064,0.030364,0.035816,0.064183,0.022197,0.014512,0.010214,0.0096783,0.0081635,0.0085965,0.021172,0.00032386,0.0001004,0.0006063,0.0004332,9.346e-05,0.00024435,0.00012784,0.0012104,0.010109,0.0015305,0.00033825,0.00019125,0.00031898,0.00018186,6.8225e-05,4.5776e-05,0.0062028,0.00022661,0.00046955,0.00058926,0.0010834,0.00071568,0.0014427,0.0022835,0.0036908,0.03145,0.016783,0.0064137,0.004334,0.0032465,0.0030945,0.0028699,0.0027733,0.0011826,0.015502,0.015418,0.016129,0.018789,0.021339,0.026307,0.03612,0.072353,0.10866,0.052901,0.023986,0.013834,0.0095414,0.0058985,0.0059515,0.0055695,0.015221,0.0017786,0.0021765,0.0022227,0.0025271,0.0027563,0.0036355,0.0046138,0.0075237,0.047308,0.0084813,0.0035087,0.0021498,0.0011706,0.00083117,0.00060383,0.00043108,0.0052472,0.00080013,0.00077302,0.001141,0.0015672,0.0024557,0.0032668,0.005702,0.010922,0.056734,0.012417,0.0070763,0.0051804,0.0043305,0.0039717,0.0034758,0.0033398
0.0021115,0.001236,0.0019072,0.0017611,0.0020222,0.0025155,0.0024759,0.0020487,0.00089823,0.038642,0.0094683,0.0033014,0.0012974,0.0020444,0.0016931,0.00090333,0.0008526,0.0092031,0.00065944,0.00032054,0.00012222,0.00018672,0.00033913,0.00095429,0.0014723,0.0028699,0.0094658,0.0019946,0.0013759,0.00093213,0.00097656,0.00075611,0.00076199,0.00064659,0.003706,0.0010713,0.0014667,0.0016574,0.0017738,0.0019675,0.0028938,0.002671,0.0048381,0.034772,0.0084847,0.0031145,0.0018854,0.0012274,0.00048963,0.00036369,0.00011251,0.021174,0.030452,0.032544,0.033966,0.037893,0.04333,0.054778,0.07985,0.14954,0.30398,0.10163,0.047617,0.031746,0.022586,0.016395,0.01362,0.013006,0.015089,0.0015785,0.0012911,0.0015096,0.0014799,0.0018329,0.0025954,0.0034622,0.0071454,0.015736,0.0071584,0.0032336,0.0021528,0.0015619,0.0011446,0.001656,0.002245,0.0051518,0.0027607,0.0028195,0.0031839,0.0033732,0.0039493,0.004689,0.0060692,0.012536,0.032271,0.010066,0.0049243,0.003108,0.0023863,0.0014908,0.0010765,0.00078394,0.034556,0.0081177,0.0080385,0.0082075,0.0087113,0.010187,0.012179,0.015132,0.02505,0.053434,0.076807,0.021394,0.011196,0.0058451,0.0046528,0.0040109,0.0039044,0.021628,0.0010724,0.0018565,0.0017972,0.0019501,0.0023862,0.0032335,0.0039962,0.0067111,0.017468,0.013672,0.0057899,0.003119,0.0026894,0.0020782,0.0015806,0.0017033,0.0060216,0.0006615,0.00058483,0.00068845,0.00093846,0.0015758,0.0020972,0.0032709,0.0063203,0.012651,0.018691,0.0062448,0.0040181,0.0033212,0.003038,0.0028328,0.0027523,0.0066567,0.011336,0.01499,0.018431,0.022271,0.02632,0.028925,0.032007,0.030707,0.20564,0.052349,0.025294,0.019194,0.014467,0.010597,0.0076012,0.0065995,0.015879,0.0037,0.0032935,0.0037603,0.0030731,0.0044518,0.0063456,0.0082098,0.013646,0.042011,0.015313,0.0053611,0.0040099,0.0028881,0.0019651,0.0011668,0.00035668,0.0015202,0.0029705,0.0027422,0.0023573,0.0013441,0.00068534,0.0017745,0.005206,0.012051,0.054433,0.022358,0.0094529,0.0055848,0.0038372,0.0026618,0.0019625,0.0018406
0.0074006,0.0018212,0.0029846,0.0025285,0.0033572,0.0038214,0.0054097,0.0063405,0.013481,0.022275,0.024125,0.008877,0.006067,0.0054321,0.0043929,0.0033887,0.0036965,0.008444,0.00087504,0.0011853,0.0010882,0.0017595,0.0010836,0.0017204,0.002219,0.0027319,0.018747,0.0099308,0.0028399,0.0019286,0.0012571,0.0010781,0.00097111,0.00086403,0.00028992,0.0017716,0.0020403,0.002351,0.0023708,0.0030002,0.0038189,0.0053276,0.0089165,0.019165,0.021457,0.0081503,0.0052014,0.0043668,0.0035745,0.0031319,0.0031548,0.020039,0.0094955,0.0099083,0.012274,0.014183,0.018865,0.026736,0.045189,0.12434,0.47435,0.058627,0.038815,0.031554,0.02553,0.023312,0.021103,0.02068,0.0085641,0.00021954,0.00050187,0.00053323,0.00065068,0.000556,0.00076584,0.0014206,0.0044886,0.02025,0.0024366,0.0017328,0.00082793,0.00080658,0.00096821,0.00015311,0.00069046,0.0027733,0.0018602,0.0019068,0.0018943,0.0022986,0.0024273,0.0026771,0.0037365,0.0084166,0.04556,0.0074415,0.0029124,0.0016073,0.0011819,0.00075154,0.00068469,0.00049972,0.05387,0.0077514,0.0081181,0.0083388,0.0090976,0.010576,0.012545,0.01581,0.028818,0.10061,0.072691,0.019629,0.0099387,0.0066949,0.0046747,0.0028321,0.0025502,0.014281,0.00062633,0.000448,0.00070989,0.0013737,0.0013539,0.001953,0.0027964,0.0045921,0.042761,0.021825,0.0074097,0.0046192,0.0034426,0.0032546,0.0029772,0.0030041,0.0017891,0.0016818,0.0019201,0.0020657,0.0021,0.0024241,0.0028476,0.0044057,0.0035462,0.025073,0.017116,0.0050276,0.0026457,0.0017192,0.0012655,0.00085657,0.0008812,0.0021172,0.0062909,0.0079409,0.0077872,0.0087902,0.0113,0.015557,0.024917,0.055758,0.083724,0.064176,0.033941,0.022584,0.018745,0.017146,0.016972,0.014118,0.013092,0.0014966,0.0014068,0.00076449,0.0017019,0.0017573,0.002446,0.0039085,0.0077801,0.04794,0.016016,0.0068082,0.004909,0.0040647,0.0025237,0.0029001,0.0029374,0.00070191,0.0032,0.0032692,0.0033322,0.0038277,0.004523,0.0053062,0.0062172,0.010207,0.06174,0.019007,0.0065653,0.0035865,0.0021826,0.0013969,0.00084171,0.00070191
0.0040436,0.0036014,0.0029531,0.0028713,0.0033231,0.003827,0.0049364,0.007456,0.014588,0.026914,0.025475,0.0095938,0.0061215,0.0072478,0.0032548,0.002904,0.0033761,0.0077459,0.0012115,0.0016728,0.0018697,0.0017073,0.0019993,0.0027442,0.0039518,0.0068864,0.01148,0.012579,0.0045715,0.0029339,0.0024189,0.0018902,0.001834,0.0017948,0.0047494,0.0012524,0.001297,0.0014261,0.0017059,0.0019215,0.0026177,0.004003,0.0065742,0.019819,0.016458,0.0060661,0.0037869,0.0031781,0.0026728,0.0024495,0.0023766,0.035887,0.021853,0.022741,0.023995,0.026734,0.03073,0.038488,0.052405,0.10453,0.31761,0.070865,0.032932,0.020943,0.012556,0.0080446,0.0059387,0.0055867,0.0066987,0.00080928,0.0010725,0.001225,0.0010767,0.0012079,0.0017705,0.0019707,0.0047086,0.015565,0.002707,0.0015196,0.00071658,0.00064814,0.00032,0.0002221,0.00031281,0.00069812,0.0015786,0.0017952,0.002071,0.0019791,0.0023109,0.003074,0.0049098,0.0080446,0.02944,0.0079108,0.0032589,0.0020037,0.0014184,0.0012621,0.0013407,0.001339,0.04547,0.0039384,0.0034856,0.0037934,0.0041683,0.005018,0.0063989,0.0080679,0.0066739,0.026644,0.046764,0.01076,0.0060152,0.002466,0.0032432,0.001882,0.0018254,0.012539,0.0021277,0.0024742,0.002216,0.0025405,0.0017869,0.0021378,0.0016678,0.0017072,0.011731,0.0017364,0.0023053,0.0025847,0.0025485,0.0024649,0.0025175,0.0025406,0.0094797,0.0049584,0.004639,0.0044,0.003819,0.0026534,0.0012941,0.0017673,0.0076918,0.03926,0.032608,0.014275,0.010068,0.0079297,0.0067429,0.0060676,0.0058366,0.014319,0.0088853,0.0085991,0.008589,0.010212,0.010548,0.013529,0.018417,0.035678,0.20253,0.054572,0.019201,0.011638,0.0082092,0.0055185,0.0043768,0.0037747,0.010735,0.0025256,0.0034667,0.0027887,0.0037457,0.0042424,0.0047621,0.0069553,0.010966,0.03918,0.017144,0.0070557,0.0042594,0.0027499,0.0025829,0.0016708,0.001564,0.0073224,0.0020003,0.0023302,0.002549,0.0027102,0.0033649,0.0040432,0.0068813,0.011373,0.040305,0.017065,0.0076192,0.0052534,0.0041111,0.0036132,0.0034128,0.0032826
0.0054303,0.0028727,0.0028715,0.0033656,0.0030224,0.0037672,0.0046323,0.0064914,0.010179,0.045588,0.010168,0.0046464,0.0030313,0.0024467,0.0022458,0.00080301,0.00060844,0.0031624,0.0016781,0.00065085,0.00088406,0.00055844,0.00039766,0.00084959,0.0012045,0.0020967,0.02344,0.0031791,0.0012014,0.00097168,0.00065255,0.00031986,0.00034182,0.00024796,0.00016021,0.0015212,0.0012328,0.0012511,0.0017759,0.0017528,0.0021387,0.0024961,0.0057874,0.035546,0.0056873,0.0019702,0.001112,0.0008224,0.00065423,0.00020973,3.8151e-05,0.0073377,0.0044393,0.0039407,0.00845,0.011194,0.01531,0.025038,0.044609,0.11339,0.47493,0.08867,0.05245,0.039696,0.033262,0.030254,0.027721,0.028216,0.0065232,0.00073798,0.000377,0.00043526,0.00065351,0.00066388,0.00093368,0.0016952,0.0042727,0.023812,0.0022939,0.0012967,0.0010495,0.00096255,0.00086265,0.0010283,0.00059129,0.0033608,0.0014859,0.0015679,0.001855,0.0026481,0.0027674,0.0037811,0.0050918,0.014408,0.064225,0.0083921,0.0048932,0.0034046,0.0028394,0.0027491,0.0022362,0.0020638,0.04205,0.001635,0.0015387,0.00065829,0.0010572,0.00031725,0.00068017,0.00084443,0.013887,0.17239,0.0081179,0.0032888,0.0013269,0.00089781,0.0022708,0.0011591,0.0018502,0.012228,0.00088653,0.00071399,0.00060691,0.001324,0.0013016,0.0013748,0.0027765,0.0074673,0.036785,0.007866,0.0021116,0.001531,0.00126,0.0016583,0.001118,0.000906,0.0024548,0.0021548,0.0021728,0.0023008,0.0028956,0.0032208,0.004246,0.0062707,0.010996,0.016695,0.010631,0.00456,0.0030804,0.0024099,0.0021993,0.0016254,0.001585,0.0069581,0.0046408,0.0031143,0.0040017,0.0045867,0.0050953,0.0060174,0.010938,0.020962,0.11202,0.016735,0.0057589,0.0036605,0.0021359,0.0031351,0.001272,1.1452e-05,0.0067197,0.001862,0.00080529,0.00068939,0.00087752,0.00088661,0.0016722,0.0023924,0.0060664,0.047678,0.0058474,0.0029473,0.001874,0.0015494,0.0013847,0.001402,0.0015812,0.0042096,0.00048925,0.00052365,0.00081267,0.00078173,0.0012642,0.0022896,0.0030798,0.011425,0.088379,0.0071412,0.0044007,0.0033725,0.0028543,0.0022513,0.0024734,0.0024548
0.020895,0.0055427,0.0024532,0.0013775,0.0025356,0.0011912,0.0022266,0.0034668,0.0029365,0.067003,0.014074,0.0057498,0.0040552,0.0039911,0.0013822,0.0025191,0.00107,0.010609,0.0047544,0.0015364,0.00099897,0.00052581,0.0019779,0.0018744,0.0017514,0.0035769,0.020545,0.0060137,0.002973,0.0022489,0.0019249,0.0020802,0.0016771,0.0016404,0.0014439,0.0015662,0.00066242,0.00079243,0.0012139,0.0015247,0.001789,0.0024416,0.0041371,0.032179,0.010086,0.0046894,0.003234,0.0027889,0.0021724,0.0020926,0.0020123,0.028649,0.026279,0.024543,0.027449,0.029505,0.035201,0.043688,0.061241,0.15273,0.35613,0.071454,0.031777,0.019808,0.011465,0.0069258,0.0035131,0.00085067,0.016472,0.0060294,0.0034629,0.0024604,0.002479,0.0017324,0.0023702,0.0029694,0.0068569,0.016158,0.004055,0.0022415,0.0012329,0.0012147,0.00063797,0.0005409,0.00024414,0.0015907,0.0018621,0.00069991,0.0008869,0.0008897,0.0020927,0.0025147,0.004469,0.01113,0.05561,0.0079794,0.004431,0.0033029,0.0027908,0.0022193,0.0022945,0.0022545,0.040026,0.002726,0.003505,0.0047902,0.0049676,0.0073917,0.0093503,0.013638,0.02229,0.02574,0.050141,0.022071,0.014263,0.011277,0.0099164,0.0097027,0.0085431,0.0084211,0.0070075,0.0030164,0.0027313,0.0016217,0.0014789,0.0019222,0.0018113,0.0023398,0.019647,0.0048736,0.0018927,0.0008027,0.00059485,0.00055594,0.00038614,0.00022697,0.0020142,0.0028922,0.00092328,0.0010519,0.0011572,0.0021168,0.0019925,0.0020549,0.0031826,0.054927,0.0088673,0.0026314,0.0019197,0.0013633,0.001072,0.00099363,0.00081255,0.011526,0.0049009,0.0042216,0.0038234,0.0032675,0.0041585,0.0057095,0.0085088,0.017047,0.18395,0.01726,0.0085655,0.0051867,0.0039621,0.0041505,0.0031057,0.0035268,0.0054589,0.0044754,0.0021696,0.0014429,0.0010065,0.0011619,0.00029333,0.00059369,0.0030761,0.043789,0.0026904,0.00066749,0.00088754,0.00079617,0.00081165,0.00060222,0.00040055,0.0046998,0.0015063,0.001809,0.001812,0.0020004,0.0012332,0.0015077,0.003113,0.0064079,0.067334,0.0066562,0.0032409,0.0020829,0.0016146,0.0014672,0.0012624,0.001358
0.045319,0.0059531,0.0050798,0.0034983,0.0037535,0.0048231,0.0060377,0.0081929,0.0050388,0.051878,0.016407,0.0061518,0.003169,0.0014052,0.0041528,0.00208,0.0016518,0.041388,0.0063571,0.0035547,0.0026873,0.0036065,0.00093852,0.0013315,0.00153,0.0025632,0.020241,0.0077031,0.0024798,0.0014489,0.0013091,0.0010835,0.00066498,0.00072672,0.0065442,0.0028319,0.002704,0.0024422,0.0023636,0.002351,0.0032319,0.004209,0.0075415,0.028104,0.011899,0.0041418,0.0022028,0.0013368,0.00080369,0.00055048,0.00028802,0.0011959,0.0065309,0.0059749,0.0068773,0.0091538,0.012824,0.019033,0.033294,0.071555,0.26858,0.073158,0.041588,0.029652,0.024855,0.022168,0.021557,0.021433,0.052304,0.0089324,0.00291,0.0020532,0.00098443,0.0011597,0.00084357,0.00073398,0.0015246,0.019724,0.0034226,0.0019235,0.0018358,0.0018603,0.0014681,0.0010268,0.000927,0.0070363,0.0016094,0.0014644,0.0013706,0.0013376,0.00086165,0.0016522,0.0019264,0.0063706,0.040282,0.0039568,0.0022898,0.0016155,0.0013657,0.0010215,0.001066,0.0010624,0.040448,0.010798,0.01127,0.0022676,0.013579,0.012957,0.0055712,0.024686,0.028946,0.038984,0.077794,0.014782,0.0056862,0.0083162,0.0025129,0.0021598,0.0026169,0.046195,0.0085609,0.0037265,0.0029271,0.0033082,0.0015403,0.0021787,0.0059639,0.0075956,0.015267,0.016034,0.0021072,0.0015643,0.0022986,0.00083174,0.0006766,0.00093652,0.013735,0.0034287,0.0003871,0.0017133,0.0014663,0.0023946,0.0013666,0.0050914,0.011021,0.0019169,0.033102,0.009625,0.0026876,0.0077021,0.0038629,0.0028588,0.0062009,0.035597,0.0073983,0.0039695,0.0038455,0.003581,0.0043458,0.0052044,0.0055362,0.02027,0.22805,0.020379,0.0062073,0.0028679,0.0020078,0.0024969,0.0018188,0.001154,0.032097,0.0071684,0.0026553,0.00054791,0.0011915,0.0015045,0.0016051,0.0016101,0.0049379,0.050242,0.0093617,0.0034558,0.0022436,0.002475,0.0010503,0.0012073,0.0015488,0.0017185,0.00095726,0.00036115,0.00070749,0.0011806,0.0012186,0.0017995,0.002655,0.0073045,0.053458,0.010689,0.0045174,0.0033841,0.0027935,0.0023951,0.0022954,0.0022908
0.044472,0.0043569,0.0017211,0.0021308,0.0017975,0.0022893,0.0028877,0.004474,0.0096306,0.047778,0.01264,0.0064049,0.0043864,0.0021608,0.0055667,0.0038327,0.0036812,0.042327,0.0035606,0.0019819,0.0010986,0.00045941,0.00033924,0.00083521,0.0012621,0.0033573,0.01426,0.0054291,0.0032385,0.0023385,0.0020717,0.0018185,0.0016675,0.0016957,0.0088884,0.00062138,0.0006046,0.00061714,0.000724,0.0014958,0.0015781,0.0029284,0.0054414,0.043652,0.0080578,0.0040787,0.0029473,0.0021545,0.0020317,0.0020758,0.0020142,0.0059968,0.0054078,0.0041062,0.0051965,0.0058007,0.0066032,0.008491,0.013486,0.040394,0.2932,0.0055472,0.0033692,0.0011715,0.0015408,0.001507,0.00042225,0.0012779,0.055648,0.0059286,0.0018508,0.0011509,0.0011839,0.0012911,0.00082506,0.00098821,0.0013304,0.016449,0.0014383,0.0011449,0.00056316,0.000973,0.00010489,0.0002141,0.00049402,0.0073815,0.00083126,0.00016205,0.00042259,0.0008327,0.000207,0.0009851,0.00062788,0.0026469,0.025049,0.0023905,0.0014561,0.0011031,0.00078489,0.00089891,0.00084984,0.00079346,0.041388,0.0025128,0.0029804,0.0019705,0.002674,0.0035398,0.003709,0.0056859,0.013785,0.11511,0.0065654,0.0045728,0.0025759,0.0017888,0.0018971,0.00097122,0.00016212,0.04556,0.005148,0.0036732,0.0029826,0.0037674,0.0024382,0.0031469,0.0037742,0.0084648,0.0092462,0.009972,0.0030014,0.0020038,0.0011517,0.00078641,0.00035062,0.00028992,0.01471,0.0011063,0.00052009,0.00031433,0.00025528,0.00063134,0.0012305,0.0029065,0.0063366,0.02405,0.0061396,0.0042569,0.0032422,0.0027108,0.0022046,0.0023889,0.0021935,0.037518,0.0049318,0.0018916,0.0010752,0.0010338,0.001145,0.00078571,0.0024997,0.011674,0.20688,0.0053453,0.0015087,0.00070006,0.00057974,0.0005626,0.00011651,0.0010529,0.034947,0.004073,0.0010771,0.0013521,0.00043041,0.00047746,0.00047446,0.00089696,0.0025783,0.049969,0.0027819,0.0014968,0.0012551,0.0010068,0.0016981,0.00070151,0.00082399,0.00092317,0.00021125,5.4776e-05,0.0001417,0.00069762,0.00063836,0.00048447,0.00058609,0.0019928,0.050267,0.00024976,0.00039878,0.00043091,0.00028353,0.00012669,0.00020617,0.00025941
0.024201,0.003715,0.0028794,0.0021445,0.0023612,0.0031985,0.003063,0.0041032,0.0088199,0.041747,0.011665,0.0045792,0.0033848,0.0031451,0.0014073,0.00075871,0.0012207,0.020348,0.0034956,0.0016459,0.0016206,0.0014057,0.0014979,0.0016839,0.0020496,0.0037156,0.018302,0.0050707,0.0020071,0.0012979,0.00073083,0.00082873,0.00042367,0.00053786,0.010119,0.0011206,0.001458,0.0012874,0.001404,0.0016754,0.0023027,0.0030553,0.0045666,0.046503,0.0067875,0.0030568,0.0018223,0.0011942,0.00075054,0.00063254,0.00063895,0.00076104,0.036515,0.013287,0.035513,0.029675,0.033107,0.057312,0.029139,0.16935,0.18317,0.13599,0.021238,0.033216,0.014876,0.01321,0.011368,0.0086957,0.025553,0.0046297,0.003011,0.0020428,0.0021885,0.0017183,0.0028707,0.0020116,0.0086657,0.0056501,0.0065715,0.00077032,0.0019486,0.00090817,0.00095903,0.0013768,0.0002575,0.0082113,0.0014625,0.00095559,0.0012905,0.0011658,0.0016886,0.0013884,0.0025198,0.0072839,0.010088,0.0053496,0.00065867,0.0017952,0.00090852,0.00090224,0.00070039,0.00068093,0.038678,0.00093822,0.0017964,0.0011419,0.0014118,0.0014311,0.0021011,0.0033638,0.0014835,0.068314,0.0052083,0.0021628,0.0014728,0.00093406,0.0015288,0.0013132,0.0013276,0.018309,0.0043623,0.0020707,0.0015819,0.0012216,0.0010795,0.00049251,0.00083738,0.0010178,0.019666,0.00080141,0.00069979,1.3373e-05,0.00015233,0.00014832,0.00019884,5.1513e-05,0.0086042,0.0010601,0.0005932,0.00066286,0.00072807,0.00066271,0.0006886,0.0013931,0.0015558,0.049824,0.0044194,0.0022047,0.0015589,0.0011483,0.0010573,0.00097833,0.0009327,0.011286,0.0036884,0.0014095,0.0013232,0.00095516,0.0010005,0.00075442,0.0027194,0.0078927,0.23625,0.0080562,0.0041039,0.0029955,0.0024463,0.0031649,0.0021887,0.0025006,0.01899,0.002746,0.0016583,0.0017934,0.00087043,0.0011943,0.0013003,0.0014497,0.004149,0.0456,0.0030139,0.0010004,0.00042893,0.00025645,0.00088783,7.6361e-05,0.00029756,0.00070764,0.001152,0.0011965,0.00094034,0.0011386,0.0011929,0.0015969,0.0024265,0.0051238,0.04129,0.002824,0.0015279,0.00089993,0.00054872,0.00059888,0.00042839,0.0003872
0.040517,0.011736,0.0069636,0.0054326,0.0065289,0.0065194,0.0083375,0.012814,0.026268,0.046289,0.025114,0.0090288,0.0060141,0.005241,0.0046899,0.0030379,0.0028,0.0081483,0.00098029,0.00084761,0.00079141,0.00051724,0.00072399,0.0014522,0.0013539,0.005079,0.024481,0.0084542,0.0027686,0.0017826,0.0014775,0.0011533,0.0013216,0.0010681,0.010971,0.0017182,0.001683,0.0019199,0.0022555,0.0024586,0.0031533,0.0046938,0.015057,0.016064,0.01954,0.0077305,0.0051886,0.0042484,0.0037651,0.0033585,0.0033684,0.01021,0.0096905,0.0091798,0.0098511,0.013399,0.018713,0.03065,0.052798,0.14875,0.43155,0.098396,0.057524,0.043742,0.036845,0.033238,0.031364,0.031024,0.028984,0.0071389,0.0028681,0.0023068,0.002167,0.0024375,0.0025601,0.0031152,0.0076254,0.013938,0.0033597,0.0016363,0.0013341,0.00071925,0.00081775,0.00094745,0.0014649,0.0094854,0.0024812,0.002626,0.0027427,0.0030491,0.0034514,0.004141,0.0056008,0.014852,0.023967,0.0059469,0.0031534,0.0020241,0.001617,0.0013195,0.00099536,0.0011539,0.049041,0.008253,0.0045462,0.0046112,0.0042129,0.0046089,0.0081185,0.010957,0.024601,0.029896,0.039394,0.015543,0.011117,0.0096489,0.0078221,0.0074233,0.007578,0.017515,0.0054817,0.0029251,0.0020266,0.00095165,0.00082,0.00085817,0.00062496,0.00049306,0.019067,0.0023969,0.0002228,0.00038413,0.0002298,0.00018883,0.00023346,0.00017358,0.015793,0.0032222,0.0018425,0.0013629,0.0014505,0.0015929,0.0018919,0.0022199,0.0053249,0.06003,0.011008,0.0036346,0.0024019,0.0017259,0.0014141,0.0013608,0.0012818,0.0088979,0.023496,0.014488,0.015987,0.019541,0.014391,0.024536,0.056634,0.099048,0.16712,0.063362,0.056253,0.034104,0.012938,0.012559,0.018893,0.019923,0.0042611,0.0043751,0.0043638,0.0040698,0.0012463,0.0030835,0.0072701,0.010396,0.012012,0.042071,0.015864,0.011314,0.0075023,0.0025643,0.00097161,0.0041216,0.0047341,0.0049973,0.0032471,0.0037248,0.0029121,0.0011293,0.0026916,0.0068132,0.0095349,0.0053973,0.03686,0.016455,0.010538,0.0049618,0.0027955,0.003641,0.0037633,0.0033799
0.082668,0.0082555,0.0054719,0.0082325,0.0072707,0.0093248,0.010602,0.01551,0.03966,0.020789,0.034387,0.014036,0.0080394,0.0081406,0.0053427,0.0040572,0.0038663,0.0090524,0.0015165,0.0014787,0.0017416,0.0023902,0.0022646,0.0030203,0.004326,0.0095965,0.012173,0.0098049,0.0037881,0.0022652,0.00162,0.0010484,0.00095015,0.00099184,0.0079233,0.0027919,0.0030025,0.0033073,0.0036815,0.0040838,0.004958,0.0078681,0.01189,0.025788,0.021294,0.0083462,0.005072,0.0036522,0.0033993,0.0029515,0.0028839,0.077865,0.031051,0.031403,0.034049,0.039263,0.046119,0.059097,0.092553,0.21689,0.40419,0.089827,0.05068,0.036723,0.028057,0.024425,0.020091,0.020666,0.068099,0.0046233,0.0028392,0.0024473,0.0016668,0.0022579,0.0027221,0.0039592,0.0084068,0.024669,0.0022206,0.0019368,0.0011049,0.0012442,0.0010021,0.0022144,0.0013218,0.023234,0.0021912,0.0020531,0.0022649,0.002456,0.0028209,0.0036893,0.0055163,0.01783,0.068505,0.0016497,0.0026058,0.0019988,0.0015463,0.0012279,0.0010646,0.0011501,0.093793,0.005009,0.0033041,0.0031718,0.0033262,0.0040138,0.0052774,0.0064609,0.017986,0.13687,0.020073,0.0083951,0.0049576,0.0047729,0.0014898,0.002358,0.0026284,0.047459,0.0031208,0.0019902,0.0012695,0.0011251,0.0014215,0.0017536,0.0023525,0.005704,0.016513,0.0066456,0.00063985,0.0011669,0.00092182,0.00043146,0.0004693,0.00061417,0.036915,0.0028453,0.0022114,0.0022115,0.0024328,0.0029794,0.0032865,0.0054058,0.011019,0.0044835,0.013223,0.0058942,0.003775,0.0027928,0.0022907,0.0021478,0.0023003,0.080608,0.0095091,0.0075352,0.0082367,0.010195,0.011369,0.016845,0.027849,0.089831,0.12145,0.044847,0.024775,0.019228,0.014815,0.015072,0.013915,0.013693,0.0022679,0.0017885,0.0010129,0.00050382,0.0006936,0.00071801,0.0013648,0.0019039,0.0048023,0.050558,0.0040505,0.0024248,0.0018289,0.00068275,0.0012777,0.0014488,0.0015125,0.011532,0.00066772,0.00037762,0.000349,0.00048848,0.00047835,0.00054689,0.0012483,0.0089065,0.087101,0.0047973,0.00068675,0.00036013,0.00037775,0.00044289,0.00034429,0.00036622
0.12018,0.0027314,0.0028383,0.0036596,0.0037268,0.0044396,0.0063952,0.0063623,0.015773,0.019546,0.030828,0.009989,0.0061612,0.0035295,0.0041636,0.0033122,0.0041485,0.0042287,0.0019047,0.0016569,0.0017185,0.0014625,0.0015953,0.0022672,0.0030599,0.0067325,0.0018458,0.012015,0.0041634,0.0025667,0.0018693,0.0017597,0.0017357,0.0014401,0.015845,0.0025263,0.0023343,0.0023422,0.0028662,0.0029251,0.003717,0.0060017,0.011531,0.026211,0.018131,0.0056373,0.0032293,0.0022151,0.0024437,0.0016374,0.0015965,0.040625,0.026947,0.026993,0.030411,0.032426,0.039703,0.051615,0.077091,0.20273,0.37476,0.094181,0.054764,0.039744,0.031919,0.028678,0.024668,0.024603,0.085983,0.0034943,0.0016101,0.0026863,0.002151,0.002129,0.0024054,0.0031129,0.0090547,0.012931,0.0055973,0.0030991,0.0019811,0.0018691,0.0019853,0.0014516,0.0011692,0.029152,0.00048223,0.00068678,0.00081422,0.0017009,0.0024883,0.0037711,0.0077186,0.019604,0.007812,0.014329,0.0084516,0.0062464,0.0055568,0.0050321,0.00448,0.0043755,0.1186,0.006772,0.005445,0.0065884,0.0078921,0.0077083,0.0092097,0.01265,0.025087,0.14264,0.024982,0.0089714,0.005516,0.0022735,0.0037618,0.0024325,0.0012036,0.062116,0.00080181,0.0001385,0.00093052,0.00093723,0.0014722,0.0013179,0.0018192,0.0048992,0.019692,0.0073609,0.0028477,0.0018798,0.0015216,0.0010743,0.0012493,0.0011254,0.04559,0.0024484,0.0018355,0.0014976,0.002162,0.0020527,0.0024947,0.0031454,0.0082919,0.017988,0.011318,0.0040908,0.002369,0.0019748,0.0016342,0.0012299,0.0015221,0.096296,0.0074574,0.0072277,0.0070552,0.0070602,0.0084583,0.011487,0.014397,0.026471,0.23264,0.022102,0.011151,0.0078594,0.0060029,0.0063322,0.0048363,0.0058823,0.0051518,0.0024979,0.0029771,0.0038635,0.0025116,0.0027865,0.0044588,0.005967,0.0087453,0.05107,0.013031,0.0058674,0.003524,0.0022919,0.0038858,0.0018531,0.0022869,0.015288,0.0020781,0.0017323,0.0019831,0.0029014,0.003528,0.0054551,0.0093931,0.019444,0.034178,0.023802,0.011774,0.0084873,0.006925,0.0063643,0.0058141,0.005869
0.072873,0.011886,0.0072615,0.004947,0.0049124,0.0054117,0.0057928,0.0079526,0.023333,0.04161,0.01552,0.0063118,0.0037018,0.0039802,0.0016638,0.00086192,9.5364e-05,0.0044556,0.00073459,0.0011598,0.0010973,0.001768,0.0022425,0.002261,0.0027847,0.0068122,0.016015,0.0073908,0.0033275,0.0021498,0.0015214,0.0013784,0.0012089,0.0010986,0.017922,0.0022401,0.0016788,0.0017987,0.001841,0.0020357,0.0019769,0.0030599,0.0071415,0.01753,0.0075404,0.0031014,0.001574,0.00086875,0.00055208,0.00017662,7.6264e-05,0.041537,0.0075699,0.0032393,0.0025945,0.0061209,0.010077,0.014428,0.027724,0.056833,0.43465,0.057648,0.034397,0.026112,0.022098,0.019554,0.019157,0.019419,0.054429,0.0087787,0.0041339,0.00247,0.0022305,0.0014645,0.0015269,0.00063036,0.00076194,0.021677,0.0030367,0.0019496,0.002005,0.0017799,0.0021249,0.0012383,0.00078966,0.029158,0.0012219,0.00046753,0.00044033,0.00078071,0.0010092,0.00062524,0.00041257,0.0038355,0.045048,0.0048599,0.0015786,0.00098982,0.00060806,0.00078787,0.0005281,0.00045204,0.080163,0.010523,0.0089235,0.0080892,0.0080966,0.010337,0.011189,0.017463,0.047449,0.14554,0.0205,0.0095949,0.0049967,0.0039975,0.0024172,0.002088,0.00094988,0.035292,0.0068312,0.0035478,0.0023057,0.0021064,0.001131,0.00067635,0.0021562,0.0043792,0.0074899,0.0094208,0.0044852,0.0038092,0.0031356,0.0027614,0.0025502,0.0024472,0.03818,0.0031267,0.0020614,0.0020576,0.0024605,0.0023116,0.0032431,0.0056445,0.013248,0.024048,0.016886,0.007609,0.0054678,0.0044797,0.0039773,0.0036401,0.0036526,0.05424,0.015,0.012504,0.012058,0.012504,0.013615,0.016626,0.0236,0.040263,0.12689,0.075887,0.028078,0.018644,0.014294,0.011925,0.011136,0.011637,0.0021916,0.0024015,0.0016021,0.0022135,0.0022254,0.0028032,0.0043224,0.0054493,0.010993,0.039707,0.026558,0.010187,0.0069103,0.0060188,0.0045808,0.0043745,0.0045186,0.017483,0.0022984,0.0023085,0.0022714,0.0026805,0.0033231,0.0045622,0.0048773,0.010231,0.066741,0.020476,0.0073459,0.0046701,0.0035811,0.0028821,0.0025949,0.0024338
0.027893,0.0071988,0.0038077,0.004511,0.0042364,0.005241,0.0057986,0.0084633,0.016612,0.034933,0.023986,0.0086135,0.0050387,0.0042598,0.0033206,0.0028957,0.0033226,0.00012397,0.0011137,0.0013609,0.0016319,0.0023986,0.0014437,0.0019968,0.0028199,0.0051663,0.017105,0.0086656,0.002994,0.001715,0.0012513,0.0012711,0.00084165,0.00078775,0.02467,0.001884,0.0015285,0.0015506,0.0016924,0.0019925,0.0023512,0.0035531,0.0065438,0.01396,0.010855,0.0041843,0.002561,0.0020767,0.0015458,0.0014885,0.0014343,0.015015,0.0039935,0.0021512,0.0043208,0.0075326,0.011224,0.016861,0.030998,0.073767,0.35292,0.07941,0.043259,0.032482,0.027483,0.0243,0.023224,0.022869,0.013481,0.0040436,0.0022129,0.0019234,0.0011543,0.00079654,0.00064321,0.0011468,0.0025606,0.017775,0.0027098,0.0017283,0.0017968,0.0010246,0.0012655,0.0014619,0.0016518,0.022505,0.0016483,0.0019964,0.0021722,0.0024238,0.0026768,0.0033994,0.005089,0.010549,0.012998,0.012685,0.0058142,0.0040262,0.0028886,0.002876,0.0024857,0.0024891,0.046717,0.011027,0.0006874,0.0098355,0.0052391,0.010587,0.013238,0.015684,0.047006,0.079614,0.031058,0.0047924,0.0093578,0.0019748,0.0060609,0.0028867,0.0043049,0.00096512,0.0037372,0.0019986,0.0014783,0.0018067,0.0023881,0.0031309,0.0019465,0.010392,0.0092719,0.013474,0.0023687,0.0033848,0.0024079,0.0016963,0.0022544,0.00063707,0.026745,0.003275,0.0014381,0.0035977,0.0024854,0.0036849,0.0060477,0.0046825,0.023773,0.02552,0.035257,0.0074343,0.0093809,0.0077257,0.0036968,0.0079843,4.5761e-05,0.021267,0.010914,0.0090214,0.010429,0.011116,0.012197,0.01468,0.019338,0.026946,0.20772,0.059929,0.019619,0.0096102,0.0063002,0.0048653,0.0025664,0.00090028,0.001915,0.0033172,0.0034992,0.0025014,0.0040332,0.0047902,0.0061366,0.0068778,0.011569,0.041521,0.018668,0.0067406,0.0042478,0.0028514,0.00080129,0.0010198,0.0012512,0.023211,0.003939,0.0038092,0.0040041,0.0040644,0.0051859,0.0062876,0.0081599,0.014858,0.017499,0.021613,0.0083544,0.0052067,0.0038251,0.0029285,0.0025718,0.0023899
0.0077821,0.0046487,0.0026378,0.0035754,0.0035567,0.0034583,0.0049602,0.0069232,0.015679,0.004502,0.028781,0.010315,0.0069916,0.003391,0.0041867,0.0042082,0.0044022,0.0059472,0.0010644,0.0014551,0.0018832,0.0021868,0.0015693,0.0025203,0.0032141,0.006031,0.0046584,0.01204,0.0040068,0.0024349,0.0019389,0.0012776,0.0012628,0.001442,0.026202,0.0022483,0.0021656,0.00236,0.0025672,0.0027972,0.0032759,0.0043541,0.0082919,0.013185,0.019095,0.0051531,0.0029922,0.0017472,0.001576,0.0011788,0.0010891,0.0045205,0.01321,0.015271,0.01554,0.01623,0.019036,0.023793,0.03466,0.07771,0.4027,0.03446,0.019247,0.012023,0.0077576,0.0054656,0.0037193,0.0034409,0.0087186,0.0028168,0.0013878,0.0016598,0.00030672,0.00044847,0.00063493,0.00086357,0.0026066,0.019704,0.0034085,0.0015098,0.0011956,0.00091449,0.00076849,0.00053332,0.00021554,0.023716,0.00093751,0.00045582,0.0009189,0.00092114,0.00075881,0.0010334,0.0010373,0.00094349,0.053009,0.011378,0.0034492,0.002047,0.0015697,0.0015383,0.0011799,0.0012703,0.023466,0.0023861,0.0017229,0.00082489,0.001126,0.0016102,0.0026837,0.0041989,0.012601,0.12667,0.013204,0.006355,0.0043445,0.0040892,0.0029938,0.0027795,0.0030575,0.014679,0.002426,0.0012028,0.00088424,0.001025,0.0010035,0.0011015,0.0014106,0.0020029,0.011743,0.002859,0.00084619,0.00086348,0.00054699,0.00067799,0.00046969,0.00035859,0.01956,0.0012032,0.00098259,0.00072302,0.00081646,0.00098439,0.0015615,0.0024222,0.0036588,0.019453,0.0086293,0.0031721,0.0020683,0.0017994,0.0016204,0.0015033,0.0014286,0.027077,0.0086251,0.0088861,0.0091868,0.011418,0.013016,0.016432,0.024922,0.047855,0.081856,0.092963,0.035178,0.024487,0.018059,0.015438,0.014768,0.015084,0.011553,0.0027697,0.0032632,0.004133,0.0040214,0.0043843,0.0056158,0.0073883,0.011973,0.040851,0.024353,0.009812,0.0061601,0.0046387,0.0038853,0.0032993,0.0034581,0.021695,0.00075999,0.00052946,0.0010333,0.0010528,0.0021153,0.0027915,0.0043694,0.007032,0.060718,0.023023,0.0096514,0.0065802,0.0049964,0.0047062,0.0042522,0.004284
0.021485,0.0028478,0.0022368,0.0020569,0.0020421,0.0025718,0.0035798,0.0050906,0.0073932,0.048774,0.022564,0.0056792,0.003415,0.0040844,0.0041365,0.0031572,0.0024796,0.0011196,0.00086926,0.0010219,0.00099251,0.00088589,0.0014915,0.002204,0.0017608,0.0025827,0.016545,0.0089814,0.0024335,0.0011624,0.00086787,0.00039993,0.00034898,0.00011634,0.030583,0.002325,0.0024797,0.0024749,0.0026593,0.0032647,0.0034702,0.0041076,0.0064889,0.036754,0.021376,0.0061535,0.0032668,0.0021177,0.0017463,0.0013662,0.0011978,0.0029087,0.021858,0.021834,0.02424,0.025035,0.028499,0.032409,0.045278,0.0817,0.33899,0.06616,0.031145,0.019477,0.01517,0.012782,0.012587,0.011236,0.023182,0.0019829,0.001271,0.0021239,0.0011781,0.0011995,0.0017178,0.0026048,0.0056006,0.011237,0.0063231,0.0026768,0.0016183,0.00052733,0.0011449,0.00052221,0.00018311,0.0271,0.004906,0.0050145,0.0052736,0.0056682,0.0057771,0.0067473,0.0090815,0.013443,0.0083464,0.015164,0.004823,0.0023788,0.0011752,0.00069825,0.00029173,0.00014879,0.011723,0.0022384,0.00042858,0.00068693,0.0017763,0.0019196,0.0034357,0.0057042,0.013781,0.11841,0.016966,0.0094676,0.0069813,0.0064761,0.0039824,0.0042411,0.0044328,0.027325,0.0018041,0.0013602,0.00074079,0.00091367,0.001043,0.0013081,0.0018553,0.0029866,0.0083301,0.0043557,0.0016045,0.0011078,0.00044425,0.00068076,0.00043291,0.00033572,0.014099,0.00078812,0.00048592,0.00035614,0.00096884,0.00071477,0.00097197,0.0017345,0.0039551,0.018875,0.0044519,0.0023052,0.0016303,0.0014256,0.0014149,0.0011513,0.0010452,0.046231,0.010037,0.010587,0.010725,0.011891,0.013385,0.016603,0.022338,0.03321,0.18323,0.063594,0.02244,0.011157,0.0081401,0.0049282,0.0030467,0.0039445,0.011122,0.0040482,0.0037953,0.0043757,0.0039815,0.0048382,0.0056662,0.0077723,0.012479,0.045793,0.021204,0.0074762,0.0042082,0.0034678,0.001562,0.00090573,0.0007534,0.018652,0.0023713,0.0023812,0.0028097,0.0031914,0.0040689,0.0050714,0.0083506,0.013945,0.035684,0.030343,0.012941,0.0088236,0.007,0.0061626,0.0057225,0.0055066
0.033089,0.0011628,0.0013243,0.00029372,0.00074564,0.00081089,0.0018428,0.0030667,0.0053488,0.019981,0.01242,0.001146,0.00053314,0.0017967,0.0017237,0.00044206,0.00017548,0.0019989,0.00013857,0.00073088,0.00082754,0.00081675,0.0010284,0.0012256,0.0011225,0.0029307,0.01174,0.010583,0.0034699,0.0019236,0.0017664,0.0012847,0.0013147,0.0014191,0.028975,0.00056236,0.00075317,0.00045561,0.000727,0.00077494,0.00093326,0.0012505,0.0034108,0.0080526,0.015325,0.0026961,0.0010638,0.00083757,0.00052443,0.0003132,0.00023462,0.042063,0.015404,0.015461,0.017773,0.021052,0.0253,0.031152,0.049822,0.11346,0.40933,0.070142,0.037598,0.024955,0.020578,0.017997,0.016637,0.015692,0.031449,0.0009611,0.0010009,0.0016687,0.00063852,0.00068773,0.0012061,0.0022772,0.0042152,0.023262,0.0031765,0.0013558,0.0010322,0.00086992,0.00027887,0.00044389,0.00046539,0.02149,0.00029262,0.0002332,0.00055892,0.00055124,0.00085548,0.0013283,0.0024784,0.0061665,0.049339,0.0019464,0.001222,0.0011021,0.00094589,0.0012672,0.00094479,0.0009556,0.00045207,0.0032058,0.0041435,0.0036438,0.0043439,0.0041442,0.0047901,0.007396,0.010942,0.13381,0.024094,0.0090859,0.0046186,0.0042273,0.0037769,0.0027914,0.0029927,0.034049,0.0011444,0.001034,0.0012995,0.00083202,0.0013284,0.001157,0.0018333,0.0023451,0.01405,0.0073236,0.0019459,0.0014257,0.00097713,0.00034151,0.00041913,0.00045204,0.01335,0.0011897,0.0012034,0.0011683,0.0016902,0.0018836,0.0023765,0.0031212,0.0064203,0.030934,0.012309,0.0048298,0.0030372,0.0025511,0.002097,0.0018886,0.0018597,0.044892,0.0030285,0.0028363,0.0045239,0.0068137,0.0096436,0.01476,0.02179,0.056699,0.099044,0.079893,0.039175,0.027888,0.022805,0.020355,0.018821,0.019375,0.0091192,0.001367,0.0017816,0.0028187,0.0013536,0.0017629,0.0027563,0.0047224,0.0084865,0.041972,0.017928,0.0088276,0.0060218,0.005487,0.004212,0.0037273,0.0039654,0.019776,0.0018114,0.0018511,0.0020737,0.0025179,0.0028017,0.0032205,0.0048266,0.0056837,0.072464,0.018223,0.0069492,0.0044969,0.0035535,0.0031321,0.0027543,0.0026474
0.033568,0.0022594,0.0017665,0.0014408,0.001477,0.0016585,0.0018547,0.0039871,0.0011334,0.047258,0.022004,0.0059173,0.0022023,0.0029003,0.0036548,0.0019441,0.0017758,0.0017357,0.00083521,4.7589e-05,0.00080899,0.00089023,0.00051419,0.00062858,0.00068618,0.0004509,0.018482,0.0089824,0.0019222,0.0011666,0.00092551,0.00053886,0.00049041,0.00047304,0.029984,0.00015919,0.00032514,0.00037397,0.0002567,0.00065999,0.0011304,0.0012284,0.0029255,0.026255,0.021836,0.0058038,0.0035385,0.0027557,0.0025679,0.0023067,0.0021325,0.017424,0.0073187,0.009902,0.011043,0.013849,0.019576,0.02815,0.049005,0.11461,0.3648,0.10843,0.059544,0.044607,0.037432,0.033434,0.03152,0.031249,0.033598,0.0011698,0.00091442,0.0017667,0.00083048,0.0011745,0.0017588,0.0029945,0.006429,0.012594,0.0048618,0.0025646,0.0015571,0.0014661,0.0019432,0.001149,0.0014172,0.020506,0.002086,0.0025477,0.0023498,0.0029485,0.0035349,0.0052344,0.0071905,0.014875,0.012461,0.018377,0.0082771,0.0057255,0.0046939,0.0043385,0.0038398,0.0038472,0.001997,0.0056648,0.006119,0.0061583,0.0078087,0.0081051,0.0086946,0.012121,0.024932,0.084501,0.018543,0.0095476,0.0056973,0.0037367,0.0028091,0.0013468,0.00098995,0.038693,0.00050436,0.00044029,0.00055478,0.000548,0.00047068,0.00070961,0.0012081,0.0017078,0.0064585,0.0031806,0.00027936,0.00027342,0.00033037,0.00024718,0.00024623,0.00027466,0.011473,0.00097657,0.00097554,0.0010335,0.00077211,0.0014024,0.0020195,0.0020008,0.0032471,0.039922,0.0091327,0.0034081,0.0018155,0.0013692,0.0014842,0.0010837,0.0011692,0.043456,0.0042137,0.005685,0.0058632,0.0068927,0.0080256,0.0093268,0.01333,0.024076,0.22973,0.054932,0.020828,0.013186,0.011069,0.0089284,0.0076866,0.006796,0.0024434,0.0029509,0.003425,0.0040104,0.0037964,0.0038213,0.004762,0.0063845,0.011249,0.045971,0.018289,0.0070058,0.00419,0.0035536,0.0020538,0.0016136,0.0018406,0.026492,0.0046368,0.004574,0.0046346,0.0050343,0.0064889,0.0080802,0.010368,0.01918,0.027097,0.022408,0.0095148,0.0059533,0.0045086,0.0036585,0.003047,0.0028859
0.035998,0.0021796,0.0021224,0.0025121,0.0013023,0.0022257,0.0029534,0.0049734,0.012335,0.011597,0.014104,0.004067,0.0019288,0.0015607,0.0016532,0.0014024,0.00086785,0.0011101,0.00085886,0.00031402,0.00044118,0.0011488,0.001066,0.00093049,0.00066082,0.0034259,0.0094638,0.0060747,0.0013364,0.00099951,0.0010938,0.00071741,0.00054991,0.00059512,0.028807,0.00013637,0.0004715,0.00031513,0.00065007,0.0013204,0.0017466,0.0018042,0.0043174,0.014359,0.016942,0.0049571,0.003247,0.0028345,0.0021983,0.0020692,0.0019589,0.00058175,0.023431,0.024311,0.026133,0.030791,0.036004,0.04747,0.074215,0.17984,0.40885,0.094887,0.052495,0.035859,0.029951,0.025276,0.02352,0.023127,0.034836,0.00088801,0.00074263,0.0011934,0.00098064,0.0011171,0.0013491,0.0024163,0.0059893,0.022749,0.003053,0.0014344,0.0010473,0.00091094,0.001629,0.00085543,0.00093079,0.022829,0.0013411,0.0014021,0.0015071,0.0014147,0.0019841,0.0029941,0.0031601,0.01104,0.054982,0.0038686,0.0017203,0.001319,0.0012596,0.00059882,0.00079316,0.00080682,0.0038205,0.0012982,0.00089615,0.0017521,0.0021817,0.0027249,0.0041544,0.0056002,0.0061548,0.13251,0.031885,0.013383,0.0094729,0.0063456,0.0079297,0.0063127,0.0063573,0.037324,0.00012674,0.00010211,0.00031229,0.00013608,0.00026824,0.00018045,0.0005581,0.0021786,0.015703,0.0050958,0.0020456,0.0014196,0.00084325,0.00077878,0.00078802,0.0005722,0.010285,0.0013922,0.0014907,0.0015142,0.00156,0.0022599,0.0023279,0.0037747,0.0075425,0.026042,0.0057105,0.0025106,0.0015912,0.00099104,0.00090897,0.00062821,0.00054932,0.049447,0.00222,0.0032519,0.005288,0.0072777,0.0097033,0.01452,0.023941,0.06653,0.12685,0.07341,0.036498,0.027302,0.023022,0.019115,0.019104,0.017395,0.0067731,0.0013558,0.0013645,0.0019286,0.0016935,0.0020509,0.0025026,0.0049995,0.0086581,0.044743,0.014387,0.0073481,0.0045816,0.0042466,0.0032969,0.0032456,0.0034276,0.022429,0.00090789,0.00078772,0.0009022,0.00092093,0.0017092,0.001475,0.0026602,0.0013737,0.079394,0.014284,0.0050336,0.003299,0.0025794,0.0021857,0.0020766,0.0021
0.034049,0.00078553,0.00078726,0.00092306,0.0014395,0.0012306,0.0010217,0.0025795,0.019121,0.051545,0.017224,0.0047742,0.0028377,0.0010461,0.0018081,0.0013179,0.001276,0.0034981,0.0011864,0.00073949,0.0004559,0.00079988,0.00051689,0.00099312,0.00061671,0.0041423,0.020555,0.0092993,0.0020807,0.0013653,0.00081503,0.00063912,0.00069404,0.00061798,0.02777,0.00069568,0.0010545,0.0010321,0.001332,0.0013052,0.0010315,0.0021484,0.0035626,0.029409,0.018413,0.0038068,0.0016589,0.0011557,0.00079453,0.00041557,0.00045586,0.049388,0.028106,0.028208,0.032769,0.035429,0.042638,0.054571,0.080705,0.20186,0.36464,0.11067,0.05761,0.041415,0.033304,0.028041,0.026412,0.024947,0.036734,0.0019291,0.0015952,0.001699,0.0017675,0.0022772,0.0022661,0.003539,0.0096182,0.011618,0.0027324,0.0017337,0.0011469,0.0010862,0.000308,0.0010282,0.00054742,0.022187,0.00044492,0.00081678,0.00097881,0.001822,0.0029862,0.0043736,0.0084096,0.020596,0.008099,0.019007,0.010105,0.0075378,0.0063981,0.0055482,0.0053502,0.0051881,0.012201,0.0065167,0.0068962,0.0075973,0.0073722,0.010156,0.011657,0.015713,0.034119,0.1017,0.02878,0.014012,0.0092228,0.0067507,0.0056204,0.0037934,0.0040379,0.038256,0.00079358,0.0003053,0.00039817,0.00038482,0.00076426,0.0007334,0.0010598,0.0038116,0.010873,0.0024355,0.00044314,8.0655e-05,0.00037871,0.0004841,0.00012842,0.00016593,0.012251,0.00059163,0.00055896,0.00043826,0.0005808,0.00050641,0.00053952,0.0005262,0.002689,0.029912,0.0099511,0.0024054,0.0013687,0.0012011,0.0010113,0.00073979,0.00070383,0.049643,0.0015881,0.0022494,0.0032827,0.0045341,0.0063089,0.0092539,0.013472,0.038386,0.23299,0.039753,0.020802,0.015295,0.012686,0.010637,0.01096,0.010988,0.0067521,0.0028687,0.003011,0.0032638,0.0034133,0.003745,0.0046761,0.0058196,0.0094015,0.052435,0.013502,0.0055242,0.0030181,0.0013009,0.0035193,0.00058175,0.0010796,0.017823,0.0039961,0.0041697,0.0043984,0.0049693,0.0059812,0.0075899,0.011657,0.023151,0.033385,0.021239,0.010297,0.0070265,0.0054746,0.0045484,0.0042578,0.0041047
0.030016,0.0020505,0.0027298,0.0024344,0.0018932,0.0029849,0.0035915,0.0074232,0.0071718,0.032184,0.020281,0.0060448,0.0047573,0.0024645,0.0021033,0.0031117,0.0023098,0.0036831,0.0010506,0.0004936,0.00049776,0.00036234,0.00095264,0.00022833,0.0017087,0.0028541,0.012727,0.0051657,0.0004615,0.00013785,0.00049739,0.00013611,0.00024579,0.00013161,0.032883,0.0016685,0.0017774,0.0019558,0.0024724,0.0028299,0.0034589,0.0032183,0.0091757,0.030769,0.019586,0.0055374,0.002554,0.0020059,0.00097785,0.00072057,0.00065232,0.012407,0.0093418,0.011742,0.014344,0.020274,0.028988,0.043223,0.079938,0.21011,0.36808,0.1379,0.081405,0.06162,0.052925,0.047666,0.044661,0.043544,0.033349,0.0014964,0.0013676,0.00092118,0.00099372,0.0017519,0.0022415,0.003683,0.0083332,0.018705,0.0058014,0.0028176,0.0022949,0.0021649,0.001705,0.001257,0.0007248,0.0231,0.0014281,0.0012437,0.0016765,0.0020021,0.0023166,0.0036134,0.0045514,0.015162,0.055506,0.0097294,0.0044843,0.0033556,0.0031155,0.0024391,0.0021467,0.0021305,0.0048638,0.011664,0.011169,0.010264,0.0089635,0.0085397,0.0068025,0.004264,0.024962,0.10672,0.059526,0.031884,0.025067,0.021927,0.018906,0.018421,0.017872,0.036454,0.0017561,0.0015251,0.001545,0.0010837,0.0017678,0.0012887,0.0012741,0.0014985,0.01606,0.0090409,0.004152,0.0030114,0.0026036,0.0029403,0.0027995,0.0028,0.014412,0.00047115,0.00015711,0.00055924,0.00091467,0.0013247,0.0015975,0.0023177,0.0035781,0.014417,0.0057142,0.0025079,0.0019813,0.0021961,0.0019725,0.0020046,0.002018,0.036227,0.020249,0.021531,0.010517,0.024035,0.032179,0.01677,0.047649,0.1382,0.12744,0.064589,0.049061,0.019177,0.010031,0.019328,0.013596,0.00031853,0.0014344,0.0014142,0.0017053,0.0018226,0.0026669,0.0022814,0.0035293,0.006149,0.0079847,0.045571,0.017825,0.0098972,0.0045299,0.0038151,0.004861,0.0043062,0.0024796,0.024727,0.0034181,0.0033788,0.00055724,0.0053052,0.0052287,0.002271,0.012338,0.025293,0.061872,0.032871,0.010831,0.0065304,0.0090526,0.0050571,0.0046148,0.0072061
0.028187,0.0018382,0.0033246,0.0026572,0.0033913,0.0039446,0.0055027,0.0086619,0.03265,0.042839,0.010614,0.0037559,0.003025,0.0041464,0.003795,0.0022041,0.0026512,0.0051442,0.00090192,0.00055115,0.00072043,0.00065788,9.27e-05,0.00091072,0.0025393,0.0086305,0.012862,0.0035984,0.0019945,0.0019729,0.0015117,0.001754,0.0014569,0.0015202,0.029341,0.00025228,0.00038459,0.00057941,0.00035015,0.00087298,0.0013911,0.0026047,0.0098879,0.010339,0.0082724,0.00036454,0.00040986,0.00036128,0.00062462,0.00053124,0.00030328,0.0060884,0.023805,0.024979,0.028179,0.032447,0.039968,0.054958,0.090546,0.25194,0.45667,0.10508,0.0657,0.04882,0.04053,0.035631,0.034502,0.033333,0.029877,0.00070153,0.00062422,0.0016206,0.00073865,0.0011786,0.0016716,0.0037142,0.010234,0.013542,0.007677,0.0035479,0.0027531,0.002454,0.0020975,0.0021149,0.0016594,0.028323,0.0041606,0.0043816,0.0047703,0.0051709,0.0066144,0.0077914,0.011541,0.027838,0.035543,0.015221,0.0071433,0.0046223,0.0034726,0.0028484,0.0022795,0.0023366,0.014284,0.0038207,0.0038744,0.003753,0.0044557,0.0053727,0.0068927,0.0084503,0.011521,0.098416,0.054878,0.019742,0.012879,0.010112,0.0093328,0.007728,0.0079366,0.035086,0.00064435,0.00062933,0.00073562,0.00077955,0.00063095,0.00093443,0.0011873,0.00226,0.017134,0.0049532,0.0016265,0.00087741,0.00050861,0.00055767,0.0005084,0.00041391,0.016537,0.00096236,0.00080083,0.00096559,0.0011697,0.0013796,0.0019679,0.0030886,0.0085867,0.033195,0.0050329,0.00326,0.0025172,0.0019507,0.0017702,0.0016897,0.0017205,0.033726,0.0057281,0.0059495,0.0067108,0.0074206,0.010085,0.014126,0.023796,0.069801,0.18688,0.046986,0.025272,0.019249,0.017007,0.016935,0.013112,0.014374,0.001791,0.00095166,0.00079022,0.0019105,0.00014997,0.00079469,0.0011121,0.0019877,0.0044443,0.051746,0.011954,0.0041684,0.0032013,0.0033162,0.0019546,0.0024899,0.0021039,0.019905,0.0033341,0.0037037,0.0040453,0.0042147,0.0053468,0.006406,0.0088838,0.020101,0.049054,0.0088589,0.0046023,0.0028174,0.0018181,0.0012096,0.00067285,0.00054169
0.013802,0.0022558,0.001953,0.0019661,0.0032791,0.0038319,0.0047598,0.0094538,0.021383,0.032277,0.0016766,0.0042498,0.0034516,0.0024748,0.0021466,0.0020181,0.0012894,0.0012303,0.00069324,0.00075859,0.00048102,0.0017239,0.0012779,0.0020947,0.0034598,0.0085315,0.0087626,0.0076648,0.0040129,0.0030081,0.002159,0.0020561,0.0017526,0.0017071,0.028252,0.00038029,0.00036324,0.00056157,0.00041392,0.00065237,0.0011026,0.0017917,0.0062964,0.029627,0.0083758,0.0019736,0.00088604,0.00058614,0.00014984,0.00038889,0.00030136,0.052966,0.040822,0.042781,0.04494,0.050922,0.059795,0.07671,0.11626,0.29913,0.26932,0.12186,0.06436,0.04343,0.032618,0.026473,0.024147,0.023188,0.022406,0.001935,0.001315,0.00046203,0.001775,0.0019916,0.0026096,0.0036789,0.011131,0.013925,0.0061403,0.0032213,0.0021487,0.0013028,0.0016577,0.0020219,0.0017185,0.020102,0.0039175,0.0042191,0.0043325,0.0050363,0.0058607,0.0077956,0.011679,0.027837,0.038263,0.01374,0.0072023,0.0048006,0.0036992,0.0026848,0.0024982,0.0023747,0.017098,0.0004566,0.00071463,0.0010271,0.0017034,0.0025572,0.0032056,0.0044585,0.0039284,0.072257,0.050278,0.01798,0.011713,0.0090786,0.0073421,0.0076267,0.0068055,0.026678,0.0011673,0.00034068,0.00044155,0.00096061,0.00070051,0.00080121,0.0010907,0.002705,0.0094019,0.0013825,0.00023176,8.29e-05,0.00022538,4.0283e-05,0.00024833,7.0557e-05,0.018473,0.0011688,0.0012189,0.0014336,0.0014822,0.0022618,0.0032181,0.0054663,0.011679,0.034334,0.014513,0.0066771,0.0047126,0.0040406,0.003466,0.0030725,0.0030079,0.037449,0.0078124,0.0078186,0.0087593,0.010158,0.011831,0.015652,0.023148,0.071566,0.24848,0.038307,0.019426,0.013505,0.010386,0.0086,0.0097472,0.0090486,0.0025177,0.0017408,0.0016038,0.0026275,0.0018345,0.001789,0.002483,0.0038886,0.0098682,0.040536,0.012735,0.004942,0.0036586,0.003583,0.0035313,0.0023146,0.0017701,0.024582,0.0018151,0.0018973,0.0021835,0.0027054,0.0028219,0.0045271,0.0065824,0.018093,0.059672,0.010297,0.0055175,0.0040801,0.0034157,0.0030546,0.0027104,0.0025635
0.0173,0.001655,0.0015787,0.0020478,0.0019602,0.0022356,0.0036834,0.0046868,0.020961,0.04387,0.0085361,0.0033225,0.0024138,0.0035833,0.0017024,0.0024688,0.0019875,0.00025177,0.00026596,0.00036832,0.00086104,0.0016637,0.0013987,0.0015526,0.0026286,0.0066738,0.015759,0.010921,0.0046962,0.0028332,0.0022654,0.0019212,0.0019205,0.0018807,0.029124,0.00020811,0.00018795,0.00035499,0.00028449,0.00069533,0.0010372,0.0025847,0.0061346,0.011551,0.010879,0.0032334,0.0019874,0.0014591,0.0012462,0.0011924,0.0010548,0.014115,0.0322,0.043043,0.050003,0.042974,0.026551,0.074409,0.16452,0.34963,0.29278,0.124,0.12738,0.090962,0.038711,0.020496,0.051096,0.063638,0.018891,0.00071897,0.0018167,0.0018407,0.0013072,0.00065996,0.0028887,0.0055743,0.012471,0.011658,0.0038624,0.0051266,0.004107,0.0016917,0.00069299,0.0024549,0.0039826,0.028731,0.0033757,0.0027401,0.0050153,0.0056272,0.0033939,0.0057226,0.01487,0.030854,0.034841,0.018132,0.010618,0.0035941,0.0024385,0.0050649,0.0036004,0.00020791,0.01424,0.0013516,0.00156,0.0018917,0.0038413,0.0039886,0.0036135,0.0060246,0.013958,0.1158,0.062878,0.022698,0.013061,0.01014,0.011231,0.0080135,0.0086748,0.024376,0.00047654,0.00060651,0.00048136,0.00079724,0.00026765,0.00064272,0.0011477,0.002683,0.019098,0.0033937,0.0022762,0.00066944,0.00069486,0.00011583,0.00022097,0.00012589,0.016838,0.00095307,0.0010544,0.0012372,0.0011242,0.0017515,0.0025183,0.0028581,0.0091597,0.029546,0.011494,0.0046289,0.0028984,0.0022668,0.0019615,0.0016846,0.0016556,0.011675,0.017372,0.017708,0.019979,0.02166,0.024571,0.031841,0.044799,0.099202,0.077063,0.071319,0.032819,0.020958,0.016509,0.01342,0.012315,0.011671,0.0035725,0.0023859,0.0023738,0.0027105,0.002628,0.0032565,0.0034335,0.005191,0.0081549,0.053368,0.015574,0.0058346,0.003292,0.0025761,0.0017252,0.0010051,0.0010204,0.023867,0.00080164,0.0012177,0.0007688,0.0015408,0.002485,0.0026004,0.0039648,0.0088104,0.068608,0.018205,0.0075277,0.0051048,0.0042436,0.0036371,0.003382,0.0033589
0.014792,0.0010086,0.0011406,0.00067825,0.00092165,0.00078169,0.0010992,0.0015093,0.010183,0.034523,0.010328,0.0011773,0.0012543,0.00054979,0.001269,0.00012291,0.00037194,0.00041771,0.00083266,0.0010196,0.0016471,0.0012971,0.0013671,0.0013204,0.0028178,0.0047795,0.0086827,0.011728,0.0030416,0.0011937,0.0016464,0.0013183,0.001343,0.0010471,0.029316,0.000489,0.00047633,0.00063396,0.00070766,0.00096303,0.0010407,0.0018306,0.0042933,0.023531,0.019969,0.0054764,0.0036004,0.002583,0.0023454,0.0021958,0.0021324,0.045939,0.032238,0.033431,0.036081,0.039354,0.045661,0.057266,0.080889,0.15005,0.33366,0.10484,0.044632,0.02734,0.016597,0.0099812,0.0057509,0.0021763,0.019232,0.00091588,0.0014302,0.0015718,0.0015153,0.0015608,0.0019575,0.0027824,0.0068233,0.014636,0.0047948,0.0021853,0.0016364,0.0013252,0.0012433,0.00097117,0.00057031,0.021866,0.0032932,0.0034099,0.0038416,0.0041253,0.0048017,0.0064276,0.0084909,0.015098,0.023425,0.022492,0.0086663,0.0056211,0.0042862,0.0038398,0.0032053,0.0031777,0.015536,0.0010148,0.00044447,0.0014256,0.0014624,0.002088,0.0031042,0.0043147,0.0024808,0.03781,0.06466,0.016715,0.009536,0.0075986,0.0061757,0.0059694,0.0057813,0.024413,0.00061549,0.00051664,0.00053098,0.00074886,0.00070783,0.0010027,0.0014147,0.0026424,0.0073819,0.0031485,0.0021217,0.0015588,0.0014836,0.0011822,0.0010223,0.00087167,0.016678,0.0018881,0.001667,0.0020172,0.0023808,0.0028255,0.0034265,0.005767,0.0091759,0.01986,0.021953,0.007807,0.0052418,0.0041713,0.0035856,0.0033153,0.0032158,0.032734,0.0039188,0.0044736,0.0042799,0.0049264,0.0058424,0.0066267,0.01033,0.0266,0.228,0.051526,0.01975,0.011963,0.0077636,0.0092648,0.0078327,0.0075952,0.0068647,0.0021062,0.0018234,0.0022959,0.0024733,0.0031239,0.0037658,0.0048054,0.0095748,0.038763,0.020185,0.0086709,0.0059689,0.0047454,0.0033313,0.003815,0.0034657,0.023703,0.00087433,0.00098342,0.0015623,0.0019479,0.0028426,0.0048465,0.0071285,0.014742,0.025806,0.026342,0.012372,0.0089596,0.0073969,0.0065468,0.0060256,0.0059606
0.012699,0.0015608,0.00077473,0.0010874,0.00072674,0.0015228,0.0014593,0.0042566,0.0063535,0.027478,0.0075904,0.00056554,0.0014322,0.0011007,0.0010833,0.00024934,0.00081253,0.001482,0.0011065,0.00078356,0.00055073,0.0019338,0.0023426,0.0016403,0.0024314,0.0040968,0.014914,0.01175,0.0030369,0.0014395,0.0012211,0.0007199,0.00026064,0.00020028,0.029816,0.00052019,0.00022913,0.0003118,0.00043732,0.00059206,0.0007372,0.00074416,0.0038554,0.012688,0.012738,0.0024741,0.0013386,0.0010189,0.00065883,0.00072453,0.00067904,0.0032311,0.010268,0.011863,0.013054,0.016428,0.021865,0.031848,0.055692,0.13648,0.4305,0.085307,0.05269,0.039917,0.032954,0.030637,0.027487,0.027096,0.017779,0.00073107,0.00097227,0.00065999,0.00086159,0.00078002,0.0012746,0.002176,0.0048711,0.020855,0.0016787,0.00086525,0.00067978,0.00047837,0.0009908,0.0013401,0.0012531,0.023772,0.0012436,0.0011607,0.0014729,0.0012878,0.0019169,0.0026014,0.0029031,0.0076976,0.049952,0.0037802,0.0013596,0.00081016,0.00077179,0.00062149,0.00037397,0.00041772,0.024216,0.0069316,0.0067089,0.0072839,0.0075538,0.0089472,0.0096477,0.012738,0.014059,0.066297,0.070626,0.01718,0.0094923,0.0070389,0.0032605,0.0026385,0.001545,0.023259,0.00099234,0.00032722,0.0005817,0.00026415,0.00097298,0.00059967,0.00083958,0.0015984,0.015065,0.0057153,0.00040795,0.00074134,0.0010202,0.00027276,0.00044719,0.00043108,0.020052,0.0015552,0.0012578,0.0014592,0.0013476,0.0020385,0.0025767,0.004103,0.0071795,0.033752,0.023623,0.0074777,0.0049613,0.0039545,0.0035194,0.003159,0.0029087,0.036595,0.009115,0.010905,0.01163,0.013183,0.015745,0.020975,0.030824,0.066966,0.072159,0.094315,0.040757,0.02722,0.021464,0.01881,0.01795,0.016934,0.0069219,0.0019366,0.002243,0.0030198,0.0020458,0.0029651,0.0045975,0.0057461,0.01019,0.039796,0.022733,0.0096524,0.0067779,0.0052983,0.0050133,0.0039515,0.0040684,0.020855,0.0024487,0.0024064,0.0025447,0.0028713,0.0030123,0.0037527,0.0054741,0.005841,0.06923,0.018942,0.0057977,0.0030955,0.0017684,0.00096002,0.00048796,0.00017929
0.0074045,0.0018636,0.0012707,0.0025439,0.001174,0.0021884,0.0023825,0.0048867,0.016982,0.0464,0.0076191,0.0041277,0.0028412,0.00077883,0.00091493,0.00088841,0.0009041,0.00088121,0.00022013,0.00031644,0.00078318,0.00036883,0.00072141,0.00080062,0.0013592,0.0054452,0.015757,0.0090845,0.0019387,0.0016086,0.0011549,0.00098095,0.0010471,0.0011826,0.030079,0.00017706,0.00045314,0.00019895,0.00035158,0.00020852,0.00012286,0.0013823,0.0019131,0.024433,0.010274,0.0023214,0.0011153,0.00066547,0.00031981,0.00029133,0.00019836,0.023465,0.032495,0.033607,0.036663,0.040041,0.047307,0.060616,0.089439,0.20876,0.37709,0.095927,0.051457,0.032603,0.024466,0.019543,0.015207,0.014729,0.010428,0.0015064,0.00058641,0.00061618,0.0016565,0.0015628,0.0019348,0.0033459,0.0094415,0.011546,0.0042909,0.0028075,0.001951,0.0017469,0.001505,0.0019159,0.0015774,0.030215,0.0041322,0.004146,0.0047807,0.0052076,0.0063974,0.0079899,0.01077,0.023909,0.00686,0.021854,0.0092246,0.0061027,0.0048798,0.0039497,0.0036402,0.0035458,0.01532,0.0074042,0.0071343,0.0075622,0.0083888,0.0098059,0.011,0.014277,0.01965,0.074737,0.069431,0.018573,0.0086796,0.0070233,0.0024216,0.0019729,0.0015106,0.01943,0.0010853,0.00045464,0.00060015,0.00035227,0.00071871,0.0010115,0.0015996,0.0018367,0.009831,0.0033214,0.0013869,0.00057054,0.00088141,0.00068962,0.00047881,0.00049403,0.020296,0.0012543,0.0010785,0.0011867,0.0014691,0.0016422,0.001893,0.0029737,0.0069441,0.014709,0.011562,0.0031831,0.0022451,0.0017914,0.0014383,0.0013704,0.0013905,0.031193,0.017539,0.015526,0.010813,0.022463,0.024047,0.013056,0.048903,0.10464,0.15914,0.078466,0.052386,0.015609,0.012823,0.02328,0.01783,0.0023651,0.0073568,0.0031427,0.002281,0.0041626,0.0036275,0.0037129,0.0044185,0.0075364,0.011362,0.04842,0.016864,0.010125,0.0047385,0.0027183,0.0047455,0.0033513,0.0023098,0.020802,0.0019444,0.0021239,0.003524,0.0020552,0.0027911,0.0059213,0.0039691,0.010429,0.042931,0.0094866,0.0059001,0.0048165,0.0011663,0.0020524,0.0024159,0.00014495
0.00072672,0.0019047,0.0012752,0.0028218,0.0022803,0.0036737,0.0041288,0.0072122,0.021005,0.025384,0.010506,0.0052496,0.0046575,0.0049579,0.0037746,0.0033917,0.0033665,0.0019379,0.00085354,0.00047792,0.00081996,0.0013234,0.0012429,0.00094725,0.0020418,0.005775,0.015371,0.0049421,0.0021107,0.0012213,0.00092717,0.00093295,0.00089292,0.00065612,0.029303,0.00031619,0.00027837,0.00035226,0.00072545,0.00063761,0.00084978,0.0014118,0.0042563,0.029347,0.0084554,0.003164,0.0019638,0.0014156,0.0014343,0.0013443,0.0011921,0.046088,0.039564,0.04121,0.043278,0.048876,0.057811,0.073264,0.10568,0.26407,0.34239,0.10593,0.05244,0.031862,0.022168,0.015391,0.0093902,0.009638,0.010037,0.001367,0.00088787,0.0018488,0.0014089,0.0015087,0.0021898,0.003328,0.0082872,0.020278,0.0026921,0.0013025,0.00065524,0.00040659,0.00094519,0.00035443,0.00064088,0.024662,0.0017272,0.0017122,0.0019997,0.0024434,0.0028651,0.0040352,0.0072318,0.019288,0.055746,0.011185,0.0060533,0.004447,0.0038517,0.0030317,0.0028246,0.0029221,0.030682,0.0054575,0.0057111,0.0060168,0.007224,0.0079619,0.0095667,0.012663,0.023349,0.057969,0.058783,0.018192,0.01042,0.0065825,0.0052173,0.005087,0.004387,0.015726,0.00057802,0.00032219,0.0003116,0.00062862,5.2724e-05,0.00052299,0.00088562,0.0018783,0.010614,0.00084065,0.00060632,0.0001906,0.00036321,6.89e-05,0.0001682,0.00012778,0.024237,0.0018725,0.0019134,0.0022737,0.0024055,0.002801,0.0033467,0.0047178,0.0086731,0.038738,0.014093,0.0049131,0.003055,0.0020637,0.0016461,0.0014672,0.0015125,0.015841,0.0027055,0.0036275,0.0052966,0.0066861,0.0097975,0.015656,0.026735,0.08497,0.16355,0.071101,0.035596,0.026223,0.021104,0.020396,0.017746,0.018519,0.0043126,0.0021497,0.0021774,0.0016759,0.0022412,0.0027853,0.0032452,0.0045033,0.0093446,0.041385,0.010425,0.0043528,0.002591,0.0028635,0.001812,0.0017047,0.0019322,0.024783,0.00081609,0.00084392,0.00089064,0.0012535,0.0015403,0.0016682,0.0028192,0.009307,0.072865,0.006745,0.0022273,0.0015342,0.0012672,0.00096909,0.00082098,0.00078013
0.006775,0.00056893,0.0010398,0.0015687,0.0020658,0.0020228,0.0033481,0.0082025,0.017549,0.035705,0.017518,0.0084694,0.0056849,0.0041698,0.0047043,0.0047439,0.0043717,4.5776e-05,0.00059689,0.00063663,0.00051713,0.0006625,0.00085107,0.00077193,0.0011465,0.0041894,0.018109,0.0034715,0.00059674,0.00015264,1.7946e-05,0.0002099,0.00022044,0.00041197,0.028931,0.00043114,0.00047123,0.0005756,0.00065139,0.00097385,0.0009904,0.0017221,0.0081553,0.0088954,0.0089281,0.0037228,0.0024486,0.0021623,0.0019444,0.0018128,0.0016175,0.0040189,0.01233,0.013706,0.017533,0.021224,0.0287,0.042882,0.073456,0.19766,0.45363,0.11271,0.069045,0.053381,0.045352,0.041058,0.037481,0.037356,0.010992,0.00090147,0.0011057,0.0012222,0.00080141,0.0011219,0.0020486,0.0028221,0.0073201,0.015331,0.00060618,0.0018469,0.0014128,0.00095161,0.00045573,0.001492,0.0016003,0.022297,0.0031667,0.0031471,0.0032758,0.0039691,0.0047075,0.00603,0.0087311,0.021561,0.024782,0.014644,0.0072673,0.0052616,0.0041074,0.0033851,0.003222,0.0031739,0.016037,0.006087,0.00723,0.0081624,0.0055368,0.012345,0.010486,0.011557,0.047239,0.054281,0.10572,0.027163,0.0065343,0.019135,0.0093941,0.0070059,0.014763,0.021315,0.00068564,0.0013812,0.0019793,0.00038606,0.0025316,0.0023406,0.002262,0.0079834,0.0098204,0.010299,0.003188,0.0008679,0.0016802,0.00067586,0.00064305,0.00081826,0.021,0.00041019,0.00025402,0.0011391,0.00031632,0.0012703,0.0028162,0.0015608,0.011523,0.02641,0.0067683,0.0063846,0.00073035,0.0041545,0.0031179,0.0016324,0.0037919,0.016871,0.0045389,0.0044195,0.0049934,0.0058617,0.0080574,0.011386,0.021051,0.047609,0.19546,0.041986,0.022995,0.017891,0.014881,0.013588,0.011965,0.010538,0.0019264,0.0019203,0.0017278,0.0022006,0.0015376,0.0022471,0.0022138,0.0043702,0.0057508,0.055607,0.010077,0.0033438,0.0023135,0.0015771,0.00038301,0.00041054,0.00019836,0.025954,0.0027979,0.0028474,0.0029494,0.0036837,0.0044985,0.005752,0.0074441,0.018079,0.045493,0.01769,0.0076157,0.0055649,0.0042626,0.0037532,0.0035229,0.0033818
0.00021553,0.0013119,0.0019738,0.001661,0.0015268,0.0027703,0.0045329,0.0069577,0.022829,0.01088,0.01901,0.010627,0.0070648,0.0069962,0.0050259,0.0048702,0.005251,0.0018425,0.00067827,0.00018123,0.00025449,0.00025046,0.0010901,0.0013483,0.0019765,0.0059481,0.011717,0.0012044,0.0014308,0.0010847,0.0011666,0.00086089,0.00068069,0.00084687,0.025729,0.0013428,0.0012083,0.0013715,0.0015603,0.0021135,0.0025793,0.0056486,0.0085937,0.022797,0.010291,0.0051788,0.0035444,0.0026406,0.0021893,0.0022352,0.0020085,0.012177,0.01482,0.015838,0.018239,0.024187,0.031898,0.047546,0.077457,0.22582,0.35375,0.1247,0.076759,0.058866,0.048955,0.045419,0.042064,0.041482,0.0087778,0.00077325,0.00027635,0.0010457,0.000448,0.00078092,0.0013415,0.0022404,0.0072722,0.020969,0.0009616,0.0015408,0.0013843,0.001315,0.0017349,0.0016978,0.0014725,0.027827,0.0029523,0.0030389,0.0033344,0.0036658,0.0043712,0.0054958,0.0091828,0.019894,0.058993,0.0093862,0.0039049,0.0025817,0.0016107,0.0015415,0.0014757,0.0012036,0.023987,0.0063343,0.0066927,0.0065677,0.0073822,0.0085241,0.010155,0.011866,0.023477,0.049975,0.062441,0.02071,0.011953,0.0086058,0.0079152,0.0063065,0.0065576,0.01693,0.0009806,0.00046168,0.00033535,0.00011332,0.0006985,0.00080624,0.0012073,0.0024634,0.0066753,0.0051238,0.002131,0.0012182,0.00096688,0.00082638,0.0010131,0.00086213,0.019648,0.0014864,0.0014553,0.0015174,0.0016357,0.001792,0.0026865,0.0027396,0.0064545,0.03529,0.0085075,0.0025981,0.0013858,0.00078019,0.00054927,0.00028748,1.3355e-05,0.0025788,0.010467,0.011785,0.012104,0.014043,0.016275,0.020093,0.029582,0.062957,0.18005,0.038728,0.015559,0.0094358,0.0054582,0.005519,0.0030701,0.0015335,0.00021552,0.00039466,0.00077119,0.0012024,0.00049047,0.000611,0.0014654,0.0021273,0.0056475,0.043058,0.0043972,0.003033,0.0021456,0.0024683,0.0012246,0.0015056,0.0016575,0.021447,0.00079791,0.0011437,0.0011209,0.0014108,0.0014019,0.0017417,0.0040459,0.0085944,0.073997,0.0020537,0.0013047,0.0010835,0.0008207,0.00053356,0.00058777,0.0006447
0.0013085,0.0021837,0.0038037,0.0025555,0.003321,0.0036696,0.0055858,0.009061,0.022883,0.023684,0.022526,0.010753,0.0077925,0.0049199,0.005927,0.0056179,0.004921,0.0048963,0.00055324,0.00077344,0.00054675,0.00087039,0.0011113,0.0015791,0.002622,0.0066237,0.012575,0.0046904,0.0028088,0.00172,0.001437,0.0015341,0.0013981,0.0013066,0.026787,0.0016644,0.0016047,0.001637,0.002029,0.002337,0.0032623,0.0049225,0.011897,0.0087771,0.013927,0.0060744,0.0042233,0.0034768,0.0029859,0.0025243,0.0024872,0.010954,0.0096202,0.0075794,0.025119,0.012771,0.03983,0.060828,0.059126,0.39018,0.14788,0.2173,0.066931,0.083298,0.07305,0.035732,0.076791,0.0064031,0.011297,0.00034394,0.0010442,0.00075372,9.2635e-05,0.0016512,0.00087705,0.0030346,0.012767,0.0075936,0.006492,0.00087698,0.0026962,0.0017244,0.0011081,0.0024522,0.00036432,0.02322,0.002553,0.0011102,0.0026479,0.0022873,0.0028252,0.0055604,0.0035961,0.025924,0.015144,0.0060342,0.0026787,0.002258,0.0018583,0.0010906,0.0020828,0.00052262,0.036975,0.00559,0.0060286,0.0061147,0.0074718,0.0077963,0.010263,0.013809,0.037,0.11368,0.06476,0.022438,0.014335,0.012236,0.0086071,0.0083453,0.008093,0.019432,0.0011981,0.00046905,0.00091587,0.0011263,0.0010187,0.0011784,0.0013368,0.0051382,0.016066,0.0067546,0.0025412,0.0016256,0.0012311,0.0010008,0.0011344,0.0011673,0.020916,0.001245,0.0013318,0.0012088,0.0015311,0.001806,0.0018453,0.0024788,0.0096372,0.021783,0.0078009,0.0023259,0.0013592,0.00093618,0.00075025,0.00062546,0.00062945,0.024866,0.0092034,0.0090835,0.0099524,0.011026,0.013509,0.016322,0.023219,0.0676,0.2342,0.026594,0.012007,0.0080022,0.0049263,0.0036845,0.0034754,0.0036107,0.0017471,0.00071243,0.0012876,0.00091712,0.00019342,0.00081591,0.001464,0.001084,0.0049872,0.054285,0.0073043,0.0027433,0.001769,0.0012814,0.0022423,0.0013099,0.0012741,0.02429,0.003166,0.0028771,0.0033001,0.0033641,0.0045045,0.0058612,0.0089351,0.021095,0.040998,0.017121,0.0071814,0.0047688,0.0037853,0.0032255,0.0030762,0.0030041
0.001669,0.0034553,0.0027736,0.0037317,0.0042264,0.0050245,0.0065249,0.01162,0.024827,0.031067,0.018406,0.0086489,0.0062174,0.0068105,0.0037415,0.0047057,0.0044194,0.0046063,0.0011403,0.00086585,0.00075432,0.00088799,0.0018387,0.0026431,0.0031995,0.0092967,0.0087088,0.0059197,0.0028931,0.0019846,0.0019672,0.0016672,0.0014124,0.0012646,0.021876,0.001377,0.0014293,0.0018602,0.0018912,0.0021518,0.0028571,0.0038027,0.012244,0.004341,0.013325,0.0056427,0.0039403,0.0030599,0.0026394,0.0025764,0.0024968,0.012392,0.010325,0.012865,0.016728,0.0205,0.028749,0.043524,0.080211,0.21813,0.45492,0.11171,0.072059,0.055772,0.047932,0.042951,0.040941,0.039664,0.0094339,0.00016739,0.00040012,0.00020342,0.0011473,0.0013733,0.0020242,0.0036915,0.0082587,0.019055,0.0059138,0.0031321,0.0021679,0.0018643,0.0016727,0.0016101,0.0018959,0.02516,0.0030958,0.0032284,0.0032824,0.0036271,0.0040862,0.0055702,0.0073814,0.02312,0.067178,0.0058989,0.0035249,0.0021618,0.0015696,0.0011343,0.00070783,0.00048639,0.030625,0.0050877,0.0051891,0.0058032,0.0064288,0.0074508,0.010787,0.015734,0.027091,0.030851,0.066731,0.027347,0.018427,0.014473,0.013374,0.012014,0.011498,0.018074,0.00068994,0.00078422,0.0013221,0.0010548,0.0010283,0.0012055,0.0027352,0.0040198,0.010299,0.0069859,0.0027588,0.0019389,0.0016007,0.0012447,0.001212,0.001091,0.018139,0.00038996,0.00057169,0.00061945,0.00082313,0.00096736,0.0013716,0.0025399,0.0057373,0.043492,0.003453,0.0014391,0.0011099,0.00079211,0.00086387,0.00070399,0.00081634,0.0099584,0.0033721,0.0036786,0.0039823,0.0060211,0.008046,0.012297,0.019749,0.053224,0.11172,0.043568,0.02404,0.016988,0.01516,0.011015,0.01326,0.011553,0.0035916,0.00032641,0.00090662,0.0014721,0.00045795,0.00070922,0.0013308,0.0015942,0.0041596,0.046976,0.0017717,0.00032836,0.00091944,6.4428e-05,0.0010795,0.00032754,0.00035666,0.019247,0.00098759,0.00067186,0.00069013,0.001196,0.0015594,0.0027436,0.0049881,0.014571,0.078081,0.012522,0.005794,0.004249,0.0035359,0.0032619,0.0031779,0.0030346
0.0039502,0.0019244,0.0022182,0.0020885,0.0028578,0.003711,0.0044663,0.0067653,0.015253,0.043886,0.0094026,0.0034102,0.002553,0.0013965,0.0035658,0.002161,0.0018826,0.0092088,0.0010026,0.0012641,0.0013501,0.0011591,0.0013866,0.0017704,0.0033671,0.0073803,0.0046571,0.0048204,0.0024596,0.0017165,0.0016205,0.0010173,0.0011563,0.001049,0.02307,0.00092787,0.00087186,0.00092274,0.0011308,0.0014179,0.0019265,0.0034881,0.0083539,0.033735,0.0088893,0.0038426,0.0026488,0.0020081,0.0021661,0.0017223,0.0018177,0.027331,0.032908,0.034927,0.037006,0.042612,0.050335,0.065816,0.10076,0.26367,0.27977,0.10241,0.060556,0.042536,0.033987,0.02892,0.027538,0.027029,0.011948,0.0017599,0.0015157,0.0019754,0.0019218,0.0021525,0.0027694,0.0040877,0.011532,0.0074906,0.0069804,0.0033434,0.0025912,0.0021033,0.0017165,0.0010076,0.0010414,0.018698,0.0030928,0.0032181,0.0035825,0.004064,0.0043622,0.0060247,0.0099267,0.023249,0.021902,0.0084118,0.004879,0.0034143,0.0026546,0.0022958,0.0022178,0.0020886,0.035529,0.002196,0.0022983,0.0030219,0.0039912,0.0061591,0.0083176,0.01365,0.030949,0.11475,0.055956,0.02511,0.017699,0.012026,0.013581,0.011817,0.012396,0.021126,0.0010859,0.00091991,0.00068225,0.0013353,0.00092449,0.001389,0.0016041,0.0032446,0.016652,0.0051652,0.0017894,0.00081813,0.00067743,0.000313,0.00015132,6.1035e-05,0.01849,0.00060903,0.000664,0.00068578,0.00079869,0.00080774,0.0012158,0.0012964,0.0032605,0.010593,0.0072809,0.0025201,0.0014961,0.0010212,0.0011156,0.00078453,0.00068283,0.035653,0.023502,0.023554,0.023849,0.023986,0.025382,0.028051,0.035421,0.066065,0.26431,0.023542,0.019984,0.019104,0.01855,0.016787,0.018078,0.016865,0.0024968,0.003435,0.0033537,0.0036062,0.0029326,0.0028359,0.0031769,0.0021354,0.002615,0.050032,0.0073878,0.0051555,0.0048069,0.0042045,0.0053394,0.0041992,0.0043774,0.016991,0.0024569,0.0024361,0.0024228,0.0026566,0.0032423,0.0039885,0.0058508,0.016591,0.050411,0.014654,0.0087028,0.0068402,0.006057,0.0058507,0.0055941,0.0054398
0.0040169,0.00080203,0.0012834,0.0021227,0.0022678,0.0025666,0.0039297,0.0067599,0.026964,0.05913,0.0063878,0.0023361,0.0020402,0.0027747,0.00047122,0.00073806,0.00049591,0.0085508,0.00096701,0.00079539,0.0012588,0.00067049,0.0015447,0.0014886,0.0029793,0.0088433,0.017679,0.0034654,0.0016891,0.0013754,0.0011047,0.00089702,0.00085247,0.00070383,0.02323,4.8654e-05,7.2497e-05,3.9072e-05,0.00027992,0.00030307,0.00054056,0.0006656,0.0063359,0.018332,0.0085937,0.0022811,0.001233,0.00084547,0.00057667,0.00056979,0.00068858,0.043471,0.040528,0.041651,0.04667,0.050914,0.059651,0.076199,0.11369,0.29188,0.46683,0.095956,0.048929,0.029835,0.019834,0.012694,0.006955,0.0057469,0.013939,0.0020685,0.0019694,0.0023345,0.0021588,0.0026269,0.0031035,0.0051703,0.011856,0.011523,0.0062273,0.0030368,0.0020722,0.001367,0.0015859,0.0013135,0.00086977,0.023892,0.0018496,0.0020556,0.002405,0.0028028,0.003702,0.0048564,0.0092081,0.024266,0.05658,0.011965,0.0072,0.0055425,0.0046085,0.0040005,0.0040085,0.0037919,0.040072,0.0069693,0.0068101,0.0074287,0.0084321,0.0098461,0.012364,0.017442,0.032253,0.079754,0.055637,0.022461,0.014489,0.0099743,0.010551,0.0091161,0.0092679,0.023138,0.001017,0.00068534,0.00056838,0.00084246,0.00098441,0.0014303,0.0016502,0.002394,0.019835,0.0046507,0.0016245,0.0010633,0.00081512,0.00068679,0.00065796,0.00042916,0.018048,0.00067331,0.00068061,0.00057243,0.00094182,0.00077627,0.0011255,0.0014136,0.0051502,0.047645,0.0043552,0.0012625,0.00062972,0.00032467,0.00030733,0.0002021,0.00010682,0.0079366,0.0092529,0.0095173,0.0099893,0.011109,0.013846,0.019022,0.028689,0.089766,0.12372,0.036117,0.022182,0.016575,0.014113,0.013305,0.010962,0.01124,0.0069409,0.00042701,0.00034001,0.00051178,0.00070891,0.00064579,0.00051575,0.0014352,0.0030106,0.051872,0.0022665,0.00060455,0.0005565,0.00035116,0.00050755,0.00064704,0.00052835,0.018296,0.0016483,0.0017413,0.0018767,0.0022546,0.0027615,0.0034876,0.0062589,0.015346,0.064964,0.006685,0.003673,0.0028247,0.0023343,0.0020487,0.0017625,0.001854
0.0035859,0.0024005,0.0023299,0.0024833,0.0028089,0.003727,0.005317,0.0096187,0.029639,0.048683,0.01469,0.0071167,0.0050005,0.003909,0.0047776,0.0039332,0.0034295,0.0074941,0.0012682,0.00093114,0.00054897,0.0015112,0.0013848,0.0015798,0.0028214,0.0081331,0.014134,0.0016621,0.00055038,0.0003951,0.00052698,4.6188e-05,0.00015423,7.0572e-05,0.023945,0.00038196,0.00027705,0.00044171,0.0005124,0.00098102,0.0010868,0.0024155,0.0080839,0.04186,0.0082958,0.0033193,0.0021967,0.0017086,0.0014858,0.0015733,0.0016556,0.040993,0.04365,0.045342,0.048802,0.054254,0.063835,0.081915,0.12358,0.31226,0.20404,0.10452,0.055481,0.034687,0.023598,0.015799,0.010529,0.010937,0.013067,0.0020693,0.0020859,0.0016895,0.0022007,0.0027407,0.0032801,0.0043129,0.012422,0.010869,0.0056285,0.0026832,0.0016814,0.0015525,0.00067465,0.00053818,9.533e-06,0.021431,0.0015151,0.0016794,0.0019914,0.0023439,0.0036504,0.0052584,0.0081456,0.026715,0.039198,0.012555,0.008198,0.0062706,0.0054133,0.0050846,0.0045896,0.0044976,0.028075,0.0063124,0.0069665,0.0062835,0.0071023,0.0073685,0.0091238,0.010965,0.01254,0.10758,0.042406,0.014273,0.0065706,0.0048199,0.0026329,0.00094997,0.001257,0.019602,0.0010047,0.00092127,0.00048948,0.00099262,0.0005784,0.0009326,0.00096257,0.0026546,0.010871,0.0053995,0.0020684,0.0013114,0.0011792,0.00080749,0.00085398,0.00074198,0.01705,0.0018607,0.0017784,0.0019261,0.0018688,0.0024003,0.0032339,0.0047092,0.0095413,0.011291,0.010563,0.0033661,0.0017175,0.0011386,0.00045085,0.00027004,5.9128e-05,0.01387,0.00073867,0.0022366,0.0030878,0.0055138,0.0080031,0.012942,0.027766,0.071508,0.27772,0.025198,0.018233,0.015853,0.013617,0.010399,0.011871,0.012257,0.0053292,0.0010624,0.0013146,0.0016839,0.0012097,0.0015479,0.0021037,0.0026736,0.0049522,0.047609,0.0040791,0.0021308,0.0013503,0.0012858,0.00031596,0.0003596,0.00041199,0.021977,0.0013572,0.0016824,0.0015979,0.0019002,0.0027518,0.0037829,0.0051862,0.017719,0.068741,0.0063351,0.0038596,0.0030573,0.0025016,0.0021998,0.0021245,0.0019913
0.0040513,0.0046838,0.0053095,0.005168,0.0062006,0.0074398,0.0094968,0.014715,0.037134,0.040519,0.025446,0.012739,0.0085514,0.0052944,0.0074393,0.0059173,0.0055276,0.00095177,0.0015765,0.0017567,0.0016311,0.0021964,0.0022566,0.0023593,0.0038701,0.0098045,0.024189,0.0056209,0.0027438,0.0017471,0.0011168,0.00098903,0.000843,0.00087931,0.02088,0.0016235,0.0013933,0.0014943,0.0019866,0.0027241,0.0037412,0.0050806,0.013359,0.023717,0.015988,0.0075399,0.0050438,0.0040812,0.0035941,0.0035065,0.0032254,0.040331,0.042426,0.043927,0.047499,0.052763,0.062525,0.080285,0.12558,0.3337,0.4593,0.11301,0.060901,0.040761,0.03107,0.025115,0.022762,0.020979,0.007969,0.0017509,0.0013522,0.00197,0.0018705,0.0020154,0.0025241,0.0046123,0.011219,0.015061,0.0035152,0.0019958,0.0011653,0.0012248,0.00067465,0.00050216,0.00017166,0.020651,0.00072627,0.00053177,0.0011068,0.0018333,0.0032966,0.0050685,0.0090224,0.029089,0.050244,0.010953,0.0076532,0.0061246,0.005275,0.0047771,0.00471,0.0045872,0.035395,0.0042676,0.003194,0.0035068,0.0030923,0.0037497,0.0057221,0.0072807,0.032508,0.10264,0.048724,0.018593,0.010048,0.0057261,0.0020533,0.0015446,0.0018101,0.019207,0.0022638,0.0014987,0.0008093,0.0021828,0.0036152,0.0046918,0.0045398,0.0052974,0.020166,0.010416,0.0061402,0.0039973,0.001857,0.0011398,0.0012058,0.0014458,0.022976,0.0047948,0.0030506,0.0027381,0.0054018,0.0086167,0.010574,0.010941,0.013161,0.033798,0.022539,0.012951,0.0071914,0.0031577,0.00075769,0.0024367,0.0029564,0.016037,0.0038048,0.0039142,0.0050659,0.0066445,0.0096064,0.014213,0.022703,0.097941,0.16578,0.024768,0.019421,0.015911,0.014138,0.012948,0.012446,0.011143,0.00061991,0.0018394,0.0013731,0.0012568,0.0011708,0.001801,0.0022032,0.0030491,0.0074549,0.05159,0.0061242,0.0025665,0.0017207,0.0012622,0.00096483,0.00065901,0.00017356,0.016814,0.0010361,0.0011433,0.0012862,0.0013701,0.0020434,0.0032065,0.0056668,0.019234,0.062568,0.0041833,0.0029789,0.0027606,0.0023995,0.0022268,0.0023082,0.0021191
0.0096895,0.0056895,0.0078437,0.0063369,0.0075091,0.0085244,0.011636,0.015727,0.057376,0.0087058,0.02699,0.010382,0.0062237,0.0039328,0.0041487,0.0042942,0.0024529,0.00033569,0.0024245,0.0024305,0.0025215,0.0025061,0.0027557,0.0039116,0.0051035,0.015518,0.0095262,0.010213,0.004413,0.0025809,0.0019463,0.0015011,0.0012991,0.0012818,0.021401,0.0032162,0.0032836,0.0035078,0.0037406,0.0044873,0.0058802,0.0080007,0.018707,0.02051,0.017151,0.0074426,0.0046538,0.00352,0.0029234,0.0024816,0.0023117,0.027651,0.025652,0.025849,0.030483,0.034517,0.042286,0.05745,0.092255,0.25203,0.34042,0.10376,0.06378,0.046828,0.039224,0.034728,0.03436,0.032416,0.0059205,0.0016805,0.0012062,0.00064378,0.0013819,0.0016771,0.0021889,0.0033179,0.0084853,0.01836,0.002248,0.0018381,0.0010772,0.00096749,0.0011226,0.0011266,0.00055314,0.017525,0.0019123,0.0023446,0.0024927,0.003184,0.0039412,0.0053627,0.0086694,0.026475,0.069302,0.010083,0.0068847,0.0053653,0.004346,0.0039187,0.0037304,0.0037423,0.029332,0.002845,0.0016363,0.0023724,0.002552,0.0024799,0.002767,0.0027854,0.0092607,0.10293,0.04143,0.012616,0.0067522,0.0054706,0.0044251,0.0031189,0.0022011,0.0092908,0.0013838,0.0012427,0.001211,0.0018852,0.0014858,0.0022811,0.0031175,0.0075905,0.0078397,0.007959,0.002447,0.0023009,0.0014801,0.0014444,0.0013348,0.0010014,0.010939,0.0027019,0.0028549,0.0029271,0.0034392,0.0040438,0.0048063,0.007188,0.018331,0.012346,0.022366,0.0086202,0.0060231,0.0046109,0.0040024,0.0036613,0.0035267,0.0086938,0.00056363,0.0020733,0.003621,0.005177,0.0077196,0.013203,0.023999,0.073137,0.20442,0.025024,0.01909,0.015415,0.013501,0.011789,0.012753,0.011425,0.0028191,0.0006241,0.00047787,7.7118e-05,0.00042878,0.00072727,0.00084587,0.0011969,0.00067311,0.047988,0.0015544,0.0010152,0.00080552,0.00031786,0.00088623,0.00038953,0.00014495,0.011,0.002197,0.0021121,0.0023677,0.0025765,0.003157,0.0048967,0.0075298,0.022765,0.086266,0.0072347,0.0059721,0.0043004,0.0038342,0.0035713,0.0031305,0.0030003
0.001957,0.0039158,0.0027179,0.0030961,0.0043933,0.0048817,0.0063597,0.0083677,0.01069,0.023055,0.015263,0.0052254,0.0026287,0.0011497,0.0017339,0.00037608,0.00022507,0.0036641,0.0024659,0.0015065,0.00179,0.0019198,0.0024564,0.0030186,0.0037871,0.0065316,0.011236,0.009739,0.003483,0.0018073,0.00099599,0.00076719,0.00052866,0.0004406,0.0099928,0.0020916,0.0021835,0.0022862,0.0025311,0.0027714,0.0035285,0.0042823,0.010093,0.031552,0.012487,0.0044893,0.0025306,0.0018857,0.00091977,0.0010122,0.00084497,0.00083922,0.042789,0.047404,0.0037117,0.052027,0.06777,0.013226,0.11095,0.33258,0.10955,0.10365,0.082636,0.026479,0.019137,0.036766,0.024479,0.0027695,0.0041562,0.0020524,0.0016882,0.00034008,0.0016989,0.002474,0.00079398,0.0040679,0.012496,0.0051012,0.0040277,0.002923,0.00073425,0.0010034,0.001184,0.0010353,0.00031854,0.0078279,0.0021142,0.0023358,0.0027443,0.002136,0.0039698,0.0039642,0.004169,0.018159,0.010267,0.0053182,0.005078,0.0012172,0.0019474,0.0016441,0.00063144,0.0015259,0.037463,0.0037736,0.0042037,0.004013,0.0048229,0.0053243,0.0073908,0.01101,0.016443,0.025775,0.065479,0.021626,0.013784,0.011144,0.008133,0.0080131,0.0079442,0.010468,0.00030502,0.00013659,0.00028182,8.1174e-05,0.00011956,0.00031139,0.00063248,0.00055197,0.015238,0.001972,0.00058915,0.00019667,0.00032042,7.2473e-05,0.00025077,4.9599e-05,0.008875,0.0017036,0.0012762,0.0013822,0.0015687,0.0016411,0.0019318,0.0023293,0.0041803,0.043209,0.013138,0.0037167,0.002025,0.0011336,0.001014,0.00080219,0.00067329,0.0018902,0.023638,0.024573,0.0090381,0.032323,0.037628,0.0059846,0.075599,0.17615,0.17373,0.10128,0.072773,0.024792,0.025339,0.035252,0.026966,0.019564,0.00051117,0.0050363,0.0051051,0.0008763,0.0056267,0.0071333,0.0013862,0.010869,0.025625,0.028025,0.015985,0.012357,0.0034482,0.0046028,0.0047171,0.0037701,0.0019531,0.010519,0.0025564,0.0019055,0.0032819,0.0041659,0.0031013,0.0037958,0.010142,0.016467,0.033088,0.017311,0.013177,0.0046194,0.0030155,0.006505,0.0047411,9.7282e-05
0.0002613,0.00054973,0.0012788,0.00175,0.0019614,0.0017409,0.0021483,0.00415,0.016378,0.043469,0.0054087,0.0028203,0.0013358,0.002471,0.0016146,0.00078405,0.00031472,0.0014477,0.00080453,0.00090676,0.00071495,0.0010605,0.001107,0.0013063,0.0016425,0.0048407,0.011954,0.0043597,0.0013169,0.0010427,0.00055724,0.00052876,0.00035632,0.00044824,0.0080682,0.00074647,0.0008078,0.00065647,0.00065709,0.0010861,0.0017123,0.0018775,0.0020194,0.019615,0.0043296,0.0026088,0.00166,0.0013055,0.0013722,0.001056,0.0010071,0.01334,0.012915,0.014345,0.0166,0.019603,0.025125,0.036309,0.057282,0.13844,0.47261,0.10145,0.060559,0.044486,0.037284,0.032615,0.032959,0.031998,0.00556,0.0009725,0.00036064,0.00084919,0.00082415,0.0012509,0.0017684,0.0018638,0.005379,0.014712,0.0033642,0.0014958,0.00099305,0.00076796,0.0011343,0.00021659,0.00048638,0.0076104,0.001082,0.0012969,0.0013671,0.0015282,0.0020811,0.0026226,0.0041109,0.009771,0.018654,0.0088984,0.0043544,0.0031472,0.0024577,0.0022567,0.0020596,0.0021057,0.033408,0.00070499,0.00082516,0.0021353,0.0029948,0.0043479,0.0073102,0.012188,0.031134,0.071302,0.080278,0.027202,0.018641,0.014505,0.011173,0.011269,0.011751,0.011469,0.000148,0.00056622,0.00038905,0.00067253,0.00049047,0.00083858,0.00085258,0.0037399,0.013712,0.0037317,0.0016438,0.0014291,0.0014532,0.00097743,0.0010575,0.00098611,0.0015393,0.0021028,0.0023423,0.0023925,0.0024919,0.0029705,0.0040341,0.0052516,0.0089024,0.029404,0.012605,0.0041321,0.0024263,0.001491,0.00091519,0.0007843,0.0005665,0.0064469,0.0062275,0.0063974,0.0054367,0.0068322,0.0076653,0.0089399,0.013766,0.020025,0.20339,0.019742,0.0080095,0.0053731,0.0029279,0.001875,0.0015718,0.00033954,0.00039483,0.0015863,0.00094569,0.0011709,0.0016672,0.0018327,0.002364,0.0030482,0.0066609,0.05084,0.0065967,0.0025386,0.001711,0.0011363,0.00087963,0.001077,0.00078394,0.0037308,0.00039174,0.00036286,0.00031704,0.00030963,0.00054614,0.0010369,0.0016654,0.0034349,0.042708,0.003804,0.00098404,0.00082567,0.00076337,0.0005882,0.00058849,0.0004387
0.0047742,0.0025087,0.0037258,0.004473,0.0038482,0.0047156,0.0057555,0.0060569,0.0051436,0.0062125,0.019933,0.0059319,0.0038615,0.0012472,0.0026024,0.0015033,0.0011692,0.0033455,0.001547,0.0011579,0.0013396,0.0016091,0.0015927,0.0016163,0.0026342,0.0030998,0.016819,0.0067928,0.0019324,0.0013836,0.00079668,0.00043788,0.00038814,0.00019073,0.0078222,0.0018084,0.0020248,0.0021582,0.0024631,0.002822,0.0037409,0.0047744,0.0054348,0.025394,0.01462,0.0049025,0.0032445,0.0024223,0.0017212,0.0013877,0.0014553,0.028033,0.026789,0.027974,0.030829,0.033829,0.039305,0.049983,0.072495,0.16158,0.54082,0.082806,0.043339,0.029436,0.02218,0.016327,0.016569,0.015169,0.0043278,0.0010159,0.0010978,0.0010533,0.00085449,0.0011262,0.0010422,0.0021992,0.0053212,0.02023,0.00089969,0.00059598,0.00042136,0.00045424,0.0009684,0.00048145,0.00022697,0.0014363,0.0022086,0.0021214,0.0023166,0.0025638,0.0029737,0.0041183,0.0064207,0.012753,0.051868,0.005749,0.0031985,0.0018171,0.0014747,0.00072198,0.00075961,0.0006962,0.033627,0.00070542,0.00017189,0.0014387,0.0016598,0.0018401,0.003967,0.0057085,0.01507,0.11468,0.060723,0.018352,0.010806,0.010129,0.0059098,0.0072358,0.0061646,0.0082895,0.00036164,0.0003331,0.0004661,0.00070997,0.00096738,0.0013804,0.0013098,0.0030916,0.02335,0.0057296,0.0019442,0.0015925,0.0013501,0.0010549,0.0009604,0.00082782,0.00034334,0.0010028,0.00083578,0.0010964,0.0012452,0.0019647,0.0030563,0.0042215,0.010706,0.033705,0.018984,0.0082263,0.0057626,0.0047462,0.004019,0.0038823,0.0037346,0.0097333,0.00018016,0.0013236,0.001805,0.0020065,0.0024307,0.0032358,0.0067,0.023578,0.12457,0.020157,0.0081966,0.006313,0.004786,0.0036319,0.0045885,0.0048428,0.0011425,0.0012451,0.0010935,0.00095046,0.0011101,0.0013047,0.0012419,0.0023268,0.0040299,0.052115,0.0030137,0.00093843,0.00066382,0.00069434,0.00082969,0.00023445,0.00026129,0.0016804,0.0012654,0.0011491,0.0014124,0.0014988,0.001761,0.0021248,0.0044079,0.0077066,0.072019,0.0024602,0.001236,0.00079438,0.00061307,0.00063032,0.00059911,0.00063516
0.0009308,0.002623,0.0019928,0.0042116,0.004289,0.0042777,0.0055368,0.0086234,0.021855,0.048957,0.020878,0.0069038,0.0039939,0.0031203,0.0032488,0.0026904,0.0012856,0.0044385,0.0019117,0.0018877,0.0019266,0.0020624,0.0025469,0.0030789,0.0045094,0.010012,0.011057,0.010898,0.0040592,0.0025294,0.0016354,0.0016285,0.0014288,0.0012798,0.00072481,0.0026324,0.0029434,0.0030929,0.0036103,0.0037614,0.0046472,0.0063614,0.010089,0.017607,0.019477,0.0059924,0.0032195,0.002227,0.0011113,0.00080146,0.00060654,0.010746,0.010377,0.012746,0.013292,0.01674,0.022663,0.032356,0.055832,0.13195,0.49987,0.087102,0.05504,0.041897,0.035495,0.032708,0.028533,0.02847,0.0036221,0.00088942,0.00029437,0.0010169,0.00088101,0.0012058,0.0018721,0.0030679,0.0062963,0.018652,0.005348,0.0028049,0.0021264,0.0016766,0.0017497,0.0021812,0.0021839,0.0018349,0.0018996,0.0022411,0.0024566,0.0027024,0.0034122,0.0044085,0.0067626,0.014449,0.065221,0.011646,0.0055566,0.0038352,0.0030494,0.0028371,0.0023347,0.002369,0.036063,0.00088103,0.0001205,0.001507,0.0023713,0.0039583,0.005007,0.0086945,0.018937,0.064322,0.058476,0.021765,0.014546,0.011281,0.0087796,0.010056,0.009596,0.010742,0.0013804,0.0011819,0.0014595,0.0012807,0.0021726,0.0022811,0.0027711,0.0051368,0.0075188,0.0082378,0.0035048,0.0018581,0.0015403,0.0011559,0.00089578,0.00094604,0.00058748,0.002851,0.002882,0.0031443,0.0036693,0.0039461,0.0049335,0.0063849,0.014203,0.035562,0.02004,0.0065688,0.0039655,0.0028219,0.0022115,0.0021271,0.0019875,0.013239,0.0027927,0.0033244,0.0031694,0.0034765,0.0041915,0.0051678,0.0073165,0.0088196,0.1296,0.013199,0.0058481,0.0038511,0.0020988,0.0024729,0.001423,0.0015125,4.0058e-05,0.00029768,0.00057041,0.00054797,0.00060332,0.00078818,0.00054725,0.0012297,0.00039798,0.048902,0.0012828,0.0013771,0.00029626,0.00039782,0.00079042,0.00021407,0.00024223,0.00034524,0.0023453,0.0022818,0.0023245,0.0025574,0.0029861,0.0040094,0.0056425,0.011265,0.078252,0.010476,0.0043464,0.0026174,0.0018901,0.0014414,0.0014304,0.0012875
0.0024529,0.0010132,0.0012003,0.00099074,0.0009129,0.00092142,0.0011538,0.00053406,0.0086435,0.041176,0.011925,0.0042766,0.0024876,0.0025647,0.00074883,0.0012937,0.0014191,0.00070762,0.00087213,0.0014845,0.0016471,0.0015937,0.0013862,0.0018786,0.0024562,0.0035887,0.02027,0.0074473,0.0024316,0.0011693,0.00066676,0.00057472,0.00011558,1.9073e-06,0.0038472,0.0014928,0.0014323,0.0013627,0.0016535,0.0019182,0.0022,0.0028175,0.0034699,0.041967,0.011719,0.0044169,0.0026679,0.0020053,0.0011958,0.0011328,0.0012074,0.029891,0.026478,0.028629,0.030658,0.035036,0.041608,0.053218,0.081431,0.1929,0.26554,0.097511,0.054335,0.037483,0.029986,0.025794,0.021589,0.022539,0.0041066,0.0015232,0.0012094,0.0011431,0.0010975,0.0017462,0.0020468,0.0030541,0.0080898,0.016411,0.0046194,0.0023466,0.0019986,0.0016097,0.0017419,0.0018119,0.0016728,0.0041142,0.0029616,0.0030803,0.003478,0.0036689,0.0046892,0.0055322,0.0074061,0.017428,0.04804,0.010075,0.0049103,0.0030585,0.0022046,0.0016837,0.0011392,0.0010738,0.035409,0.0026422,0.0025429,0.0029019,0.004031,0.0054795,0.0082181,0.013843,0.015584,0.043628,0.053229,0.022079,0.015347,0.011756,0.011595,0.010438,0.0095598,0.011471,0.0007482,0.00050075,0.00052344,0.00046195,0.0007294,0.00060652,0.0010408,0.0010166,0.018676,0.0036648,0.0015361,0.0009755,0.00079764,0.00066037,0.00063694,0.00060275,0.0022374,0.00070905,0.00070056,0.00067847,0.0010423,0.0013313,0.0019649,0.0028614,0.0036091,0.040206,0.014241,0.0059387,0.0041218,0.0032617,0.0029167,0.0026144,0.0025387,0.0062047,0.0053159,0.0048972,0.0055173,0.0060185,0.0077335,0.010269,0.017436,0.041668,0.22577,0.031092,0.014646,0.011529,0.0088297,0.0071906,0.0076417,0.0088331,0.0012551,0.00022278,0.00038091,0.00024255,0.0007632,0.00024139,0.00038813,0.0008355,0.0027592,0.044355,0.0018806,0.00065516,0.0002218,0.00047024,0.00030385,0.00019827,0.00053408,0.0033971,0.0019803,0.0018599,0.0022066,0.0024175,0.0025637,0.0032417,0.0044225,0.012001,0.066737,0.0072539,0.0039032,0.0025164,0.0022062,0.0015786,0.0013062,0.0014935
0.0015602,0.0026437,0.0017734,0.0030479,0.0032082,0.0040757,0.0060257,0.0079228,0.023268,0.037283,0.023408,0.010129,0.0073057,0.0069756,0.0046572,0.0047186,0.0043564,0.0033398,0.00079833,0.00021743,7.7687e-05,0.00033511,0.00015578,0.00071595,0.0013282,0.0044216,0.021619,0.0089901,0.0032707,0.0021491,0.0018616,0.0015098,0.0014179,0.0015011,0.0039616,0.00018296,0.00036921,0.00064165,0.0011242,0.0014668,0.0021975,0.0044634,0.0094534,0.015312,0.017485,0.0071676,0.0049126,0.0039902,0.0036387,0.0031825,0.0031911,0.034554,0.031111,0.033373,0.035156,0.039481,0.046279,0.059533,0.084772,0.20924,0.4168,0.093711,0.050881,0.033408,0.024376,0.020402,0.017421,0.016945,0.0094797,0.0014873,0.0018259,0.002083,0.0013039,0.0018502,0.0021651,0.0026847,0.00754,0.012831,0.0024984,0.0012862,0.00088695,0.00088571,7.8199e-05,0.0008427,7.2472e-05,0.00045967,0.00077785,0.00092463,0.0011961,0.0015905,0.0022436,0.0036974,0.00846,0.016674,0.015362,0.009824,0.0062623,0.0050123,0.0041498,0.0036425,0.0034273,0.0033665,0.030957,0.0013563,0.0019282,0.0022013,0.00364,0.0046193,0.0064991,0.012709,0.029777,0.060994,0.056293,0.023244,0.015681,0.013684,0.011478,0.0099317,0.011372,0.012392,0.00028872,0.00056252,0.00034106,0.0002077,0.00023037,0.00053557,0.00030321,0.0016916,0.015008,0.00096004,0.00043086,0.00064662,0.00046569,0.00037011,0.00022451,0.00024608,0.0028706,0.0010064,0.00074491,0.00072684,0.00088185,0.0010116,0.0013981,0.0028061,0.0037537,0.04785,0.014945,0.0050429,0.0030852,0.0023592,0.001933,0.0017615,0.0018254,0.017281,0.00099067,0.0033911,0.0037489,0.0039286,0.0057938,0.0086157,0.01252,0.041452,0.22768,0.0335,0.017768,0.013631,0.01028,0.0097444,0.0098622,0.0093919,0.0025921,0.0013663,0.0016056,0.0018975,0.0012401,0.0016237,0.0023571,0.0026008,0.0061502,0.053765,0.0055606,0.0027159,0.0014416,0.00072715,0.00052813,0.00061055,0.00036812,0.0030613,0.0013862,0.0014865,0.001392,0.00184,0.0027483,0.0038965,0.0078614,0.015559,0.038865,0.011943,0.0066434,0.0049951,0.0040297,0.0036994,0.0034332,0.003378
0.0054799,0.002685,0.0025584,0.0026686,0.0033626,0.0042647,0.0051945,0.0091799,0.019265,0.0032775,0.023988,0.010651,0.007549,0.0069462,0.0062453,0.005826,0.0044957,0.0035878,0.0010575,0.0009044,0.0008106,0.0012962,0.0014691,0.0015081,0.0025302,0.0059055,0.012386,0.009814,0.0042261,0.0029844,0.002435,0.0021078,0.0019414,0.0018292,0.0018254,0.00045012,0.00068095,0.0011092,0.0015517,0.0018864,0.0026994,0.0038359,0.0076182,0.020444,0.017619,0.0080957,0.0054791,0.0043367,0.0039846,0.0037743,0.0036526,0.0063706,0.00878,0.011817,0.014618,0.019279,0.02667,0.040706,0.07687,0.19908,0.47404,0.11299,0.070674,0.054883,0.04707,0.04297,0.038275,0.038964,0.0082265,0.001259,0.00059198,0.00062206,0.00089262,0.0011559,0.0017422,0.00326,0.0074276,0.020294,0.0037243,0.0024456,0.001909,0.0015524,0.0015402,0.0019458,0.0016995,0.0019722,0.0015246,0.0015632,0.0018364,0.0020624,0.002603,0.0035006,0.0048929,0.01707,0.069473,0.003086,0.0025626,0.0021688,0.0018104,0.0018931,0.0014428,0.0015869,0.034133,0.003055,0.0061379,0.0072539,0.0035922,0.0050849,0.014873,0.022877,0.016974,0.014013,0.091083,0.036836,0.0066714,0.014685,0.020167,0.015637,0.0023861,0.010407,0.0010322,0.00085492,0.0017353,0.0016551,0.00040825,0.0012256,0.003539,0.0041255,0.0115,0.0047028,0.0023334,0.00061504,0.00039762,0.00071481,0.00047008,0.0003891,0.0058518,0.0017616,0.00021234,0.0024705,0.0028949,0.0010909,0.0021855,0.0073082,0.0092867,0.031716,0.012004,0.0039749,0.0011793,0.00064979,0.0010137,0.00055954,0.00027849,0.0069466,0.0023217,0.0074222,0.0079424,0.0038941,0.011757,0.0045168,0.020997,0.045887,0.10525,0.052989,0.0066513,0.013,0.006714,0.0047614,0.0097131,0.00022889,0.0028324,0.0018301,0.0032645,0.0030982,0.0017151,0.005807,0.0034685,0.0080144,0.023166,0.029638,0.023463,0.010828,0.0027928,0.0071939,0.0042634,0.002912,0.0055219,0.0020848,0.002697,0.0036981,0.0015186,0.0040982,0.007638,0.0035231,0.014432,0.040919,0.047981,0.037332,0.020113,0.0028573,0.014061,0.0086482,0.0051954,0.012083
4.7684e-05,0.0010276,0.0010532,0.0013558,0.00099317,0.0021848,0.003004,0.0050135,0.018208,0.019224,0.018645,0.0088723,0.0058959,0.0034544,0.005811,0.0047894,0.0053578,0.0048047,0.00022133,0.00043309,0.00087848,0.0014889,0.0010316,0.0018706,0.0036096,0.0079523,0.0066434,0.011989,0.0052096,0.0037404,0.0029512,0.0025957,0.0025478,0.0025006,0.0042687,0.00091481,0.00086632,0.00111,0.0011095,0.0016378,0.0026092,0.0041797,0.010247,0.020461,0.015067,0.0066046,0.0046896,0.0039261,0.0033772,0.0030252,0.0029984,0.022374,0.025884,0.027572,0.03055,0.035324,0.042366,0.055572,0.088068,0.22933,0.33785,0.10791,0.063897,0.047885,0.039084,0.034469,0.031893,0.030304,0.0027829,0.0012928,0.00096235,0.0011159,0.0008164,0.0017545,0.0019875,0.0036824,0.0096422,0.010102,0.0063198,0.0032471,0.0023507,0.0021946,0.0017607,0.0019379,0.0019207,0.0040913,0.003309,0.0035102,0.0036517,0.0042809,0.004728,0.0063954,0.0086499,0.021474,0.014879,0.008698,0.0044312,0.0028133,0.001997,0.0015501,0.0011157,0.0010281,0.038666,0.0070752,0.0070441,0.0072071,0.0080865,0.0097234,0.010584,0.014099,0.017139,0.064655,0.048523,0.016795,0.0094693,0.0058706,0.0033708,0.002955,0.0025139,0.0079385,0.00072899,0.00057412,0.00063366,0.0010463,0.00036574,0.0010067,0.0011681,0.0029969,0.012496,0.0010061,0.00084492,0.00045252,0.00045833,0.0001986,8.9031e-05,0.00019074,0.0013657,0.00050116,0.00051316,0.00077101,0.0011133,0.0014349,0.0020621,0.0043683,0.0096452,0.041475,0.015325,0.0067518,0.0047546,0.0038911,0.0034644,0.0032234,0.0031128,0.010489,0.0027203,0.0018018,0.0019051,0.0020729,0.003047,0.0047633,0.0083351,0.022539,0.27503,0.0027129,0.0038523,0.0028802,0.0032547,0.0023789,0.0030973,0.0025998,0.0039445,0.0012454,0.0010335,0.0013245,0.0014519,0.0016529,0.0024639,0.0037387,0.0064491,0.045967,0.0088996,0.004234,0.0036685,0.0028529,0.0019276,0.0022508,0.0022888,0.0032635,0.0013983,0.001422,0.001724,0.0021233,0.0029085,0.0042231,0.0062504,0.014899,0.038674,0.012713,0.0076969,0.0056003,0.0046823,0.0043076,0.0040008,0.0038663
0.00177,0.00046102,0.00080818,0.00090635,0.00080687,0.0020448,0.0024244,0.005505,0.019885,0.03867,0.017503,0.0073917,0.0047203,0.0056171,0.0037756,0.0031823,0.0032273,0.0069543,0.00025075,0.00029594,0.00053424,0.00078287,0.0014349,0.0018153,0.0029993,0.0076157,0.009622,0.012147,0.0048315,0.0031797,0.0028534,0.0025674,0.0023067,0.0021859,0.0027886,0.00067596,0.00069567,0.00066091,0.00069046,0.0012896,0.0017793,0.0031183,0.0079219,0.011527,0.014636,0.0053266,0.003464,0.0028676,0.0024163,0.0023365,0.0023079,0.0056172,0.04292,0.070102,0.068433,0.034857,0.027666,0.10366,0.18782,0.30508,0.32693,0.12499,0.11097,0.072929,0.030514,0.010101,0.032166,0.040503,0.0009537,0.0013857,0.002518,0.0035203,0.0013272,0.00095762,0.003377,0.0070591,0.011887,0.011084,0.0041164,0.0046937,0.0034554,0.0018719,0.0010695,0.0011797,0.0018196,0.00026323,0.0040665,0.0062528,0.0060606,0.0032498,0.003428,0.0096666,0.015674,0.022577,0.043262,0.018649,0.0096777,0.0045441,0.0020168,0.0024603,0.0027446,0.0023537,0.028008,0.0054451,0.0058701,0.0060172,0.006684,0.0079252,0.0087616,0.011805,0.022093,0.11247,0.05678,0.018795,0.01279,0.0083626,0.00565,0.0058475,0.0061074,0.0065824,0.00059048,0.00052089,0.00016301,0.0011372,0.00024191,0.00079781,0.0015237,0.0032541,0.015261,0.0012308,0.0012983,0.00077938,0.00048748,0.00028437,0.00023726,0.00027275,0.00095559,0.00018138,0.00034044,0.00049958,0.00093943,0.00091047,0.0015207,0.0030891,0.0075104,0.023594,0.012018,0.0053028,0.0037723,0.0029851,0.0027199,0.0025185,0.0024319,0.024283,0.014633,0.015851,0.016569,0.017398,0.020664,0.025344,0.035416,0.080402,0.071141,0.048689,0.022299,0.013488,0.0070566,0.0058169,0.0025539,0.0032979,0.0061379,0.0021175,0.0016275,0.0025801,0.0024679,0.002546,0.0032272,0.0039267,0.0067451,0.054464,0.011332,0.0038804,0.0028987,0.0022693,0.0019101,0.0013461,0.0014191,0.0029335,0.00071799,0.00070968,0.00058574,0.0012694,0.0008854,0.0010579,0.0034676,0.0028295,0.073312,0.010567,0.0044025,0.0028213,0.0022031,0.0021121,0.0018474,0.0017548
0.0020485,0.0014256,0.00087471,0.0014529,0.0015153,0.0018565,0.0014202,0.0013145,0.0037572,0.027318,0.0097826,0.0029339,0.0016113,0.0020471,0.0009972,5.5675e-05,0.00028993,0.006529,0.00071084,0.00027515,0.00027515,0.00046296,0.00087825,0.00081805,0.0018413,0.0027843,0.011126,0.0076616,0.0031874,0.0020945,0.0017974,0.0015774,0.0014524,0.0014172,0.0039692,0.0015658,0.0016536,0.0018113,0.0020346,0.0022659,0.0026104,0.0039063,0.0067183,0.031194,0.012191,0.0040269,0.0023948,0.0015684,0.0010767,0.00086349,0.00090218,0.026139,0.028733,0.030411,0.031203,0.034965,0.04043,0.050784,0.07271,0.14254,0.28682,0.088399,0.040955,0.023753,0.015309,0.0099668,0.0063349,0.0041238,0.0012474,0.00055432,0.0010177,0.0010725,0.00094996,0.0012219,0.0014552,0.0025255,0.0054844,0.019356,0.0027067,0.0009732,0.00080988,0.00074795,0.0010215,0.00012115,0.00050356,0.0020142,0.0021009,0.002373,0.0023306,0.0027473,0.0031143,0.0042442,0.0049132,0.0096489,0.040374,0.01327,0.0058241,0.0038365,0.0030169,0.0026408,0.0026174,0.0024338,0.03398,0.001102,0.0018762,0.0016429,0.0028199,0.0035559,0.0053465,0.0069339,0.016594,0.05424,0.047089,0.019036,0.013098,0.010583,0.0081455,0.0072906,0.0069638,0.0070363,0.00093093,0.00031454,0.00059998,0.00037193,0.00023271,0.00016801,0.00049033,0.0020273,0.0087912,0.0013294,0.001063,0.00080022,0.00050132,0.00056389,0.00051704,0.00052453,0.0022793,0.00083419,0.00038602,0.00082688,0.00098851,0.0014674,0.0016575,0.0040846,0.0077325,0.032242,0.013823,0.0061796,0.0043393,0.0035221,0.0031608,0.0028896,0.0027333,0.01454,0.0043287,0.0043932,0.0051508,0.0049602,0.0061654,0.0079471,0.010299,0.021017,0.22286,0.028483,0.01302,0.0084905,0.0060133,0.0059826,0.005765,0.005045,0.0040513,0.00040285,0.00026836,0.0012134,0.0013409,0.0014635,0.0019764,0.0027461,0.0057197,0.042192,0.0089651,0.0049971,0.0033499,0.0031225,0.0017106,0.0019001,0.0019493,0.0046922,0.0014181,0.001739,0.0015012,0.0020425,0.0022463,0.0032855,0.0033537,0.0083187,0.051194,0.011856,0.0054362,0.0039214,0.0030569,0.0027684,0.0026491,0.0025368
0.0067388,0.0028519,0.0033088,0.0032894,0.0039757,0.0050022,0.006104,0.0097797,0.015129,0.026241,0.017282,0.0061949,0.0038481,0.0021516,0.0027729,0.0028147,0.0020428,0.0046178,0.0015826,0.00091398,0.00088754,0.0014349,0.0015341,0.0021406,0.0026413,0.0047657,0.023449,0.0067241,0.002217,0.0012618,0.00068996,0.00039159,0.00014828,3.6251e-05,0.00046158,0.0023474,0.0024822,0.0026668,0.0027253,0.0033492,0.0039659,0.005876,0.01044,0.010213,0.013333,0.0048092,0.0026031,0.0016806,0.0013759,0.0010928,0.0010185,0.00050354,0.004198,0.0072909,0.0099506,0.0144,0.020861,0.032151,0.058249,0.16035,0.46833,0.096983,0.060531,0.047601,0.040268,0.035748,0.035151,0.034138,0.0065213,0.0011115,0.00069507,0.00056134,0.00092198,0.00097201,0.0017782,0.0025225,0.0067292,0.014792,0.0035128,0.0025348,0.0019695,0.0015879,0.0022419,0.0010424,0.0013294,0.0017624,0.0026558,0.0027775,0.0026826,0.0032686,0.003807,0.0051228,0.0065918,0.017294,0.029808,0.0051691,0.0031352,0.0021907,0.0014918,0.0010912,0.00091304,0.00087358,0.03723,0.0050631,0.0048602,0.0062466,0.0063056,0.0075726,0.0082747,0.013061,0.028512,0.073989,0.040636,0.018053,0.012262,0.010961,0.0070656,0.0074164,0.0056325,0.011053,0.00072967,0.00025585,0.00036794,0.00018718,0.00046339,0.00052757,0.0010032,0.0017801,0.016583,0.002402,0.0011514,0.00066437,0.00062645,0.0006443,0.00053513,0.00061989,0.0027886,0.0013294,0.0013113,0.0013616,0.00139,0.0014886,0.0018177,0.0021048,0.0034313,0.056442,0.0079055,0.002602,0.0014153,0.00093576,0.00049952,0.00025071,0.00025941,0.0065862,0.0093408,0.0099678,0.010636,0.011512,0.012842,0.015521,0.02428,0.046724,0.19196,0.034324,0.015442,0.0083443,0.0049206,0.0028645,0.0012522,0.00062753,0.00065423,0.0005912,0.00062936,0.00023821,0.0013652,0.0014888,0.001771,0.0022817,0.0046996,0.051175,0.0069039,0.0040385,0.0029793,0.0019998,0.0022039,0.0016576,0.0012379,0.0054341,0.0019234,0.0021988,0.0023452,0.0027086,0.0031801,0.0040806,0.0057809,0.015288,0.047652,0.01141,0.0062956,0.0045068,0.0035737,0.0030958,0.0028112,0.0028973
0.0007458,0.0052641,0.0057516,0.0063188,0.0064364,0.0075047,0.010082,0.015226,0.038848,0.0059735,0.028005,0.010962,0.0078152,0.0046483,0.00525,0.00438,0.0041867,0.00078009,0.0017753,0.0021213,0.0020461,0.0023281,0.0027161,0.0036141,0.0054105,0.012579,0.0090824,0.011633,0.0048414,0.0032682,0.0022968,0.0020283,0.0017952,0.00173,0.0064546,0.0027638,0.0028848,0.0031896,0.0034793,0.0041784,0.0050082,0.0063481,0.016234,0.014223,0.017528,0.0066152,0.004176,0.0031783,0.0021527,0.0019232,0.0019989,0.033736,0.030314,0.032012,0.034077,0.038093,0.045587,0.059107,0.08963,0.22014,0.36778,0.091562,0.053416,0.038489,0.029833,0.024709,0.025042,0.02262,0.011784,0.0013688,0.00099852,0.0020062,0.0012807,0.0020176,0.0023668,0.0035714,0.0078098,0.017434,0.0034462,0.0019202,0.0012735,0.0012902,0.0010754,0.00046881,0.00085451,0.0013104,0.0019567,0.0018376,0.0021526,0.0023164,0.0028859,0.0039624,0.0066923,0.016186,0.065026,0.0031614,0.0026516,0.002069,0.0015948,0.0015262,0.0015145,0.0013218,0.025605,0.0042773,0.0057221,0.0052001,0.0054601,0.0072601,0.0076094,0.0097603,0.016015,0.13201,0.026971,0.0098462,0.0050779,0.0025026,0.0040036,0.001358,0.00045395,0.014509,0.00085013,0.00047794,0.00069945,0.0010917,0.00029678,0.00058492,0.0014006,0.0026079,0.0099673,0.0037015,0.0020575,0.0013851,0.00091487,0.00098446,0.00090308,0.00079538,0.003706,0.00055389,0.00071698,0.00090206,0.001313,0.0017386,0.00255,0.0042176,0.011565,0.0087786,0.01444,0.0066579,0.0048974,0.0039563,0.0037352,0.0034838,0.003336,0.013117,0.0060192,0.0066795,0.007044,0.0086888,0.010408,0.014738,0.022747,0.056767,0.18856,0.034291,0.01976,0.016089,0.013247,0.01165,0.010021,0.0097105,0.0004387,0.0024478,0.0018369,0.0013773,0.0026801,0.0024691,0.0031913,0.0045741,0.0093929,0.051532,0.0087327,0.0032555,0.0018429,0.00090111,0.00075205,0.00065224,0.00032806,0.00045777,0.00079429,0.0012041,0.0014732,0.0015906,0.0018196,0.0021344,0.0038293,0.0089925,0.083185,0.0040528,0.001775,0.0010473,0.00062381,0.00057602,0.00033656,0.00029755
0.0086213,0.0027897,0.0048544,0.0046526,0.0050085,0.0053653,0.0074481,0.012162,0.020595,0.040449,0.020974,0.01048,0.0069983,0.0067664,0.0027301,0.0042343,0.0044976,0.0032826,0.0021024,0.0015114,0.0017758,0.00192,0.002856,0.0032217,0.0051695,0.012357,0.0040556,0.012908,0.0055437,0.0036195,0.0026857,0.0023644,0.0024,0.002306,0.00077631,0.0015201,0.0019067,0.0020638,0.0022531,0.0025099,0.0037356,0.0048185,0.013048,0.034232,0.018477,0.0076678,0.0049885,0.0039586,0.0035898,0.0030401,0.0029736,0.034102,0.037454,0.037263,0.042633,0.04566,0.054742,0.069752,0.10644,0.27071,0.40116,0.088256,0.049057,0.031616,0.022856,0.017567,0.016146,0.014487,0.0080282,0.0016828,0.0023719,0.0016255,0.0022685,0.0023768,0.0030739,0.0049333,0.011444,0.0093905,0.0049574,0.0024691,0.0017035,0.0014971,0.00065098,0.00054725,0.00048256,0.00013731,0.00022059,0.0007749,0.0012397,0.0018129,0.002854,0.0044555,0.0078636,0.026322,0.021474,0.017182,0.0095373,0.0073024,0.0060682,0.0056371,0.0054059,0.005314,0.029263,0.002533,0.0025342,0.0023711,0.0025242,0.0029584,0.0028901,0.0066821,0.0084171,0.099266,0.026665,0.010489,0.0066643,0.0049507,0.0047739,0.0033182,0.0031929,0.013933,0.0010196,0.00047254,0.00081059,0.00066217,0.00092433,0.0012074,0.0020755,0.0045434,0.014393,0.0043568,0.0020608,0.001385,0.0013607,0.0011315,0.00102,0.00096323,0.0051118,0.0010025,0.0012971,0.0014818,0.0017383,0.0023072,0.0032006,0.0050588,0.013275,0.021493,0.01553,0.0075338,0.0052344,0.0042726,0.0039573,0.0033981,0.003315,0.024142,0.0077689,0.013235,0.01633,0.020414,0.026241,0.03396,0.045676,0.085647,0.20723,0.014115,0.023912,0.030128,0.033879,0.035979,0.037255,0.036566,0.00077057,0.0022383,0.0036662,0.0039239,0.0042346,0.00508,0.0048331,0.0056426,0.004652,0.046246,0.010425,0.0070205,0.0066302,0.0062708,0.0057617,0.0051135,0.0056077,0.0066682,0.0036965,0.0032577,0.00345,0.0028033,0.0031249,0.0032417,0.0058114,0.017763,0.042531,0.012467,0.0067971,0.0046722,0.003442,0.0025079,0.0024707,0.00243
0.0028992,0.001736,0.002036,0.0021207,0.0020911,0.0026865,0.0038609,0.0064733,0.015465,0.056482,0.0059416,0.0019576,0.0017304,0.001986,0.0010899,0.00057719,1.5255e-05,0.0032368,0.00085961,0.0010336,0.0010563,0.00092407,0.0014962,0.0017737,0.0025108,0.0061166,0.023589,0.0068753,0.0034742,0.0026099,0.0021255,0.0014639,0.0013966,0.0012837,0.0017414,0.00016546,0.00014908,0.00029753,0.00056398,0.00047606,0.00099492,0.00067999,0.0069085,0.034102,0.010659,0.0044002,0.0029685,0.0021716,0.0019852,0.0019203,0.0018368,0.031296,0.031468,0.033897,0.034505,0.040707,0.049029,0.064342,0.10116,0.27891,0.38103,0.11469,0.067686,0.050166,0.040498,0.034748,0.03415,0.031979,0.0057603,0.0016996,0.0013241,0.0019984,0.001732,0.0021476,0.002804,0.0040318,0.010684,0.016694,0.0052308,0.0023777,0.0018093,0.00099927,0.0007757,0.00087606,0.00015639,0.00015069,0.00075444,0.0010244,0.0014034,0.0018763,0.0029284,0.0041475,0.0078217,0.022077,0.056308,0.012249,0.007432,0.0058034,0.0048192,0.0041825,0.0039612,0.0039349,0.032631,0.0054081,0.007789,0.0067929,0.002425,0.0073827,0.013786,0.014204,0.01064,0.0022276,0.049479,0.018747,0.0044632,0.0038689,0.0066441,0.0044925,0.0021859,0.0089742,0.0021546,0.0019466,0.0014378,0.00055938,0.00090295,0.0023747,0.0041591,0.005978,0.016876,0.0076108,0.0050876,0.0031405,0.001408,0.00089655,0.0018319,0.0022717,0.0027924,0.0029171,0.0050826,0.0048837,0.0023962,0.0024278,0.0082845,0.012644,0.017535,0.042284,0.026459,0.017114,0.010234,0.0037734,0.0020432,0.0056708,0.0069658,0.011288,0.001944,0.0023866,0.0041926,0.0067069,0.010381,0.015658,0.027837,0.083053,0.14032,0.058833,0.03326,0.025111,0.020902,0.019623,0.01768,0.018124,0.00039294,0.0018487,0.0010346,0.00053644,0.0011859,0.0017296,0.0022056,0.0029479,0.0066836,0.044634,0.0057652,0.002582,0.0013599,0.0016814,0.00052385,0.0012517,0.00068285,0.0021458,0.00049657,0.00068727,0.00092431,0.0011685,0.0017007,0.0023341,0.0046426,0.012819,0.073933,0.004364,0.0028311,0.0023078,0.0020589,0.0017561,0.001611,0.0016041
0.0042172,0.0006218,0.0011328,0.00088643,0.002233,0.0025182,0.0032462,0.0067497,0.017695,0.064322,0.015419,0.007487,0.0050624,0.0058411,0.0032908,0.0036128,0.0037747,0.006939,0.00055438,0.0002708,0.00043286,0.00057469,0.00063181,0.00036525,0.00066063,0.002782,0.025276,0.0064846,0.0016041,0.00056742,0.00055422,0.00030801,7.864e-05,6.8653e-05,0.00029564,0.0018589,0.0016303,0.0016064,0.0017399,0.0018124,0.0025829,0.0027325,0.0036934,0.035144,0.012179,0.0040583,0.0020316,0.0012283,0.0009844,0.0008304,0.00073434,0.0048448,0.006042,0.0081649,0.01096,0.017039,0.02469,0.03808,0.069483,0.1682,0.40524,0.12031,0.074706,0.056341,0.048114,0.043434,0.040442,0.039029,0.00061608,0.00018941,0.00049637,0.00039986,0.00038047,0.00095904,0.0013953,0.0027292,0.0064489,0.013793,0.0041662,0.0025703,0.0020113,0.0017973,0.0013238,0.00237,0.0016232,0.0068723,0.0032823,0.0030274,0.0032992,0.003473,0.0040607,0.005718,0.0083776,0.017943,0.0052477,0.011398,0.0057011,0.0040717,0.0033518,0.0027697,0.0024565,0.002287,0.029067,0.0072111,0.0062046,0.0076641,0.0088119,0.01048,0.011237,0.016879,0.045678,0.07878,0.039101,0.016582,0.010542,0.0087094,0.0077294,0.0054844,0.005354,0.0046426,0.0009782,0.0001834,0.00034126,0.00051105,0.00059703,0.00031225,0.00089084,0.0026167,0.004647,0.0028813,0.0011817,0.00092523,0.00057955,0.00053455,0.00043568,0.00049211,0.0062047,0.0011854,0.0011923,0.0010623,0.0014676,0.0011077,0.0014797,0.00099083,0.0012913,0.03693,0.011384,0.0038618,0.0020924,0.0014974,0.0011125,0.00093805,0.0010472,0.005663,0.0014252,0.0012654,0.0019643,0.0044653,0.0040659,0.0077624,0.012556,0.038957,0.2518,0.031161,0.014984,0.011759,0.010095,0.008616,0.007821,0.0072461,0.00091935,0.00068329,0.00086763,0.00095325,0.0019216,0.0012149,0.0024841,0.002815,0.0061464,0.053876,0.006648,0.0022522,0.0013834,0.00096647,0.001915,0.0010631,0.001236,0.0061932,0.0017064,0.0017125,0.0018627,0.0028024,0.0026608,0.0039413,0.0067766,0.016267,0.033678,0.013614,0.007599,0.0056308,0.0046963,0.0041019,0.0039344,0.0038167
0.0039216,0.0016528,0.00099461,0.0010627,0.0017416,0.0023149,0.0025089,0.0040565,0.012161,0.015892,0.018174,0.0089511,0.0065565,0.0070494,0.0030598,0.0033837,0.0028954,0.0080587,0.0015277,0.00081986,0.001173,0.0010352,0.001728,0.0024075,0.0028926,0.0047622,0.011373,0.0085028,0.0038134,0.0026633,0.0022085,0.0017867,0.0015191,0.0014324,0.0091058,0.0018767,0.0015122,0.001542,0.0019448,0.0024428,0.0025754,0.0050021,0.0056231,0.030567,0.013958,0.0062178,0.0042302,0.0033428,0.0030635,0.0028845,0.0028038,0.0080053,0.016271,0.027648,0.041893,0.054881,0.070461,0.09081,0.12332,0.22825,0.47683,0.039334,0.047446,0.060228,0.069567,0.075413,0.076517,0.078094,0.0055619,0.0023556,0.0022008,0.0023308,0.0026134,0.003206,0.0042336,0.0049766,0.0088923,0.016759,0.00038319,0.001644,0.0022879,0.0029205,0.0022858,0.0037316,0.0033379,0.0047818,0.0062392,0.0061195,0.0061886,0.00668,0.0073691,0.008168,0.0094501,0.017555,0.058271,0.0047815,0.0044299,0.0048273,0.0052838,0.0052138,0.0053171,0.0053998,0.040036,0.0066346,0.0059871,0.0074869,0.0077652,0.0089164,0.009519,0.014564,0.029765,0.10061,0.031787,0.012604,0.0068827,0.0051216,0.0031726,0.0021199,0.0014038,0.0070916,0.0012966,0.00035066,0.00014323,0.00025687,0.00024996,0.00025076,0.00032925,0.0013527,0.018214,0.0031619,0.0013689,0.00093726,0.00076651,0.0008042,0.0007457,0.0005951,0.011667,0.0022305,0.0019123,0.0018391,0.002056,0.0022828,0.0029332,0.0045107,0.0063479,0.031735,0.012769,0.0056874,0.0038006,0.00312,0.0025778,0.00228,0.0022069,0.009081,0.0053805,0.0047762,0.0050374,0.0060777,0.0068386,0.0085672,0.014401,0.027738,0.10403,0.0081202,0.0062683,0.0044167,0.0030023,0.00039089,0.00027697,0.00055886,0.0024586,0.00093843,0.00065253,0.0007051,0.00067439,0.00093906,0.0011959,0.0018964,0.003848,0.050977,0.0043396,0.0011775,0.00064965,0.00051138,0.00062137,0.00085418,0.00085259,0.014065,0.001388,0.00086826,0.00093514,0.00077106,0.00092774,0.0014306,0.0020723,0.0061636,0.075689,0.0007028,0.00040863,0.00028987,9.2576e-05,0.00010599,0.00016214,0.00012207
0.0094873,0.00071154,0.00069309,0.0012595,0.00024041,0.00039183,0.00049998,0.00039475,0.0071794,0.042243,0.0085141,0.0026284,0.0018723,0.0031354,0.00099154,0.00044076,0.00017165,0.0065481,0.0004574,0.00035983,0.00034663,0.00094374,0.0013045,0.0015271,0.0015223,0.0041459,0.020358,0.0075025,0.0034197,0.0023951,0.002148,0.0012311,0.0012561,0.001482,0.013308,0.00071499,0.0005373,0.00056963,0.00029334,0.00076161,0.00076461,0.00083109,0.001604,0.032992,0.0096041,0.0036497,0.0023832,0.0016703,0.0017231,0.0015822,0.0014172,0.0302,0.024854,0.025965,0.02703,0.030643,0.03597,0.045304,0.063889,0.14697,0.33376,0.079128,0.042677,0.028727,0.021562,0.017696,0.017342,0.015612,0.011612,0.00059033,0.0013089,0.00068965,0.0010636,0.0015522,0.0020305,0.0027181,0.0064421,0.018726,0.003503,0.0017505,0.0014171,0.0012965,0.0011577,0.00036073,0.00054932,0.018555,0.0018335,0.0018732,0.0018827,0.0025155,0.0026496,0.003539,0.0056484,0.0096213,0.049397,0.008145,0.0040908,0.00281,0.0022217,0.0018749,0.0016947,0.0016823,0.028195,0.0023586,0.0020216,0.0023865,0.0029158,0.0040681,0.0058705,0.0094648,0.013591,0.051773,0.051996,0.019192,0.012424,0.0086887,0.0096038,0.0088464,0.0083925,0.011097,0.0002419,0.00019326,0.00016121,0.0006263,0.00051749,0.00016915,0.00046859,0.0010622,0.014739,0.0025012,0.0010611,0.00058637,0.00039346,0.0008612,0.00068083,0.00049975,0.020935,0.00074495,0.00053345,0.0005908,0.0010544,0.0015197,0.0019497,0.0025487,0.0062828,0.047593,0.01535,0.0066143,0.0043703,0.0037387,0.0031546,0.0029579,0.0027924,0.015896,0.0053423,0.0045976,0.0065407,0.0060759,0.0065013,0.0089579,0.012746,0.016504,0.19478,0.022,0.0096631,0.0051383,0.0028407,0.0024841,0.0010167,0.00050356,0.00066568,0.0012579,0.0013862,0.0018355,0.001436,0.0015411,0.0018941,0.0029295,0.0065294,0.043608,0.0044928,0.002198,0.00060926,0.00066854,0.0014666,0.0002816,0.00024987,0.019003,0.00070991,0.00022749,9.1438e-05,0.00027183,0.0003923,0.00044498,0.0019088,0.0015336,0.069478,0.00055889,0.00040251,0.00048786,0.00050203,0.00037668,0.00027661,0.00035668
0.0052892,0.0014504,0.0018433,0.0010062,0.0011164,0.0023688,0.0028463,0.0054339,0.021229,0.034057,0.0094077,0.0063077,0.0045423,0.0042885,0.0040264,0.0038112,0.0030575,0.013483,0.0015487,0.00056726,0.00051637,0.00085678,0.00036038,0.00029559,0.000448,0.0049229,0.015354,0.0054578,0.0014317,0.00083293,0.00061956,0.00073783,0.00017835,0.00027655,0.01352,0.0012482,0.001316,0.0016939,0.0013199,0.0020097,0.0022755,0.0035457,0.0089078,0.023005,0.0074816,0.0031485,0.002004,0.0014973,0.0013222,0.0012259,0.0011292,0.013815,0.02388,0.024283,0.027301,0.03081,0.037123,0.049648,0.077879,0.19251,0.30601,0.10359,0.059789,0.04345,0.03553,0.03184,0.028988,0.028452,0.002451,0.0025793,0.0012618,0.0014701,0.0013582,0.0013952,0.0017964,0.0030495,0.0086347,0.013989,0.001905,0.0012878,0.00093667,0.00067079,0.00044938,0.0012499,0.0012074,0.020087,0.00086639,0.00091738,0.0012297,0.0014098,0.0020864,0.0031544,0.0057056,0.015875,0.015268,0.011187,0.0062912,0.0047285,0.0040021,0.0035783,0.0034997,0.0034848,0.027197,0.00028864,0.00099852,0.0021517,0.0023119,0.0037164,0.0056978,0.0099852,0.018093,0.099248,0.0575,0.022576,0.015408,0.011305,0.011562,0.0099998,0.010161,0.0042077,0.0019509,0.0012456,0.00083639,0.00059853,0.00036102,0.00029574,0.00014034,0.0005489,0.010185,0.00099024,0.00064017,0.00029913,0.00051571,0.00039029,0.00017617,0.00035478,0.022263,0.00031127,0.00035883,0.00054678,0.00080362,0.0010845,0.0015039,0.0023925,0.0044025,0.010846,0.013811,0.0054738,0.0035263,0.0028154,0.0026677,0.002489,0.0025597,0.047229,0.031314,0.031385,0.032056,0.032778,0.034322,0.037126,0.04346,0.070385,0.22559,0.015551,0.013289,0.017055,0.017996,0.020132,0.018655,0.020697,0.011168,0.0036754,0.0036148,0.0034026,0.0034857,0.0037903,0.0035254,0.0034083,0.003023,0.048511,0.0077687,0.005154,0.004686,0.0045389,0.0033162,0.0044316,0.004427,0.023789,0.0015798,0.0015335,0.0013846,0.001169,0.001232,0.001417,0.0023492,0.0084053,0.042168,0.011909,0.006821,0.0055537,0.005023,0.0047657,0.0045699,0.0043908
0.0010834,0.0023067,0.0019467,0.002875,0.0024726,0.0037489,0.005994,0.0089838,0.028701,0.026989,0.020475,0.011855,0.0082867,0.0082023,0.0059344,0.0048301,0.0059777,0.016375,0.00060607,0.00050891,0.00049528,0.00081395,0.0011936,0.0017157,0.003052,0.0095052,0.023045,0.005098,0.0031441,0.0022819,0.0017395,0.0017598,0.0016604,0.0016423,0.019547,0.001081,0.00092574,0.0011743,0.0014848,0.0018077,0.0024631,0.0045172,0.010167,0.015864,0.010291,0.005355,0.0037992,0.0029888,0.00274,0.0028373,0.0026436,0.0075303,0.0042795,0.008764,0.013131,0.020772,0.031197,0.049655,0.091801,0.28683,0.50837,0.13804,0.087595,0.069138,0.059162,0.05326,0.052536,0.050713,0.0047684,0.00067691,0.00027081,0.00038229,0.00068264,0.0011074,0.0019692,0.002885,0.0098553,0.017211,0.0036619,0.0028337,0.0019379,0.0017671,0.0017921,0.001047,0.0017052,0.019564,0.0028195,0.0030242,0.0033806,0.0038326,0.0045654,0.0062316,0.01038,0.029655,0.057435,0.010883,0.0066963,0.0049579,0.0041651,0.0037855,0.0036366,0.0035191,0.04262,0.0086817,0.0091826,0.0098493,0.010829,0.013309,0.015363,0.02408,0.047223,0.059487,0.051179,0.021894,0.014784,0.012339,0.0066793,0.008503,0.0062924,0.0047932,0.0014933,0.0012805,0.001407,0.0009345,0.0016493,0.0019511,0.0026279,0.0070692,0.01333,0.0043797,0.0017436,0.00083739,0.00042304,0.00041706,1.1975e-05,9.5479e-06,0.023997,0.0011136,0.0013463,0.0013508,0.001567,0.0018578,0.0025658,0.0042161,0.01195,0.052568,0.00062655,0.0011083,0.00094449,0.0007566,0.00063248,0.0006188,0.00052833,0.0018635,0.0095367,0.010967,0.011522,0.012587,0.014487,0.018998,0.029923,0.075493,0.1517,0.021812,0.011894,0.0066363,0.0044733,0.0027991,0.0022987,0.00054742,0.0086347,0.00065617,0.00097024,0.0010597,0.00096175,0.0013976,0.0019581,0.0032903,0.0076822,0.04768,0.0085678,0.0044068,0.0031977,0.0028348,0.0028116,0.0021681,0.0021076,0.026909,0.0013191,0.001427,0.0017895,0.0020717,0.0030035,0.0042362,0.007796,0.021168,0.066401,0.013367,0.0076615,0.0059218,0.0050713,0.0044494,0.00396,0.0042458
0.0046197,0.0019535,0.0022342,0.0028944,0.0033861,0.0047915,0.007451,0.01308,0.05398,0.019289,0.026321,0.01264,0.0098783,0.01045,0.0058776,0.0074517,0.0066835,0.013796,0.00033023,0.00015216,0.00075921,0.0008596,0.001236,0.0020925,0.0044139,0.016358,0.0047508,0.010422,0.0056185,0.0041078,0.0038454,0.0031826,0.0030782,0.0028706,0.021689,0.00090568,0.0011717,0.0014465,0.0018379,0.0028041,0.0040581,0.0064512,0.022752,0.0090916,0.016997,0.0087521,0.0064195,0.005205,0.0048901,0.0046365,0.0042973,0.0062829,0.0081697,0.010663,0.014359,0.020576,0.030149,0.048226,0.088274,0.29781,0.2866,0.10725,0.073981,0.05871,0.05054,0.045751,0.04191,0.043633,0.0049401,0.0016019,0.0003247,0.00033703,0.0005632,0.00094501,0.0017556,0.003307,0.010689,0.012248,0.0053469,0.0034084,0.0025932,0.0023867,0.0023055,0.0025282,0.0021439,0.027981,0.0046209,0.0043961,0.0047154,0.005345,0.0063862,0.0081181,0.012696,0.035328,0.063593,0.007856,0.0047508,0.0029657,0.0019031,0.0011526,0.00063063,0.00079348,0.035395,0.0041707,0.0047176,0.0052747,0.0051632,0.0065664,0.0080418,0.01064,0.035391,0.16357,0.017736,0.0058738,0.0032091,0.0010707,0.0042564,0.0015416,0.0002308,0.0030671,0.0017161,0.0014947,0.0013194,0.0018312,0.001813,0.0021761,0.003317,0.0083844,0.01534,0.0038193,0.0021826,0.0015659,0.0013605,0.00077306,0.00092275,0.00079348,0.022999,0.00071795,0.00079271,0.0011453,0.0015972,0.0020914,0.003263,0.0061184,0.016928,0.010665,0.010928,0.0061821,0.0047559,0.0038537,0.0034822,0.0033548,0.0033379,0.016402,0.011854,0.012519,0.012817,0.014742,0.017664,0.022887,0.036086,0.11357,0.19638,0.035456,0.01977,0.015236,0.011568,0.012259,0.0091645,0.0091459,0.0053941,0.001296,0.00049208,0.00049243,0.00060696,0.00076086,0.0010984,0.0015875,0.0040199,0.049135,0.0016216,0.00084861,0.00049868,0.00047855,0.00024656,0.00048259,0.00053786,0.02303,0.0037385,0.0040907,0.0044305,0.0047757,0.005625,0.0074245,0.01099,0.030291,0.084183,0.010368,0.0051878,0.0033775,0.0023426,0.002055,0.0015606,0.0013847
0.0030213,0.0037339,0.0037838,0.0042059,0.0047291,0.0067633,0.0091715,0.016221,0.036516,0.02827,0.027318,0.013778,0.0099482,0.0062634,0.0077468,0.0063164,0.0067292,0.0077268,0.0016747,0.0017306,0.0018145,0.001915,0.0027043,0.0036296,0.0054228,0.014985,0.0054849,0.013323,0.0059744,0.0042931,0.0031367,0.002835,0.0028095,0.0028287,0.019882,0.0019514,0.0021883,0.002544,0.0028048,0.0034266,0.0047777,0.0060643,0.018764,0.025622,0.021048,0.0085882,0.0059327,0.0049171,0.0041008,0.0038364,0.0037308,0.00069619,0.0059648,0.0075406,0.014793,0.019975,0.030867,0.049693,0.093833,0.31353,0.40694,0.10954,0.076345,0.060429,0.052363,0.048285,0.047569,0.04568,0.0055905,0.0015982,0.0010741,0.0011816,0.0010373,0.0012514,0.0018617,0.0043049,0.011789,0.009809,0.0057525,0.0029746,0.0023999,0.0016552,0.0021626,0.0012833,0.0011501,0.021469,0.0041653,0.0040516,0.0043954,0.0050289,0.005802,0.0074894,0.011951,0.036199,0.029447,0.0082791,0.0043335,0.0027649,0.0019482,0.0018164,0.0014371,0.0010224,0.033164,0.0015233,0.00091075,0.00037323,0.00050647,0.00047582,0.00033737,0.0035059,0.014636,0.10794,0.0076478,0.0028517,0.00096015,0.0013527,0.00088257,0.0011229,0.00012017,0.0052605,0.0013809,0.0011868,0.0012283,0.0014745,0.0015136,0.001699,0.0021489,0.0064921,0.016332,0.0042308,0.0014463,0.00094856,0.00066134,0.00062123,0.00032816,0.00047684,0.030327,0.0024786,0.0025576,0.002799,0.0031157,0.0035242,0.0044135,0.0057114,0.015486,0.03648,0.010311,0.0041679,0.0024243,0.0014542,0.0013014,0.00071152,0.00076295,0.00084688,0.016315,0.015038,0.016876,0.018736,0.022111,0.02889,0.041804,0.11119,0.25935,0.031196,0.016597,0.010452,0.0064011,0.0048118,0.0030858,0.0035782,0.0021363,0.00033578,0.00018705,0.00027025,0.00018821,0.00025444,0.00034585,0.00089582,0.001516,0.048645,0.0021185,0.0011301,0.00037949,0.0002707,0.0011945,0.00071644,0.00012209,0.031127,0.0029192,0.0031412,0.0033926,0.0037853,0.0045263,0.0057632,0.0098434,0.025288,0.040886,0.007649,0.0036662,0.0023806,0.0015434,0.0012665,0.00080497,0.00068093
0.012669,0.0066708,0.0073163,0.006931,0.0079593,0.0092166,0.012,0.020289,0.059155,0.029437,0.025745,0.0098203,0.0069901,0.006299,0.004812,0.0052009,0.003296,0.013249,0.0021677,0.002282,0.0021414,0.0022604,0.0033313,0.0034673,0.0053277,0.01825,0.0076005,0.0092528,0.0037485,0.0021551,0.0014951,0.0012815,0.0010177,0.00093461,0.025406,0.0034889,0.0037061,0.0038544,0.0043253,0.0052002,0.0062883,0.008257,0.031024,0.0056154,0.019401,0.0069678,0.0040108,0.0030248,0.0022358,0.0018558,0.0017319,0.0089342,0.014683,0.01683,0.020195,0.025651,0.035968,0.054039,0.10125,0.39398,0.22164,0.10073,0.070971,0.055872,0.04808,0.043173,0.040543,0.043194,0.0052892,0.0011144,0.0011589,0.00088249,0.00098965,0.001252,0.0020014,0.003884,0.014486,0.010974,0.002562,0.0018328,0.0013697,0.00094402,0.0011006,0.001702,0.00050927,0.028973,0.0028671,0.0030392,0.0035349,0.0042086,0.004744,0.0069977,0.011134,0.042649,0.047184,0.0080757,0.006296,0.0048038,0.0041152,0.0036731,0.0036561,0.0033646,0.03517,0.0040667,0.0015674,0.0043253,0.0033758,0.0058941,0.010945,0.0083795,0.040118,0.053541,0.055897,0.021395,0.013546,0.014933,0.0096365,0.010031,0.010363,0.0077249,0.0010761,0.0024682,0.0020805,0.0013281,0.0030245,0.00020932,0.0059941,0.0038729,0.011493,0.011273,0.00066265,0.0024425,0.0012613,0.00084969,0.0012151,4.5784e-05,0.022238,0.0020925,0.0052548,0.0055913,0.0023914,0.0087641,0.0035733,0.014784,0.01916,0.025904,0.029421,0.0058709,0.007157,0.0056471,0.0026118,0.0047871,0.0017147,0.03472,0.018445,0.017736,0.019677,0.022024,0.025939,0.034327,0.052221,0.16648,0.20816,0.040371,0.023336,0.0144,0.010499,0.0077675,0.0057341,0.00622,0.0036717,0.0011474,6.042e-05,0.00021222,0.00047471,0.00076773,0.0012578,0.001739,0.0051713,0.045109,0.0027422,0.0017344,0.0016302,0.00099605,0.0011722,0.00092946,0.00036049,0.025717,0.0027288,0.0028537,0.0030409,0.0034817,0.0046759,0.0061829,0.0091182,0.030527,0.067066,0.0078756,0.0046697,0.0033203,0.0025622,0.0022193,0.0019365,0.0019665
0.0037728,0.0067334,0.0089445,0.0080387,0.0090819,0.011001,0.013943,0.02371,0.079672,0.045169,0.021628,0.0096424,0.0054018,0.002177,0.0019587,0.0011977,0.0012741,0.0074502,0.00059013,0.0014595,0.0013737,0.0012108,0.0019148,0.0017849,0.0032564,0.017715,0.01932,0.0053269,0.00093773,0.0006823,0.00072407,0.00069093,0.00053401,0.00068282,0.019688,0.0028187,0.0026631,0.0029051,0.0030422,0.0041273,0.0054296,0.0082381,0.028399,0.0062539,0.014696,0.0038098,0.0021503,0.001349,0.00057134,0.00040703,0.00030135,0.036536,0.036748,0.03672,0.04085,0.044886,0.053947,0.070634,0.11399,0.43011,0.29328,0.073152,0.040281,0.0263,0.019023,0.01445,0.010645,0.011633,0.004881,0.0004333,0.0011637,0.0013599,0.0013845,0.0015119,0.0017553,0.0039388,0.013983,0.013376,0.001549,0.000975,0.00070989,0.00054529,0.00033266,0.00041187,0.00055506,0.025868,0.00039145,0.00080671,0.0012549,0.0019329,0.0032244,0.0049456,0.010352,0.045414,0.044688,0.010953,0.0074335,0.0059644,0.0050405,0.0048861,0.0043647,0.00449,0.044333,0.0065415,0.007513,0.007837,0.0095884,0.011072,0.014364,0.019442,0.090112,0.10881,0.042692,0.019145,0.012967,0.01005,0.0074598,0.0076761,0.0065671,0.0028572,0.0021217,0.0014945,0.0019178,0.0022145,0.0014663,0.0027008,0.0031129,0.012646,0.011293,0.005142,0.0018234,0.0010964,0.00087771,0.00067083,0.00012026,2.6714e-05,0.027699,0.00096317,0.00094067,0.00090846,0.0014324,0.0014978,0.0017668,0.0022869,0.017491,0.039747,0.00047156,0.0013189,0.0012333,0.0011257,0.00088591,0.00065551,0.00081254,0.004223,0.0092824,0.0098914,0.012558,0.015719,0.020721,0.03158,0.054901,0.21996,0.13093,0.064143,0.043894,0.034922,0.029456,0.025602,0.023241,0.023732,0.001133,0.0020198,0.00054288,0.00057339,0.00048441,0.00069147,0.00079425,0.0016761,0.0044163,0.05188,0.0043711,0.0015158,0.00056942,0.00027538,0.00088961,0.00042038,0.00091553,0.029889,0.0018052,0.0020687,0.0024386,0.0024995,0.0038839,0.0055883,0.0098095,0.03539,0.069617,0.011392,0.0063179,0.0047646,0.0039916,0.0035756,0.0033491,0.0032769
0.0022278,0.0014465,0.0023137,0.0016674,0.0021617,0.0048551,0.0069126,0.014254,0.085881,0.061502,0.0048248,0.0044558,0.0036772,0.0058793,0.0055891,0.0044229,0.0050584,0.012516,0.0029805,0.001155,0.0010996,0.0021302,0.002505,0.0022282,0.0034335,0.020604,0.017604,0.010935,0.0026964,0.0015668,0.00082332,0.00062065,0.00043032,0.00043868,0.018769,0.0002428,0.0011896,0.0011399,0.0010549,0.0014085,0.0026288,0.0046462,0.024815,0.033049,0.016749,0.0033892,0.0014991,0.00099851,0.00048474,0.00014517,0.00028992,0.018679,0.012394,0.0077295,0.015794,0.02945,0.032828,0.034093,0.10182,0.46463,0.068431,0.1139,0.093786,0.05419,0.03898,0.05431,0.045215,0.033106,5.3406e-05,0.00080652,0.00094379,0.00026165,0.0014286,0.0019639,0.0014904,0.0040846,0.017126,0.0055823,0.0039651,0.0031273,0.0014681,0.0013598,0.0017712,0.0016999,0.00026321,0.027283,0.0034449,0.0027713,0.0038736,0.0043065,0.0045576,0.0062831,0.012661,0.047402,0.028209,0.01355,0.008631,0.0047453,0.0035961,0.0041117,0.00341,0.002575,0.027512,0.0051335,0.0076417,0.0076319,0.008505,0.011186,0.015392,0.021686,0.084011,0.10293,0.028701,0.018104,0.013421,0.010069,0.01017,0.0096398,0.0090104,0.00022318,0.00064372,0.00034471,0.00054549,0.0010406,0.00079828,0.0010895,0.0020404,0.01032,0.0077128,0.0026869,0.00051257,0.00046394,0.00052371,0.00041768,0.00032037,0.000494,0.026223,0.0017398,0.0012453,0.001195,0.0013178,0.0014688,0.002334,0.0018564,0.016551,0.0048697,0.01145,0.0025299,0.0012992,0.00082719,0.00050421,0.00053895,0.00041198,0.00060273,0.012468,0.014728,0.012288,0.0064807,0.01263,0.034104,0.07092,0.25557,0.24047,0.025834,0.031405,0.038187,0.033625,0.026239,0.013237,0.0083467,0.0011254,0.0041939,0.0027059,0.0026064,0.0037832,0.0061401,0.0083684,0.010146,0.013006,0.04457,0.021491,0.008612,0.0051072,0.0017847,6.7583e-05,0.0020685,0.0019761,0.019663,0.0059673,0.0045619,0.0040834,0.0063468,0.010059,0.012357,0.014333,0.038112,0.045402,0.020769,0.011962,0.006822,0.0038,0.00193,0.0017647,0.0015011
0.0077478,0.0077365,0.0083186,0.0081408,0.009274,0.010689,0.014208,0.026609,0.071814,0.029286,0.023138,0.0084048,0.0051236,0.0020017,0.0031613,0.001651,0.0019722,0.017285,0.0022528,0.0025439,0.0019675,0.0023837,0.0032139,0.0041913,0.0065488,0.018788,0.0041486,0.0093872,0.0034382,0.00175,0.0015491,0.00075617,0.00071791,0.00069049,0.02483,0.0030543,0.0032506,0.0034622,0.0040392,0.0045376,0.0052545,0.0080371,0.031421,0.016176,0.019641,0.0051652,0.0032117,0.0019545,0.0017995,0.0012779,0.00088502,0.033337,0.038662,0.039521,0.042606,0.048057,0.057416,0.074925,0.12322,0.447,0.11923,0.07441,0.044297,0.02981,0.022145,0.016809,0.013843,0.01524,0.0023022,0.00063101,0.000898,0.00056647,0.001237,0.0015736,0.0023228,0.0040634,0.015391,0.0066331,0.0035083,0.0015263,0.0012757,0.0014107,0.0012971,0.0014494,0.00020408,0.022196,0.0034058,0.0037221,0.0040382,0.0047545,0.0058972,0.0081367,0.011529,0.043946,0.026682,0.0070819,0.0054926,0.0043431,0.0036619,0.0032074,0.0029677,0.0031796,0.025174,0.0097388,0.0092934,0.01009,0.011547,0.014084,0.018997,0.03292,0.078156,0.081438,0.047147,0.022535,0.01651,0.01171,0.010658,0.0091463,0.010376,0.0002594,0.0014289,0.001136,0.0013396,0.0010701,0.0016122,0.0023398,0.0035045,0.011651,0.01916,0.0070897,0.0021585,0.0013723,0.00084714,0.00088273,0.0006581,0.00063705,0.026038,0.00068949,0.00073599,0.0007686,0.00095504,0.0013617,0.0023358,0.0054929,0.011229,0.033751,0.0069007,0.0025876,0.001832,0.0016338,0.0013668,0.0012975,0.0014134,0.014328,0.0038919,0.0067004,0.0075757,0.011406,0.016606,0.025553,0.052493,0.21787,0.25662,0.05515,0.035889,0.028296,0.02438,0.023688,0.021029,0.021031,0.007414,0.00022015,0.0014592,0.0018959,0.0015353,0.0015553,0.0022213,0.0030933,0.0097428,0.04524,0.0070562,0.003714,0.0026244,0.0019653,0.0014696,0.0015188,0.0010777,0.031113,0.0025703,0.0025725,0.002658,0.0033539,0.0041737,0.0062978,0.0078144,0.036205,0.052218,0.012351,0.007251,0.0054303,0.0044749,0.0041766,0.0038402,0.0037309
0.0032635,0.0050646,0.0060102,0.0052999,0.0065169,0.0086796,0.011689,0.017269,0.077896,0.040542,0.018723,0.0092754,0.0066208,0.0033071,0.0035743,0.0028183,0.002245,0.013975,0.00037641,0.00032978,0.0005218,0.00095671,0.0011502,0.0014728,0.0025605,0.014656,0.019676,0.0065674,0.00091768,0.00083568,0.00066739,0.0011775,0.00061897,0.00037957,0.021029,0.0016663,0.0015221,0.0016294,0.0016331,0.0022613,0.003153,0.0068407,0.020801,0.02187,0.013917,0.0025126,0.0013254,0.00088537,0.0005858,0.00078952,0.00074959,0.0099508,0.0076827,0.0090717,0.014322,0.019704,0.030318,0.04824,0.096781,0.42073,0.24357,0.10813,0.069674,0.055848,0.048298,0.043542,0.040882,0.042918,0.00016403,0.00087504,0.00037792,0.0013951,0.0008498,0.0011713,0.0021985,0.003952,0.014979,0.012272,0.0033029,0.0015858,0.0014663,0.0012889,0.0014769,0.0013464,0.0010605,0.030547,0.0040519,0.0041642,0.0044626,0.0049642,0.0058615,0.0077826,0.013261,0.047357,0.046753,0.011844,0.0048575,0.0034207,0.0025697,0.0020918,0.0017818,0.0018711,0.042218,0.0073035,0.0072125,0.0085001,0.0098172,0.011794,0.015503,0.022046,0.080599,0.042382,0.03952,0.018948,0.014003,0.0099686,0.0072777,0.0086093,0.0080835,0.00036813,0.00094833,0.00063579,0.00057107,0.0013551,0.0010336,0.0013009,0.0027422,0.0095626,0.016109,0.0036995,0.0015184,0.0010118,0.00075773,0.00084197,0.00079893,0.00073052,0.027441,0.00051103,7.5225e-05,0.00024752,8.1148e-05,0.00042925,0.0010566,0.0018398,0.00753,0.054942,0.0060132,0.0011948,0.00064189,0.00037354,0.00020254,0.00014598,0.00020026,0.032441,0.020847,0.02264,0.023585,0.027297,0.031989,0.042774,0.065109,0.24932,0.082212,0.069449,0.036338,0.02576,0.021476,0.018372,0.01649,0.014382,0.0053712,0.00047729,0.00036703,0.00050793,0.00046777,0.00042358,0.00035477,0.0012033,0.0060368,0.045914,0.0060092,0.00098253,0.00090397,0.00031138,0.00033162,0.00068917,0.00055315,0.026556,0.0025992,0.0027925,0.002954,0.0036986,0.0040618,0.0050441,0.010321,0.034392,0.067944,0.0045198,0.0029461,0.0017767,0.0012664,0.00115,0.0010242,0.00079918
0.0016575,0.0049791,0.0034229,0.0039188,0.0052937,0.0058308,0.0077175,0.01467,0.088922,0.055753,0.017079,0.0045585,0.00197,0.0028751,0.0033189,0.0027785,0.0016499,0.012789,0.0013431,0.0016988,0.0019128,0.0020587,0.0017185,0.0023874,0.0040232,0.02079,0.014896,0.011123,0.0021062,0.0013221,0.00077682,0.00044638,0.00017603,0.00011636,0.019074,0.0022135,0.0022396,0.0024065,0.0028686,0.0030666,0.0038203,0.0067909,0.031524,0.013326,0.022372,0.0035215,0.0018655,0.0012712,0.00054292,0.00052679,0.0006447,0.031218,0.026407,0.027914,0.030797,0.034484,0.042064,0.057392,0.09395,0.42808,0.27095,0.054624,0.037753,0.028679,0.023066,0.019814,0.018275,0.019007,0.0037499,0.001017,0.0012401,0.0015373,0.0014835,0.002175,0.0024092,0.0033324,0.016163,0.01045,0.0043233,0.0008435,0.00081004,0.00052253,0.00048482,0.00050914,0.00067902,0.024624,0.0010521,0.0011236,0.0013561,0.0019756,0.0028884,0.0047877,0.011413,0.048648,0.039044,0.0089716,0.005572,0.0049006,0.004484,0.0040542,0.0037094,0.0038453,0.040787,0.0087303,0.0093394,0.010019,0.011475,0.013162,0.016662,0.022223,0.095469,0.079152,0.031861,0.01479,0.0093351,0.0059258,0.0042666,0.0064171,0.0037842,0.001545,0.0012498,0.0010398,0.0011667,0.0012242,0.00069973,0.0012574,0.0028095,0.012159,0.0053651,0.0067864,0.0022213,0.001045,0.00093929,0.00065509,0.00071412,0.00052645,0.027317,0.00013428,0.00028074,0.00030849,0.00049461,0.00062767,0.00099089,0.0018764,0.017166,0.043561,0.010759,0.0031005,0.0019209,0.0014769,0.0014163,0.0011109,0.0011254,0.0045186,0.020206,0.020379,0.022477,0.025233,0.03104,0.041581,0.070752,0.2471,0.17836,0.052557,0.034302,0.02516,0.020711,0.016897,0.013825,0.015375,0.0054322,0.00096324,0.0011595,0.0010664,0.0008482,0.001188,0.0012495,0.0024613,0.0085198,0.049411,0.0047808,0.0012312,0.0012838,0.00082033,0.00056141,0.0014756,0.00049211,0.031767,0.0034845,0.003573,0.0037459,0.0043886,0.0052433,0.0066189,0.012325,0.044126,0.058596,0.01074,0.00556,0.0037751,0.0028978,0.002541,0.002067,0.0020733
0.010016,0.0051232,0.003946,0.0053882,0.0062482,0.0069382,0.0095891,0.018503,0.099953,0.039799,0.017549,0.0074212,0.004169,0.0033652,0.0043621,0.0022747,0.0031491,0.013283,0.00061174,0.00068107,0.00020702,0.00027423,0.00052766,0.00094965,0.0012712,0.018882,0.011803,0.0098768,0.0012783,0.00072161,0.00049526,0.00037864,0.00015042,0.00019073,0.020817,0.00089828,0.00075981,0.00058837,0.00074493,0.00074962,0.001076,0.0013133,0.031511,0.020114,0.018411,0.0028637,0.0012436,0.00047937,0.00045373,0.00036461,7.2476e-05,0.004921,0.0099709,0.012177,0.014412,0.016909,0.023711,0.035153,0.068307,0.45952,0.19286,0.065296,0.039932,0.030498,0.026684,0.025097,0.024349,0.019821,0.0032139,0.0009556,0.00051627,0.0012247,0.00063747,0.00061365,0.0013685,0.0014677,0.016935,0.0048192,0.0029724,0.0012943,0.0012665,0.00083124,0.00052796,0.00093209,0.0011654,0.022108,0.0027582,0.003106,0.0029394,0.0037743,0.0045134,0.0061944,0.0086838,0.053263,0.026137,0.0096999,0.0038139,0.0022828,0.0015766,0.0010304,0.0008205,0.00034525,0.029784,0.0026445,0.00253,0.0033976,0.0042119,0.0050656,0.0088536,0.017423,0.085211,0.12857,0.022684,0.013936,0.0095944,0.0087081,0.0063556,0.0053511,0.0056592,0.0020848,0.00016183,0.00032425,0.00025847,0.00053838,0.00086146,0.00045735,0.0010458,0.011028,0.01006,0.0046616,0.00064325,0.00058603,0.0003135,0.00027536,0.00038505,0.00043677,0.026473,0.00023326,0.00027928,0.00028837,0.00053727,0.00092335,0.00070823,0.0032204,0.012886,0.0093152,0.010768,0.0034878,0.0023326,0.0019187,0.0015822,0.0016347,0.0015011,0.0084134,0.0064951,0.0069057,0.0081453,0.011198,0.017247,0.027162,0.052095,0.2756,0.26032,0.056251,0.036692,0.027423,0.023933,0.022779,0.019599,0.018355,0.0051175,0.00052495,0.00065305,0.00071569,0.00071919,0.00054002,0.00084959,0.0019805,0.0083791,0.050906,0.0099342,0.00072023,0.0017969,0.001621,0.0011386,0.00094847,0.00063897,0.029173,0.0016829,0.0018023,0.0019096,0.0020424,0.0030652,0.0044522,0.005162,0.04043,0.056222,0.0047166,0.003701,0.0027275,0.0022419,0.0019901,0.0017763,0.0016613
0.0077306,0.0042501,0.0037366,0.0042908,0.0043383,0.0064855,0.0087389,0.018391,0.091632,0.020609,0.017497,0.0042099,0.0042265,0.0019071,0.0025859,0.0002126,0.00013542,0.012772,0.00088041,0.0005646,0.00047843,0.0012535,0.0018259,0.0014288,0.003542,0.016108,0.0071951,0.0082609,0.0013561,0.00093376,0.00081495,0.00050036,0.0002647,0.00033568,0.0231,0.0018591,0.0019364,0.0022453,0.0020427,0.0028579,0.0034841,0.006101,0.032782,0.013532,0.019248,0.0038795,0.0026217,0.001823,0.0015877,0.0015168,0.00098613,0.017578,0.020938,0.021127,0.022602,0.026287,0.031188,0.042554,0.073336,0.47669,0.073257,0.029558,0.018259,0.01142,0.0079825,0.0044624,0.0021988,0.0050927,0.0025826,0.00061713,0.00038916,0.00022283,0.00055803,0.00070072,0.00093676,0.0014426,0.015901,0.0020813,0.002672,0.00047758,0.0003314,8.03e-05,0.0005887,5.0431e-05,0.0012207,0.024268,0.00086093,0.00096555,0.0011225,0.0013511,0.0021098,0.0032656,0.0076298,0.048306,0.024184,0.0008422,0.0021162,0.0018687,0.0018936,0.0018688,0.0016373,0.0015812,0.028153,0.010808,0.017125,0.023935,0.028483,0.03099,0.031628,0.034499,0.078305,0.089023,0.053431,0.034098,0.02362,0.016308,0.013301,0.0055093,0.0042534,0.003481,0.00090996,0.00097349,0.0010551,0.0023402,0.0018731,0.0025403,0.0018866,0.013096,0.017437,0.0064879,0.0025735,0.0019679,0.0014873,0.00098019,0.0009211,0.00070763,0.025591,0.00085656,0.00079537,0.001033,0.0018985,0.003081,0.0041427,0.0066131,0.014892,0.027417,0.0077305,0.0063943,0.0061087,0.0051195,0.003529,0.0020446,0.00079538,0.026684,0.012782,0.013513,0.015445,0.017064,0.021594,0.027985,0.052336,0.29356,0.20776,0.033952,0.021042,0.015677,0.013933,0.011725,0.0098532,0.0088731,0.0028077,0.00058224,0.00064029,0.00090351,0.00034902,0.00057717,0.0010341,0.0016823,0.0057223,0.044114,0.0017648,0.0012527,0.0011253,0.0011378,0.00010402,0.00077106,0.0011025,0.025931,0.001825,0.0019621,0.0022208,0.0024013,0.003478,0.0045473,0.0046826,0.037111,0.051337,0.0069445,0.0032881,0.0023814,0.0019942,0.0015735,0.001242,0.0013409
0.0010929,0.0013318,0.00064149,0.00073737,0.0021191,0.0021508,0.0042094,0.015098,0.093667,0.04251,0.01284,0.0021882,0.0026019,0.0026276,0.0044189,0.0027647,0.0023518,0.010246,0.0012158,0.001081,0.0012903,0.0011523,0.00089071,0.001671,0.0036395,0.016494,0.01763,0.0093889,0.00198,0.0010505,0.00060093,0.00050539,0.00032521,0.00021361,0.022486,0.0010766,0.0013999,0.0014196,0.001941,0.0018179,0.0032694,0.0076019,0.028267,0.014321,0.019507,0.0049545,0.0027381,0.0017831,0.0015238,0.0016052,0.0013066,0.0067769,0.0075302,0.010085,0.012251,0.014616,0.01982,0.032357,0.061089,0.47679,0.10298,0.046773,0.035146,0.028514,0.024492,0.022376,0.021452,0.021601,0.0023918,0.00078041,0.00077662,0.0011363,0.0011772,0.0014959,0.0016188,0.0022473,0.018062,0.0053392,0.0046977,0.0012048,0.00049841,0.00054703,0.00046588,0.0002046,0.00074771,0.026463,0.0019406,0.002415,0.0025472,0.0027302,0.0038428,0.0049748,0.010946,0.053248,0.033435,0.0095128,0.0054462,0.0038555,0.0029889,0.0027966,0.0024462,0.0022011,0.04151,0.0041298,0.0033711,0.0053521,0.0063217,0.0073705,0.0099928,0.020398,0.098801,0.056817,0.019978,0.013355,0.0092814,0.0072559,0.0060199,0.0081527,0.0087377,0.0039635,0.0001935,0.00049704,0.00054964,0.00087404,0.0010308,0.00097517,0.0037249,0.012817,0.014962,0.0031538,0.00078877,0.00046253,0.00057598,0.00044336,0.00022393,0.00042344,0.025357,0.0010007,0.00068079,0.00081351,0.00075817,0.0014508,0.0016956,0.0060936,0.011907,0.054878,0.0056862,0.0013833,0.0003295,0.00039104,0.00037867,0.00036509,6.4835e-05,0.013663,0.0098173,0.024795,0.021138,0.021118,0.037466,0.014804,0.090664,0.16319,0.21743,0.07861,0.0093092,0.025146,0.0064602,0.011123,0.0097009,0.0019703,0.0026265,0.0014106,0.0034325,0.0045348,0.0015469,0.0064545,0.0060283,0.0045406,0.028757,0.023055,0.01857,0.011403,0.0019984,0.0065213,0.003711,0.0030155,0.0046254,0.02566,0.0044185,0.0019133,0.0046305,0.0040501,0.00514,0.0095858,0.0058816,0.059183,0.02015,0.027751,0.010378,0.0085004,0.0083351,0.0048637,0.0078911,0.0038014
0.0046216,0.0008618,0.0027653,0.0017695,0.0017993,0.0037705,0.0054579,0.010113,0.10468,0.0368,0.019784,0.0067983,0.0035211,0.0041758,0.0052424,0.0035999,0.0045491,0.0085145,0.00088772,0.00048252,0.00074752,0.00018072,0.00055758,0.0009565,0.0024128,0.018585,0.014225,0.0085302,0.00059285,0.00056944,0.00041755,0.0004214,0.00021195,0.0005417,0.015913,0.0010536,0.00053661,0.00041568,0.00056009,0.00096751,0.0019846,0.0051088,0.031534,0.0018437,0.016967,0.0017273,0.0014608,0.0012216,0.0010969,0.0010663,0.00089074,0.014849,0.012136,0.014156,0.014597,0.018657,0.024302,0.03544,0.067673,0.47244,0.17953,0.057436,0.035185,0.027124,0.023257,0.021193,0.021226,0.022459,0.0050641,0.00078116,0.0007998,0.00042292,8.5482e-05,0.00075276,0.00074661,0.0022738,0.017112,0.0094687,0.0039735,0.00095477,0.00095702,0.0011408,0.00067406,0.0015409,0.00011635,0.021069,0.0025319,0.0023224,0.0025531,0.0031075,0.0036495,0.0049944,0.0082417,0.051739,0.036445,0.0070183,0.0018829,0.0015907,0.00083558,0.00070257,0.00037305,0.0003395,0.038788,0.0048747,0.0069813,0.0064774,0.0070221,0.0082948,0.010992,0.013254,0.10789,0.10386,0.023231,0.0092452,0.0058773,0.0026931,0.0033138,0.0013991,0.0023003,0.006487,0.00088414,0.00039541,0.0003399,0.00083383,0.0009468,0.0010445,0.0022563,0.012036,0.0073595,0.0041117,0.001047,0.00092313,0.00069367,0.0006322,0.00085991,0.00050926,0.020607,0.0013012,0.00069024,0.00077949,0.0010261,0.0010196,0.00089339,0.002271,0.015876,0.04231,0.0047533,0.0010798,0.00065025,0.00033423,0.00034559,0.00035245,0.00034713,0.035504,0.019923,0.02123,0.022437,0.026455,0.030959,0.04023,0.06718,0.31123,0.14696,0.040454,0.02191,0.014971,0.0088733,0.0062744,0.0046413,0.0013542,0.002594,0.0011477,0.00083664,0.00026013,0.00106,0.0011369,0.00094327,0.0020378,0.0049382,0.05011,0.0026764,0.0019672,0.0015995,0.0012538,0.00066633,0.0015312,0.00022126,0.019432,0.0023148,0.0019661,0.0019983,0.0022116,0.0027174,0.0040444,0.0056684,0.03742,0.064074,0.0056232,0.0024105,0.0016607,0.0011202,0.00065619,0.00070683,0.00030519
0.0017338,0.0044188,0.0050365,0.0040861,0.0050844,0.0065616,0.0089849,0.012607,0.11213,0.038464,0.022958,0.0041232,0.00099373,0.0018873,0.0021236,0.0012557,0.0029278,0.0061704,0.0012281,0.00091121,0.00049023,0.00015666,0.00094804,0.0005658,0.0027056,0.019841,0.011967,0.0091086,0.001666,0.0009444,0.00067245,0.00090199,0.00072066,0.00070765,0.010012,0.00099662,0.00072624,0.00078916,0.0012014,0.0016751,0.0024366,0.0050484,0.033124,0.0091385,0.021289,0.003189,0.0019056,0.0018555,0.0014645,0.0017521,0.001463,0.025057,0.03772,0.024663,0.042491,0.030044,0.060531,0.048848,0.1469,0.46176,0.13336,0.074564,0.057767,0.027701,0.035818,0.018569,0.028188,0.016165,0.0070516,0.0012356,0.0004231,0.00072206,0.00064863,0.0020912,0.0010615,0.0054902,0.017084,0.0020427,0.0030397,0.0044799,0.00227,0.0025408,0.0017094,0.0023201,0.0013905,0.018334,0.0053309,0.0046453,0.0059632,0.0055217,0.0078108,0.0084561,0.017922,0.053492,0.014039,0.01397,0.0066735,0.0037244,0.0033829,0.0013202,0.0022625,0.00034333,0.03843,0.0048671,0.0059788,0.005786,0.0069072,0.008526,0.01012,0.016001,0.10789,0.11646,0.027369,0.010498,0.0078356,0.0048718,0.0036803,0.0070935,0.0050012,0.0081254,0.0013088,0.00037803,0.00082447,0.0003146,0.0010756,0.0011481,0.0020198,0.012918,0.0059497,0.0052925,0.0011264,0.00032957,0.00043855,9.69e-05,7.5788e-05,7.6298e-05,0.016342,0.00068258,0.000633,0.00042337,0.00041739,0.0002714,0.00020997,0.00065431,0.015056,0.028153,0.005166,0.0006441,0.00049949,0.000337,3.1964e-05,0.00010883,0.0004692,0.023411,0.0079101,0.0073526,0.010046,0.011428,0.016301,0.025849,0.049935,0.29842,0.16663,0.052841,0.036444,0.026342,0.021914,0.02091,0.0194,0.018109,0.0034581,0.0022626,0.0020426,0.0021865,0.002198,0.0023882,0.0028664,0.0032409,0.0080898,0.052222,0.0040858,0.0055557,0.0020073,0.00067105,0.00060436,0.00089563,0.00014306,0.017044,0.0012403,0.0011412,0.0013727,0.0015197,0.0022216,0.0037105,0.0051307,0.034836,0.061256,0.014505,0.0061864,0.0043094,0.003674,0.0033235,0.0031368,0.0029984
0.0017471,0.0033591,0.0032186,0.0029658,0.0040587,0.0040375,0.0072105,0.010436,0.11506,0.039108,0.022545,0.0026977,0.0038629,0.0016677,0.0025148,0.00090397,0.0013123,0.0031395,0.00065937,0.00073262,0.00053913,0.00053602,0.00033805,0.00051502,0.0018764,0.019635,0.012616,0.010478,0.0015263,0.00017338,0.00062512,0.00046287,0.00054422,0.00030901,0.0041047,0.001611,0.0012702,0.001411,0.0017085,0.0019674,0.0028539,0.0035738,0.034278,0.011294,0.023652,0.0017318,0.0011728,0.00055545,0.00057747,0.00048251,0.00087738,0.01187,0.011162,0.011489,0.014018,0.014782,0.018862,0.027026,0.056417,0.48,0.15349,0.022508,0.015693,0.012573,0.010713,0.0099756,0.0091365,0.009947,0.0086671,6.2766e-05,0.00040948,0.0010601,0.00058073,0.00075819,0.00059088,0.0016956,0.017217,0.0076321,0.0029743,0.00074204,0.00031787,0.00057163,0.00022321,0.00092243,0.0012741,0.0085183,0.0010905,0.00072726,0.0005762,0.00091862,0.0011788,0.0021205,0.0030354,0.049666,0.029001,0.0062595,0.0025761,0.0017118,0.0012653,0.0014248,0.0011743,0.00082019,0.033921,0.00078322,0.0008853,0.0018903,0.0026672,0.003043,0.0057359,0.009979,0.10673,0.11899,0.01745,0.010348,0.0073269,0.0071509,0.0038617,0.0032812,0.0036622,0.011547,0.00086187,0.00035713,0.0003928,0.00027434,0.00062425,0.00068887,0.00078237,0.012027,0.0055363,0.0043794,0.00098879,0.00053405,0.0007004,0.00087236,0.00082,0.00058746,0.010416,0.001259,0.00095025,0.00083278,0.00095125,0.0012401,0.00099785,0.0014157,0.012847,0.027772,0.0045141,0.00102,0.00060325,0.00044224,0.00027574,0.00031636,0.00018502,0.0036412,0.012,0.012962,0.01442,0.016882,0.021234,0.029905,0.052488,0.31216,0.139,0.066441,0.041256,0.028068,0.024223,0.020965,0.018348,0.021109,4.1969e-05,0.0014648,0.0010085,0.00097365,0.001716,0.0014867,0.0032986,0.0029499,0.0095037,0.048838,0.011418,0.0093863,0.0049562,0.0040934,0.0036823,0.0032344,0.0032693,0.013237,0.0030211,0.0028814,0.0031723,0.0036354,0.004043,0.0049804,0.007663,0.035346,0.059091,0.01581,0.0055907,0.0033613,0.0021677,0.0015164,0.0014414,0.00092318
0.0030652,0.00061379,0.0015213,0.00076609,0.0011599,0.0013359,0.0018047,0.004901,0.12378,0.035664,0.019034,0.00073378,0.0021638,0.00057568,0.0018707,0.000696,0.001524,0.0019951,0.00045769,0.00023348,0.00039544,0.00020771,0.00024264,0.00037475,0.0016376,0.018692,0.014117,0.010077,0.00067636,0.00026205,0.00032694,0.00016547,0.00035475,0.0001297,0.00099184,0.0010414,0.00074642,0.00060075,0.0008391,0.00048208,0.0013909,0.0030653,0.034597,0.011689,0.020617,0.00054337,0.0011999,0.00046956,0.00077682,0.00053011,0.00037002,0.0051633,0.0033059,0.0031629,0.003707,0.0041235,0.0051534,0.0076419,0.016263,0.46219,0.087785,0.019959,0.0063111,0.0042666,0.003355,0.0030016,0.0022209,0.0011387,0.0088807,0.00035075,0.00073479,0.00048829,8.4751e-05,0.00023293,0.00012475,0.00027538,0.014789,0.0053335,0.003317,0.00012278,0.00032615,0.00018615,0.000303,0.00027277,0.00094226,0.0011807,0.0012714,0.00057573,0.00085548,0.00073489,0.0010959,0.00095043,0.0029567,0.051412,0.020404,0.011115,0.0023932,0.002233,0.0016643,0.0014883,0.0013942,0.0014477,0.031523,0.0015866,0.0019141,0.00088416,0.0010117,0.0020735,0.0034092,0.0066896,0.095214,0.11798,0.011635,0.00497,0.0039687,0.0033172,0.0044465,0.0043161,0.0039578,0.014061,0.00093477,0.00058736,0.00091374,0.00058921,0.0012742,0.0017418,0.0013643,0.010483,0.0046699,0.0038125,0.0011017,0.00042702,0.00039534,0.00063068,0.00055859,0.00024034,0.0036297,0.0015957,0.0014673,0.0012509,0.0015379,0.0015666,0.0024345,0.0046421,0.014048,0.042787,0.0039381,0.0017884,0.00099681,0.00065693,0.00035761,0.00035198,0.00026511,0.0017643,0.014262,0.01598,0.016354,0.018742,0.021033,0.026928,0.036217,0.32717,0.17514,0.043124,0.024537,0.013317,0.0077845,0.0045526,0.0025381,0.0011044,0.00243,0.0024052,0.0022352,0.0025182,0.0031234,0.0033506,0.0045028,0.0056517,0.0069348,0.048295,0.0076243,0.0078071,0.003868,0.0021462,0.0018728,0.0012386,0.0018807,0.0023079,0.0019081,0.0013933,0.001592,0.0017461,0.0022325,0.0028003,0.0043244,0.021821,0.048862,0.015337,0.0075142,0.0052391,0.0044109,0.0037169,0.0034448,0.0034447
0.0055009,0.00066964,0.0022187,0.00041559,0.0012253,0.0014147,0.0018302,0.0051133,0.11521,0.027497,0.019607,0.00099004,0.00065342,0.0015261,0.0019137,0.00098352,0.00030517,0.0025235,0.00082172,0.00040161,7.1619e-05,0.00019553,0.00045143,0.00040109,0.0010812,0.015402,0.014632,0.009546,0.00056405,0.00040578,0.00012632,0.00033632,0.00022047,8.2023e-05,0.0074292,0.001398,0.0017182,0.001682,0.0015181,0.0020367,0.002599,0.0055196,0.030144,0.00826,0.017435,0.0023137,0.0012708,0.00084102,0.00055209,0.00045066,0.00019646,0.0055734,0.00093524,0.0014475,0.00084558,0.0015241,0.0017718,0.002534,0.0051857,0.42678,0.069533,0.0132,0.0055355,0.0026411,0.0023629,0.0016168,0.0011167,0.0035401,0.0095216,0.0008049,0.0002645,0.00034314,0.00033622,0.00017101,0.00039633,0.00085377,0.012359,0.0039951,0.0030151,0.0012455,0.00073884,0.00069773,0.00087654,0.00048984,0.0022087,0.0047723,0.0016875,0.0011358,0.00098413,0.0012448,0.0013285,0.0014598,0.00035097,0.057458,0.019567,0.010095,0.0026265,0.0017835,0.0011275,0.00098588,0.00083859,0.0010185,0.025719,0.00366,0.0040348,0.0035761,0.0041324,0.0059117,0.0088104,0.011633,0.082143,0.10177,0.018224,0.0091827,0.008576,0.0066146,0.0063124,0.0050763,0.0036622,0.014853,0.00052556,0.00094822,0.00081783,0.0012601,0.0013454,0.0016395,0.0031167,0.0075657,0.012227,0.0050167,0.0017016,0.00093658,0.00087818,0.00050205,0.00033744,0.00029947,0.0021019,0.0011815,0.000636,0.00053833,0.00078026,0.00073826,0.00038059,0.0027353,0.018516,0.051018,0.0077364,0.0026794,0.0021302,0.0015354,0.0012109,0.0014675,0.0014572,0.018353,0.00085817,0.0021512,0.0042957,0.0053448,0.0079164,0.010983,0.025327,0.26172,0.15386,0.070642,0.034117,0.025719,0.0199,0.017817,0.019024,0.017548,0.0023785,0.0011135,0.00054107,0.0011875,0.0012277,0.0016366,0.0029509,0.0037465,0.0039951,0.038854,0.016504,0.011812,0.0073722,0.0062068,0.0055328,0.0039278,0.0037976,0.0061761,0.0027364,0.002975,0.003204,0.0032604,0.0037316,0.0048595,0.0035387,0.027021,0.038556,0.016745,0.0072113,0.0043991,0.003241,0.0027598,0.0022413,0.0022202
0.0080072,0.0029614,0.0034231,0.0029111,0.003872,0.0050705,0.0058177,0.007641,0.099352,0.0028821,0.010398,0.0065403,0.0020203,0.0013457,0.0014066,0.00085906,3.8259e-06,0.0020485,0.0004017,0.00064648,0.00045547,0.0010897,0.0006544,0.0014823,0.00075961,0.012034,0.0036273,0.01322,0.0020962,0.00036131,0.00020816,0.00026419,0.00018161,0.00035476,0.015183,0.0012693,0.00096588,0.00075407,0.0010194,0.0012918,0.0018463,0.0037606,0.03224,0.019344,0.014883,0.0053044,0.0021117,0.0013648,0.00093027,0.0011151,0.0011215,0.00074961,0.0064975,0.0070891,0.0064076,0.009133,0.010279,0.014783,0.027704,0.38442,0.038311,0.030611,0.020805,0.013241,0.011021,0.0096216,0.0088994,0.0098516,0.0096494,0.0006315,0.00023942,0.0005205,0.00068103,0.00044873,0.00058979,0.0012889,0.010695,0.0024002,0.0019669,0.0018114,0.001066,0.00093652,0.00041319,0.0006895,0.0021725,0.014086,0.0014011,0.0012509,0.0012588,0.0016227,0.0018069,0.0030043,0.0036691,0.053245,0.020539,0.0082261,0.0057356,0.0035125,0.0028614,0.0021185,0.0023236,0.0018368,0.025359,0.0012168,0.0025907,0.0018417,0.0028926,0.0026091,0.0049471,0.010279,0.078524,0.135,0.014205,0.0018509,0.0023773,0.0016831,0.0014814,0.0021761,0.001421,0.015545,0.00029762,0.00048779,0.00059573,0.00067127,0.00017313,0.0013172,0.00031536,0.010058,0.017147,0.0077308,0.00042704,0.00061434,0.00039766,0.00037656,0.00055255,0.00040437,0.0072404,0.0018562,0.0014103,0.0016297,0.0014417,0.0019724,0.0032332,0.0025772,0.015636,0.028685,0.015124,0.0022908,0.0015145,0.00097722,0.00065727,0.00020539,0.00011825,0.023775,0.022627,0.031608,0.020443,0.009972,0.040525,0.063235,0.06876,0.15382,0.12695,0.065808,0.0096547,0.023289,0.021258,0.012004,0.0085922,0.0097524,0.0015641,0.0012492,0.0020975,0.0017636,0.0016578,0.0034015,0.0037879,0.0048619,0.011782,0.041971,0.023142,0.0079448,0.0062458,0.0039525,0.0028177,0.0032163,0.0044976,0.0089036,0.0017851,0.0010215,0.0015942,0.0033551,0.0021707,0.0015309,0.0092554,0.013724,0.052829,0.015231,0.0082032,0.006384,0.0043876,0.0036825,0.0032731,0.0033799
0.0044366,0.0016998,0.0007457,0.0032979,0.0030116,0.0042623,0.0054921,0.010154,0.10092,0.032369,0.0044009,0.009351,0.0074767,0.0041021,0.0038055,0.0042002,0.0033455,0.0014782,0.0009185,7.7742e-05,0.00051054,0.00017378,0.00038012,0.00030069,0.0010783,0.015628,0.013405,0.0088096,0.0030083,0.0020007,0.0010108,0.00094591,0.0010702,0.00092129,0.021578,0.00087274,0.00096157,0.00088016,0.00066169,0.00097551,0.0011424,0.0019089,0.035269,0.021438,0.018217,0.0050386,0.0017585,0.00091879,0.0006706,0.00046397,0.00024606,0.0021363,0.0068077,0.0061493,0.0072663,0.0082467,0.009767,0.014338,0.025265,0.39097,0.060938,0.026191,0.010508,0.0053202,0.0034614,0.0022459,0.0022456,0.0037614,0.0080072,0.00090654,0.00016788,0.00057456,0.00023568,0.00015557,0.00035162,0.0012164,0.010453,0.0042816,0.0042158,0.0017287,0.0001646,0.00041971,0.00036377,0.00081975,0.0015717,0.019715,0.0018647,0.0020463,0.0021457,0.0025327,0.0026413,0.0034149,0.0048399,0.048609,0.016603,0.0096763,0.0058877,0.0037944,0.0032149,0.0024834,0.0024159,0.0024987,0.025603,0.002082,0.00095041,0.0025043,0.002703,0.0043956,0.0078171,0.0083932,0.10713,0.093598,0.053852,0.029242,0.019655,0.0083143,0.00767,0.010259,0.01647,0.015663,0.00058168,0.00089908,0.00066798,0.00034345,0.00086535,0.00068754,0.001647,0.010127,0.0038131,0.0093912,0.0014635,0.00062968,0.00048034,8.9554e-05,0.00037795,8.0124e-05,0.01449,0.0018342,0.0021849,0.0016436,0.0003807,0.0023839,0.0045352,0.0087808,0.019545,0.017132,0.015668,0.0041961,0.0030867,0.002553,0.0025842,0.0021053,0.0020581,0.019158,0.0036358,0.003017,0.0042265,0.0058861,0.0070979,0.0090512,0.014143,0.23842,0.11767,0.10409,0.034521,0.023373,0.018509,0.016748,0.014206,0.013825,0.0036622,0.0012623,0.0012905,0.0015542,0.0016243,0.0023706,0.0036649,0.0058683,0.010504,0.035424,0.035002,0.013504,0.0076076,0.0064922,0.0059084,0.0059371,0.0052796,0.012085,0.0035752,0.0037439,0.0041767,0.0041281,0.0054881,0.005976,0.0089714,0.013916,0.045213,0.032522,0.0096556,0.0060192,0.0044122,0.0034649,0.0030865,0.0031205
0.0017147,0.0020552,0.0033134,0.0024356,0.0035704,0.0048242,0.0070044,0.0175,0.099583,0.038551,0.022772,0.0053758,0.0058411,0.0027094,0.0041624,0.003725,0.0034352,0.0013027,0.00070151,0.0011258,0.00054938,0.0015022,0.0013208,0.0019261,0.0039302,0.010862,0.014374,0.0076768,0.0023203,0.0012799,0.0010745,0.00090947,0.00075735,0.00087548,0.024434,0.0013642,0.00123,0.0015972,0.0013669,0.0020297,0.0038374,0.0094558,0.033756,0.0088027,0.020883,0.0037753,0.0032386,0.0022185,0.0020304,0.0019541,0.0018158,0.005539,0.0043409,0.0060455,0.0057748,0.0086972,0.013753,0.022385,0.046385,0.32696,0.046107,0.051998,0.024909,0.0201,0.016986,0.016466,0.015482,0.011017,0.0082799,0.00081521,0.00033565,0.0001555,0.00078368,0.00099384,0.0011178,0.002371,0.007769,0.0034088,0.0054976,0.00089919,0.000209,0.00073653,0.00051014,0.00077395,0.0010052,0.021117,0.00013895,0.00027801,0.00057232,0.00068929,0.0013907,0.0025223,0.0086391,0.053271,0.019096,0.01082,0.0032055,0.0022979,0.0018664,0.0020701,0.0017076,0.0017452,0.030714,0.00020651,0.0013985,0.00027744,0.00103,0.0019063,0.0030701,0.01392,0.108,0.085659,0.013589,0.0044759,0.0033186,0.003698,0.00072214,0.0054369,0.00092509,0.015486,0.00026027,0.00051949,0.00040339,0.00092048,0.00045205,0.00052263,0.002509,0.010481,0.012255,0.0059974,0.0010425,0.00041893,0.00046585,0.00055252,0.00028207,0.00040628,0.016423,0.001174,0.0012356,0.0014131,0.0015293,0.0015969,0.0018736,0.0068735,0.01875,0.050466,0.0056097,0.0017153,0.001087,0.00083991,0.00041896,0.00043335,0.00018693,0.00081254,0.014329,0.015199,0.014988,0.016949,0.021801,0.026776,0.045924,0.16506,0.14493,0.076307,0.029844,0.020495,0.01582,0.014172,0.0097497,0.012211,0.0023118,0.0030019,0.0024015,0.003628,0.0034098,0.0037625,0.0042084,0.0066676,0.011488,0.039432,0.017156,0.0069103,0.0047772,0.0037974,0.0023905,0.0038535,0.0022965,0.021204,0.0026762,0.0026874,0.0029396,0.003413,0.0031492,0.0039805,0.0060408,0.032521,0.041858,0.019652,0.006051,0.0035128,0.001888,0.0013863,0.00047162,0.00015069
0.00052261,0.00083558,0.0011318,0.0028035,0.0039238,0.0057362,0.0080884,0.022875,0.076498,0.021527,0.02679,0.0099565,0.0080693,0.0092641,0.0075678,0.0068759,0.0050813,0.0015068,0.00040546,0.00094623,0.00046206,0.0013555,0.0015066,0.0011608,0.0038449,0.0088264,0.0015001,0.007088,0.0025386,0.00099819,0.0012816,0.0011695,0.0011337,0.00079347,0.027256,0.0018428,0.0019477,0.0019925,0.002121,0.0032695,0.0035843,0.0094699,0.033298,0.013646,0.019161,0.0016914,0.0020155,0.00097202,0.00078965,0.00078332,0.00094224,0.0092985,0.0076334,0.0089118,0.010208,0.012655,0.017726,0.026966,0.055615,0.27125,0.086617,0.047438,0.024751,0.019453,0.016649,0.014665,0.013344,0.017504,0.0074273,0.00069818,0.0010098,0.00042213,0.00039598,0.00028652,0.0011747,0.0016364,0.0082648,0.0054183,0.0045165,0.00048887,0.00056772,0.00042258,0.00029346,0.0011813,0.0017357,0.024321,0.00082819,0.00082028,0.0012306,0.0015863,0.0029313,0.0048929,0.01382,0.044068,0.019806,0.015395,0.0067589,0.0052039,0.004677,0.0040481,0.0037447,0.0040684,0.031807,0.0024044,0.0012214,0.0022475,0.0024756,0.0032213,0.0041487,0.01729,0.10099,0.11837,0.0077842,0.0038512,0.0031896,0.0016954,0.0012437,0.0046332,0.0019608,0.015145,0.0010399,0.0013517,0.00063255,0.0012505,0.0011964,0.0021131,0.0039025,0.0071327,0.0154,0.00215,0.00097631,0.00040306,0.00030586,0.00047929,0.00021204,0.00030518,0.018122,0.0017899,0.0017591,0.0021682,0.0024737,0.0026184,0.0038096,0.0097693,0.013686,0.025825,0.003013,0.0041484,0.0029309,0.0024231,0.0020057,0.0015864,0.0018444,0.014385,0.0015075,0.0018781,0.0023113,0.0033846,0.0054467,0.0080238,0.02483,0.17135,0.15528,0.057194,0.02576,0.016576,0.013042,0.012004,0.0074054,0.011734,0.0030919,0.0022118,0.0023053,0.0022283,0.0019618,0.0030352,0.0036251,0.0049073,0.011156,0.044024,0.015341,0.0077847,0.0040812,0.0037548,0.0037758,0.0034569,0.0031567,0.020596,0.0010295,0.0012875,0.0015907,0.0021851,0.003116,0.0032897,0.010581,0.012813,0.042716,0.021219,0.010646,0.0075384,0.0065632,0.0057332,0.0056797,0.0049821
0.0060998,0.0055246,0.0055042,0.0054847,0.0062223,0.0074638,0.012361,0.023433,0.079137,0.038324,0.013091,0.0034996,0.0040526,0.0015086,0.0013908,0.0007786,0.0025559,0.0022374,0.00056442,0.00034734,0.00056864,0.00058894,0.00042799,0.00025384,0.003525,0.01101,0.0095264,0.01092,0.0011456,0.000274,0.00038133,0.00019725,0.00028582,0.00010874,0.028349,0.00035328,0.00040092,0.00074155,0.0012275,0.0021471,0.00379,0.0096042,0.03694,0.011072,0.022267,0.0035233,0.0021658,0.0020879,0.0019471,0.0018286,0.0016842,0.022677,0.020219,0.013047,0.003947,0.019353,0.045424,0.081021,0.13473,0.17151,0.14508,0.069744,0.065312,0.045378,0.019042,0.01412,0.033049,0.037779,0.0080453,0.00036312,0.00065668,0.00079631,0.00016465,0.00059551,0.0015229,0.0038534,0.005443,0.0081222,0.0046375,0.0015247,0.00038567,0.00029608,0.0012011,0.0016,0.00049974,0.022723,0.0045937,0.0051729,0.0040106,0.003471,0.0078889,0.0158,0.029722,0.027429,0.027505,0.019812,0.012782,0.0080529,0.0039086,0.0038046,0.006037,0.0066701,0.032403,0.0016953,0.0019842,0.000601,0.0017594,0.0026412,0.004392,0.015655,0.11513,0.1359,0.01614,0.0038769,0.0027974,0.0022006,0.0029973,0.0039806,0.00030137,0.0157,0.00051924,0.00048784,0.00058426,0.00063701,0.00046179,0.00067057,0.0014739,0.010478,0.0086989,0.0035757,0.0014297,0.00083287,0.00046009,0.00035991,0.0004319,8.582e-05,0.022799,8.98e-05,0.00013502,0.00028411,0.00020304,0.00019665,0.00078556,0.0052557,0.025628,0.019257,0.0036931,0.0031792,0.0019181,0.0015425,0.0015366,0.0010801,0.001276,0.014021,0.0025785,0.0031993,0.0047596,0.0067339,0.010366,0.017371,0.046137,0.13811,0.14605,0.065478,0.032502,0.023739,0.020899,0.017893,0.019171,0.018023,0.002184,0.0019239,0.0025051,0.0021601,0.0024333,0.0032823,0.0040947,0.0061436,0.0085829,0.047489,0.019233,0.0097985,0.004832,0.0033029,0.0040778,0.0034148,0.002985,0.022011,0.0019307,0.0015525,0.0018348,0.0021836,0.0017367,0.0016935,0.0034617,0.030947,0.064357,0.010748,0.0046291,0.0024603,0.0017837,0.001005,0.00071003,0.00053407
0.0026818,0.002424,0.0041997,0.002954,0.0037925,0.0052303,0.01007,0.017726,0.084318,0.027863,0.02112,0.0061028,0.0046102,0.0048369,0.0060099,0.0049789,0.0038796,0.0035859,0.00047569,0.00045894,0.00073174,0.00022008,0.00072986,0.0013091,0.0021982,0.011289,0.0125,0.011215,0.00071378,0.00071531,0.00030696,0.00037339,0.00038761,0.00019836,0.026675,0.00076937,0.0010487,0.0010818,0.0014191,0.0015475,0.0023877,0.0060174,0.03826,0.0028228,0.018802,0.0016391,0.00077767,0.00043554,0.0004251,0.00040284,0.00026129,0.01322,0.014062,0.01372,0.015536,0.017691,0.021414,0.028656,0.051934,0.29436,0.034301,0.030658,0.018152,0.012108,0.0090868,0.0068487,0.0047703,0.0015965,0.0091154,0.00080857,0.00074923,0.00033008,0.00049762,0.0007403,0.0013333,0.0015146,0.0082058,0.005473,0.0007205,0.0014244,0.00098922,0.00058808,0.00085177,0.00088512,5.1506e-05,0.027785,0.0020232,0.0019051,0.0019133,0.0024207,0.0028195,0.003922,0.0074929,0.0455,0.017576,0.0078726,0.0042653,0.0027019,0.0022245,0.00164,0.0016475,0.001627,0.030699,0.0010389,0.0031694,0.0014821,0.002462,0.0037855,0.0069031,0.020808,0.087397,0.095048,0.019088,0.0061294,0.0051911,0.0044283,0.0034823,0.0055808,0.0052777,0.01845,0.00050141,0.00074745,0.00024441,0.00046587,0.00041767,0.00079557,0.0014168,0.0094237,0.0095539,0.0059722,0.00079838,0.00066009,0.00028922,0.00018145,0.00048529,0.00051691,0.023329,0.001079,0.001297,0.0015485,0.0017767,0.0018871,0.0022979,0.0049615,0.018198,0.048564,0.0079364,0.0019152,0.0013366,0.00096747,0.00070153,0.00063211,0.00072671,0.014847,0.0074001,0.013463,0.021411,0.027382,0.034288,0.041974,0.05981,0.12963,0.18892,0.040413,0.021115,0.016489,0.013887,0.012716,0.012984,0.010037,0.0041123,0.0031899,0.0030078,0.0031311,0.0033086,0.0036306,0.0038607,0.0043941,0.011969,0.040861,0.018289,0.0047121,0.0035785,0.0026501,0.0025995,0.0018146,0.0012322,0.02513,0.0021918,0.0016938,0.0017565,0.0015411,0.0013211,0.0012014,0.004225,0.022372,0.040442,0.017317,0.010047,0.0063206,0.0045275,0.0029499,0.0021001,0.0011807
0.001791,0.0012604,0.0012276,0.001285,0.0028773,0.002287,0.0053693,0.010245,0.099444,0.009136,0.020894,0.0057611,0.0033193,0.003054,0.0046758,0.0022429,0.0032101,0.0057469,0.00048826,0.00025329,0.0001767,0.00057168,0.00038174,0.00023052,0.001057,0.012635,0.011104,0.010407,0.0014989,0.00047812,0.00059308,0.00044856,0.00047326,0.00078394,0.026644,0.00039542,0.00048002,0.00076409,0.00078344,0.00099636,0.0015202,0.0020207,0.032158,0.0080718,0.017406,0.001328,0.00099525,0.00080603,0.00062944,0.00092476,0.00065805,0.0064737,0.0034915,0.0040368,0.0048819,0.0054036,0.0065412,0.0093315,0.020705,0.37065,0.067372,0.015847,0.012716,0.0095605,0.0074366,0.0063299,0.0062704,0.0049592,0.0094492,0.00022002,0.00052315,0.00031278,0.0003028,0.00031937,0.00022289,0.0016311,0.0097811,0.0047638,0.0035611,0.00082725,0.00066135,0.00012494,0.0005159,0.0005173,0.0015373,0.026459,0.00040898,0.00052131,0.00064209,0.00098387,0.0014487,0.0020727,0.0014754,0.049675,0.021017,0.0052453,0.0037408,0.0029074,0.0022751,0.0019994,0.002269,0.0022354,0.029763,0.0053724,0.0047374,0.0060209,0.0067973,0.008034,0.010113,0.021033,0.080421,0.093565,0.021845,0.0073872,0.0031996,0.0030809,0.0025607,0.0028556,0.0056382,0.019621,0.00073483,0.00091175,0.00032294,0.00068139,0.00081795,0.0016999,0.0003828,0.0081658,0.01501,0.0067523,0.00121,0.00064552,0.00030574,0.00039857,0.00049585,0.00069239,0.023383,0.00084032,0.00069304,0.00085658,0.0011129,0.001453,0.0014912,0.00039085,0.014647,0.047579,0.0087744,0.0021266,0.0010442,0.00072368,0.00050468,0.00068829,0.0003834,0.010779,0.00068611,0.001164,0.0028796,0.0035638,0.0042001,0.0062797,0.0057522,0.22016,0.18043,0.043474,0.020949,0.013972,0.010973,0.010505,0.011901,0.0095731,0.0046197,0.00075337,0.00076882,0.00086999,0.00094928,0.0014997,0.0026761,0.0052619,0.0056245,0.041497,0.011693,0.0081071,0.0055959,0.0037162,0.0028116,0.0013211,0.0023537,0.022915,0.00060438,0.00075856,0.00079232,0.001146,0.001637,0.0032666,0.0040176,0.016719,0.040513,0.014626,0.0067498,0.0049717,0.0041664,0.0038506,0.0034178,0.0031663
0.004469,0.0021114,0.0014337,0.000493,0.002015,0.0022766,0.0046746,0.0063254,0.10036,0.0030693,0.017754,0.0014284,0.0016236,0.000695,0.0017547,0.0012378,0.00017739,0.0078164,0.000136,0.00053433,0.00032667,0.00043034,0.00040999,0.00040762,0.001681,0.013206,0.006088,0.0099592,0.0013242,0.00060969,0.00044702,0.00064308,0.00039104,0.00025178,0.026158,0.00061394,0.00081536,0.00072594,0.00058461,0.0012304,0.0010794,0.00057668,0.028009,0.017951,0.018436,0.0020707,0.0013362,0.00078789,0.00035421,0.00030866,0.00014878,0.00081065,0.00139,0.0015289,0.0005083,0.00085095,0.00041125,0.0014482,0.0051446,0.40002,0.097382,0.010522,0.0035176,0.0037499,0.0015132,0.0018175,0.0011287,0.0016499,0.015196,0.0010605,0.00016526,0.00033527,0.00014031,0.00041883,0.00023675,0.00046631,0.010666,0.0055106,0.0048263,0.00096447,0.00058819,0.00073315,0.00021654,0.0009863,0.0021038,0.024855,0.000617,0.00046471,0.00057729,0.00045453,0.00025352,0.00069634,0.0028114,0.055129,0.028867,0.0013402,0.0010247,0.0013521,0.00093277,0.00073394,0.0010058,0.00095179,0.028212,0.0051246,0.0035977,0.0054333,0.0052685,0.0066497,0.0083266,0.013547,0.076417,0.12725,0.019555,0.0059851,0.0028463,0.002337,0.0020793,0.0039216,0.00091744,0.024302,0.00054946,0.0010738,0.00056344,0.00094724,0.00052645,0.00072077,0.0010031,0.0082211,0.019538,0.0056083,0.0014375,0.00087029,0.00063361,0.00026339,0.00051776,0.00048637,0.021099,0.00057894,0.00045267,0.00048891,0.00052066,0.00041546,0.00087033,0.0024733,0.014599,0.036178,0.0065009,0.0017166,0.00088656,0.00076682,0.00055981,0.00097543,0.00062563,0.011061,0.0058891,0.0068128,0.0069287,0.0073857,0.007283,0.0088466,0.01436,0.22634,0.17907,0.032156,0.012075,0.0059259,0.0049306,0.0025093,0.0025526,0.00078775,0.0086175,0.002419,0.0021095,0.0023152,0.0029264,0.0029677,0.0040323,0.0060555,0.005698,0.048572,0.0047998,0.0042385,0.002287,0.0012904,0.00089734,0.0011065,0.00017549,0.024678,0.0014887,0.001717,0.0018601,0.0018481,0.0027477,0.0026827,0.0068172,0.028745,0.050346,0.011588,0.0045894,0.0031103,0.0023263,0.0020039,0.0013473,0.0013847
0.0062429,0.0028479,0.0035302,0.0027115,0.0040391,0.0044603,0.0066578,0.010421,0.10205,0.012295,0.019446,0.0037226,0.0030661,0.001134,0.00082935,0.0010055,0.00041389,0.0079805,0.00088744,0.00098962,0.00058637,0.0012709,0.0011511,0.00076229,0.00087934,0.012923,0.003828,0.0096444,0.0015218,0.00078883,0.00054542,0.00041489,0.00017981,0.00025559,0.024924,0.0012163,0.0013539,0.0015738,0.0015048,0.0023045,0.0028811,0.0033901,0.030497,0.023152,0.021328,0.0038966,0.0023929,0.0015869,0.0010768,0.0012352,0.0011006,0.0013199,0.0011464,0.0032311,0.0022493,0.0031968,0.0052082,0.0081839,0.021606,0.38563,0.10631,0.025872,0.011735,0.0088589,0.0069429,0.0063591,0.0061868,0.0044404,0.016264,0.00057288,0.00092382,0.00015234,0.00038888,0.00030238,0.00052476,0.0007057,0.0098911,0.0064156,0.0028894,0.00096938,0.00017383,0.00051549,0.00017809,0.00010296,0.0022946,0.024767,0.00030154,0.00021327,0.00037901,0.00041005,0.00072264,0.00092598,0.0009863,0.05491,0.034571,0.0069405,0.0021293,0.00096757,0.00057827,0.00078023,0.0005915,0.00019643,0.035889,0.013671,0.019644,0.017531,0.0085385,0.014748,0.034818,0.04804,0.11765,0.084566,0.040471,0.029698,0.012551,0.0017027,0.0080887,0.0037229,0.0020676,0.024681,0.00084921,0.00063705,0.00045343,0.00019638,0.0011088,0.0019129,0.0029834,0.014584,0.010088,0.0065911,0.0065095,0.0046141,0.0020737,0.00066574,0.0026545,0.0033265,0.020335,0.0015614,0.0016676,0.0015928,0.00029743,0.0020148,0.0051749,0.0085548,0.018565,0.013962,0.01242,0.010016,0.0066237,0.0026032,0.0010348,0.0041345,0.0048504,0.014944,0.004489,0.005814,0.0035235,0.0045242,0.0057976,0.0062852,0.011041,0.21487,0.15944,0.03006,0.014951,0.010845,0.0085307,0.0090779,0.0071464,0.0042706,0.006941,0.0012208,0.0014725,0.0011989,0.00094121,0.0019557,0.001863,0.001909,0.0063265,0.049348,0.0041884,0.004167,0.0028655,0.0028516,0.0022711,0.0021335,0.0018101,0.023955,0.0010195,0.0010694,0.0013308,0.0015415,0.001548,0.0019819,0.005506,0.031215,0.058583,0.0079887,0.0029205,0.0015781,0.00088045,0.00068452,0.00069821,0.00066186
0.0032845,0.0019116,0.0022306,0.0032474,0.0031483,0.0044037,0.0074839,0.01109,0.10234,0.0036711,0.020726,0.0048771,0.0022636,0.003251,0.0032099,0.0028273,0.0020867,0.0055047,0.00035844,0.00048921,0.00037803,0.00050422,0.0011894,0.001516,0.003112,0.010793,0.0036459,0.010536,0.0019406,0.0013926,0.0013829,0.0011227,0.0012339,0.0010681,0.026551,0.00016263,0.00033467,0.00045513,0.00047118,0.0012478,0.0025543,0.0050963,0.03024,0.01879,0.019928,0.0033834,0.0024577,0.0024441,0.0022293,0.0019787,0.0019303,0.00099565,0.0024089,0.0040256,0.0027753,0.0047875,0.0067631,0.01087,0.027675,0.37321,0.090533,0.02462,0.014969,0.011123,0.0094769,0.0088865,0.0079301,0.0037919,0.012049,0.00011731,0.00050189,0.00083388,0.00039057,0.00017911,0.00052692,0.0006447,0.0094689,0.0050236,0.0035488,0.00057612,0.0005747,4.6702e-05,0.00052822,0.0007097,0.00027276,0.02529,0.00059204,0.00038698,0.0004312,0.00074189,0.0012467,0.0023369,0.001706,0.051897,0.031943,0.0080613,0.003306,0.0019615,0.0013937,0.0014351,0.0011793,0.0012989,0.028229,0.0020603,0.0030825,0.0020176,0.0028651,0.0037631,0.0050408,0.011233,0.086846,0.1438,0.0088274,0.0023967,0.0029153,0.00074909,0.0016669,0.0042367,0.00010681,0.021073,0.00067947,0.00039338,0.00041922,0.00073256,0.00076682,0.0014259,0.0020068,0.0094225,0.017528,0.004746,0.0010725,0.00054211,0.0005803,0.00071475,0.00055966,0.00043869,0.020825,0.00033356,0.00047721,0.00055047,0.00048186,0.00067586,0.00099317,0.0035827,0.01431,0.022885,0.0057537,0.0016066,0.0010197,0.00099972,0.00080617,0.0010644,0.0003891,0.016197,0.0016618,0.0019189,0.0021899,0.0031192,0.0057152,0.010146,0.012898,0.18901,0.15801,0.02935,0.017506,0.012504,0.010987,0.0087915,0.0066507,0.0074006,0.0022373,0.00075782,0.00018808,0.00044744,0.00050435,0.00053153,0.001204,0.0032041,0.0068113,0.049518,0.0090469,0.0035271,0.0021866,0.0017143,0.0020853,0.00086537,0.0017071,0.02281,0.00055958,0.00051292,0.00074064,0.0010216,0.00068599,0.0012146,0.0023221,0.027876,0.056541,0.0066278,0.0037075,0.0027971,0.0024642,0.0020702,0.0023033,0.0021534
0.0019284,0.0017265,0.00049308,0.0010772,0.0012048,0.0023006,0.0045495,0.0088675,0.10076,0.012273,0.015009,0.002367,0.0015789,0.0010882,0.0013077,0.0016805,0.0020161,0.0035248,0.0010885,0.00050156,0.00052491,0.00055872,0.0012271,0.001804,0.0019339,0.010798,0.0040262,0.0098057,0.0014816,0.0011033,0.00053557,0.00085585,0.00072003,0.00043107,0.029442,0.0018982,0.0020031,0.0022884,0.0025644,0.0031421,0.0038671,0.0067441,0.02805,0.018686,0.019159,0.0037252,0.001952,0.0012847,0.00074905,0.001007,0.00080872,0.001381,0.0015634,0.0024568,0.003999,0.0063623,0.009592,0.017099,0.040657,0.34511,0.069339,0.020545,0.018437,0.015041,0.013311,0.012365,0.010908,0.008442,0.0069715,0.00091256,0.00020519,0.00011195,0.00026948,0.00010521,0.00040761,0.00094298,0.0085059,0.0050046,0.0020737,0.00053137,0.00036368,0.00049406,0.00026525,0.0010063,0.0026417,0.026272,0.00062375,0.00058213,0.000605,0.00097005,0.0011535,0.0021023,0.0069086,0.050702,0.027335,0.0020094,0.002621,0.0020694,0.0017141,0.0015248,0.0013041,0.0017014,0.029532,0.0023335,0.0022715,0.0034644,0.0036341,0.0042902,0.0066524,0.01274,0.070435,0.14131,0.0077117,0.0039408,0.0029849,0.0014301,0.0022221,0.0048847,0.0029393,0.016192,0.00077287,0.00066012,0.00036046,0.00038602,0.0011367,0.00097865,0.0020593,0.0080131,0.021517,0.0051285,0.0014329,0.00076707,0.00073121,0.00082672,0.00059558,0.00050164,0.022087,0.0006415,0.00037485,0.00027056,0.00051766,0.00050631,0.00084871,0.0023518,0.013067,0.028448,0.0078316,0.0019735,0.0016632,0.0013641,0.0012361,0.0011244,0.0011254,0.012547,0.0023829,0.0011787,0.0028098,0.0034628,0.0053247,0.0076509,0.020226,0.20059,0.16655,0.019932,0.011782,0.0097609,0.0081872,0.0069898,0.0071309,0.0084039,0.00035858,0.0014124,0.0010168,0.00092182,0.001222,0.0012717,0.00097445,0.0019019,0.0049721,0.05009,0.0090417,0.00095636,0.0014058,0.00099945,0.0011994,0.00097927,0.00048447,0.022829,0.0002743,0.00082454,0.00072731,0.0007336,0.0012521,0.0015268,0.0062657,0.022675,0.055825,0.0057317,0.003206,0.0021736,0.0018337,0.0017011,0.0019438,0.0014973
0.001175,0.00038563,0.0024493,0.00040351,0.0012516,0.0017565,0.0019619,0.011014,0.098626,0.018853,0.014012,0.0026888,0.0018363,0.0030421,0.0023116,0.00031179,0.0018502,0.003542,0.0004403,0.00059473,0.00067217,0.00037724,0.0011366,0.0010259,0.0022293,0.01021,0.0057898,0.0099097,0.002051,0.0013398,0.0011807,0.00080475,0.00058527,0.00069238,0.027392,0.00054917,0.00054663,0.00046723,0.00063749,0.0013427,0.001797,0.00385,0.029332,0.023196,0.020917,0.0054523,0.0033916,0.0025863,0.0022834,0.0023204,0.0022297,0.021525,0.020108,0.021402,0.027916,0.039507,0.054448,0.070965,0.090375,0.30178,0.15391,0.038622,0.042199,0.034366,0.025989,0.017229,0.014549,0.012686,0.011524,0.001604,0.00058475,0.00017675,0.00049063,0.0013091,0.0026321,0.0037452,0.0069167,0.0096288,0.0020468,0.0017333,0.00071868,0.00062562,0.00059001,0.001665,0.0011406,0.026614,0.0012854,0.0018385,0.0029214,0.0039375,0.0051235,0.0059339,0.010299,0.045273,0.02944,0.0042661,0.0042529,0.0021895,0.0017506,0.0011286,0.0013177,0.0017338,0.031071,0.00087806,0.00075069,0.00064503,0.0020323,0.0032531,0.004726,0.014749,0.070474,0.12175,0.0082038,0.0048486,0.0043297,0.0040412,0.0042093,0.0076902,0.0046387,0.018584,0.0012142,0.00084967,0.00050288,0.0012666,0.00073253,0.00028375,0.0017356,0.0090106,0.018275,0.0051643,0.0011549,0.00086103,0.00045192,0.00040258,0.00049573,0.00037957,0.020039,0.001007,0.00092514,0.0010091,0.0013751,0.0013718,0.0017225,0.004486,0.011282,0.026475,0.0078491,0.0030027,0.0018304,0.0014232,0.0010778,0.0012431,0.00098801,0.013552,0.0067245,0.031039,0.013577,0.032575,0.02856,0.042525,0.094562,0.11117,0.186,0.071014,0.030214,0.014487,0.017369,0.0062553,0.010346,0.00050546,0.0042,0.0019897,0.0040656,0.0030306,0.0046657,0.0022716,0.0061117,0.0027313,0.020558,0.037144,0.02321,0.0009795,0.0081047,0.00040433,0.0051481,0.00051095,0.0060044,0.027186,0.0058878,0.0046481,0.0065544,0.0063853,0.0085082,0.010121,0.017887,0.036565,0.03619,0.024923,0.0048373,0.0063197,0.0015519,0.0028999,0.0010209,0.0016384
0.0001545,0.0012311,0.00069713,0.0013623,0.0014403,0.00241,0.0031413,0.01115,0.09894,0.011818,0.017694,0.0068197,0.0045727,0.0036645,0.0027196,0.0026407,0.0030117,0.0040589,7.9355e-05,0.00058876,0.00016626,0.0007326,0.00052765,0.00033096,0.0023896,0.012768,0.0020882,0.0094449,0.0017384,0.0013349,0.00067293,0.00039981,0.00042699,0.00039674,0.026762,0.00032933,0.0002244,0.00046927,0.00051609,0.0010871,0.00081071,0.0035285,0.032151,0.016561,0.016785,0.0032668,0.0019041,0.0014053,0.0013472,0.0010223,0.0011082,0.0062753,0.0044305,0.0035408,0.0059033,0.0068944,0.0084682,0.012176,0.023029,0.37843,0.12087,0.014805,0.0058834,0.0035278,0.0038941,0.0028696,0.0021575,0.0045815,0.010481,0.00087045,0.00079317,0.00027782,0.00049605,0.00021185,0.00087199,0.0015964,0.0091248,0.0054029,0.0033455,0.00090561,0.00052357,0.00034507,0.00053606,0.00038089,0.0019703,0.023735,0.0016098,0.001584,0.0015558,0.0015359,0.0019803,0.0026147,0.0073685,0.049845,0.030911,0.0082487,0.0025845,0.0019104,0.0013063,0.0013641,0.0012252,0.00067139,0.029038,0.0014442,0.0028486,0.001807,0.0021868,0.0035989,0.0069284,0.014295,0.071055,0.1091,0.019088,0.0084484,0.0069107,0.0070457,0.004679,0.0089419,0.0028267,0.019047,0.00076008,0.00072717,0.00056985,0.00032738,0.00060502,0.00088278,0.0016113,0.0099846,0.015349,0.0041902,0.00029567,0.0003894,0.00010154,0.00031896,9.3041e-05,9.5371e-05,0.020762,0.00043288,0.0003904,0.0005792,0.00064505,0.000566,0.0014736,0.0040396,0.014186,0.029261,0.0063339,0.0016206,0.0014261,0.0011002,0.000842,0.001114,0.00079536,0.014008,0.0016999,0.0014735,0.0010705,0.0017652,0.0021581,0.0034221,0.010236,0.2277,0.17889,0.014039,0.010865,0.0066271,0.0045989,0.0039964,0.0052913,0.0013886,0.00055314,0.00050042,0.00085659,0.00073703,0.00063961,0.00075947,0.00096237,0.0023472,0.0018742,0.047844,0.0072831,0.0033863,0.0020096,0.0019335,0.0014898,0.0026493,0.001709,0.023409,0.00068255,0.00078689,0.0010486,0.0010846,0.0014136,0.0015058,0.0046614,0.022006,0.052288,0.0051296,0.0032861,0.0025755,0.0019652,0.0018335,0.0014463,0.0019055
0.0051804,0.0032424,0.0010847,0.0034255,0.0033515,0.0046748,0.006535,0.010981,0.095845,0.0098733,0.022735,0.0057946,0.003529,0.0040497,0.0021267,0.0023679,0.002266,0.0030728,0.0005896,0.00027147,0.00032606,0.000834,0.00065635,0.00072245,0.001217,0.012401,0.0076632,0.007601,0.0015114,0.0007074,0.00063035,0.00049484,0.00027458,0.00045204,0.027909,0.00038713,0.00054878,0.00054361,0.00079604,0.00095109,0.00094177,0.0028392,0.031812,0.0088951,0.016564,0.0024224,0.0011063,0.00057414,0.00035242,0.00055625,0.00054935,0.0038834,0.0028668,0.0033455,0.0030883,0.0036475,0.0043465,0.0072924,0.016142,0.37558,0.10876,0.011754,0.0032151,0.0028583,0.0024329,0.0015932,0.000647,0.005642,0.0078145,0.00021874,0.00026931,0.00018936,6.4182e-05,0.00010841,0.00016324,0.00081711,0.010116,0.0047156,0.0036471,0.00015437,0.00029907,0.00022547,0.00030973,0.00052005,3.2421e-05,0.025023,0.00080749,0.00067722,0.00086753,0.00099168,0.0012845,0.0014397,0.00046171,0.051734,0.027983,0.0060799,0.0016574,0.0012989,0.0010259,0.001037,0.0011838,0.00078392,0.031325,0.00047049,0.0022999,0.0018771,0.0014912,0.0021672,0.0035999,0.0040002,0.07663,0.10259,0.021473,0.0089568,0.0077549,0.0049428,0.0043323,0.00695,0.0034734,0.016503,0.00060278,0.00057191,0.00096306,0.0011544,0.00067494,0.0011654,0.00191,0.0087011,0.018061,0.0055509,0.0012208,0.00094587,0.00041085,0.00047028,0.00039134,0.00027466,0.021351,0.00085358,0.00079634,0.0007901,0.00074956,0.00085482,0.0013151,0.0022534,0.013596,0.038948,0.0040082,0.00067783,0.00060073,0.00038241,0.00025723,0.00060325,0.0004158,0.01544,0.0031727,0.0045141,0.0045613,0.0043193,0.0045506,0.0050243,0.0086397,0.22767,0.18851,0.021245,0.0095511,0.0060089,0.0049708,0.0035455,0.002761,0.001833,0.00107,0.0010942,0.0012776,0.0013032,0.0019,0.001952,0.0021704,0.0040283,0.0029522,0.04718,0.005025,0.00461,0.0024206,0.0020036,0.0020209,0.0031208,0.0019627,0.022623,0.00058381,0.00056644,0.00054632,0.00084009,0.0015409,0.0019168,0.0016864,0.024276,0.04802,0.0065929,0.0036477,0.0028717,0.0023825,0.0019649,0.0018922,0.0021687
0.0018387,0.0023744,0.0014829,0.0021923,0.0026582,0.0038389,0.0044863,0.0064653,0.097025,0.011301,0.023526,0.00424,0.003075,0.00046887,0.0022215,0.00076563,0.0017891,0.0035744,0.00024897,0.00038353,0.00064349,0.00082332,0.00048049,0.00098229,0.0018074,0.013189,0.010719,0.012207,0.0019258,0.0012633,0.00086123,0.00064122,0.00057634,0.00074768,0.027684,0.0009294,0.00098889,0.0010504,0.0011126,0.00084562,0.0013147,0.0027454,0.03032,0.014994,0.020467,0.0029332,0.0019526,0.0011478,0.00090814,0.00054993,0.00049591,0.00040626,0.00071259,0.001239,0.0014041,0.00198,0.0022101,0.001713,0.0015138,0.40028,0.08882,0.0078423,0.0034319,0.0026981,0.0019106,0.0016812,0.0021247,0.0015888,0.0095636,0.00055996,0.00027866,0.00024113,0.00013717,0.00039449,0.00014426,0.00044913,0.011278,0.0056483,0.0040293,0.00091139,0.00070619,0.00031845,0.00022376,0.0010683,0.00027467,0.025069,0.00056248,0.00034919,0.00046414,0.0002819,0.00059328,0.00052847,0.0038418,0.055534,0.026452,0.0015176,0.00065001,0.00095044,0.00067014,0.00054864,0.00060727,0.00041009,0.029782,0.00071104,0.00034706,0.00030361,0.0017556,0.00091006,0.0025715,0.001588,0.081794,0.090111,0.0024125,0.003282,0.0016217,0.0019461,0.0014045,0.0030598,0.0039597,0.017962,0.00049003,0.00072742,0.00060055,0.00043552,0.0012725,0.00096013,0.0016907,0.0086855,0.018817,0.0057059,0.001281,0.00072409,0.00024937,0.00028922,0.00013097,0.00025751,0.0199,0.0010221,0.0011414,0.0011398,0.0011633,0.0013454,0.0017619,0.0038077,0.015262,0.048168,0.0096156,0.0022921,0.001256,0.00082041,0.00046556,0.0006069,0.00011253,0.018061,0.0042976,0.0044046,0.0052187,0.0056901,0.0061805,0.0079501,0.011925,0.22165,0.19602,0.026359,0.0091742,0.0054788,0.0033874,0.0020508,0.0031927,0.0010205,0.00079727,0.0018984,0.0016117,0.0018534,0.0021387,0.0025062,0.0032852,0.002616,0.0057211,0.045424,0.0062907,0.0040951,0.0024793,0.0022305,0.0014561,0.00028788,0.00064469,0.020596,0.001855,0.0014749,0.0015895,0.0018892,0.0015824,0.0020317,0.0066265,0.030151,0.046112,0.0082769,0.0028033,0.0015678,0.0012693,0.00098961,0.0011998,0.0009804
0.00020982,0.0016203,0.0029415,0.0014166,0.001937,0.002048,0.0032024,0.0039966,0.10849,0.020028,0.017136,0.0014522,0.0011066,0.00066584,0.00028221,0.00070841,0.00055695,0.0048447,0.0008025,0.00060888,0.00048752,0.00034764,0.00055963,0.00089102,0.00087114,0.014991,0.011433,0.011115,0.0016313,0.00045951,0.00063383,0.00046591,0.00050055,0.00055314,0.02566,0.00036923,0.0005521,0.000302,0.00031885,0.0005639,0.00080664,0.0001961,0.032392,0.0095757,0.019571,0.0016218,0.00097411,0.00038325,0.00021177,3.6394e-05,1.334e-05,0.002575,0.002923,0.0030374,0.0026666,0.0032048,0.0031274,0.0037701,0.0083776,0.3941,0.09029,0.018291,0.0051287,0.0031291,0.0020319,0.0020135,0.0010031,0.0051385,0.010935,0.00031274,0.00013858,0.00015638,0.00049643,0.00030015,0.00031254,0.00065783,0.011184,0.0055634,0.0034657,0.00089921,0.00043121,0.00050413,0.00055213,0.00049661,0.00050164,0.024361,0.00081586,0.00071077,0.00099788,0.00093739,0.00086258,0.001209,0.0018479,0.055387,0.026826,0.0061416,0.001175,0.0009123,0.0005207,0.00059073,0.00044851,0.0003624,0.029994,0.00063833,0.0009703,0.0011183,0.0012283,0.0031552,0.0040857,0.0070647,0.081764,0.072557,0.021797,0.0085342,0.0054678,0.0056618,0.0055739,0.003871,0.0040913,0.019387,0.0003487,0.00046593,0.00025187,0.00025987,0.00041841,0.0002449,0.0017206,0.01014,0.014316,0.0047674,0.00032545,0.00017306,4.6271e-05,0.00020224,0.00012995,0.00019076,0.01898,0.0006306,0.00062236,0.00058032,0.00082239,0.00088476,0.0013714,0.00048495,0.01755,0.050342,0.0087097,0.0020108,0.0010823,0.00097298,0.00072475,0.00065145,0.00074961,0.018799,0.0035917,0.0040185,0.0055675,0.0052542,0.0067749,0.0066662,0.010279,0.22348,0.18674,0.036005,0.014745,0.0080561,0.0078185,0.0047739,0.0087788,0.0069848,0.0018483,0.0010975,0.00027584,0.00057638,0.00098235,0.0011164,0.0013307,0.0023729,0.008156,0.042295,0.0092345,0.004441,0.0025544,0.0013626,0.0019972,0.0014137,0.0017033,0.019881,0.0014781,0.0014712,0.0013149,0.0013853,0.0020673,0.0019509,0.0048363,0.030633,0.047111,0.0076363,0.0026878,0.0015705,0.001064,0.00075354,0.00039839,0.00030327
0.0014172,0.0007216,0.0034842,0.00041623,0.00095467,0.0018554,0.0040523,0.0061997,0.1079,0.026618,0.020171,0.0026322,0.0032983,0.0017686,0.0016919,0.002358,0.00020791,0.0069409,0.0006186,0.0004636,0.0002424,0.00078929,0.001097,0.00088609,0.0010012,0.013887,0.012634,0.0070305,0.00057503,0.00031893,0.00014223,0.00013339,0.00021125,8.9653e-05,0.024573,0.00040991,0.00031352,0.00041785,0.00056672,0.00044784,0.0012764,0.0015844,0.032399,0.0042444,0.01869,0.00045723,0.00084205,0.00050399,0.0003694,0.00048811,0.00041391,0.0068036,0.0034161,0.0031092,0.00364,0.0049591,0.0058078,0.0079866,0.014169,0.37774,0.063432,0.031525,0.012955,0.0092933,0.0072283,0.0066354,0.0066694,0.009184,0.0099641,0.00063331,0.00092527,5.8582e-05,0.00029885,0.00047453,0.0006546,0.0010585,0.010026,0.0055181,0.0047978,0.00068699,0.00027338,0.00031092,0.00013057,0.00015112,0.0015984,0.024399,0.00060863,0.00052307,0.00048032,0.00091944,0.00081434,0.0016456,0.0019895,0.053491,0.021177,0.0094963,0.0030111,0.0019664,0.001859,0.0014062,0.0015027,0.0011826,0.033486,0.0054324,0.0043258,0.0021272,0.0073852,0.0086552,0.0093393,0.02734,0.050118,0.069067,0.046547,0.023507,0.0087786,0.0086879,0.011556,0.011176,0.011032,0.021864,0.0013243,0.00081237,0.0012453,0.0011075,0.0011223,0.0023599,0.0031096,0.012942,0.0052668,0.0033164,0.0036666,0.0023019,0.0020587,0.0018424,0.0017268,0.0013447,0.023449,0.0027771,0.0025395,0.0037867,0.0047898,0.0034866,0.0045622,0.0087411,0.029199,0.032197,0.021653,0.01395,0.0049052,0.0037248,0.0066738,0.0050454,0.00067139,0.011088,0.0027249,0.0025564,0.0047444,0.0045278,0.0059883,0.010463,0.014504,0.2049,0.17682,0.049527,0.022029,0.016435,0.013045,0.012517,0.011979,0.012137,0.0056878,0.0003693,0.001017,0.000915,0.0010883,0.0012016,0.0015177,0.0036248,0.011173,0.041645,0.012723,0.00089589,0.0022833,0.0020731,0.0013043,0.0025891,0.0018425,0.021292,0.00048293,0.00063749,0.0008005,0.0011963,0.0016423,0.0019654,0.00048918,0.02981,0.044616,0.011727,0.0055926,0.0042512,0.0031703,0.0030288,0.0026412,0.002573
0.002451,0.00024606,0.0012483,0.0016545,0.0026787,0.0037248,0.0066645,0.013702,0.099768,0.016843,0.030018,0.0067283,0.0069507,0.0050257,0.0050999,0.0036269,0.0044766,0.005951,0.00060295,0.0005774,0.00064832,0.0012605,0.00069543,0.00097305,0.0034782,0.010328,0.010384,0.010098,0.00088712,0.00082953,0.00046507,0.00036828,0.00028803,0.00058364,0.024672,0.0014868,0.001521,0.0015922,0.0017603,0.0018251,0.0037473,0.007551,0.032512,0.00086969,0.01945,0.0015534,0.0012263,0.00079109,0.00089538,0.00053929,0.00065422,0.0074483,0.0054394,0.0042279,0.0085972,0.0098347,0.013097,0.02028,0.04722,0.32405,0.057906,0.040603,0.02185,0.017208,0.01449,0.013389,0.013494,0.012545,0.0088846,0.00081402,0.00087549,0.00080998,0.00071374,0.00092009,0.0009541,0.0022695,0.007975,0.0046965,0.0033491,0.00048724,0.0006116,0.00038399,0.0006339,0.0006573,0.0018502,0.024248,0.00097439,0.00093294,0.0010354,0.0016081,0.002235,0.003182,0.0098003,0.047363,0.01701,0.011651,0.0046256,0.0038387,0.0030362,0.0031426,0.0026981,0.0023785,0.037743,0.0039934,0.0050119,0.0049549,0.005462,0.0062813,0.0085451,0.01828,0.076259,0.088671,0.014121,0.003442,0.0021295,0.0020913,0.003216,0.0052587,0.0015259,0.019293,0.00018515,0.00043875,0.00024422,0.0003473,0.00051942,0.0015248,0.0019502,0.0083499,0.01068,0.005878,0.00099487,0.00084251,0.00075446,0.00063667,0.0006761,0.00073051,0.022084,0.00060115,0.00076846,0.00099991,0.0011168,0.001763,0.0018671,0.0055381,0.013464,0.04975,0.0060715,0.0018683,0.0017533,0.0013656,0.0012864,0.0010718,0.0011902,0.0092031,0.013396,0.025529,0.034644,0.042977,0.047845,0.049573,0.053032,0.20256,0.15541,0.059743,0.040122,0.024873,0.015591,0.0079587,0.00092119,6.2931e-05,0.0051251,0.0023707,0.003289,0.0040611,0.0037235,0.0046103,0.0051314,0.0062744,0.0045266,0.041575,0.0090655,0.010782,0.006952,0.0054215,0.0034885,0.00249,0.0014019,0.023621,0.0012826,0.00092287,0.0013166,0.0021839,0.0027962,0.0045764,0.0093995,0.014198,0.042537,0.011824,0.0074392,0.005664,0.0047342,0.0036479,0.002533,0.0022507
0.0030556,0.0035826,0.0038711,0.0031296,0.0036148,0.0057288,0.0069887,0.016379,0.097941,0.015155,0.029689,0.0081262,0.0079077,0.0054169,0.0049037,0.0043584,0.0045243,0.0023175,0.0040966,0.0021793,0.00098537,0.0012084,0.0014052,0.0022891,0.0030738,0.011512,0.012522,0.010664,0.0021475,0.00086416,0.00081982,0.00052715,0.00024218,0.00042917,0.027583,0.0017063,0.0013464,0.0013639,0.0011971,0.0020969,0.0026013,0.0046587,0.032681,0.0051633,0.017137,0.0016908,0.00051938,0.00043607,0.00043189,0.00035494,0.00047875,0.0032483,0.0044883,0.0042833,0.0034745,0.0042547,0.006628,0.011299,0.025776,0.33839,0.084178,0.018448,0.0082218,0.0074752,0.005356,0.0050524,0.0057249,0.0018559,0.0083925,0.00085344,0.00064819,0.00061914,0.00035313,0.00032941,0.0003255,0.0012598,0.010014,0.0056929,0.0021578,0.00098334,0.00024245,0.00049028,0.00064686,0.00079513,0.00012589,0.024062,0.0010799,0.00099781,0.0011946,0.0018044,0.0011834,0.0032192,0.0040504,0.052619,0.020846,0.0090494,0.0028766,0.0020132,0.0018559,0.001561,0.0013459,0.0012722,0.025282,0.0056775,0.0033735,0.003138,0.0041109,0.0052492,0.0078837,0.013039,0.073195,0.10098,0.016627,0.0071741,0.0063919,0.0051855,0.0053711,0.0075539,0.0072309,0.016621,0.0013971,0.0017236,0.0011364,0.0012649,0.0011588,0.0019464,0.0018383,0.0078311,0.012247,0.0069063,0.002142,0.0013461,0.00096345,0.00088435,0.00084381,0.0008736,0.022551,0.0013133,0.00073697,0.00096117,0.0014483,0.0014772,0.0025275,0.0033792,0.018342,0.048445,0.0099045,0.0042449,0.0028511,0.0022064,0.0019665,0.0018587,0.0017414,0.0098402,0.0034374,0.005304,0.0057504,0.0054355,0.0059764,0.0057746,0.0026516,0.21564,0.18859,0.045032,0.017967,0.012072,0.0069684,0.0056399,0.0090047,0.0076848,0.0021744,0.0044939,0.0029607,0.0037104,0.0022872,0.0034925,0.0037948,0.0065626,0.0076595,0.041567,0.013795,0.0086947,0.0044657,0.0029623,0.0025672,0.0010584,0.0013085,0.023816,0.0012499,0.0010402,0.0011564,0.00094285,0.0023725,0.0035084,0.005339,0.022053,0.037785,0.016236,0.0078686,0.0054174,0.0045977,0.0041132,0.0034064,0.0033493
0.026654,0.006557,0.0049243,0.0026527,0.0023443,0.004298,0.0053614,0.0099131,0.1043,0.0058629,0.016331,0.00051354,0.0003512,0.0019867,0.001176,0.0015546,0.00048448,0.030125,0.0069439,0.002814,0.002428,0.0019087,0.00076417,0.0018241,0.0021888,0.014652,0.006303,0.010889,0.0012536,0.00055863,0.00073797,0.00068364,0.00069292,0.00062942,0.039134,0.0027267,0.0010452,0.00078863,0.00055733,0.00089057,0.0014295,0.0010901,0.030913,0.016626,0.01983,0.0013493,0.001517,0.00064171,0.0005865,0.00020074,0.00036431,0.042901,0.040872,0.0036967,0.046771,0.00381,0.067182,0.0095364,0.17983,0.25764,0.17067,0.030971,0.057561,0.0088539,0.035394,0.0050179,0.028699,0.0014381,0.011313,0.0017079,0.0008904,0.00082026,0.00072191,0.0015888,0.0011113,0.0045981,0.0085325,0.0085996,0.0020127,0.0029749,0.00095797,0.0015618,0.0011179,0.00099082,0.001566,0.029622,0.0042742,0.0026879,0.0051432,0.0030174,0.007945,0.00314,0.021705,0.032136,0.039896,0.01048,0.0059277,0.0040873,0.0030348,0.0032377,0.0017996,0.0030137,0.014933,0.010327,0.0042159,0.0041544,0.0046049,0.0048944,0.0075498,0.015781,0.081999,0.1192,0.020006,0.0047452,0.0040041,0.0033556,0.0030206,0.0047095,0.0047284,0.010681,0.0014774,0.00046663,0.00020583,0.0003574,0.00022509,0.0011663,0.00053321,0.010382,0.018285,0.0082584,0.0023901,0.0012505,0.00096346,0.00083196,0.00076577,0.00076295,0.018456,0.0019681,0.0019739,0.0021935,0.0025471,0.0024505,0.0025334,0.0063787,0.018498,0.036013,0.013389,0.0032433,0.0017868,0.0011842,0.00071691,0.00057377,0.00038911,0.033179,0.0040606,0.00055708,0.0014271,0.0049173,0.0071201,0.011416,0.016594,0.17133,0.12284,0.092679,0.036085,0.024342,0.022126,0.017955,0.015665,0.016016,0.036276,0.0059293,0.0031654,0.0013586,0.0010758,0.0013585,0.0017818,0.0041047,0.010021,0.035655,0.024935,0.012221,0.0072906,0.0063238,0.0059921,0.005573,0.0044804,0.027941,0.0028862,0.0030659,0.0035034,0.0038985,0.0035982,0.0042108,0.0092555,0.036128,0.038958,0.02553,0.0086682,0.0053704,0.0038861,0.003349,0.0034847,0.0031834
0.049168,0.0029182,0.0044264,0.00070035,0.00035903,0.00086457,0.0018269,0.0019313,0.10849,0.0093868,0.021594,0.0022705,0.0017286,0.00027078,0.00067791,0.00040787,7.6294e-06,0.047192,0.0041235,0.00082184,0.00091069,0.00095333,0.0006417,0.00092997,0.0014992,0.01483,0.0014902,0.012794,0.00084253,0.00052327,0.00037521,0.00021145,0.00046543,0.00035474,0.041255,0.0031519,0.0012098,0.00069832,0.00041053,0.00066716,0.00086524,0.0014925,0.031209,0.016757,0.021672,0.0022111,0.00068955,0.0003811,4.4383e-05,0.00012051,0.00021552,0.073301,0.0035846,0.0027799,0.0023463,0.0028392,0.0023175,0.0030268,0.0031565,0.41638,0.10885,0.017813,0.0026198,0.0031673,0.0025599,0.0020687,0.0012287,0.00087737,0.015276,0.0009324,0.00011294,0.0002812,0.00037478,0.00067052,0.00035186,0.001005,0.010357,0.0047325,0.0042398,0.0013201,0.00031014,0.00047717,0.00055355,0.00062671,0.0017185,0.021744,0.00201,0.0014157,0.0013706,0.001576,0.0010802,0.0023492,0.00073079,0.055768,0.02992,0.007875,0.00088515,0.0014949,0.0010895,0.00089466,0.00078936,0.00090028,0.038804,0.0075163,0.0028522,0.0010753,0.0014756,0.0017772,0.00094052,0.0038655,0.084426,0.14007,0.0036144,0.0046792,0.0019201,0.0026733,0.0011072,0.0015281,0.0010567,0.0096952,0.0015397,0.0010399,0.0002751,0.00063549,0.00012022,0.00030242,0.00054522,0.011557,0.016502,0.0044474,0.00071581,8.7346e-05,0.00033889,0.00021436,0.00011662,7.0587e-05,0.01346,0.0016431,0.00068919,7.994e-05,0.00020329,0.00032895,0.00047984,0.00094476,0.017729,0.017465,0.0077819,0.00063675,0.00094249,0.0010003,0.00069202,0.00070964,0.00073435,0.059279,0.00095778,0.0027933,0.0043214,0.0037709,0.003727,0.0044327,0.011033,0.19883,0.17662,0.01288,0.0053942,0.0038263,0.0030006,0.0021614,0.0021025,0.00039863,0.057012,0.0039218,0.0014824,0.0011911,0.0016863,0.0016613,0.0016369,0.0035933,0.007649,0.051387,0.008685,0.0016703,0.0014414,0.00071998,0.00073752,2.2407e-05,0.00044633,0.021386,0.0015057,0.00068197,0.00075692,0.00094476,0.0013349,0.0022453,0.0015995,0.030282,0.05866,0.0066742,0.003308,0.0025993,0.002214,0.0015895,0.0017885,0.0018044
0.02999,0.0016115,0.0023475,0.0024135,0.001546,0.0018236,0.0037567,0.00079145,0.1059,0.011247,0.017702,0.0026465,0.0017254,0.00063652,0.0015051,0.00047091,0.00038338,0.02583,0.0022807,0.00080584,0.00086565,0.00083906,0.00073065,0.00023844,0.0017881,0.013223,0.0083751,0.011433,0.00095911,0.00030586,0.00020512,0.00022666,5.4098e-05,2.6703e-05,0.026764,0.001465,0.00090562,0.00093262,0.00067275,0.00075876,0.001636,0.0027496,0.029688,0.012106,0.020369,0.0022003,0.00093902,0.00090111,0.00055025,0.00070548,0.00077441,0.04004,0.0030173,0.0026103,0.0033947,0.0041664,0.0056847,0.0093851,0.026761,0.42283,0.13901,0.013222,0.0098052,0.0067661,0.0066009,0.0063953,0.0061425,0.0089189,0.01404,0.00068118,0.00075009,0.0012393,0.00060686,0.000567,0.00050562,0.0018385,0.012824,0.0069863,0.0034253,0.0016081,0.00064185,0.00050303,0.00045211,0.00049417,9.5293e-06,0.013712,0.00087698,0.001006,0.00094321,0.0011145,0.001097,0.0024792,0.00099117,0.050151,0.03372,0.0041059,0.0013994,0.00076937,0.00032746,0.00039653,7.3951e-05,8.2001e-05,0.012257,0.0063457,0.0059399,0.0051609,0.0056374,0.0065892,0.0079688,0.016839,0.077071,0.080154,0.01919,0.011538,0.0079484,0.0067731,0.0065931,0.0039918,0.0056229,0.013333,0.00079214,0.00083754,0.00029491,0.00050928,0.00052189,0.0010585,0.0019863,0.011088,0.017395,0.0039767,0.00096562,0.00038222,0.00068522,0.00041425,0.00034281,0.00027848,0.0072404,0.00090908,0.00060697,0.00075215,0.00071001,0.00086598,0.0009331,0.0039504,0.013706,0.040865,0.0099311,0.001678,0.0011653,0.00087758,0.00074677,0.00063638,0.00086975,0.042143,0.0029897,0.00069081,0.0021388,0.0012431,0.0024035,0.0046469,0.012145,0.22843,0.1961,0.013043,0.0050726,0.0044525,0.0043113,0.0036108,0.0014184,0.0064259,0.031447,0.0023733,0.0012584,0.0013585,0.0011901,0.001047,0.00096886,0.0024726,0.0066229,0.04493,0.0055541,0.00053663,0.0011068,0.00046858,0.00056379,0.00068404,0.00022317,0.012715,0.00045071,0.00073907,0.00036811,0.00052456,0.00059746,0.0016688,0.0031345,0.026834,0.051135,0.0046486,0.0014704,0.00105,0.00088764,0.00088613,0.00037019,0.0010834
0.022854,0.0020016,0.0020564,0.002164,0.0023541,0.0025467,0.0043535,0.0044259,0.10524,0.030177,0.019311,0.0026215,0.0013454,0.0001498,0.0015321,0.00060172,5.3409e-05,0.014069,0.0021115,0.00053941,0.00045646,0.0011733,0.00074676,0.0002875,0.0007945,0.014668,0.014373,0.010638,0.0008621,0.00028333,0.00043084,0.0002494,0.00012279,0.00019839,0.018353,0.0016324,0.00084839,0.00048316,0.0003422,0.00070876,0.00077776,0.00091226,0.028509,0.0048949,0.019701,0.001746,0.0012148,0.00052014,0.00055903,0.00051942,0.00090028,0.035454,0.0098769,0.0096166,0.011621,0.012237,0.015794,0.021738,0.045283,0.44548,0.14416,0.015715,0.013306,0.009472,0.00809,0.0073349,0.0070198,0.0078889,0.017596,0.0010156,0.00038729,6.8622e-06,0.00051796,0.00021725,0.00023552,0.0019318,0.013185,0.0068862,0.0033764,0.0014252,0.00078081,0.00070204,0.00083374,0.00063948,0.00084114,0.0082227,0.0018729,0.0016315,0.0015382,0.0015,0.0021045,0.0033806,0.0041637,0.053827,0.028659,0.0019212,0.0019784,0.0012279,0.00097095,0.00073668,0.00070742,0.00054742,0.0020676,0.0056487,0.0043256,0.0043135,0.0042527,0.0053154,0.0075357,0.014453,0.073315,0.067125,0.018806,0.0083416,0.0039896,0.0037935,0.0015535,0.0036497,0.0018578,0.018143,0.001502,0.00074335,0.00014513,8.2658e-05,0.00037829,0.00080943,0.0017705,0.010213,0.013123,0.0037284,0.00081143,0.00029597,0.00069768,0.0002587,0.00044449,0.00053025,0.0027352,0.0014363,0.00068025,0.00065686,0.0011101,0.0011019,0.00079068,0.0034232,0.012536,0.051857,0.0073567,0.00085197,0.00069913,0.00027255,0.00017935,3.7572e-05,0.00026704,0.049239,0.018698,0.021466,0.01693,0.019438,0.030684,0.041089,0.048869,0.2637,0.19423,0.042824,0.028723,0.018528,0.0056652,0.0035996,0.0088567,0.0051709,0.014889,0.0022437,0.0033412,0.0012835,0.0041865,0.0036358,0.0026161,0.0099737,0.014024,0.031554,0.020764,0.0086464,0.0029511,0.0056004,0.0035845,0.0025721,0.0038567,0.0059262,0.0054495,0.0041303,0.0029649,0.0067244,0.0063696,0.0052151,0.017648,0.031992,0.033915,0.025889,0.00977,0.0032755,0.0083457,0.0042569,0.0033136,0.0062009
0.020377,0.0027953,0.0014978,0.0021372,0.0020181,0.0036841,0.0049877,0.0096497,0.11065,0.03456,0.018163,0.0041036,0.0044656,0.0034743,0.0015146,0.0024027,0.0014744,0.0062791,0.00094068,0.00025959,0.00021457,0.00088372,0.00029512,0.00024733,0.00074011,0.015682,0.013526,0.010375,0.0015484,0.00054174,0.00021311,0.00020007,0.00014144,0.00011063,0.0098764,0.0009437,0.00064804,0.00037603,0.00060084,0.00047271,0.00092924,0.002004,0.027276,0.010577,0.017648,0.0026454,0.00077361,0.00052941,0.00040811,0.0002887,8.3912e-05,0.031647,0.014715,0.014836,0.017065,0.019499,0.022799,0.032429,0.058826,0.44569,0.16204,0.016202,0.014454,0.0090656,0.0066495,0.0047385,0.002636,0.0038148,0.020912,0.00084888,0.00038083,0.0011223,0.00052939,0.0010532,0.0012439,0.0027274,0.014488,0.0092685,0.0035406,0.00086006,0.000617,0.00049176,0.00021462,0.00067612,0.0012436,0.0031911,0.0010006,0.00079981,0.0013812,0.0014082,0.002009,0.0035167,0.0064465,0.052268,0.025187,0.0025123,0.0043579,0.0031523,0.0029239,0.0023316,0.0021411,0.0019436,0.027079,0.01218,0.01071,0.016281,0.010986,0.023116,0.012914,0.050005,0.080738,0.035359,0.083385,0.0067684,0.023783,0.0087302,0.012834,0.011672,0.011625,0.020928,0.0013784,0.00099369,0.00070688,0.00077606,0.0015336,0.0018115,0.0049542,0.010561,0.0038033,0.0047546,0.0022859,0.00095941,0.00043432,0.0010471,0.00011489,0.00049592,0.0021191,0.0010575,0.00016511,0.0016914,0.0013265,0.0022979,0.0048557,0.00045932,0.02081,0.024426,0.027719,0.0036779,0.008087,0.0060786,0.0031201,0.0064114,9.3464e-05,0.033268,0.00088976,0.0026259,0.0026505,0.0033232,0.0050742,0.0094606,0.0212,0.25128,0.22443,0.023371,0.0093732,0.0093712,0.0073179,0.0070257,0.0078926,0.0078012,0.0075303,0.001867,0.0011129,0.0022474,0.0015339,0.0020667,0.0026976,0.0036063,0.011274,0.046575,0.011454,0.0022762,0.0026855,0.001482,0.0014442,0.00098235,0.0015221,0.0032273,0.0011419,0.00089194,0.0011286,0.0011655,0.0020284,0.0028508,0.0067094,0.03764,0.050738,0.012728,0.0058653,0.0044434,0.0037096,0.0033313,0.0033054,0.0033379
0.013298,0.0011885,0.0022597,0.00097727,0.0014197,0.0018768,0.0052841,0.0082047,0.11162,0.037973,0.016339,0.0046562,0.0043831,0.0021397,0.0031121,0.0019773,0.0023308,0.0010471,0.00077803,0.00056589,0.00027748,0.00089196,0.00033895,0.00043064,0.00064225,0.015835,0.011647,0.0084239,0.0021473,0.0009346,0.00068512,0.00052351,0.00049307,0.0002804,0.0057908,0.00049724,0.00044636,0.00036299,0.00050635,0.00093114,0.0013021,0.0036333,0.027806,0.018255,0.016595,0.0034505,0.0018648,0.0015302,0.0010897,0.0012751,0.0013581,0.015414,0.0084287,0.0078466,0.010533,0.012684,0.016247,0.025545,0.052086,0.43502,0.16223,0.023725,0.022877,0.017981,0.01571,0.013386,0.0145,0.014868,0.016182,0.0011811,0.00045071,0.00093725,0.00045776,0.00049704,0.0009159,0.0019379,0.014481,0.010825,0.0034226,0.0007952,0.00094278,0.00092596,0.00081244,0.00063846,5.3406e-05,0.0038319,0.0020012,0.0020226,0.0021964,0.0026742,0.0029813,0.0042058,0.0071518,0.052883,0.026179,0.0049021,0.0047341,0.0031234,0.0023106,0.0024261,0.0020813,0.0020771,0.025637,0.0021567,0.0022446,0.0029384,0.0024695,0.0043036,0.0068789,0.010781,0.10314,0.12275,0.038397,0.017178,0.012192,0.010545,0.0075785,0.0069877,0.0050946,0.020197,0.00048511,0.00051462,0.00040348,0.00052565,0.00034045,0.00035077,0.0012392,0.011367,0.0091891,0.0060227,0.00045662,0.00015376,0.00015462,0.00031694,0.00036554,0.00022319,0.0033017,0.00020159,0.00054131,0.00048436,0.00035733,0.00081915,0.0010235,0.001387,0.012508,0.018772,0.0041076,0.0019481,0.0011608,0.001033,0.00066577,0.00086693,0.0006466,0.021609,0.0035861,0.0028774,0.0052252,0.0062909,0.0079511,0.011107,0.026618,0.25832,0.20937,0.029819,0.009383,0.0092,0.0068552,0.0063166,0.0040557,0.006529,0.0034714,0.0029352,0.0026157,0.0026848,0.0026434,0.002985,0.0043486,0.006255,0.013848,0.04848,0.016028,0.0019166,0.0023887,0.0015235,0.0012137,0.0013503,0.00073242,0.0029221,0.0030225,0.0032963,0.0035916,0.0039806,0.0050912,0.0064695,0.009166,0.042366,0.055792,0.018337,0.0072409,0.0050677,0.0037991,0.0034515,0.0029104,0.0030633
0.012539,0.00050246,0.0020655,0.0013976,0.0024333,0.0029164,0.0050061,0.011124,0.1055,0.039811,0.020796,0.0018342,0.0019629,0.0015866,0.0035383,0.002026,0.0025368,0.0010529,0.00042178,0.00083675,0.00039811,0.0002576,0.0010361,0.00076534,0.0014502,0.017113,0.012494,0.0078274,0.0015623,0.00024011,0.00053628,0.00015455,0.00016861,7.6305e-05,0.0050698,0.0014342,0.0014923,0.0016574,0.0018254,0.0024251,0.0032703,0.0055735,0.029087,0.018239,0.019483,0.0024356,0.0011158,0.00076175,0.00082123,0.0003899,0.00049974,0.0018826,0.0067126,0.0069927,0.0083457,0.011665,0.015699,0.025038,0.054988,0.43678,0.16833,0.019944,0.020787,0.01751,0.015341,0.013503,0.013525,0.012537,0.017306,0.00050098,0.00057394,0.00059232,0.0001495,0.00047019,0.0005657,0.001622,0.014249,0.0098673,0.0035867,0.00041578,0.00055818,0.0010413,0.00054473,0.00043011,0.0021344,0.0026532,0.002757,0.0027151,0.0030263,0.0034233,0.0038453,0.005043,0.0068592,0.053916,0.025696,0.0048491,0.0043455,0.0025047,0.0020948,0.0013536,0.0011709,0.00088312,0.0224,0.0057507,0.0059966,0.0062418,0.0069676,0.0083436,0.010907,0.015638,0.10794,0.1305,0.029421,0.010438,0.0073677,0.0045941,0.0059654,0.0075873,0.0063592,0.021412,0.00045179,0.00058016,0.00034665,8.7967e-05,0.0004507,0.00074242,0.001825,0.012822,0.010226,0.0071006,0.00069696,0.00091021,0.00063131,0.00040373,0.0003436,0.00056457,0.0050145,0.00059691,0.00016974,0.00028546,0.00013537,0.00039417,0.00068509,0.00042607,0.013637,0.012263,0.0075053,0.00061158,0.00037465,0.00025891,0.00026801,0.00043902,0.00023843,0.015196,0.0090946,0.0099049,0.011104,0.01204,0.015332,0.019175,0.037382,0.25675,0.19399,0.041473,0.010194,0.0083073,0.0052057,0.0029961,0.0045213,0.00031472,0.0017529,0.00061427,0.00058972,0.0009509,0.0015178,0.0019539,0.0025106,0.0051159,0.012147,0.04596,0.020914,0.0053825,0.0057485,0.0044504,0.0042024,0.0033337,0.0040455,0.0051537,0.0035657,0.0039315,0.0042805,0.004581,0.0058314,0.0069142,0.0097323,0.043933,0.05461,0.021827,0.008355,0.0055267,0.0040808,0.0036192,0.0032588,0.0034104
0.013128,0.00067595,0.004155,0.001827,0.0029326,0.0028817,0.0067955,0.0094504,0.10992,0.042901,0.019459,0.0022547,0.0025349,0.0014074,0.0012264,0.0010459,0.00026131,0.0013886,0.0012651,0.00069913,0.00094605,0.00074567,0.0010889,0.0014363,0.0016302,0.017949,0.014564,0.0081849,0.0027163,0.00098665,0.00027063,0.0003168,0.00021254,0.0002098,0.0015316,0.0013819,0.00073314,0.00058907,0.00091457,0.0018351,0.0025581,0.0044943,0.02921,0.016939,0.021725,0.0032226,0.0017263,0.0014754,0.0011594,0.0012626,0.0015202,0.013226,0.016783,0.017851,0.019432,0.021864,0.027329,0.037419,0.071494,0.44673,0.17778,0.015663,0.013777,0.010117,0.0076634,0.0065838,0.005496,0.0043946,0.016255,0.00094694,0.00050382,0.00090021,0.00072675,0.00078769,0.00080978,0.0025829,0.015114,0.012235,0.0039731,0.0010605,0.00048767,0.00058434,0.00046214,0.0010406,0.00081255,0.0020676,0.00045591,0.00055579,0.00092179,0.0015653,0.0014539,0.0030733,0.0059078,0.046899,0.028604,0.0065087,0.005612,0.004079,0.0033474,0.003172,0.0031214,0.0032616,0.022406,0.0075094,0.0058264,0.0077246,0.0081921,0.008624,0.011,0.016126,0.10947,0.11922,0.029703,0.01123,0.0078288,0.0057549,0.0027799,0.0019409,0.0011654,0.020657,0.001274,0.00074164,0.00065333,0.00057791,0.001495,0.0018706,0.0018936,0.01261,0.0068531,0.0064155,0.0010519,0.00043331,0.00031512,0.00036274,0.00028074,0.00018311,0.0075246,0.00076574,0.00012618,0.00015356,0.00030161,0.00054149,0.0011374,0.0019722,0.01243,0.018,0.0076914,0.0025636,0.0018447,0.0013453,0.0011953,0.00089908,0.0011196,0.017844,0.0080903,0.0076656,0.0084842,0.011284,0.01438,0.021358,0.039312,0.26366,0.16764,0.06668,0.030548,0.024031,0.019936,0.016827,0.016409,0.014864,0.0049077,0.003674,0.0037546,0.003333,0.0042649,0.0049293,0.0050238,0.0064394,0.014321,0.046962,0.01886,0.005383,0.0038296,0.0018925,0.0013856,0.001394,9.533e-06,0.001749,0.002599,0.0024581,0.002677,0.0030227,0.0042581,0.0059271,0.0089725,0.034503,0.053514,0.026329,0.010016,0.0070016,0.0056532,0.0049105,0.0044669,0.0042706
0.011728,0.003237,0.004118,0.0036606,0.0053618,0.005015,0.0096811,0.013166,0.10459,0.047761,0.021575,0.0023581,0.00043016,0.0010011,0.002059,0.00055682,0.00018882,0.0046693,0.0012543,0.00038449,0.00058742,0.00052859,0.00044481,0.00095195,0.002014,0.018403,0.017471,0.0062317,0.0053624,0.002346,0.0018038,0.0014043,0.0013765,0.0016213,0.0019722,0.00060682,0.00081929,0.0009667,0.0013087,0.0016111,0.0027332,0.0044598,0.029576,0.011003,0.021429,0.0058228,0.0023608,0.0022877,0.0021244,0.001796,0.0016137,0.0041047,0.011144,0.018669,0.019225,0.0097806,0.030812,0.061105,0.08302,0.42258,0.1252,0.099296,0.05008,0.047009,0.043929,0.034199,0.03405,0.034543,0.015585,0.0017981,0.002459,0.0013246,0.0006054,0.0023336,0.0032214,0.0028535,0.015868,0.0090547,0.006208,0.00043713,0.00067689,0.00080486,0.00045559,0.002017,0.00014686,0.004654,0.0012975,0.0011998,0.0021331,0.0016725,0.0023139,0.0054851,0.010024,0.042158,0.027618,0.0089246,0.0033359,0.0055797,0.0045858,0.0014603,0.0028424,0.0039597,0.032504,0.0023389,0.0035509,0.0028242,0.0033585,0.0047036,0.0072772,0.01209,0.091363,0.095603,0.022672,0.0095999,0.00676,0.0059863,0.0071948,0.0072962,0.0064832,0.021307,0.00077843,0.00022837,0.00061781,0.00078831,0.0005194,0.00063803,0.0010316,0.0104,0.0038399,0.0053008,0.0020608,0.001255,0.00088104,0.00055875,0.00059079,0.0010204,0.0097257,0.0016642,0.0016041,0.0021566,0.0016807,0.0023799,0.0030348,0.0033722,0.0087504,0.03881,0.0078024,0.0040315,0.0020759,0.0011829,0.00061654,0.00041432,8.2005e-05,0.047229,0.027118,0.027906,0.029125,0.033107,0.037824,0.048564,0.074801,0.3055,0.097966,0.11013,0.048392,0.025497,0.018973,0.016573,0.011537,0.01301,0.0042477,0.0034235,0.00257,0.0021152,0.0031845,0.0031085,0.0044398,0.0052872,0.008758,0.039191,0.023946,0.013859,0.0062139,0.0051437,0.0044074,0.0050867,0.0035039,0.0034905,0.001769,0.0015174,0.0015778,0.0016535,0.0023404,0.0037149,0.0067975,0.028844,0.04539,0.028959,0.0094548,0.0063417,0.0050145,0.0040969,0.0037528,0.0036889
0.0096208,0.002793,0.0029816,0.0028643,0.0039452,0.0039153,0.008659,0.010472,0.10996,0.027298,0.029298,0.0053261,0.0036718,0.0053098,0.0027296,0.0041325,0.0037385,0.0049897,0.0016446,0.00093821,0.0022104,0.0011607,0.001685,0.0019392,0.0036434,0.021753,0.010981,0.0063716,0.0046167,0.0016119,0.00098613,0.00070273,0.00047372,0.00051881,0.00038339,0.00055235,0.00058507,0.00042842,0.00093699,0.0006569,0.0018158,0.0010535,0.030194,0.013477,0.022217,0.0030784,0.0014529,0.00091707,0.00038532,0.00042729,0.00012399,0.021824,0.019636,0.019807,0.021898,0.024425,0.028788,0.038657,0.065161,0.46064,0.046563,0.056557,0.022466,0.015082,0.0096446,0.0072819,0.0045738,0.0045739,0.01684,0.00077364,0.00085778,0.00069741,0.00078486,0.0011953,0.0013187,0.0017537,0.016502,0.0046387,0.0038982,0.0014458,0.0011969,0.00069125,0.00039729,0.00035635,0.0025616,3.8072e-06,0.0013558,0.0016311,0.0018684,0.0021714,0.0025266,0.003655,0.0054124,0.051738,0.015602,0.015167,0.0023847,0.0013444,0.00074845,0.00093097,0.00079133,0.0010643,0.034352,0.0014718,0.0017186,0.00093049,0.0020009,0.0023156,0.0019282,0.0045302,0.083417,0.08668,0.0069483,0.006753,0.0038798,0.0029841,0.0025401,0.0008575,0.0016098,0.02215,0.00063477,0.00081854,0.00034268,0.0011353,0.0010807,0.00066795,0.0011861,0.010144,0.014841,0.001162,0.0030106,0.0018546,0.0013553,0.0010023,0.0010787,0.00070762,0.0056268,0.0010504,0.00093986,0.0010947,0.0013454,0.0018517,0.0014791,0.00354,0.0172,0.041718,0.008024,0.0071441,0.0047657,0.0034386,0.003091,0.002826,0.0030747,0.0093042,0.0098401,0.0075447,0.013746,0.016961,0.014442,0.027873,0.064128,0.24083,0.21954,0.03581,0.048252,0.02599,0.010644,0.022682,0.020471,0.0073968,0.0040856,0.0014328,0.0018691,0.0037659,0.0025127,0.003144,0.0061354,0.0053092,0.010563,0.039661,0.013217,0.0069261,0.0083909,0.0028969,0.0038277,0.0039817,0.0025216,0.009205,0.0034043,0.0031634,0.0066561,0.0039339,0.0042214,0.01138,0.010555,0.030209,0.027457,0.020306,0.0093768,0.010553,0.0047454,0.00493,0.0052144,0.0039712
0.0065652,0.0032692,0.0049525,0.001152,0.0023915,0.0023707,0.0036854,0.008187,0.10809,0.031308,0.025799,0.00070612,0.0017959,0.00063028,0.0014566,0.0014059,0.00085067,0.0027028,0.0014669,0.0014732,0.00067189,0.0010821,0.0002606,0.0010291,0.00039899,0.01783,0.0089794,0.015805,0.0010438,0.0015101,0.00093501,0.0007475,0.00074542,0.00062373,0.000412,0.001214,0.001596,0.0016587,0.002039,0.0019778,0.0027393,0.0030167,0.031327,0.019067,0.017278,0.0055388,0.0019973,0.0012542,0.00074371,0.00030474,0.00016022,0.00098041,0.0014323,0.0022923,0.0028889,0.0050511,0.0071064,0.012991,0.025086,0.45251,0.059714,0.046649,0.019404,0.014901,0.013154,0.011458,0.010292,0.0078317,0.015885,0.00096755,0.00033185,0.00051657,0.00058803,0.00064302,0.00084029,0.0013982,0.014978,0.004314,0.002429,0.0029811,0.0018949,0.0016233,0.0006676,0.0011943,0.0006447,0.0035477,0.0017297,0.0019821,0.0020448,0.0023556,0.0028099,0.0033906,0.0066794,0.054789,0.011247,0.016668,0.0049162,0.0027944,0.0021517,0.0016737,0.0015898,0.0014343,0.031228,0.0017303,0.00087235,0.0007274,0.00048203,0.0021158,0.0032276,0.008229,0.090781,0.13311,0.015943,0.0040998,0.0029731,0.0034245,0.0037189,0.0043628,0.0025902,0.020964,0.0013389,0.0012752,0.00078981,0.00096077,0.0011688,0.0024004,0.0019335,0.011905,0.010306,0.0079166,0.001939,0.00098251,0.00090722,0.00034424,0.00055944,0.0005512,0.0060483,0.00091431,0.00080055,0.00108,0.0014592,0.0015559,0.0019408,0.0028037,0.01825,0.0096689,0.017898,0.0064122,0.0041373,0.0034182,0.002979,0.0028583,0.0026265,0.015011,0.0075582,0.0062611,0.0079979,0.0075322,0.0079583,0.0078206,0.010996,0.21431,0.11682,0.10298,0.021374,0.012832,0.006,0.0029893,0.0031706,0.0036431,0.0079652,0.0049666,0.0032663,0.0044225,0.0051699,0.0054464,0.0067745,0.0074419,0.014113,0.032995,0.03705,0.0084275,0.0051137,0.0033999,0.0023333,0.001484,0.00086977,0.0001812,0.0041161,0.0046022,0.004829,0.0054007,0.0065068,0.0083495,0.010588,0.039395,0.037612,0.034756,0.010824,0.0061306,0.0042329,0.0029327,0.0025634,0.0026799
0.01367,0.010877,0.0052091,0.0029045,0.0035254,0.0037441,0.0062642,0.012686,0.10463,0.019583,0.019873,0.0050319,0.0019096,0.0017124,0.0024327,0.0010125,0.0017262,0.018902,0.0054244,0.0028803,0.0010065,0.0010055,0.0013595,0.0015015,0.0028959,0.014421,0.011564,0.011461,0.0031591,0.00063861,0.0010094,0.00064458,0.00038224,0.00039292,0.0070421,0.0031631,0.001798,0.0020979,0.0023388,0.0023736,0.002978,0.0081136,0.035308,0.0041662,0.013824,0.0084469,0.0033146,0.0026051,0.0017725,0.0018523,0.0018883,0.019112,0.013833,0.010763,0.01008,0.011475,0.015128,0.021932,0.050929,0.35618,0.086698,0.025384,0.0174,0.012467,0.010864,0.0094765,0.0093451,0.0086328,0.0050965,0.0031578,0.0021886,0.00055328,0.00135,0.0014132,0.002099,0.0038005,0.0065894,0.0046111,0.0023775,0.0027577,0.0014347,0.0016694,0.0010949,0.00038801,0.001854,0.001915,0.0020513,0.0015455,0.0022907,0.0022156,0.0032384,0.0050788,0.011351,0.050414,0.014456,0.012592,0.0074013,0.0049828,0.004343,0.0034802,0.0034685,0.0033875,0.068297,0.014203,0.0021098,0.0058186,0.005839,0.0040833,0.020088,0.036394,0.12232,0.040218,0.034235,0.027886,0.013396,0.01226,0.01515,0.014919,0.0083944,0.014319,0.0021224,0.0012553,0.00035028,0.0013613,0.0010186,0.00039228,0.0022256,0.01032,0.006072,0.0091413,0.0011267,0.00057561,0.0010386,0.0010135,0.00071363,0.00046349,0.0045949,0.00080108,0.0011179,0.00046822,0.0019535,0.0024764,0.0014649,0.0038034,0.025036,0.029226,0.029593,0.011781,0.0037689,0.0037659,0.0069063,0.0050999,0.001257,0.0075246,0.011544,0.0070352,0.008034,0.0090091,0.0094757,0.011228,0.0073476,0.25637,0.16312,0.071855,0.027466,0.012683,0.008259,0.006094,0.0060432,0.0040951,0.02038,0.0081199,0.0040243,0.0033763,0.0046563,0.0047351,0.0056636,0.0078668,0.0099025,0.03435,0.022927,0.010182,0.0049739,0.0034574,0.0031916,0.001923,0.0019131,0.0098745,0.0033874,0.0036354,0.0042457,0.0049204,0.0052716,0.0062469,0.01224,0.015196,0.030216,0.026292,0.011658,0.006901,0.005027,0.0040982,0.0037426,0.0036374
0.063855,0.010049,0.004813,0.0096077,0.0086692,0.012391,0.014602,0.028944,0.080273,0.0011873,0.0046091,0.01449,0.0080234,0.0071307,0.0036031,0.0047595,0.0050126,0.028635,0.0015815,0.0012435,0.0015421,0.0021896,0.0027324,0.003441,0.004431,0.0078445,0.0074903,0.011722,0.0048867,0.0017896,0.0011636,0.00060077,0.00070416,0.00032235,0.008526,0.0025548,0.0028434,0.0027081,0.0032327,0.0040181,0.0057729,0.012506,0.037261,0.023564,0.0136,0.0069759,0.0027069,0.0019525,0.0013982,0.0012704,0.00098802,0.039584,0.019916,0.020376,0.0225,0.025013,0.031527,0.043539,0.089731,0.21722,0.011003,0.059592,0.027252,0.017865,0.013206,0.010689,0.0093541,0.0095312,0.021851,0.004792,0.0028457,0.0013497,0.0018821,0.0014562,0.0016359,0.0042851,0.0053622,0.00043832,0.0079282,0.0021168,0.0014513,0.00050253,0.00053016,0.00072888,0.0019722,0.0021858,0.0040212,0.004334,0.0044866,0.004839,0.0063369,0.0081253,0.017535,0.042101,0.014349,0.013324,0.0061443,0.0033643,0.0022242,0.0011087,0.00040273,0.00050737,0.096271,0.0071571,0.0049721,0.0039524,0.0052466,0.0075365,0.012241,0.029347,0.089279,0.15511,0.0073602,0.0091371,0.0075532,0.0069091,0.0059668,0.0060802,0.0067617,0.0041581,0.0033266,0.0017181,0.0012137,0.0014078,0.00078136,0.0013354,0.0033746,0.0075555,0.01264,0.010487,0.0023031,0.0016886,0.0010936,0.0013353,0.0011714,0.001049,0.0046979,0.0042282,0.0032997,0.0038034,0.0042252,0.0045008,0.0062338,0.0080771,0.015072,0.012352,0.021894,0.0055206,0.0035365,0.0026189,0.002188,0.0019683,0.0018139,0.058932,0.018297,0.02112,0.020349,0.022277,0.026281,0.034193,0.060602,0.098802,0.039251,0.13343,0.031845,0.017526,0.010125,0.0043958,0.0051431,0.0010243,0.040558,0.0031881,0.003356,0.0045338,0.0038177,0.0039298,0.0053718,0.0056215,0.0093004,0.027813,0.038967,0.010589,0.0070016,0.0041484,0.00349,0.0027024,0.0021096,0.0005188,0.0042071,0.004162,0.0049235,0.0052661,0.0062916,0.0091721,0.011397,0.019369,0.031665,0.040745,0.010022,0.0049134,0.0029186,0.0018646,0.0011441,0.00029374
0.064616,0.006976,0.0056606,0.0047872,0.0055919,0.0066384,0.011815,0.021296,0.084135,0.020863,0.04706,0.0060789,0.0060737,0.0054573,0.0048764,0.004809,0.0036183,0.011316,0.0033147,0.0021587,0.0021724,0.0025976,0.0024096,0.0024708,0.0033533,0.0069923,0.0071761,0.020143,0.0026696,0.001497,0.0013893,0.0011735,0.00086849,0.00082589,0.0061704,0.0020446,0.0016532,0.0015081,0.0018038,0.0025143,0.0046942,0.0086242,0.031339,0.017924,0.027867,0.0042079,0.0030953,0.0025849,0.0024941,0.0019837,0.0020199,0.045783,0.0049551,0.0025538,0.0038524,0.0045338,0.0072615,0.012579,0.035124,0.31499,0.007354,0.042729,0.014,0.010141,0.0087641,0.0078794,0.0073385,0.01037,0.03047,0.0011993,0.00025976,0.0016499,0.00044587,0.00064184,0.00070504,0.00040184,0.0093486,0.0014065,0.0055545,0.0013088,0.00046676,0.00029571,0.00026362,0.0004024,0.001009,0.0042706,0.00045375,0.00048856,0.00030564,0.00044487,0.00044071,0.0015041,0.003072,0.05024,0.0078839,0.017651,0.0017043,0.0005604,0.0010497,0.00084887,0.00080246,0.00045586,0.097835,0.011257,0.0082792,0.0094568,0.012243,0.016173,0.022287,0.046159,0.085209,0.12985,0.033726,0.023393,0.018451,0.016274,0.01394,0.014649,0.016272,0.014479,0.0002197,0.00057217,0.00036305,0.00061564,0.00065172,0.0013528,0.0015075,0.0082773,0.010547,0.0041867,0.0012361,0.00072855,0.00040542,1.6151e-05,0.00012291,2.0973e-05,0.013455,0.0021331,0.0023183,0.0024795,0.0028858,0.003775,0.0048366,0.0093494,0.012828,0.026616,0.023902,0.0065042,0.0038398,0.0037918,0.0031458,0.0031791,0.0029107,0.053387,0.0089617,0.0094687,0.0083483,0.0097454,0.011628,0.015935,0.024938,0.12487,0.020472,0.15408,0.030152,0.020971,0.015968,0.012975,0.012229,0.01545,0.023821,0.0047188,0.0026096,0.0023621,0.0020285,0.002345,0.0023544,0.0031847,0.0063857,0.015064,0.047091,0.0091646,0.0067632,0.005029,0.0038998,0.00363,0.003294,0.003624,0.0016023,0.0016117,0.001721,0.0017798,0.0020274,0.0022014,0.0045144,0.029177,0.016086,0.044668,0.0089067,0.0054677,0.003334,0.0030162,0.0025108,0.0025749
0.037287,0.0042188,0.0015568,0.0020582,0.0020106,0.0030717,0.0035173,0.0082028,0.11749,0.0079272,0.0252,0.0036773,0.0039512,0.0025867,0.00038252,0.0012435,0.0015202,0.0013981,0.00213,0.00081841,0.00054491,0.00039049,0.00053504,0.0011411,0.0029342,0.016438,0.0042055,0.0028415,0.0031043,0.0027079,0.0016315,0.0017229,0.0014014,0.0015621,0.0020352,0.0017672,0.0016988,0.0017606,0.0024148,0.0024969,0.0038866,0.0068787,0.029829,0.015187,0.026403,0.0026394,0.001507,0.0011703,0.00094405,0.00072028,0.00040627,0.025206,0.0047814,0.0026335,0.0028824,0.0031685,0.0044943,0.0053314,0.0037579,0.38097,0.041214,0.043194,0.0068983,0.0045102,0.0042736,0.0024066,0.0030336,0.0025807,0.019787,0.0023598,0.00050915,0.00029901,0.00076588,0.00068738,0.0012707,0.0012714,0.011454,0.0017396,0.0096257,0.0013715,0.00025064,0.00074589,0.00032755,0.00036546,0.0026169,0.003851,0.00037756,0.00035187,0.00023194,0.00031455,0.00063026,0.00012979,0.002971,0.053913,0.0093805,0.016841,0.0026497,0.0014249,0.0015223,0.0012653,0.0011241,0.0014439,0.072932,0.0096812,0.0092705,0.010143,0.011861,0.015376,0.022545,0.04227,0.036096,0.12115,0.04489,0.025153,0.019412,0.016171,0.014958,0.012743,0.014384,0.0092394,0.00044752,0.0013968,0.00053931,0.00015721,0.00067946,0.0015419,0.001181,0.0098993,0.010758,0.0061206,0.0014779,0.00077739,0.00012554,0.00017121,0.00014709,4.1969e-05,0.0081159,0.0012875,0.0012377,0.0016724,0.0020751,0.0025267,0.0044423,0.0083516,0.024697,0.020646,0.017724,0.0085645,0.0055355,0.0044116,0.0041992,0.0036751,0.0036564,0.0023728,0.028159,0.02611,0.02964,0.030424,0.031648,0.033656,0.040079,0.13851,0.04089,0.13136,0.010813,0.0043516,0.008243,0.009878,0.010031,0.010338,0.0036507,0.0060008,0.0057828,0.0049865,0.0057441,0.0062513,0.0068999,0.0083389,0.008781,0.021378,0.039863,0.0086816,0.0037448,0.0031997,0.0025675,0.0030091,0.0035363,0.0014763,0.00024505,0.00060684,0.000837,0.0021024,0.0018971,0.0033202,0.0067634,0.030157,0.019136,0.045328,0.0085221,0.0045654,0.0027721,0.0016005,0.0011259,0.00070572
0.039216,0.0081789,0.006509,0.0033156,0.0026495,0.0041556,0.004933,0.0073943,0.098686,0.0014743,0.021809,0.0063884,0.003775,0.0034393,0.0028238,0.00085657,0.0019188,0.015955,0.0074615,0.0036374,0.001919,0.0015326,0.0019367,0.0016935,0.0020006,0.016708,0.0039504,0.017082,0.001227,0.0011605,0.0010874,0.0010778,0.001056,0.00071527,0.0063859,0.0030842,0.0016213,0.001361,0.00065861,0.0014993,0.00084286,0.0020839,0.034852,0.011251,0.013632,0.0054203,0.0032369,0.0021451,0.0017237,0.0019643,0.0013237,0.087921,0.050908,0.049432,0.048508,0.049567,0.050017,0.051782,0.067019,0.337,0.07181,0.013554,0.021751,0.02605,0.028269,0.028416,0.029541,0.030718,0.016888,0.0022485,0.0010023,0.0018566,0.0015996,0.0016972,0.0014748,0.0027855,0.0075582,0.0040996,0.004067,0.0015167,0.00064352,0.00085815,0.00013997,0.00036514,0.0023651,0.0046998,0.0040536,0.0042582,0.0051857,0.0061631,0.0076153,0.0097757,0.011842,0.043392,0.02218,0.005136,0.0030184,0.0059729,0.0069581,0.0077725,0.0077056,0.0076753,0.066981,0.015683,0.010599,0.011724,0.014393,0.014754,0.018781,0.03162,0.12027,0.11023,0.033225,0.013747,0.007816,0.0050073,0.0040686,0.0046427,0.00071529,0.00099757,0.0018566,0.00070554,0.0009356,0.00088616,0.001162,0.0016677,0.00046392,0.0094537,0.014361,0.0087659,0.0014408,0.00078253,0.00034472,0.00039056,0.00029461,9.5442e-06,0.0034447,0.0005145,0.00087803,0.0011153,0.0010874,0.0013573,0.0019937,0.0056529,0.018441,0.029661,0.019685,0.0059561,0.0036697,0.0029852,0.0027195,0.0025422,0.0021782,0.034297,0.014067,0.012262,0.012788,0.014701,0.01617,0.019099,0.022521,0.25188,0.1068,0.10571,0.035649,0.021097,0.015193,0.010179,0.010198,0.011198,0.027155,0.0079909,0.0050979,0.004253,0.0038753,0.0038076,0.004914,0.0068377,0.0086797,0.03302,0.032706,0.014303,0.008401,0.0061365,0.0052335,0.0048953,0.0048543,0.0037366,0.0011788,0.0012365,0.0013344,0.0020589,0.0022824,0.0032924,0.0067659,0.015727,0.030291,0.033799,0.013976,0.010047,0.0075747,0.0070377,0.0058969,0.0059071
0.07084,0.0044355,0.0070124,0.0039006,0.0038015,0.0059254,0.0099004,0.018769,0.087528,0.039294,0.03306,0.0081324,0.0065291,0.0048754,0.0050601,0.0038687,0.0046616,0.03756,0.0018211,0.0015289,0.0010097,0.00062798,0.0014634,0.002096,0.002531,0.011274,0.013614,0.0083931,0.0014147,0.00082899,0.00055838,0.00046273,0.00038896,0.00024796,0.018566,0.0017603,0.0016934,0.0014956,0.0018798,0.0017447,0.0023584,0.0063763,0.037373,0.0065135,0.025618,0.0029855,0.0024513,0.0012089,0.00099066,0.00090051,0.00056839,0.08636,0.007662,0.0070104,0.0090584,0.010994,0.015225,0.023305,0.041908,0.32027,0.049929,0.065613,0.027471,0.020435,0.01849,0.015644,0.013918,0.013754,0.02652,0.0026769,0.0017689,0.00035229,0.00047269,0.0004204,0.00056603,0.0015988,0.0074844,0.0049358,0.0078868,0.0018272,0.0013658,0.00081644,0.0015191,0.00068598,8.3931e-05,0.0011578,0.00068585,0.00096941,0.0011506,0.001472,0.0017689,0.0035366,0.0070305,0.05329,0.010009,0.017007,0.0052319,0.0039462,0.0030138,0.0027015,0.0025887,0.0022946,0.12465,0.0074977,0.0070068,0.0065878,0.0069699,0.0080779,0.0095874,0.0069519,0.14943,0.085071,0.028073,0.015406,0.011559,0.0085471,0.0065878,0.008239,0.0037861,0.0065175,0.0010921,0.0005121,0.00066282,0.0011729,0.00072807,0.0019055,0.00090761,0.013061,0.0084604,0.0081191,0.0016378,0.0016766,0.0011537,0.00098445,0.0011442,0.0010433,0.008381,0.00068696,0.0003582,0.00032707,0.0003846,0.00022844,0.00041296,0.0040306,0.02246,0.038223,0.0080253,0.0013513,0.00164,0.00085163,0.00069351,0.00075219,0.0003395,0.043856,0.013386,0.012392,0.014572,0.015293,0.018441,0.02432,0.038621,0.16029,0.1259,0.10224,0.036448,0.020958,0.01546,0.011649,0.013257,0.010203,0.049434,0.0037521,0.0037957,0.0036653,0.0050228,0.0051622,0.0059366,0.0075933,0.014886,0.027662,0.031437,0.0080005,0.0074088,0.0049726,0.0040001,0.0023939,0.0032101,0.0085126,0.0021664,0.0024425,0.0026798,0.0035982,0.0040367,0.0058112,0.007223,0.03011,0.023794,0.037566,0.013116,0.0086266,0.006848,0.0061266,0.0051229,0.0055829
0.066972,0.0087641,0.0049272,0.0036419,0.0042185,0.005124,0.0071947,0.013352,0.091922,0.023412,0.025131,0.0036959,0.001331,0.0014624,0.00093733,0.00039486,0.0006714,0.029402,0.0053927,0.0026028,0.0016204,0.00097293,0.0018927,0.0015854,0.0019709,0.011395,0.013044,0.016009,0.0033455,0.0016018,0.00056303,0.0010031,0.00054572,0.00045204,0.012955,0.0031766,0.0018383,0.0013468,0.0011201,0.0015027,0.0017484,0.0044723,0.022039,0.010354,0.012739,0.0024593,0.0015454,0.00091725,0.00068482,0.00079027,0.0011864,0.066634,0.0097985,0.0043826,0.0025654,0.0025757,0.0034855,0.0072237,0.016863,0.39257,0.015202,0.043229,0.017982,0.013733,0.011016,0.010026,0.0088249,0.012629,0.027377,0.0020122,0.0010302,0.00068672,0.00062012,0.00056416,0.0011407,0.001587,0.011429,0.001143,0.0065912,0.0023632,0.0019624,0.0014338,0.0012592,0.0016218,0.00033379,0.00093652,0.0015107,0.0011917,0.0013427,0.0016713,0.001995,0.0024343,0.0040139,0.055773,0.0081855,0.013567,0.0042253,0.0033072,0.002452,0.0021588,0.0022046,0.0019551,0.098957,0.015353,0.010247,0.012293,0.014359,0.017306,0.023242,0.039806,0.13839,0.093949,0.058022,0.029011,0.020801,0.017357,0.015708,0.010617,0.01261,0.0064832,0.0018764,0.002007,0.0015619,0.0020728,0.0023897,0.0028743,0.0034216,0.0053436,0.0046903,0.013694,0.0040287,0.0017049,0.0016435,0.0011092,0.00094803,0.00079921,0.010595,0.0013816,0.001364,0.0014173,0.001622,0.0019663,0.0024303,0.0039832,0.010086,0.027438,0.022526,0.0038922,0.0020247,0.0014908,0.00077211,0.00030209,0.00024987,0.058442,0.0062321,0.0087567,0.0072747,0.0083227,0.008038,0.0090036,0.010502,0.21358,0.11461,0.11578,0.022843,0.0121,0.0056431,0.0047809,0.0045992,0.0077669,0.044577,0.0079728,0.004652,0.0048361,0.0044621,0.0049348,0.0061271,0.0069736,0.01102,0.018377,0.043941,0.010026,0.0036047,0.0017861,0.00064379,0.00089759,0.0002651,0.00096133,0.0041302,0.0044556,0.0043113,0.0045662,0.0055324,0.007395,0.0075878,0.036916,0.018328,0.044756,0.0096509,0.0061726,0.0046104,0.0035306,0.0026871,0.0022164
0.0337,0.0055119,0.0033254,0.004027,0.0036231,0.0028554,0.0050515,0.011339,0.11637,0.039617,0.02532,0.0035663,0.0017975,0.0018501,0.00037483,0.0011668,0.0019875,0.0090848,0.0019445,0.0011392,0.0011299,0.0017733,0.00058497,0.0008052,0.0012616,0.020996,0.015137,0.015577,0.0021555,0.001217,0.0005845,0.00049133,0.00051036,0.00050546,0.0016098,0.00073636,0.00063482,0.00076895,0.0010258,0.0016583,0.0026225,0.0048875,0.036497,0.015307,0.014496,0.0043895,0.003193,0.0030092,0.0024379,0.0025409,0.0026779,0.018786,0.01191,0.013222,0.013331,0.014768,0.020361,0.028414,0.052366,0.43309,0.10856,0.0053962,0.014327,0.012473,0.012251,0.010139,0.01027,0.009165,0.010266,0.0028699,0.0011841,0.00093688,0.0014586,0.0011211,0.0012599,0.0023222,0.013496,0.0067365,0.00077173,0.00040911,0.00043701,5.173e-05,0.00033782,0.00072268,0.0025063,0.002493,0.00053124,0.00071136,0.0010167,0.0011824,0.0021274,0.0031505,0.0054027,0.046096,0.01218,0.017117,0.0055837,0.0037629,0.0032939,0.0028931,0.0026392,0.0023442,0.075036,0.0081927,0.0090238,0.0085339,0.011537,0.014667,0.021488,0.034162,0.14867,0.089913,0.058069,0.030386,0.022721,0.018584,0.017488,0.0185,0.015755,0.00084306,0.0025246,0.0012982,0.001413,0.0017191,0.001211,0.0021574,0.0028445,0.016733,0.0078624,0.0082549,0.0021269,0.0012404,0.0009493,0.00054093,0.00050073,0.0003853,0.0043774,0.0013494,0.00075653,0.00040335,0.00085458,0.00088844,0.0016418,0.00047264,0.024177,0.035535,0.01381,0.0017621,0.0007427,0.00053751,0.00072248,0.00050182,0.00049401,0.020047,0.0054067,0.0037886,0.0031708,0.0055693,0.0072698,0.010115,0.022804,0.22206,0.13168,0.10978,0.031457,0.019333,0.012946,0.01236,0.01031,0.010643,0.013327,0.0042286,0.0037014,0.0035289,0.0044653,0.0049439,0.0053367,0.0092721,0.015248,0.021483,0.041125,0.008498,0.0071682,0.0047417,0.0042588,0.003884,0.0036946,0.0059911,0.0042773,0.0047397,0.0047166,0.0048985,0.0062843,0.0071259,0.010548,0.02745,0.019119,0.036788,0.010071,0.0046991,0.0031602,0.0016391,0.0012507,8.5823e-05
0.0062505,0.0026805,0.0044941,0.0028247,0.0027938,0.0051604,0.008209,0.016674,0.10411,0.030533,0.04089,0.014689,0.0089894,0.0095669,0.0090077,0.0083089,0.0087263,0.00081064,0.00054698,0.0011831,0.00091532,0.0014214,0.0010532,0.0017451,0.0037125,0.018826,0.0093183,0.011016,0.0026106,0.0012548,0.001177,0.0010145,0.00089231,0.0010738,0.0012169,0.00048075,0.0006904,0.00080905,0.0012165,0.0014251,0.0022389,0.004303,0.022276,0.0025903,0.030202,0.0068131,0.0043118,0.003641,0.0030676,0.0030206,0.0027619,0.016939,0.024494,0.026737,0.029971,0.033776,0.042094,0.057855,0.10028,0.48589,0.16933,0.097998,0.051808,0.038735,0.031932,0.028566,0.026101,0.026698,0.0045281,0.0021983,0.0022073,0.0013868,0.0011198,0.0014295,0.0019946,0.0032435,0.015805,0.0084113,0.0050648,0.0010875,0.00091043,0.00084735,0.0011112,0.0017686,0.00019073,0.00089839,0.0012882,0.0015104,0.001603,0.0021306,0.0025851,0.004275,0.0080109,0.046644,0.02557,0.017261,0.0052667,0.0043621,0.0038114,0.0032389,0.0032332,0.0032864,0.05005,0.0094954,0.0094202,0.0063293,0.0040011,0.0038519,0.0093186,0.022176,0.081605,0.090504,0.028969,0.014916,0.0067086,0.0038477,0.0038481,0.0046114,0.0040017,0.0092241,0.0022486,0.00059548,0.0006963,0.00055681,0.00076159,0.0016142,0.0025997,0.0050363,0.006514,0.0035598,0.0012144,0.00050968,0.00024307,0.00010448,0.0003204,0.00026704,0.0024319,0.0015988,0.0014125,0.0017648,0.0017146,0.0020056,0.00214,0.0019731,0.0087882,0.033899,0.0035544,0.0028184,0.0027491,0.0029352,0.0028055,0.0025339,0.0027142,0.0070935,0.015554,0.018255,0.017524,0.019916,0.024274,0.034189,0.053877,0.24813,0.10208,0.12713,0.054548,0.03497,0.027496,0.024993,0.021848,0.021761,0.0050813,0.0026123,0.0010049,0.0013114,0.0016987,0.0027392,0.0034238,0.0061256,0.0079095,0.02313,0.037715,0.016568,0.0075756,0.0056893,0.0050398,0.004773,0.0054932,0.0019799,0.00069806,0.0011205,0.0013843,0.001536,0.0025965,0.0030571,0.0051423,0.023036,0.035717,0.034401,0.010952,0.007212,0.0053106,0.0044461,0.0044035,0.0041466
0.014528,0.0017413,0.0036895,0.0018754,0.0018407,0.0037868,0.0060922,0.017599,0.089441,0.025966,0.024052,0.0088283,0.0096518,0.0057507,0.0074672,0.0059484,0.007166,0.0037079,0.0024694,0.0011261,0.0006033,0.0007422,0.0010634,0.0023957,0.0051253,0.022303,0.010987,0.017296,0.0053807,0.004247,0.0028881,0.0030831,0.0025324,0.0024376,0.0061799,0.0040466,0.0023194,0.0028089,0.0030938,0.0033953,0.0048784,0.0080587,0.031295,0.012068,0.021772,0.0049273,0.0031878,0.0020312,0.0019358,0.0013556,0.0017891,0.012091,0.020212,0.024212,0.02598,0.029687,0.036635,0.04943,0.082139,0.45199,0.071427,0.068849,0.038003,0.027787,0.022471,0.019402,0.017591,0.016031,0.017489,0.0028972,0.0015361,0.0021914,0.0017017,0.0017465,0.002822,0.0038796,0.016831,0.0021776,0.0079583,0.0036895,0.0022933,0.0013896,0.0015585,0.0019067,0.001669,0.0026551,0.0039835,0.004313,0.0048634,0.0051296,0.0063647,0.007901,0.012907,0.053371,0.012572,0.012663,0.0061747,0.0039241,0.0025846,0.0018063,0.0014051,0.0014115,0.0077478,0.018538,0.016631,0.017392,0.018223,0.022496,0.028044,0.049002,0.15779,0.11394,0.037109,0.017853,0.011261,0.0066319,0.0044427,0.0044326,0.0013504,0.020222,0.00114,0.0004836,0.00040079,0.00021294,0.00070755,0.001366,0.0038738,0.015393,0.00442,0.014342,0.0052941,0.0036709,0.0031503,0.0026728,0.0025156,0.0025979,0.0067655,0.00047085,0.00082004,0.0012951,0.0015942,0.0020175,0.0035152,0.0074236,0.024251,0.026632,0.024163,0.0080809,0.005445,0.0045881,0.0042584,0.0039135,0.003809,0.036549,0.0089185,0.004115,0.018305,0.017212,0.016081,0.045151,0.054673,0.29725,0.053788,0.078187,0.082313,0.057996,0.037809,0.0429,0.040719,0.034901,0.0029469,0.0031636,0.0035422,0.0025122,0.0036043,0.0018094,0.0052081,0.0064563,0.0047759,0.046858,0.007032,0.011767,0.012199,0.0037986,0.0060649,0.00601,0.0013104,0.0044308,0.0037689,0.0027648,0.0016251,0.0040331,0.003258,0.0022023,0.0080224,0.03429,0.060328,0.012888,0.0073142,0.0058333,0.00079131,0.0019651,0.0017532,0.00017739
0.064857,0.0093557,0.0063402,0.0068769,0.0086073,0.010721,0.01364,0.028305,0.11209,0.05544,0.023435,0.008143,0.0076985,0.0064527,0.0056554,0.004291,0.0034734,0.010227,0.0069293,0.0031247,0.0021763,0.0013693,0.0026274,0.0031566,0.0035142,0.025115,0.0189,0.012803,0.001051,0.0015354,0.0013331,0.001367,0.0010782,0.00065996,0.0079519,0.0042191,0.0027916,0.0026879,0.0029248,0.003919,0.004558,0.0090535,0.038286,0.017359,0.013284,0.0017631,0.0014014,0.0011047,0.00068668,0.00058216,0.00023841,0.01796,0.025924,0.024663,0.026361,0.030584,0.038184,0.053366,0.097478,0.45501,0.21407,0.061633,0.039818,0.031179,0.025919,0.023363,0.022212,0.020413,0.044381,0.0084412,0.0030413,0.001689,0.0015167,0.0012412,0.0018701,0.0032225,0.017204,0.0080997,0.0029075,0.002879,0.0022368,0.0019835,0.0014558,0.0019604,0.002678,0.0036355,0.0025387,0.0022747,0.002504,0.0030935,0.0037009,0.0058547,0.0087781,0.04327,0.020111,0.016245,0.007584,0.0053666,0.0045705,0.0038479,0.0037793,0.0035821,0.0016594,0.013356,0.0099231,0.0098416,0.010844,0.012311,0.016204,0.021375,0.058976,0.074088,0.031457,0.011538,0.0067154,0.0038095,0.0028035,0.00064638,0.0019303,0.042987,0.0085929,0.0045998,0.0034019,0.0034713,0.0026375,0.0032326,0.0057137,0.017467,0.0059525,0.010462,0.0022628,0.0018071,0.0013674,0.001027,0.0012381,0.001112,0.012409,0.0028286,0.002446,0.0024172,0.0030022,0.003385,0.005308,0.0056889,0.035717,0.031806,0.01617,0.0068842,0.0054954,0.0043043,0.0038762,0.0032428,0.003666,0.069537,0.0059592,0.0043622,0.0026724,0.0026725,0.0047921,0.0084774,0.019923,0.18085,0.19606,0.070548,0.007848,0.0067887,0.0027225,0.0039485,0.0011132,0.0014896,0.011116,0.0086213,0.0048168,0.0042151,0.0041008,0.0046198,0.0054264,0.0090391,0.012738,0.034488,0.032966,0.0036755,0.0058158,0.0030918,0.0021671,0.001714,0.0020752,0.0012589,0.0016583,0.001823,0.0023724,0.0027053,0.0038505,0.0051728,0.0089002,0.031943,0.032727,0.028719,0.012599,0.0090426,0.0070723,0.0062972,0.0057134,0.0053979
0.072616,0.0037627,0.0052491,0.0039819,0.0042395,0.0049512,0.0069106,0.0125,0.096212,0.034808,0.02109,0.0070646,0.0026754,0.0034678,0.0042774,0.0033802,0.0028592,0.030844,0.0041719,0.0025639,0.00085075,0.00035957,0.00089586,0.0010414,0.0021905,0.015476,0.0082603,0.011299,0.0018121,0.00097151,0.00093885,0.00086786,0.00073225,0.0010853,0.00050928,0.0011009,0.0006097,0.000311,0.00076562,0.0016217,0.001913,0.0031862,0.024093,0.013422,0.023599,0.0031106,0.0022442,0.001895,0.0020344,0.0016439,0.0014363,0.032282,0.015091,0.017829,0.017501,0.020554,0.026764,0.038479,0.072884,0.45522,0.19329,0.032963,0.026789,0.021646,0.018725,0.017597,0.017184,0.017573,0.083377,0.003714,0.0013489,0.0012011,0.0016316,0.0011365,0.0013705,0.0016133,0.014184,0.0082919,0.0043199,0.00043222,0.00060024,0.00046581,0.0010847,0.00072614,0.0011273,0.0083963,0.001601,0.002187,0.0020065,0.0019828,0.0037405,0.0046351,0.0087034,0.052179,0.028761,0.0039869,0.0034962,0.0024444,0.0019157,0.001448,0.0014058,0.0015259,0.0053941,0.010542,0.010486,0.011277,0.012613,0.015036,0.019461,0.032979,0.11924,0.10989,0.022192,0.014354,0.010521,0.007535,0.0060524,0.0054891,0.004696,0.079971,0.0046946,0.0019885,0.0019611,0.0023872,0.0010274,0.0018033,0.0033793,0.010753,0.0099569,0.0079872,0.001616,0.00093419,0.00065348,0.00045794,0.00033522,2.4788e-05,0.028918,0.0040771,0.0035101,0.0041492,0.0051381,0.0049409,0.0064528,0.011197,0.019473,0.01318,0.017653,0.0051837,0.003028,0.001884,0.0012967,0.00079206,0.00058938,0.10826,0.020752,0.017986,0.021129,0.023127,0.028053,0.036213,0.052786,0.25604,0.14325,0.092139,0.03204,0.02192,0.014092,0.013363,0.009834,0.011007,0.022993,0.0041014,0.0024616,0.002047,0.0014175,0.0023095,0.0032095,0.0027729,0.0091241,0.043055,0.023082,0.0065352,0.006275,0.0049169,0.0031023,0.0032412,0.0040494,0.00014879,0.0037389,0.0030131,0.0036746,0.0045675,0.0043592,0.0059435,0.0096201,0.041173,0.050585,0.022737,0.0082846,0.0054583,0.0042458,0.0035049,0.0029915,0.0027771
0.067115,0.0024871,0.0030391,0.00043219,0.0013187,0.002541,0.0042159,0.0098911,0.092814,0.013544,0.030463,0.0076303,0.0054907,0.0039123,0.0063617,0.0043479,0.0050755,0.026238,0.0018339,0.0018981,0.0014984,0.0022204,0.0016926,0.0016128,0.0020458,0.020336,0.0057657,0.01072,0.0017711,0.00087442,0.00067238,0.00039825,0.00035318,0.00073625,0.0030118,0.00061496,0.00044254,0.00030785,0.00075608,0.0011196,0.0020644,0.0017085,0.035627,0.013841,0.025714,0.0034252,0.002733,0.0021028,0.0022238,0.0020449,0.001585,0.02068,0.03224,0.025123,0.015725,0.04702,0.021942,0.062681,0.15622,0.31124,0.22024,0.054584,0.028899,0.047485,0.016083,0.025636,0.032005,0.005333,0.077373,0.004168,0.001961,0.00095478,0.0010183,0.0011769,0.0015382,0.0036693,0.010001,0.0071496,0.0018756,0.0026444,0.0024987,0.00044178,0.0017923,0.0017393,0.00090982,0.0034867,0.0060365,0.0046042,0.0032513,0.0085778,0.0032331,0.011155,0.021648,0.039354,0.019536,0.0074114,0.0095082,0.0056316,0.0024227,0.0039341,0.0023672,0.0029412,0.012938,0.011071,0.010443,0.012109,0.012915,0.015825,0.020015,0.030217,0.13917,0.12311,0.028486,0.019043,0.012694,0.01009,0.0084056,0.0084286,0.0069677,0.075046,0.0031483,0.002813,0.0012564,0.0013627,0.00071431,0.0014142,0.00058417,0.014332,0.015616,0.0028796,0.0006004,0.00043339,0.00020221,0.0001637,0.0003423,3.2432e-05,0.018507,0.0024137,0.0028198,0.0026532,0.0031098,0.0029525,0.0046834,0.0060548,0.016698,0.030077,0.0076955,0.0041614,0.0023833,0.0014255,0.0010388,0.0012234,0.00087548,0.083457,0.0043635,0.0032638,0.0061331,0.0088185,0.013729,0.02496,0.043446,0.32276,0.11925,0.10489,0.056925,0.039174,0.033588,0.03158,0.027181,0.027037,0.019638,0.0042611,0.0029426,0.002852,0.0031837,0.0031373,0.0044574,0.0059551,0.0084786,0.040086,0.017364,0.012165,0.0059501,0.0054479,0.0034583,0.0044655,0.0042344,0.0051995,0.0041234,0.0040505,0.0044969,0.0046794,0.0049334,0.0063165,0.0086642,0.022184,0.039803,0.022892,0.0086518,0.0043531,0.0029957,0.0019193,0.0011298,0.00086595
0.050235,0.0036074,0.0029168,0.0014843,0.001415,0.00069099,0.0012527,0.005538,0.099825,0.034759,0.014728,0.0019524,0.0018568,0.0016375,0.0018696,0.00032112,0.00099756,0.014378,0.0017848,0.0014048,0.00049825,0.00079313,0.00081798,0.00030299,0.001518,0.016135,0.015008,0.0099452,0.00045124,0.00052234,0.00044002,0.00045324,0.0004966,0.00027085,0.0040665,0.00032438,0.00079505,0.00077868,0.00096895,0.0010337,0.0018092,0.0056401,0.028795,0.011045,0.014474,0.003668,0.0025961,0.002206,0.0019703,0.0019198,0.0023652,0.022372,0.0036628,0.0038797,0.003383,0.0048913,0.0075734,0.010204,0.016428,0.45534,0.047866,0.030992,0.020705,0.014248,0.011577,0.010203,0.01011,0.0085126,0.05634,0.0041163,0.0015935,0.001365,0.00084363,0.0010314,0.0012679,0.001336,0.01256,0.0069776,0.0015656,0.0013551,0.00070359,0.00046235,0.00063528,0.00078268,0.0019722,0.0035801,0.0010175,0.00044788,0.00092164,0.0007678,0.0016772,0.0020792,0.0028137,0.057995,0.014921,0.010149,0.0053576,0.0038757,0.0028769,0.0027123,0.0026355,0.0023861,0.0064927,0.0022515,0.0011541,0.0017388,0.0038488,0.0058866,0.0093212,0.018193,0.10696,0.11114,0.040051,0.018504,0.013845,0.011897,0.0098176,0.01034,0.0088312,0.055072,0.0029968,0.0022079,0.0015546,0.0020497,0.002279,0.0020172,0.0042239,0.0082143,0.0050096,0.0075824,0.0024193,0.001191,0.00070283,0.00037414,0.00033749,0.00018883,0.013449,0.0024358,0.0018593,0.0019239,0.0024118,0.0025618,0.0033962,0.0061693,0.0137,0.042449,0.010406,0.0036877,0.0020145,0.0012098,0.00081403,0.00041866,0.00053979,0.050435,0.013549,0.012437,0.013527,0.015528,0.017266,0.021295,0.028451,0.27824,0.17171,0.060128,0.025069,0.013718,0.007524,0.0029782,0.0035552,0.00070954,0.01574,0.0046203,0.0027658,0.0031,0.0042318,0.0044461,0.006017,0.0074411,0.0093709,0.037699,0.025826,0.012484,0.0056265,0.0033199,0.0025842,0.002745,0.0022812,0.0023251,0.0032156,0.0041328,0.0040987,0.0042477,0.004804,0.0054619,0.0070427,0.035386,0.043517,0.020706,0.0081385,0.0044081,0.0029248,0.0017953,0.0012557,0.00097848
0.029475,0.0042709,0.0011997,0.0015533,0.0019123,0.0025915,0.004352,0.0086614,0.10718,0.0060548,0.012565,0.0068862,0.0020748,0.0019843,0.00056455,0.0013685,0.00094415,0.0050336,0.0022557,0.00056181,0.00032654,0.00043678,0.00080742,0.00058583,0.0012301,0.016415,0.0021074,0.013002,0.0016264,0.00060545,0.00049057,0.0004427,0.00039117,0.00032236,0.0043317,0.00078914,0.00071479,0.0006343,0.00057425,0.00088556,0.00055752,0.0022845,0.027652,0.014677,0.018285,0.0031667,0.0015337,0.00094739,0.00060466,0.00078896,0.00090982,0.021946,0.0079945,0.0079185,0.0074517,0.0097978,0.012698,0.016389,0.034718,0.43758,0.091205,0.017438,0.013399,0.0086585,0.0077452,0.0070005,0.0054254,0.0070458,0.034934,0.0025693,0.0015599,0.0019653,0.0013955,0.0014806,0.0014705,0.0024715,0.013336,0.0034549,0.0027598,0.00090315,0.00072169,0.00038513,0.00083096,0.00030006,0.0013943,0.0034981,0.0026122,0.0026578,0.0029043,0.0031776,0.0035165,0.0051073,0.0057867,0.057709,0.021895,0.0047238,0.0044933,0.002468,0.0016785,0.0011364,0.00088114,0.0008545,0.013447,0.0023008,0.0035443,0.0032843,0.0040453,0.0036853,0.0045887,0.0072522,0.092317,0.11678,0.025038,0.0090394,0.0067475,0.0051164,0.0044001,0.0036149,0.0013733,0.035391,0.0036289,0.0017259,0.00090772,0.0010181,0.00033413,0.00019165,0.00054204,0.010512,0.015959,0.0078823,0.0010693,0.00067111,0.00079232,0.00067965,0.00064993,0.00057413,0.010773,0.0023058,0.0014222,0.0017294,0.0019769,0.0022237,0.001953,0.0036164,0.013582,0.033297,0.013322,0.002828,0.0016501,0.0011824,0.00084815,0.00088296,0.0008278,0.044413,0.0051765,0.0048505,0.0039239,0.0044935,0.0054708,0.0063159,0.002922,0.22461,0.15232,0.069679,0.019475,0.015838,0.0096825,0.0089104,0.0087926,0.0069791,0.0026341,0.0024596,0.0030369,0.0025692,0.0026624,0.0028934,0.00391,0.0068698,0.015153,0.038395,0.023758,0.0053946,0.0036697,0.0034485,0.002353,0.0022446,0.0018101,0.0016632,0.00043794,0.0011154,0.0013881,0.0016731,0.0025232,0.0041004,0.004761,0.035939,0.038754,0.023986,0.010529,0.0077589,0.0064813,0.0053306,0.0051316,0.0052644
0.014307,0.0015048,0.0031986,0.002969,0.0021691,0.0031283,0.0050894,0.010457,0.10558,0.036978,0.015915,0.0031447,0.0037644,0.0020609,0.00026964,0.0011731,0.00039864,0.00078011,0.0009867,0.00013001,9.6838e-05,0.00054387,0.0008053,0.00052341,0.00082434,0.016852,0.011823,0.010024,0.0015171,0.00057755,0.00014832,0.00037434,0.00033718,0.00017356,0.0046559,0.00079925,0.00048066,0.00018189,0.00037346,0.00069339,0.001316,0.0039177,0.028494,0.019203,0.02081,0.0023133,0.00087146,0.00094576,0.00084211,0.00053346,0.00046349,0.017569,0.011186,0.013321,0.013141,0.014877,0.018581,0.025744,0.050987,0.45448,0.15565,0.0060389,0.0095725,0.0071026,0.0057279,0.0037215,0.0041946,0.0042248,0.021031,0.00047247,0.00072779,0.00090096,0.0010156,0.00087836,0.00064772,0.0018839,0.013468,0.0082254,0.0034137,0.00049846,0.00017942,0.00015066,0.00062104,0.00045343,0.0011063,0.00039674,0.00080727,0.0013029,0.0016346,0.001848,0.0026626,0.0038062,0.0034699,0.051031,0.028378,0.0046146,0.0052311,0.0035571,0.0032709,0.0024561,0.0024022,0.00206,0.041968,0.012425,0.0055003,0.017994,0.019367,0.0048634,0.025775,0.057793,0.090159,0.088234,0.059918,0.03497,0.010075,0.010373,0.017885,0.012074,0.0032674,0.021075,0.0014094,0.000736,0.0022388,0.0014656,0.0014248,0.0036913,0.006339,0.00939,0.003888,0.0091039,0.0031954,0.0013929,0.0015601,0.0013005,0.0011544,0.00090219,0.0076104,0.0019272,0.0023031,0.0028686,0.0028644,0.0027309,0.0043596,0.0067504,0.0078302,0.010052,0.014808,0.0068446,0.00079478,0.0021148,0.001839,0.00083546,0.0011521,0.056182,0.022295,0.020002,0.033703,0.028842,0.022521,0.060722,0.090086,0.24997,0.053603,0.095201,0.029329,0.034145,0.031475,0.012598,0.016681,0.025938,0.00028612,0.0041749,0.003764,0.0023031,0.0041934,0.0047252,0.00322,0.0090352,0.0094885,0.046416,0.017456,0.0085686,0.0032027,0.0026793,0.0021589,0.0010685,0.0007782,0.001297,0.0032484,0.002945,0.00058306,0.0035633,0.0041007,0.0004761,0.0054864,0.016136,0.066389,0.019025,0.0091583,0.00051876,0.003736,0.0027127,0.001223,0.0027428
0.0097505,0.0036938,0.0039692,0.0029274,0.0023944,0.0047188,0.0064349,0.012083,0.10106,0.046284,0.01997,0.0020175,0.0031796,0.0017087,0.0026443,0.0017348,0.0022622,0.0047551,0.0016505,0.00081672,0.00074045,0.00080252,0.00076029,0.0010732,0.0029536,0.019254,0.017634,0.01067,0.0016329,0.00074355,0.00072301,0.00061502,0.00039625,9.7282e-05,0.0034237,0.0012827,0.0012419,0.0014558,0.0015273,0.0026843,0.0034062,0.0048297,0.031787,0.01226,0.021788,0.0026236,0.0017635,0.0015265,0.0011517,0.0011771,0.0015431,0.016575,0.013585,0.014981,0.016873,0.019168,0.023465,0.032088,0.064402,0.43743,0.15233,0.016922,0.013653,0.0099575,0.008147,0.0065126,0.0061202,0.0093385,0.020657,0.00051899,0.00095494,0.00052209,0.00035052,0.00048998,0.00080496,0.0019904,0.013936,0.009212,0.0034455,0.0006901,0.00045107,0.0004945,0.00063,0.00048811,0.001709,0.00017167,0.0011538,0.0012099,0.0014763,0.0017217,0.0018514,0.0032786,0.005211,0.048209,0.026832,0.0019266,0.004149,0.0028008,0.0022455,0.002273,0.0020007,0.0019417,0.026308,0.0044068,0.004618,0.0044624,0.0055797,0.0062688,0.0078104,0.011041,0.09364,0.09319,0.013949,0.006338,0.0031953,0.0029996,0.0025588,0.0028711,0.00089837,0.022862,0.00059559,0.00081892,0.00043457,0.0010221,0.00064495,0.0013873,0.0017579,0.013754,0.0076283,0.0073194,0.0013671,0.0010316,0.00095506,0.0010584,0.00089555,0.00065997,0.0065499,0.0010754,0.00057929,0.00081686,0.00098167,0.0012699,0.0016879,0.0028278,0.018565,0.050271,0.0095344,0.0023987,0.0014654,0.0012972,0.0012323,0.0010687,0.0013161,0.021593,0.0022987,0.0047258,0.0058444,0.0068865,0.0095974,0.015881,0.030221,0.26141,0.21239,0.039224,0.022153,0.015612,0.014269,0.013696,0.01023,0.011934,0.0045663,0.0025866,0.0019865,0.0020046,0.00198,0.0024919,0.0032428,0.0032156,0.011832,0.043412,0.0097649,0.0052825,0.0019765,0.0015984,0.00075141,0.0019268,0.0010033,0.0047722,0.0022466,0.0028706,0.0029126,0.0031822,0.0043903,0.0053245,0.0083835,0.036383,0.046265,0.014639,0.0060793,0.0034645,0.0027716,0.0025594,0.0021622,0.0021897
0.0083753,0.0020013,0.0027683,0.00081224,0.0013826,0.0030029,0.0043565,0.0057697,0.091945,0.030675,0.016936,0.0031669,0.0027596,0.0039008,0.0029015,0.0021395,0.0024929,0.0051366,0.00060636,0.001178,0.00070161,0.00068902,0.00050695,0.00098351,0.0010595,0.016144,0.014372,0.010129,0.0012544,0.00029178,8.5351e-05,0.00011732,9.9436e-05,5.5324e-05,0.0022488,0.0015329,0.0015315,0.0015678,0.0018175,0.0019345,0.0027686,0.0037454,0.028792,0.0083196,0.021334,0.0020658,0.00048665,0.00037776,0.00058347,0.00011348,0.00011252,0.0026417,0.0036791,0.0048756,0.0066655,0.010764,0.016374,0.026183,0.060123,0.42062,0.17486,0.033789,0.02694,0.023048,0.02053,0.018111,0.019102,0.01504,0.017266,0.0015148,0.00062798,0.00039151,0.00054698,0.00065543,0.00062775,0.0021991,0.013487,0.0083904,0.0038441,0.0019047,0.00081309,0.00071496,0.00067692,0.00072171,0.0036317,0.00092126,0.0025637,0.0021238,0.0025101,0.0026756,0.003848,0.0047714,0.0081564,0.048238,0.030025,0.0013184,0.00316,0.0013686,0.0010854,0.00053012,0.00051304,0.00055123,0.029213,0.0046595,0.0062243,0.004713,0.0051736,0.0065972,0.0081198,0.010318,0.095811,0.096733,0.018803,0.0059437,0.0038913,0.0027104,0.0021566,0.00072051,0.0016098,0.022248,0.00080089,0.00139,0.00062031,0.0010516,0.00095464,0.0016256,0.0023602,0.013229,0.013714,0.006486,0.0011591,0.00044506,0.00040616,0.00044229,0.00051904,0.00053406,0.0052739,0.00058568,0.00085128,0.00067507,0.00068309,0.00083464,0.001226,0.0033845,0.0099857,0.050622,0.0067534,0.0007561,0.00050541,0.00040925,0.00014007,0.00022089,7.8205e-05,0.0081235,0.013092,0.015111,0.015174,0.016976,0.02065,0.026598,0.040861,0.26544,0.20451,0.043097,0.021327,0.011893,0.010369,0.0069264,0.0074476,0.0057202,0.0078069,0.0016015,0.00016593,0.00076442,0.0010956,0.0012168,0.0020825,0.0020819,0.010929,0.039979,0.011424,0.0071718,0.0031721,0.0033832,0.0030439,0.0028001,0.0023213,0.0058137,0.0024462,0.0030333,0.0031617,0.0035329,0.0036982,0.0055624,0.0099055,0.036353,0.041341,0.014484,0.0057873,0.0039376,0.0026374,0.0024397,0.002082,0.0021172
0.0067979,0.0021576,0.0030501,0.0021594,0.0031183,0.0039814,0.0057098,0.005523,0.091368,0.02021,0.019107,0.0028949,0.0024655,0.0026784,0.0023957,0.0025154,0.0012932,0.0021515,0.00074793,0.00094885,8.8669e-05,0.00070382,0.00034358,0.0010636,0.0018918,0.015852,0.0088759,0.010242,0.0011248,0.00044606,0.00010641,0.00052031,0.00023835,0.00027084,0.0042783,0.00020446,0.00038481,0.00055453,0.00062736,0.0012268,0.0020518,0.0040446,0.027615,0.0075278,0.02241,0.0017661,0.0009322,0.00060348,0.00049803,0.00084647,0.0010014,0.012409,0.016335,0.017839,0.017985,0.021467,0.026375,0.036304,0.066167,0.43196,0.17586,0.028973,0.020359,0.015517,0.01348,0.011686,0.010027,0.010933,0.0097505,0.0004523,0.00040303,0.00093032,0.00065041,0.00099214,0.0012845,0.0029023,0.013515,0.0081909,0.0036973,0.0016698,0.00069698,0.00072215,0.00046816,0.00090353,0.001236,0.0020447,0.0014106,0.0010873,0.0016837,0.0019683,0.002244,0.0037133,0.0083618,0.046976,0.0341,0.0025886,0.0048781,0.0032828,0.0026551,0.0025295,0.0021081,0.0028801,0.026812,0.0038877,0.0058379,0.0043537,0.0052987,0.0059034,0.0084092,0.0079632,0.099063,0.1217,0.016184,0.004555,0.0029057,0.00095835,0.0022459,0.0023777,0.00016211,0.014261,0.0012243,0.00070245,0.00065016,0.00066717,0.0010949,0.0014941,0.0025935,0.013239,0.01593,0.0056382,0.0004437,0.00028575,0.0003697,0.00016438,0.00012817,4.0047e-05,0.0021668,0.00032187,0.00057974,0.000357,0.00060779,0.00083809,0.0011112,0.004986,0.0099517,0.038393,0.0060627,0.00087562,0.00097331,0.00067786,0.00086305,0.0004719,0.00068667,0.0093576,0.006046,0.0089423,0.0092996,0.011304,0.013922,0.01907,0.032761,0.25882,0.20697,0.044385,0.021389,0.016118,0.014554,0.012784,0.010882,0.011357,0.0023346,0.0020317,0.0018269,0.00245,0.0023144,0.0025736,0.0031022,0.002616,0.011815,0.042658,0.01117,0.0047945,0.0017695,0.0016881,0.0010625,0.00078649,0.00066376,0.0011711,0.00053869,0.00036435,0.0009505,0.0010634,0.0019492,0.0036967,0.0085158,0.033336,0.046469,0.014485,0.0064631,0.0046945,0.0039409,0.003773,0.0034744,0.0033646
0.0081216,0.0039961,0.0043042,0.0042824,0.0055198,0.0053143,0.0074836,0.011402,0.093595,0.015993,0.018175,0.0030166,0.0034816,0.0017924,0.0017784,0.00040789,0.00071717,0.0049306,0.00031794,0.0007914,0.00051215,0.00066121,0.00037245,0.0011987,0.0019199,0.017832,0.0045987,0.010821,0.00116,0.00025977,0.00072552,0.00048258,0.00043625,0.00047113,0.0039654,0.00062666,0.00029172,0.00061185,0.00056639,0.0013157,0.0016523,0.0028744,0.029905,0.010892,0.022455,0.0015195,0.00081539,0.0004691,0.00068139,0.0007187,0.00047113,0.011467,0.016303,0.017731,0.019364,0.021922,0.027031,0.037476,0.069673,0.43634,0.20177,0.030169,0.027345,0.020765,0.017332,0.014493,0.014432,0.010826,0.007887,0.0010677,0.00085231,0.00073473,0.00092319,0.00089726,0.0014135,0.0032717,0.014342,0.0071393,0.003508,0.0011923,0.00050234,0.00048992,9.6107e-05,0.0010876,0.00039864,0.00037384,0.0010821,0.0012544,0.0014595,0.0016986,0.0024703,0.0041887,0.0080708,0.049416,0.03634,0.0021718,0.0052709,0.0036391,0.003073,0.0028837,0.0028674,0.0021858,0.026902,0.0029484,0.0030924,0.0034273,0.0034255,0.0040104,0.0060357,0.0077417,0.092135,0.13055,0.01222,0.0033202,0.0023116,0.0016316,0.0023059,0.0047831,0.0025635,0.012016,0.00067151,0.00044289,0.00051596,0.0007788,0.00024842,0.00049618,0.0010569,0.012835,0.016487,0.0050561,0.000483,0.00019296,0.00010844,0.0001631,9.0882e-05,1.5277e-05,0.0020809,0.00025739,0.00011215,8.7674e-05,0.0002101,0.00010349,0.00033674,0.0028509,0.013931,0.030871,0.0063969,0.00039177,0.00017234,0.00010486,0.00039001,0.00012956,8.9649e-05,0.024922,0.0097128,0.0093232,0.011354,0.013362,0.01581,0.022182,0.03951,0.25482,0.2168,0.034164,0.014702,0.011608,0.010385,0.0083534,0.01004,0.0086671,4.5784e-05,0.0011729,0.0012962,0.0015523,0.0010047,0.0015386,0.0023984,0.0039183,0.0090316,0.04586,0.009319,0.001048,0.0021438,0.00099666,0.0014786,0.00047412,0.0011444,0.00031472,0.0022726,0.0021644,0.0024582,0.002822,0.0033912,0.0047484,0.0089324,0.037487,0.051893,0.0089524,0.0036949,0.0027087,0.0022266,0.0016345,0.0020095,0.0018063
0.0061475,0.0025956,0.0052155,0.0032983,0.0047746,0.0054491,0.0071891,0.013344,0.097004,0.011151,0.020944,0.0051205,0.0050008,0.0040667,0.0023956,0.0025316,0.0021115,0.0032082,0.0015437,0.00035555,0.00051096,0.0012254,0.0015049,0.0012148,0.0022344,0.018682,0.0035748,0.010957,0.0010926,0.00023493,0.00048729,7.2407e-05,0.00029093,3.8147e-06,0.0021096,0.00069869,0.0010595,0.00088838,0.00087569,0.0015479,0.0019986,0.0025799,0.030009,0.013498,0.022212,0.00094511,0.00056869,0.00014277,0.00010715,0.00020152,0.00024413,0.010739,0.010077,0.01096,0.011076,0.018581,0.030991,0.041903,0.051381,0.41541,0.2317,0.057531,0.01801,0.021004,0.032362,0.032204,0.022328,0.0071832,0.008505,0.0012653,0.00040187,0.00085256,0.00021515,0.0011257,0.0013581,0.0011746,0.012159,0.0088287,0.0020517,0.001082,0.00030776,0.00039616,0.00082692,0.0013535,0.00016975,0.0040742,0.0036267,0.0022554,0.0019148,0.0042908,0.0070042,0.0078983,0.0045535,0.038907,0.037234,0.013906,0.0092374,0.0049611,0.0015526,0.0017639,0.0033841,0.0042763,0.032717,0.0012827,0.0015449,0.00081766,0.00077543,0.0016687,0.002276,0.0060746,0.086214,0.11716,0.0086301,0.0022996,0.0021892,0.0017953,0.0019015,0.0045829,0.0036412,0.012232,0.00075688,0.00024336,0.0004129,0.00049104,0.00025452,0.00036671,0.00080941,0.011583,0.016911,0.0045555,0.00051523,0.00029985,7.0367e-05,0.00035548,0.00023045,0.00013924,0.0028191,0.00024966,0.00010347,0.00039202,7.2627e-05,0.00082509,0.00068679,0.0011366,0.012814,0.036012,0.0057492,0.0017571,0.0011757,0.00087364,0.00073298,0.00091015,0.00088119,0.015261,0.0054298,0.0067324,0.012528,0.016626,0.022052,0.031637,0.053432,0.28081,0.23468,0.016025,0.016151,0.015708,0.017003,0.017069,0.017729,0.016577,0.0034733,0.0056415,0.0050499,0.0044862,0.0047866,0.004171,0.0046102,0.0034363,0.0057524,0.042349,0.0072924,0.0051827,0.0023967,0.0024448,0.00099353,0.0020872,0.0011578,0.010527,0.0077645,0.007705,0.0074318,0.0077155,0.0063709,0.0065339,0.0064655,0.031501,0.040964,0.011545,0.0074639,0.0070308,0.0064982,0.0063183,0.0058808,0.0058766
0.0026246,0.0011879,0.0031231,0.0016805,0.0017527,0.0031545,0.0070606,0.013611,0.099172,0.011694,0.017935,0.0062066,0.006569,0.0055016,0.0033051,0.0038254,0.0019722,0.00081063,0.00084868,0.00010392,0.00067223,0.00056258,0.0010779,0.0012602,0.003736,0.017512,0.0079983,0.011338,0.00074108,0.00068633,0.00029431,0.00030771,0.00025086,0.00044823,0.0012818,0.00059176,0.00074459,0.00083455,0.00084546,0.0015562,0.0024006,0.0047771,0.028434,0.015414,0.021774,0.0022905,0.0017556,0.0011926,0.00087715,0.0011533,0.00063325,0.0097524,0.0073644,0.0079886,0.0096232,0.013435,0.019021,0.030519,0.053397,0.42725,0.089775,0.040355,0.033583,0.027316,0.023815,0.021016,0.021212,0.023001,0.008032,0.00030147,0.00019282,0.00062111,0.00116,0.0011393,0.0010301,0.0023043,0.013258,0.0042292,0.0026427,0.00090593,0.00081491,0.00081587,0.00043913,0.00063581,0.0025616,0.0018788,0.0019234,0.0022623,0.0023561,0.0026265,0.0034514,0.0046932,0.010203,0.050514,0.02015,0.0014407,0.0033634,0.00299,0.0025517,0.0022847,0.0022386,0.0016918,0.040755,0.0038279,0.0020242,0.0037875,0.0047058,0.0049597,0.006709,0.012773,0.087668,0.085957,0.013725,0.0064557,0.0044317,0.0038492,0.0033734,0.0043434,0.004057,0.012631,0.00040256,0.00060334,0.00021073,0.00064651,0.00022776,0.00092997,0.00101,0.012777,0.016652,0.0045387,0.00091937,0.00084584,0.00082629,0.00067865,0.00073275,0.00042343,0.0021115,0.00024458,0.00046983,0.00024553,0.00025464,0.00075537,0.00068132,0.0029336,0.011063,0.0452,0.0053747,0.00022316,0.00037201,0.00026365,0.00024539,0.00021642,8.2009e-05,0.020754,0.0094329,0.011841,0.013388,0.014225,0.017291,0.022442,0.043786,0.26661,0.21404,0.030254,0.017838,0.011483,0.0097105,0.0076802,0.0064943,0.0055944,0.0052434,0.00143,0.0011718,0.00066857,0.00097333,0.00087326,0.0013623,0.0018869,0.0076069,0.042103,0.0080691,0.0023428,0.0010048,0.00093062,0.00074421,0.00081683,7.0583e-05,0.00046542,0.0017449,0.0022013,0.0024311,0.0026455,0.0029051,0.0043715,0.0076069,0.036888,0.045439,0.0049915,0.0019779,0.0015704,0.0011095,0.0011398,0.00087602,0.00084306
0.0081559,0.0051905,0.0048363,0.005072,0.0068101,0.0084046,0.010234,0.020597,0.09202,0.022338,0.015129,0.00491,0.0064469,0.0040499,0.0037206,0.0025485,0.0025597,0.0012951,0.00038316,0.0009247,0.0011404,0.0017392,0.0011797,0.0016003,0.0042981,0.016818,0.0093311,0.013446,0.0016681,0.0013781,0.0015014,0.0010653,0.001166,0.0009556,0.0036183,0.0011888,0.001069,0.00096435,0.0013647,0.0017181,0.0034273,0.0069105,0.024792,0.014374,0.022973,0.002372,0.0019089,0.0014086,0.0015752,0.0015686,0.0016499,0.026286,0.031483,0.032138,0.034689,0.039298,0.047278,0.063388,0.1067,0.43844,0.075915,0.065454,0.043992,0.031251,0.0245,0.0209,0.019055,0.01412,0.0074922,0.0012103,0.0015264,0.0017495,0.0013027,0.0017451,0.0020959,0.0035476,0.014739,0.0042398,0.0050156,0.0014421,0.0016273,0.00099833,0.00089855,0.00067049,0.003151,0.0023671,0.0037384,0.0040021,0.0042932,0.004685,0.0060242,0.0077397,0.011633,0.046619,0.028868,0.0064357,0.0052914,0.0035585,0.0023706,0.002046,0.0017789,0.0011578,0.046752,0.0070166,0.0059574,0.0078971,0.0089153,0.01063,0.013108,0.023937,0.096056,0.063527,0.01526,0.0094981,0.0054118,0.0037073,0.00091614,0.002105,0.0017757,0.011681,0.00067836,0.00090936,0.00077989,0.00056439,0.00063667,0.0011237,0.0028945,0.011534,0.015193,0.0054352,0.0010676,0.00096872,0.00077263,0.00075066,0.00090437,0.0010071,0.00024796,0.0010862,0.00097165,0.00090823,0.00064726,0.001418,0.0020534,0.0061558,0.010125,0.049438,0.01059,0.0021475,0.0015671,0.0011576,0.0012499,0.0009937,0.0011482,0.0012646,0.0095939,0.0097949,0.010862,0.014945,0.019469,0.028513,0.052539,0.2571,0.18435,0.070669,0.040314,0.028523,0.025453,0.023568,0.020344,0.018332,0.0060483,0.0018891,0.0013306,0.00133,0.0013627,0.0018292,0.0015888,0.002372,0.0089372,0.043484,0.0086032,0.0024761,0.0018469,0.0010779,0.00096886,0.00041935,0.00063516,0.00036431,0.00189,0.0019342,0.0023953,0.0030265,0.002719,0.0035085,0.0058891,0.03213,0.05249,0.0065196,0.0026007,0.0019572,0.0014687,0.0011573,0.0010066,0.00086785
0.011677,0.0030343,0.002354,0.0033079,0.0033094,0.0055753,0.0076962,0.015518,0.072252,0.048851,0.012032,0.009455,0.0065503,0.0064844,0.0047397,0.0050056,0.0054627,7.0553e-05,0.0014181,0.0012176,0.0013693,0.0018525,0.0021553,0.0026501,0.0042114,0.015906,0.018051,0.0092047,0.00068227,0.00068035,0.00066409,0.00048661,0.00033187,0.00012398,0.0051518,0.0013245,0.0013317,0.0014839,0.0018645,0.0022854,0.0026776,0.0062589,0.021955,0.016893,0.016475,0.00090696,0.0012011,0.0011431,0.0010125,0.00099358,0.0013104,0.0016651,0.0046936,0.0073119,0.012662,0.018889,0.027366,0.04486,0.086592,0.3692,0.23083,0.10228,0.067649,0.053861,0.046394,0.043129,0.042871,0.037295,0.0014668,0.00075619,0.00087147,0.0010012,0.00067314,0.00097421,0.0019782,0.0040907,0.011548,0.010047,0.0067129,0.0030569,0.0021757,0.001592,0.0015598,0.0020752,0.0030804,0.0056134,0.002703,0.0030776,0.0032837,0.0036583,0.0043015,0.0062291,0.0116,0.03995,0.045955,0.010855,0.0046108,0.0029574,0.0024126,0.0021566,0.0021182,0.0020924,0.039609,0.0037673,0.0070482,0.0094595,0.012862,0.016132,0.018333,0.014947,0.062951,0.027812,0.045259,0.041707,0.034958,0.027656,0.018341,0.012368,0.0038987,0.0069047,0.0018833,0.0012813,0.0015925,0.0016614,0.0014715,0.0016869,0.00067549,0.0085989,0.016252,0.0037789,0.0014653,0.00080082,0.00042962,0.00031112,0.00012122,0.00035477,0.0032368,0.0018147,0.0035225,0.0048026,0.0059293,0.0062558,0.0064787,0.0068642,0.0093136,0.048088,0.018516,0.010701,0.0082034,0.0063618,0.0041334,0.0022268,0.00031852,0.021792,0.024286,0.024654,0.026184,0.030636,0.035498,0.046407,0.070082,0.25805,0.088663,0.076727,0.037728,0.024977,0.018298,0.01613,0.013259,0.012049,0.003109,0.00089467,0.0010443,0.0011182,0.00048666,0.00055162,0.0011817,0.00067965,0.0046971,0.045264,0.0056885,0.0011575,0.0012504,0.0010062,0.00083825,0.0019799,0.0018311,0.0025235,0.0021766,0.0019149,0.0019093,0.0026595,0.0031012,0.003102,0.0081455,0.028917,0.064458,0.0011732,0.0014785,0.0010643,0.00073202,0.000562,0.00062841,0.00042915
0.0029259,0.0060088,0.0045011,0.0047931,0.0059308,0.0080119,0.0084728,0.016304,0.054797,0.050265,0.021713,0.0085283,0.0030162,0.0033104,0.0013432,0.0019462,0.00095751,0.0066014,0.0025697,0.0017528,0.0016318,0.0018331,0.0028018,0.0034542,0.0044195,0.013401,0.020536,0.011739,0.0025051,0.0013292,0.00053387,0.00051251,0.00053446,0.00023462,1.1448e-05,0.0026811,0.0032034,0.0033804,0.0037263,0.0043852,0.0053654,0.0079067,0.018358,0.0086745,0.023763,0.0046441,0.0027464,0.0017593,0.001014,0.00039496,0.00043107,0.016819,0.013091,0.015387,0.018525,0.02325,0.031085,0.047268,0.085577,0.26227,0.40486,0.093806,0.066492,0.052396,0.04467,0.040863,0.037096,0.037091,0.0016651,0.00063444,0.00071522,0.00088288,0.00086865,0.0011435,0.0018222,0.0042006,0.0084301,0.01401,0.0046394,0.00258,0.0027235,0.0020617,0.00098715,0.0040908,0.0021572,0.001812,0.0034092,0.0034164,0.0039175,0.0044837,0.0050729,0.0071354,0.0099172,0.030616,0.041515,0.0062654,0.0057357,0.0042834,0.0034283,0.0025614,0.00305,0.0026169,0.035687,0.0041381,0.0029663,0.004013,0.0045722,0.0058724,0.0074597,0.013037,0.066649,0.074409,0.025099,0.011376,0.0088593,0.006471,0.0055884,0.0044832,0.0043908,0.0044518,0.00056399,0.00076561,0.00057058,0.00061333,0.0008823,0.0013716,0.0025208,0.009291,0.010802,0.007046,0.0022831,0.0015584,0.0013928,0.0011374,0.0012968,0.0011215,0.00042152,0.00035661,0.00020706,0.00046307,0.00049598,0.0010528,0.0018673,0.0029076,0.0098476,0.056556,0.0090461,0.0032651,0.0025188,0.0019926,0.0019863,0.0015274,0.0016842,0.019799,0.017063,0.017888,0.018968,0.021951,0.025801,0.033781,0.055118,0.16077,0.20301,0.050778,0.029755,0.022711,0.017046,0.013897,0.01391,0.015808,0.00065616,0.0010112,0.00071094,0.00031443,0.00038486,0.00045119,0.00059043,0.0029812,0.0030228,0.044884,0.0017329,0.0021693,0.0030908,0.0022783,0.0030387,0.00095108,0.0012856,0.0021591,0.0046546,0.0047934,0.005007,0.0055824,0.0065872,0.0081269,0.0114,0.028735,0.045939,0.01295,0.005817,0.0035156,0.0020378,0.0011707,0.00086707,0.00020219
0.009678,0.0036653,0.0041303,0.0040969,0.005281,0.0050463,0.005542,0.0086431,0.028159,0.0013354,0.022782,0.008251,0.004012,0.0037028,0.0034926,0.0022385,0.0023957,0.012045,0.0016817,0.0011585,0.00099254,0.0015712,0.0009676,0.001808,0.0024186,0.0066059,0.0010746,0.0079253,0.0024733,0.0015207,0.0010247,0.00095144,0.00065282,0.00076865,0.0056039,0.00089826,0.0010955,0.001257,0.0015041,0.0017078,0.0020642,0.0043224,0.0097415,0.0071491,0.021207,0.0063626,0.0039427,0.0031187,0.0027603,0.0024956,0.0022965,0.00068856,0.0062075,0.0090273,0.01214,0.017492,0.025194,0.040218,0.070933,0.19446,0.294,0.12702,0.076578,0.058819,0.050358,0.044721,0.044673,0.041571,0.0053426,0.00045618,0.00039643,0.00073043,0.00095125,0.0013504,0.002026,0.0031875,0.0097942,0.020088,0.0030558,0.0028941,0.0022044,0.0021108,0.0017079,0.001063,0.0017605,0.0040589,0.0026287,0.0028302,0.0030954,0.0036256,0.0043112,0.0058638,0.0085864,0.021537,0.038517,0.010742,0.0056106,0.0039227,0.0031907,0.0027905,0.0024558,0.0025406,0.03423,0.0051189,0.0043619,0.0052101,0.0056836,0.0066679,0.0090358,0.013919,0.026378,0.11173,0.014034,0.0085328,0.0050792,0.0044694,0.0046676,0.0022088,0.0021973,7.439e-05,0.00013388,0.00046168,0.0003208,0.00078654,0.00049596,0.0007774,0.0015549,0.0044341,0.0072349,0.0051135,0.0016052,0.001042,0.00048022,0.00037845,0.00060404,0.00063134,0.00065424,0.00061262,0.00045878,0.00055252,0.00055123,0.00070114,0.0011011,0.0017925,0.0075612,0.043573,0.0072144,0.002275,0.0015464,0.001165,0.0010792,0.00086177,0.00087931,0.00053786,0.0077883,0.0074927,0.0087848,0.0096286,0.0116,0.01478,0.023592,0.059286,0.27312,0.013972,0.0098479,0.0069547,0.0049348,0.0061769,0.0025754,0.0028916,0.013653,0.0018972,0.0014681,0.0017983,0.0019978,0.0025679,0.0027027,0.0046664,0.0090667,0.039878,0.012338,0.0045937,0.0032491,0.0024462,0.00075929,0.002257,0.001709,0.004633,0.0026095,0.0026553,0.0028007,0.003188,0.0036724,0.0047795,0.0072745,0.01797,0.051151,0.0092757,0.0052346,0.0037262,0.0029117,0.0022691,0.0023299,0.0022488
0.0041047,0.0016122,0.0014939,0.0013204,0.0009542,0.0015263,0.0012616,0.0029607,0.0050748,0.029252,0.01855,0.0039597,0.0019603,0.0026652,0.0025827,0.0014942,0.001812,0.015475,0.00063368,0.00048111,0.0001961,0.00056371,8.2991e-05,0.00068414,0.00029739,0.00079747,0.020328,0.009614,0.0017972,0.00043804,0.00061911,0.00039308,0.0003105,0.00028418,0.0049172,0.000883,0.00090268,0.00080257,0.0010661,0.0012277,0.0014089,0.0016621,0.0034963,0.013561,0.020365,0.0044403,0.0022946,0.0017673,0.0012506,0.0013128,0.0011292,0.034991,0.023225,0.02404,0.026241,0.02869,0.033838,0.042417,0.060691,0.14285,0.4554,0.065498,0.031214,0.019762,0.012794,0.0078139,0.006437,0.0052892,0.0016346,0.0020969,0.0016718,0.0015574,0.0012052,0.0016157,0.0018932,0.0026573,0.0059129,0.020101,0.0016083,0.0010765,0.00069996,0.00015713,0.0015399,0.00057834,0.00019645,0.0019627,0.0012693,0.0015099,0.0015505,0.0016946,0.0021847,0.0030871,0.0049108,0.010957,0.035255,0.0063371,0.0043451,0.0034435,0.0027105,0.0021257,0.002273,0.0022603,0.026984,0.003571,0.0037024,0.0041764,0.0037209,0.0044598,0.0053926,0.0085814,0.013879,0.088547,0.020788,0.007523,0.004467,0.0028136,0.0037217,0.0027724,0.002985,0.0034218,0.0016673,0.00068402,0.00060637,0.00090001,0.00024485,0.00065358,0.00070134,0.0021942,0.019638,0.0043206,0.00076596,0.00055512,0.00021005,0.0002244,0.00019651,9.1556e-05,0.0034753,0.00094095,0.00056052,0.00037426,0.00050921,0.00055433,0.0006814,0.0013546,0.0039561,0.056072,0.0042148,0.0008596,0.00015234,6.9999e-05,0.00015944,0.00012027,0.00011062,0.0068437,0.016088,0.011142,0.016305,0.016092,0.017673,0.029069,0.023169,0.093337,0.15384,0.093241,0.0028145,0.029375,0.0070125,0.017358,0.0091303,0.014904,0.012032,0.00067913,0.0027172,0.00015128,0.0042944,0.00015392,0.0068252,0.00066831,0.018342,0.033429,0.022058,0.0031652,0.0080594,0.0022932,0.0055778,0.002201,0.0048333,0.00016404,0.0005825,0.0043155,0.00079938,0.0051747,0.0014654,0.0074922,0.0033356,0.020758,0.033161,0.019867,0.002695,0.0064015,0.0013177,0.0042987,0.00088845,0.0037728
0.015328,0.0012837,0.0012094,0.001022,0.0016217,0.0012646,0.0012453,0.00093514,0.010927,0.013303,0.015876,0.0017084,0.0019013,0.00050866,0.00038598,0.0019842,0.0007782,0.012135,0.0016042,0.00066958,0.00050558,0.00023363,0.0011456,0.0010693,0.00086235,0.0022965,0.012927,0.0091765,0.00029703,0.00043728,8.6008e-05,0.00025863,0.00017109,9.536e-05,0.0027142,0.0010796,0.00085941,0.00091959,0.0011908,0.00093302,0.00095677,0.002127,0.0017251,0.018907,0.022095,0.0027934,0.0015382,0.0011708,0.00082687,0.00080193,0.00073052,0.02549,0.036779,0.024129,0.005089,0.025464,0.053092,0.08215,0.1112,0.15712,0.32086,0.089829,0.076706,0.067057,0.053537,0.037085,0.022814,0.014912,0.0082151,0.00066147,0.00082289,0.0013842,0.0015865,0.0024613,0.0041383,0.005867,0.0084996,0.018102,0.0045914,0.0042785,0.0037098,0.00258,0.0018626,0.0020027,0.0022869,0.00074961,0.0028676,0.0042531,0.0039485,0.0014574,0.0032253,0.0085404,0.013975,0.019766,0.045632,0.02179,0.014699,0.010023,0.0046242,0.0028699,0.0059929,0.0073034,0.020829,0.0028764,0.0019955,0.0023375,0.0028578,0.0043978,0.004926,0.0095016,0.020018,0.12249,0.024937,0.011089,0.0082119,0.0064059,0.0076252,0.0057552,0.0055276,0.012125,0.0014747,0.00098732,0.0003264,0.0005219,0.00064774,0.00070487,0.00097019,0.00091099,0.017074,0.0049177,0.00073115,0.00020536,0.00025893,0.00022975,6.1713e-05,0.00016973,0.0068189,0.00052816,0.00054887,0.00078856,0.00074021,0.00047709,0.0012068,0.0018703,0.0034731,0.039421,0.0029134,0.0010983,0.0010492,0.00092543,0.0010239,0.00077219,0.00070382,0.028063,0.0016077,0.00088759,0.0015408,0.0021447,0.0036965,0.0062122,0.0096249,0.022845,0.1223,0.035638,0.017334,0.012318,0.010162,0.0096386,0.0084349,0.0074941,0.012797,0.0015308,0.0012201,0.0010749,0.00098526,0.0010256,0.0019312,0.0026422,0.004693,0.044096,0.0041116,0.003277,0.0019529,0.0018668,0.0013409,0.0014488,0.001173,0.0038243,0.00035288,0.00035057,0.00076406,0.0011004,0.00090797,0.001098,0.0020038,0.0033178,0.069084,0.006741,0.0024493,0.001465,0.0012772,0.0012794,0.0011251,0.001318
0.015394,0.0026317,0.0013115,0.0020167,0.0014566,0.0019541,0.0025765,0.0049881,0.018832,0.029542,0.01562,0.0044417,0.0025939,0.0037889,0.0025351,0.0028945,0.0031987,0.0018978,0.001318,0.001031,0.0010861,0.00082377,0.0016114,0.00088605,0.0023654,0.0052364,0.011523,0.0079228,0.001107,0.0011868,0.00097058,0.00083121,0.00083321,0.00076869,0.00049781,0.00032935,0.00043625,0.00046134,0.00049359,0.0008351,0.0015822,0.0036203,0.0034192,0.032266,0.017453,0.0018462,0.0017499,0.0016606,0.0015017,0.0013381,0.001257,0.004366,0.0013547,0.0037767,0.0079284,0.011113,0.017609,0.027536,0.050058,0.12273,0.23235,0.10565,0.05772,0.044868,0.037311,0.033322,0.032715,0.031432,0.017809,0.0014863,0.00079883,0.00073859,0.0010338,0.00139,0.0021632,0.0036328,0.0099462,0.017588,0.0053633,0.0033385,0.0026239,0.0026584,0.0017849,0.0012703,0.0015088,0.00050736,0.0022581,0.0021881,0.0023456,0.0026777,0.0031363,0.0036107,0.0047497,0.013708,0.040786,0.011147,0.0038168,0.0026991,0.0020443,0.0013535,0.0015085,0.0014458,0.025017,0.0037455,0.0037281,0.0040696,0.0049088,0.0060702,0.0072958,0.012038,0.023016,0.1464,0.025262,0.009719,0.0065161,0.0053952,0.0061152,0.0051675,0.0046349,0.022461,0.00049374,0.00083981,0.00010953,0.00024463,0.00043613,0.00067546,0.0009039,0.0019509,0.014921,0.0038034,0.00085738,0.00075189,0.00048337,0.00051661,0.00037912,0.00041199,0.0092679,0.00091484,0.0011015,0.0010222,0.0012174,0.0015464,0.0019445,0.0042692,0.0079107,0.012983,0.0024562,0.0029039,0.002158,0.0020282,0.001679,0.0016976,0.0016003,0.029919,0.0022331,0.0018972,0.002702,0.0030477,0.0043909,0.0055448,0.0083112,0.028277,0.20202,0.027244,0.010669,0.0080639,0.0056446,0.0074771,0.0070647,0.0061685,0.0012017,0.0027049,0.0022656,0.0020209,0.0015709,0.0024227,0.0026107,0.0040486,0.0050737,0.049387,0.0052995,0.0033214,0.0014219,0.0011429,0.0016493,0.00046075,0.00014114,0.0055543,0.0016496,0.0014685,0.0015998,0.002109,0.0021309,0.0025953,0.0036389,0.0076033,0.062349,0.0071853,0.0034155,0.002334,0.0015839,0.0013769,0.0010962,0.0010376
0.0084382,0.0032321,0.0018529,0.0033765,0.0017836,0.003033,0.0048163,0.005459,0.031554,0.044134,0.018097,0.0044204,0.006189,0.0035146,0.0036397,0.0037703,0.0027123,0.0091249,0.0012654,0.0012229,0.0010931,0.0013622,0.001361,0.0012631,0.0022315,0.0092794,0.013433,0.013122,0.0017711,0.0015882,0.0012217,0.0010782,0.0012766,0.0011826,0.00029374,0.0018019,0.0015694,0.0012802,0.001905,0.0018918,0.0025191,0.0055288,0.013289,0.016456,0.025193,0.0035777,0.0029843,0.0025617,0.0023786,0.0020122,0.0019951,0.022953,0.027867,0.027362,0.030069,0.03463,0.041337,0.055764,0.08661,0.22424,0.42186,0.068037,0.049213,0.034847,0.028092,0.024201,0.024071,0.022618,0.022232,0.0011884,0.001966,0.0013367,0.0020072,0.0024685,0.0030103,0.0043289,0.010955,0.016726,0.0086342,0.0017837,0.0018781,0.00086037,0.0017506,0.00065494,0.00014877,0.0038472,0.0017286,0.0023139,0.002105,0.0032554,0.0040178,0.004636,0.0088348,0.023209,0.037584,0.012579,0.005709,0.004412,0.0037579,0.0027608,0.0031414,0.0029202,0.033131,0.0044532,0.0041014,0.0037355,0.0041137,0.0042307,0.0045295,0.0079694,0.0063065,0.14029,0.019752,0.0045398,0.0030219,0.0006438,0.0014427,0.0012009,0.0017624,0.024903,0.0023434,0.0018073,0.001235,0.0012784,0.0002826,0.0003486,0.0014038,0.0029322,0.006179,0.0048422,0.00034387,0.00031279,0.00036648,0.00088118,0.00033234,0.00035476,0.0086766,0.00031377,0.0011301,0.0014897,0.0010318,0.00167,0.0022901,0.0040708,0.010414,0.031994,0.0075363,0.001548,0.0011167,0.00062102,0.00040996,0.00066922,0.00056268,0.030041,0.0058391,0.0060585,0.0077772,0.008682,0.011573,0.016666,0.025264,0.062434,0.12795,0.051307,0.031411,0.022181,0.017477,0.015055,0.015477,0.015301,0.0098459,0.0046179,0.0013579,0.0017565,0.002299,0.0020138,0.0020992,0.0028716,0.0050355,0.049165,0.0067499,0.003788,0.0021207,0.001822,0.0028327,0.0010422,0.000988,0.0053922,0.0014674,0.0020744,0.0024308,0.0032277,0.0031308,0.0041348,0.0056428,0.016272,0.063299,0.015167,0.0071338,0.0051055,0.0038835,0.0034523,0.0032288,0.0031987
0.0010891,0.0018804,0.0029932,0.0028803,0.0031872,0.0033923,0.0053963,0.0063366,0.016646,0.020059,0.024283,0.0045067,0.0023326,0.0029146,0.0010087,0.00048205,0.00059701,0.074165,0.0065058,0.0032562,0.0027831,0.0025248,0.0013965,0.0019103,0.0021956,0.0043365,0.0055167,0.011892,0.0017899,0.000977,0.00096662,0.00085519,0.0006212,0.00061226,0.017187,0.001157,0.001159,0.001449,0.0013414,0.0017431,0.0024087,0.0025832,0.0021753,0.016694,0.023125,0.0036293,0.0019662,0.0012099,0.00088441,0.00083361,0.00079538,0.047347,0.0074521,0.0091858,0.012485,0.016052,0.022348,0.034659,0.060224,0.15472,0.55582,0.10283,0.064695,0.050072,0.042791,0.039793,0.0356,0.03525,0.042645,0.0041393,0.0018308,0.0013652,0.00077071,0.0005689,0.00069628,0.0020342,0.0058944,0.020534,0.002902,0.0033833,0.0025608,0.0019933,0.0024885,0.0021588,0.0020485,0.0032921,0.0012459,0.0015645,0.0019243,0.0023547,0.002877,0.0035525,0.0061333,0.011494,0.051925,0.0074141,0.0045785,0.0034215,0.0026023,0.0025043,0.0020813,0.0020371,0.012236,0.0044135,0.004959,0.0055462,0.0056252,0.0064119,0.0088866,0.013965,0.040568,0.17664,0.01957,0.012572,0.0089585,0.0080274,0.0061006,0.0063358,0.0071126,0.045022,0.0047518,0.0024977,0.0011127,0.0015411,0.00086531,0.00081864,0.00041206,0.0021788,0.016141,0.0044173,0.00099171,0.0010505,0.0011755,0.00090183,0.00086654,0.00078203,0.0082399,0.0020635,0.0012805,0.001277,0.0012523,0.0016043,0.0015266,0.0030642,0.0057978,0.01723,0.0082522,0.0019158,0.00092936,0.00078373,0.00040234,0.00030439,0.00017166,0.0023766,0.00089599,0.0016827,0.0012486,0.0013259,0.0025055,0.0036792,0.0062145,0.016381,0.10611,0.01392,0.0085847,0.006533,0.0057586,0.0040872,0.0046069,0.0038681,0.071944,0.0059925,0.0030217,0.0014138,0.0012913,0.0011714,0.00062854,0.0010451,0.0037725,0.05493,0.0060783,0.0018229,0.0020357,0.0015714,0.00052223,0.0013187,0.0012341,0.0016861,0.00048668,0.0003569,0.00029887,0.00068036,0.00085736,0.0013028,0.0029584,0.004935,0.077503,0.0056731,0.0034535,0.0029044,0.0023172,0.0021365,0.001967,0.0019646
0.0097391,0.0024305,0.0013494,0.00096758,0.0014961,0.0010111,0.0026457,0.0032766,0.01313,0.011284,0.020077,0.0039089,0.0038503,0.0006339,0.00088942,0.0019923,0.0010834,0.047732,0.0017114,0.0010713,0.00050245,5.0939e-05,0.00098031,0.00079602,0.001862,0.0036409,0.0064029,0.0094149,0.00068263,0.00076413,0.00054074,0.00053443,0.00032992,0.0004406,0.017451,0.00065461,0.00021973,0.00040653,0.00041003,0.00037543,0.00089744,0.0023706,0.0038426,0.020594,0.021419,0.0027407,0.0013675,0.001063,0.00082302,0.00081704,0.00095944,0.0031586,0.010779,0.036123,0.010358,0.047555,0.0090779,0.083826,0.01041,0.36432,0.103,0.17888,0.027061,0.079365,0.020202,0.058962,0.018459,0.051671,0.033234,0.00033527,0.001929,0.00026356,0.0027444,0.00028986,0.0044194,0.00064582,0.017975,0.0074737,0.0084452,0.001107,0.0037773,0.00036528,0.0030111,0.00049979,0.0030213,0.013188,0.0050802,0.0047346,0.0052343,0.0068752,0.005539,0.012244,0.0063114,0.048565,0.025229,0.032053,0.0021542,0.011446,0.0032385,0.0075593,0.0036667,0.0062638,0.013336,0.0043282,0.0032358,0.0036403,0.0052644,0.0053639,0.0075164,0.012209,0.029369,0.15704,0.017345,0.010688,0.0084875,0.0073202,0.0045243,0.0075808,0.0065614,0.030007,0.00062455,0.00068639,0.00092979,0.00062102,0.00061527,0.00067214,0.00094338,0.002205,0.01104,0.003507,0.00039734,0.00051453,0.0002143,0.00012283,0.00029711,0.00013734,0.010107,0.0017616,0.00095353,0.00091256,0.00095671,0.0014588,0.0017737,0.0031193,0.0067121,0.0099275,0.0073919,0.001949,0.0014056,0.0010824,0.00098915,0.0010554,0.0010281,0.011582,0.010132,0.01032,0.011163,0.01211,0.01354,0.018052,0.028959,0.067621,0.18803,0.041313,0.018078,0.012435,0.0094809,0.0065685,0.0062319,0.006096,0.047684,0.0025863,0.0019786,0.0013086,0.0010881,0.0012732,0.0013898,0.0023713,0.0034347,0.048485,0.0033738,0.0025777,0.0019579,0.0013126,0.0024872,0.0017785,0.0013504,0.0019322,0.0019426,0.0017816,0.0018123,0.0020672,0.0020255,0.0028156,0.004548,0.011086,0.088926,0.0026231,0.0018723,0.0013805,0.0010984,0.0010054,0.00095549,0.00095178
0.0089895,0.0022541,0.0030097,0.002076,0.0023049,0.0038326,0.0043975,0.0056264,0.03417,0.049251,0.012438,0.0030949,0.0035988,0.0016615,0.0027559,0.0013528,0.0022183,0.034289,0.0035548,0.0018447,0.0017211,0.0017236,0.0020189,0.0023225,0.0029433,0.010213,0.016719,0.011389,0.0022015,0.0015165,0.00095547,0.00083583,0.00065684,0.00059319,0.011063,0.002422,0.0016214,0.0017495,0.0017846,0.0021299,0.0027528,0.0043317,0.010674,0.019024,0.020515,0.0027434,0.0015017,0.00071015,0.00052648,0.00026564,0.00016785,0.029108,0.013013,0.014614,0.015613,0.020112,0.025395,0.036377,0.059417,0.1399,0.36331,0.09807,0.056634,0.041947,0.034964,0.031273,0.028421,0.028754,0.021283,0.0029722,0.0015016,0.0016997,0.0012505,0.0013283,0.002057,0.0033541,0.0070923,0.01792,0.0043179,0.002752,0.0024118,0.0016704,0.0011247,0.0020485,0.0019761,0.0029793,0.0039063,0.0038029,0.0041073,0.0045278,0.0049707,0.0058888,0.0096284,0.020839,0.0089759,0.014383,0.0054666,0.0031678,0.0019184,0.001231,0.00042395,0.00038147,0.026427,0.0041232,0.003609,0.0036363,0.0046739,0.0048716,0.0069893,0.010664,0.023495,0.086763,0.01,0.0052681,0.0037864,0.0025386,0.0013616,0.0025419,0.002142,0.01837,0.0027933,0.0016938,0.0010993,0.0017443,0.0013016,0.0015662,0.0025139,0.0067006,0.0060106,0.0050858,0.0011346,0.00062287,0.0006003,0.00033491,0.00016539,0.00011634,0.0103,0.0029295,0.0026674,0.0029139,0.0030502,0.0033159,0.0044108,0.0058497,0.016917,0.048507,0.011733,0.0035938,0.002172,0.0012978,0.0010839,0.00053569,0.00042344,0.0035477,0.0054044,0.007327,0.0061243,0.0073513,0.0087326,0.01223,0.018729,0.049382,0.27818,0.017223,0.01114,0.0080542,0.0063649,0.0066819,0.0045234,0.0033188,0.029421,0.0035391,0.0018702,0.00099325,0.0016134,0.0013463,0.0020025,0.001884,0.0028914,0.044409,0.0027406,0.0024649,0.0016632,0.0012069,0.0016761,0.0011333,0.00071527,0.0027218,0.0018578,0.0016813,0.0017213,0.0019149,0.0031254,0.0040208,0.0074135,0.017132,0.026616,0.013828,0.0079173,0.0058837,0.004839,0.0044737,0.0039827,0.0037594
0.0059872,0.00066853,0.00078562,0.00021833,0.00073108,0.0008062,0.0010979,0.004303,0.007719,0.037961,0.02123,0.0043552,0.002632,0.0029712,0.001582,0.0021217,0.0024205,0.017712,0.0013266,0.00096469,0.00087652,0.00069772,0.0013437,0.0012104,0.001331,0.0024301,0.017836,0.012657,0.0030063,0.0018083,0.0013047,0.0010418,0.0011384,0.0010453,0.006117,0.00020193,0.00034689,0.00040916,0.00048169,0.00061258,0.00081206,0.00055538,0.002836,0.012554,0.021463,0.0034763,0.0018683,0.0017462,0.0013508,0.0011043,0.0011463,0.0097562,0.017246,0.017326,0.019252,0.021011,0.023642,0.030037,0.043403,0.094009,0.43784,0.040815,0.021255,0.01219,0.0086688,0.0047008,0.002737,0.0032597,0.0097028,0.0015597,0.0012807,0.00087608,0.00049759,0.00090422,0.0014623,0.0018421,0.0040494,0.019828,0.0061084,0.0022329,0.0015227,0.0013762,0.00041922,0.00098033,0.00097086,0.0018845,0.000517,0.00022182,0.00031321,0.00043752,0.00080333,0.00081622,0.0032936,0.0032213,0.051192,0.008765,0.0022824,0.0015596,0.0011111,0.00074336,0.0009108,0.00084305,0.033536,0.0040737,0.0033536,0.003868,0.0042973,0.0050476,0.0063838,0.0075358,0.029248,0.076224,0.016463,0.0065548,0.003656,0.0031453,0.001412,0.0015528,0.001442,0.0052338,0.0014623,0.00062322,0.00072195,0.00086424,0.00041243,0.00060518,0.0014502,0.0024359,0.014767,0.0054639,0.0012293,0.0003395,0.00032055,0.00018334,6.2533e-05,9.9193e-05,0.0010987,0.0004165,0.00027414,0.00060267,0.00085095,0.00075365,0.0013728,0.0019991,0.0037302,0.058478,0.0084605,0.0025483,0.0018442,0.0013926,0.0013289,0.0010278,0.0010872,0.011982,0.0073565,0.0062773,0.0063483,0.0091899,0.011322,0.011565,0.015628,0.036673,0.11519,0.049415,0.022939,0.01268,0.0088965,0.0091038,0.0090593,0.0083238,0.016403,0.0015101,0.0022339,0.002641,0.0022225,0.0027141,0.0043917,0.0064325,0.005586,0.037769,0.01568,0.0082488,0.0045961,0.0017676,0.0010034,0.0028863,0.003418,0.0021935,0.00046794,0.0010637,0.0012818,0.0011041,0.0019964,0.0054165,0.010382,0.013789,0.047968,0.019626,0.016276,0.010917,0.0047196,0.0026155,0.0066003,0.0082971
0.0050546,0.0014924,0.0008473,0.00095314,0.00015709,0.00040848,0.0013503,0.0012269,0.0049676,0.022067,0.015371,0.0013686,0.00085225,0.0017609,0.0014618,0.00046599,8.3908e-05,0.01125,0.0013106,0.0011453,0.00073292,0.0012141,0.00088377,0.00077551,0.0013281,0.0013638,0.011631,0.010323,0.0016257,0.00077009,0.00069554,0.00072369,0.00035125,0.00020218,0.007166,0.0005401,0.00018938,0.00033888,0.00058563,0.00056359,0.00090367,0.00087509,0.0019514,0.028663,0.019118,0.0030986,0.001518,0.0012812,0.00090238,0.00072488,0.00068475,0.0076772,0.011382,0.012553,0.014142,0.015055,0.017806,0.023298,0.035593,0.068525,0.25949,0.063202,0.033769,0.023102,0.019431,0.016892,0.014544,0.014132,0.0047265,0.0011225,0.001298,0.0011638,0.0016891,0.0017143,0.0024306,0.0030227,0.0055838,0.021681,0.0057515,0.0022712,0.0013842,0.00093922,0.00064528,0.00092761,0.00028231,0.0047608,0.00070119,0.0010307,0.00111,0.0009575,0.0014669,0.0015601,0.0018116,0.004511,0.04065,0.0042685,0.0021858,0.0014196,0.00086735,0.00050507,0.00060361,0.00050736,0.024735,0.0060213,0.0063013,0.0093411,0.0054496,0.011409,0.013073,0.012055,0.051996,0.097575,0.029881,0.014898,0.0050725,0.010081,0.0055018,0.0053157,0.0068627,0.0004406,0.0016768,0.0012288,0.0020639,0.00059826,0.0025879,0.0023598,0.003113,0.008128,0.0096546,0.012556,0.0030341,0.0020604,0.0022492,0.0011707,0.0015178,0.001276,0.001257,0.0013204,0.0031927,0.0036123,0.0012588,0.0056543,0.0035377,0.0072742,0.017807,0.019844,0.026491,0.0055284,0.0057808,0.0047573,0.0025398,0.0045132,0.0021534,0.010796,0.0042402,0.0040896,0.0050062,0.0055507,0.0065055,0.0085835,0.011106,0.021254,0.18495,0.048354,0.020747,0.01411,0.010844,0.010484,0.0098455,0.0086023,0.010044,0.0016681,0.0019651,0.0020801,0.0018065,0.0025118,0.003036,0.0041077,0.0079177,0.042105,0.013883,0.0056733,0.0038929,0.0033101,0.0024128,0.002628,0.0027237,9.5516e-06,0.0003342,0.00041399,0.00067665,0.0010181,0.0015383,0.0023541,0.0033843,0.0078883,0.050922,0.015588,0.0072077,0.0051086,0.0040111,0.0037201,0.0036385,0.0035573
0.00091935,0.00086124,0.002019,0.0013244,0.0024738,0.0021902,0.0012085,0.0016772,0.0039367,0.044275,0.017478,0.0028013,0.001101,0.0023854,0.00039325,0.0014633,0.00018691,0.0088579,0.00071646,0.00029165,0.00046835,0.0010659,0.00040505,0.00082304,0.00040198,0.0012996,0.015018,0.0076544,0.0017601,0.00085646,0.0011064,0.00094079,0.00068073,0.00067903,0.0030957,0.00082423,0.00096849,0.0010909,0.00075189,0.0012888,0.00091454,0.0017405,0.0012412,0.039707,0.017194,0.00417,0.002206,0.0013386,0.0010786,0.00098192,0.00090219,6.485e-05,0.0040544,0.0037438,0.0054501,0.0076287,0.0099147,0.014552,0.024423,0.061136,0.37963,0.064597,0.032378,0.024289,0.019501,0.01785,0.01762,0.017578,0.00069622,0.00062065,0.00050097,0.0003421,0.00053776,0.00074682,0.0011228,0.0018248,0.004337,0.022062,0.0056767,0.0023882,0.0017953,0.0019885,0.0020064,0.0011252,0.0013027,0.0035115,0.0026802,0.0025608,0.0027329,0.0030162,0.0035022,0.0039749,0.005543,0.010447,0.0085874,0.011962,0.0044398,0.0025386,0.0017397,0.0013352,0.0010394,0.00088694,0.035473,0.003355,0.0037337,0.0033253,0.0039286,0.0047393,0.0054475,0.0083365,0.018998,0.14324,0.02085,0.008876,0.0060263,0.0041375,0.0033907,0.0041433,0.0036698,0.0056821,0.00058141,0.00013716,0.00029572,0.00051798,0.00035124,0.00054333,0.00076719,0.0011249,0.010975,0.004441,0.0012493,0.0010404,0.00059939,0.00057734,0.00022959,0.00036431,0.00069619,0.00082101,0.00090261,0.00073059,0.00088045,0.0011368,0.0017033,0.002043,0.0052033,0.0027442,0.0021664,0.0008024,0.00081711,0.00070146,0.00069016,0.00051148,0.00060463,0.015377,0.0056896,0.0068153,0.0064434,0.0072574,0.0082452,0.010341,0.013283,0.021638,0.17363,0.031917,0.014969,0.0093997,0.0063103,0.0044199,0.0041728,0.0048791,0.0075399,0.0017771,0.001926,0.0022548,0.002417,0.0024877,0.0036807,0.0039999,0.0076312,0.052146,0.0097573,0.0038502,0.0023615,0.001244,0.0025691,0.0011586,0.0011578,0.0048314,0.0022358,0.0023382,0.0026645,0.0030515,0.0033295,0.0042661,0.0056029,0.010863,0.049325,0.013831,0.0061745,0.0042505,0.0030498,0.0026824,0.0023804,0.0023899
0.00082018,0.0010323,0.0029231,0.0034966,0.0036563,0.0032766,0.0038393,0.0057599,0.0087647,0.018756,0.021603,0.0067951,0.0048003,0.0055988,0.003341,0.0031832,0.0028382,0.0053483,0.0012341,0.0010578,0.00087419,0.0013197,0.0013239,0.0013005,0.0017533,0.0027546,0.013945,0.0090097,0.0029858,0.0017591,0.0013285,0.0011264,0.0010972,0.0010948,0.0046063,0.0018492,0.0017394,0.002069,0.002339,0.0029026,0.0033514,0.0047073,0.0085283,0.00071456,0.020209,0.0070305,0.0044686,0.0034057,0.0027958,0.0025277,0.0025654,0.014298,0.011348,0.012848,0.012467,0.014966,0.016802,0.020932,0.030798,0.061644,0.43812,0.042503,0.018808,0.011628,0.0085245,0.0072012,0.0058088,0.0047227,0.00593,0.0011923,0.00079041,0.00066139,0.00066401,0.0011167,0.0011666,0.0015781,0.0031814,0.024745,0.00056714,0.00076699,0.00080565,0.00065516,0.0015675,0.0002632,0.00029182,0.00046159,0.00051451,0.00070316,0.0006202,0.00053201,0.0011104,0.0009983,0.0020303,0.0043252,0.044438,0.00093201,0.00080373,0.00060885,0.00049448,0.0005419,0.00017813,0.00032425,0.03023,0.0019507,0.0025675,0.0020605,0.0027087,0.0036755,0.0052243,0.010507,0.027332,0.14983,0.015586,0.0085875,0.0063683,0.0062353,0.0073234,0.0043479,0.0048848,0.0094854,0.00074729,0.00053095,0.00037052,0.00046433,0.00078512,0.0009886,0.0016813,0.0029805,0.011237,0.0066904,0.0028158,0.0021416,0.0014325,0.0015154,0.0013488,0.0012989,0.0022927,0.0011165,0.001033,0.000957,0.0014578,0.00093495,0.0018752,0.0033781,0.0065317,0.039276,0.010785,0.004965,0.0033792,0.0027945,0.002327,0.0022466,0.0021591,0.015581,0.0025924,0.0022233,0.0027928,0.003719,0.0053626,0.0073998,0.011988,0.021673,0.12436,0.039103,0.02247,0.014286,0.012197,0.011629,0.010659,0.010737,0.0021382,0.00034824,0.00033467,0.00013522,0.00099255,0.0014577,0.0021899,0.0021612,0.0060814,0.044488,0.010226,0.0053475,0.0042662,0.0031369,0.0018546,0.0022138,0.002409,0.0047208,0.0017961,0.00169,0.001856,0.0022537,0.0025319,0.0026858,0.0048761,0.0068637,0.071222,0.011434,0.0047256,0.0031481,0.0023379,0.0020524,0.0018167,0.0016194
0.0074884,0.0018377,0.0037691,0.0028019,0.0027233,0.0031014,0.0036599,0.0064474,0.010623,0.029103,0.022071,0.0089989,0.0062355,0.0023901,0.0045682,0.0025595,0.0032998,0.0084173,0.0014484,0.0011323,0.0008127,0.00083842,0.0010733,0.0012684,0.0022044,0.0035056,0.007501,0.0082914,0.0031638,0.0022242,0.0017898,0.0013523,0.0013526,0.0013828,0.0032273,0.00058689,0.00035401,0.0004427,0.00077438,0.0012863,0.0021378,0.0027973,0.0051344,0.011227,0.016988,0.0065177,0.0045692,0.0035317,0.0032036,0.0029734,0.0029755,0.023251,0.015876,0.016533,0.016589,0.019672,0.022926,0.028518,0.042839,0.079622,0.29331,0.069249,0.035102,0.024276,0.018732,0.016448,0.014693,0.014862,0.0085431,0.0012681,0.0011979,0.0021111,0.001171,0.0014318,0.0016833,0.0029477,0.0057927,0.02402,0.0028489,0.0012511,0.00091912,0.00098532,0.00040358,0.00033514,0.00028421,0.001709,0.0012003,0.0012821,0.0013715,0.0012844,0.0018415,0.0020422,0.0024623,0.0051461,0.042251,0.0065065,0.0027986,0.0016336,0.0012719,0.0012437,0.00099251,0.0010643,0.022038,0.0046333,0.0051322,0.0055679,0.0061819,0.0069656,0.0082143,0.010876,0.023779,0.08998,0.022457,0.010569,0.0076083,0.0052431,0.0042946,0.0050553,0.0047913,0.010771,0.0010195,0.00036734,0.00019764,0.00021815,0.00061724,0.00037928,0.00093894,0.0010486,0.011584,0.0035459,0.0014101,0.00055617,0.00063842,0.00041799,0.00039175,0.00049399,0.004427,0.00046976,3.5883e-05,0.00023158,0.00034717,0.00054659,0.0005689,0.0017288,0.0023209,0.047744,0.0071104,0.0029216,0.0020014,0.0016424,0.0014766,0.0014609,0.001318,0.011505,0.0063817,0.0069558,0.0067877,0.0078439,0.0084095,0.010813,0.0148,0.028607,0.20502,0.043043,0.017833,0.011665,0.0092702,0.0066138,0.0057903,0.0072022,0.003769,0.0030368,0.0029055,0.0021082,0.0033393,0.0035109,0.0042852,0.0062018,0.0096637,0.040098,0.013299,0.0052214,0.0030307,0.0016272,0.002071,0.0013284,0.0010567,0.0018768,0.0013436,0.0017063,0.0019579,0.002244,0.0024232,0.0028309,0.004542,0.0083584,0.048284,0.013984,0.0066952,0.0045858,0.0038049,0.00311,0.0029748,0.0028534
0.0098611,0.0014341,0.0004432,0.0011209,0.0010625,0.001152,0.0018478,0.0028994,0.0062087,0.015914,0.018189,0.0056551,0.0031083,0.0054759,0.0021053,0.0019677,0.0019951,0.0091478,0.0005101,0.00049849,0.00012009,0.00066907,0.00098982,0.001068,0.0018308,0.0041944,0.0038622,0.008786,0.0030235,0.0017866,0.001343,0.0012953,0.0011338,0.0011406,0.0037041,0.00042609,0.00050088,0.00055975,0.00070416,0.001353,0.0016943,0.00303,0.005405,0.026439,0.021183,0.0069659,0.0046269,0.0037155,0.003274,0.0031071,0.0029908,0.014492,0.0038429,0.0047963,0.006189,0.010522,0.013303,0.020721,0.037323,0.092977,0.42709,0.058024,0.038119,0.028946,0.024799,0.022522,0.020829,0.021275,0.0095922,0.00035157,0.00047597,0.00059145,0.00056659,0.0012456,0.0015174,0.0027178,0.0058321,0.021435,0.0071075,0.0034892,0.0025145,0.0026966,0.00143,0.0018912,0.0016194,0.0040722,0.0031496,0.0033731,0.0036034,0.0039307,0.0044728,0.0053896,0.0067226,0.015264,0.026427,0.013519,0.0049354,0.0028952,0.0019294,0.0010568,0.00050133,0.00034142,0.01915,0.0034557,0.0038534,0.0033779,0.0040536,0.0041279,0.0055793,0.0085404,0.0091918,0.11554,0.013853,0.0047796,0.0032322,0.0019433,0.0033642,0.0014586,0.0014954,0.012354,0.00013238,0.00032341,0.00039012,0.00080876,0.00069798,0.00058524,0.001175,0.0018805,0.014734,0.0051269,0.0015317,0.0012169,0.00082705,0.00069171,0.00064756,0.00070382,0.0049954,0.00066633,0.00072168,0.00070222,0.00071878,0.0007063,0.0010665,0.0017029,0.0030837,0.034587,0.0043613,0.0011972,0.00064972,0.00050478,0.00070961,0.00041628,0.00038338,0.01945,0.0027391,0.0027438,0.003658,0.0051201,0.0065016,0.0089489,0.013153,0.024486,0.17545,0.050634,0.025082,0.017166,0.01404,0.010584,0.01057,0.010424,0.0069867,0.00070249,0.0011656,0.00058269,0.0015998,0.0018245,0.0022952,0.0035172,0.0063147,0.044709,0.011746,0.0057878,0.0040229,0.003115,0.003386,0.0031428,0.0029545,0.00022507,0.0040002,0.0041107,0.0041031,0.0045099,0.0054868,0.0063881,0.0082134,0.015674,0.040629,0.018178,0.0069702,0.0038074,0.0021902,0.001489,0.00079932,0.00052262
0.0053407,0.0020846,0.0031072,0.0014382,0.0025527,0.0013427,0.0031459,0.0040429,0.0090552,0.020628,0.015733,0.0023705,0.0012357,0.0028845,0.001138,0.00043198,0.00045776,0.0084764,0.0019089,0.0014436,0.0010133,0.0023125,0.0016798,0.0024278,0.0031154,0.0043317,0.0067567,0.010419,0.0027224,0.00143,0.00077323,0.0004974,0.00031303,0.0002556,0.0055409,0.00051662,0.00041856,0.00062845,0.00041964,0.000655,0.00074775,0.0011772,0.0039613,0.021605,0.015313,0.0034466,0.0019083,0.00149,0.0012712,0.0011978,0.00098993,0.017464,0.014501,0.026304,0.039922,0.053111,0.068029,0.087431,0.11728,0.20977,0.2538,0.022867,0.019797,0.035947,0.04266,0.046206,0.048304,0.048642,0.0055619,0.0014616,0.0018638,0.0022395,0.0034268,0.0040873,0.0053193,0.0069335,0.012378,0.016812,0.0027038,0.00089421,0.0018929,0.0025615,0.0031706,0.0030055,0.0032845,0.0039044,0.0029734,0.0030433,0.0035774,0.0049122,0.007416,0.0095692,0.012348,0.01897,0.042361,0.0092486,0.010084,0.009409,0.0079326,0.0059461,0.0040068,0.0026913,0.024687,0.00055196,0.0012117,0.001299,0.001196,0.0012086,0.0016965,0.0018747,0.0047941,0.14833,0.011161,0.0039996,0.0016802,0.0020418,0.0013287,0.0005338,0.0013981,0.0088884,0.00075278,0.00027062,0.00038814,9.1522e-05,0.00045894,0.00088535,0.0008853,0.0018295,0.018045,0.0070138,0.0026005,0.0017709,0.001706,0.0014665,0.0013396,0.0011597,0.0046254,0.0018027,0.00204,0.0021444,0.0022628,0.0023618,0.0030027,0.0039044,0.0060431,0.017853,0.011378,0.0039686,0.0022081,0.0013952,0.0013013,0.00090828,0.00094415,0.0077573,0.0062525,0.0043356,0.012375,0.011174,0.0021047,0.016954,0.027081,0.032114,0.15767,0.062327,0.011531,0.010175,0.011791,0.0059615,0.0062828,0.0079862,0.006033,0.0035424,0.0028104,0.0033516,0.004282,0.0038126,0.005454,0.0074572,0.011538,0.045125,0.01961,0.0053405,0.003164,0.0027864,0.00098646,0.00090919,0.00065805,0.00086785,0.0057017,0.0064963,0.0030603,0.0073635,0.0091286,0.0041644,0.013704,0.03025,0.058079,0.027313,0.013084,0.0027932,0.0061262,0.004053,0.0021515,0.0043889
0.0051709,0.0012552,0.00071847,0.00034472,0.0015876,0.001787,0.0036992,0.0049196,0.01688,0.056369,0.020336,0.0046968,0.0029849,0.0036613,0.0031436,0.002668,0.0020314,0.011141,0.0013821,0.00094377,0.00097048,0.0011126,0.0019935,0.0027588,0.0026882,0.0084551,0.016874,0.011104,0.0032851,0.0021724,0.0017656,0.001534,0.0013263,0.001257,0.0038434,0.0023565,0.0020948,0.0021691,0.0025605,0.0025424,0.0027464,0.004237,0.0076887,0.035486,0.020046,0.0047559,0.0023398,0.0016759,0.00098499,0.00075073,0.00064279,0.033356,0.025304,0.026796,0.027928,0.032292,0.037661,0.047616,0.069904,0.16743,0.39535,0.073866,0.03906,0.024932,0.018364,0.016321,0.013452,0.012982,0.0060712,0.0020042,0.001697,0.0021226,0.0021785,0.0025151,0.0032924,0.004527,0.0099267,0.01849,0.0053939,0.0028743,0.0017228,0.001255,0.0015514,0.00089512,0.00075343,0.0012703,0.0031442,0.0031447,0.0034031,0.0035585,0.0047648,0.0062274,0.0098406,0.021349,0.01611,0.018368,0.0088875,0.0058627,0.0047378,0.0041327,0.0037957,0.0037156,0.029324,0.0041923,0.00296,0.0025234,0.0032267,0.0040796,0.0048818,0.0070834,0.023099,0.12432,0.0065755,0.0052565,0.0037205,0.0034104,0.0019476,0.0017612,0.0022393,0.0073911,0.00093747,0.00057987,0.00057593,0.00033444,0.0010229,0.001592,0.0029967,0.0072161,0.011785,0.0064235,0.0032985,0.0021103,0.0021568,0.0019364,0.0014953,0.0016995,0.0012398,0.00033795,0.00013589,0.00025948,0.00024005,0.00017413,0.00068008,0.0012438,0.0060753,0.02066,0.0050397,0.00084691,0.00076238,0.00047927,0.00052261,0.00058108,0.00051119,0.025711,0.0094511,0.0090388,0.010186,0.010977,0.012244,0.015309,0.020266,0.033831,0.18056,0.037764,0.016364,0.0087997,0.0055707,0.0049502,0.0027857,0.0013352,0.0099184,0.0016536,0.0014861,0.0023367,0.0021479,0.0026403,0.0033016,0.0042372,0.0069068,0.0505,0.010488,0.005282,0.0035014,0.0028,0.0020094,0.0015435,0.0015602,0.00085068,0.0019742,0.0020668,0.0025211,0.0032541,0.0039011,0.0051378,0.0082446,0.018105,0.044475,0.02036,0.010652,0.0076498,0.0063522,0.0055375,0.0052599,0.0051156
0.0010605,0.0037001,0.00077861,0.0019496,0.0034793,0.0035507,0.0036486,0.0065564,0.013983,0.013299,0.022032,0.0056353,0.004076,0.0042959,0.0034315,0.0034875,0.0029602,0.0029965,0.00085426,1.7471e-05,0.0010584,0.0012485,0.0014063,0.0013012,0.0027096,0.0058837,0.0033454,0.012569,0.0044354,0.0026049,0.0021167,0.0021575,0.0021901,0.0020123,0.0013733,0.0003298,0.0002019,0.00019072,0.00027031,0.00049467,0.0010761,0.0016835,0.0050758,0.012797,0.01741,0.0037363,0.002151,0.0019821,0.0016381,0.0014854,0.0014344,0.031603,0.029612,0.030433,0.033321,0.036681,0.04286,0.053618,0.08145,0.18821,0.33022,0.085874,0.045451,0.028657,0.021578,0.016206,0.014481,0.013224,0.0019512,0.0019114,0.0019055,0.0019424,0.0018244,0.0021109,0.0026669,0.0044365,0.0088745,0.020368,0.0063816,0.0031759,0.0019885,0.0016468,0.00137,0.00089588,0.0014553,0.0002842,0.0006148,0.00067231,0.00073779,0.0010413,0.0016351,0.0024252,0.0036488,0.010297,0.057957,0.0055039,0.0036934,0.0029068,0.0024844,0.0023282,0.0021137,0.0022107,0.038306,0.0033617,0.0012586,0.0056249,0.0048954,0.0072379,0.014636,0.0066092,0.058929,0.08461,0.089352,0.020257,0.024679,0.021271,0.0098617,0.020499,0.00020791,0.007845,0.0023277,0.0011432,0.0024496,0.0021576,0.0030188,0.0051957,0.0023957,0.018661,0.019782,0.035226,0.0069279,0.0082487,0.0070825,0.0033513,0.0071287,0.00051691,0.00057031,0.0031158,0.0020065,0.0030278,0.0026491,0.0034103,0.0040237,0.005812,0.011923,0.011854,0.016249,0.0009024,0.003757,0.00060101,0.0018379,0.00077303,0.0013332,0.020911,0.011721,0.011068,0.012909,0.013871,0.015854,0.019465,0.027649,0.051713,0.19312,0.045448,0.018771,0.011283,0.0078886,0.0047278,0.0020231,0.0016232,0.0021859,0.0030205,0.0029277,0.0027704,0.0033105,0.0033973,0.0048559,0.0057482,0.010892,0.048233,0.015394,0.0055031,0.0030247,0.0019631,0.0016451,0.0014968,0.0014191,0.0052033,0.0019183,0.00218,0.0021692,0.0026698,0.0025193,0.0033396,0.0038863,0.0068612,0.080334,0.0123,0.0042066,0.0022234,0.0012571,0.00072624,0.00046069,0.00045396
0.0081464,0.0031874,0.0026157,0.0037654,0.003348,0.0024863,0.0047153,0.006246,0.018212,0.052785,0.021943,0.0065737,0.0046189,0.0017189,0.0016643,0.0021054,0.0016575,0.0005169,0.0013548,0.0012025,0.0013491,0.0017234,0.0022452,0.002574,0.0028524,0.0087809,0.013154,0.010833,0.0039232,0.002423,0.0017957,0.0016056,0.0013613,0.0012951,0.0029278,0.0015677,0.0014869,0.001679,0.001892,0.0022917,0.0030313,0.0041253,0.0081812,0.032105,0.019644,0.0066284,0.0041952,0.0033017,0.0027821,0.0027344,0.0025197,0.0097333,0.0047545,0.0059661,0.010081,0.014759,0.020762,0.033233,0.057754,0.1719,0.40963,0.092806,0.058489,0.046155,0.039414,0.034957,0.03331,0.032767,0.0012722,0.0010107,0.00071623,0.00046003,0.0014493,0.0014758,0.002232,0.0040064,0.010235,0.018021,0.0074619,0.0041681,0.0032849,0.0027373,0.0034845,0.0020629,0.0019093,0.0050526,0.0044273,0.0046382,0.0047829,0.0052893,0.0061282,0.0078106,0.011178,0.025037,0.023079,0.015327,0.0063938,0.003727,0.0021704,0.0013882,0.0008839,0.00055123,0.041037,0.0018198,0.0014091,0.0011291,0.001284,0.0028893,0.00346,0.0058747,0.01158,0.095628,0.013494,0.0052468,0.0036792,0.0032461,0.0022498,0.0029316,0.0027676,0.0069047,0.001023,0.00086343,0.0010438,0.0011402,0.00099183,0.0013922,0.0019524,0.0043287,0.029483,0.007469,0.0016037,0.00083431,0.00050684,0.00053483,0.0002545,0.00019455,0.0019799,0.00084484,0.00075596,0.0010479,0.0010497,0.0010004,0.0018556,0.0023761,0.006409,0.041485,0.0069886,0.0029467,0.0021574,0.0017103,0.0017567,0.0014843,0.0014801,0.0015984,0.0093127,0.0094509,0.0094639,0.011452,0.013393,0.016652,0.02432,0.050049,0.19327,0.040032,0.021305,0.013971,0.011278,0.010615,0.0073318,0.0079118,0.0030003,0.0011793,0.00051401,0.00066411,0.00054996,0.00081302,0.0021267,0.0025396,0.0053809,0.048455,0.0089007,0.0049569,0.003628,0.0028515,0.0010948,0.0028262,0.0028363,0.0069486,0.0044088,0.0043267,0.0045321,0.0053236,0.0065425,0.007555,0.011082,0.021606,0.042258,0.017719,0.0079056,0.0047782,0.0034366,0.0025084,0.0022098,0.0020809
0.0018692,0.0022539,0.0026061,0.0024648,0.0031987,0.0034989,0.0043563,0.0071464,0.014007,0.027052,0.017486,0.0048853,0.0022868,0.0029151,0.0012013,0.00059405,0.00032426,0.0020695,0.0015797,0.0014333,0.0017362,0.0014582,0.0023479,0.002931,0.0043412,0.007803,0.0086186,0.0094537,0.0033539,0.001842,0.0012391,0.00079107,0.0006419,0.00040246,0.00025748,0.00098478,0.001099,0.0010943,0.0012996,0.0014299,0.0020179,0.0027714,0.0043052,0.017382,0.015204,0.0047003,0.00278,0.0017246,0.0016411,0.0015274,0.0016003,0.024628,0.028934,0.030301,0.032542,0.036847,0.04415,0.058097,0.090357,0.21453,0.2988,0.11293,0.063219,0.045707,0.036238,0.031359,0.029266,0.029103,0.0061551,0.0018002,0.002224,0.0022973,0.0020717,0.0025729,0.003409,0.0053012,0.011983,0.016531,0.0070569,0.0037219,0.0025499,0.0016199,0.0017264,0.0015439,0.0019016,0.003336,0.0035532,0.0036586,0.0039276,0.004164,0.0049462,0.0059335,0.0080787,0.020853,0.043535,0.0088666,0.0042866,0.0025883,0.0016721,0.0010663,0.00051862,0.00021935,0.037926,0.001746,0.0017547,0.0014479,0.0021683,0.0032198,0.0040735,0.0069043,0.02257,0.11334,0.018553,0.0086043,0.0060792,0.0052476,0.0037394,0.0045671,0.0042649,0.010952,0.0015915,0.0016061,0.0017231,0.0011607,0.0025328,0.0027432,0.0038987,0.0065934,0.04021,0.009049,0.0033721,0.0016824,0.0013436,0.00072929,0.00064212,0.00078203,0.00073245,0.0014908,0.0015757,0.0016516,0.0019821,0.0023165,0.0028353,0.0048121,0.010597,0.045501,0.01108,0.0049049,0.0032399,0.0024486,0.0020816,0.0019961,0.0018997,0.0045453,0.0051553,0.0047579,0.004976,0.005773,0.0078426,0.012205,0.017941,0.053068,0.23295,0.049995,0.024058,0.016942,0.015937,0.013458,0.011011,0.012278,0.0049191,0.0031175,0.0031701,0.0028639,0.0041767,0.0042684,0.0050698,0.0065169,0.011589,0.041591,0.016323,0.0053797,0.0032061,0.001637,0.00041107,0.00092338,0.00066949,0.00055886,0.0033519,0.0035969,0.0038008,0.0041604,0.0046441,0.0059862,0.0070809,0.017449,0.062841,0.016045,0.0063265,0.0036275,0.0021604,0.0014585,0.0012831,0.0011005
0.0032063,0.001625,0.0022742,0.0014681,0.0016625,0.0019866,0.0019298,0.0034221,0.0086356,0.058548,0.018148,0.0045887,0.0019249,0.0020905,0.00099052,0.00069377,0.0004406,0.0005665,0.0014717,0.00094176,0.0012259,0.0012073,0.0016358,0.0018963,0.0027038,0.0061611,0.020534,0.0085877,0.0026122,0.0014106,0.00095627,0.00065827,0.00017957,0.00030708,0.0025959,0.00093376,0.0013591,0.001271,0.0015337,0.0014134,0.0019843,0.0025026,0.0052675,0.023915,0.012787,0.0035284,0.0015702,0.001078,0.00059162,0.00033232,5.9146e-05,0.035592,0.032201,0.034693,0.035653,0.039217,0.047929,0.06127,0.091588,0.22773,0.38799,0.066076,0.036146,0.022109,0.014507,0.0090001,0.0048469,0.0017891,0.0029793,0.0030195,0.0024682,0.0024084,0.0027175,0.0028924,0.0035103,0.0053617,0.011854,0.015429,0.0072167,0.0025153,0.0015291,0.00090572,0.0011131,0.00053505,0.0003891,0.00046731,0.00035495,0.00083438,0.0011454,0.0016597,0.0026814,0.0037921,0.0072624,0.021629,0.047095,0.013914,0.0078047,0.0057783,0.0050363,0.0041424,0.0041527,0.004057,0.038159,0.00097792,0.00071033,0.00071042,0.001414,0.00018301,0.00053801,0.0006081,0.0071248,0.063285,0.0092745,0.0030314,0.0016924,0.00097937,0.0011371,0.00074693,0.00094986,0.010143,0.00053264,0.00029451,0.00050539,0.00042116,0.00031044,0.0005534,0.00050158,0.00081049,0.010375,0.0064193,0.0023501,0.0013013,0.0010746,0.00090156,0.00081522,0.00078586,0.0030709,0.00074979,0.001255,0.001183,0.0016041,0.00099996,0.0016788,0.0019429,0.0033798,0.061499,0.0059719,0.0022559,0.0012917,0.00068559,0.00027491,0.000324,0.00026704,0.0063497,0.0032841,0.003163,0.0044414,0.0070912,0.0085668,0.008655,0.016566,0.05966,0.14642,0.060844,0.0084455,0.0079596,0.016411,0.015176,0.0093369,0.00030328,0.0029851,0.001399,0.0022211,0.0017211,0.0007705,0.0022559,0.0042202,0.0066749,0.0070014,0.039042,0.018067,0.0088889,0.0049638,0.0025833,0.0040299,0.0030017,0.0030995,0.00024987,0.0047493,0.0064168,0.0062388,0.0047236,0.0033282,0.0093792,0.016318,0.030241,0.038653,0.015194,0.011008,0.0074279,0.0035565,0.00043313,0.002617,0.0034275
0.012051,0.0013323,0.0011384,0.00028865,0.00081947,0.00080135,0.0021847,0.0049807,0.022633,0.036455,0.013305,0.0034562,0.0021412,0.0028824,0.0025295,0.0013384,0.00096896,0.0014763,0.0007345,0.0011469,0.0010435,0.0015427,0.0019281,0.0018702,0.0030784,0.0094715,0.0047931,0.0077233,0.0031913,0.0020556,0.0016276,0.0013087,0.001373,0.0012283,0.0007019,0.001677,0.001931,0.0018779,0.0020286,0.0022776,0.003087,0.0042142,0.0094808,0.023061,0.016044,0.0043105,0.0021997,0.0013181,0.0006151,0.00062711,0.0003662,0.023623,0.031795,0.034605,0.036307,0.041087,0.049303,0.065417,0.10128,0.27137,0.30928,0.11399,0.062766,0.044484,0.035444,0.03117,0.028399,0.028075,0.0003128,0.0026164,0.0016931,0.0019527,0.0018046,0.0024942,0.0030891,0.0043357,0.0149,0.012411,0.0076078,0.003593,0.0027681,0.0018555,0.001056,0.0029564,0.001667,0.0031948,0.00095107,0.0012173,0.001818,0.0026334,0.0036648,0.006079,0.01148,0.031378,0.014461,0.02582,0.013089,0.0096972,0.0080661,0.007186,0.0068971,0.0067044,0.04583,0.001403,0.00075547,0.001244,0.001635,0.0014299,0.001893,0.0040435,0.025375,0.10974,0.002274,0.0024326,0.0020133,0.00053948,0.0012327,0.00064669,0.00065995,0.0044251,0.00066726,0.00058432,8.8375e-05,0.00048845,0.00049654,0.00094781,0.0020594,0.0053808,0.0020354,0.0060287,0.0029473,0.002067,0.0017482,0.0013308,0.001313,0.0013352,0.00026703,0.0017309,0.0015567,0.0017395,0.0020639,0.0019521,0.0030888,0.0046616,0.011563,0.035264,0.0076216,0.004052,0.0026413,0.0022145,0.001703,0.0016856,0.0016861,0.0048161,0.0043822,0.0040753,0.0054229,0.0048937,0.0056942,0.0081728,0.012443,0.0526,0.24937,0.038203,0.01417,0.0087587,0.005287,0.00346,0.0044649,0.0042592,0.0033112,0.0011951,0.0005127,0.0018152,0.0011856,0.001769,0.002885,0.0045051,0.0096158,0.033966,0.023266,0.0083152,0.0060945,0.0047696,0.0052948,0.0035461,0.0037156,0.0036374,0.0051161,0.0051406,0.0056339,0.0061197,0.0070765,0.0091787,0.014006,0.029571,0.016751,0.02738,0.011594,0.0074718,0.0055169,0.0046801,0.0041602,0.0040417
0.013262,0.00079617,0.0011463,0.00057935,0.00065383,0.0011678,0.0013127,0.0051553,0.0086206,0.043255,0.012734,0.0042904,0.0026978,0.0027268,0.0018223,0.0017436,0.0012379,0.00069619,0.0014572,0.00099282,0.0011684,0.0015358,0.0012168,0.0020225,0.0032056,0.0056005,0.011965,0.0082749,0.0040346,0.0023145,0.0022749,0.0018111,0.0020228,0.0017414,0.0055257,0.0017618,0.0017151,0.0018474,0.0020781,0.0023579,0.0024213,0.0039552,0.0035564,0.036629,0.017333,0.0047227,0.0024245,0.0014107,0.0010071,0.00087639,0.00070381,0.061572,0.038672,0.017847,0.049788,0.066591,0.046714,0.037031,0.14481,0.37542,0.13069,0.053005,0.086033,0.060383,0.022189,0.019139,0.029446,0.032256,0.0062257,0.0014969,0.0014663,0.0022809,0.0034661,0.0018676,0.0024666,0.0073734,0.018958,0.0085413,0.0042884,0.0040927,0.0028357,0.00080376,0.0012391,0.0019341,0.0019303,0.0049782,0.0013559,0.0020184,0.0021978,0.0023674,0.0021165,0.0046488,0.0097579,0.028167,0.02918,0.01107,0.0071547,0.0066626,0.0045644,0.0031391,0.0040436,0.0049325,0.042521,0.0028426,0.0032747,0.0041917,0.0040988,0.0056802,0.0092696,0.015237,0.027604,0.097342,0.030222,0.014977,0.010898,0.0083812,0.0089837,0.0082998,0.0078184,0.0021248,0.0010507,0.00098629,0.0014089,0.0015983,0.0022051,0.0019857,0.0032433,0.0065674,0.016904,0.0094085,0.0036799,0.0023585,0.0021356,0.0013304,0.0013504,0.0013809,0.0025368,0.0015813,0.0011412,0.0011168,0.00144,0.0022247,0.0033283,0.0053787,0.0091706,0.024994,0.016288,0.0075619,0.0052408,0.0043469,0.0036288,0.0034476,0.0034142,0.0061589,0.0076459,0.0073307,0.0077643,0.0086032,0.010178,0.013205,0.019287,0.056436,0.20589,0.074847,0.020111,0.010582,0.0082008,0.0055519,0.0058241,0.0058652,0.00046731,0.0034313,0.0031762,0.0039774,0.0038847,0.0044502,0.0055555,0.0072805,0.013771,0.032834,0.028808,0.0095448,0.0058022,0.0041677,0.0027743,0.0030324,0.0030003,0.0051766,0.0053813,0.0055671,0.005874,0.0062907,0.0071846,0.008949,0.010952,0.025122,0.038527,0.030572,0.011011,0.0062163,0.0042003,0.0029597,0.002308,0.0021439
0.010977,0.0018259,0.002915,0.0028595,0.0030138,0.0031015,0.0049366,0.007058,0.023248,0.030049,0.010212,0.0044116,0.0029165,0.003874,0.0027562,0.00094309,0.0024395,0.00081445,0.0008626,0.00012948,0.00052736,0.00083386,0.0015045,0.0019057,0.0026209,0.0077891,0.005622,0.010698,0.0042166,0.0029194,0.002141,0.0023144,0.0018733,0.0017262,0.0042191,0.00021829,0.00026294,0.0002955,0.00057151,0.00018396,0.0010387,0.0015877,0.0075543,0.020336,0.0083504,0.0013313,0.00046235,0.00030823,1.7411e-05,0.00013909,1.5277e-05,0.031746,0.037413,0.038793,0.041637,0.046571,0.054188,0.068404,0.098508,0.26095,0.30916,0.101,0.050023,0.030608,0.020569,0.013952,0.0093261,0.0078775,0.0028973,0.0018453,0.002602,0.0024175,0.0023684,0.0030103,0.0035394,0.0053596,0.012376,0.016362,0.0052162,0.0027562,0.0018628,0.001142,0.0012791,0.00055688,0.0011005,0.0016117,0.0017813,0.0017839,0.0018332,0.0023066,0.0025246,0.0039607,0.0070844,0.018957,0.049245,0.0032095,0.0026751,0.0020322,0.001794,0.0015977,0.0014426,0.0012836,0.036257,0.0045114,0.004395,0.0051598,0.0054992,0.0071671,0.0086656,0.01251,0.026059,0.14038,0.042243,0.018159,0.011552,0.0093644,0.0071519,0.0074823,0.0063382,0.0079099,0.0016205,0.0013976,0.0016485,0.0023266,0.00081581,0.0018662,0.0030442,0.0038504,0.01904,0.0084953,0.003155,0.0013728,0.0010212,0.0006148,0.00024029,0.00010111,0.0026513,0.00048711,0.0008118,0.00084041,0.0010594,0.0014234,0.0019642,0.0030531,0.0069836,0.010342,0.013812,0.0056759,0.0038564,0.003162,0.0028902,0.0026235,0.0024338,0.01277,0.016528,0.018226,0.017893,0.020205,0.022357,0.028067,0.039931,0.079769,0.14743,0.093331,0.033948,0.019692,0.012106,0.0090641,0.0074719,0.0053044,0.0066568,0.0045781,0.0043895,0.004852,0.0050861,0.0060559,0.0068242,0.0089234,0.015208,0.041686,0.027936,0.009902,0.0051098,0.0035468,0.0026755,0.0019615,0.0015717,0.0028878,0.0030556,0.003044,0.0034441,0.0035907,0.0043673,0.0050573,0.0071993,0.010581,0.067618,0.025459,0.0078694,0.0041278,0.0023178,0.0014572,0.0008085,0.00061798
0.0035058,0.0018793,0.0025199,0.0031467,0.0029334,0.0042331,0.005779,0.0091473,0.032866,0.049362,0.016413,0.0079028,0.0049535,0.0016539,0.0040148,0.0047263,0.003418,0.003191,0.00037789,0.00023191,0.00089548,0.00085826,0.0013714,0.0017806,0.0035708,0.011017,0.016483,0.012338,0.0052337,0.0036246,0.003062,0.0027464,0.0027007,0.0025235,0.0026799,0.00082404,0.00093401,0.0010655,0.0014907,0.0015588,0.002337,0.0044483,0.010549,0.017564,0.009336,0.0037804,0.0025407,0.0023074,0.0018304,0.0017572,0.0017224,0.033358,0.031109,0.032924,0.034789,0.038463,0.046148,0.060104,0.093925,0.22891,0.35205,0.065253,0.039043,0.02676,0.019646,0.014967,0.013041,0.011904,0.00032807,0.0021874,0.0019971,0.0022345,0.0019386,0.0025621,0.0030931,0.0051899,0.010114,0.019577,0.0057691,0.0020247,0.0015063,0.0013679,0.00075766,0.00030572,0.00014495,0.00066185,0.0015573,0.0017482,0.0014703,0.0020192,0.0027857,0.0038235,0.0059875,0.021583,0.045065,0.0085978,0.0051432,0.0037825,0.0032417,0.0029778,0.0026456,0.0026188,0.039736,0.0058166,0.010611,0.014795,0.016613,0.019014,0.017267,0.014225,0.020956,0.11513,0.050684,0.027641,0.018228,0.012767,0.0068565,0.0033813,0.0013714,0.0062543,0.001083,0.00089559,0.00089252,0.0011061,0.00066018,0.0011552,0.0013943,0.0032391,0.015546,0.00683,0.0027149,0.0018799,0.00066492,0.00084846,0.00039278,0.00014306,0.0015526,0.0012936,0.0012457,0.001514,0.0024489,0.0027919,0.0032819,0.0036363,0.0081674,0.024548,0.018309,0.010751,0.0080179,0.0058995,0.0039619,0.0021792,0.00076294,0.030398,0.02259,0.024084,0.025989,0.028488,0.033304,0.040987,0.057359,0.11993,0.040761,0.11374,0.043193,0.024773,0.016457,0.012413,0.0090412,0.0072423,0.0030213,0.0045375,0.0037824,0.0034911,0.0050235,0.0055488,0.0065115,0.0081371,0.01256,0.043853,0.02631,0.0099104,0.0060204,0.0036347,0.0023881,0.0010845,0.0010987,0.00067521,0.00053001,0.0005527,0.00064725,0.0011518,0.0011427,0.0021397,0.0046114,0.010562,0.065049,0.023927,0.0089483,0.0060012,0.0044404,0.004101,0.0036431,0.0036278
0.0094473,0.00093757,0.0016947,0.0011999,0.00096635,0.0018318,0.0021261,0.0035807,0.024721,0.06891,0.017794,0.0072546,0.0044832,0.0053235,0.0010255,0.0025892,0.0021992,0.0070477,0.00017979,0.00076754,0.0011893,0.00071721,0.00094925,0.001633,0.0023959,0.0087992,0.02526,0.010633,0.0040245,0.0026861,0.001873,0.001692,0.0018477,0.0016003,0.002882,0.00038631,0.00033103,0.00057545,0.00069322,0.00074564,0.0011267,0.0019686,0.0085606,0.032463,0.012156,0.0043833,0.0027299,0.0021528,0.0016898,0.0016071,0.0016194,0.013441,0.016306,0.017129,0.020631,0.024018,0.031124,0.043612,0.071821,0.21192,0.36677,0.081377,0.054972,0.04269,0.035529,0.032559,0.03057,0.029692,0.0026932,0.0016378,0.0013122,0.00064774,0.00084016,0.0014642,0.0026292,0.0042953,0.01065,0.018577,0.0045162,0.0038547,0.0026242,0.001521,0.0022694,0.0027384,0.0022316,0.0055524,0.0036483,0.0038462,0.0041957,0.0048799,0.0058647,0.007306,0.011328,0.027023,0.032492,0.018038,0.0081738,0.0054532,0.0038528,0.003657,0.0034069,0.0031681,0.035843,0.0034859,0.0038771,0.0033907,0.0048289,0.005768,0.0065112,0.011079,0.038025,0.093585,0.031756,0.014711,0.010254,0.0079227,0.0073441,0.0070993,0.0074426,0.0021096,0.00088013,0.00026326,0.00060657,0.00027073,0.00022361,0.00044228,0.00081699,0.0039075,0.014967,0.0049969,0.0011849,0.00064993,0.00043888,0.00013473,0.00011227,2.2884e-05,0.00053978,0.00060144,0.00035489,0.00052943,0.00077771,0.00099904,0.0017056,0.0016567,0.0082505,0.042626,0.013666,0.0061483,0.0040708,0.003264,0.0028339,0.0025638,0.0026379,0.020329,0.022604,0.024011,0.026372,0.028076,0.032521,0.04114,0.05636,0.12909,0.097823,0.11253,0.041529,0.025275,0.015502,0.011424,0.008826,0.00898,7.2494e-05,0.0024311,0.0030754,0.0036505,0.0036323,0.0040827,0.004942,0.0068406,0.010156,0.04115,0.027457,0.01068,0.0066387,0.0049547,0.0038972,0.0044717,0.0038834,0.0051633,0.003057,0.0034704,0.0038475,0.0043658,0.0050852,0.0067016,0.010155,0.022614,0.042652,0.032294,0.012946,0.0087081,0.0069008,0.0058781,0.0056023,0.0053807
0.0044594,0.0013901,0.00087028,0.00080893,0.00088105,0.00079327,0.0016208,0.0016364,0.0074189,0.073894,0.019768,0.0070047,0.0044704,0.005163,0.0023073,0.0030731,0.0025712,0.0053025,0.00092675,0.0004202,0.00038422,0.00023123,0.00065671,0.00036078,0.00046444,0.0025962,0.028386,0.0070508,0.0019399,0.00083146,0.0006515,0.00046044,0.00051339,0.00026703,0.0042821,0.00093745,0.00088884,0.0010013,0.00097394,0.0010812,0.0013612,0.0013884,0.0021615,0.037734,0.010901,0.0034203,0.001903,0.0013799,0.00078918,0.00067896,0.00080299,0.0029488,0.0049677,0.0069724,0.012913,0.017246,0.025432,0.0409,0.072589,0.21133,0.3395,0.11698,0.07378,0.057528,0.048314,0.044489,0.042394,0.041142,0.0013542,0.0012173,0.00032668,0.00056961,0.00055604,0.0011909,0.0019295,0.0035524,0.012632,0.015426,0.006235,0.0041355,0.0028659,0.0031497,0.0021734,0.0026285,0.0026169,0.0036793,0.0053044,0.005341,0.0053849,0.0062417,0.0073173,0.0093222,0.014438,0.030361,0.017928,0.020272,0.0090991,0.0057636,0.0046166,0.0032861,0.0028527,0.0027066,0.032145,0.0048417,0.0045157,0.0050567,0.0056673,0.0066801,0.0089925,0.013676,0.032429,0.051799,0.028654,0.015507,0.010475,0.0089181,0.0070388,0.007478,0.0073186,0.0062962,0.0013722,0.00070888,0.00048431,0.00042866,0.00075826,0.00086325,0.0014668,0.0044472,0.010265,0.002256,0.0013684,0.0012992,0.00092396,0.00086422,0.00074529,0.00060843,0.0024796,0.0019457,0.0019837,0.0023671,0.0024293,0.0024685,0.0032784,0.0045996,0.0049258,0.051578,0.011915,0.0047114,0.0026291,0.0016653,0.0010451,0.00068275,0.00061035,0.0080625,0.016548,0.019515,0.0043474,0.018887,0.030091,0.012679,0.04384,0.1427,0.14596,0.076111,0.061899,0.033395,0.021041,0.029644,0.025245,0.015204,0.00037193,0.00111,0.0010483,0.0029356,0.0017918,0.0013144,0.0044397,0.0037749,0.0050447,0.045393,0.012873,0.011085,0.0093945,0.0034854,0.0051306,0.005717,0.0023098,0.0034066,0.003347,0.0040135,0.0059881,0.0036227,0.005855,0.0084963,0.0077379,0.028585,0.042371,0.0077605,0.0078074,0.0051999,0.00084161,0.0019597,0.00095234,0.00011063
0.0041085,0.00057062,0.002062,0.0014167,0.0033256,0.003694,0.0051355,0.0090183,0.036617,0.049097,0.029754,0.014686,0.01012,0.010154,0.0075488,0.0069175,0.0060121,0.0045586,0.001431,0.000864,0.00084049,0.00065025,0.0014451,0.0013336,0.0028044,0.0087296,0.020749,0.0085745,0.0034738,0.0025477,0.0021048,0.0016823,0.0015285,0.0017395,0.0046025,0.00086605,0.00065903,0.0009099,0.0010537,0.0016075,0.0023176,0.0046132,0.010111,0.028235,0.014615,0.0065176,0.004561,0.0036995,0.0033181,0.0032649,0.003069,0.018765,0.019327,0.021708,0.024825,0.029998,0.038207,0.05445,0.092705,0.25646,0.292,0.13898,0.080167,0.059923,0.04995,0.045497,0.042285,0.042039,0.0012303,0.00045124,0.00047641,0.00084242,0.00119,0.0014749,0.0020664,0.0036762,0.012925,0.015578,0.0063816,0.003093,0.0023849,0.0025395,0.0022049,0.00069746,0.0018978,0.0079118,0.0051798,0.0055182,0.0059297,0.0066125,0.0077412,0.0098978,0.013543,0.03286,0.0244,0.020023,0.008489,0.0049737,0.0033519,0.0024379,0.0017887,0.0018311,0.039622,0.0050743,0.0040759,0.0054179,0.0058043,0.0067704,0.0081951,0.012529,0.021028,0.075745,0.021648,0.008156,0.0048209,0.0029287,0.0015073,0.00094295,0.00071908,0.0063268,0.0010145,0.00071993,0.00076109,0.00043542,0.0010176,0.0016006,0.0019378,0.0068063,0.00064986,0.0043036,0.0018661,0.0014742,0.0010506,0.0010203,0.00095351,0.0010319,0.0011807,0.00047226,0.00089058,0.0013651,0.0018151,0.0024921,0.0036238,0.005956,0.015265,0.038364,0.022515,0.010395,0.0072265,0.0061456,0.005338,0.0050385,0.0049191,0.0077859,0.0012309,0.0010531,0.001192,0.0025981,0.0038808,0.0058005,0.014203,0.058001,0.2435,0.056294,0.014393,0.0063837,0.0054356,0.0034699,0.002374,0.0024834,0.0060121,0.0038549,0.0038554,0.0039621,0.0043847,0.0048823,0.0058634,0.007844,0.013878,0.032589,0.029675,0.0071716,0.0051889,0.0035817,0.0023924,0.0021145,0.0024758,0.0045548,0.0037753,0.0038953,0.0043244,0.0050638,0.0059508,0.0080288,0.011639,0.028474,0.021995,0.034698,0.01405,0.0097879,0.007665,0.0066609,0.0063846,0.0061723
0.0041562,0.0052831,0.0057656,0.0058123,0.007057,0.0078412,0.010257,0.015177,0.035574,0.024414,0.030974,0.014974,0.0098343,0.0082211,0.0065244,0.005813,0.0057012,0.010948,0.0016976,0.0017113,0.0016885,0.0019538,0.0027431,0.0034937,0.0048333,0.011256,0.011052,0.0086759,0.0041574,0.0024776,0.0021593,0.0017316,0.0013277,0.0015259,0.004242,0.0017639,0.0018653,0.002003,0.0024251,0.0029505,0.0040267,0.0063324,0.014904,0.015956,0.015869,0.007862,0.0051788,0.0040567,0.0039816,0.0035991,0.0034104,0.033366,0.029356,0.032044,0.033823,0.038348,0.046374,0.061016,0.098572,0.25031,0.28508,0.12621,0.070003,0.050662,0.041977,0.035898,0.032805,0.03229,0.0028496,0.0012886,0.0015928,0.0019262,0.0017851,0.0020279,0.0026199,0.0042729,0.012036,0.018045,0.0037329,0.0023231,0.0014554,0.0010653,0.00092889,0.0019864,0.0013237,0.0010605,0.0036106,0.0039587,0.0042301,0.0045217,0.0056015,0.0067911,0.0099119,0.02619,0.043758,0.011449,0.004696,0.0027221,0.0015923,0.0012114,0.00074604,0.00054169,0.031563,0.0019252,0.00088287,0.0015209,0.00094969,0.0020797,0.0015906,0.0012763,0.0027491,0.087633,0.019001,0.0059418,0.0038687,0.0023617,0.0022664,0.0018209,0.0021744,0.0060101,0.0006255,0.00033052,0.00032502,0.00032028,0.00076647,0.00096076,0.0013989,0.0043469,0.0092545,0.00092529,0.00046228,0.00040397,0.00043871,0.0002938,0.00037933,0.0002613,0.0033207,0.0028822,0.0032244,0.0034951,0.0039243,0.004531,0.0055432,0.0085059,0.019266,0.035554,0.020264,0.0085104,0.0056637,0.0043778,0.0037365,0.0035647,0.0033818,0.018858,0.0085849,0.0086084,0.0097487,0.011912,0.01443,0.020166,0.034795,0.0788,0.2104,0.077252,0.035787,0.024679,0.021081,0.018458,0.01729,0.016424,0.0038701,0.0024294,0.0027229,0.0023313,0.0031228,0.0035784,0.0045147,0.0068223,0.011678,0.03526,0.025189,0.0093094,0.0061161,0.0049691,0.0042252,0.0043493,0.0042325,0.0010128,0.001753,0.0018336,0.0021675,0.0024676,0.0030864,0.0036935,0.0069281,0.017578,0.051814,0.02127,0.009096,0.0061691,0.0049282,0.004589,0.0040678,0.0040684
0.0047379,0.0061863,0.006211,0.0073647,0.007344,0.009087,0.011079,0.01669,0.031891,0.024194,0.03292,0.011615,0.0075797,0.003029,0.0044781,0.0039246,0.0035134,0.0042668,0.0021036,0.0021414,0.0022488,0.0028067,0.0029289,0.0034575,0.0050323,0.011424,0.0023626,0.0093603,0.0034843,0.0023003,0.0015403,0.00097495,0.00082793,0.00092506,0.0068017,0.0027561,0.0027215,0.0028972,0.0031079,0.0036835,0.0044507,0.0065749,0.016314,0.01412,0.019943,0.0073415,0.0049644,0.0038047,0.003202,0.0030516,0.0028954,0.026038,0.029984,0.030472,0.033715,0.036887,0.04328,0.055035,0.083098,0.20916,0.40269,0.057196,0.034681,0.021215,0.01422,0.00913,0.0064664,0.0050297,0.003357,0.0016176,0.0013002,0.001272,0.0020361,0.0020267,0.0026265,0.0036173,0.0080903,0.020237,0.0066588,0.0024358,0.0012809,0.0013094,0.00046931,0.0014034,0.00022508,0.0013867,0.00017933,0.00036528,0.00049166,0.0010425,0.0016146,0.0027783,0.0044608,0.015736,0.058199,0.0063578,0.0031873,0.0024777,0.0022974,0.0017788,0.0020076,0.001749,0.025889,0.005332,0.0056439,0.0067062,0.0063973,0.0073426,0.0092956,0.011826,0.021281,0.079571,0.04365,0.013428,0.0077577,0.0055253,0.003849,0.0039931,0.0035229,0.0077192,0.00041064,0.00036377,0.00015505,0.00018669,0.00051914,0.00075063,0.000909,0.0032738,0.015314,0.0071097,0.0018233,0.00089917,0.00094064,0.00068602,0.00039048,0.00044822,0.0041924,0.0031567,0.0031882,0.003525,0.003544,0.0048,0.00552,0.007218,0.014763,0.036935,0.016747,0.0060771,0.0031873,0.0018867,0.0011158,0.000778,0.00038912,0.00019456,0.01378,0.014322,0.015503,0.017881,0.021797,0.028991,0.045455,0.1081,0.024593,0.11561,0.052364,0.03661,0.029261,0.027331,0.023967,0.024777,0.003315,0.0014448,0.0010994,0.0015497,0.0018731,0.002198,0.0030365,0.0042621,0.0077871,0.040796,0.018156,0.0091569,0.006207,0.0052683,0.0041995,0.0038952,0.0034028,0.00019645,0.0016923,0.0017458,0.0017889,0.0018669,0.0024889,0.0027163,0.0030689,0.0062783,0.069193,0.016868,0.0052225,0.0028031,0.0017091,0.0015987,0.0011149,0.0010662
0.0044499,0.0040222,0.0034969,0.0039415,0.0049165,0.0047131,0.0066277,0.0083436,0.01715,0.03865,0.029144,0.0089149,0.0052188,0.0057877,0.0036008,0.0015109,0.0015469,0.00021936,0.0016802,0.001459,0.00079303,0.0011244,0.0016367,0.0019113,0.0024833,0.0046266,0.0091148,0.0075744,0.0029457,0.001714,0.0012055,0.00096714,0.00080782,0.00097087,0.0010662,0.002667,0.0026892,0.0029957,0.0030823,0.0033475,0.0041923,0.0055648,0.0095855,0.029127,0.022772,0.0074199,0.0041504,0.0028625,0.0023365,0.001976,0.0018139,0.00065233,0.048673,0.019565,0.046705,0.043404,0.042966,0.08557,0.036708,0.29338,0.17989,0.17702,0.062183,0.050433,0.04782,0.018583,0.043989,0.0021248,0.0085775,0.0023825,0.0015698,0.002366,0.0025183,0.0016946,0.0041774,0.0019378,0.01695,0.0048348,0.0088746,0.0045759,0.0034166,0.0034354,0.001089,0.0038981,0.0006733,0.0020466,0.00057606,0.0018962,0.00057256,0.0028857,0.0015673,0.0062789,0.0032662,0.021724,0.010692,0.013411,0.01103,0.005702,0.0068392,0.0031659,0.0062375,0.0027867,0.046296,0.0080672,0.0085564,0.0088828,0.0091627,0.010937,0.012059,0.016904,0.026335,0.061749,0.067309,0.021741,0.012851,0.0095587,0.0080093,0.0068136,0.0061341,0.013016,0.0014015,0.001032,0.00086524,0.0012977,0.0013608,0.0015439,0.0025581,0.0047059,0.0109,0.0093562,0.0031597,0.0021368,0.001437,0.0013081,0.0013737,0.0011826,0.0021477,0.00089266,0.00062951,0.0006788,0.00052623,0.00053449,0.00083502,0.00098704,0.0021838,0.023016,0.010376,0.0027552,0.0015153,0.0012575,0.00086055,0.00077924,0.00074388,0.022917,0.0092446,0.010259,0.011042,0.012205,0.015501,0.019314,0.029253,0.058796,0.13105,0.10766,0.039792,0.026863,0.02021,0.01782,0.015882,0.017035,0.0012818,0.0039569,0.0027859,0.0037437,0.0036528,0.0043288,0.0051985,0.0068263,0.010431,0.037412,0.028764,0.0098545,0.0058935,0.0044249,0.0040479,0.0032752,0.0026398,0.0072251,0.0046497,0.0048206,0.0051706,0.0055099,0.0062074,0.0079062,0.0097725,0.016635,0.029052,0.038276,0.012907,0.0076254,0.0053822,0.0043428,0.0037019,0.0036889
0.0031548,0.0028308,0.0045698,0.0034557,0.0036247,0.0048666,0.0050983,0.0072443,0.011183,0.053393,0.024798,0.0087176,0.0060102,0.0061176,0.0026537,0.0020953,0.0011826,0.0032464,0.0013587,0.0010075,0.00048563,0.00093681,0.0010016,0.0016533,0.0017048,0.0021263,0.019328,0.0071461,0.00198,0.0012784,0.0007761,0.0004478,0.00027798,0.00025559,0.0046006,0.0034391,0.0032621,0.0034735,0.0039032,0.0041663,0.0048747,0.0071631,0.010973,0.039575,0.020705,0.0068702,0.0035938,0.001843,0.0014402,0.00075577,0.00034713,0.0081674,0.0038337,0.0067458,0.0087328,0.011344,0.017327,0.026277,0.043004,0.10934,0.31483,0.12432,0.063241,0.04556,0.038647,0.03415,0.032327,0.032292,0.0094243,0.00081185,0.00054166,0.00018977,0.00081113,0.0011941,0.0017119,0.0028605,0.0068316,0.022862,0.007343,0.0035748,0.0026531,0.0024469,0.0021565,0.0015014,0.00071909,5.9143e-05,0.00056058,0.00057189,0.00075132,0.0012412,0.0017299,0.0020671,0.0043354,0.0090518,0.037918,0.017421,0.0072695,0.0050732,0.0044218,0.0036021,0.0032369,0.0030499,0.029499,0.010073,0.0089298,0.0097579,0.0099455,0.012081,0.014177,0.01928,0.03137,0.06112,0.069159,0.021747,0.012906,0.0076826,0.0064447,0.0052039,0.005375,0.014359,0.00093219,0.00049923,0.00052533,0.00050631,0.0011425,0.0014815,0.0020817,0.0031702,0.010885,0.0078307,0.0023268,0.0024047,0.0016572,0.0015597,0.0014604,0.0014458,0.0028401,0.00040049,0.00020186,0.00020119,0.00017209,8.9049e-05,0.00024871,0.00049354,0.0019799,0.011612,0.0049916,0.00088384,0.00031653,0.00021192,0.00026355,0.00021507,0.0002041,0.024401,0.01396,0.014389,0.013659,0.016429,0.018058,0.021747,0.02875,0.037301,0.16482,0.068581,0.016177,0.0066047,0.0023663,0.0049889,0.005281,0.0047436,0.0041752,0.0033436,0.0031199,0.0051266,0.0054651,0.0063467,0.0081861,0.011254,0.016035,0.039201,0.026948,0.0052883,0.0012888,0.0024363,0.0028198,0.0030735,0.0030842,0.0030098,0.00093922,0.0019428,0.0031711,0.0042979,0.0057097,0.0074051,0.010618,0.016967,0.048708,0.035422,0.01001,0.0048381,0.002903,0.0018791,0.0016133,0.0016632
0.0084535,0.0019536,0.0016284,0.0022564,0.0027498,0.0042915,0.0046149,0.0063631,0.016975,0.02889,0.025243,0.010757,0.0082331,0.00801,0.002493,0.0042845,0.0042725,0.0055524,0.00093716,0.00079659,0.00088505,0.00058172,0.0019497,0.002258,0.0027128,0.0061916,0.010885,0.0091153,0.0039387,0.0026721,0.0022515,0.001955,0.0019032,0.0017376,0.002966,0.0028186,0.0027081,0.0028046,0.003143,0.0040753,0.0047091,0.0065225,0.011662,0.028538,0.019414,0.007778,0.005084,0.0037899,0.0036409,0.0029785,0.0029812,0.016117,0.022397,0.02203,0.024483,0.026622,0.031852,0.039758,0.059548,0.14349,0.41388,0.050849,0.027364,0.017183,0.011769,0.0076747,0.0063559,0.0054475,0.0082513,0.0017815,0.0020685,0.0016365,0.0018106,0.0021156,0.0028127,0.0036911,0.0076711,0.020879,0.0046685,0.0023055,0.00082516,0.00027826,0.0001398,0.0013141,0.00075533,0.00092125,0.0011351,0.0012105,0.0013549,0.0018488,0.0017171,0.002696,0.0041641,0.011987,0.057155,0.0097488,0.0039545,0.0026142,0.0021437,0.0017605,0.0019311,0.0017605,0.025708,0.0095177,0.0091709,0.0023865,0.011808,0.011719,0.0047431,0.021777,0.027517,0.0080732,0.080748,0.018757,0.0047604,0.010782,0.0049096,0.0030055,0.0061914,0.013733,0.00040527,0.00044834,0.00046528,0.0010426,0.00072732,0.00012796,0.0019487,0.0044555,0.0047797,0.011405,0.0037034,0.0011427,0.0028465,0.0017336,0.0010139,0.0024376,0.0012283,0.00041368,0.00075486,0.00057299,0.00057488,0.0017641,0.00049323,0.0032894,0.0061077,0.015349,0.017782,0.0054095,0.0015847,0.0043758,0.0020855,0.0015173,0.0033417,0.0079786,0.009606,0.0088971,0.0098325,0.01171,0.014202,0.018947,0.028887,0.061014,0.05138,0.072795,0.037402,0.025447,0.020154,0.018682,0.016155,0.016333,0.00044825,0.0022609,0.0019392,0.0021998,0.0018572,0.0026622,0.0031472,0.0049627,0.008492,0.044046,0.018605,0.0085746,0.0058624,0.0046064,0.0036787,0.0035226,0.0032864,0.0024186,0.0028781,0.0032099,0.0033833,0.0032977,0.0044645,0.0049677,0.0072779,0.011543,0.067384,0.019782,0.0067592,0.0034261,0.0019215,0.0011974,0.00064702,0.00038528
0.0050164,0.0021187,0.0016718,0.0015512,0.0026469,0.0041621,0.005223,0.007229,0.014335,0.034346,0.025894,0.0046004,0.0086071,0.0066637,0.0019666,0.0061622,0.00016784,0.0042019,0.00025766,0.0010949,0.0011724,0.0010222,0.0021401,7.8759e-05,0.0028872,0.002657,0.0078569,0.0074183,0.0010991,0.0020777,0.0013809,0.00091657,0.0012756,0.00055885,0.0062409,0.0020418,0.0017937,0.0028834,0.0014903,0.0042401,0.003284,0.006593,0.014278,0.021981,0.02194,0.0046206,0.0066814,0.0049688,0.0028962,0.0053939,0.00057602,0.020491,0.014453,0.017293,0.018256,0.023112,0.029876,0.042495,0.073426,0.19552,0.33779,0.11935,0.070463,0.05409,0.045411,0.040955,0.038768,0.038127,0.0092622,0.00073018,0.0010631,0.0011711,0.00088251,0.0015708,0.0025387,0.0037023,0.01199,0.016125,0.006293,0.0034967,0.0028769,0.0024017,0.002069,0.003723,0.0031205,0.0030137,0.0028027,0.0026141,0.0030928,0.0035707,0.004223,0.0059317,0.0088908,0.022622,0.0035844,0.017178,0.009168,0.0067108,0.0056523,0.0047495,0.0047968,0.0047265,0.030737,0.0013312,0.0017086,0.0025314,0.003275,0.0038213,0.0052799,0.0078283,0.0042936,0.041597,0.065604,0.020971,0.013225,0.0095236,0.0086896,0.0084272,0.0081045,0.0108,0.00050024,0.0005866,0.00036457,0.00065861,0.0005175,0.00025812,0.001053,0.0026635,0.0066004,0.0022,0.00046697,0.00015935,0.00015087,0.00019073,0.00025481,6.1028e-05,0.0037346,0.00079898,0.0010193,0.0012434,0.0017796,0.0017218,0.002822,0.0035471,0.0089933,0.027477,0.018374,0.0069475,0.0047112,0.0036005,0.0031153,0.0030172,0.0029068,0.020022,0.0018974,0.00308,0.0020401,0.0032277,0.0027341,0.0042067,0.0074478,0.023584,0.24602,0.018854,0.0075859,0.0040567,0.0030933,0.0039704,0.0022844,0.00078012,0.0055638,0.0020462,0.0020327,0.0024583,0.0024193,0.002874,0.0036612,0.0049843,0.0094677,0.04226,0.012451,0.005013,0.0032613,0.0017835,0.0025797,0.0023151,0.0020886,0.0028763,0.00086101,0.0011529,0.0015308,0.0021056,0.0032229,0.0048451,0.0078512,0.018282,0.030102,0.017613,0.010372,0.0077858,0.0063889,0.0058986,0.0053682,0.0051461
0.0058862,0.0040655,0.0026092,0.0033044,0.0037073,0.0038205,0.005402,0.0082142,0.0072061,0.039852,0.018708,0.0067535,0.002969,0.00066739,0.0023934,0.0015689,0.0016899,0.0053426,0.00036517,0.00072939,0.0005918,0.0010977,0.00093267,0.00060755,0.0016702,0.0014762,0.017691,0.0052571,0.0017484,0.00091153,0.00038675,0.00032021,0.00046993,0.00027275,0.0054437,0.0026468,0.0024935,0.0026366,0.0029384,0.0033515,0.0040479,0.0055255,0.0080939,0.033787,0.015857,0.0056842,0.0033313,0.0024987,0.0016965,0.0013077,0.0014076,0.010578,0.010415,0.011618,0.013734,0.016708,0.022248,0.032142,0.055816,0.14236,0.41696,0.09167,0.055187,0.041652,0.035613,0.031077,0.030934,0.029728,0.0033246,0.0015036,0.00080916,0.0011442,0.00087414,0.0013993,0.0017914,0.0030422,0.0050901,0.025682,0.0018169,0.00075536,0.00074242,0.00048763,0.0010042,0.0015183,0.0011807,0.0001049,0.00082678,0.00078917,0.00077346,0.0011221,0.0011376,0.0017048,0.002165,0.0073818,0.060509,0.0016111,0.00037811,0.00041514,0.00029847,0.00030287,0.00041511,0.00031854,0.029742,0.0055154,0.0053926,0.0064237,0.0068046,0.0071271,0.0079455,0.011558,0.023048,0.080961,0.072845,0.019125,0.011639,0.0064162,0.0064002,0.0053811,0.0052739,0.0058766,0.00111,0.00064314,0.00093138,0.00085944,0.0007609,0.00097952,0.0010111,0.0023745,0.021528,0.0056641,0.0022199,0.0019539,0.0016024,0.0006775,0.00068852,0.00068473,0.0016651,0.00025214,0.00052856,0.00047507,0.00036563,0.00056675,0.00052547,0.0015241,0.0024903,0.026269,0.012126,0.0030976,0.0015269,0.00097811,0.00059559,0.00067294,0.00064659,0.023198,0.013282,0.014729,0.014969,0.01599,0.019068,0.023607,0.034268,0.073662,0.10543,0.051,0.024299,0.015011,0.011209,0.0072274,0.0083221,0.0061837,0.0039101,0.0014997,0.0016587,0.0014634,0.0015872,0.0023413,0.0029797,0.0045553,0.0077985,0.045574,0.01466,0.0063223,0.0041912,0.0036329,0.0021531,0.0028903,0.0026932,0.0044461,0.0019968,0.0019537,0.0022679,0.0023677,0.002339,0.0029258,0.0035745,0.0037904,0.080102,0.017035,0.0048534,0.0025891,0.0015432,0.00092743,0.00049738,0.00042151
0.0031739,0.0028159,0.0019687,0.0018687,0.0030506,0.0032071,0.0037059,0.0042215,0.012765,0.037817,0.011064,0.004056,0.0024109,0.0013321,0.0021654,0.00074398,6.8683e-05,0.010616,0.00084656,0.0017613,0.0014833,0.0013319,0.0021763,0.0023957,0.0033431,0.0058984,0.012321,0.0075457,0.0027868,0.0014986,0.00093441,0.00057546,0.00021585,5.3413e-05,0.0024071,0.0017723,0.0013638,0.0016409,0.0019757,0.0021959,0.0025125,0.0039045,0.0052286,0.036719,0.0080618,0.0029672,0.0016667,0.00095962,0.0012347,0.00081033,0.00066757,0.020653,0.02267,0.023481,0.025184,0.027606,0.033143,0.042703,0.064173,0.13632,0.34557,0.084395,0.046301,0.033147,0.025875,0.022088,0.019001,0.018601,0.0049783,0.00066749,0.0011101,0.0011547,0.0019238,0.0020402,0.0026399,0.0040756,0.0099986,0.016858,0.0048893,0.0028726,0.0020834,0.0018258,0.001364,0.001704,0.0010376,0.0011768,0.00060603,0.00072871,0.00094609,0.0012815,0.0018359,0.0030976,0.0049901,0.013447,0.0045441,0.013531,0.007406,0.0055032,0.004545,0.0039511,0.00377,0.0037747,0.04008,0.0059989,0.0072183,0.0067709,0.0074597,0.007865,0.0093519,0.01157,0.016828,0.028321,0.05739,0.015678,0.007885,0.0027433,0.0021248,0.0018242,0.00058176,0.0018521,0.00048976,0.00057764,0.00067252,0.0004953,0.00047287,0.00055549,0.00097052,0.0020579,0.015382,0.001867,0.00046061,0.00031967,0.00045276,0.00037899,0.00038731,0.00038338,0.0026703,0.0023634,0.0024626,0.0027133,0.0027357,0.0031093,0.0042341,0.0056437,0.0089679,0.042083,0.01711,0.0060173,0.0032603,0.0024936,0.0017856,0.0016301,0.0015297,0.0037861,0.002793,0.0029372,0.0032019,0.0032942,0.003656,0.004524,0.0057054,0.00842,0.23141,0.023454,0.010442,0.0054959,0.0041706,0.0052868,0.003245,0.0031987,0.0050526,0.0017612,0.0013733,0.00095411,0.0016219,0.001736,0.0024683,0.002925,0.0068162,0.043519,0.0096034,0.005113,0.0033735,0.003218,0.002927,0.0024768,0.0024738,0.0026894,0.00085082,0.0010283,0.0013627,0.0015397,0.001929,0.0028327,0.0049746,0.011382,0.035655,0.012001,0.00747,0.0053261,0.0045553,0.0042524,0.0040355,0.0038987
0.0017109,0.0033483,0.0023334,0.0027496,0.0027852,0.0019354,0.0022524,0.0031266,0.0065877,0.034908,0.0078931,0.0031305,0.0015732,0.00081929,0.0026588,0.0018048,0.00090599,0.0017472,0.0023912,0.00097468,0.00088569,0.00074873,0.0011787,0.00053983,0.00055638,0.00028834,0.017458,0.00057987,0.00036644,0.00039785,0.00040231,0.00053978,0.00019804,0.00025177,0.0014019,0.0018049,0.0017744,0.0017878,0.0022853,0.0020279,0.0021998,0.0035476,0.0058448,0.025254,0.0079626,0.0031337,0.0017732,0.0013186,0.00079784,0.00044155,0.00044822,0.010843,0.006434,0.0076308,0.0081842,0.01041,0.013194,0.018845,0.030285,0.077008,0.47124,0.045487,0.030655,0.022576,0.020277,0.019524,0.016078,0.016115,0.0031491,0.0027671,0.0015386,0.0016768,0.00065439,0.00063528,0.0011795,0.0013305,0.0026818,0.026525,0.0019741,0.00075204,0.0010775,0.0006349,0.0019762,0.00062857,0.0007534,3.244e-05,0.00081196,0.00080036,0.00089857,0.0010099,0.0009391,0.0010252,0.0026109,0.0039147,0.047227,0.0055189,0.0025489,0.0016511,0.0013946,0.0011462,0.0011099,0.0011463,0.03337,0.0081716,0.0076175,0.0078552,0.0080979,0.0085268,0.010066,0.013397,0.0077327,0.129,0.060984,0.018391,0.0092138,0.0083978,0.0033455,0.002094,0.0018788,0.0091154,0.003329,0.00097036,0.00061221,0.001244,0.00053392,0.00089407,0.00087085,0.0015011,0.027658,0.0024669,0.002939,0.0015328,0.00099231,0.0011734,0.0010208,0.00083734,0.0041771,0.0015575,0.0011611,0.0012214,0.0010043,0.0014272,0.0013969,0.0015352,0.0048964,0.031889,0.009896,0.0027334,0.0011331,0.00075608,0.00046876,0.00018333,6.4857e-05,0.003336,0.011282,0.01151,0.013206,0.014231,0.016263,0.018754,0.027338,0.06086,0.089314,0.043448,0.019529,0.011037,0.0070537,0.0037535,0.0010357,0.00056269,0.0042954,0.0033508,0.0024192,0.0033144,0.0025267,0.0027154,0.0028513,0.005084,0.0081299,0.050055,0.011368,0.0041607,0.0020464,0.0013033,0.0014527,0.00073942,6.8665e-05,0.0025387,0.0016471,0.0017866,0.0015919,0.0018321,0.0024515,0.002793,0.0037545,0.0051166,0.072186,0.017422,0.0063544,0.0043029,0.0033296,0.002792,0.0023989,0.002306
0.0047227,0.0015185,0.00096161,0.0013911,0.0013595,0.00027723,0.00099257,0.0017415,0.0056494,0.054333,0.0093849,0.0046006,0.0023129,0.0017555,0.0029808,0.0015248,0.0016442,0.0074903,0.00036796,0.00075405,0.00023453,0.00088533,0.0012991,0.0010622,0.0013799,0.0017575,0.020208,0.0063989,0.0026156,0.0015549,0.0010899,0.00073302,0.0010386,0.0010052,0.00048258,0.00070524,0.00050935,0.00043501,0.0006193,0.00092849,0.0011179,0.0018929,0.004565,0.041058,0.0092258,0.0037701,0.0025165,0.0019213,0.0020552,0.0017675,0.0015927,0.0041257,0.0099604,0.010198,0.012127,0.014364,0.01782,0.0243,0.039755,0.080357,0.28925,0.089058,0.047028,0.034913,0.028441,0.024331,0.023624,0.02273,0.014347,0.0015318,0.00088279,0.00062153,0.00085352,0.0011528,0.0018943,0.0032409,0.0061597,0.023418,0.0042797,0.0027683,0.0021143,0.0015125,0.00070348,0.001971,0.0020027,0.0008526,0.00043038,0.00014716,0.00021144,0.0008207,0.00098204,0.0017511,0.0022318,0.0054541,0.035145,0.012036,0.0052385,0.0037442,0.002889,0.0026481,0.0027763,0.0026531,0.042977,0.0042547,0.0052338,0.0048146,0.0051481,0.0060928,0.0065249,0.008846,0.0095622,0.023273,0.051361,0.013344,0.0069651,0.0046843,0.0029881,0.0020356,0.0019265,0.021395,0.0013685,0.0010492,0.0013143,0.00094186,0.0018854,0.0017024,0.0023053,0.004082,0.019137,0.0078501,0.0028017,0.0017303,0.0016809,0.00086129,0.001001,0.00076868,0.0032273,0.0019114,0.0020858,0.002309,0.0027664,0.0029867,0.0040499,0.0058299,0.0094533,0.040873,0.020916,0.0076038,0.0050148,0.0038233,0.0035889,0.0031771,0.0030327,0.013079,0.0034163,0.0034651,0.0061698,0.0074535,0.0062323,0.015436,0.009585,0.045319,0.15935,0.076857,0.032069,0.022325,0.02224,0.013681,0.020279,0.0084096,0.010698,0.0016708,0.0015854,0.00099751,0.0023348,0.0020723,0.0032373,0.0048531,0.0077107,0.039808,0.016756,0.0075383,0.005695,0.004537,0.0031638,0.0028547,0.0030842,7.249e-05,0.004149,0.0032136,0.0043544,0.0034956,0.0056367,0.0049914,0.0085148,0.015603,0.049287,0.022464,0.0037406,0.006137,0.00015455,0.0034379,0.00096131,0.0026742
0.0077172,0.0012158,0.00024013,0.000768,0.0016471,0.0016832,0.0024543,0.0040125,0.010344,0.032554,0.005307,0.0037459,0.0021182,0.0018933,0.0059101,0.0024964,0.0020714,0.00011253,0.0022779,0.001186,0.0014199,0.00092834,0.00061152,0.00063772,0.0010712,0.0036179,0.010181,0.0035353,0.00043243,0.00022185,0.00019242,0.00049125,4.6932e-05,0.0001812,0.0045662,0.00058053,0.00076838,0.00084901,0.0010135,0.0013814,0.0023084,0.0025146,0.0076973,0.029272,0.0046265,0.0031567,0.0023752,0.0019808,0.0012501,0.0015451,0.0014496,0.043282,0.038536,0.03946,0.042775,0.04584,0.051038,0.060274,0.076901,0.15445,0.42062,0.044766,0.037901,0.038664,0.039839,0.042263,0.042415,0.042527,0.017596,0.0032393,0.0032691,0.0036861,0.0031446,0.0035681,0.003674,0.0052795,0.0093919,0.021217,0.0062545,0.0026037,0.001836,0.0023591,0.0021109,0.0004917,0.0008526,0.0028534,0.0035676,0.0037424,0.0040633,0.0044329,0.004691,0.0062061,0.0090081,0.01727,0.042425,0.0094658,0.0042829,0.0024495,0.0015145,0.00081745,0.00054822,0.00016785,0.026141,0.0024122,0.00333,0.0039478,0.0046573,0.0064502,0.0088285,0.011507,0.022901,0.062259,0.079459,0.023946,0.016577,0.010461,0.010434,0.010047,0.0097066,0.018515,0.0023484,0.00052925,0.00043116,0.00043808,0.00083521,0.00046061,0.00092915,0.0026509,0.016163,0.0029259,0.00074766,0.00066727,0.0009269,0.00069646,0.00050549,0.00064661,0.0050565,0.0015011,0.0013429,0.0016883,0.0015469,0.0018368,0.0020477,0.0032111,0.003749,0.032849,0.017502,0.0037095,0.0019847,0.0010989,0.00096732,0.00074343,0.00060847,0.027661,0.0069872,0.0071556,0.008656,0.0091603,0.012292,0.016129,0.022006,0.053497,0.10441,0.087292,0.036924,0.025331,0.019747,0.018834,0.015895,0.017441,0.0020027,0.001615,0.00018237,0.0011825,0.0007065,0.001402,0.0024246,0.0036419,0.0076115,0.040824,0.020323,0.0096541,0.0069491,0.005803,0.0037616,0.0045084,0.00412,0.0026722,0.0042321,0.004322,0.0047593,0.0051506,0.0060539,0.0071487,0.010751,0.019693,0.054464,0.0247,0.0096551,0.0060041,0.0043928,0.0031193,0.0027503,0.0025883
0.0020047,0.0022702,0.0011824,0.00086132,0.00058888,0.00025416,0.00082382,0.0018429,0.002987,0.068929,0.0073297,0.0012166,0.00071501,0.00068641,0.00378,0.0012057,0.00096704,0.0098878,0.0018109,0.00035242,0.00025727,0.00039522,0.00056954,0.00039293,0.00072217,0.0024224,0.021163,0.0061035,0.0012717,0.0011809,0.00081266,0.00054486,0.00048721,0.00063324,0.0073663,0.00066882,0.00081967,0.00088035,0.00080334,0.0008235,0.00095217,0.0019179,0.0017958,0.045189,0.0081571,0.001776,0.00093336,0.00046985,0.00047265,0.00015283,6.485e-05,0.018685,0.027076,0.027407,0.029139,0.033326,0.038904,0.049317,0.076209,0.14854,0.27092,0.1056,0.05322,0.035003,0.027521,0.022809,0.021813,0.019551,0.0022965,0.0022603,0.0018561,0.002221,0.002032,0.0019686,0.0026727,0.0040191,0.0098879,0.020854,0.0056741,0.00267,0.0016514,0.0018506,0.0016434,0.00072736,0.00039673,0.0056954,0.0029981,0.0032234,0.0033581,0.0038007,0.0046304,0.0054152,0.0060961,0.014938,0.038338,0.013416,0.0050622,0.0028282,0.0021049,0.001109,0.00039565,0.00032807,0.024048,0.0028041,0.0031419,0.0012208,0.0023423,0.0046545,0.0063679,0.0103,0.019711,0.0082099,0.081892,0.022042,0.014806,0.0099962,0.0090319,0.0088391,0.0081788,0.0049516,0.0022366,0.0012988,0.0012488,0.0012332,0.0017476,0.001428,0.0023911,0.0041558,0.010574,0.0078217,0.0021571,0.00093096,0.00058935,0.00037145,0.00026602,7.2498e-05,0.0016365,0.0025073,0.0019675,0.0021621,0.0022742,0.0026619,0.0030781,0.0048902,0.0083187,0.016085,0.015323,0.0035688,0.002105,0.001017,0.00064523,0.00023229,7.6145e-06,0.017947,0.0053902,0.0049157,0.0051214,0.0052534,0.006448,0.0068015,0.0069817,0.0056906,0.22525,0.030016,0.011567,0.005882,0.0021598,0.003442,0.0023247,0.00094416,0.010241,0.0027819,0.0032056,0.003258,0.0033034,0.0037979,0.0048853,0.0062,0.010903,0.044899,0.017384,0.0064826,0.0036492,0.0035141,0.0021153,0.001745,0.0014782,0.0046902,0.0044361,0.0044054,0.0044776,0.0051787,0.0054261,0.0068526,0.0081487,0.017832,0.052861,0.020804,0.0077237,0.0043815,0.0025553,0.0015825,0.0008451,0.0004902
0.012863,0.0063879,0.0028762,0.0025932,0.0030616,0.0044694,0.005319,0.0064521,0.021218,0.047224,0.011375,0.0046817,0.003226,0.0025309,0.00164,0.0023092,0.0012093,0.016444,0.010944,0.0051604,0.0029785,0.0030491,0.0014988,0.0021196,0.0030757,0.0065678,0.0045564,0.0049221,0.0018026,0.0013013,0.0010764,0.00087425,0.00041245,0.00059319,0.0023041,0.0044684,0.0019964,0.0017967,0.001993,0.0019105,0.0027735,0.0031701,0.008287,0.037305,0.0079371,0.0025991,0.0015215,0.00089867,0.00048639,0.0005305,0.00054932,0.0071965,0.005663,0.0049304,0.0043251,0.0070259,0.010928,0.017178,0.029711,0.067507,0.49972,0.057059,0.03628,0.02811,0.023945,0.020546,0.019921,0.020102,0.025572,0.009487,0.0046089,0.0030406,0.0028321,0.00251,0.0026949,0.0024509,0.0041599,0.017963,0.0033755,0.0016212,0.00065958,0.00058325,0.001251,0.0013499,0.00089074,0.0020294,0.0028493,0.0021428,0.0019859,0.0021057,0.0032954,0.0030131,0.0043212,0.0089697,0.03402,0.0047967,0.0030692,0.0021608,0.0015711,0.0010623,0.0015292,0.0012856,0.04016,0.0098866,0.0078881,0.0064758,0.001325,0.0070497,0.013305,0.016105,0.012731,0.064612,0.07913,0.022873,0.0054754,0.0028163,0.0076768,0.0053986,0.002348,0.030413,0.010963,0.0049193,0.0029869,0.0025875,0.0025947,0.0023245,0.0015373,0.0054587,0.0089427,0.0057834,0.00168,0.0013136,0.0013271,0.00084464,0.00075367,0.00073436,0.012228,0.001892,0.0029834,0.0040772,0.0038544,0.0030733,0.0031321,0.0062546,0.014094,0.015788,0.018264,0.0064204,0.00433,0.0022303,0.0010143,0.0016822,0.0022793,0.025593,0.0085097,0.0047007,0.0032537,0.0043189,0.0050659,0.0070928,0.010509,0.019851,0.15926,0.028844,0.013157,0.0096499,0.006879,0.0040304,0.0050639,0.0062562,0.017647,0.010134,0.0045511,0.0034133,0.0026618,0.001958,0.0022337,0.00069798,0.0031881,0.050661,0.0022827,0.0028119,0.00136,0.0019733,0.0026566,0.0020276,0.0019532,0.0069009,0.002936,0.0022631,0.0020311,0.0023805,0.001969,0.0032274,0.004204,0.0094853,0.057291,0.0072799,0.0032053,0.0019698,0.0012426,0.00051317,0.00072243,0.00065613
0.024964,0.001158,0.0014659,0.0012661,0.00069769,0.0013319,0.0019591,0.0034379,0.014516,0.028976,0.0068014,0.0025246,0.0018499,0.0020216,0.0015839,0.00084488,0.00070191,0.059333,0.0037465,0.0014429,0.00028904,0.00050497,0.0011113,0.0015756,0.0014651,0.0036202,0.019381,0.0039688,0.00055224,0.00019878,0.00014403,0.00012932,0.00024391,0.00029946,0.018559,0.0010945,0.00035964,0.00014504,0.00024859,0.00052782,0.0004814,0.0012644,0.0046723,0.033081,0.0060305,0.0020095,0.0013753,0.0011071,0.00084725,0.0010506,0.00096894,0.012217,0.026604,0.026563,0.027413,0.030003,0.034532,0.044489,0.06402,0.13233,0.48528,0.063475,0.031894,0.01997,0.013103,0.0081486,0.0046224,0.0034924,0.063331,0.0030977,0.0018434,0.0019106,0.0020891,0.0021873,0.002733,0.0038764,0.008744,0.026872,0.0052343,0.0024289,0.0015364,0.001164,0.0015457,0.00035347,0.0010281,0.012316,0.00048971,0.00064759,0.00019544,0.00051753,0.0013078,0.0015799,0.0033002,0.0073611,0.063094,0.0032598,0.0023666,0.0018583,0.001557,0.0019293,0.0011636,0.0010967,0.068793,0.0038587,0.0046188,0.0051446,0.0059671,0.0067951,0.0087505,0.011034,0.012709,0.030804,0.069606,0.021869,0.012854,0.011814,0.0085423,0.0075659,0.0066243,0.071576,0.0029967,0.0014058,0.00069913,0.00072612,0.00064389,0.0011985,0.0013882,0.0012339,0.018157,0.0049191,0.0011685,0.00031245,0.00033647,0.00035873,5.4344e-05,6.1035e-05,0.023157,0.00173,0.00095021,0.0005684,0.00086256,0.00075105,0.00084698,0.00077211,0.0017701,0.04666,0.011688,0.0031648,0.0017123,0.0011495,0.00082119,0.00074505,0.0010014,0.043318,0.0031334,0.00281,0.0014168,0.0018654,0.0027212,0.0030814,0.0052662,0.01059,0.11653,0.023028,0.0096963,0.0075336,0.0063004,0.0067894,0.0051367,0.0052701,0.061231,0.0032735,0.00086775,0.0013657,0.00028036,0.00055397,0.00069823,0.0012074,0.0031988,0.046643,0.00074859,0.0010857,0.0016689,0.00068718,0.00081543,0.00061723,0.00092317,0.011185,0.00047534,0.00062129,0.00059966,0.0011333,0.00086153,0.0010531,0.0024736,0.0028203,0.074278,0.0059019,0.0017179,0.00097943,0.00091671,0.00042312,0.00050726,0.00047686
0.0152,0.0024063,0.00020336,0.0017543,0.0018754,0.002331,0.0040062,0.0080156,0.021701,0.079264,0.0055796,0.0055753,0.0046305,0.0037288,0.0029444,0.003571,0.0037022,0.045617,0.0048439,0.0026487,0.0016121,0.0012613,0.002075,0.0020949,0.0031726,0.0082128,0.024523,0.0028826,0.00067109,0.00088974,0.00055322,0.00045424,0.00063211,0.00056459,0.010531,0.0018921,0.00084346,0.00053606,0.00043361,0.00038994,0.0011282,0.0020754,0.0086264,0.05163,0.0026313,0.0011329,0.0011249,0.0010168,0.0010337,0.00084135,0.00084117,0.047784,0.018613,0.02074,0.021744,0.027211,0.035613,0.050499,0.08434,0.22994,0.22741,0.1313,0.076552,0.059327,0.049763,0.04334,0.040556,0.040669,0.048371,0.0050128,0.0024007,0.0028596,0.0023808,0.0025653,0.0033439,0.0055018,0.014157,0.015158,0.009166,0.0047347,0.0032057,0.0029158,0.0015985,0.00076482,0.0025979,0.0073148,0.0026553,0.0020587,0.0023859,0.0026411,0.0037381,0.0050314,0.0080461,0.022347,0.032215,0.013683,0.0081706,0.0061164,0.0053007,0.0041877,0.0038854,0.0043088,0.046363,0.0097936,0.011509,0.0096914,0.010972,0.012173,0.014804,0.020854,0.037802,0.049635,0.079223,0.021185,0.0099204,0.0072388,0.0049255,0.0029954,0.0033207,0.057759,0.0048719,0.002383,0.0017301,0.0020727,0.0018907,0.0014242,0.0028412,0.0044337,0.014843,0.0057805,0.0015528,0.00090097,0.0005108,0.00034335,0.00048673,0.00022124,0.013815,0.0021549,0.0011752,0.001028,0.0010837,0.001143,0.0014966,0.0025358,0.0079048,0.011276,0.0090323,0.00090847,0.00023164,0.00022772,0.00036583,0.00014817,3.6232e-05,0.034211,0.0033178,0.0039852,0.0025569,0.0031201,0.004446,0.0069067,0.014203,0.054359,0.2372,0.023592,0.01232,0.0082135,0.00571,0.0097521,0.0071475,0.0049363,0.051215,0.0057206,0.0036843,0.0026463,0.0032056,0.0037943,0.0047854,0.0064998,0.010648,0.048136,0.017232,0.0062204,0.0037069,0.0034493,0.0022881,0.0014754,0.0019627,0.0030327,0.002241,0.0027458,0.0031279,0.0033709,0.0041197,0.0057718,0.0087265,0.020874,0.053538,0.024487,0.010804,0.0073978,0.0059196,0.0050776,0.0047913,0.0046616
0.015118,0.0015714,0.00079578,0.00079397,0.0011798,0.0019342,0.0028297,0.0049455,0.023166,0.058769,0.0039121,0.0033792,0.0032034,0.0022577,0.0033826,0.0026174,0.0026894,0.032881,0.0011378,0.00044734,0.00067142,0.00088968,0.00057297,0.0013043,0.0017685,0.0065615,0.0096543,0.0043821,0.0010523,0.00047063,0.00037134,9.5295e-05,0.0002505,0.00030327,0.0083505,0.00056377,0.00028172,0.00036057,0.0005402,0.00087697,0.0010673,0.0022656,0.0074777,0.022865,0.0019863,0.0012906,0.0013458,0.001119,0.0011811,0.0010754,0.0010948,0.022797,0.0059244,0.0064058,0.011463,0.01482,0.023575,0.037069,0.063911,0.20201,0.47891,0.09326,0.063305,0.049292,0.042848,0.039213,0.035849,0.036122,0.039834,0.0018904,0.00055574,0.0005445,0.00090633,0.00097393,0.0017466,0.0023964,0.0085282,0.020239,0.0064749,0.0032676,0.0029342,0.001964,0.002071,0.0024588,0.0016976,0.0036755,0.0026834,0.0024183,0.0024037,0.0026288,0.0033845,0.0041554,0.0081478,0.017384,0.061893,0.0025654,0.0020047,0.0013228,0.00083499,0.00094196,0.0001619,8.2005e-05,0.053208,0.0034104,0.00432,0.0041641,0.0046352,0.0056578,0.0081004,0.011787,0.028074,0.019264,0.073332,0.021198,0.012483,0.011299,0.009683,0.0086859,0.0082055,0.04535,9.7807e-05,0.0002005,0.0002828,0.00033925,0.00063864,0.00053542,0.00051976,0.0018649,0.0090173,0.0046268,0.001007,0.00037648,0.00059227,0.00027545,0.00027626,0.00037003,0.012619,0.0010861,0.0008365,0.0008314,0.0010099,0.00094093,0.0013787,0.0020981,0.0030439,0.031824,0.019869,0.0064702,0.004022,0.0032035,0.0027485,0.0024864,0.0023613,0.013829,0.014829,0.012173,0.007226,0.0032696,0.012834,0.025207,0.048438,0.11435,0.092731,0.072262,0.017209,0.0067786,0.008409,0.011652,0.013469,0.014755,0.036986,0.0025208,0.0042271,0.0054574,0.0056102,0.0060439,0.0063297,0.0072225,0.0081489,0.046099,0.012074,0.0081937,0.0046916,0.0033786,0.0018351,0.0021825,0.0015469,0.0053426,0.0030618,0.0044956,0.0055897,0.0073216,0.0076415,0.0082064,0.010182,0.012001,0.06539,0.015394,0.0092383,0.0069488,0.0051628,0.003592,0.0021538,0.0017071
0.014134,0.0018661,0.00043314,0.0019622,0.00177,0.00085826,0.0016646,0.0042697,0.0056336,0.050627,0.0073364,0.0015652,0.0019,0.0021763,0.0017144,0.00090016,0.001236,0.041787,0.0054483,0.0017679,0.00088666,0.00093583,0.001398,0.0015472,0.00040344,0.0012299,0.022748,0.0055699,0.001703,0.0015721,0.0017429,0.0015267,0.0011667,0.0013314,0.011639,0.0020745,0.0011601,0.0012084,0.00092859,0.00011695,0.00091721,0.0013009,0.0020076,0.016706,0.0071266,0.001942,0.0012977,0.0011851,0.0010436,0.00087019,0.00060274,0.0037423,0.03336,0.034836,0.036775,0.041576,0.047763,0.059437,0.084808,0.1882,0.33614,0.088889,0.044828,0.027288,0.018557,0.011791,0.008205,0.0073015,0.044404,0.0030385,0.0016331,0.0017674,0.0016853,0.0024082,0.0032723,0.0049485,0.011835,0.019863,0.0053489,0.0026577,0.0013242,0.00099122,0.00096311,0.001572,0.00020981,0.0099947,0.0033767,0.0037743,0.004506,0.004948,0.0048501,0.0063569,0.0097735,0.018686,0.016937,0.015744,0.0072653,0.0048259,0.0037096,0.0035538,0.002518,0.0027504,0.058114,0.005057,0.0012188,0.0014473,0.0034364,0.0020438,0.0030331,0.0044122,0.026681,0.085786,0.080108,0.018013,0.011214,0.0097924,0.0088936,0.0075544,0.0075532,0.052428,0.0047983,0.0019599,0.0016795,0.0030603,0.0013565,0.0020519,0.0026989,0.0059163,0.018549,0.0067233,0.002172,0.00087495,0.0004244,0.00047197,1.0575e-05,0.00010872,0.014178,0.0014882,0.0016528,0.0019149,0.0019466,0.0022599,0.0025708,0.0035033,0.0088808,0.029853,0.015854,0.0025219,0.0012766,0.00097121,0.00059444,0.00032384,0.00016974,0.033734,0.0014376,0.0012539,0.00063568,0.0027729,0.0037662,0.0054087,0.0083334,0.026407,0.25008,0.027778,0.014707,0.010099,0.0083815,0.007461,0.0069647,0.0071069,0.046653,0.006557,0.0031654,0.0031809,0.0037631,0.0038981,0.0049508,0.0052104,0.0098276,0.050862,0.017178,0.0070459,0.0041627,0.0032086,0.0021196,0.0013495,0.00067713,0.0024434,0.0043829,0.0042069,0.0040933,0.0045784,0.0061082,0.0076865,0.010718,0.019795,0.026884,0.020854,0.0082893,0.0049726,0.0033716,0.0023591,0.0017383,0.0017529
0.012652,0.009286,0.0067044,0.0053636,0.0069324,0.0065549,0.0090664,0.013411,0.044101,0.068629,0.021194,0.005173,0.0029241,0.0013133,0.0040157,0.00069741,0.00036431,0.017395,0.0091022,0.0019493,0.0020463,0.0013489,0.0024173,0.0025562,0.002115,0.012369,0.01875,0.010295,0.0027695,0.0020791,0.0014788,0.0020651,0.0013501,0.0016327,0.0025368,0.0047529,0.0015237,0.0020425,0.0016019,0.001946,0.0019889,0.0020524,0.017035,0.039943,0.0095542,0.0029048,0.0022959,0.0015222,0.0015386,0.0010476,0.0014114,0.042296,0.038608,0.030229,0.04389,0.02862,0.057983,0.06769,0.066835,0.38649,0.097239,0.15167,0.051665,0.044796,0.047392,0.017942,0.040679,0.016989,0.024119,0.0073654,0.0023982,0.0036761,0.0011117,0.0042522,0.0033418,0.0058043,0.018862,0.0086406,0.0067584,0.0028041,0.0016977,0.0020176,0.0022546,0.0014434,3.2421e-05,0.0024777,0.0037576,0.0033097,0.0046602,0.0032809,0.0059237,0.0045083,0.0065347,0.027303,0.026489,0.016773,0.0025926,0.0039037,0.0032302,0.001267,0.0023698,0.00078393,0.041772,0.0090863,0.0015717,0.0016527,0.00061131,0.0012716,0.0017544,0.0020198,0.015402,0.056966,0.068192,0.0042763,0.0042858,0.00052983,0.0014832,0.0017263,0.0016022,0.031884,0.0077221,0.0018367,0.0017699,0.00023642,0.00073644,0.0022673,0.0022053,0.00304,0.019635,0.0010788,0.0013704,0.00065421,0.00082854,0.00061781,0.0006345,0.00068666,0.009184,0.0048946,0.0022034,0.0027997,0.001398,0.0036009,0.0031675,0.0071756,0.01131,0.031685,0.029745,0.0050634,0.00375,0.0024783,0.0021785,0.0018498,0.0018063,0.025452,0.0094401,0.0041517,0.0079619,0.0089859,0.011757,0.017876,0.024594,0.078047,0.13422,0.11931,0.040201,0.029158,0.0261,0.021358,0.019729,0.017357,0.019026,0.0092454,0.003767,0.0025354,0.0037097,0.0039244,0.0051685,0.0068233,0.014,0.03637,0.027561,0.0097558,0.0062941,0.0043725,0.0037224,0.0038761,0.0040189,0.0044118,0.0017786,0.0016744,0.00092536,0.0027239,0.0021908,0.002658,0.0038299,0.0066776,0.055205,0.025688,0.0075948,0.0056314,0.0043896,0.003926,0.0036697,0.0035992
0.0044843,0.0038218,0.004403,0.0043626,0.0052475,0.0050303,0.0072457,0.011046,0.01491,0.023043,0.018398,0.0069755,0.0038851,0.0029173,0.0032465,0.0021928,0.0015278,0.052443,0.0083587,0.0037845,0.0030108,0.0022332,0.0028523,0.0028105,0.0037395,0.004755,0.014949,0.0098516,0.0022673,0.0011943,0.0010103,0.0006674,0.0003516,0.0003376,0.017445,0.0040564,0.0022487,0.0019476,0.0018693,0.0022642,0.0025229,0.0050793,0.0065917,0.032175,0.014086,0.0045142,0.0030443,0.0025034,0.0017384,0.0019732,0.001812,0.021576,0.024816,0.024916,0.025721,0.02756,0.03165,0.040258,0.057276,0.12259,0.46939,0.061841,0.029975,0.018701,0.013261,0.0094869,0.005997,0.0064012,0.043799,0.0042017,0.0025743,0.0021457,0.0021413,0.002172,0.0021166,0.0030335,0.0065627,0.020973,0.003905,0.0020654,0.0016214,0.0012064,0.0013326,0.00055054,0.00057411,0.010079,0.0020888,0.0011284,0.0010346,0.0016585,0.0020496,0.0024944,0.0032731,0.0097457,0.031559,0.010857,0.0053712,0.004051,0.0032569,0.0027651,0.0024343,0.0023651,0.068835,0.0088673,0.0045911,0.0036199,0.0030366,0.0029914,0.0038243,0.003065,0.041716,0.047514,0.070528,0.0098999,0.0044118,0.0051051,0.0031803,0.0037655,0.0036069,0.052115,0.0055453,0.0026007,0.0021416,0.0020471,0.0015481,0.0015384,0.002803,0.003788,0.02122,0.0038502,0.0003082,7.2583e-06,0.00051498,0.00035443,9.7216e-05,0.00032615,0.019543,0.0022335,0.0018516,0.0015606,0.001923,0.0018603,0.0024142,0.0040224,0.0050863,0.040785,0.021591,0.0053286,0.0028621,0.0019643,0.0017557,0.0014781,0.0013886,0.026713,0.0023434,0.0027598,0.0025376,0.0029484,0.0050735,0.0090218,0.016145,0.036346,0.17711,0.017591,0.017788,0.014122,0.011542,0.011458,0.0098817,0.0085508,0.055034,0.0092051,0.0045162,0.0030108,0.0017726,0.00081712,0.0012173,0.0013329,0.0025959,0.049955,0.0024422,0.0043114,0.003308,0.0031924,0.0030298,0.002637,0.003088,0.013375,0.0020352,0.0024072,0.0028961,0.0030888,0.0038216,0.004728,0.0047403,0.0099066,0.051256,0.0059645,0.005304,0.0032346,0.0019858,0.0015904,0.0012269,0.0010758
0.018076,0.0064918,0.0023716,0.00231,0.0018618,0.0022974,0.0027123,0.0029707,0.0095494,0.063594,0.012777,0.0030737,0.001775,0.0010954,0.0016115,0.00016106,0.00064277,0.053004,0.0061349,0.0027573,0.001751,0.0023684,0.0022515,0.0020045,0.0027456,0.0047092,0.021946,0.0081214,0.0014434,0.0010107,0.00048625,0.00047365,0.00027848,0.00020409,0.0089723,0.0043948,0.0023091,0.0016507,0.0018406,0.0014174,0.0016993,0.0026153,0.0018494,0.040914,0.0095137,0.0021108,0.0011712,0.00068153,0.00070581,0.00052214,0.00035858,0.030058,0.008425,0.0018327,0.0042747,0.0089112,0.014337,0.023041,0.037634,0.092066,0.33813,0.10831,0.060153,0.044902,0.037448,0.032329,0.031932,0.032305,0.056638,0.00047693,0.00088557,0.00084383,0.00079566,0.0012243,0.0015785,0.0023129,0.0058798,0.026345,0.0052963,0.0028774,0.0021928,0.0024828,0.0021799,0.0010426,0.0014076,0.0054265,0.0027852,0.0015298,0.0011571,0.0012027,0.0018404,0.0021587,0.0036723,0.0032333,0.048245,0.010001,0.0037126,0.0025381,0.0024279,0.0016227,0.0014408,0.0015011,0.064139,0.0077643,0.013444,0.003173,0.0093355,0.0071507,0.0081288,0.016161,0.0045617,0.066503,0.081364,0.018038,0.0079764,0.0016724,0.003752,0.0014953,2.0973e-05,0.065265,0.0013592,0.00084503,0.00080662,0.0011192,0.0015902,0.001279,0.0010678,0.0053075,0.013317,0.013589,0.0022298,0.0014469,0.0021138,0.0010949,0.0010598,0.00083733,0.012638,0.002279,0.0025742,0.0017118,0.0024947,0.0024663,0.0026011,0.0048109,0.0060406,0.017172,0.005997,0.0068551,0.00083043,0.0027253,0.00057177,0.0019598,0.00035857,0.026537,0.01095,0.01026,0.011331,0.012355,0.013774,0.017547,0.025543,0.035048,0.14289,0.096532,0.027983,0.019264,0.012431,0.011048,0.0095007,0.009947,0.057238,0.0091769,0.0053407,0.0051274,0.0055418,0.0054856,0.0063814,0.010196,0.013534,0.03465,0.03326,0.0095915,0.0044035,0.0027844,0.0028894,0.0017853,0.0019551,0.0024357,0.0031545,0.0023105,0.0022654,0.0024917,0.0029604,0.0043108,0.0072797,0.01079,0.053125,0.039455,0.012269,0.0079663,0.0066389,0.0054413,0.0050071,0.0049001
0.029076,0.0027316,0.0026651,0.0023425,0.0023951,0.0030219,0.0042163,0.007652,0.02208,0.076751,0.004493,0.0025078,0.0020764,0.0025658,0.0015911,0.00097638,0.00088884,0.028248,0.0023132,0.0015993,0.0016954,0.0010528,0.0012116,0.0018712,0.002562,0.008002,0.0193,0.0033784,0.0012202,0.0010032,0.00048895,0.00073639,0.00013512,0.00040818,0.0022583,0.00186,0.0014796,0.001308,0.0014505,0.0019939,0.0023514,0.003089,0.01034,0.030675,0.0050092,0.0013967,0.0009769,0.00057879,0.00045123,0.00020577,7.6275e-05,0.036139,0.030716,0.031935,0.033795,0.037649,0.043692,0.056471,0.085107,0.23123,0.41177,0.06824,0.034845,0.02187,0.013232,0.0079858,0.0050578,0.0037671,0.046639,0.0034357,0.0028532,0.0027369,0.0022028,0.0026884,0.003359,0.0054596,0.010905,0.015331,0.0055544,0.0020707,0.00068442,0.000309,0.00059558,0.0019383,0.00059128,0.0018826,0.00071146,0.00030909,0.0008261,0.0015493,0.0020572,0.003499,0.0071533,0.024055,0.044403,0.0091247,0.0081008,0.00603,0.0053044,0.0045381,0.0047062,0.0045415,0.032185,0.002623,0.0026827,0.0034824,0.0039399,0.0041003,0.0044024,0.0073137,0.0082621,0.05379,0.084569,0.0079863,0.0038665,0.0022561,0.0016787,0.00061736,0.0010643,0.051097,0.0029857,0.0012288,0.00077458,0.0017489,0.00077343,0.00093932,0.0013946,0.0031334,0.016402,0.0095675,0.0013597,0.0007035,0.00051005,0.00024958,0.000299,0.00012019,0.010901,0.00040379,0.00026529,0.00027924,0.00066316,0.00047379,0.0012284,0.0013624,0.0060707,0.03465,0.021132,0.0017232,0.00083657,0.00060086,0.00059119,0.00043697,0.00047113,0.047562,0.0014336,0.0057148,0.0077951,0.0053495,0.0016008,0.011163,0.016198,0.046109,0.14166,0.044091,0.0097846,0.0080298,0.010891,0.0061515,0.0037947,0.0070916,0.028031,0.0034945,0.00043454,0.0024609,0.0044537,0.0017275,0.0036542,0.0090927,0.012464,0.0414,0.023488,0.0095425,0.0027774,0.0033344,0.0054769,0.002831,0.00088884,0.008402,0.0064191,0.0026052,0.0062861,0.0085975,0.0057044,0.0054143,0.015778,0.03504,0.04145,0.022972,0.012906,0.0052865,0.00065948,0.0036645,0.0031884,0.00094797
0.0092393,0.0032753,0.0019102,0.0031841,0.003128,0.0038316,0.0047925,0.0076699,0.019087,0.036595,0.014409,0.0042898,0.0027858,0.0028083,0.0030932,0.0028382,0.0028687,0.01902,0.0017363,0.00051496,0.00054535,0.00051045,0.0013525,0.0017855,0.001767,0.0056502,0.012932,0.0073818,0.0015783,0.0010545,0.0007869,0.00078257,0.00065777,0.00073243,0.0054913,0.0006397,0.00049787,0.00059653,0.0005154,0.00071695,0.00091594,0.0019377,0.0053424,0.014408,0.0074619,0.0017315,0.0013218,0.0011032,0.00086312,0.00081951,0.00078394,0.010769,0.019714,0.019283,0.023125,0.025096,0.031637,0.042643,0.066281,0.15231,0.29458,0.098455,0.057912,0.04275,0.034395,0.031447,0.029035,0.027184,0.029084,0.0033748,0.0019842,0.0012331,0.0007735,0.0007484,0.0015756,0.0024204,0.0078805,0.020818,0.0032998,0.0036799,0.0028249,0.0023548,0.0018224,0.0035086,0.0031281,0.0052644,0.00095932,0.00073041,0.0010939,0.0014868,0.002045,0.003191,0.0055317,0.013967,0.053718,0.011583,0.0047737,0.0038878,0.0032899,0.003209,0.0032188,0.0030366,0.045043,0.0056156,0.0051924,0.0048246,0.0058774,0.0069499,0.0072176,0.010171,0.030973,0.034476,0.074381,0.011788,0.0061461,0.0039117,0.0022209,0.00079827,0.0018559,0.032025,0.0027117,0.0011442,0.0010734,0.00082213,0.0011584,0.0014087,0.0022776,0.0045788,0.013673,0.010816,0.0036305,0.0014036,0.00099676,0.00054676,0.00066197,0.00058366,0.012703,0.0010266,0.00065326,0.00075214,0.0011792,0.00091431,0.0013651,0.0028002,0.0056405,0.018814,0.024,0.0016909,0.00060391,0.00041849,0.00031101,0.00036197,0.00028612,0.024918,0.0017804,0.0036165,0.0029206,0.0038377,0.0051959,0.0085934,0.014975,0.062403,0.26687,0.028503,0.0097738,0.0095908,0.0084751,0.0046336,0.0070654,0.0051041,0.021788,0.0023519,0.001962,0.0019111,0.0013856,0.0019958,0.0026475,0.0042272,0.0074619,0.04769,0.0060874,0.006289,0.003305,0.0026818,0.00042688,0.0027311,0.0021114,0.005211,0.0021402,0.0016803,0.0017893,0.0023198,0.0028413,0.0035207,0.0059411,0.01461,0.064088,0.004332,0.0052603,0.0035034,0.0027356,0.0024629,0.0022589,0.0020485
0.0013294,0.0030023,0.0017831,0.0016331,0.0020417,0.00072438,0.0012628,0.0022516,0.0070054,0.077332,0.0085021,0.0021501,0.0018165,0.0017445,0.00098656,0.00029282,0.00024223,0.0093767,0.0028634,0.0016976,0.0013299,0.002213,0.00014328,0.00098069,0.00098152,0.0036518,0.023745,0.0050427,0.0013968,0.0011197,0.00063318,0.00066048,0.0003124,0.00037766,0.0025521,0.00080237,0.00044128,0.0003271,0.00031975,0.00070256,0.0010442,0.0011212,0.0023515,0.028637,0.0063557,0.0016949,0.0012077,0.00092527,0.00079229,0.00079978,0.00080874,0.014343,0.019953,0.022801,0.024747,0.027096,0.033348,0.043002,0.065844,0.15412,0.40945,0.083614,0.047679,0.033529,0.028097,0.024245,0.023236,0.021771,0.014956,0.003583,0.0018309,0.0028193,0.0016965,0.0020414,0.0024771,0.0038323,0.0084066,0.02012,0.0069424,0.0018765,0.0015699,0.00086183,0.0007768,0.0015585,0.0014057,0.0058747,0.0030963,0.0031192,0.0036417,0.0036521,0.0046563,0.0056173,0.0081691,0.018036,0.013856,0.0066516,0.0052068,0.0033665,0.0023239,0.0019116,0.0014564,0.0013237,0.040017,0.00097675,0.00058807,0.00058715,0.00027486,0.0016761,0.003154,0.0040871,0.010391,0.070491,0.081545,0.00093821,0.0014847,0.00097181,0.0009211,0.0011041,0.0005684,0.020502,0.0033742,0.0017322,0.00073357,0.00053083,0.001147,0.0014053,0.0018027,0.0028266,0.020763,0.0075338,0.00049816,0.00071059,5.0744e-05,0.00030792,0.00030103,0.00023462,0.0055238,0.0019827,0.0013524,0.001472,0.0010532,0.0018081,0.0022985,0.0026914,0.0063799,0.036588,0.018512,0.0025294,0.0018691,0.0013015,0.00083668,0.00082366,0.00070573,0.018187,0.0049581,0.0053886,0.0050211,0.004402,0.0058079,0.0066944,0.0085325,0.014612,0.20242,0.028204,0.011747,0.0077864,0.0065717,0.0080563,0.0048874,0.0046216,0.012476,0.00189,0.00037504,0.00029139,0.00032314,0.0002474,0.00085844,0.0013397,0.0036424,0.052293,0.0051552,0.0031286,0.002164,0.0016472,0.00099356,0.0010597,0.0013066,0.0023995,0.0027938,0.0030565,0.0032442,0.0037976,0.0039227,0.0049092,0.0070174,0.013649,0.041043,0.0082442,0.0045026,0.0025519,0.0017078,0.0011608,0.00063348,0.00057985
0.0039826,0.0025151,0.0027482,0.0027148,0.0025328,0.0026382,0.0043733,0.0066818,0.015373,0.060586,0.013963,0.0053054,0.0038337,0.0031984,0.0030599,0.0023107,0.0024682,0.0022049,0.00090479,0.00048592,0.00016273,0.00079286,0.0017664,0.0020412,0.0023087,0.006354,0.011372,0.0068578,0.0018145,0.0016132,0.0010718,0.001145,0.00077352,0.00078202,0.0002842,0.0010959,0.0010027,0.0010489,0.0010592,0.0015329,0.001983,0.0024039,0.0076754,0.021381,0.010011,0.0022869,0.0014344,0.0011688,0.0011277,0.00094819,0.00093653,0.026579,0.021052,0.021935,0.023756,0.026024,0.030986,0.039438,0.060327,0.13357,0.46746,0.06266,0.035798,0.023383,0.01872,0.016101,0.013337,0.012659,0.00089457,0.0016147,0.0011397,0.00038626,0.0011125,0.0013625,0.0015972,0.0026242,0.0058331,0.018205,0.0047639,0.0019283,0.0020222,0.0014944,0.0015311,0.0010432,0.00076485,0.00081253,0.00089794,0.00061371,0.00097358,0.001391,0.0011567,0.0018819,0.0037164,0.0095901,0.065574,0.0082789,0.004129,0.0030528,0.0026764,0.0024929,0.0022307,0.0021172,0.037934,0.001829,0.0040508,0.0041952,0.0046977,0.0037645,0.0058363,0.0083789,0.0095466,0.041581,0.076966,0.0090604,0.0044818,0.00238,0.0018481,0.0017067,0.00093463,0.0070611,0.00134,0.00015577,0.00033442,0.00029528,0.0003161,0.0003937,0.0013496,0.0025829,0.012807,0.0060828,0.0018239,0.0017413,0.001339,0.0013686,0.0013358,0.00088887,0.0021496,0.0008659,0.00040403,0.00057635,0.00086195,0.00092674,0.0014005,0.0014245,0.0058162,0.034202,0.019589,0.003384,0.0019032,0.0016061,0.0014552,0.0013533,0.0014363,0.0026455,0.0028547,0.0023845,0.0041418,0.0039168,0.0061924,0.0097043,0.015452,0.045071,0.12112,0.042354,0.016669,0.012552,0.010274,0.0095805,0.010113,0.01037,0.0019608,0.00070194,0.00050461,0.00067906,0.00048345,0.00047433,0.00075205,0.00060838,0.0040507,0.050011,0.0041495,0.0010914,0.00049969,0.00041315,0.00026185,0.00046785,0.00057602,0.003645,0.00046147,0.0002149,0.00032777,0.00045295,0.0008384,0.00070271,0.0019451,0.0057443,0.077651,0.0075329,0.0023793,0.0016736,0.0012707,0.0012918,0.001226,0.0012722
0.00074769,0.0019063,0.0014827,0.00075729,0.00086238,0.00087936,0.0017227,0.0017032,0.0056587,0.046292,0.0087024,0.0025218,0.0019671,0.0017115,0.00082096,0.0013316,0.0016632,0.0047169,0.0019799,0.0011137,0.00039338,0.0011103,0.00087049,0.0010692,0.0017634,0.0017674,0.012341,0.0056666,0.001236,0.00065171,0.0004176,0.0004426,0.00034184,0.00031471,9.7275e-05,0.00019849,0.00034205,0.00038177,0.00053246,0.00089665,0.0011607,0.0019082,0.00422,0.024819,0.0073084,0.0019398,0.0013885,0.0012369,0.001032,0.00093111,0.00094415,0.01705,0.011549,0.01202,0.013506,0.015793,0.020358,0.028511,0.044302,0.11716,0.2586,0.073665,0.044532,0.032941,0.027503,0.025866,0.023169,0.022246,0.0089285,0.0022089,0.0011592,0.0014584,0.0013208,0.0017692,0.0020794,0.0030713,0.0078013,0.020742,0.0022699,0.001773,0.0015054,0.0011548,0.0015263,0.00017779,0.00048639,0.0012036,0.0022096,0.0022813,0.0026896,0.0029612,0.0031453,0.0042155,0.0064905,0.012983,0.061127,0.0091381,0.0036896,0.0022602,0.0015563,0.0010472,0.0009749,0.00082209,0.036807,0.0019694,0.001033,0.0029618,0.0029744,0.0030312,0.0052788,0.0069445,0.0067968,0.010342,0.078721,0.019629,0.012446,0.0098702,0.0080898,0.0071769,0.006281,0.015131,0.0013996,0.0011039,0.00066449,0.00076819,0.00049099,0.0010163,0.0011887,0.0015897,0.0027332,0.0056741,0.0017058,0.0008257,0.00076308,0.00077647,0.00065564,0.00060083,0.005518,0.0011163,0.00096474,0.00087958,0.0010206,0.0012726,0.0016468,0.0022374,0.0022979,0.019728,0.017459,0.0034877,0.0018965,0.0012447,0.0010415,0.00086465,0.0008564,0.0092432,0.0045882,0.0049757,0.0056264,0.0056857,0.0062667,0.0083545,0.012867,0.027307,0.22888,0.019616,0.007813,0.0046466,0.0034839,0.0058499,0.0025544,0.0023423,0.0074311,0.0011311,0.00058134,0.00043597,0.00017989,0.000342,0.00075215,0.00084939,0.0015978,0.047433,0.0060899,0.0020687,0.0013714,0.00077855,0.0010222,0.0017189,0.0013161,0.0051747,0.0017447,0.001786,0.0019312,0.0021223,0.0022816,0.0029991,0.004649,0.0086592,0.072875,0.0091163,0.0033185,0.0019602,0.0014068,0.0012656,0.00089206,0.00083353
0.0012894,0.0019401,0.0018257,0.0018511,0.0021376,0.0030687,0.0047243,0.0091242,0.018924,0.066268,0.018971,0.0087636,0.0065507,0.0044594,0.0068192,0.0041661,0.0044251,0.0061856,0.0010348,0.0012203,0.00068229,0.00078715,0.00067811,0.001523,0.0024728,0.0065347,0.016739,0.0088058,0.0030164,0.0022603,0.0017929,0.0015766,0.0013175,0.0015126,0.00046539,0.0013995,0.0014739,0.0016734,0.0018537,0.0023911,0.0032234,0.0053679,0.01202,0.040639,0.011934,0.0046781,0.0032856,0.0025711,0.0024727,0.0022528,0.0020333,0.0077935,0.005915,0.01051,0.01609,0.025797,0.03873,0.057127,0.09333,0.22216,0.24745,0.05884,0.029577,0.029002,0.032472,0.036415,0.039558,0.040139,0.014519,0.0013203,0.00073099,0.0016909,0.0016484,0.00256,0.0040103,0.0056289,0.014442,0.014342,0.00044547,0.0011901,0.0016107,0.0021443,0.0023543,0.00189,0.0019303,0.0048409,0.0029593,0.0030384,0.0031341,0.003982,0.0049593,0.0065952,0.010261,0.021999,0.015306,0.0043358,0.0036521,0.0035588,0.0031301,0.002235,0.002265,0.0015908,0.043994,0.0066043,0.004185,0.0070902,0.0078816,0.0086117,0.0092062,0.013006,0.023135,0.040061,0.068557,0.015843,0.0082853,0.0034192,0.0021355,0.0015424,0.0011273,0.019755,0.00087651,0.00038547,0.00013563,0.00034441,0.00037896,0.00015795,0.00068135,0.0018407,0.0036546,0.0053153,0.0017393,0.0011392,0.00099243,0.0010537,0.00066047,0.0010052,0.0041791,0.0019589,0.0019737,0.0020913,0.0021984,0.0027146,0.0032861,0.0042312,0.0068891,0.015794,0.016685,0.0046344,0.0024184,0.0013477,0.0010932,0.00059071,0.00049782,0.020298,0.0045725,0.0039377,0.0048603,0.0069006,0.0089527,0.013476,0.022035,0.05693,0.25386,0.04617,0.025431,0.018461,0.015514,0.013651,0.015579,0.014843,0.0087968,0.0016979,0.00036382,0.00089978,0.00097402,0.0011645,0.0014776,0.0022143,0.0042854,0.048621,0.0078142,0.0029071,0.0018246,0.0015304,0.0019774,0.0012079,0.00049973,0.0048848,0.00059699,0.0004995,0.00087756,0.00096664,0.0014477,0.0016659,0.003185,0.0079443,0.04818,0.0079311,0.0029528,0.0020532,0.0017206,0.0013909,0.0016087,0.0015316
0.0079385,0.0034054,0.0028644,0.0028222,0.0039045,0.0033751,0.0056605,0.0094193,0.021243,0.045818,0.012847,0.0058777,0.0035709,0.0029179,0.0032059,0.0021654,0.0020409,0.0021839,0.00068487,0.00028097,7.8936e-05,0.0010497,0.00078691,0.0017009,0.0025346,0.0081911,0.0078009,0.0077519,0.0034332,0.0024924,0.0021199,0.0019952,0.001836,0.0016041,0.00027274,0.0012442,0.0012487,0.0013758,0.0012966,0.0016552,0.0021142,0.0029674,0.0074753,0.03567,0.0068689,0.0021544,0.0011718,0.00070446,0.00065728,0.00031714,0.00046732,0.015396,0.020048,0.021363,0.02505,0.029776,0.040655,0.057848,0.09879,0.29211,0.54371,0.13583,0.086436,0.06514,0.056672,0.050659,0.046715,0.046311,0.0095197,0.00012036,0.0009605,0.00087831,0.0013301,0.0016626,0.0022993,0.0038797,0.010824,0.013881,0.0040912,0.0029283,0.002383,0.0017329,0.0022172,0.001822,0.0013447,0.0025177,0.0037074,0.0040418,0.0043346,0.0048099,0.0059504,0.0075003,0.011509,0.029031,0.055468,0.010371,0.0053845,0.0034758,0.0024789,0.0021013,0.0014579,0.001461,0.028376,0.003275,0.0021094,0.0027297,0.002351,0.0024748,0.0041619,0.0063275,0.017698,0.073137,0.056114,0.015876,0.0090845,0.0069022,0.0061919,0.0052743,0.0050832,0.013777,0.00030398,0.0004878,0.0004907,0.00064015,0.00096976,0.00090175,0.0019266,0.0038782,0.012395,0.0022479,0.00031708,0.0003438,0.00022011,0.00026889,0.00020351,0.00019263,0.0084916,0.0033856,0.0034735,0.0035839,0.0040602,0.0050251,0.0059222,0.0081613,0.017668,0.017179,0.018275,0.0070217,0.0038634,0.0027346,0.001977,0.001413,0.0016518,0.01722,0.011606,0.016739,0.016763,0.010082,0.0053102,0.02877,0.061555,0.12026,0.070456,0.044588,0.050981,0.037659,0.016228,0.0063799,0.021081,0.028977,0.0037442,0.0028319,0.0036738,0.0055934,0.0051798,0.0032934,0.0063688,0.014767,0.0276,0.027966,0.011675,0.013161,0.0088233,0.0037478,0.0029106,0.0048017,0.0057546,0.0051652,0.003275,0.0053999,0.005586,0.0033234,0.002548,0.0091061,0.016898,0.027929,0.051509,0.014778,0.016068,0.01119,0.0048683,0.0014526,0.0063535,0.00766
0.0024815,0.0034697,0.0035009,0.0025442,0.0034965,0.0040786,0.00482,0.0081144,0.017866,0.048915,0.011547,0.0037527,0.0025498,0.001091,0.0025753,0.0014062,0.00029946,0.0011273,0.00095847,0.00096764,0.0014866,0.0021273,0.0022464,0.0025006,0.0031095,0.0076185,0.0234,0.0063444,0.0025483,0.0017783,0.0010367,0.00095331,0.00094048,0.00097847,0.0021248,0.0017508,0.0016949,0.0015978,0.0017698,0.0019904,0.0029552,0.0035667,0.00644,0.037459,0.006337,0.0022736,0.0013934,0.00080622,0.00058846,0.00043646,0.00011444,0.037842,0.037432,0.038323,0.041534,0.047345,0.056592,0.071858,0.11601,0.28368,0.39829,0.10677,0.06142,0.043468,0.03367,0.028691,0.027153,0.024468,0.013207,0.0016269,0.0016144,0.0018137,0.0018462,0.0022873,0.0032603,0.0046309,0.01168,0.020934,0.0026917,0.0021355,0.0016864,0.0012796,0.00051273,0.0023227,0.0015564,0.0063115,0.0049116,0.0049728,0.0053571,0.0060746,0.0069686,0.0092566,0.012301,0.031896,0.067004,0.013693,0.0073068,0.0047931,0.0034167,0.0029802,0.0021646,0.0021229,0.02616,0.0074193,0.0076778,0.0080571,0.0080815,0.007671,0.0080418,0.0084197,0.020212,0.11617,0.062445,0.019998,0.013821,0.0088475,0.0087078,0.0068997,0.0070249,0.015726,0.00049341,0.00067213,0.0010646,0.0015774,0.0021518,0.002342,0.003713,0.0062051,0.025268,0.0028113,0.00073447,0.0007079,0.00094711,0.0013391,0.0013125,0.0013485,0.0068017,0.0012601,0.0015223,0.0018031,0.0020668,0.0031,0.0041859,0.0069761,0.013622,0.035671,0.01919,0.0087285,0.0057005,0.004551,0.0041666,0.0040228,0.0038186,0.025093,0.006804,0.0084587,0.0076452,0.008853,0.010754,0.013085,0.024766,0.069718,0.10925,0.0079504,0.0068617,0.0041613,0.0019084,0.0029765,0.0012669,0.0017662,0.0024338,0.0012345,0.0010523,0.00052469,0.0010603,0.0013987,0.001914,0.0028077,0.0070389,0.045195,0.00069007,0.001897,0.0011879,0.00054364,0.0010995,0.0011209,0.0006981,0.00023078,0.0041289,0.0042867,0.0043781,0.0048237,0.005782,0.0075108,0.010191,0.027184,0.088415,0.0065211,0.0050523,0.0032536,0.0023141,0.0015851,0.0016119,0.001421
0.0048371,0.0040178,0.004085,0.0046437,0.0051427,0.0059612,0.0061014,0.010042,0.030876,0.054833,0.01064,0.0046649,0.0030338,0.0012,0.0019888,0.0014931,0.00067904,0.0033017,0.0013159,0.0013087,0.0015949,0.0012163,0.0018829,0.0021923,0.0040261,0.0094652,0.017827,0.0054729,0.002324,0.0013575,0.00085593,0.00056003,0.00044392,0.00047493,0.0010662,0.0026634,0.0026363,0.0029323,0.0033367,0.0037829,0.0043797,0.007946,0.019915,0.031996,0.0087767,0.0038799,0.0022323,0.0014445,0.001434,0.00052976,0.00048257,0.033028,0.035392,0.036696,0.040407,0.044494,0.052517,0.067954,0.10372,0.30332,0.2128,0.083377,0.04821,0.031819,0.02411,0.018894,0.016214,0.016266,0.0055104,0.0013052,0.0012786,0.0015959,0.0019187,0.0020549,0.0030395,0.0038041,0.012137,0.0079018,0.0037649,0.002151,0.0013593,0.00099054,0.00069224,0.00088779,0.0012226,0.00041198,0.0013034,0.001377,0.001951,0.0021666,0.0030274,0.0044029,0.0083038,0.026184,0.028592,0.011557,0.0066463,0.0051844,0.0043967,0.0038995,0.0038119,0.0035782,0.039542,0.0068051,0.0064217,0.0057325,0.0067048,0.0080375,0.0085512,0.010454,0.022646,0.086346,0.051674,0.015691,0.008319,0.0055859,0.0041432,0.0035408,0.003069,0.012264,0.001372,0.00065135,0.00097033,0.00039197,0.0011629,0.0013278,0.0018951,0.0066933,0.018024,0.0056579,0.003029,0.0017735,0.0015257,0.0015355,0.0011558,0.0010109,0.0025349,0.0013381,0.0014528,0.0015618,0.0018996,0.0019772,0.002245,0.0038918,0.0099756,0.045253,0.011213,0.0034445,0.0021485,0.0013192,0.00090084,0.0010954,0.0010395,0.0014172,0.01201,0.012064,0.013998,0.015069,0.01831,0.02382,0.035741,0.075433,0.2724,0.038193,0.022598,0.016413,0.013616,0.012852,0.0086601,0.011133,0.00089648,0.0011301,0.00068675,0.00094202,0.00080136,0.0013478,0.0013523,0.0021195,0.0052338,0.04259,0.0072482,0.0033442,0.0020092,0.0018989,0.0013276,0.0018638,0.0013657,0.0030709,0.00021723,0.00062086,0.00077933,0.0011269,0.001949,0.002938,0.0049136,0.016475,0.058256,0.0082293,0.0049795,0.0040397,0.00343,0.0032248,0.0029195,0.0030289
0.0027848,0.0038722,0.0034744,0.0046035,0.0054763,0.0053823,0.0070599,0.010137,0.037689,0.065505,0.014035,0.00659,0.0038144,0.0040684,0.001249,0.0016824,0.0010414,0.0021935,0.0017014,0.00083058,0.00098573,0.0011203,0.0018284,0.002232,0.003337,0.010476,0.023122,0.0049838,0.0017007,0.0010645,0.00065622,0.00061706,0.00046196,0.00036241,0.0029889,0.0013042,0.0015137,0.0016387,0.0017854,0.0021301,0.0027891,0.0041756,0.011341,0.021543,0.009701,0.0038902,0.0026567,0.0021006,0.0018944,0.0014129,0.0015431,0.044169,0.043536,0.044291,0.04913,0.053712,0.063251,0.079812,0.11997,0.28381,0.45601,0.1026,0.052449,0.03207,0.0209,0.012644,0.0068169,0.0043011,0.0067006,0.0011971,0.0012439,0.0016157,0.001862,0.0019294,0.0025899,0.0042055,0.0096968,0.01433,0.0044636,0.0022143,0.0015157,0.0014242,0.0012316,0.0018985,0.00079921,0.0024834,0.0019393,0.0021174,0.0023553,0.0027664,0.00358,0.0046591,0.0080799,0.022607,0.027483,0.0097785,0.0062571,0.0046175,0.0038506,0.0034797,0.0027918,0.0032006,0.026905,0.006758,0.0077199,0.0084877,0.0086702,0.0096424,0.011399,0.012322,0.024472,0.088636,0.057602,0.015901,0.0086844,0.005037,0.0041051,0.0015037,0.00090027,0.010046,0.00054815,0.00067096,0.00021383,0.00044243,0.00032208,8.5653e-05,0.00039257,0.0016873,0.021689,0.0031104,0.00082187,0.00068506,0.00051408,0.0003167,0.0002475,7.4405e-05,0.0047265,0.0014631,0.0013975,0.0015939,0.0016763,0.0020809,0.0029958,0.0036963,0.010569,0.046017,0.013031,0.0052569,0.0035825,0.0027345,0.0025236,0.002274,0.0022011,0.012512,0.0012567,0.0017964,0.0037816,0.0060766,0.0080641,0.01394,0.024428,0.09525,0.23645,0.028794,0.022006,0.017546,0.015052,0.01422,0.014599,0.012974,0.00018694,0.00068222,0.0013124,0.0015851,0.0013836,0.0015425,0.0019794,0.0027373,0.0068476,0.051349,0.0057658,0.0019258,0.0011913,0.0006106,0.00088322,0.00058415,0.00062181,0.0027123,0.0012073,0.00085621,0.0011644,0.0014274,0.0014413,0.0022951,0.004693,0.014652,0.041529,0.001118,0.0022109,0.0019534,0.0016547,0.0014507,0.0016109,0.0014038
0.0050565,0.0059571,0.0063948,0.0060372,0.0075024,0.0074495,0.0093244,0.013119,0.033538,0.028244,0.02525,0.0090904,0.005485,0.0031502,0.002517,0.0013542,0.00015448,0.0063935,0.0024136,0.0025732,0.0023981,0.0025778,0.0030661,0.0036826,0.0049961,0.011865,0.0081037,0.009327,0.0035702,0.0019794,0.0012378,0.00077868,0.00044248,0.00011446,0.00020979,0.0027273,0.0028883,0.0030117,0.0031453,0.0034026,0.004317,0.0061119,0.012344,0.024287,0.014257,0.0049868,0.0031405,0.0020925,0.0012253,0.0011073,0.0010109,0.024149,0.026689,0.028215,0.029559,0.03443,0.041803,0.055128,0.087614,0.2153,0.48324,0.096459,0.059016,0.042505,0.035472,0.030239,0.027267,0.027266,0.0041829,0.0016197,0.0012925,0.0010662,0.0013544,0.0015541,0.0023676,0.0030797,0.0077938,0.019901,0.0023417,0.0017716,0.0011582,0.0010878,0.0010064,0.00084258,0.00023461,0.0015164,0.0013163,0.0012279,0.0015472,0.0022347,0.002927,0.003905,0.0054293,0.019027,0.074868,0.0090391,0.0060325,0.0047021,0.0040749,0.0037452,0.0034345,0.003191,0.036009,0.0034345,0.004393,0.0036382,0.0045131,0.0050633,0.0056602,0.0059293,0.0034047,0.10482,0.042587,0.011473,0.0062283,0.0041504,0.0022143,0.0017039,0.00089075,0.010233,0.0012269,0.0014573,0.0012197,0.0014053,0.0019997,0.0019924,0.0029094,0.0054824,0.0083283,0.0056507,0.0012215,0.0013081,0.00074266,0.00071192,0.0004013,0.0004368,0.00063897,0.0032217,0.0034217,0.0036099,0.0039824,0.0044846,0.0054709,0.0079392,0.016758,0.011418,0.018571,0.0068414,0.0037937,0.0026921,0.0020148,0.0018021,0.0015507,0.016693,0.0053193,0.0044777,0.0055644,0.0060672,0.0082292,0.011163,0.020758,0.061153,0.13184,0.024993,0.016843,0.012771,0.011823,0.0090047,0.0092532,0.0086328,0.0026989,0.0013117,0.00066093,0.00075171,0.0003978,0.00043306,0.00057818,0.00096477,0.0011802,0.051437,0.0015566,0.000848,0.00046352,0.0003789,0.00050482,0.00034485,0.00031855,0.0016461,0.00096053,0.0010273,0.0012666,0.0012498,0.0016569,0.0025928,0.0031681,0.013035,0.089242,0.0033004,0.003186,0.0024513,0.0020624,0.0017176,0.001813,0.0017567
0.00013734,0.0018098,0.0022131,0.0022352,0.0027381,0.0025069,0.0038932,0.0063141,0.010001,0.04018,0.011512,0.0056149,0.0032935,0.001811,0.0046646,0.0024437,0.0026779,0.0048619,0.0013941,0.0019257,0.0015303,0.0014451,0.0018024,0.0024114,0.0030848,0.0063699,0.015266,0.0070435,0.0029025,0.0018212,0.0012063,0.0011493,0.00098987,0.00088694,0.0037709,0.0008335,0.00088854,0.00078405,0.00091678,0.0010811,0.0016701,0.00052636,0.0023653,0.040104,0.0063408,0.0024593,0.0014688,0.0011378,0.00058634,0.00082268,0.00083734,0.0046235,0.0092246,0.0096903,0.013145,0.017938,0.024961,0.038622,0.063112,0.17825,0.28194,0.11025,0.067891,0.053202,0.045689,0.04053,0.038823,0.038334,0.0041123,0.00099549,0.00042083,0.0011839,0.00063953,0.0010133,0.0015328,0.0019102,0.0076495,0.015307,0.0038628,0.0025066,0.00207,0.001742,0.0018855,0.0018874,0.0012207,0.0034333,0.0031261,0.0031342,0.0037364,0.0040037,0.0045962,0.005451,0.0098775,0.016503,0.029604,0.010299,0.0048946,0.0029829,0.0019816,0.001083,0.0011022,0.00073624,0.02631,0.0057713,0.0054224,0.0057954,0.0063039,0.0073892,0.0087153,0.01172,0.020075,0.042133,0.047211,0.016827,0.010326,0.0068591,0.0058184,0.0050724,0.0042763,0.0086767,0.00089635,0.00099231,0.00016508,0.00013393,9.8997e-05,0.00055331,0.00027658,0.00073918,0.01359,0.0010727,0.00031985,5.0188e-05,1.5408e-05,0.00014232,7.1678e-05,3.2429e-05,0.003521,0.00084664,0.0011329,0.0010874,0.0012387,0.001483,0.0023058,0.001976,0.0063878,0.040813,0.011593,0.0050571,0.0032824,0.0026114,0.0024727,0.00222,0.0021515,0.0089189,0.018914,0.0109,0.0031635,0.015075,0.031754,0.049247,0.066755,0.096726,0.21826,0.048976,0.057187,0.0535,0.04555,0.031711,0.017826,0.0051805,0.00052642,0.0035305,0.0025841,0.0014384,0.0029079,0.0053656,0.007067,0.0083235,0.0089226,0.037747,0.0096226,0.0097949,0.0081784,0.0059735,0.0047795,0.0024732,0.0013657,0.0067674,0.0037958,0.0026816,0.0029248,0.0042824,0.0062295,0.0076494,0.009767,0.0099075,0.046531,0.013148,0.011311,0.008952,0.0066391,0.0042181,0.0021343,0.00045777
0.00079157,0.0027573,0.0020663,0.0035531,0.0033906,0.0044755,0.0053955,0.0064706,0.018545,0.027936,0.014253,0.006587,0.0026878,0.0022104,0.0015183,0.002409,0.0017681,0.00243,0.00035861,0.00029052,0.00098651,0.00017507,0.00038269,0.00034428,0.0012155,0.002322,0.018385,0.005801,0.002106,0.0013364,0.0011189,0.00084634,0.00086702,0.00077057,0.0037041,0.0015409,0.0014303,0.0015816,0.0016779,0.0022763,0.002627,0.0028572,0.0075836,0.0027691,0.0082767,0.0033584,0.0020861,0.0015891,0.001318,0.0011728,0.0011749,0.016337,0.017623,0.025795,0.034541,0.029205,0.012453,0.056757,0.14218,0.29791,0.29839,0.11806,0.14301,0.11184,0.051559,0.012817,0.062712,0.080203,0.0082017,0.00036574,0.0010314,0.00043071,0.0012572,0.0003041,0.002006,0.0054792,0.0095288,0.01199,0.0041739,0.0045389,0.003425,0.0019331,0.00016769,0.0022599,0.002575,0.0012799,0.0017505,0.0027521,0.0028778,0.0019172,0.0013043,0.0046922,0.00696,0.020304,0.0068839,0.0047966,0.0068995,0.0055475,0.0028013,0.0005353,0.0027692,0.0035115,0.034279,0.002935,0.0019419,0.0027446,0.0040451,0.005561,0.0070249,0.0093165,0.017616,0.12204,0.060655,0.022717,0.014986,0.011054,0.0090719,0.0098159,0.0094987,0.011532,0.00020897,0.00052155,0.00022234,0.00051553,0.00044827,0.00016379,0.00059802,0.0014799,0.019766,0.0008877,0.00096775,0.00025074,0.00029999,0.00012103,0.00013329,0.00012207,0.0027886,0.00066452,0.00060446,0.00054276,0.00077469,0.00098675,0.0016,0.0030932,0.0056626,0.03407,0.0099724,0.0035702,0.0026447,0.0019734,0.0016939,0.0017292,0.0015755,0.020224,0.0046567,0.0050906,0.0058933,0.0068979,0.0084669,0.011297,0.019389,0.057062,0.19426,0.026857,0.015477,0.0119,0.0090549,0.0093084,0.0084514,0.0081121,0.00065805,0.0016151,0.00058354,0.0012396,0.00090247,0.0010148,0.0017116,0.001914,0.0031355,0.055248,0.0064027,0.0021941,0.0013507,0.0010522,0.0016784,0.00095048,0.00035666,0.0006714,0.0024648,0.0025955,0.0028518,0.0028986,0.0036619,0.0038316,0.0069319,0.012971,0.049168,0.011511,0.0040493,0.0022667,0.0014053,0.00086873,0.00038186,7.2476e-05
0.0056382,0.0029525,0.0024218,0.0026364,0.0028573,0.004012,0.0040977,0.006046,0.0088976,0.021268,0.014467,0.0043674,0.0024552,0.00058251,0.00071154,0.00040123,4.1973e-05,0.0018711,0.0015771,0.00099202,0.00084272,0.001217,0.00095544,0.0010472,0.0020616,0.0029034,0.0043043,0.0048102,0.0020797,0.0012786,0.00093393,0.00065153,0.00057331,0.00077248,4.3873e-05,0.0013334,0.0014524,0.0015749,0.001572,0.0019369,0.0022195,0.0032674,0.0040363,0.01355,0.0084192,0.0031642,0.0017297,0.001223,0.00054371,0.00065892,0.00053597,0.012366,0.013419,0.013361,0.014216,0.016432,0.018523,0.024035,0.036055,0.063422,0.47038,0.035549,0.01901,0.011989,0.0072647,0.0055274,0.0039222,0.0037365,0.0074464,0.0017446,0.00083737,0.0018121,0.0008335,0.0015626,0.0017697,0.0027113,0.0045561,0.01747,0.0052707,0.0019592,0.0011211,0.00086672,0.00051866,0.00053252,0.00020218,0.0014248,0.00037705,0.00063751,0.00089115,0.00082367,0.00096761,0.0012715,0.0025954,0.00325,0.057423,0.0043628,0.0014246,0.00084412,0.00054076,0.000298,0.00025463,0.00016976,0.03307,0.0011179,0.0025879,0.0017864,0.0025835,0.00469,0.0065915,0.0096457,0.018354,0.033802,0.066468,0.025416,0.017185,0.015304,0.012623,0.010541,0.011318,0.012863,0.00091536,0.00092321,0.00083775,0.00096693,0.00069329,0.001373,0.0013994,0.0032723,0.0081783,0.0043133,0.0015864,0.00072264,0.00055465,0.00051041,0.00035311,0.00032807,0.0042649,0.00036664,2.8569e-05,0.00018589,0.0004587,0.00048373,0.00097565,0.00034055,0.0021998,0.038413,0.0075624,0.0025518,0.0017412,0.0013742,0.0010676,0.0010171,0.0010109,0.012909,0.0010357,0.00089134,0.0011352,0.0015354,0.0028982,0.0038024,0.01196,0.0058387,0.1339,0.033106,0.014951,0.011686,0.009756,0.0060564,0.0073586,0.0075303,0.0010452,0.0012234,0.00093103,0.0011385,0.0013142,0.0010714,0.0016902,0.0026118,0.0072103,0.045036,0.0065694,0.0028066,0.0022713,0.001663,0.0026465,0.001928,0.0021973,0.0029946,0.00070841,0.00072375,0.00087339,0.0011319,0.0009817,0.0015041,0.0038433,0.00472,0.065639,0.0017981,0.0015453,0.0011135,0.00089847,0.00083764,0.0006897,0.00067138
0.0012341,0.00078831,0.00066705,0.00090758,0.0010059,0.00047779,0.001444,0.0022863,0.00062447,0.02984,0.0099004,0.00381,0.0028115,0.0030947,0.00075193,0.002483,0.0019017,0.0027428,0.00062948,0.00046238,0.00019534,0.00043582,0.00058417,0.00092163,0.0008537,0.0016957,0.011403,0.0024874,0.00098416,0.00053017,0.00062824,0.00056178,0.00033924,0.00039673,0.0027314,0.00039872,0.00035353,0.00044016,0.00060829,0.00081625,0.0010327,0.0009882,0.0025279,0.030312,0.006855,0.0029033,0.0019088,0.001619,0.0010108,0.0010814,0.0010643,0.0061665,0.0067532,0.0075564,0.0093421,0.012093,0.016218,0.024527,0.041683,0.095769,0.27734,0.08246,0.048323,0.035759,0.030476,0.027149,0.025416,0.025175,0.0063802,0.00026765,0.00039267,0.00044499,0.00050716,0.0007774,0.0013142,0.0017222,0.0048566,0.019358,0.0053726,0.0028833,0.0020713,0.0016684,0.0018935,0.0019159,0.0009556,0.0020638,0.0019262,0.0019182,0.0019254,0.0023376,0.0026547,0.0037776,0.003488,0.0089847,0.049456,0.0068977,0.0028701,0.0017062,0.0012009,0.00050226,0.00029597,0.00035478,0.033764,0.010529,0.012097,0.00037328,0.015072,0.016135,0.0011823,0.030449,0.046864,0.03961,0.10193,0.030961,0.0098613,0.022625,0.012303,0.0075813,0.016606,0.012095,0.0014167,0.0012868,0.00096802,0.0015325,0.001363,0.0010517,0.0035146,0.0056561,0.0062521,0.0081152,0.0036937,0.0010268,0.0016708,0.0015158,0.00090548,0.0012455,0.0041924,0.0012271,0.0010323,0.0010903,0.0016917,0.0016161,0.0013613,0.0043375,0.0084182,0.020453,0.0081144,0.0049643,0.0018823,0.0013088,0.0025592,0.0018404,0.00046922,0.013956,0.0011341,0.0011512,0.00051183,0.0026584,0.0033861,0.005161,0.0096598,0.024217,0.20439,0.014695,0.0084135,0.0071772,0.006173,0.0042535,0.0052111,0.0043774,0.00073434,0.00079569,0.00075324,0.0010699,0.00025734,0.00084831,0.0012107,0.0019265,0.0029543,0.0473,0.0046469,0.0016465,0.0018108,0.0012802,0.0014104,0.0010055,0.000803,0.0026169,0.0005142,0.00033307,0.00035681,0.00050913,0.00074704,0.00079216,0.00056288,0.0025405,0.078675,0.0032077,0.0014611,0.00068449,0.0004914,0.00062066,0.00053047,0.00055695
0.0016175,0.0018008,0.0030729,0.0018704,0.0030447,0.0036778,0.0044154,0.0071723,0.027372,0.017474,0.016376,0.0078569,0.0056052,0.0059533,0.0046297,0.0036909,0.0040703,0.0037442,0.0010449,0.00073198,0.00061996,0.00029205,0.00038647,0.00084651,0.0012576,0.0058784,0.0088244,0.0023947,0.0010806,0.00090274,0.00081782,0.00061023,0.00048392,0.00066568,0.0022088,0.0002574,0.00029391,0.00053119,0.00093668,0.0011822,0.0020715,0.0030721,0.010376,0.011277,0.010526,0.0051165,0.0036841,0.0029798,0.0029321,0.0023239,0.0023537,0.02631,0.025161,0.02678,0.02726,0.030888,0.036454,0.045613,0.067059,0.15295,0.30426,0.0742,0.037065,0.022532,0.016979,0.012908,0.0099268,0.0096475,0.0056001,0.0013216,0.00075618,0.0013958,0.00094953,0.0010979,0.0014884,0.0020101,0.0054734,0.017341,0.0016827,0.00097599,0.00073848,0.00039514,0.00070945,0.0011167,0.00053786,0.0009804,0.00067163,0.00062003,0.00088827,0.0012657,0.0013764,0.0025929,0.0033057,0.011356,0.019504,0.0073904,0.0043247,0.0034078,0.0028141,0.0026375,0.0024173,0.0023766,0.030142,0.002965,0.003297,0.0039078,0.0040952,0.0054599,0.0072719,0.010857,0.027249,0.11518,0.043926,0.019138,0.013266,0.010958,0.0081027,0.0080935,0.0080396,0.0096132,0.00018161,0.00056617,0.00036809,0.00012563,0.00046273,0.00030712,0.00035927,0.0015807,0.016549,0.0035034,0.0012855,0.00080542,0.00071626,0.00049825,0.00061795,0.00062944,0.0037785,0.00074067,0.00044397,0.00033935,0.00054178,0.00062775,0.0012705,0.0022865,0.003622,0.021671,0.0049616,0.0027382,0.0019971,0.0016933,0.0013342,0.0012981,0.0011578,0.007517,0.0041118,0.0053924,0.0055315,0.0060678,0.0074295,0.0097125,0.015986,0.03315,0.25423,0.021064,0.011565,0.0078051,0.0065163,0.0051438,0.0045788,0.0057584,0.0013104,0.00048542,0.00047319,1.4729e-05,0.00011034,0.00027756,0.00013843,0.00022154,0.00028244,0.051888,0.00082956,0.00044124,0.00034906,0.00026812,0.0015492,0.00020639,0.00021172,0.0049897,0.0013884,0.0014991,0.0015619,0.0016326,0.0020466,0.002639,0.0029053,0.0096496,0.042143,0.0067631,0.0031278,0.0022474,0.0017605,0.0014464,0.0012015,0.0012856
0.0047322,0.00086291,0.0012147,0.0020147,0.0015108,0.0017288,0.0031996,0.006271,0.011034,0.017286,0.018815,0.0075221,0.0052003,0.0048605,0.0024808,0.0040311,0.0038739,0.0039006,0.00026807,0.00031887,0.00036573,0.00041683,0.0012528,0.0011695,0.0020271,0.0040639,0.013422,0.0076271,0.0032748,0.0023621,0.0022569,0.001641,0.0016097,0.0013447,0.00071335,0.00024749,0.00041066,0.00052187,0.0005326,0.0011091,0.0019275,0.0018184,0.0051384,0.016153,0.011542,0.0048153,0.003449,0.0024511,0.0023772,0.0022055,0.0022011,0.0089304,0.0061382,0.0080308,0.0088629,0.012426,0.017565,0.025812,0.043905,0.12021,0.51426,0.077668,0.048769,0.03694,0.030572,0.028523,0.026723,0.024937,0.0070897,0.00025068,0.00072978,0.00071395,0.00066712,0.0010137,0.0013552,0.0024567,0.005755,0.013705,0.0066348,0.0029299,0.0022924,0.002173,0.0014932,0.0013121,0.0015507,0.0034104,0.0014449,0.0016028,0.0017472,0.0020492,0.002133,0.0027944,0.0055936,0.0098677,0.039644,0.0045551,0.0020278,0.0013757,0.00089763,0.00080523,0.00054464,0.00038909,0.024464,0.0069674,0.006839,0.0080904,0.0092243,0.010195,0.012955,0.018663,0.030083,0.057913,0.045098,0.019485,0.012888,0.0092815,0.0081784,0.0063431,0.0062638,0.011986,0.00091467,0.00096019,0.0005018,0.00066672,0.00065685,0.0011747,0.0018319,0.0033762,0.0095217,0.0039646,0.0015394,0.0007785,0.00036374,0.00013784,0.00011837,9.919e-05,0.0053731,0.00024933,0.00025352,0.00024838,0.00040042,0.00040477,0.00072668,0.00095595,0.0025834,0.050654,0.0047649,0.0019638,0.0012785,0.0010485,0.0010646,0.00093063,0.00092126,0.021736,0.0062062,0.0068041,0.0073762,0.0082028,0.0095182,0.011903,0.014982,0.038203,0.19549,0.017956,0.0088839,0.0055393,0.0038981,0.0045413,0.0020946,0.00073624,0.0026474,0.00040106,0.00022245,0.00077986,0.00025026,0.00013739,0.00047691,0.00035792,0.0013951,0.04827,0.00095596,0.00036613,0.0001266,9.8865e-05,0.0017935,0.00026075,0.00020981,0.0029698,0.0015304,0.0014415,0.0017786,0.0017692,0.0023225,0.0025087,0.0048216,0.0077441,0.049752,0.0078391,0.0032056,0.0021916,0.0018611,0.0015236,0.0012837,0.0012036
0.0060349,0.0016472,0.00058043,0.00085958,0.0017218,0.0019962,0.0023832,0.0044567,0.0041612,0.022524,0.020328,0.0069779,0.0048159,0.0039004,0.0030303,0.003793,0.002945,0.0038491,0.0011794,0.001344,0.0014374,0.00050667,0.0018097,0.0021477,0.0033985,0.0057883,0.0082478,0.012592,0.0047744,0.0032284,0.0020298,0.0021343,0.0020844,0.001957,0.00065805,0.00041716,0.00054863,0.00057074,0.00088681,0.0011427,0.0015604,0.0026537,0.0027364,0.0055123,0.017865,0.0057095,0.0036534,0.0030534,0.0025283,0.0022968,0.0021839,0.019083,0.021159,0.021411,0.023781,0.02581,0.030303,0.038697,0.057466,0.11646,0.43539,0.056815,0.029017,0.01871,0.012049,0.0086585,0.0074514,0.0058194,0.006714,0.0011616,0.0012373,0.0012492,0.0012825,0.0012401,0.0016831,0.002793,0.0051277,0.020859,0.0042553,0.0017424,0.0012318,0.00090057,0.00054773,0.00048972,0.00087358,0.0019493,0.00069154,0.00056372,0.00085389,0.0011201,0.0011119,0.001672,0.0033925,0.0058715,0.059127,0.0086469,0.0037889,0.0026734,0.0021667,0.002001,0.0020168,0.0019913,0.036374,0.0043691,0.0050765,0.0057953,0.0052429,0.0065241,0.0071292,0.010685,0.01891,0.12983,0.032842,0.012991,0.008373,0.0075003,0.0037847,0.0045151,0.0034981,0.012163,0.00073654,0.00041045,0.0004018,0.00064611,0.00090507,0.00051734,0.00076056,0.0021625,0.011703,0.0041364,0.0013154,0.00088838,0.00087,0.00044717,0.00042816,0.00045205,0.0040894,0.00084807,0.00098275,0.0011842,0.0016266,0.0017447,0.0025294,0.0044635,0.0081165,0.02533,0.014082,0.0067695,0.0045031,0.0038255,0.0030384,0.0030596,0.0029755,0.016875,0.0075186,0.0021614,0.0085721,0.0052947,0.011106,0.0098454,0.014126,0.040696,0.11596,0.056625,0.013568,0.017024,0.0090732,0.010452,0.0070785,0.0092641,0.00094034,0.00097571,0.00063671,0.0021057,0.00066322,0.0029029,0.0034191,0.0035749,0.014356,0.039607,0.023058,0.0063617,0.0071188,0.0053284,0.0037174,0.0060912,0.0022641,0.0012646,0.0045077,0.0026716,0.0054372,0.0042008,0.0069555,0.0093551,0.0099587,0.034585,0.057787,0.04062,0.0088701,0.012496,0.0097575,0.0050361,0.010074,0.00029945
0.0055066,0.0010306,0.0018462,0.00069467,0.0010057,0.00027017,0.00068157,0.0015492,0.0047507,0.043923,0.020482,0.006173,0.0042831,0.0011966,0.0014411,0.0028494,0.0017681,0.0026017,0.00069638,0.0018407,0.0016755,0.0017173,0.0012473,0.0018405,0.0022999,0.0037291,0.015282,0.01075,0.0031198,0.0018244,0.0010347,0.0011272,0.00097359,0.00082017,0.0021343,0.00063405,0.00034741,0.00065311,0.00083569,0.0013326,0.0014848,0.0025561,0.0040167,0.038163,0.021346,0.0071588,0.0045339,0.0037626,0.0029461,0.0029747,0.0030346,0.0099985,0.014344,0.016091,0.017484,0.021845,0.027629,0.03896,0.06488,0.15612,0.2828,0.11447,0.065008,0.04768,0.040015,0.036247,0.034339,0.03249,0.0081254,0.00034327,0.00031978,0.00033257,0.00081315,0.0012556,0.0015188,0.0025229,0.006996,0.012964,0.0061955,0.0033838,0.0025883,0.0024568,0.0018275,0.0014403,0.00097658,0.0023346,0.0032527,0.0036092,0.0037952,0.0040967,0.004734,0.0060481,0.0071587,0.016667,0.029271,0.013503,0.0056942,0.0034093,0.002523,0.0016729,0.0015371,0.0012055,0.035584,0.0056077,0.0052313,0.0060377,0.0063873,0.0080234,0.010423,0.013512,0.026764,0.10867,0.029674,0.01425,0.0093937,0.0073091,0.0059791,0.0055089,0.005005,0.012739,0.00018817,0.00030598,0.00038915,0.00051093,0.00053144,0.00095547,0.0010112,0.0023558,0.013638,0.0059947,0.0025423,0.0018323,0.0013812,0.0011931,0.0010993,0.0011273,0.0051194,0.00032286,0.00050267,0.00062832,0.00075339,0.00095901,0.0014166,0.0028204,0.0044846,0.010796,0.012187,0.0045631,0.0032047,0.0025365,0.0022432,0.0020865,0.0019837,0.014633,0.0019172,0.0019551,0.0020945,0.0025258,0.0023953,0.0032132,0.0077875,0.013338,0.23956,0.0098722,0.0051215,0.003059,0.0033924,0.0020633,0.00089118,0.00014498,0.0022564,0.00072991,0.00076853,0.00094558,0.00088891,0.0014295,0.0017914,0.0031017,0.0058049,0.049778,0.0082551,0.0045108,0.0026148,0.0020526,0.0019307,0.0021987,0.0023213,0.0039731,0.00038497,0.00048594,0.00093706,0.0014144,0.0021808,0.0034132,0.0049042,0.012436,0.052195,0.018516,0.0088837,0.0064699,0.005333,0.004891,0.0045244,0.0044957
0.0022641,0.0023013,0.0031094,0.0039143,0.0028975,0.0042877,0.0046755,0.0059296,0.022601,0.03536,0.012752,0.0019357,0.00092992,0.0018274,0.0020029,0.00067448,0.00041772,0.0061952,0.00037658,0.00029051,0.0011224,0.00092391,0.0011228,0.0012291,0.0017005,0.0055584,0.014465,0.0066067,0.0014768,0.001104,0.0010002,0.00087846,0.00050687,0.00043871,0.0028878,0.0002798,0.00015352,0.00018277,0.00010155,0.00043486,0.00055616,0.0014987,0.0070692,0.0068029,0.01452,0.0022642,0.0011556,0.00047507,0.00042419,0.00055469,0.00032806,0.041388,0.035393,0.036033,0.0392,0.043527,0.051357,0.0654,0.094087,0.25017,0.46218,0.089164,0.043862,0.026415,0.016875,0.01092,0.008219,0.0066358,0.00799,0.0015082,0.0017446,0.0017006,0.0021392,0.0022044,0.0027337,0.0040514,0.010611,0.013634,0.0061006,0.0025245,0.0016256,0.0010798,0.0012499,0.00081181,0.00058556,0.0018769,0.0012718,0.0014441,0.0018036,0.0017862,0.0030143,0.0041606,0.0080961,0.019933,0.052443,0.012874,0.0067944,0.004984,0.004315,0.0038564,0.0036157,0.0035859,0.023821,0.0046228,0.0054282,0.0047763,0.0057451,0.0062734,0.0078683,0.010405,0.023547,0.1109,0.033698,0.01309,0.0085364,0.0063073,0.003471,0.0045066,0.0050107,0.010325,0.00059879,0.00055569,0.00037974,0.00072129,0.0003458,0.00056301,0.00052516,0.0015834,0.02045,0.0055406,0.0015752,0.00098051,0.00099552,0.00062878,0.00075039,0.00061227,0.0042477,0.00038466,0.00016495,0.00034871,0.00050515,0.00047626,0.00085647,0.001145,0.0041083,0.04267,0.0009983,0.00097853,0.00090356,0.00087615,0.00069212,0.00071872,0.00074579,0.026795,0.010577,0.01132,0.012078,0.013818,0.014606,0.019224,0.025733,0.069086,0.14458,0.026632,0.014739,0.0084736,0.0059321,0.0052788,0.0015998,0.001503,0.00486,0.001343,0.00083901,0.00085553,0.00085191,0.0010725,0.0014277,0.00114,0.0021879,0.051834,0.0056503,0.0015882,0.00091383,0.00032477,0.0013194,0.00064433,0.00046541,0.0020314,0.0011015,0.0012448,0.0014971,0.0020201,0.0018406,0.0027263,0.0053318,0.011768,0.061483,0.0025412,0.002429,0.0021246,0.0019294,0.0016258,0.0014402,0.0013676
0.0039941,0.0024798,0.0027422,0.0028462,0.0036984,0.004053,0.0065025,0.011783,0.018763,0.02306,0.016535,0.0062297,0.0042313,0.002963,0.0025389,0.0017396,0.0028306,0.0086137,0.00040831,0.0003578,0.0010285,0.00086003,0.0013289,0.0022279,0.0032913,0.0075842,0.0083852,0.012919,0.004774,0.0032663,0.0025155,0.0022371,0.0018267,0.001751,0.0023365,0.00041427,0.00063046,0.00066043,0.0010816,0.0014441,0.0027664,0.0040495,0.0087529,0.020959,0.020986,0.0062088,0.003848,0.0034786,0.0028847,0.0027009,0.0026074,0.00020979,0.049584,0.019759,0.048401,0.043118,0.044064,0.087696,0.040054,0.4039,0.0466,0.11154,0.029559,0.036768,0.026078,0.013477,0.02428,1.1429e-05,0.0027123,0.0019691,0.00053211,0.0023887,0.0021403,0.0021237,0.0038364,0.0017862,0.017356,0.0016932,0.0069321,0.0029375,0.0019772,0.0015553,0.00088676,0.0014216,0.0010681,0.00071335,0.0030023,0.00091202,0.0034161,0.0029339,0.0041766,0.0082211,0.0044478,0.038931,0.01269,0.022231,0.0073125,0.0079855,0.0072495,0.0033347,0.0071662,0.0012474,0.025324,0.0042417,0.0049909,0.0049654,0.0057063,0.0062119,0.0075342,0.011471,0.016165,0.075766,0.015753,0.0065415,0.0034836,0.0029278,0.0017357,0.00038255,0.00047494,0.0067273,0.00017081,0.00041822,0.00063116,0.00029543,0.00060115,0.00090812,0.0017452,0.0023881,0.012175,0.0039504,0.0011452,0.00067861,0.00037625,0.00031198,0.00026163,0.00015069,0.0045033,0.0013985,0.0014447,0.001465,0.0015908,0.0018932,0.0026834,0.0045219,0.0069062,0.048247,0.010789,0.0037778,0.0022137,0.0017909,0.0013599,0.0010999,0.0013561,0.010649,0.0020677,0.0036348,0.0043602,0.0056442,0.0082286,0.011932,0.020082,0.064768,0.26649,0.026204,0.019156,0.016067,0.012757,0.013003,0.01309,0.013037,0.0068284,0.0012176,0.0015066,0.0012636,0.001569,0.0014562,0.0022928,0.00332,0.0076143,0.041511,0.0067742,0.0016592,0.00087251,0.0010033,0.001409,0.00078023,0.0011597,0.0055715,0.0017229,0.0019172,0.0025088,0.00277,0.0030627,0.0038629,0.0055277,0.015167,0.057334,0.0083422,0.0042354,0.0030518,0.0022886,0.0021861,0.0019446,0.0020008
0.0045357,0.0042464,0.0051331,0.0049414,0.0051272,0.0054631,0.0077454,0.010147,0.045897,0.056559,0.023542,0.0093059,0.0048301,0.0047553,0.0031205,0.0035702,0.0025826,0.0047627,0.0014693,0.0013711,0.00085506,0.0014588,0.0021661,0.0025985,0.0037527,0.0123,0.02163,0.011281,0.0029964,0.0020106,0.0015657,0.0013325,0.0013023,0.0012684,0.0048237,0.0016482,0.0018053,0.0022275,0.0023327,0.002736,0.0036992,0.0054034,0.01511,0.010226,0.022091,0.0042703,0.0026509,0.0022373,0.0018626,0.0014395,0.0015736,0.026196,0.024871,0.025761,0.029527,0.03548,0.043856,0.062531,0.103,0.3241,0.44612,0.1131,0.076544,0.058071,0.049053,0.044526,0.041146,0.040307,0.0030518,0.0008934,0.00061478,0.0004847,0.0011983,0.0014818,0.0020106,0.0034929,0.010995,0.01374,0.0058674,0.0029296,0.0026202,0.0020898,0.0024522,0.0020418,0.0023156,0.0036889,0.0041894,0.0043437,0.0044867,0.0053747,0.0062957,0.0080348,0.012472,0.035356,0.040544,0.005917,0.0045727,0.0029781,0.0017773,0.0012141,0.00075233,0.00016021,0.030552,0.0026431,0.002912,0.002557,0.0041155,0.0051236,0.0079338,0.012553,0.043561,0.085008,0.03167,0.014889,0.010833,0.0092229,0.0084135,0.0084198,0.0074617,0.007496,0.0014642,0.0011113,0.0014189,0.0012169,0.0012553,0.001929,0.0027295,0.0080401,0.0081744,0.0077907,0.0026348,0.0017565,0.00089012,0.00066654,0.00069878,0.00085451,0.00015641,0.00096599,0.001144,0.0011628,0.0018487,0.0018961,0.0026184,0.0039867,0.01266,0.053897,0.0094133,0.0029838,0.0020417,0.0019077,0.0014843,0.0012747,0.0011101,0.011578,0.0029842,0.0034556,0.0042105,0.0076525,0.011128,0.017085,0.030711,0.10888,0.19998,0.042076,0.028617,0.022691,0.018777,0.016917,0.019526,0.0154,0.0022946,0.0012509,0.00072757,0.0020678,0.00045547,0.00070747,0.00098602,0.0019825,0.0036267,0.049803,0.0041182,0.0011664,0.000558,0.00062029,0.0010471,0.001794,0.00091364,0.0016117,0.0009344,0.0011904,0.0014678,0.001816,0.0027809,0.0040669,0.0078161,0.02339,0.054279,0.012632,0.0070064,0.0054128,0.0045293,0.0039287,0.0040799,0.0038357
0.0032196,0.0035634,0.005219,0.0053562,0.0069031,0.0075027,0.009104,0.014011,0.045741,0.025775,0.024285,0.0056865,0.0048731,0.0031628,0.0034654,0.0034472,0.0026742,0.0046025,0.0024082,0.0016207,0.0015143,0.0016277,0.0018793,0.0019908,0.0035955,0.011896,0.010715,0.0049612,0.0012154,0.001395,0.0015256,0.0013324,0.0011165,0.0010357,0.00024034,0.0011936,0.0023851,0.0021885,0.0024936,0.0031022,0.003683,0.0058274,0.014626,0.025156,0.018785,0.0036558,0.0019757,0.00097131,0.00053122,0.00025231,1.1448e-05,0.024042,0.024656,0.027756,0.030725,0.036549,0.045311,0.062885,0.10757,0.30196,0.23452,0.12372,0.07333,0.055877,0.046868,0.041933,0.038758,0.038748,0.0041867,0.0014986,0.00069779,0.0011185,0.00022588,0.00096189,0.0020222,0.0037799,0.011268,0.012767,0.0036272,0.0028087,0.0024768,0.0018855,0.0020276,0.0013711,0.0015888,0.0039902,0.0044824,0.0046472,0.0050818,0.0048827,0.006609,0.0084886,0.011234,0.035271,0.052488,0.010463,0.0045042,0.0029851,0.00206,0.0010867,0.00070086,0.00053407,0.045319,0.0049577,0.010647,0.0058513,0.016182,0.0048732,0.024641,0.0066296,0.073136,0.10921,0.078305,0.019476,0.022934,0.014895,0.013304,0.016295,0.010674,0.0075666,0.00091884,0.0020524,0.0013517,0.0013434,0.001689,0.0020925,0.003463,0.0042557,0.012159,0.0047569,0.0029764,0.00027648,0.0011688,0.0001846,0.0006096,5.9128e-05,0.0020256,0.0015616,0.00058122,0.0011693,0.0012779,0.0022102,0.0025827,0.0062244,0.011632,0.0075736,0.012118,0.0070834,0.00563,0.004216,0.0042132,0.0031664,0.0042077,0.014542,0.0024886,0.0045231,0.006823,0.0081025,0.011063,0.016974,0.030061,0.11038,0.26436,0.051625,0.027489,0.021639,0.018166,0.016308,0.016656,0.016255,0.0032158,0.0027701,0.0017972,0.00083046,0.0025981,0.0019651,0.002633,0.0039646,0.0065289,0.04879,0.0042068,0.0031177,0.0016726,0.00064921,0.00038371,0.0014425,0.00070192,0.0039254,0.0014656,0.0012983,0.0015798,0.0026385,0.0023827,0.0040154,0.0063634,0.025812,0.082242,0.0031166,0.0049298,0.0041239,0.0035483,0.0031145,0.0031992,0.0031167
0.010924,0.0055107,0.0021067,0.0030942,0.00407,0.0047077,0.0086087,0.01376,0.047635,0.036342,0.019652,0.011138,0.0090737,0.0070375,0.0075249,0.0063431,0.0054532,0.023024,0.0060093,0.003022,0.0028506,0.002015,0.002815,0.0025446,0.0053653,0.016444,0.0082886,0.014586,0.0039365,0.0029547,0.0022971,0.0021421,0.0019519,0.0017071,0.011496,0.0031652,0.0017543,0.00165,0.0010776,0.0024517,0.0031436,0.0049914,0.019257,0.0074016,0.02395,0.0053557,0.0039316,0.0033859,0.0031281,0.0027201,0.0029698,0.035676,0.02421,0.023476,0.024517,0.030317,0.038887,0.055284,0.092045,0.30405,0.40661,0.086133,0.060713,0.047472,0.041293,0.037099,0.034772,0.033387,0.010964,0.0042975,0.0029003,0.0020369,0.0023979,0.002111,0.0025027,0.0036586,0.011268,0.015671,0.0066918,0.001682,0.0011914,0.0013393,0.0018855,0.0016955,0.00066377,0.001648,0.0031496,0.003624,0.0035661,0.0037552,0.0056611,0.0064629,0.012032,0.032954,0.047289,0.015155,0.0055312,0.0037726,0.0030164,0.0022702,0.002627,0.0022622,0.023598,0.0039879,0.0010881,0.0019881,0.0024479,0.0031866,0.0035219,0.0047286,0.034068,0.15381,0.024209,0.01252,0.0098163,0.0075877,0.0031213,0.0077815,0.0055428,0.0093881,0.0062862,0.0022716,0.0020651,0.0018082,0.00076314,0.0019167,0.0019581,0.0056996,0.013895,0.0043898,0.0015076,0.0015611,0.001139,0.00068706,0.0007933,0.00099184,0.0046407,0.0025526,0.0010775,0.0010417,0.0017454,0.0016098,0.0021804,0.0043522,0.016097,0.019307,0.010825,0.0037513,0.0025196,0.0021976,0.0017892,0.001943,0.001833,0.015011,0.018259,0.020604,0.02394,0.030009,0.038373,0.050441,0.077368,0.16401,0.07458,0.05458,0.018617,0.0062914,0.0042,0.0081592,0.009384,0.011452,0.0156,0.0070672,0.0056722,0.0058818,0.0056063,0.0051641,0.0048597,0.0044751,0.0065478,0.051287,0.012091,0.0066187,0.0054565,0.0048741,0.00458,0.002452,0.0034733,0.0044385,0.0034141,0.0032941,0.0031302,0.0036587,0.0022069,0.0034126,0.0063613,0.018937,0.069547,0.017343,0.0083384,0.0054066,0.003623,0.0022357,0.0012205,1.717e-05
0.021902,0.0050244,0.0028719,0.0032711,0.0040286,0.005132,0.0074993,0.013849,0.029766,0.05084,0.030368,0.011678,0.0090769,0.0071445,0.0057108,0.0057489,0.0059758,0.067498,0.0053392,0.0017909,0.00050463,0.00089219,0.00025856,0.0016981,0.003081,0.011022,0.014732,0.0083467,0.0031806,0.0022341,0.0023786,0.0021421,0.0019552,0.0021439,0.023564,0.0020432,0.000753,0.0010125,0.00098713,0.0014687,0.0020568,0.0040484,0.018651,0.017685,0.021617,0.0038253,0.0029664,0.0024208,0.0020405,0.0021193,0.0020523,0.010952,0.034126,0.032941,0.0356,0.041678,0.050515,0.066277,0.10789,0.31136,0.36926,0.10772,0.067333,0.050009,0.041311,0.035278,0.034233,0.031708,0.051728,0.0041473,0.0015057,0.0017047,0.00049157,0.0010031,0.001543,0.0035109,0.010687,0.013073,0.0027071,0.0034261,0.0027992,0.0024582,0.0031313,0.0024046,0.0022125,0.018214,0.0053613,0.0056417,0.0064072,0.0070949,0.0077895,0.0099246,0.014221,0.038709,0.01496,0.014128,0.0079484,0.0048257,0.0033209,0.0019351,0.0017692,0.0014668,0.00593,0.0066051,0.0080254,0.0085195,0.010667,0.011681,0.014009,0.020359,0.047261,0.12986,0.046992,0.016043,0.0093834,0.0067586,0.0075624,0.0051903,0.0027104,0.05107,0.005604,0.0022479,0.0012361,0.0015917,0.0019101,0.0013625,0.003014,0.00905,0.013262,0.0094736,0.0026155,0.0020338,0.0013949,0.0011902,0.0013182,0.0013981,0.018658,0.0019406,0.000401,0.00071341,0.0011607,0.0010384,0.0019053,0.0030207,0.015046,0.011917,0.010021,0.0033569,0.0027727,0.0023578,0.0020636,0.0020696,0.0020485,0.029824,0.010149,0.011773,0.013236,0.014915,0.017941,0.023015,0.037024,0.11768,0.25174,0.046909,0.016409,0.010865,0.0085774,0.0079239,0.0038975,0.0045129,0.066184,0.0042571,0.0029599,0.0023021,0.003395,0.0038521,0.0043322,0.0060219,0.014364,0.047148,0.021992,0.0063414,0.0042348,0.0036911,0.0018303,0.0031923,0.0023556,0.00075722,0.0062206,0.006732,0.0067833,0.0072404,0.00884,0.010824,0.015473,0.038803,0.03472,0.025474,0.0091171,0.0055159,0.0034706,0.0021858,0.0011196,0.00086785
0.020361,0.002943,0.0026217,0.0030742,0.0025556,0.0032025,0.0047223,0.0085764,0.016541,0.030915,0.015007,0.0025084,0.00093808,0.0013217,0.00057445,0.00057604,0.00045968,0.0538,0.0042903,0.0023514,0.0014738,0.00087526,0.00025907,0.00064604,0.0014946,0.0019245,0.017002,0.0090766,0.00083308,0.0013335,0.00089649,0.00088572,0.0008239,0.00075153,0.016117,0.001527,0.00073272,0.00053576,0.00064401,0.00080342,0.0011977,0.001779,0.0037055,0.024474,0.019601,0.0016212,0.0010027,0.00024899,0.00032385,0.00041994,0.00021362,0.059365,0.031204,0.031757,0.033073,0.037136,0.043078,0.054906,0.0763,0.17033,0.39368,0.087541,0.040469,0.024173,0.01608,0.010625,0.0083588,0.0078698,0.039775,0.0038322,0.0024189,0.0023105,0.0014908,0.0016982,0.0020775,0.0027506,0.0057753,0.018839,0.0051066,0.0017436,0.0014249,0.0011019,0.00091794,0.00047258,0.00073434,0.005787,0.0017095,0.0019557,0.0021751,0.0022603,0.002939,0.0036634,0.0069649,0.012616,0.065995,0.01232,0.0044543,0.0028455,0.0024173,0.0021538,0.0020164,0.0018921,0.013479,0.0014498,0.0011032,0.0013096,0.0020701,0.0039577,0.0057374,0.0076565,0.024961,0.10864,0.017028,0.012633,0.0097711,0.0075996,0.0076645,0.0060108,0.0059033,0.038878,0.0041579,0.0020165,0.0013445,0.0011263,0.00090791,0.0012678,0.0016653,0.0025501,0.019182,0.0049505,0.00068793,0.00067884,0.00025625,0.00043348,0.00019705,0.00026895,0.011313,0.0015725,0.00055459,0.00039924,0.00043499,0.00045445,0.00074616,0.001749,0.001834,0.040712,0.005339,0.00062798,0.00036748,0.00020004,7.9126e-05,0.00030511,0.00016976,0.00036241,0.010328,0.01131,0.011732,0.013336,0.015393,0.019817,0.029828,0.085228,0.15978,0.037971,0.016091,0.011235,0.0075916,0.0071942,0.0067724,0.0061532,0.050887,0.0041174,0.0021746,0.00084403,0.0014012,0.0012164,0.0014883,0.0022179,0.0059265,0.043478,0.0054593,0.003135,0.0019048,0.0016281,0.0015247,0.00087686,0.00045587,0.00313,0.0022488,0.0018666,0.0020809,0.0022861,0.0025839,0.0035608,0.0061501,0.012362,0.07623,0.0044411,0.0023501,0.0012344,0.0010031,0.00080352,0.0004798,0.0004635
0.0084726,0.0013857,0.0010581,0.0024279,0.0022299,0.0028225,0.0025543,0.0068062,0.012532,0.0163,0.013613,0.0013506,0.0016501,0.00046928,0.00076515,0.0011578,2.2877e-05,0.036393,0.003141,0.0018869,0.001569,0.0021669,0.0019089,0.0019733,0.002724,0.0056474,0.0070597,0.011096,0.0023718,0.0013318,0.00092996,0.00064416,0.00073357,0.00038528,0.010977,0.00092701,0.00087079,0.0008376,0.0013153,0.001274,0.0013374,0.0026015,0.0029241,0.024524,0.020025,0.0034246,0.0020734,0.0013089,0.0013057,0.00097504,0.0010243,0.0052758,0.014954,0.014688,0.018418,0.02136,0.028349,0.040182,0.067693,0.17318,0.30567,0.10571,0.064709,0.048894,0.041158,0.037583,0.033909,0.033623,0.023873,0.0023992,0.001697,0.0017723,0.00072838,0.0010706,0.0015443,0.0024134,0.0081486,0.014978,0.0068188,0.0032479,0.0020399,0.0018584,0.0014988,0.002883,0.001709,0.0033207,0.0019328,0.0020102,0.0021942,0.002316,0.00297,0.0040789,0.0064126,0.014981,0.019647,0.011622,0.0055051,0.0038888,0.0029707,0.0026869,0.0027412,0.0023556,0.020775,0.0016133,7.9935e-05,0.00051285,0.00038748,0.00036753,0.00094494,0.003406,0.0037407,0.098029,0.0097043,0.0024552,0.0014138,0.0015184,0.0025725,0.00056135,0.00093461,0.020443,0.0026999,0.0011817,0.00082763,0.00055023,0.00070013,0.00077571,0.00027408,0.0012069,0.013931,0.0052588,0.00077081,0.00053993,0.00058191,0.00061575,0.00049628,0.00041198,0.0062753,0.00051387,0.00038312,0.00030697,0.00055596,0.0006093,0.00075277,0.0014249,0.0032875,0.043582,0.0079251,0.0021964,0.0015061,0.0011055,0.0010111,0.00087343,0.00087741,0.0029793,0.0032972,0.0039895,0.0035603,0.0044149,0.0048592,0.0068141,0.011267,0.03666,0.26855,0.014627,0.0095554,0.006872,0.0058386,0.006353,0.0031496,0.0038109,0.032753,0.0022792,0.00097275,0.00018785,0.00079997,0.00070358,0.00073693,0.00060575,0.0019781,0.043533,0.0029223,0.00066216,0.00079153,0.00082124,0.0018738,0.00033941,0.00017548,0.0011196,0.00068527,0.00076042,0.00075044,0.0012335,0.0012695,0.0019239,0.0032782,0.0073082,0.039314,0.0063211,0.0035087,0.0026061,0.0022876,0.0019338,0.0015823,0.001688
0.014914,0.0075959,0.0032142,0.0023061,0.0034613,0.0034526,0.0048242,0.0080724,0.017734,0.04612,0.01746,0.0061667,0.0047546,0.0039529,0.0046422,0.0020131,0.0026112,0.015965,0.003691,0.002038,0.0013265,0.0017025,0.0019158,0.0022342,0.0031263,0.007778,0.01891,0.01219,0.0019903,0.0011244,0.0010272,0.0009864,0.00057864,0.0005188,0.0069676,0.0017733,0.0007348,0.00035379,0.00011703,0.0007793,0.0006432,0.0008537,0.0047308,0.0055334,0.021084,0.0032826,0.0018711,0.0016619,0.0014949,0.0013382,0.0012493,0.0133,0.015409,0.024999,0.035447,0.049859,0.069039,0.096396,0.14456,0.27985,0.41046,0.024021,0.028722,0.055316,0.071323,0.080706,0.088329,0.090343,0.016485,0.003007,0.001716,0.0010125,0.0020682,0.0027934,0.0035322,0.0051977,0.010526,0.0090577,0.0050393,0.00026525,0.0014959,0.0019862,0.0026492,0.0032424,0.0019894,0.0034619,0.0018037,0.0024476,0.0028124,0.0035232,0.0056449,0.0076868,0.012438,0.02657,0.032634,0.0057336,0.0032066,0.0048709,0.0060783,0.0068565,0.0075406,0.0075856,0.04209,0.012027,0.0078104,0.0080036,0.0080145,0.010724,0.013493,0.018624,0.034131,0.063968,0.037729,0.014588,0.0093833,0.0067529,0.0066958,0.004638,0.0054608,0.011109,0.0019889,0.00041847,0.00057676,0.0012656,0.00073538,0.00088149,0.0018859,0.0030244,0.012181,0.0070046,0.0022603,0.0017752,0.0011487,0.0014097,0.0013375,0.0013428,0.005024,0.0013455,0.001035,0.001091,0.0014307,0.0019788,0.0024114,0.0036262,0.008423,0.055198,0.0089164,0.0020033,0.0016265,0.0010666,0.00091104,0.00060812,0.00057602,0.012829,0.012904,0.009569,0.010182,0.010721,0.013472,0.015827,0.025303,0.035721,0.22282,0.029624,0.013744,0.0091611,0.006721,0.0045417,0.007716,0.0064736,0.012369,0.0050215,0.0023731,0.0017422,0.0019883,0.0018941,0.0027025,0.0032864,0.0066335,0.047162,0.0066437,0.0025265,0.0019667,0.0013347,0.0023392,0.00046842,6.675e-05,0.0021935,0.0023478,0.0020499,0.0024185,0.0026131,0.0032524,0.004257,0.0062883,0.016209,0.045938,0.0068953,0.0036576,0.0026521,0.0022588,0.0019321,0.0015113,0.001194
0.068837,0.0061431,0.0040786,0.0019364,0.00085022,0.0028287,0.0050673,0.0042421,0.04376,0.020813,0.034341,0.015251,0.010199,0.0089061,0.0079771,0.006788,0.0074655,0.0092298,0.002791,0.0017715,0.0010453,0.0010077,0.0019256,0.0029285,0.0036529,0.010873,0.011818,0.010422,0.004517,0.0032617,0.0022443,0.0024019,0.0020535,0.0021763,0.00045968,0.00050178,0.00098206,0.00088613,0.0010429,0.0018695,0.0033115,0.0076958,0.013197,0.02013,0.022539,0.0092428,0.0054043,0.0050343,0.004487,0.003817,0.003687,0.061612,0.028466,0.030988,0.034218,0.039268,0.049234,0.066568,0.11065,0.35238,0.38564,0.11382,0.070387,0.053692,0.043764,0.039244,0.035324,0.035515,0.050074,0.0066806,0.0033589,0.0031754,0.0026543,0.0027675,0.0032025,0.0047611,0.01117,0.018351,0.0008618,0.0016391,0.00092545,0.00067747,0.0007676,0.0021817,0.00055122,0.0052186,0.0018804,0.0019867,0.0024369,0.0031378,0.0045193,0.0066709,0.011107,0.036617,0.069165,0.014118,0.0097094,0.0075106,0.0064434,0.006014,0.0058064,0.0054017,0.077737,0.0026311,0.0027843,0.0010139,0.00064359,0.00049124,0.0011464,0.0011675,0.022846,0.1748,0.013198,0.0040764,0.0031418,0.0027664,0.002656,0.0033369,0.00040818,0.033806,0.0063304,0.0026542,0.0025578,0.0020372,0.0025643,0.0028552,0.003714,0.0075898,0.016307,0.0088207,0.0031629,0.0017806,0.0012544,0.0013322,0.001267,0.0011978,0.019974,0.0038145,0.003324,0.0036521,0.0043083,0.0050783,0.0064831,0.0087642,0.018636,0.01737,0.01563,0.0075304,0.0046796,0.0038098,0.0031939,0.0025251,0.0026284,0.054936,0.0082009,0.012824,0.00067043,0.014804,0.015563,0.0066894,0.043845,0.083365,0.080638,0.06037,0.020287,0.0091701,0.018162,0.0092427,0.0086137,0.014664,0.0073396,0.0015474,0.004325,0.0052167,0.0023976,0.0079207,0.0055296,0.0096131,0.03018,0.024458,0.020708,0.0086437,0.0023876,0.0059651,0.0032448,0.0015985,0.0045167,0.011255,0.0051733,0.0094241,0.012061,0.0018884,0.017361,0.013032,0.01894,0.073961,0.042189,0.03618,0.012705,0.0067762,0.0081518,0.0020071,0.0049538,0.0022908
0.065415,0.0058653,0.0013262,0.00096781,0.0016118,0.0024651,0.0028849,0.0041383,0.036616,0.035122,0.016213,0.008029,0.0055376,0.0024212,0.0030291,0.0019461,0.0025673,0.027806,0.00098957,0.001175,0.00083926,0.00070254,0.00035518,0.00044594,0.0011235,0.0071352,0.013844,0.0060371,0.00088137,0.00096134,0.00076752,0.00052496,0.00025891,0.0004883,0.0039864,0.0020759,0.002147,0.0019807,0.0019674,0.0027308,0.0035822,0.0054352,0.0061203,0.030556,0.016413,0.0043509,0.0024179,0.0017378,0.0013915,0.0010786,0.00099183,0.01103,0.01199,0.014533,0.01626,0.021828,0.028654,0.04142,0.06875,0.17954,0.30052,0.11187,0.067063,0.051129,0.043609,0.039604,0.038787,0.036872,0.061454,0.0020646,0.0013492,0.0014475,0.0011251,0.0012098,0.0016091,0.0027122,0.0079836,0.019431,0.0018789,0.0021248,0.0014979,0.0014798,0.00147,0.00090502,0.00085259,0.011295,0.0017038,0.0020071,0.0022494,0.0021143,0.0034093,0.0051076,0.0072648,0.017166,0.023643,0.010749,0.0063964,0.0045985,0.0039175,0.0035754,0.003271,0.0032082,0.078027,0.010057,0.01144,0.01312,0.015384,0.017419,0.018616,0.021011,0.016493,0.12167,0.026879,0.023878,0.021802,0.019668,0.018546,0.018122,0.016918,0.049762,0.0023586,0.001234,0.0013161,0.001724,0.002053,0.0025214,0.0038052,0.0052104,0.011162,0.0028972,0.00072764,0.00087592,0.0011257,0.00097747,0.0010863,0.0012188,0.019608,0.0017481,0.001852,0.0025072,0.0026202,0.0038291,0.004465,0.0066886,0.0081035,0.013811,0.0035807,0.0015272,0.0019241,0.0018146,0.0018352,0.0014074,0.0013428,0.062037,0.0088587,0.0065586,0.0063727,0.0086114,0.010298,0.013856,0.025795,0.07264,0.2777,0.026311,0.01591,0.011675,0.010628,0.0081373,0.010446,0.0092908,0.017901,0.0022323,0.0005674,0.00038455,0.00096606,0.00091556,0.0005035,0.0024849,0.0046335,0.049372,0.0082427,0.0019802,0.0020062,0.0013152,0.00063916,0.0023582,0.001791,0.0014,0.0021601,0.0014364,0.0017836,0.0027018,0.0028665,0.0038034,0.0066446,0.014552,0.04154,0.0077102,0.0053038,0.0039373,0.0033301,0.0029148,0.0028531,0.0027314
0.038705,0.004084,0.0051254,0.0029708,0.0024455,0.0017045,0.0020225,0.0019746,0.0058748,0.0082428,0.019137,0.0052294,0.003816,0.001334,0.0017018,0.0015347,0.001442,0.030999,0.00066392,0.0010247,0.00076957,0.00051839,0.00074681,0.00050844,0.00085261,0.0011717,0.012901,0.0084659,0.0025565,0.0017435,0.0010316,0.00071702,0.00064813,0.00078585,0.0087358,0.0023831,0.0016459,0.0016962,0.0020061,0.0022848,0.002682,0.0039192,0.0050588,0.021231,0.018456,0.0055692,0.0031063,0.002465,0.0020634,0.0015881,0.0017166,0.017191,0.019304,0.019183,0.021643,0.023483,0.02787,0.035287,0.050999,0.1169,0.48963,0.065735,0.034921,0.022504,0.017653,0.013848,0.014149,0.01354,0.040888,0.0034738,0.0021998,0.0015664,0.001543,0.0014829,0.001676,0.0022528,0.0054703,0.020183,0.0023405,0.0010431,0.00064096,0.00079212,0.0014213,0.00040491,0.00011251,0.0044156,0.0012322,0.001387,0.0012876,0.0017848,0.001833,0.0025425,0.0044386,0.0078484,0.035137,0.0032886,0.0019518,0.0015304,0.0011405,0.0006711,0.00094148,0.0009556,0.045111,0.0038788,0.003159,0.0019242,0.0019233,0.0023323,0.0027907,0.0048558,0.0082593,0.15557,0.007968,0.0031287,0.002702,0.001705,0.0053139,0.0010952,0.00066185,0.033959,0.0028579,0.0011706,0.00096249,0.0013312,0.00025502,0.0004356,0.00049265,0.0021164,0.023202,0.0033365,0.001024,0.0006206,0.00054096,0.00022337,0.00028966,0.00028228,0.011282,0.00099621,0.0005807,0.00051307,0.00040172,0.00044581,0.00032927,0.00087098,0.0028272,0.036197,0.0033848,0.00089178,0.00014095,0.0002019,0.00031768,0.00018824,5.5317e-05,0.024796,0.005487,0.0047352,0.0040553,0.0039534,0.0045116,0.0062721,0.0064002,0.011938,0.17319,0.011304,0.005516,0.0034675,0.0020033,0.002834,0.0009498,3.8154e-05,0.024483,0.0011851,5.3827e-05,0.00077623,0.00026989,0.00017848,0.00045553,0.00066386,0.0023402,0.053198,0.0033593,0.00091828,0.00050728,0.00031399,0.0012099,0.00066494,0.00011824,0.0010014,0.00041265,0.00051828,0.00064126,0.0005367,0.00092832,0.0013957,0.0024391,0.00297,0.0562,0.0040339,0.0022253,0.0017101,0.0013254,0.0013206,0.0011178,0.0010243
0.015717,0.0027259,0.001314,0.0019692,0.00064023,0.0027264,0.0026015,0.0030715,0.013467,0.0037549,0.021656,0.0068893,0.0041555,0.0014791,0.0030472,0.002941,0.002575,0.030646,0.0015224,0.00013559,0.0011929,0.00092294,0.0003618,0.0013349,0.00067125,0.0023332,0.012101,0.0098671,0.0031824,0.0021646,0.0013517,0.0011685,0.0014004,0.0015011,0.01008,0.0009687,0.00060267,0.00074294,0.0014114,0.0012697,0.001988,0.0029682,0.0019364,0.0201,0.022093,0.0065955,0.0044321,0.0034055,0.0030189,0.0028163,0.0026608,0.0082647,0.0060287,0.0063136,0.0078616,0.010331,0.013446,0.0199,0.03473,0.078634,0.46371,0.059141,0.036556,0.028248,0.023561,0.023032,0.01856,0.018908,0.023947,0.0018777,0.00038459,0.00063806,0.00086882,0.00067115,0.00092129,0.0016316,0.0035619,0.019775,0.0037178,0.002253,0.0014329,0.0013201,0.0018451,0.0017227,0.0015507,0.0045472,0.00041637,0.00061854,0.00085941,0.00078046,0.00095468,0.0012007,0.0019794,0.0039974,0.062054,0.0023669,0.00055294,0.00050885,0.00031542,0.00050876,0.00019878,0.00019839,0.025843,0.0030406,0.0019643,0.0012016,0.0015091,0.0015794,0.00088807,0.002388,0.011563,0.12664,0.0068136,0.001368,0.00057451,0.0011325,0.0034039,0.0014133,0.0013142,0.020247,0.00013845,0.0011983,0.00090975,0.00041567,0.0009968,0.00083141,0.00057584,0.00067571,0.015958,0.0047438,0.0012338,0.0008372,0.00039633,0.00049945,0.00053486,0.00025749,0.0070611,0.00017737,0.00025001,0.00018486,0.00022291,0.00059735,0.00082672,0.0011551,0.0022456,0.034757,0.0075191,0.0025859,0.0016267,0.0014112,0.0012695,0.0013006,0.0010948,0.00043678,0.0062763,0.0054572,0.0073927,0.0068692,0.008257,0.0098456,0.01479,0.028601,0.11469,0.028168,0.011316,0.0072353,0.0055038,0.0061378,0.0051036,0.0047169,0.028956,0.0014447,0.00079489,0.0012488,0.00082612,0.0013008,0.0017811,0.0023482,0.0042953,0.047515,0.0023385,0.0015418,0.00093188,0.00047543,0.00094414,0.00048376,0.0003872,4.7687e-05,0.00021297,0.00032532,0.0003571,0.0009493,0.0001377,0.00023106,0.00066974,0.0018028,0.072515,0.0052933,0.0014664,0.0011186,0.001041,0.00088569,0.00075755,0.00065802
0.0010281,0.0014376,0.0027067,0.0016454,0.0027376,0.0016726,0.0031475,0.0054543,0.014204,0.015242,0.018362,0.0044796,0.0025261,0.0016223,0.00073969,0.001251,0.0015621,0.023871,0.0027188,0.0013958,0.0011317,0.00111,0.0006502,0.0018568,0.0021872,0.0045488,0.0077121,0.0099949,0.0019239,0.0014277,0.00060851,0.00020796,0.00049788,5.1498e-05,0.0060197,0.0018746,0.0015931,0.001588,0.0018625,0.0021682,0.0026241,0.0030238,0.0063286,0.017453,0.020627,0.003513,0.0019174,0.0010421,0.00070232,0.00032483,0.00019837,0.0057794,0.019184,0.018471,0.020336,0.022711,0.026275,0.032142,0.047446,0.080029,0.26632,0.047506,0.025036,0.014525,0.0091473,0.0045955,0.0040819,0.0015221,0.011307,0.0029652,0.001432,0.00034087,0.00080125,0.0012943,0.0013059,0.0025136,0.0049884,0.020354,0.0057659,0.0021323,0.0017395,0.0015684,0.0019098,0.0016679,0.0013542,0.0031834,0.00087212,0.00031582,0.0001647,0.00032036,0.00091714,0.0014517,0.0012101,0.0054265,0.055171,0.0004643,0.0018701,0.0016102,0.0013127,0.001284,0.0013879,0.0012722,0.02096,0.0023289,0.0027627,0.0027493,0.0033657,0.0033064,0.0053818,0.0077301,0.012819,0.11813,0.015819,0.0045978,0.0032094,0.0010985,0.0026687,0.0012255,0.0010586,0.0064164,0.00227,0.0011951,0.00071153,0.00025519,0.00038301,0.00063816,0.00048097,0.0012721,0.016223,0.0053032,0.0011828,0.00085132,0.00068983,0.00055626,0.0005718,0.00054171,0.0021019,0.00094637,0.0006052,0.00056515,0.00078859,0.00054061,0.0011432,0.0015014,0.002228,0.034783,0.006089,0.0010407,0.00062813,0.00027253,7.1505e-05,0.00011398,7.6219e-06,0.010737,0.0023397,0.0020115,0.0028721,0.0025533,0.0035308,0.0049966,0.0066377,0.015707,0.1972,0.011453,0.0069436,0.0048042,0.0040096,0.0041372,0.0029401,0.0027561,0.021746,0.0027335,0.0015694,0.0017351,0.0010511,0.0011725,0.0018617,0.0020499,0.0026649,0.046141,0.0039385,0.0016715,0.0012883,0.00056734,0.0016225,0.0010818,0.0010014,0.0015679,0.00057993,0.00074653,0.00082473,0.0012413,0.00097572,0.0010414,0.0015133,0.0036657,0.064641,0.0031512,0.0016375,0.0010616,0.00091812,0.00096026,0.00068291,0.00062563
0.0037976,0.0019742,0.00071409,0.0015083,0.0010934,0.0016798,0.002225,0.0021297,0.006372,0.0051787,0.02514,0.0068147,0.0042876,0.0040887,0.0036641,0.0032271,0.0034886,0.020047,0.0010652,0.00054763,0.00039475,0.00066604,0.00079074,0.0013326,0.0018117,0.0036135,0.0056407,0.013368,0.0037816,0.0028408,0.002245,0.0017746,0.0016646,0.0018235,0.007084,0.00064209,0.00081395,0.0008131,0.0011122,0.0013524,0.0020902,0.003622,0.0057024,0.018631,0.024478,0.0065221,0.0043437,0.0037216,0.003057,0.0029083,0.002739,0.00073817,0.013469,0.013765,0.014696,0.017309,0.021427,0.029724,0.044766,0.11384,0.34971,0.063919,0.040598,0.030236,0.024851,0.023033,0.02057,0.021426,0.0082609,0.00027781,0.0010626,0.0010142,0.0016216,0.0017258,0.0023752,0.0025283,0.0067087,0.019811,0.0041072,0.0018706,0.0011459,0.0010244,0.0013017,0.00098409,0.00092507,0.0038681,0.0026005,0.0026561,0.0030094,0.003311,0.0039048,0.0044082,0.0069083,0.013608,0.0027835,0.0058297,0.0035521,0.0021076,0.0013239,0.00065204,0.00057565,0.00020599,0.021326,0.0025213,0.0021917,0.0032233,0.003267,0.0036797,0.0049359,0.0067116,0.006382,0.10275,0.0095192,0.0038588,0.0020565,0.0014944,0.0021131,0.0011076,0.00081446,0.0049706,0.00037558,0.00075092,0.00071484,0.00062533,0.0010463,0.0012536,0.0014467,0.0029911,0.018056,0.006685,0.0020411,0.0013098,0.0012517,0.0006656,0.00062635,0.00060655,0.00096513,0.0016877,0.0018033,0.0014452,0.0016251,0.0020847,0.0029282,0.0037758,0.0066401,0.041956,0.012057,0.0042419,0.0027586,0.0020383,0.001764,0.0014912,0.0017662,0.0092584,0.0014508,0.0015412,0.0016823,0.0013289,0.0014795,0.0027052,0.0019528,0.0056363,0.23772,0.018418,0.0067887,0.0050602,0.0038138,0.0064704,0.0038449,0.0022126,0.019335,0.00097568,0.0014654,0.0015967,0.001406,0.0016638,0.0023162,0.0038084,0.006532,0.045316,0.010123,0.0046839,0.0033273,0.0026203,0.0018209,0.0021067,0.0019703,0.0052224,0.0030465,0.002645,0.0031857,0.0034927,0.0040736,0.0045216,0.0073316,0.012117,0.031607,0.011848,0.0050241,0.0030656,0.002087,0.001717,0.0014636,0.0013924
0.0023518,0.0026005,0.0024391,0.0022202,0.0017678,0.0029991,0.0024806,0.0051896,0.011621,0.024824,0.01783,0.0042008,0.0016813,0.0023958,0.0019499,0.0012383,1.926e-06,0.018713,0.0015266,0.00091991,0.0011237,0.00071927,0.0010391,0.0012207,0.0018444,0.0035399,0.016349,0.010338,0.0017664,0.00070513,0.0005589,0.00027546,0.00025934,9.7293e-05,0.0073014,0.0016738,0.0017686,0.0019765,0.0022066,0.002473,0.0030714,0.0034893,0.0048009,0.009072,0.021747,0.0039767,0.0021181,0.0010147,0.00061461,0.00040586,4.9595e-05,0.03645,0.021228,0.021971,0.02448,0.028017,0.031713,0.040847,0.061247,0.13323,0.45345,0.058632,0.034246,0.022692,0.016938,0.014864,0.011314,0.011032,0.001667,0.0018605,0.00093342,0.0014212,0.00079239,0.0013747,0.0015997,0.0028289,0.006589,0.016479,0.0061976,0.0024271,0.0016651,0.0012823,0.0025306,0.0010552,0.0013161,0.00064088,0.000682,0.00078036,0.00090963,0.0010057,0.0014358,0.0021827,0.005086,0.011059,0.054436,0.0023142,0.0028268,0.0024639,0.0019425,0.0022294,0.0016205,0.001606,0.019135,0.00077672,0.0011513,0.0024332,0.0023756,0.0030362,0.0045263,0.0062383,0.012453,0.077133,0.022155,0.010459,0.0081866,0.0057637,0.005305,0.0051678,0.0047227,0.00017739,0.00086115,0.00039617,0.00042548,0.00033963,0.00041972,0.00030372,0.00033839,0.00083051,0.014741,0.0047185,0.00078678,0.00026006,0.00042355,0.00035153,0.00016187,0.00035286,0.0029125,0.0008052,0.00078973,0.00061775,0.000976,0.00080539,0.00079863,0.0012711,0.0019404,0.052367,0.0071194,0.001412,0.00084842,0.0003458,0.0001336,0.00018288,0.00030708,0.021786,0.008471,0.013938,0.014223,0.011348,0.0098359,0.017113,0.030158,0.05185,0.11905,0.043869,0.024252,0.01409,0.0064468,0.0019882,0.0025131,0.0019722,0.017842,0.0035196,0.0044009,0.0045124,0.0021799,0.0029279,0.0074288,0.011263,0.012796,0.035663,0.013024,0.010882,0.0059455,0.0017258,0.00077964,0.0038149,0.004181,0.0033818,0.0038717,0.0059588,0.0055304,0.0021092,0.0029965,0.0090395,0.014226,0.016297,0.049585,0.019088,0.011152,0.0052209,0.0014855,0.0021857,0.0029595,0.0029736
0.0078279,0.0031331,0.0034514,0.0025932,0.0033111,0.0036455,0.0043453,0.0078122,0.023022,0.011622,0.023985,0.0081693,0.0056982,0.0040068,0.002886,0.0039751,0.003563,0.015297,0.0011583,0.00076688,0.00050325,0.00088193,0.0012201,0.0017055,0.0024534,0.0067656,0.003949,0.0090542,0.0025916,0.0015207,0.0011522,0.00099262,0.00096224,0.00090408,0.002224,0.0016089,0.0015375,0.0017199,0.002064,0.0023917,0.0029604,0.0048772,0.01231,0.0069133,0.02254,0.0059128,0.0036792,0.002728,0.0024096,0.0022633,0.0021248,0.02991,0.015059,0.033351,0.04131,0.010804,0.063948,0.042374,0.084184,0.32755,0.095779,0.096891,0.047543,0.017794,0.033881,0.018155,0.014659,0.027651,0.00081064,0.0013064,0.0018646,0.0020441,0.0011232,0.0031449,0.0027178,0.0044224,0.018572,0.0059215,0.0049441,0.0031795,0.00090408,0.0017915,0.0012188,0.0012495,0.00029944,0.0017166,0.0020244,0.0006577,0.002728,0.0012084,0.0040087,0.0049935,0.0064912,0.034233,0.023429,0.01919,0.0037746,0.0073589,0.0052099,0.0032322,0.0062747,0.00103,0.021061,0.0010934,0.0016121,0.0022405,0.0019268,0.0031424,0.0049011,0.0070225,0.015539,0.087492,0.0226,0.0089713,0.0076567,0.0043544,0.0054602,0.004844,0.0044823,0.0057679,0.00081102,0.00072594,0.00098714,0.00082439,0.0010159,0.0010441,0.0020226,0.0037543,0.0095749,0.006739,0.0013648,0.00083377,0.00052496,0.00027932,0.00021815,0.00011061,0.003254,0.00079745,0.00082244,0.00088685,0.0011801,0.0014716,0.0018767,0.0026994,0.0053731,0.04607,0.0069641,0.0017441,0.0011498,0.00086498,0.00082606,0.00084167,0.00075532,0.021862,0.0052887,0.0055542,0.0066613,0.0079688,0.0094736,0.013495,0.018829,0.044967,0.2335,0.023521,0.01392,0.010456,0.0086047,0.0068045,0.0068765,0.0079041,0.012882,0.00077278,0.0010128,0.0013213,0.0012834,0.0016765,0.0016645,0.0022548,0.0041523,0.042416,0.0045063,0.0022629,0.0012472,0.00088527,0.0011052,0.0011074,0.0011521,0.0047722,0.00094568,0.0010004,0.00084772,0.0011028,0.0019819,0.0025535,0.0026298,0.0096857,0.058543,0.0044386,0.0034417,0.0026541,0.0021033,0.0018707,0.0018297,0.0018845
0.0023098,0.0020459,0.0048307,0.0034847,0.0045587,0.0065457,0.0080526,0.015421,0.043745,0.056625,0.016225,0.0049792,0.0052237,0.0044977,0.00257,0.0030089,0.0015621,0.0097295,0.0007481,0.00094304,0.00067066,0.0013392,0.0012378,0.0016803,0.002981,0.011454,0.022681,0.0080999,0.0013206,0.00082096,0.00014482,0.00086711,0.00033451,0.00050164,0.0017453,0.00049747,0.00066153,0.00058154,0.00079102,0.00082737,0.0017007,0.0032744,0.01632,0.019908,0.017071,0.0024992,0.00070524,0.00048355,0.00021902,0.00015875,0.0001812,0.043612,0.03799,0.039842,0.042001,0.047105,0.056016,0.073129,0.11318,0.38297,0.32059,0.091678,0.044217,0.028063,0.019508,0.012577,0.012856,0.0080663,0.002121,0.0014001,0.0014913,0.001561,0.0017504,0.0019486,0.0026385,0.0048281,0.013877,0.0086792,0.0052026,0.0014554,0.00093424,0.00087678,0.00078696,0.0012419,0.00089265,0.0050793,0.0027608,0.0030169,0.0032378,0.004239,0.0047809,0.006625,0.010894,0.040764,0.040072,0.013694,0.007003,0.005237,0.0042975,0.0038722,0.003829,0.0034238,0.032277,0.0023196,0.0021485,0.0027899,0.0029355,0.0032731,0.0037966,0.0074626,0.036607,0.077969,0.0024913,0.0040678,0.003928,0.0023448,0.0034791,0.0035152,0.0020371,0.0037366,0.00035731,0.00030975,7.1914e-05,0.00055467,0.00081903,0.00081653,0.001971,0.0059586,0.014806,0.0034775,0.00030508,0.00013419,0.00047577,0.0002834,0.00024396,0.00023843,0.0044804,0.00011267,0.00029708,0.00035914,0.00069935,0.00045105,0.0012529,0.0029055,0.01072,0.061572,0.0029075,0.00074922,0.0010784,0.00083288,0.00091125,0.0010563,0.00085642,0.0067426,0.0050435,0.0052566,0.0073165,0.0083333,0.012589,0.019461,0.034412,0.13134,0.18469,0.043968,0.029798,0.023442,0.01955,0.017735,0.017679,0.016081,0.0076314,0.00048662,0.00022028,0.00065598,0.00029427,0.00073109,0.00049061,0.00053772,0.0030643,0.046557,0.00072854,0.00010544,0.00041252,0.00031544,0.0017422,0.0011215,0.00015069,0.0061608,0.00063568,0.00085277,0.0013419,0.0013655,0.0028193,0.0034516,0.0065446,0.026099,0.054731,0.0080068,0.0056099,0.0045745,0.0037438,0.0033026,0.0034338,0.0033455
0.0067121,0.0071789,0.0064856,0.0058803,0.0071777,0.0091559,0.011832,0.020146,0.07545,0.032942,0.023773,0.0065436,0.0055276,0.0054114,0.0033587,0.0027577,0.0023861,0.011374,0.0014223,0.0014928,0.0016133,0.0021016,0.0015583,0.002522,0.0051645,0.01823,0.013589,0.014314,0.0033025,0.0024948,0.002184,0.0020834,0.0016095,0.0016995,0.0017453,0.0018802,0.0016599,0.0015476,0.0020715,0.0029413,0.0034672,0.0069566,0.026448,0.012029,0.024858,0.0054649,0.0039752,0.0033717,0.0025103,0.0025942,0.0025845,0.014036,0.01987,0.021266,0.023443,0.027906,0.03552,0.05161,0.093018,0.38145,0.17027,0.075311,0.052494,0.041443,0.034702,0.032084,0.031268,0.02714,0.00054934,0.00094453,0.00049306,0.0012296,0.00085941,0.0011864,0.0019518,0.0032002,0.01501,0.0035453,0.0067349,0.0023789,0.0018458,0.0013112,0.0023097,0.0017364,0.0014458,0.0044461,0.0049282,0.0051123,0.0055704,0.0062536,0.0073965,0.0095214,0.014218,0.051114,0.0032052,0.0082929,0.0050985,0.0031774,0.002074,0.0013055,0.00089531,0.00026894,0.024901,0.0072411,0.007445,0.0055493,0.012058,0.010519,0.013479,0.034132,0.025286,0.099647,0.064587,0.024085,0.012299,0.017895,0.01129,0.012052,0.018141,0.0058175,0.001116,0.00044023,0.0019717,0.0012402,0.00057158,0.0033358,0.0055571,0.007286,0.0059755,0.010922,0.00095287,0.002481,0.0027475,0.0010281,0.0011969,0.0019684,0.0018158,0.0028887,0.0029197,0.0043072,0.0051506,0.0045082,0.0062985,0.013386,0.025715,0.032284,0.025811,0.011182,0.0032492,0.0035896,0.00586,0.0039416,0.0011215,0.0093652,0.0017087,0.0039581,0.0046431,0.0071692,0.0099059,0.017244,0.036243,0.16729,0.30549,0.0090787,0.018033,0.01382,0.013827,0.011919,0.010619,0.012242,0.0077573,0.0013057,0.00064844,0.0012378,0.00096397,0.001756,0.0021812,0.0035343,0.01303,0.038991,0.017033,0.0036663,0.0044015,0.0035929,0.0030446,0.0024023,0.0032712,0.0066186,0.0029484,0.0035438,0.0038412,0.0042763,0.0053253,0.0073205,0.01143,0.042596,0.034954,0.020769,0.0096105,0.0069211,0.0058559,0.0052403,0.0049958,0.00486
0.003933,0.00098597,0.0049188,0.0033777,0.0042371,0.0051977,0.0069523,0.015263,0.094432,0.0032243,0.0051217,0.0077048,0.0060975,0.0061797,0.0062519,0.0047746,0.0044442,0.01503,0.00040687,0.0012918,0.00048932,0.0016946,0.0016438,0.0022295,0.003412,0.020026,0.008081,0.0094656,0.001698,0.00077387,0.00092394,0.00072156,0.0005977,0.00057602,0.0056325,0.001529,0.001423,0.0014983,0.0016201,0.001833,0.0024521,0.0052235,0.031383,0.0029254,0.018428,0.0018668,0.0010765,0.00094964,0.00090973,0.00080491,0.00071907,0.010884,0.022217,0.023023,0.024332,0.027832,0.033383,0.044646,0.076385,0.43128,0.029787,0.055372,0.03096,0.021627,0.018329,0.015597,0.013997,0.010719,0.0017987,0.00077098,0.0008562,0.00090853,0.0010706,0.0014424,0.0018984,0.0021735,0.014213,0.0033195,0.0043497,0.0010269,0.00034768,0.00052187,0.00061063,0.00082508,7.8205e-05,0.0026417,0.00044811,0.00071442,0.0010268,0.0016027,0.0022589,0.0034505,0.007112,0.051189,0.018673,0.010742,0.00552,0.0041318,0.0036506,0.0031597,0.0031097,0.0028668,0.024012,0.00082914,0.0016919,0.0012179,0.0026978,0.0039769,0.0065758,0.013409,0.083139,0.11362,0.0048512,0.0079339,0.0060606,0.0055677,0.0058782,0.0055427,0.005766,0.0025692,0.0012696,0.00019749,0.0001634,0.00030327,0.00082921,0.00067151,0.0012011,0.01379,0.009374,0.0040425,0.00086495,0.00067052,0.00040669,0.00051503,0.00058032,0.00036814,0.00094796,0.00062165,0.00062733,0.00070834,0.00078887,0.0011212,0.0018591,0.0013224,0.015644,0.050747,0.0064852,0.0010763,0.00080052,0.0005273,0.00041108,0.00048616,0.00036432,0.027279,0.014005,0.016675,0.017206,0.019389,0.023544,0.031573,0.052965,0.25259,0.23749,0.035843,0.017677,0.013978,0.011224,0.0098208,0.0076592,0.009102,0.010946,0.002444,0.0017716,0.0015453,0.0018703,0.0020574,0.0025729,0.0046348,0.010518,0.042289,0.0093817,0.0038275,0.0015525,0.0013647,0.0020591,0.0015825,0.001154,0.001009,0.0014553,0.0022594,0.0022388,0.0026194,0.0032378,0.0041848,0.0075972,0.038491,0.048059,0.010162,0.0048222,0.0031132,0.0025719,0.0022016,0.0021115,0.0020161
0.0053006,0.0024353,0.003027,0.0025209,0.0019191,0.0036174,0.0035746,0.010387,0.10635,0.028133,0.01253,0.005456,0.0053833,0.0046434,0.002528,0.0028715,0.0030194,0.0048123,0.0013508,0.001018,0.00037223,0.00062611,0.00063006,0.00084837,0.0020763,0.018925,0.012126,0.0088169,0.0013028,0.0012242,0.00089562,0.00084333,0.00071284,0.00074578,0.002121,0.00064188,0.00059091,0.00064926,0.00081748,0.0011125,0.0012508,0.0034918,0.03344,0.0032291,0.017611,0.002371,0.0019444,0.001633,0.0013247,0.0013955,0.0010605,0.0026398,0.0033847,0.0048697,0.0066852,0.0085355,0.013731,0.020755,0.043936,0.42449,0.040875,0.039762,0.025532,0.020387,0.018905,0.01662,0.016311,0.020047,0.00014114,0.00021905,3.8625e-05,0.00066519,0.00012812,0.0004968,0.00076798,0.0015371,0.013819,0.0034799,0.0039852,0.0001419,0.00015898,0.00035112,0.00060563,0.00075522,0.0007782,0.00070763,0.0013628,0.0014249,0.001607,0.0019702,0.0022746,0.0031927,0.0063016,0.050807,0.026629,0.0071606,0.0020719,0.0012257,0.0011683,0.0013271,0.0011745,0.00086404,0.039515,0.0019105,0.0025655,0.0025499,0.0038819,0.004204,0.0060917,0.011437,0.10011,0.098803,0.0023041,0.0061436,0.0033032,0.0031243,0.005,0.00039073,0.0029507,0.0051251,0.00074458,0.00054825,0.00035497,0.00030861,0.00071815,0.00075338,0.0010459,0.014795,0.010967,0.0046383,0.00093538,0.00062592,0.00059839,0.00028261,0.00070916,0.00041771,0.0014534,0.00048434,0.00072869,0.00065845,0.0010036,0.00087752,0.0011014,0.001541,0.014883,0.053043,0.0060852,0.0013137,0.00057421,0.00026099,0.00022242,0.00016279,0.00011444,0.017277,0.022969,0.017996,0.029164,0.034426,0.022545,0.048058,0.10343,0.23653,0.15533,0.11994,0.044771,0.018232,0.038006,0.020641,0.014137,0.030114,0.00021555,0.0050842,0.0037211,0.0013961,0.0046029,0.005088,0.0014826,0.0083925,0.020326,0.033489,0.014834,0.012808,0.00441,0.0023771,0.0040127,0.0034416,0.0009594,0.0019398,0.00092132,0.0010638,0.00048366,0.0021204,0.0038803,0.0031022,0.0052817,0.04154,0.045214,0.016014,0.01407,0.006569,0.0026645,0.0073945,0.0059318,0.0010624
0.0065614,0.0029631,0.0015126,0.0043008,0.0036144,0.0048639,0.0035778,0.011182,0.10795,0.031374,0.013076,0.0038331,0.0025872,0.00263,0.00037832,0.00088711,0.0014076,0.0018959,0.00094439,0.00080186,0.00019118,0.00081174,0.0006273,0.0012296,0.0021758,0.018111,0.012736,0.0096982,0.0010702,0.0012123,0.00074058,0.00082767,0.0005861,0.00061798,0.0014191,0.00074085,0.00073491,0.00090153,0.0010933,0.001457,0.0014594,0.0047624,0.031087,0.0041958,0.017751,0.0023849,0.0018818,0.001448,0.0010608,0.0013201,0.0011444,0.0050984,0.013571,0.013449,0.016337,0.018543,0.024038,0.032635,0.058102,0.44965,0.05936,0.048087,0.029794,0.021986,0.018896,0.017214,0.016103,0.017531,0.0047684,0.0013147,0.00063204,0.00037326,0.00038675,0.00031096,0.0012315,0.0016056,0.014509,0.005514,0.0045047,0.00069688,0.00067397,0.0006447,0.00090618,0.0015024,0.0020867,0.0017491,0.0023117,0.0021686,0.0022822,0.0025999,0.0031398,0.0041294,0.0083099,0.049751,0.02878,0.0067146,0.0021858,0.0011179,0.00085465,0.00069353,0.00045138,0.00078774,0.04271,0.0013542,0.0024917,0.0012531,0.001698,0.001765,0.0022062,0.0058745,0.095507,0.090214,0.0067799,0.0013382,0.00031944,0.00016253,0.0027461,0.0036911,0.0026818,0.010758,0.0011364,0.00058532,0.00032833,0.00037766,0.00046993,0.00061475,0.0011579,0.01254,0.010601,0.0050121,0.00029971,0.00022904,0.00017848,0.00014567,0.00031514,0.00021363,0.0020161,0.00035546,0.00029333,0.00033592,0.0003091,0.00046204,0.001666,0.0020314,0.013346,0.053337,0.0062426,0.0005233,0.00052186,0.00050841,0.00039683,0.0004,0.00060462,0.015566,0.0091611,0.0092296,0.010085,0.01251,0.017237,0.025643,0.046226,0.29369,0.13899,0.057147,0.028304,0.022937,0.019423,0.017649,0.016666,0.01504,0.0057107,0.00070627,0.00046544,0.00060446,0.0004556,0.00020326,0.00089669,0.0007357,0.0059952,0.04449,0.0068666,0.0021724,0.001606,0.0017599,0.0015285,0.0015958,0.0025788,0.0023441,0.00024127,0.00018744,0.00038934,0.00046941,0.00094724,0.0018452,0.0032743,0.028571,0.055333,0.0059068,0.0014067,0.001211,0.00088564,0.00073165,0.00076791,0.000803
0.0037976,0.0036181,0.0030084,0.0037473,0.0036781,0.0049021,0.0047104,0.0098867,0.10618,0.029841,0.014547,0.0031446,0.0013738,0.0014708,0.0021692,0.0005691,0.00035668,0.0037842,0.00079683,0.00019302,0.00069221,0.00027448,0.0013858,0.0019857,0.0022372,0.019014,0.013214,0.010044,0.0011384,0.0011152,0.00067281,0.00051744,0.00066775,0.00057985,0.00033762,0.0015389,0.00092673,0.0011506,0.0012493,0.0015661,0.0016141,0.0048521,0.031778,0.0070541,0.017995,0.0015783,0.0012982,0.00073877,0.0006551,0.00064855,0.00076487,0.01453,0.020211,0.019851,0.022075,0.024556,0.029594,0.039874,0.065452,0.45973,0.071113,0.042323,0.019532,0.012023,0.0072828,0.0045303,0.0028857,0.0047455,0.0087777,0.00098489,0.0011148,0.00061082,0.00059932,0.00078157,0.0013135,0.0016549,0.014628,0.0062487,0.0041682,0.00081959,0.00044099,0.00048724,0.00048834,0.00044406,0.0015107,0.0028573,0.0013732,0.0012533,0.0014524,0.0017348,0.0024956,0.0027958,0.006926,0.049581,0.028226,0.0073103,0.0021768,0.001367,0.0011933,0.00085375,0.00092933,0.00069048,0.040705,0.0017612,0.0029539,0.0023415,0.003021,0.0038163,0.0053561,0.0068712,0.099597,0.080642,0.011792,0.0036532,0.0027053,0.0026305,0.0038551,0.0068155,0.0051289,0.014059,0.0015542,0.00021955,0.00037416,0.00058659,0.00044628,0.0009052,0.00088227,0.012018,0.012542,0.0050472,0.00027327,5.7223e-05,0.00033245,5.5571e-05,0.00040431,0.00015451,0.0035019,0.001149,0.00045435,0.00059113,0.00053456,0.00092218,0.00049172,0.0012097,0.012829,0.053459,0.0075325,0.0018295,0.0012421,0.00097806,0.00092756,0.00077388,0.00089267,0.0016919,0.010485,0.010971,0.013141,0.014556,0.019741,0.028818,0.049981,0.30846,0.12537,0.073609,0.038144,0.029754,0.02387,0.022343,0.020679,0.020087,0.0075036,0.0016361,0.0018637,0.0022112,0.0015309,0.0018601,0.0026561,0.0032243,0.0049092,0.04435,0.0060695,0.0031455,0.0030038,0.0018167,0.0021866,0.0021937,0.0016671,0.0036164,0.00056352,0.00061414,0.00047993,0.00085658,0.00057018,0.0018931,0.0028258,0.027516,0.050805,0.0094404,0.0030873,0.0021367,0.0016444,0.0014707,0.0014447,0.0012245
0.018812,0.0082418,0.003222,0.0030364,0.0022336,0.0034481,0.0052012,0.0090163,0.10224,0.031948,0.024428,0.0069764,0.0068593,0.0053079,0.0045868,0.0039508,0.004839,0.0090028,0.0056206,0.0028855,0.0020168,0.0020648,0.001471,0.0027807,0.0041717,0.019341,0.011848,0.0079421,0.0017373,0.00094314,0.00049451,0.0002474,0.00023085,4.195e-05,0.00080302,0.0021956,0.0016738,0.0019211,0.0022499,0.0020498,0.0032277,0.0072787,0.028123,0.018326,0.019543,0.0035444,0.0022498,0.0017908,0.0015699,0.0015647,0.0015698,0.011109,0.013185,0.015049,0.016289,0.019614,0.02596,0.039524,0.075678,0.43516,0.093882,0.081551,0.04788,0.037702,0.032416,0.029261,0.028312,0.02578,0.030261,0.009524,0.0041247,0.003007,0.0029259,0.0030521,0.0033355,0.0047928,0.016919,0.0063879,0.0051143,0.0010711,0.00071699,0.00032131,0.0002665,0.00060287,0.00081063,0.0030881,0.001887,0.0016495,0.0016208,0.0013554,0.0031319,0.0038997,0.011097,0.041489,0.031886,0.01091,0.0036881,0.0029377,0.0026598,0.0023779,0.0021643,0.0023785,0.026822,0.0074141,0.0043898,0.005238,0.0060708,0.0069785,0.0096686,0.0132,0.055918,0.092012,0.02237,0.0079448,0.0055437,0.0033462,0.0028542,0.0018442,0.0011215,0.031039,0.0089325,0.0037912,0.002213,0.00060888,0.0017029,0.0018913,0.00084067,0.011441,0.018144,0.0064243,0.001328,0.0016094,0.0014832,0.00095864,0.0010275,0.0010929,0.012161,0.003664,0.0018787,0.0014476,0.001614,0.0015664,0.0032223,0.0039366,0.014136,0.04939,0.0028047,0.0017744,0.0012299,0.00079199,0.00079125,0.0004974,0.00043871,0.011826,0.023595,0.022665,0.024317,0.026979,0.031594,0.041127,0.066006,0.29823,0.12918,0.05055,0.022097,0.015978,0.0095719,0.006098,0.0020287,0.00072099,0.012219,0.0043071,0.0019615,0.0027846,0.0021035,0.0024957,0.0033977,0.0046012,0.0021136,0.04391,0.0011588,0.0029938,0.0024525,0.001705,0.0010588,0.001,0.0013466,0.0043927,0.00029353,0.00045183,0.00016727,0.00096506,0.001325,0.0020919,0.0047765,0.022683,0.052333,0.0071834,0.0022262,0.001318,0.0008695,0.00071432,0.0008102,0.00076869
0.070434,0.0051846,0.002897,0.0037311,0.0035837,0.0043967,0.0078697,0.0091366,0.085286,0.017938,0.029931,0.0051284,0.0073148,0.004649,0.0030368,0.003232,0.002821,0.026204,0.0015951,0.0012587,0.0010967,0.0015636,0.001169,0.0018913,0.0029891,0.017381,0.0072359,0.0093235,0.0017348,0.0012981,0.0012873,0.0011077,0.00087582,0.00064851,0.0050183,7.0987e-05,0.0007164,0.00087383,0.0010362,0.0017881,0.0026051,0.0063082,0.024109,0.019367,0.021325,0.0039733,0.0020482,0.0021392,0.0018688,0.0017103,0.0019741,0.021044,0.0055155,0.0074633,0.014177,0.020945,0.031294,0.046053,0.087005,0.43176,0.12966,0.097281,0.065846,0.053819,0.048085,0.04078,0.035966,0.033331,0.075969,0.0044341,0.0012542,0.0012731,0.00093708,0.0012528,0.0018398,0.0030949,0.016155,0.006832,0.0062286,0.0033415,0.0026554,0.0021679,0.0014509,0.00061508,0.00033761,0.0091993,0.0021307,0.0017914,0.00052406,0.0013552,0.0032868,0.0063996,0.012008,0.046633,0.037631,0.011428,0.0060511,0.0048512,0.0049732,0.0040581,0.0034199,0.003275,0.0043774,0.0051659,0.0026918,0.003977,0.0046044,0.0055357,0.0082189,0.011446,0.079968,0.1563,0.023454,0.0096272,0.0074156,0.0073882,0.0084781,0.0067272,0.0052357,0.073087,0.0048561,0.0017702,0.00098031,0.00027874,0.00064778,0.00047514,0.0012026,0.0096807,0.019933,0.0061398,0.0013168,0.00084778,0.0011145,0.00090716,0.00099981,0.00089265,0.028546,0.0022046,0.00062296,0.00071849,0.00020469,0.00089426,0.00067177,0.0018868,0.0084662,0.026869,0.0021326,0.0012441,0.00084448,0.00047915,0.00091192,0.00034636,0.0004654,0.075641,0.0089493,0.0066061,0.0094046,0.013855,0.019741,0.030217,0.065087,0.27596,0.058437,0.08425,0.052255,0.040772,0.035178,0.02979,0.031451,0.030909,0.02373,0.00041348,0.00063657,0.00071271,0.0010374,0.0014038,0.001191,0.0030739,0.00065506,0.048719,0.0050676,0.0058049,0.0037251,0.0027815,0.0028919,0.002163,0.0024167,0.0084783,4.2575e-05,0.00014651,0.00037251,0.00072017,0.0011583,0.0027142,0.0040269,0.02647,0.068055,0.0069182,0.0014523,0.00052928,0.00038031,0.00017175,0.00058534,0.0003376
0.056313,0.0066127,0.0055391,0.003978,0.0035063,0.0045705,0.0059379,0.011037,0.10033,0.0067677,0.019068,0.00087759,0.0006941,0.0010365,0.00075889,0.00036285,0.0014,0.026823,0.00098055,0.0001185,0.0002746,0.00027334,0.0003442,0.0001844,0.0023647,0.016842,0.00066234,0.012044,0.00068172,0.00040754,0.00019531,0.00022235,0.00019645,0.00028038,0.0048905,0.00061531,0.00028428,0.00025418,0.00051019,0.00067669,0.00067752,0.005034,0.032637,0.014785,0.020778,0.00087012,0.0021207,0.00085971,0.0010319,0.0010452,0.00082398,0.01058,0.0031366,0.00059635,0.0015531,0.0023214,0.0036589,0.0059578,0.015411,0.43836,0.10922,0.01965,0.0074036,0.0063846,0.0063459,0.005286,0.0045026,0.0035649,0.067006,0.0043871,0.0018324,0.00092192,0.0014741,0.00080227,0.00076246,0.00047017,0.011465,0.0053828,0.0033176,0.00090753,0.0010514,0.00066074,0.00063176,0.0009385,0.00033951,0.010998,0.001233,0.00070081,0.0007528,0.00075366,0.00097557,0.0010426,0.0047476,0.049317,0.029322,0.009438,0.0012095,0.0014342,0.00071528,0.0006536,0.00048861,0.00041199,0.010243,0.0040698,0.012276,0.013812,0.0099034,0.0066574,0.014814,0.030607,0.051687,0.11676,0.038844,0.02704,0.016127,0.0070905,0.0027979,0.0051249,0.010323,0.065856,0.0026028,0.0014939,0.001358,0.0018489,0.00093606,0.0028537,0.0050043,0.0076352,0.013658,0.0074914,0.0085413,0.0057436,0.0025381,0.00067568,0.0032448,0.0041676,0.024315,0.0022675,0.0025503,0.0018732,0.00074978,0.00082196,0.0031461,0.008326,0.013684,0.015827,0.011814,0.0086234,0.0058098,0.0025921,0.00099217,0.0028631,0.0038606,0.083484,0.016413,0.015524,0.016571,0.018112,0.021526,0.028174,0.040417,0.31348,0.13355,0.042292,0.027659,0.016827,0.014352,0.012254,0.0095638,0.0070325,0.023529,0.0021973,0.0015417,0.0012881,0.0019902,0.0018836,0.0020202,0.0042321,0.0016422,0.04998,0.0063145,0.0069249,0.0029039,0.0028461,0.0014799,0.0022131,0.0022927,0.0076791,0.00056373,0.00044282,0.00058674,0.00088792,0.0012763,0.0011786,0.0030568,0.024302,0.054367,0.012727,0.0059072,0.0043719,0.0034589,0.0029849,0.0027689,0.0029488
0.033919,0.0020406,0.0032822,0.00041424,0.00076625,0.00077404,0.0015198,0.0043855,0.10484,0.011885,0.016016,0.0021262,0.0015883,0.00089103,0.00022912,0.0010241,0.0010853,0.011652,0.0023366,0.0011458,0.0012581,0.0011577,0.00068903,0.00068446,0.001581,0.015586,0.0010166,0.0098291,0.0017656,0.0017156,0.0009641,0.00097908,0.00102,0.00084879,0.0002594,0.00095137,0.00085493,0.00095953,0.00098585,0.0012188,0.0013977,0.0042747,0.026709,0.014849,0.020464,0.0030407,0.0022886,0.0013449,0.000879,0.00067122,0.0005722,0.0044785,0.0071672,0.0061797,0.0072351,0.0090567,0.012018,0.016517,0.031187,0.45772,0.033614,0.049834,0.021941,0.017011,0.013351,0.011924,0.011671,0.010658,0.040949,0.0038888,0.00059251,0.0010409,0.00080869,0.00049668,0.00021972,0.0012519,0.012556,0.0032262,0.0020361,0.0013493,0.0013534,0.0011546,0.00057506,0.0016027,0.00034523,0.0038891,0.0014482,0.0017411,0.0017365,0.0017783,0.0022701,0.0030658,0.005269,0.054857,0.019886,0.016508,0.0046686,0.0034826,0.0030973,0.0023525,0.0024465,0.0021115,0.013779,0.0044434,0.0049661,0.0061896,0.0063481,0.0082524,0.0084199,0.01564,0.084447,0.10359,0.03157,0.016386,0.0095297,0.0075908,0.007612,0.0093962,0.0075685,0.04044,0.0033177,0.0019553,0.0015401,0.0016718,0.0016153,0.0013054,0.0031093,0.0069287,0.016062,0.0010488,0.0028671,0.0014649,0.0011008,0.0006575,0.00079501,0.0005951,0.0156,0.0011767,0.0012845,0.0012872,0.0010463,0.0012956,0.0018594,0.0044944,0.01312,0.021874,0.0024924,0.0048321,0.0031879,0.0027348,0.0020231,0.0017533,0.0017071,0.057504,0.018154,0.025557,0.021619,0.013549,0.026202,0.053523,0.088262,0.20069,0.21584,0.059107,0.03645,0.017612,0.003496,0.012128,0.011847,0.0098955,0.0089609,0.0014366,0.00071471,0.0020876,0.0029213,0.0031868,0.001911,0.0034536,0.011007,0.045662,0.014785,0.0086113,0.006914,0.0068794,0.0056171,0.0043309,0.004181,0.0088521,0.0048307,0.0038388,0.0036654,0.0046847,0.0076585,0.0094121,0.01094,0.03149,0.037482,0.025413,0.0076552,0.0045923,0.0065017,0.0063884,0.00379,0.0016041
0.011543,0.0032309,0.0028172,0.0021475,0.0026116,0.001264,0.0021715,0.0045666,0.1055,0.0018524,0.016225,0.0017765,0.0012719,0.0023901,0.001822,0.0010619,0.00072482,0.013506,0.0064484,0.0022791,0.001381,0.0021937,0.00036181,0.0015696,0.0023338,0.013849,0.0013882,0.010421,0.00065898,0.00027002,0.00023882,0.00025186,0.00023692,4.3876e-05,0.0096246,0.001491,0.0015571,0.0016558,0.0011903,0.0015623,0.0027897,0.0069446,0.029952,0.016659,0.014922,0.0011942,0.000652,0.00026102,0.00033534,0.00034927,0.00051118,0.016512,0.0047862,0.0020701,0.0043059,0.0058737,0.006893,0.009826,0.018231,0.41749,0.04145,0.035496,0.022172,0.015507,0.013853,0.01247,0.011697,0.011255,0.0087663,0.0064398,0.003955,0.0028565,0.0013032,0.0017564,0.0018147,0.0028339,0.0082053,0.0048393,0.0022568,0.001558,0.00099169,0.00067793,0.00083219,0.00030329,0.0019951,0.0021553,0.0018233,0.00092918,0.00064595,0.0012199,0.0005019,0.0015087,0.0017145,0.059753,0.02611,0.009443,0.0037666,0.0024864,0.0021172,0.0015746,0.0015369,0.0017395,0.011366,0.0014474,0.0042388,0.0045431,0.0041802,0.0052353,0.0073885,0.014559,0.11162,0.11531,0.031552,0.012186,0.007879,0.0059628,0.0048689,0.0026055,0.0037442,0.011894,0.0070868,0.0029238,0.0023598,0.0015247,0.0012644,0.0023101,0.0028908,0.012787,0.017633,0.0057786,0.0012898,0.00061879,0.0003854,0.00061372,0.00038485,3.8296e-06,0.0021649,0.0020681,0.0012358,0.00090846,0.00018915,0.00020414,0.00052413,0.0033222,0.017021,0.0241,0.004808,0.001646,0.0012782,0.0011749,0.00097087,0.0012221,0.0010586,0.029189,0.0077571,0.0066535,0.0075972,0.0090381,0.010537,0.011931,0.021655,0.23267,0.14017,0.06059,0.026296,0.018891,0.015346,0.011831,0.013733,0.013132,0.013155,0.0052589,0.0038418,0.0030076,0.0031123,0.0035663,0.0042871,0.0045549,0.01187,0.045466,0.019122,0.0088219,0.0062861,0.0041495,0.0037811,0.0036447,0.0026913,0.0025864,0.0025455,0.0026174,0.00257,0.0017435,0.0029969,0.0035956,0.0055975,0.038521,0.049582,0.017782,0.006949,0.0042568,0.0031954,0.002851,0.0022337,0.0019188
0.012404,0.001163,0.0030662,0.0030243,0.0039153,0.0051073,0.005943,0.015431,0.097266,0.018728,0.012709,0.0012333,0.0014853,0.0024526,0.0011175,0.0010859,0.00097086,0.053941,0.007657,0.004075,0.0027505,0.0025607,0.0025542,0.001908,0.0024831,0.010101,0.0055303,0.0091587,0.0018557,0.001192,0.00062174,0.00027124,5.9087e-05,6.4842e-05,0.018034,0.0028354,0.0018407,0.00197,0.0021018,0.0021302,0.0026237,0.0060114,0.032122,0.024808,0.018505,0.0032929,0.0017741,0.0010994,0.00078734,0.0005492,0.00040247,0.047898,0.0075874,0.0076993,0.0087461,0.0108,0.014705,0.023352,0.044665,0.33297,0.040836,0.039678,0.025755,0.019377,0.0162,0.014997,0.014228,0.018902,0.030219,0.0068209,0.0032548,0.002617,0.0015108,0.0014327,0.0014297,0.00087522,0.007583,0.0048757,0.0040119,0.00081648,0.00082083,0.00037275,0.0010257,0.0012897,0.00027657,0.0062123,0.0026371,0.0021947,0.0023909,0.0023825,0.0033913,0.0044198,0.010687,0.045012,0.021597,0.0063524,0.0044197,0.0029614,0.0021693,0.0023173,0.0018471,0.0020428,0.0056783,0.0057243,0.0057886,0.004661,0.0060758,0.0076611,0.0096984,0.022681,0.086474,0.11788,0.018208,0.0077412,0.0053674,0.0051706,0.0065832,0.0030875,0.0056745,0.030131,0.0066781,0.0036239,0.0020475,0.0010868,0.0010371,0.00082216,0.0024672,0.010111,0.020373,0.006863,0.0015354,0.0012685,0.0012343,0.0008745,0.00097568,0.00089074,0.012203,0.0012728,0.0019149,0.0017364,0.0017869,0.0022192,0.0028358,0.0048367,0.011907,0.02683,0.010571,0.0028698,0.0018131,0.001327,0.0010451,0.00081959,0.00084687,0.0069734,0.0028266,0.0060448,0.005775,0.0072585,0.0099732,0.014603,0.030512,0.17112,0.15852,0.055256,0.026263,0.018838,0.015936,0.015444,0.012809,0.012974,0.048201,0.009368,0.0042421,0.0023867,0.0032388,0.003625,0.0041173,0.0053783,0.011631,0.047631,0.015206,0.0025826,0.0025742,0.0016043,0.00049091,0.002287,0.0021763,0.0048428,0.0017286,0.0017106,0.0020361,0.002611,0.0027374,0.0032168,0.0090358,0.015887,0.050647,0.017349,0.0074065,0.0049069,0.0041554,0.0035953,0.0032683,0.003275
0.0048162,0.0025834,0.0040896,0.001488,0.001741,0.0026084,0.0027945,0.010983,0.10312,0.006833,0.01983,0.002892,0.0032601,0.00074359,0.001006,0.00079015,0.00075723,0.062161,0.0043941,0.0013322,0.0013046,0.00099469,0.0010636,0.00043816,0.0026067,0.014077,0.0059945,0.010484,0.0016345,0.0011092,0.00070731,0.00049092,0.00063516,0.00041582,0.018416,0.0013362,0.00058926,0.00026654,0.00047034,0.00090903,0.0018411,0.0054899,0.028353,0.017839,0.019669,0.0052225,0.0029369,0.0026657,0.0022894,0.0019228,0.0022793,0.046584,0.0047675,0.0027797,0.0053709,0.0046622,0.005505,0.0084493,0.021563,0.40831,0.089671,0.02419,0.01006,0.0077066,0.0060875,0.0050186,0.0057666,0.00068092,0.033593,0.0041349,0.0020817,0.00070022,0.00087766,0.00078679,0.0010177,0.0015039,0.011249,0.0044721,0.0038698,0.00049481,0.00038885,0.00064754,0.00045788,0.0015114,0.00064851,0.0066091,0.00098555,0.00065759,0.00051764,0.00073384,0.0009422,0.001961,0.003715,0.050394,0.036761,0.0061785,0.00058412,0.001315,0.00073706,0.00081204,0.00087148,0.00056647,0.0013142,0.0036822,0.0035188,0.0051579,0.0051298,0.0060436,0.008146,0.013066,0.076205,0.1092,0.014109,0.005773,0.0044567,0.0033331,0.0020606,0.0016981,0.0028401,0.036965,0.0045918,0.0022169,0.0014471,0.0011338,0.00076821,0.00025991,0.00030984,0.0094292,0.017734,0.0055636,0.0015211,0.0010716,0.00086428,0.0008933,0.00057011,0.00076295,0.0091497,0.0021216,0.001168,0.00088422,0.0009572,0.0012913,0.0017632,0.0053409,0.013146,0.032094,0.0093684,0.0031571,0.0021915,0.0015054,0.0013276,0.001536,0.0012646,0.00032234,0.0056074,0.0036144,0.0044203,0.0044275,0.0049625,0.0068725,0.006411,0.2029,0.16748,0.0083267,0.0061529,0.0040616,0.0017057,0.00059436,0.0024094,0.0011502,0.05971,0.0047221,0.0021529,0.0018208,0.0012889,0.0014222,0.00085807,0.0029334,0.0019842,0.047687,0.0074164,0.0015121,0.00037494,0.00065789,0.00067007,0.0015831,0.00026511,0.0010758,0.00060394,0.00020295,0.00025655,0.00029592,0.00038017,0.0012841,0.0027458,0.024149,0.059682,0.00089376,0.0010642,0.00078793,0.00078879,0.00053334,0.00059438,0.0004387
0.0010395,0.0020924,0.0021703,0.0014674,0.00046744,0.0015985,0.00212,0.0052964,0.10166,0.023398,0.017182,0.0015765,0.00043604,0.00071539,0.0018353,0.0011018,0.0013867,0.033961,0.0037053,0.0019577,0.0015008,0.0015305,0.001481,0.0014759,0.001093,0.017296,0.0088334,0.0084178,0.00074533,0.0005003,0.00041532,0.00016438,0.00021984,7.0561e-05,0.012379,0.0015644,0.0011759,0.001042,0.0011445,0.0014496,0.0008792,0.0015455,0.029542,0.0079553,0.017723,0.0023353,0.001589,0.00075371,0.00059627,0.00034023,0.00041582,0.017847,0.0056839,0.0084472,0.007153,0.009628,0.012534,0.019159,0.037977,0.45681,0.1364,0.018957,0.018772,0.015844,0.013114,0.012179,0.011456,0.0092451,0.015534,0.0028238,0.00076825,0.0010897,0.00083126,0.00058356,0.00080009,0.0020335,0.012921,0.0051766,0.0030677,0.00058396,0.00050892,0.00011517,0.00038193,0.0012608,0.0012093,0.0046578,0.0011307,0.0012123,0.0015702,0.0016965,0.0015642,0.0029478,0.0056343,0.053078,0.036765,0.0034552,0.00079819,0.00053837,0.00025792,0.00046364,0.00047772,0.00014876,0.019795,0.0061489,0.005488,0.0055401,0.0070046,0.0070433,0.0093207,0.011501,0.074814,0.068775,0.030228,0.0097546,0.0046841,0.001975,0.0046527,0.0057119,0.0028573,0.014416,0.0029398,0.0018749,0.0011579,0.00087873,0.00065742,0.00090773,0.0013278,0.010031,0.016576,0.0056224,0.00084701,0.00035513,0.00036673,0.00027663,0.00041324,0.00033189,0.0032864,0.00043425,0.00025855,0.00014924,0.00022441,0.00029033,0.0014319,0.0012138,0.011876,0.047608,0.0035426,0.00053309,0.00040292,0.00036343,0.00039579,0.00043636,2.8614e-05,0.0026932,0.0068415,0.0047659,0.0074171,0.0080079,0.011674,0.01666,0.0258,0.26806,0.16572,0.020052,0.018833,0.013007,0.012272,0.011413,0.013413,0.010895,0.032755,0.0050904,0.0017978,0.0014121,0.0011207,0.00092794,0.0010524,0.0017362,0.0035199,0.045177,0.0065749,0.0022749,0.00061748,0.0008686,0.0010486,0.0018037,4.0032e-05,0.00057221,8.0705e-05,0.00033669,0.00049929,0.0002639,0.00092402,0.00067151,0.0049611,0.028721,0.053182,0.0032131,0.00097653,0.00072347,0.0007416,0.00053283,0.00087537,0.00065234
0.0023632,0.0035689,0.0023773,0.0029389,0.0024456,0.0024098,0.0039492,0.0040691,0.11079,0.038353,0.019399,0.0070173,0.003281,0.0035018,0.0020039,0.0020508,0.002409,0.021843,0.001264,0.0010205,0.00018172,0.0011884,9.0203e-05,0.00065994,0.00071876,0.014991,0.019753,0.0093358,0.0033671,0.001819,0.0014661,0.0012268,0.0012902,0.0012093,0.010019,0.00029636,7.1027e-05,0.00030309,0.00052751,0.0005705,0.00011866,0.00028183,0.027169,0.013692,0.017603,0.0051826,0.0032449,0.0025581,0.0019141,0.0020461,0.0016117,0.0028153,0.025939,0.019949,0.024301,0.038737,0.021859,0.067612,0.1344,0.38877,0.20581,0.034094,0.039112,0.049426,0.012702,0.029288,0.033722,0.0018197,0.010285,0.00021177,0.0019069,0.0018582,0.00086656,0.0014465,0.0015427,0.0039934,0.011832,0.0079855,0.0024805,0.00023684,0.00043839,7.383e-05,0.0002919,0.00095699,0.00032806,0.0027905,0.0010972,0.0002286,0.0024481,0.003167,0.0017984,0.0065963,0.012507,0.051413,0.015888,0.011696,0.0086077,0.006258,0.0052284,0.0048933,0.0048036,0.0044919,0.023558,0.0018115,0.0010182,0.00096752,0.00096402,0.0023962,0.004515,0.0032558,0.096534,0.067544,0.010209,0.0091461,0.0065509,0.0054935,0.0020584,0.0022099,0.002409,0.005703,0.001413,0.0004191,0.00015781,0.00063689,0.00024991,0.00077511,0.0015823,0.011066,0.014618,0.0059767,0.0014538,0.0010067,0.00065904,0.00035725,0.00030893,0.00014496,0.0041142,0.00048437,0.00033826,0.00041453,0.00089123,0.00060539,0.0010596,0.0022115,0.0080708,0.055744,0.010766,0.0048528,0.0028101,0.0023792,0.0018572,0.0015926,0.0016346,0.023135,0.013992,0.0073123,0.0036562,0.015475,0.028609,0.038254,0.047337,0.21398,0.24044,0.069908,0.044255,0.02667,0.0089133,0.0089763,0.016773,0.023199,0.023535,0.0039704,0.0016367,0.0018266,0.0030226,0.0053495,0.0065903,0.0084923,0.013106,0.037841,0.018031,0.0071493,0.0052265,0.0044158,0.0029655,0.0015949,0.0021191,0.00060464,0.0012231,0.0015554,0.00091714,0.0013884,0.004011,0.0070104,0.0083452,0.036828,0.034653,0.01973,0.013532,0.008625,0.0045923,0.0042895,0.0055303,0.0068074
0.0068837,0.0028137,0.0026668,0.0029341,0.0031735,0.002789,0.0053092,0.0043583,0.11195,0.027316,0.023098,0.0075696,0.0050593,0.0052279,0.0027873,0.0041065,0.0038052,0.025521,0.0012379,0.00036246,0.0011964,0.00051542,0.00070336,0.00061533,0.0031264,0.019692,0.007277,0.0071362,0.0023917,0.0015724,0.0013569,0.000996,0.00080558,0.0008774,0.010164,0.0019523,0.0021579,0.0020959,0.002639,0.003097,0.0047362,0.0075443,0.032613,0.0068283,0.019832,0.0064477,0.0046094,0.0034227,0.0028325,0.0027555,0.0028134,0.013928,0.0095169,0.0099518,0.011064,0.015233,0.020529,0.033128,0.05822,0.43959,0.17064,0.044833,0.032688,0.026563,0.023184,0.0211,0.020443,0.017689,0.0025559,0.001284,0.0015004,0.00021027,0.00050856,0.00061318,0.0010135,0.0022152,0.013636,0.011987,0.0020176,0.00072409,0.00054301,0.00053148,0.0005278,0.00097908,0.00052646,0.0058995,0.0015552,0.0015941,0.0019055,0.0021102,0.0026729,0.0034563,0.0088991,0.046175,0.037367,0.002966,0.0011481,0.00055205,0.00062337,0.00059505,0.00067411,0.00060464,0.0050393,0.019814,0.019651,0.019431,0.018849,0.017881,0.01589,0.01623,0.10335,0.061726,0.056055,0.037001,0.028537,0.024389,0.023916,0.020933,0.022835,0.00071145,0.002503,0.0019878,0.0021795,0.0017285,0.00099567,0.0015156,0.0010301,0.010428,0.0070745,0.0065829,0.0036485,0.0026688,0.0023686,0.0020544,0.0020884,0.0016957,0.0013733,0.0018313,0.0020025,0.0029186,0.0034122,0.0040578,0.0046293,0.0036932,0.015829,0.037531,0.0068654,0.0049003,0.004141,0.0031414,0.002179,0.001266,0.00053408,0.0063191,0.0082272,0.0086768,0.01081,0.012803,0.016608,0.024148,0.0468,0.28585,0.14842,0.058785,0.037989,0.026144,0.021805,0.019774,0.020673,0.019476,0.021618,0.002266,0.0023516,0.0025466,0.0021188,0.0024612,0.0032704,0.0035775,0.0090048,0.046969,0.0061845,0.0061111,0.0022123,0.001632,0.0014529,0.00083237,0.00074769,0.0020314,0.00080138,0.0013513,0.001154,0.0013929,0.0020523,0.0033672,0.0052476,0.027583,0.059356,0.011429,0.005569,0.0037176,0.0031268,0.0027319,0.0026379,0.0024968
0.023943,0.0050965,0.0035742,0.0050809,0.0045634,0.00653,0.011602,0.022831,0.088033,0.043411,0.020505,0.012863,0.0085508,0.0081433,0.0077304,0.0066608,0.0067578,0.023804,0.0016738,0.001141,0.0018087,0.0011107,0.00069335,0.0013376,0.0041641,0.018284,0.014799,0.0039337,0.00060456,0.00044032,0.00036013,0.00018639,0.00020221,0.00014878,0.0085717,0.0014251,0.0010264,0.0011723,0.0015506,0.0015922,0.0025331,0.0050758,0.026572,0.0065414,0.0089224,0.0016547,0.00086851,0.00079778,0.0010188,0.00078461,0.0008316,0.00010873,0.027738,0.030587,0.031765,0.03655,0.044699,0.059753,0.10202,0.42186,0.27314,0.07159,0.04115,0.030298,0.023886,0.020464,0.019568,0.01721,0.00902,0.0030389,0.00098888,0.0011182,0.0011996,0.0012045,0.0015008,0.0022641,0.013821,0.011832,0.0036374,0.00087778,0.00035702,0.00050892,0.00017048,0.00033792,0.00095943,0.00042344,0.0007403,0.00035459,0.0013816,0.0018227,0.003097,0.0050241,0.0082764,0.048427,0.040626,0.013882,0.0083252,0.0063975,0.0054356,0.0047145,0.0047135,0.0045357,0.014828,0.0077153,0.0095107,0.01017,0.0092758,0.010975,0.014645,0.024836,0.098033,0.13543,0.041134,0.017596,0.008521,0.0066656,0.0060249,0.0021813,0.00053789,0.0082017,0.0017344,0.0013628,0.0014605,0.00085684,0.00074837,0.0016293,0.0027797,0.01274,0.016593,0.0012762,0.0013628,0.00051437,0.0006346,0.00051398,0.0006873,0.00041962,0.0028096,0.0026944,0.0018959,0.002313,0.0024422,0.0029879,0.0028525,0.0064531,0.02059,0.024375,0.0089428,0.0032032,0.0020438,0.00117,0.0010625,0.00097363,0.00065423,0.047221,0.017452,0.01955,0.020022,0.022158,0.026441,0.035887,0.058652,0.2527,0.18016,0.04977,0.025904,0.014569,0.011073,0.0096004,0.0081719,0.0065137,0.02108,0.0019208,0.00084409,0.0014593,0.00060485,0.00077055,0.00065343,0.00042485,0.0085736,0.052518,0.0079167,0.0039394,0.0015732,0.00096066,0.0010012,0.0015304,0.00049973,4.7676e-05,0.0022914,0.0025844,0.0025328,0.0030577,0.0030815,0.0058891,0.0055282,0.039479,0.064893,0.0036756,0.0029856,0.0022792,0.0018619,0.0016801,0.0017245,0.0015164
0.022963,0.0066793,0.0037609,0.0053361,0.0063756,0.0071452,0.010474,0.01923,0.083667,0.027747,0.0063089,0.0055407,0.0036789,0.0037874,0.0022526,0.0030258,0.0026265,0.010489,0.0015681,0.00049233,0.00071018,0.0011605,0.0010598,0.0021314,0.00449,0.01917,0.0034481,0.011225,0.0048458,0.0033386,0.002855,0.0026365,0.0026647,0.0024472,0.0031624,0.001204,0.00063474,0.00092779,0.0012797,0.0021392,0.0036788,0.0047224,0.024696,0.023894,0.01301,0.0055037,0.0039645,0.0033456,0.0031409,0.0027666,0.0028077,0.049369,0.028474,0.030217,0.031967,0.035783,0.044127,0.061354,0.10715,0.38273,0.21394,0.072416,0.046462,0.034451,0.028703,0.025297,0.022494,0.022879,0.022583,0.0016017,0.0011423,0.00034997,0.0012603,0.0012734,0.0017368,0.0047121,0.014495,0.0076367,0.0056375,0.0031689,0.0022839,0.0018016,0.0010536,0.0016425,0.0016785,0.0084325,0.0035987,0.0038446,0.0038221,0.0042812,0.0050802,0.0067852,0.011699,0.045509,0.010499,0.010484,0.0052192,0.0039821,0.0031945,0.0028568,0.0025608,0.0023709,0.0084573,0.0040519,0.003835,0.0036776,0.0041467,0.0043721,0.0055117,0.0043665,0.065591,0.049237,0.055404,0.014253,0.0089615,0.0049988,0.0046449,0.002971,0.0035553,0.020392,0.0023487,0.0005641,0.00071438,0.0012992,0.0013851,0.0016631,0.0015406,0.012151,0.011202,0.0009603,0.0004595,0.00033011,0.00037459,0.00025332,0.0002151,0.00026894,0.012848,0.00049229,0.001271,0.001617,0.0016983,0.0021491,0.0029567,0.0038729,0.016219,0.040005,0.014633,0.0046527,0.0030753,0.002395,0.0020599,0.0019335,0.0019532,0.039322,0.0030878,0.0047526,0.006319,0.0094463,0.014568,0.023012,0.046899,0.21263,0.28981,0.045416,0.030732,0.024724,0.022134,0.01909,0.021326,0.020134,0.010283,0.00065325,0.00068344,0.0012589,0.0010249,0.001253,0.0017867,0.0023209,0.0046625,0.041409,0.0062642,0.0015659,0.00027017,0.00068592,0.00049049,0.00080192,0.00015451,0.0041333,0.0019229,0.0017443,0.0019597,0.002389,0.0033932,0.0049035,0.0081807,0.036362,0.041946,0.0054747,0.0042221,0.0033399,0.0031674,0.0027789,0.0026641,0.0026303
0.023579,0.0038286,0.003772,0.0034309,0.0049725,0.0071275,0.0092241,0.017435,0.082533,0.029778,0.022497,0.011919,0.00775,0.0070354,0.0076708,0.0046519,0.0066567,0.0084783,0.0017142,0.001508,0.0014688,0.0019422,0.002015,0.0025186,0.0048844,0.021141,0.0035686,0.011788,0.0045548,0.0032495,0.0023428,0.0023394,0.0018648,0.0023632,0.0060807,0.0021351,0.0023922,0.0026791,0.0031805,0.003877,0.0053291,0.0066336,0.032133,0.0085406,0.016815,0.0065408,0.0047398,0.0037525,0.0033699,0.0031397,0.0027237,0.027583,0.0059995,0.0087666,0.013289,0.018154,0.026055,0.041383,0.080197,0.37766,0.16509,0.08047,0.058678,0.047122,0.040851,0.037962,0.036114,0.032038,0.023634,0.0013546,0.0011437,0.00039778,0.00086427,0.0013278,0.0015807,0.0036844,0.013735,0.00426,0.0034862,0.0023008,0.0020502,0.0018623,0.0017527,0.0014564,0.00039864,0.00099375,0.0029736,0.0032416,0.0032802,0.0040636,0.0049323,0.0066073,0.012227,0.043967,0.050768,0.0031955,0.0042579,0.0031756,0.0025442,0.0023314,0.0019409,0.0019322,0.017535,0.0073699,0.008106,0.0089128,0.0093468,0.01092,0.014632,0.02243,0.079476,0.10443,0.06694,0.019312,0.013246,0.0066261,0.0078485,0.0049304,0.0044728,0.021197,0.00029046,0.00025031,0.00055455,0.00077217,0.00083647,0.0016397,0.0026593,0.013098,0.018513,0.0030958,0.0025943,0.0016902,0.0016071,0.0013996,0.0013339,0.0012379,0.0098135,0.00085263,0.0013169,0.001737,0.0017228,0.0023679,0.0027559,0.0053129,0.018452,0.02457,0.016111,0.0065203,0.004577,0.0036421,0.0028839,0.0028642,0.0029469,0.021077,0.01685,0.016558,0.019361,0.022327,0.026877,0.034303,0.054128,0.22449,0.12215,0.027335,0.019197,0.014683,0.0095676,0.0093355,0.0062701,0.0070535,0.010386,0.00051243,0.00052275,0.00093615,0.00087331,0.0010408,0.00113,0.0016687,0.0080479,0.048347,0.0046379,0.00097152,0.00011573,0.00083208,0.0004353,0.00028737,0.0012379,0.0082532,0.0040016,0.0037839,0.0041056,0.0047569,0.0054157,0.006866,0.011851,0.038467,0.075077,0.0090359,0.0037036,0.0024387,0.0016727,0.0010713,0.00064185,0.00026894
0.039445,0.0088537,0.0081139,0.0092703,0.0096283,0.012607,0.016253,0.025532,0.080089,0.040277,0.019164,0.0094492,0.0066018,0.0053773,0.0031768,0.0013069,0.00075531,0.0032597,0.0019881,0.0017217,0.0021997,0.0021682,0.001767,0.0020222,0.0047001,0.017977,0.019713,0.004358,0.0014813,0.0009814,0.00073223,0.00029632,0.00010868,3.6243e-05,0.001833,0.0024585,0.0026545,0.0028553,0.0031646,0.0036155,0.0050807,0.008256,0.027546,0.011003,0.010545,0.0038513,0.0020555,0.0012042,0.00082704,0.00044527,0.00026514,0.018725,0.036795,0.035844,0.040955,0.044783,0.053611,0.070243,0.10965,0.41113,0.31047,0.080021,0.04322,0.029049,0.021253,0.016458,0.015282,0.012797,0.029166,0.0013726,0.0017041,0.0012794,0.0013924,0.0016494,0.0018621,0.0026911,0.013242,0.012378,0.0016726,0.0012036,0.00068052,0.00062359,0.00064483,0.00054402,0.00087548,0.0044881,0.0021395,0.0020563,0.0024824,0.0029683,0.0038206,0.0058833,0.012448,0.047925,0.040735,0.01288,0.0077647,0.005941,0.0052284,0.0045444,0.0043431,0.0043622,0.0028229,0.010914,0.014421,0.014784,0.016159,0.019018,0.023339,0.034104,0.10456,0.069215,0.074837,0.021709,0.013585,0.010834,0.0064166,0.0033876,0.0020218,0.029681,0.0011021,0.0010291,0.00094556,0.00092996,0.0014404,0.002014,0.0032274,0.013397,0.014455,0.0037765,0.0021291,0.0015754,0.001085,0.0012806,0.0010028,0.0009861,0.013977,0.00041705,0.00018293,0.00045634,0.0010617,0.00089785,0.0014708,0.0038562,0.017462,0.042233,0.011951,0.0028394,0.0021534,0.0018525,0.0016432,0.0017239,0.0014458,0.05943,0.017903,0.020959,0.021061,0.024527,0.029678,0.039136,0.06367,0.20325,0.19981,0.05376,0.028728,0.019653,0.014991,0.013167,0.012809,0.0091783,0.0001812,0.0021646,0.00029119,0.0004242,0.00014281,0.00023647,0.0015146,0.0021597,0.0079414,0.050937,0.0029696,0.0016275,0.0014362,0.0012672,0.00095123,0.0021223,0.0015011,0.0053864,0.0016684,0.0018209,0.0018551,0.0024064,0.0032648,0.0046194,0.0093957,0.037952,0.060962,0.0096572,0.0061317,0.0045831,0.0039419,0.0035024,0.0038219,0.0034447
0.018,0.00045241,0.0028277,0.0022394,0.0032058,0.0041831,0.0069642,0.013619,0.089184,0.026521,0.014163,0.0083899,0.006819,0.0071241,0.007156,0.005708,0.0035306,0.0028744,0.00029922,0.00072547,0.00062064,0.00060405,0.00074753,0.001014,0.002927,0.018865,0.0063637,0.0020332,0.00068591,0.00036861,0.00055795,0.00058622,0.00059222,0.00037957,0.0015469,0.00048015,0.00083486,0.00083893,0.00089494,0.0012225,0.0029586,0.0054849,0.027734,0.027787,0.0049476,0.002588,0.0020911,0.001803,0.0015393,0.0017402,0.0015354,0.025299,0.019902,0.021984,0.022919,0.027157,0.034323,0.048324,0.087189,0.40262,0.11423,0.071545,0.046441,0.036213,0.030665,0.027341,0.025102,0.025879,0.02405,0.00090007,7.7711e-05,0.00087362,0.00074064,0.00090843,0.0016638,0.0018839,0.013839,0.0032538,0.004065,0.0024818,0.0017194,0.0014418,0.0018848,0.0013909,0.0013142,0.0068914,0.0038847,0.0040073,0.0040948,0.0047352,0.0056156,0.0078407,0.012166,0.050046,0.023238,0.0087205,0.00443,0.0027776,0.0018313,0.0012544,0.0012028,0.0009594,0.034012,0.0098482,0.0080673,0.0086725,0.01064,0.011055,0.014585,0.018232,0.087101,0.041483,0.066731,0.019225,0.010654,0.0046385,0.0047413,0.0017754,0.00043108,0.025938,0.00055685,0.00049284,0.00047791,0.001079,0.0008393,0.0016425,0.0025712,0.013696,0.008435,0.0060948,0.0031195,0.0019652,0.0016511,0.0014288,0.0015084,0.0015202,0.0088331,0.00075258,0.00097932,0.00086227,0.00082401,0.0014303,0.0013092,0.0027138,0.015028,0.032852,0.007806,0.0015816,0.0010779,0.00070892,0.00061475,0.00042044,0.00053978,0.048257,0.0098817,0.018937,0.0087071,0.028137,0.0059217,0.052236,0.020174,0.2958,0.10286,0.11994,0.033314,0.04644,0.026821,0.029793,0.027675,0.025574,0.001936,0.0049192,0.0027213,0.0036363,0.0036797,0.0043399,0.0073706,0.0057323,0.018313,0.024525,0.022017,0.0013665,0.0066385,0.0021843,0.0029796,0.0019978,0.0033932,0.0030785,0.0064048,0.001985,0.0069644,0.0043279,0.0078665,0.0087019,0.01255,0.037466,0.037675,0.027807,0.0040499,0.0098193,0.0029163,0.0060389,0.0028306,0.0051308
0.024889,0.0077375,0.0044616,0.0048218,0.0054184,0.0072326,0.0098532,0.014721,0.07955,0.053479,0.015232,0.0083905,0.0063089,0.0047563,0.0056883,0.0039854,0.0036908,0.0058957,0.0013235,0.0017291,0.0015809,0.0028434,0.0025429,0.0025734,0.0041519,0.017014,0.019648,0.0016335,0.0013486,0.00097642,0.00060435,0.00069303,0.00037242,0.00014305,0.0024643,0.0013267,0.00097421,0.0013952,0.0010814,0.0020566,0.0023029,0.0049589,0.021033,0.032213,0.0043362,0.0013823,0.00046707,0.00041151,0.00053383,0.00054961,0.00030138,0.02661,0.016469,0.016586,0.01971,0.02511,0.032876,0.04872,0.093752,0.39119,0.22551,0.093952,0.063331,0.049237,0.042601,0.038454,0.037287,0.034674,0.036973,0.0042589,0.0034138,0.001945,0.0023349,0.0028781,0.0039463,0.0058925,0.015434,0.0059457,0.0051587,0.0033575,0.0018941,0.0011527,0.0015105,0.0014636,0.0002594,0.0019055,0.0030739,0.0033439,0.003589,0.0046113,0.0062171,0.008208,0.015081,0.043455,0.053307,0.012995,0.00804,0.0061662,0.005029,0.0047555,0.0043344,0.0041981,0.017334,0.0039983,0.0014726,0.0014765,0.0013495,0.0019976,0.0013913,0.001974,0.077615,0.14128,0.045294,0.011661,0.0072672,0.0062192,0.0020279,0.0038965,0.0039216,0.03352,0.0040926,0.00098456,0.00092899,0.0021765,0.00092935,0.0015996,0.0032909,0.011855,0.025672,0.0032407,0.00050904,0.00067918,0.00061559,0.00081228,0.00040171,0.00047684,0.016258,0.0034585,0.0040148,0.0040117,0.0039342,0.0051117,0.0065472,0.0091943,0.019965,0.03373,0.01154,0.0052364,0.0029263,0.0019448,0.00082914,0.0006893,0.000103,0.038815,0.0076207,0.0052166,0.0065018,0.0090142,0.012447,0.019267,0.034995,0.20448,0.066793,0.023683,0.01934,0.015635,0.014918,0.014291,0.010962,0.013359,0.0054971,0.00069997,0.0013423,0.0014352,0.0004691,0.00087299,0.0016192,0.0026028,0.010188,0.047509,0.0043538,0.0030007,0.0027523,0.0020732,0.0017644,0.0007706,0.0020752,0.0032178,0.0013789,0.0017888,0.0020397,0.0026306,0.0030295,0.005079,0.01146,0.036096,0.080769,0.010833,0.0071914,0.0055675,0.0047653,0.0046387,0.0039615,0.0040532
0.05396,0.0030914,0.0018305,0.0016693,0.002997,0.0037969,0.0055641,0.0098526,0.052528,0.043044,0.010395,0.0025143,0.0026988,0.0034761,0.0031494,0.0016514,0.0023766,0.020296,0.0019734,0.0026335,0.0018405,0.00244,0.0016331,0.0017707,0.0024605,0.012851,0.0075829,0.0064298,0.0017437,0.00076363,0.00024355,0.00039669,0.00015862,0.00028802,0.0041085,0.00053617,0.00077557,0.0005283,0.00067719,0.00070974,0.00099699,0.0040717,0.01781,0.033263,0.013449,0.0031269,0.001385,0.0007497,0.00053779,0.00036135,0.00017168,0.0016918,0.016277,0.018527,0.016744,0.0096203,0.012603,0.046266,0.11261,0.38024,0.26679,0.028461,0.028041,0.052013,0.056135,0.045446,0.027623,0.0037785,0.057301,0.0024998,0.0018493,0.0020256,0.001177,0.0010625,0.0026899,0.00495,0.017576,0.0065746,0.0016101,0.002664,0.0029161,0.0026957,0.0020448,0.0018042,0.00022508,0.011334,0.0015114,0.0015841,0.0018534,0.0022524,0.0042281,0.0040768,0.0030486,0.031193,0.015502,0.010756,0.0054378,0.0026049,0.00064946,0.0011339,0.0021521,0.0024071,0.022314,0.0078188,0.0071769,0.0061594,0.0066745,0.0093459,0.011417,0.017362,0.051874,0.058961,0.065033,0.017873,0.011746,0.0087124,0.0088485,0.0062329,0.0064031,0.057338,0.0017814,0.0025676,0.0014866,0.00059731,0.0026959,0.0016599,0.0015099,0.0043334,0.0076898,0.0083219,0.0026854,0.0015695,0.0014321,0.0010656,0.00081667,0.00089838,0.021645,0.0008315,0.00096853,0.000628,0.0014369,0.0016072,0.0025722,0.0031611,0.0042606,0.015969,0.021466,0.0077225,0.0055153,0.0044856,0.0039553,0.0036555,0.0033646,0.047442,0.017226,0.01796,0.020524,0.022366,0.028481,0.040291,0.069947,0.18659,0.28126,0.063642,0.042411,0.031466,0.026882,0.02453,0.020566,0.021922,0.017884,0.004041,0.0017202,0.0021398,0.0021492,0.0013312,0.0020709,0.0031656,0.0081661,0.042577,0.0040676,0.0024995,0.0016001,0.0013773,0.0013701,0.0016647,0.00080874,0.0082914,0.00045945,0.001025,0.0010506,0.0017935,0.0019808,0.001962,0.0049279,0.021101,0.04323,0.004585,0.0015722,0.0013822,0.0011636,0.00078052,0.0010502,0.00097849
0.048302,0.0059262,0.0034382,0.0035121,0.0047584,0.0076218,0.010275,0.019588,0.068281,0.05934,0.022487,0.010508,0.0093921,0.0068961,0.0073252,0.0073979,0.0057527,0.04159,0.0039345,0.0036541,0.0026191,0.0032144,0.0033452,0.0043823,0.0067712,0.020799,0.014467,0.014481,0.0044888,0.0031163,0.0022243,0.0019953,0.0018589,0.0015126,0.012528,0.0042972,0.002412,0.0022066,0.0022733,0.0036264,0.0038908,0.0078517,0.021131,0.01221,0.023171,0.0048806,0.0025617,0.0016356,0.000957,0.0004539,0.00017548,0.019532,0.013572,0.014668,0.018458,0.026332,0.036157,0.05625,0.1078,0.40621,0.39003,0.13014,0.086103,0.068419,0.05965,0.053511,0.049387,0.05095,0.067363,0.0005971,0.00037352,0.0012425,0.00046843,0.001089,0.0014542,0.0038164,0.012425,0.0086571,0.0066044,0.0035853,0.0023452,0.0019241,0.0020982,0.0013673,0.0011997,0.012564,0.0028203,0.003472,0.0040878,0.0052574,0.0053932,0.0078907,0.011006,0.051368,0.059393,0.018556,0.0097324,0.0080303,0.0067902,0.0062157,0.0054391,0.0054914,0.036921,0.0077766,0.0030793,0.00055554,0.0020825,0.002032,0.0074974,0.021266,0.056307,0.093148,0.075381,0.027438,0.020433,0.018496,0.019831,0.018714,0.018122,0.070432,0.0024752,0.0022853,0.0023149,0.0024921,0.0021749,0.0037371,0.005801,0.015149,0.012689,0.011715,0.0042073,0.001903,0.0017196,0.00062191,0.00028225,2.6695e-05,0.025381,0.0037125,0.002425,0.002832,0.0032154,0.0047904,0.0065085,0.010521,0.030416,0.033231,0.026858,0.0072093,0.0045459,0.0028343,0.0017276,0.0010964,0.00055506,0.067985,0.009743,0.0082015,0.0088636,0.010599,0.013699,0.020497,0.036906,0.12732,0.11765,0.044459,0.022402,0.017006,0.014008,0.013519,0.013914,0.011423,0.045039,0.004859,0.0039631,0.0033811,0.0033822,0.0040381,0.0049682,0.0069281,0.017001,0.042063,0.0037871,0.0031062,0.0021038,0.0015916,0.0011093,0.00070335,0.00058172,0.0024433,0.0051846,0.0051023,0.0050134,0.0054784,0.0073093,0.0092214,0.01273,0.045955,0.068182,0.014548,0.0073466,0.0050506,0.0038695,0.0030995,0.002355,0.0022831
0.017824,0.010114,0.0076084,0.008418,0.0095825,0.011859,0.015598,0.027765,0.051443,0.025693,0.033155,0.010125,0.0086494,0.0071949,0.0046931,0.0033676,0.0044079,0.067687,0.0024386,0.0021483,0.0028948,0.0036343,0.0033901,0.0035109,0.0052112,0.017699,0.0036375,0.016264,0.0041216,0.0027845,0.0021955,0.0013824,0.0013779,0.00136,0.014954,0.0047333,0.0037803,0.0036271,0.0039534,0.0054435,0.0059638,0.0063319,0.032703,0.0090799,0.0242,0.0060221,0.004218,0.0027714,0.0020956,0.0019298,0.0016403,0.014586,0.025067,0.026123,0.028951,0.032941,0.040227,0.055647,0.096487,0.31948,0.1415,0.073965,0.050854,0.038523,0.032183,0.028684,0.027648,0.026472,0.069692,0.0027703,0.00083871,0.00079645,0.0010936,0.0014105,0.0019709,0.004893,0.013105,0.0093692,0.0034607,0.0022396,0.0018023,0.0013065,0.0010043,0.002201,0.001854,0.0096094,0.0022951,0.0024298,0.0029255,0.003367,0.0035147,0.0056795,0.010815,0.033012,0.043301,0.0076426,0.00574,0.0044306,0.0038083,0.0034701,0.0032289,0.003315,0.061395,0.0064123,0.0023863,0.0034745,0.0046801,0.0048371,0.0079889,0.021298,0.036025,0.074585,0.056527,0.0061054,0.0057941,0.0045887,0.0055748,0.0038657,0.004078,0.076497,0.0011223,0.001416,0.0012391,0.0012233,0.00099386,0.002027,0.0019268,0.011985,0.013664,0.0073839,0.0026496,0.0023891,0.0018331,0.0017831,0.0015933,0.0013466,0.02225,0.0015448,0.00097346,0.001074,0.0013398,0.001812,0.00082567,0.0017421,0.020137,0.023585,0.02715,0.0053329,0.0039608,0.0033155,0.0026412,0.0025317,0.0025425,0.030121,0.015774,0.016391,0.018393,0.019445,0.023349,0.030686,0.044658,0.1292,0.19442,0.028174,0.020236,0.013251,0.0094591,0.0081561,0.0064102,0.0042458,0.067517,0.00084679,0.0012737,0.00096173,0.00075923,0.00034438,0.0010565,0.00083354,0.0011961,0.040253,0.0045214,0.0012022,0.0011398,0.00099339,0.00098093,0.00021874,0.00086214,0.014019,0.0042387,0.0040898,0.0041277,0.0046853,0.0060617,0.0068388,0.011217,0.032164,0.067767,0.0055353,0.0043576,0.0030402,0.0020559,0.0016215,0.0010762,0.0010414
0.017901,0.0099426,0.0070834,0.0095247,0.01075,0.012321,0.015664,0.024899,0.059439,0.025709,0.020039,0.010874,0.006104,0.0038162,0.002715,0.0017278,0.0001011,0.054377,0.0047143,0.0021098,0.0022345,0.0025876,0.0019522,0.0035243,0.0055157,0.014358,0.017645,0.002022,0.0027915,0.0013539,0.00099433,0.00072824,0.00045595,0.00047875,0.020226,0.0032734,0.0036862,0.0040639,0.0040905,0.0050997,0.0056824,0.010265,0.022627,0.011714,0.011399,0.0056594,0.0031924,0.001824,0.0010477,0.00072319,0.00032044,0.082218,0.038898,0.043017,0.045293,0.051791,0.061161,0.079962,0.12199,0.37075,0.38549,0.092231,0.051763,0.036086,0.026406,0.019701,0.017911,0.016566,0.050629,0.0029156,0.0028269,0.0023672,0.0020843,0.002733,0.0033693,0.0045686,0.012867,0.013508,0.0039452,0.0017166,0.0010994,0.00067862,0.00047778,0.00066413,0.00028992,0.0085069,0.0011398,0.0014901,0.0019196,0.002099,0.0032401,0.0048113,0.010183,0.035604,0.042033,0.011777,0.0066882,0.0054744,0.0047163,0.0042631,0.00416,0.0038872,0.063136,0.0067461,0.00498,0.0053622,0.0061866,0.0072738,0.0099211,0.013778,0.067022,0.059728,0.089603,0.016561,0.0095821,0.0063799,0.0043323,0.0060936,0.0043278,0.061879,0.0036871,0.0020176,0.0018272,0.0020786,0.0015214,0.0024748,0.0030674,0.0091621,0.015637,0.0085237,0.0021239,0.00075549,0.00076051,0.00041892,0.00031586,0.00037004,0.015915,0.0024346,0.0014661,0.0018265,0.001781,0.0027276,0.0031688,0.0037989,0.015413,0.037649,0.015784,0.0022235,0.0021023,0.0016795,0.0014408,0.0013614,0.0013046,0.042247,0.015258,0.017379,0.017308,0.019119,0.023012,0.029503,0.046213,0.14387,0.1948,0.043028,0.016898,0.011409,0.0076969,0.0050747,0.0031184,0.0027791,0.061576,0.0023721,0.0023332,0.0017565,0.0020437,0.0016019,0.0025705,0.0040905,0.0062635,0.048523,0.0033746,0.0027993,0.0014912,0.001447,0.0014421,0.0013846,0.0010014,0.0072118,0.0020941,0.0023651,0.0023053,0.002626,0.0031188,0.0047068,0.0082775,0.024451,0.05883,0.0096881,0.0038216,0.0033309,0.0026319,0.0022181,0.0023928,0.0022488
0.001585,0.0051469,0.007331,0.0070226,0.007828,0.0097556,0.012335,0.019368,0.074342,0.0053527,0.033301,0.012548,0.0091456,0.0072161,0.0066925,0.0043469,0.0059186,0.037078,0.0039663,0.0029006,0.0024995,0.0027068,0.0028956,0.0041156,0.0048877,0.018506,0.0075624,0.012402,0.0042058,0.0022697,0.0016011,0.0013272,0.0011431,0.0011654,0.0057393,0.0034251,0.003811,0.0038357,0.0041733,0.0051443,0.0063542,0.0090863,0.027229,0.01835,0.020572,0.0079801,0.0046314,0.0035439,0.002724,0.0024328,0.002306,0.013117,0.039761,0.042102,0.044377,0.050092,0.058883,0.075603,0.11943,0.34121,0.17434,0.080526,0.043373,0.026929,0.016625,0.0097013,0.004611,0.0049306,0.03608,0.0022128,0.0020437,0.0020582,0.0019526,0.0022297,0.0032624,0.0045227,0.012925,0.012111,0.0020915,0.0012095,0.00077244,0.00051337,0.00066643,0.0013096,0.00052263,0.0062734,0.0010609,0.0016194,0.0018739,0.0020553,0.003247,0.0052304,0.009121,0.033737,0.056111,0.0099191,0.0072533,0.0059506,0.005013,0.0044115,0.0044403,0.0042706,0.058827,0.0033098,0.0024818,0.0028447,0.0037435,0.004733,0.0068706,0.014378,0.026872,0.06678,0.057551,0.0038115,0.0010895,0.0029396,0.00055229,0.00076013,0.0013008,0.040822,0.0018513,0.0023138,0.0019281,0.0022499,0.0023287,0.0025876,0.0034303,0.011329,0.0094732,0.0086616,0.0022611,0.0015923,0.00098768,0.00093847,0.00032179,0.00039674,0.014298,0.0034483,0.0028382,0.0030835,0.0034384,0.0040758,0.0047092,0.0051074,0.019325,0.018185,0.025276,0.0052523,0.0028622,0.0019528,0.0011633,0.0008922,0.00034714,0.027361,0.007126,0.0084216,0.0094181,0.012983,0.017101,0.02505,0.042046,0.14107,0.20131,0.030641,0.023098,0.01686,0.01384,0.014365,0.01063,0.0085241,0.033043,0.0055925,0.0050469,0.0051353,0.0045423,0.004089,0.0043156,0.0040687,0.004661,0.043591,0.0087815,0.0032604,0.0027198,0.0025397,0.0016152,0.00235,0.0029831,0.014651,0.0089236,0.0091388,0.0093507,0.0096743,0.010483,0.011737,0.014757,0.035159,0.071132,0.0036762,0.0021769,0.0032237,0.0037173,0.0040947,0.0040576,0.0039464
0.0030461,0.0052442,0.0028977,0.0033631,0.0043818,0.0069679,0.009992,0.01615,0.032799,0.013583,0.018653,0.01564,0.011051,0.0105,0.0084169,0.0086532,0.0077611,0.010966,0.0070091,0.0021391,0.0010821,0.00090981,0.00024117,0.0014064,0.0040585,0.010679,0.015032,0.0037304,0.0048329,0.0036303,0.0031978,0.0029335,0.0030231,0.0027104,0.0020199,0.0031444,0.0017032,0.001695,0.0023009,0.0027706,0.0039228,0.0069425,0.018734,0.017562,0.0082903,0.0071414,0.0048972,0.0040937,0.0035838,0.003461,0.0035115,0.046349,0.041011,0.041376,0.045874,0.050673,0.059509,0.077588,0.11692,0.34959,0.39025,0.083451,0.046563,0.02932,0.019241,0.014487,0.0089026,0.008381,0.016005,0.0059347,0.0032356,0.0017808,0.0022125,0.002841,0.0033766,0.0044492,0.012753,0.013777,0.0046155,0.0018683,0.0013739,0.00094505,0.00051667,0.00070042,0.00037957,0.00070191,0.0028199,0.0026146,0.0031406,0.0039464,0.0038241,0.0057326,0.011519,0.036336,0.041993,0.0078577,0.0052962,0.0040194,0.0032408,0.0032157,0.0031739,0.0029145,0.036885,0.0051896,0.0023014,0.003641,0.0040771,0.0061811,0.0088028,0.017216,0.04693,0.047721,0.093547,0.020591,0.013739,0.010319,0.0092079,0.0083808,0.0086023,0.022454,0.0073749,0.0025463,0.0025154,0.0020806,0.0015803,0.0019219,0.0025432,0.0079132,0.015126,0.0072247,0.0019079,0.0017173,0.0012052,0.00074246,0.00057342,0.00022887,0.0056954,0.0025847,0.00060688,0.00043892,0.0010562,0.00099994,0.0014885,0.0035828,0.011531,0.03858,0.011454,0.0025382,0.0015898,0.0015315,0.0014203,0.0013488,0.0014038,0.0022088,0.013788,0.014005,0.015283,0.015984,0.020218,0.027344,0.044837,0.12173,0.21539,0.04143,0.02423,0.016915,0.014378,0.012828,0.0091081,0.01022,0.014734,0.0064575,0.0029752,0.0026367,0.0012729,0.0011458,0.0014723,0.0014176,0.003674,0.050169,0.0032232,0.00041712,0.0010009,0.00092788,0.0011998,0.0011076,0.00075343,0.0067445,0.0025945,0.0029744,0.0030984,0.0029658,0.0042606,0.0055229,0.0096179,0.028127,0.055042,0.013368,0.0043064,0.002746,0.0021721,0.0019804,0.0014196,0.0015869
0.023211,0.010586,0.0037444,0.0026594,0.0029525,0.0048968,0.0084819,0.019153,0.047425,0.038793,0.031031,0.015529,0.011077,0.0083822,0.0075477,0.0077375,0.0071088,0.013947,0.0042055,0.0023171,0.0017451,0.0025262,0.0022049,0.003308,0.0048998,0.016878,0.0068084,0.013792,0.0043346,0.0032105,0.0027125,0.0024096,0.002071,0.0019112,0.00032808,0.0024839,0.0023828,0.0028082,0.0031597,0.0041489,0.0049358,0.0082329,0.031365,0.0078073,0.021034,0.0070031,0.0054476,0.0044874,0.0037231,0.0037475,0.0035859,0.022065,0.027018,0.029021,0.03151,0.036099,0.043996,0.059263,0.10058,0.34432,0.14299,0.066675,0.043292,0.031634,0.025568,0.022691,0.021535,0.017693,0.020451,0.0087561,0.004749,0.0028313,0.0032719,0.0030407,0.0031871,0.0050999,0.015473,0.0057065,0.0014765,0.0014715,0.0010089,0.00050866,0.00068317,0.00025225,0.000618,0.00013351,0.0022935,0.0029668,0.0031808,0.0037874,0.0048665,0.0068811,0.009791,0.041154,0.049466,0.012236,0.0064305,0.0048198,0.0041586,0.0038364,0.0036429,0.0034066,0.044516,0.0044478,0.0023206,0.0022498,0.0036612,0.0052719,0.0095987,0.021337,0.029089,0.064388,0.051753,0.01321,0.010298,0.008205,0.009023,0.009238,0.00696,0.012757,0.0079883,0.0030322,0.0017953,0.0011016,0.0011077,0.0013196,0.0030956,0.012036,0.017009,0.010982,0.0044824,0.0030843,0.0032141,0.0020444,0.0022802,0.0022278,0.0055714,0.003091,0.0016411,0.0016699,0.001777,0.0016752,0.0032964,0.0042968,0.020339,0.029645,0.026805,0.0051555,0.0041865,0.0035866,0.0032414,0.0028784,0.0027676,0.001997,0.019034,0.018048,0.019836,0.02269,0.02669,0.035088,0.055894,0.14511,0.18952,0.024269,0.01774,0.010428,0.0063561,0.0026827,0.004458,0.002367,0.0065347,0.0017134,0.0015203,0.00089341,0.0003658,0.00083661,0.00070553,0.0015647,0.004342,0.0425,0.0034909,0.0029787,0.0024041,0.0021906,0.002547,0.0011906,0.0013848,0.0021496,0.0046767,0.0045622,0.0052258,0.005812,0.006402,0.0079832,0.011632,0.040526,0.070862,0.010581,0.007601,0.0053798,0.004229,0.0034007,0.0031075,0.0030003
0.073247,0.0031411,0.0053243,0.0068111,0.0080746,0.0090724,0.011107,0.01895,0.069073,0.030934,0.019944,0.0074042,0.0043381,0.0025525,0.0011199,0.0018039,0.00032044,0.02269,0.0025259,0.0019799,0.0019831,0.0027971,0.0027205,0.0034136,0.0048686,0.016895,0.010485,0.0079915,0.0025934,0.0016399,0.0014838,0.00087166,0.0010104,0.00062178,0.0043126,0.0023677,0.0027724,0.0028076,0.0034617,0.0039159,0.0044164,0.007022,0.020071,0.027565,0.011959,0.003453,0.0019399,0.0013477,0.00055643,0.00038663,0.00036051,5.7146e-06,0.02186,0.026402,0.041286,0.040906,0.01373,0.050496,0.15663,0.49922,0.18077,0.10441,0.11928,0.093838,0.050917,0.030777,0.055527,0.064117,0.059369,0.0028263,0.0013962,0.0012728,0.0014563,0.00042499,0.0017522,0.004299,0.016455,0.0062647,0.0035268,0.0035995,0.0037076,0.0024484,0.0010238,0.0019209,0.0020447,0.0063573,0.0023312,0.0032812,0.0033201,0.001957,0.0015958,0.00662,0.011139,0.035931,0.006147,0.01104,0.01025,0.0066752,0.0037762,0.0030609,0.0042094,0.0045605,0.072425,0.0015149,0.00089008,0.002293,0.0030454,0.0022528,0.0023031,0.0011918,0.055441,0.056235,0.071622,0.012444,0.0057846,0.00082546,0.0036443,0.00097921,0.0032368,0.046033,0.0026028,0.00052396,0.00072759,0.0014537,0.00063438,0.00062789,0.00092638,0.0049851,0.016415,0.0082,0.0025154,0.0018418,0.0012356,0.00098967,0.0011293,0.0010109,0.017737,0.00041577,0.00093473,0.00098856,0.0012122,0.0024063,0.0031135,0.0043362,0.016104,0.026718,0.023847,0.0061859,0.0046144,0.0039174,0.0033196,0.0027869,0.0031338,0.082637,0.024088,0.028812,0.030177,0.035421,0.040877,0.051249,0.077403,0.23276,0.24681,0.073703,0.033827,0.018188,0.01161,0.0058182,0.0086641,0.0025616,0.012076,0.0016502,0.0019223,0.0027756,0.0020796,0.0026309,0.0032604,0.005461,0.013251,0.039267,0.0037336,0.0044541,0.0032828,0.0028432,0.002176,0.0045329,0.002142,0.003109,0.00018696,0.00013199,0.00015346,0.00027509,0.0004469,0.00034737,0.0020355,0.013192,0.0401,0.0038846,0.00044365,0.00059236,0.00017855,0.00036121,0.00029838,0.00021363
0.039445,0.0056407,0.0051825,0.0061032,0.006618,0.0071306,0.010191,0.015343,0.047064,0.079526,0.017053,0.0089527,0.0057972,0.0050928,0.0040178,0.0033287,0.0039445,0.022618,0.0022243,0.0021495,0.0017584,0.002296,0.0036736,0.0042198,0.0071255,0.018236,0.016148,0.012186,0.0057395,0.0040536,0.0032178,0.0027528,0.0023343,0.0025559,0.0015106,0.0010063,0.00080215,0.0010924,0.0010337,0.0015825,0.0024137,0.0034641,0.013432,0.022096,0.01128,0.0052969,0.0035534,0.0029726,0.0024941,0.0022561,0.0022583,0.063294,0.05021,0.051614,0.053892,0.060961,0.071853,0.092161,0.14095,0.32824,0.5236,0.13356,0.07271,0.049442,0.037086,0.0305,0.026369,0.024754,0.042689,0.0039232,0.0023558,0.0015034,0.0021521,0.0022288,0.0024745,0.0037244,0.009924,0.014086,0.0034979,0.0026585,0.0018187,0.0015577,0.0014773,0.0014991,0.00073054,0.0068971,0.0030932,0.0030212,0.0035149,0.0038204,0.0053526,0.007601,0.011617,0.034654,0.057518,0.019883,0.011218,0.0085432,0.0071422,0.006374,0.006076,0.0058061,0.066596,0.012373,0.0092964,0.015371,0.011856,0.019414,0.015238,0.035575,0.036838,0.062221,0.079127,0.022668,0.0091527,0.0095249,0.0051984,0.0057665,0.0013523,0.031052,0.0036965,0.00206,0.00098374,0.0011065,0.0021574,0.00095529,0.0049872,0.0021202,0.019901,0.0011306,0.0045243,0.0011428,0.0030093,0.00073866,0.0023857,0.0010452,0.010481,0.004524,0.00052527,0.0049254,0.00073502,0.0063285,0.0010755,0.012918,0.0037428,0.049059,0.01712,0.0057466,0.0026843,0.0032109,0.0019715,0.0021568,0.0017681,0.022721,0.010561,0.012166,0.012665,0.013501,0.016414,0.020056,0.029132,0.054182,0.12859,0.045821,0.021775,0.015072,0.01065,0.009018,0.011355,0.010235,0.011822,0.0017605,0.0016033,0.0006916,0.0017009,0.0021264,0.0032615,0.0055089,0.016111,0.042366,0.0067955,0.0052624,0.0040996,0.0034589,0.0031629,0.0020162,0.0029297,0.0018712,0.0013345,0.0018412,0.0020568,0.0025206,0.0036595,0.0057681,0.0091203,0.032782,0.064464,0.012945,0.0098049,0.0074893,0.0065468,0.005937,0.0052775,0.0055524
0.035529,0.0042221,0.003375,0.0042452,0.0049616,0.0060023,0.0079721,0.011963,0.021462,0.06537,0.016219,0.0090757,0.0067992,0.0062627,0.0046778,0.0038511,0.0044308,0.0072004,0.0024718,0.0018767,0.0018825,0.0018617,0.0025969,0.0031381,0.0048177,0.010936,0.027839,0.0043648,0.0023021,0.0012697,0.0007964,0.0004842,0.00052084,0.00035668,0.0014305,0.00078942,0.00064887,0.00051051,0.00099153,0.00092368,0.0012164,0.0018023,0.0057647,0.030932,0.0042898,0.0018972,0.0011431,0.00082953,0.00083585,0.00071741,0.0007248,0.0068704,0.023726,0.025197,0.029592,0.036114,0.045911,0.065364,0.1099,0.32554,0.48794,0.15647,0.096611,0.073778,0.062248,0.0557,0.055357,0.052556,0.021927,0.0025385,0.0016928,0.0016403,0.0013946,0.001752,0.0022451,0.0035289,0.010268,0.018943,0.002402,0.0021836,0.0019004,0.0015406,0.0012697,0.0007008,0.0011978,0.0036545,0.0014967,0.0017712,0.002339,0.0033639,0.0048031,0.0075057,0.013459,0.038103,0.064286,0.0227,0.013686,0.010673,0.009061,0.0080537,0.0076896,0.0076562,0.057233,0.0012359,0.0010925,0.001505,0.0020907,0.0022149,0.0042351,0.0093392,0.033703,0.1458,0.044576,0.0091302,0.0055091,0.0032858,0.0019674,0.001518,0.00090409,0.014555,0.0027613,0.0015673,0.0015418,0.0010829,0.0020668,0.0021319,0.0037943,0.010878,0.024309,0.0051314,0.0022662,0.0025791,0.0015858,0.0016639,0.001375,0.0013409,0.002987,0.0033687,0.0031654,0.003652,0.0042515,0.0051834,0.0069721,0.0091924,0.029647,0.035208,0.020743,0.010171,0.0070582,0.0055653,0.0052372,0.0045399,0.0043145,0.020369,0.0030254,0.0045847,0.00053202,0.0058698,0.0081242,0.0029736,0.014023,0.053635,0.044334,0.027138,0.023875,0.012091,0.0073928,0.012037,0.010897,0.0056363,0.004942,0.0026005,0.001579,0.0033958,0.0043742,0.0031099,0.002827,0.011129,0.026677,0.020308,0.011895,0.0093137,0.003656,0.0024362,0.004885,0.0035057,0.0011769,0.003788,0.0031453,0.0033188,0.0013078,0.0061604,0.0071195,0.0020746,0.021154,0.061265,0.040455,0.028043,0.023335,0.0090272,0.0061976,0.013392,0.010661,0.00051119
0.012848,0.0035135,0.0046043,0.0050774,0.0051447,0.0076039,0.010512,0.014874,0.052946,0.017831,0.035858,0.016661,0.012309,0.0099635,0.0089349,0.0073967,0.0087205,0.017594,0.010007,0.0038701,0.0028425,0.0022886,0.0036625,0.003104,0.0048672,0.0165,0.013753,0.012206,0.0060536,0.0046494,0.003849,0.0033317,0.0032421,0.0032998,0.0098974,0.0042705,0.0026925,0.0025867,0.0030355,0.0034436,0.0046378,0.0053476,0.013377,0.013538,0.017033,0.0069203,0.00466,0.0035779,0.0031517,0.0029676,0.0026989,0.019146,0.017674,0.018158,0.021725,0.02785,0.037793,0.055674,0.099324,0.23145,0.48449,0.13981,0.089222,0.069363,0.058584,0.053208,0.048731,0.048951,0.0058003,0.0067213,0.0033928,0.0021702,0.0013714,0.00099367,0.0016271,0.0027902,0.0082011,0.022872,0.0049045,0.0030434,0.0027587,0.002356,0.0021971,0.0021281,0.0032826,0.0080281,0.0052027,0.0050066,0.0054855,0.0065687,0.0067374,0.0091256,0.014127,0.043397,0.065609,0.015849,0.010064,0.0073067,0.0057782,0.0052648,0.0044603,0.0048085,0.070661,0.0050525,0.0038229,0.0039256,0.0028913,0.004561,0.0054485,0.015086,0.047732,0.1366,0.03383,0.0082658,0.0056282,0.0035792,0.0074399,0.0048146,0.0043297,0.016306,0.0090828,0.0042824,0.0034206,0.0029023,0.0030823,0.0039123,0.0049165,0.01515,0.011307,0.0096498,0.0040211,0.002859,0.0023264,0.0019698,0.0018777,0.0016422,0.0021057,0.0034302,0.0020047,0.002224,0.0027902,0.003634,0.0052529,0.0076364,0.036011,0.018097,0.022905,0.012034,0.0088652,0.0075674,0.0066944,0.0064629,0.0060235,0.0044976,0.0057854,0.0051787,0.0048512,0.0061642,0.0074481,0.01096,0.017559,0.061533,0.041859,0.03481,0.019132,0.013724,0.011499,0.010636,0.0090392,0.010193,0.027785,0.0098053,0.0048349,0.0033035,0.0029653,0.0028987,0.0037467,0.0054319,0.014948,0.023664,0.0054404,0.0046689,0.0035805,0.0028126,0.0027295,0.0023243,0.0027638,0.0042992,0.0023175,0.0023496,0.0026778,0.0030348,0.0057612,0.0075952,0.011808,0.047686,0.072022,0.015088,0.011232,0.0087866,0.007385,0.0066522,0.0065073,0.0062791
0.018029,0.0059854,0.0053142,0.0049666,0.0065596,0.0078216,0.010924,0.015829,0.062009,0.045016,0.026715,0.011495,0.0087128,0.0054629,0.0082454,0.0047219,0.0042344,0.061303,0.0016028,0.0016645,0.0024398,0.0028164,0.0031845,0.0036063,0.0067909,0.021817,0.0085838,0.011863,0.0050813,0.0039076,0.002801,0.0027765,0.0023029,0.0023003,0.018969,0.0039358,0.0022779,0.002473,0.003277,0.002989,0.0031419,0.0040762,0.018227,0.018229,0.017407,0.005355,0.0036957,0.0027392,0.0023985,0.0021043,0.001936,0.1035,0.040753,0.045599,0.050367,0.055892,0.066762,0.087819,0.13532,0.37214,0.5129,0.12586,0.074591,0.052815,0.041104,0.035591,0.029354,0.029986,0.033688,0.0031651,0.0020702,0.0022156,0.0023342,0.0026103,0.0036143,0.0048807,0.011903,0.016273,0.0048502,0.0030272,0.0020871,0.0014248,0.0014932,0.0018859,0.0020485,0.0040971,0.0063362,0.0062666,0.0066197,0.0067841,0.0085681,0.010594,0.01674,0.041397,0.061532,0.015491,0.0071327,0.0045538,0.0031048,0.0018873,0.00079477,0.00073244,0.085964,0.0073333,0.0039376,0.0041951,0.0055196,0.0079566,0.010476,0.021918,0.059659,0.11446,0.049124,0.01497,0.010507,0.0094981,0.005894,0.006014,0.0063344,0.047272,0.0035733,0.0014416,0.0015013,0.0010275,0.0023392,0.0032666,0.0042978,0.016567,0.0050086,0.011895,0.0056591,0.0037438,0.003294,0.0030655,0.0028195,0.002594,0.015454,0.00060851,0.0017184,0.0019634,0.0024787,0.0035476,0.0045624,0.0085997,0.037354,0.02482,0.023854,0.010573,0.0081596,0.0067936,0.0061804,0.0056574,0.0055238,0.0098039,0.0028247,0.0046574,0.0049248,0.0056484,0.0088581,0.012804,0.020993,0.11407,0.11636,0.034591,0.018843,0.013696,0.012086,0.011204,0.0091707,0.010521,0.064063,0.005775,0.0034197,0.0029257,0.0030326,0.0032915,0.0047703,0.0061234,0.014335,0.02877,0.0058905,0.002591,0.0020037,0.0013631,0.0010439,0.0003788,0.00030709,0.016468,0.0051827,0.0057021,0.0060508,0.0073447,0.0074177,0.0099394,0.014446,0.033302,0.065381,0.015544,0.0072818,0.0050437,0.0034139,0.0023935,0.0020984,0.0019188
0.0060693,0.0014467,0.00078159,0.001828,0.0024322,0.0024098,0.0038398,0.0070392,0.024982,0.065989,0.0066964,0.0040201,0.0032291,0.0030041,0.0027208,0.0031088,0.0022545,0.033743,0.0043355,0.0026601,0.0018359,0.0019443,0.0024402,0.0026802,0.0041525,0.0075334,0.025617,0.0062638,0.0027056,0.0016594,0.0011566,0.0010593,0.0009043,0.00081446,0.011755,0.0018656,0.0012583,0.0012867,0.001402,0.0015326,0.0020189,0.0012869,0.011852,0.034275,0.0066445,0.0028596,0.0016301,0.001294,0.0010893,0.00096055,0.00087549,0.0083238,0.041868,0.044777,0.047037,0.052563,0.061989,0.079276,0.1146,0.28687,0.37163,0.098685,0.051433,0.030377,0.019427,0.012239,0.0075332,0.0040589,0.026902,0.0022539,0.0020185,0.0019037,0.0023664,0.0025424,0.0032874,0.0044085,0.011804,0.014924,0.0036748,0.0023918,0.0014238,0.0009002,0.00079976,0.00074491,0.0009346,0.0081655,0.0029889,0.0032203,0.0035834,0.0042825,0.0054889,0.0072398,0.013706,0.032056,0.060838,0.019786,0.011327,0.0082228,0.0069387,0.006199,0.0055117,0.0055753,0.072343,0.0089824,0.0086123,0.0088687,0.0093792,0.01053,0.012315,0.01512,0.01784,0.084627,0.058697,0.017885,0.0090435,0.0048812,0.0033803,0.00073469,0.00059128,0.034531,0.0026457,0.00099544,0.00084472,0.00041117,0.00033826,0.0008664,0.0012099,0.0067547,0.019556,0.0075113,0.0045493,0.0028056,0.0024652,0.0019485,0.0020448,0.0019951,0.0089074,0.0012506,0.00084266,0.0010984,0.0016415,0.0016255,0.0023949,0.0045128,0.016689,0.048175,0.014637,0.0062055,0.0045724,0.0037129,0.00323,0.0031732,0.0031281,0.015763,0.0074013,0.0072952,0.0081576,0.010125,0.012404,0.015714,0.023373,0.072456,0.11569,0.021795,0.011829,0.0096529,0.0072298,0.0067625,0.0051394,0.0045586,0.039435,0.0042555,0.0023033,0.0019043,0.00085193,0.00060988,0.00093118,0.0018216,0.0050436,0.040914,0.0078702,0.0039301,0.0028182,0.002352,0.0018645,0.0021896,0.0023365,0.0035535,0.0031993,0.0034202,0.0038033,0.0045129,0.0055893,0.0073634,0.013147,0.030529,0.081798,0.017922,0.0099575,0.007286,0.0058635,0.0051023,0.0050394,0.004797
0.0012169,0.0034652,0.0040732,0.0039205,0.0052496,0.0049513,0.0072565,0.011984,0.028862,0.027353,0.011605,0.0074487,0.0049315,0.0034493,0.003416,0.0036908,0.0031853,0.010683,0.0026939,0.001384,0.00085048,0.00063979,0.0010477,0.00074909,0.0020928,0.0057209,0.013895,0.0027861,0.0013199,0.0010361,0.0010579,0.0010715,0.00092881,0.00079156,0.0033436,0.0025063,0.002244,0.0024156,0.0027595,0.0030965,0.0041908,0.0061874,0.012134,0.029771,0.0072157,0.0036074,0.0025197,0.0020694,0.0018343,0.0013752,0.0014858,0.043177,0.031987,0.032382,0.035164,0.039991,0.046285,0.058959,0.091145,0.22964,0.1757,0.074459,0.039532,0.024688,0.017765,0.013344,0.010644,0.0084401,0.010792,0.0020507,0.0016613,0.0011276,0.0012602,0.0016736,0.0022101,0.0033505,0.0095132,0.0151,0.0013264,0.0012023,0.00054505,0.0006239,0.00090556,0.00098814,0.00071336,0.0015106,0.0011277,0.0012698,0.0016259,0.0019642,0.002726,0.0043272,0.0071574,0.021657,0.046376,0.013859,0.0078333,0.0057342,0.0049614,0.0045708,0.004418,0.004139,0.037512,0.0086548,0.010771,0.010148,0.011029,0.013286,0.016175,0.0235,0.037344,0.029354,0.073788,0.025869,0.01653,0.010754,0.010013,0.0076332,0.0086004,0.020142,0.0029195,0.0017199,0.0015738,0.0015752,0.0018142,0.0025935,0.0034895,0.0066562,0.0047974,0.0059793,0.0023884,0.0013394,0.00084218,0.00045334,0.0005032,0.00045016,0.0031453,0.00090342,0.00062517,0.00065707,0.00088426,0.0010149,0.00071848,0.0021712,0.0047492,0.025973,0.0071214,0.0016759,0.0010082,0.00061381,0.00055199,0.00072879,0.00051308,0.0012207,0.0080768,0.0083922,0.0096406,0.011385,0.013987,0.020189,0.035463,0.095879,0.24091,0.053964,0.031695,0.023416,0.020425,0.020133,0.013833,0.013893,0.015976,0.0035545,0.0023139,0.0013594,0.0018032,0.0019423,0.0030298,0.0041604,0.0085,0.036356,0.010304,0.0045892,0.0027141,0.0023819,0.0012393,0.0027273,0.0023804,0.00055124,0.0025946,0.0027429,0.0032012,0.0036026,0.0043912,0.0057651,0.009033,0.019882,0.064397,0.015098,0.0075719,0.005335,0.0042692,0.0038565,0.0032871,0.0032063
0.0030651,0.0021159,0.0022162,0.0021506,0.0028366,0.0043236,0.0050267,0.0090849,0.025454,0.02042,0.025415,0.012012,0.0078316,0.0065231,0.0080979,0.0062145,0.0051175,0.0029698,0.0025681,0.0014618,0.0013025,0.0016242,0.0012657,0.0017963,0.0031657,0.0069925,0.012306,0.0084721,0.0033432,0.0023829,0.0019029,0.0017297,0.0014894,0.0016003,0.0061284,0.0021647,0.0023023,0.0023578,0.0029009,0.0034998,0.0045686,0.008068,0.013807,0.021576,0.016896,0.0072425,0.0048987,0.0040292,0.0033909,0.0027369,0.0028859,0.030591,0.029946,0.031798,0.033843,0.03886,0.046393,0.060138,0.089816,0.23875,0.37861,0.093849,0.055328,0.039785,0.031852,0.027426,0.024941,0.023697,0.0057488,0.00088269,0.0011203,0.0018648,0.0007311,0.001201,0.0014528,0.0022117,0.0081472,0.014389,0.0020572,0.0018723,0.001212,0.0012183,0.001089,0.0010776,0.00081636,0.0023442,0.0010297,0.0010157,0.0010526,0.0013149,0.0017983,0.0025323,0.0039216,0.011589,0.0013794,0.0051015,0.0024633,0.0017917,0.0015071,0.001269,0.0013936,0.0012951,0.035204,0.0029748,0.0015948,0.00078171,0.0025516,0.0036917,0.0060643,0.0099676,0.013843,0.066378,0.064928,0.020962,0.013552,0.011981,0.0093861,0.009786,0.0091039,0.009493,0.00169,0.00066627,0.00080295,2.4904e-05,0.00056819,0.0004997,0.00053096,0.0016518,0.021149,0.0052154,0.0018149,0.0010005,0.00089358,0.0004668,0.00055231,0.00057031,0.00092318,0.0020179,0.0020188,0.0022139,0.0025012,0.0025885,0.0033032,0.0039707,0.01174,0.037846,0.015376,0.0055148,0.0033956,0.0025608,0.0020554,0.0021245,0.0018464,0.0032597,0.013745,0.014994,0.015729,0.017523,0.0217,0.027911,0.045728,0.10926,0.24797,0.063477,0.033727,0.024566,0.020502,0.017554,0.014253,0.015578,0.001421,0.0033669,0.0027194,0.0020949,0.0027188,0.0032346,0.0040561,0.0056884,0.011789,0.04034,0.0095122,0.0041467,0.0025765,0.0018873,0.0018635,0.0017246,0.0012989,0.002924,0.0014803,0.0013978,0.0012543,0.0018171,0.0017491,0.0023445,0.0019913,0.007297,0.037164,0.010836,0.0041471,0.0028133,0.0021697,0.0017298,0.0018057,0.0017567
0.0016938,0.0012737,0.0011553,0.0012423,0.0026095,0.0031428,0.0046579,0.0071847,0.021746,0.036938,0.021413,0.011055,0.007133,0.004958,0.0069348,0.0050894,0.0049058,0.016577,0.0015375,0.00021271,0.00019521,0.00031808,0.0012268,0.0024105,0.0030985,0.01019,0.00061528,0.01376,0.0060615,0.004425,0.0035847,0.0034511,0.00317,0.0030613,0.0072175,0.00037436,0.0005154,0.00056355,0.00090766,0.0012636,0.0016052,0.0017976,0.0052603,0.03023,0.012899,0.0047378,0.0032701,0.0027707,0.0022146,0.0019848,0.0018997,0.010746,0.066935,0.074179,0.0078491,0.079527,0.10649,0.02211,0.17223,0.49422,0.24176,0.18854,0.11564,0.023073,0.056616,0.042345,0.024239,0.041283,0.0030919,0.0024866,0.0020077,0.00030967,0.0023301,0.0030419,0.00040381,0.0049213,0.013875,0.0043529,0.0033754,0.0032694,0.00042067,0.0010642,0.00086334,0.00049005,0.0012226,0.0020676,0.0028261,0.0028171,4.9743e-05,0.0033537,0.0041912,0.00083043,0.0084655,0.023465,0.021732,0.012103,0.0050172,0.0021723,0.0034243,0.0024488,0.0019665,0.0024758,0.025271,0.00089069,0.00078129,0.00047222,0.0017654,0.0025798,0.004052,0.00066945,0.016131,0.085546,0.051012,0.014875,0.0084651,0.0047979,0.0009315,0.0017416,0.0020275,0.00068858,0.0011693,0.00076773,0.0010013,0.00088005,0.0018436,0.0017455,0.00095458,0.0042353,0.010464,0.0077076,0.0038234,0.002006,0.00046321,0.0013064,0.0019536,0.002203,0.0041085,0.0035083,0.0024913,0.0029537,0.0046577,0.0060461,0.0055119,0.0059591,0.014562,0.019353,0.031132,0.012063,0.0049647,0.00080316,0.0029036,0.0044865,0.0052567,0.020005,0.030872,0.01466,0.03076,0.026498,0.031516,0.052768,0.036559,0.19717,0.046317,0.10031,0.019789,0.031756,0.019778,0.012022,0.018562,0.0039788,0.015021,0.0070503,0.0021537,0.0071395,0.0055656,0.0059098,0.010954,0.0048662,0.037951,0.013974,0.01623,0.0062478,0.0037565,0.0036097,0.00090399,0.0011102,2.0977e-05,0.0019932,0.0058959,0.0024751,0.0054347,0.0051449,0.0053429,0.009693,0.0047522,0.033174,0.018147,0.017314,0.0056863,0.0046206,0.0040594,0.0014887,0.0033501,3.2425e-05
0.00094224,0.0021225,0.0017661,0.0020525,0.0025328,0.0027519,0.0046388,0.0077311,0.0094545,0.050824,0.0052595,0.0024576,0.0019095,0.0022074,0.00053248,0.0013199,0.00078205,0.021284,0.00059125,0.00099163,0.00095273,0.00046941,0.0013576,0.0015559,0.0032379,0.0066855,0.01813,0.0061265,0.0027707,0.0022318,0.0016905,0.0018484,0.0015518,0.0015354,0.0076906,0.0014741,0.00155,0.0015023,0.001476,0.0019916,0.0026679,0.0031655,0.0080055,0.01479,0.0048421,0.0028038,0.0015598,0.0010793,0.0010921,0.00082698,0.00075152,0.046366,0.02999,0.031611,0.035812,0.040857,0.050237,0.067446,0.10815,0.25735,0.55276,0.14642,0.084839,0.06375,0.051611,0.045606,0.043793,0.042708,0.0042153,0.0012877,0.00094479,0.00090148,0.0014733,0.0016735,0.0020996,0.0029377,0.0069076,0.018053,0.0023993,0.001681,0.0010243,0.001065,0.0010022,0.00055905,1.1425e-05,0.0017166,0.0012227,0.0013807,0.0014426,0.0020336,0.0023445,0.0034118,0.0054155,0.016599,0.031054,0.011516,0.0067441,0.0050999,0.0043289,0.0037348,0.003521,0.0032998,0.022744,0.0032086,0.003298,0.0036563,0.004567,0.0067944,0.0091896,0.0098351,0.047344,0.095259,0.076197,0.024335,0.017699,0.010326,0.010289,0.0099015,0.012085,0.0031548,0.00062728,0.00095799,0.00099709,0.0010373,0.0010227,0.0018922,0.0031569,0.0094184,0.018945,0.0023885,0.0024379,0.0018063,0.001687,0.0014149,0.001601,0.0014572,0.0026646,0.0039617,0.0042674,0.0047567,0.0051434,0.0056659,0.0068071,0.012276,0.024775,0.030431,0.01631,0.0064185,0.0036445,0.0022034,0.0015709,0.0012021,0.00081827,0.0050794,0.01635,0.017013,0.018607,0.020286,0.023493,0.029275,0.041193,0.092991,0.17918,0.050237,0.022553,0.013111,0.0080141,0.0053419,0.0022952,0.00044823,0.017056,0.0029026,0.002468,0.0029394,0.0026958,0.0032566,0.0044907,0.0066352,0.016067,0.037783,0.0082255,0.0039542,0.0027286,0.0021429,0.0017127,0.0019856,0.0017243,0.0027981,0.0034966,0.0037213,0.0038754,0.0043155,0.0050288,0.0062561,0.0086858,0.023483,0.040487,0.01003,0.0043291,0.0028101,0.001828,0.0011876,0.00083643,0.00079918
0.0054208,0.0035899,0.0037079,0.0044508,0.0046916,0.0056803,0.0068911,0.010298,0.027784,0.024721,0.025878,0.010946,0.0077616,0.0055727,0.0065669,0.004499,0.0052301,0.020789,0.0015493,0.0014347,0.0017481,0.0018694,0.0020199,0.0023275,0.0034691,0.0097142,0.019427,0.0069679,0.0023736,0.0017324,0.0011856,0.00093177,0.00081847,0.00087168,0.0094625,0.00030346,0.00060874,0.000886,0.0010947,0.0012901,0.0018831,0.004032,0.0037187,0.024445,0.015255,0.006095,0.0041649,0.0033777,0.003139,0.0026279,0.0027333,0.031991,0.017247,0.018239,0.024189,0.029753,0.039814,0.057535,0.10038,0.27139,0.56445,0.15082,0.095153,0.073089,0.061978,0.055383,0.053631,0.052113,0.0031968,0.00012804,0.00061427,0.00026267,0.00094666,0.0010459,0.0017431,0.0024671,0.0071937,0.018981,0.0019908,0.0018533,0.0016196,0.0012034,0.0013613,0.0013451,0.0012779,0.0023995,0.0010962,0.0010993,0.0010871,0.001723,0.0019853,0.0030139,0.0058051,0.014742,0.030721,0.0058351,0.004128,0.0031873,0.0026912,0.0026506,0.0023553,0.0023499,0.014263,0.0074866,0.0075512,0.0071976,0.0082564,0.0099159,0.013427,0.020321,0.052595,0.088382,0.063706,0.019776,0.012355,0.0093104,0.0047057,0.0072765,0.0056229,0.00034907,0.00042291,0.00072668,0.00098805,0.0017464,0.0012152,0.0018347,0.0022028,0.00951,0.023438,0.0028393,0.00015861,0.00027187,0.00049584,0.00046817,0.00023607,0.00013924,0.0039349,0.0026182,0.0026654,0.0029715,0.0037415,0.0044584,0.0056934,0.0088964,0.025865,0.036976,0.019195,0.0088566,0.0060299,0.0048865,0.0042929,0.0039881,0.0038281,0.023039,0.010625,0.012141,0.012462,0.015368,0.019829,0.027769,0.049856,0.12104,0.21016,0.070855,0.041312,0.030799,0.02515,0.02351,0.019884,0.020098,0.016613,0.00050574,0.00063813,0.0013388,0.0012397,0.0018794,0.0031369,0.0056393,0.015457,0.029262,0.0091082,0.0054023,0.0042575,0.0035547,0.0031609,0.0044051,0.0038071,0.0021076,0.0021896,0.0019541,0.0024231,0.0029156,0.0032606,0.0044136,0.0088034,0.022347,0.036494,0.010102,0.0052586,0.0040971,0.0035407,0.0030419,0.0029959,0.0029011
0.0027695,0.0038441,0.0046024,0.0045711,0.0053783,0.0057844,0.0075952,0.011623,0.036557,0.016351,0.019252,0.008807,0.0049818,0.0033025,0.0045948,0.0019384,0.0025788,0.01887,0.0017644,0.0016827,0.0015595,0.0017379,0.0029084,0.0032786,0.0045182,0.013067,0.0088323,0.010525,0.004046,0.0023758,0.0016946,0.0013769,0.0011423,0.0010128,0.0077573,0.00095736,0.00095172,0.00081143,0.0010562,0.0011324,0.0012631,0.0015853,0.0031276,0.033198,0.010722,0.0033707,0.0020059,0.0015387,0.001092,0.0010756,0.0010014,0.026394,0.042649,0.044506,0.047614,0.052666,0.06207,0.079616,0.11763,0.28573,0.48068,0.1067,0.056032,0.036159,0.025997,0.019735,0.015989,0.013886,0.0064412,0.00094472,0.001454,0.0015096,0.002182,0.0022359,0.0028517,0.0040843,0.0086343,0.013459,0.0033594,0.0019703,0.001387,0.00086253,0.00044925,0.0013658,0.0010166,0.002058,0.00072704,0.00052321,0.00059646,0.0007763,0.00068403,0.0011217,0.0027082,0.0073901,0.013281,0.0039,0.00078608,0.00053811,0.00027406,5.0304e-05,0.0003128,7.0576e-05,0.032807,0.010862,0.011071,0.012604,0.013071,0.014887,0.018954,0.024891,0.066579,0.045378,0.067715,0.019674,0.011159,0.0081086,0.0064271,0.0020322,0.0033112,0.0038548,0.0013628,0.0017268,0.0015165,0.001607,0.002159,0.0033775,0.0048985,0.011598,0.011648,0.0012594,0.0018072,0.00086331,0.00068291,0.0005672,0.00029218,0.0002041,0.0024338,0.0022178,0.0025241,0.0026816,0.0033488,0.0042024,0.0050413,0.0094813,0.02705,0.02578,0.020246,0.0092499,0.0062408,0.0051355,0.00443,0.0041375,0.0040551,0.014868,0.0042088,0.0053152,0.0084965,0.012342,0.017993,0.027545,0.052943,0.15843,0.24482,0.082697,0.050359,0.03893,0.033518,0.030424,0.029566,0.031439,0.019934,0.0015188,0.0016841,0.0026243,0.0024763,0.0030988,0.0041028,0.0066259,0.017262,0.018129,0.011079,0.0051635,0.0038235,0.0030946,0.002489,0.0032033,0.0024929,0.001133,0.0009362,0.0010445,0.0011842,0.0017823,0.002403,0.0035185,0.0070088,0.021324,0.024178,0.011306,0.005813,0.0047764,0.0040926,0.0037407,0.0033071,0.0031052
0.005621,0.0026942,0.0034433,0.0036596,0.0032552,0.004449,0.0056688,0.010397,0.016213,0.017947,0.0062422,0.003961,0.0032505,0.0037352,0.0020259,0.00086229,0.0012417,0.020552,0.00094603,0.0014096,0.0011172,0.0016751,0.0024052,0.0021433,0.0039661,0.0087188,0.0046493,0.0026634,0.0017851,0.0011081,0.00081481,0.00057452,0.0003686,0.00034905,0.0082857,0.00039979,0.00046907,0.0008994,0.0012395,0.0014035,0.0025283,0.0048841,0.010929,0.017847,0.0067874,0.0047379,0.0036903,0.0031477,0.0028216,0.0027221,0.0028458,0.041388,0.025733,0.027542,0.028611,0.032599,0.038633,0.049997,0.075883,0.18104,0.32549,0.086049,0.047941,0.031871,0.025484,0.02155,0.020909,0.018797,0.0024624,0.0012228,0.00083394,0.00057822,0.00090951,0.0012838,0.0017103,0.0022575,0.0061723,0.018395,0.0018396,0.001339,0.0012356,0.00091049,0.00087851,0.00096625,7.4383e-05,0.0035057,0.0008091,0.00091306,0.0010306,0.0011368,0.001754,0.0020716,0.003329,0.012046,0.020044,0.0039227,0.0018875,0.0015134,0.001173,0.0010859,0.0010927,0.0013504,0.0078355,0.013489,0.015023,0.015789,0.016729,0.01929,0.023409,0.032426,0.087636,0.051848,0.077842,0.026298,0.014462,0.0074733,0.005054,0.0037704,0.00052262,0.00091743,0.0011146,0.0013096,0.0010864,0.0017261,0.0022164,0.0029315,0.0041534,0.012883,0.007457,0.0049872,0.0023599,0.0020323,0.0016942,0.0014876,0.001375,0.0013981,0.0026818,0.0023546,0.0023411,0.0026872,0.002948,0.0032384,0.0042635,0.0080975,0.02438,0.019319,0.0085707,0.0034298,0.0022988,0.0017122,0.0016198,0.001316,0.0013161,0.0018521,0.016067,0.014563,0.016312,0.019297,0.024059,0.032578,0.050451,0.1352,0.21933,0.060891,0.037914,0.028264,0.023589,0.020356,0.018151,0.016424,0.015225,0.0029774,0.0027653,0.0026557,0.0031047,0.0034775,0.0046425,0.0064869,0.017529,0.01773,0.0096028,0.0044529,0.0030307,0.0021044,0.0020796,0.00082776,0.0019837,0.00075533,0.00016149,0.00085087,0.0015157,0.0021246,0.0031322,0.0052404,0.0093691,0.02898,0.035088,0.017433,0.0098087,0.007643,0.00637,0.005741,0.0057724,0.0053788
0.0020447,0.00073222,0.0011134,0.0015931,0.0021493,0.0018577,0.0031413,0.0067601,0.021706,0.0506,0.013337,0.0048987,0.0036122,0.0032133,0.0011399,0.00135,0.0017357,0.016167,0.00044263,0.00044875,0.00021301,0.0005432,0.00097377,0.0017016,0.0033197,0.0099112,0.012274,0.0067429,0.0029414,0.0024489,0.0021805,0.0019933,0.0016627,0.0016365,0.0064317,0.0019071,0.0017346,0.0020103,0.0023276,0.0031034,0.0043668,0.006776,0.016264,0.019617,0.016758,0.0069947,0.00512,0.0039979,0.0036757,0.0035165,0.0033494,0.014578,0.0012036,0.0018819,0.0025692,0.0031489,0.0054334,0.0079458,0.015331,0.043078,0.20585,0.023724,0.015759,0.0122,0.0097172,0.0096267,0.0077484,0.0094739,0.00043871,0.0014111,0.0016143,0.00098569,0.0015164,0.0017536,0.0020148,0.002987,0.0062231,0.019673,0.0037237,0.0017067,0.0012218,0.00070375,0.0015468,0.0013441,0.0001297,0.0030403,0.00045221,0.00090215,0.001266,0.0020866,0.0029128,0.0045236,0.0091506,0.024361,0.042328,0.013973,0.008385,0.0065764,0.0055637,0.0049649,0.0050176,0.0048142,0.037348,0.014646,0.015271,0.016442,0.018024,0.020584,0.024964,0.035641,0.087029,0.023485,0.074994,0.026113,0.014617,0.00853,0.0061165,0.0029678,0.0024624,0.0019741,0.00080542,0.0006975,0.00068056,0.00086499,0.0015694,0.0019725,0.0040246,0.011563,0.015128,0.0078779,0.0037578,0.0026411,0.0020899,0.0018891,0.0020814,0.0018177,0.0010223,0.0018371,0.0015361,0.0017158,0.002318,0.0025699,0.0032102,0.0064284,0.021941,0.035123,0.0087306,0.0025194,0.0016596,0.0013326,0.0013764,0.00096192,0.0012513,0.029601,0.017371,0.016995,0.018678,0.020628,0.024297,0.031457,0.04688,0.12569,0.15868,0.035976,0.021005,0.012751,0.0091616,0.0066971,0.0059604,0.0063077,0.01659,0.0023887,0.0020414,0.0021265,0.0027793,0.0031739,0.004365,0.0062858,0.016247,0.017095,0.0080315,0.00327,0.0020737,0.001066,0.00096495,0.0014246,0.00057983,0.0029755,0.0026901,0.0031271,0.0036501,0.004089,0.0055912,0.0086904,0.014793,0.037298,0.051529,0.023699,0.013557,0.010063,0.0083855,0.0074749,0.0070046,0.0069276
0.010569,0.0046872,0.0059883,0.00639,0.0064018,0.0075041,0.010998,0.021544,0.029599,0.074079,0.0065405,0.0041654,0.0016823,0.0015386,0.002842,0.0018086,0.00084115,0.015833,0.0013708,0.00088215,0.0014794,0.002102,0.0012912,0.0024814,0.0042462,0.010108,0.030039,0.004665,0.0016651,0.0017314,0.0019638,0.0014717,0.0011644,0.0011425,0.0074273,0.0014809,0.0013292,0.00072965,0.00072809,0.0019496,0.0024476,0.0038145,0.0054023,0.040931,0.0076807,0.0026699,0.0017899,0.0010459,0.0011194,0.001145,0.0010758,0.0066148,0.0048535,0.0047123,0.0090226,0.013742,0.019143,0.030042,0.057005,0.14929,0.26667,0.078451,0.047577,0.036459,0.032765,0.030536,0.026725,0.026051,0.00018882,0.0024148,0.0015409,0.00031261,0.0017531,0.0027414,0.002688,0.0022098,0.007042,0.016454,0.0027783,0.0023346,0.0017626,0.0012447,0.00080662,0.0013874,0.0013027,0.001154,0.0035256,0.0039773,0.0033726,0.0049993,0.006912,0.0080531,0.013595,0.040425,0.048529,0.021181,0.01308,0.0098709,0.0086516,0.0077126,0.0070517,0.0070172,0.0059606,0.017658,0.017391,0.019584,0.020956,0.023947,0.031845,0.048817,0.096031,0.040342,0.077537,0.024583,0.013205,0.0099259,0.0066462,0.0022446,0.001566,0.0067483,0.0011488,0.0010059,0.0013494,0.0017228,0.0018687,0.0023451,0.0053771,0.013006,0.018188,0.0068771,0.0026941,0.0023738,0.0020801,0.0022227,0.0015724,0.0016403,7.2494e-05,0.00098142,0.0015707,0.0022805,0.0014805,0.0021642,0.0057672,0.011213,0.029219,0.045483,0.010123,0.0044224,0.003335,0.0029192,0.002215,0.0024038,0.0026436,0.017641,0.0035975,0.0040279,0.004349,0.0079496,0.012299,0.023071,0.038543,0.13405,0.08594,0.010906,0.012676,0.0084276,0.010013,0.012113,0.012024,0.017321,0.0088884,0.0023188,0.0011013,0.00065516,0.0009367,0.0023372,0.0035434,0.0059479,0.01938,0.012534,0.0046924,0.00051632,0.0022864,0.0023231,0.0018274,0.0033994,0.0023651,0.0074521,0.0045719,0.0047875,0.0044237,0.0063457,0.010501,0.014566,0.024949,0.059807,0.041673,0.0080132,0.0048462,0.0069705,0.0079035,0.0082847,0.0080157,0.0078565
0.0030747,0.0015542,0.0025911,0.0022957,0.0046438,0.0051082,0.0083211,0.016106,0.13191,0.0015978,0.0056241,0.003811,0.0040423,0.0035144,0.0026364,0.0010221,3.434e-05,0.01725,0.00097524,0.0016471,0.0022797,0.0023797,0.0027913,0.0030243,0.0062894,0.035862,0.0076177,0.0028581,0.0013194,0.0015193,0.00058991,0.00012703,0.000494,9.5375e-05,0.0048848,0.0015937,0.0022253,0.0013514,0.0026755,0.0026585,0.005882,0.0031444,0.020455,0.008982,0.003679,0.0014893,0.00091741,0.00053382,0.00091192,0.00026898,0.00044823,0.022227,0.031552,0.036054,0.035587,0.044369,0.05602,0.078046,0.13536,0.55148,0.21144,0.073619,0.051998,0.042296,0.040618,0.040306,0.039183,0.038252,0.0034581,0.0015695,0.00066536,0.0043358,0.0023502,0.001466,0.0025926,0.0044048,0.0079513,0.0049871,0.0027301,0.0011074,0.0011438,0.00065184,0.00021716,0.0010087,0.00023459,0.0078965,0.0046444,0.0058555,0.0040807,0.0050604,0.0042983,0.0063707,0.012862,0.074885,0.033122,0.012215,0.0087398,0.0059808,0.0047852,0.0032269,0.0017846,0.001049,0.020785,0.0042778,0.00688,0.0053896,0.0082166,0.0087193,0.015101,0.030791,0.18771,0.10438,0.015556,0.0096914,0.0083109,0.0084488,0.006355,0.008635,0.007044,0.0040665,0.00065098,0.0010681,0.0025376,0.0017735,0.00097443,0.0019729,0.00055407,0.020242,0.000778,0.0024777,0.00069859,0.0011832,0.00096843,0.00047971,7.3923e-05,0.00035096,0.00020981,0.0004441,0.00077151,0.00087638,0.00098234,0.0010683,0.0029386,0.0041519,0.05712,0.018564,0.0033931,0.00042406,0.00044751,0.00055187,0.00055973,0.00034715,9.5371e-05,0.022885,0.014492,0.013231,0.017173,0.018681,0.02519,0.039905,0.057162,0.36786,0.066189,0.033456,0.020458,0.01446,0.01386,0.012685,0.013059,0.012684,0.010273,0.001551,0.00083068,0.0040109,0.0017283,0.0011659,0.0016387,0.0010565,0.014176,0.0067697,0.0038825,0.0015783,0.00095662,0.00088342,0.0017362,0.0019399,0.0010071,0.00069239,0.0022682,0.00085269,0.0023484,0.0012043,0.0034263,0.0025811,0.010097,0.060432,0.016869,0.00881,0.0050085,0.0036115,0.0033476,0.0030078,0.0031229,0.002924
0.012118,0.0076605,0.0099919,0.011013,0.011906,0.01552,0.027528,0.12032,0.18504,0.033259,0.019248,0.013415,0.0098179,0.0085287,0.007264,0.0084417,0.00799,0.01388,0.0013018,0.0010182,0.00060267,0.0022458,0.0020827,0.0027856,0.01077,0.036109,0.0060032,0.0029251,0.0019407,0.0009933,0.0015582,0.0013771,0.0013785,0.0017987,0.0073815,0.00054859,0.00078157,0.0008063,0.00080388,0.0011455,0.0018194,0.0383,0.038778,0.0061017,0.0028568,0.0011849,0.0012788,0.00064826,0.00053984,0.00065787,4.5765e-05,0.027953,0.023128,0.025829,0.03201,0.037471,0.053526,0.10226,0.44338,0.20292,0.12962,0.073441,0.052398,0.044266,0.037567,0.032552,0.035373,0.033881,0.0057298,0.0014829,0.0015005,0.0017049,0.0010761,0.001963,0.0047245,0.016839,0.0063356,0.0018368,0.0011796,0.0013453,0.0013706,0.0017579,0.0011025,0.0019622,0.0014267,0.0072309,0.0043281,0.0046473,0.0054532,0.0064489,0.0088325,0.019169,0.072386,0.020597,0.009342,0.0040069,0.0021684,0.0017994,0.0011809,0.0010321,0.00017765,5.1502e-05,0.077932,0.026922,0.018647,0.054548,0.047519,0.010538,0.097378,0.15884,0.23274,0.14791,0.077185,0.015049,0.019587,0.023968,0.011273,0.0051705,0.0135,0.00028991,0.0010815,0.0013879,0.002603,0.0006534,0.0017507,0.0039359,0.0045468,0.010495,0.0096843,0.0039566,0.00052843,0.0018537,0.0018179,0.0011178,0.0012363,0.0013962,0.0069219,0.0033308,0.0033459,0.0078013,0.0053832,0.0059164,0.024809,0.03123,0.016769,0.011762,0.0053533,0.001137,0.0033512,0.0021531,0.0010973,0.0020484,0.0020619,0.0058938,0.00064246,0.00071894,0.0011919,0.0020858,0.0072113,0.027318,0.24102,0.33663,0.04626,0.016522,0.0083321,0.0057167,0.005101,0.0027689,0.0028945,0.0031663,0.0095102,0.0011004,0.0011184,0.0027609,0.0007,0.0013862,0.0033489,0.013629,0.010557,0.0011744,0.0011219,0.00035167,0.0011594,0.00052914,0.0013363,0.0011815,8.3923e-05,0.0049153,0.0040047,0.0043072,0.0049274,0.0065458,0.0098299,0.023547,0.10183,0.045635,0.0097206,0.0050661,0.0031988,0.002797,0.0023689,0.0021725,0.002261,0.0018216
0.00059319,0.004324,0.0042498,0.0054198,0.0083706,0.0091105,0.0079351,0.11809,0.10441,0.027374,0.017598,0.014353,0.014165,0.0086695,0.010109,0.008994,0.0074712,0.0094224,0.0025336,0.0013073,0.00075887,0.0022303,0.0057798,0.012567,0.029758,0.01999,0.0047048,0.0035787,0.0026088,0.0021377,0.001914,0.0018839,0.0024161,0.0023346,0.0084211,0.0021243,0.0018244,0.0024523,0.0036158,0.0074969,0.033785,0.07642,0.017613,0.0021413,0.0016776,0.0015157,0.0014362,0.0013182,0.00053387,0.00037737,0.00049399,0.020251,0.029552,0.031921,0.037482,0.048203,0.07026,0.19297,0.29672,0.054072,0.048308,0.03018,0.023808,0.021284,0.019644,0.015175,0.014322,0.013533,0.0015774,0.0015269,0.0013553,0.0013546,0.0021821,0.0044994,0.020536,0.033804,0.0041205,0.0041181,0.0030564,0.002278,0.0017523,0.0049009,0.0014892,0.0023551,0.0016575,0.0069867,0.0090108,0.0092549,0.01049,0.013902,0.02472,0.084252,0.11348,0.027168,0.013105,0.010593,0.008346,0.0069314,0.0055778,0.0058668,0.0056244,0.0056248,0.017115,0.010838,0.011226,0.013381,0.017255,0.022168,0.036746,0.19481,0.16851,0.062305,0.035364,0.026723,0.02217,0.020338,0.01983,0.01749,0.017927,0.0077688,0.0013208,0.0020255,0.0025293,0.0028277,0.0060646,0.015154,0.031178,0.0080953,0.0028157,0.001806,0.0010751,0.0013646,0.00071123,0.00073407,0.00034681,0.00028421,0.0031319,0.0015285,0.00062296,0.0013611,0.0023808,0.0020223,0.014563,0.088043,0.022295,0.0048927,0.0037427,0.0030861,0.0019697,0.0014719,0.0016998,0.0019336,0.0019112,0.0055676,0.021617,0.024974,0.028595,0.038787,0.060597,0.20462,0.2361,0.1538,0.063944,0.040626,0.033579,0.027903,0.024491,0.025867,0.02376,0.023486,0.0089513,0.0020379,0.0016853,0.00064269,0.0015522,0.0020064,0.0078055,0.014697,0.0072925,0.0022007,0.0016489,0.0015949,0.0012965,0.0026823,0.0021788,0.0013525,0.0010777,0.0032998,0.0044014,0.0042486,0.0052874,0.0082777,0.013174,0.049069,0.12015,0.015762,0.0092889,0.0076825,0.0057472,0.0051722,0.0042741,0.0046711,0.0048359,0.0045968
0.014885,0.0010961,0.0002754,0.00070603,0.00029217,0.0027415,0.0042762,0.050838,0.08074,0.015043,0.0045568,0.0015441,0.00065657,0.001764,0.00094714,0.001526,0.00016402,0.0092794,0.00074664,0.00086292,0.00023399,3.3638e-05,0.0010463,0.0045753,0.014157,0.017194,0.0062924,0.00252,0.0019117,0.0019757,0.00079231,0.0011338,0.0013427,0.00088693,0.0017605,0.0020178,0.0028068,0.0037012,0.0052354,0.0088624,0.020701,0.043558,0.024183,0.016235,0.009592,0.0072206,0.0062878,0.0062184,0.0054231,0.0052618,0.005209,0.039515,0.024507,0.02685,0.030036,0.03872,0.055656,0.11783,0.079655,0.051334,0.026726,0.021315,0.017288,0.01352,0.013625,0.0068757,0.0085553,0.0076238,0.012562,0.0011491,0.00099601,0.0022727,0.0024949,0.0051042,0.013489,0.025422,0.004847,0.0048391,0.0037068,0.0027527,0.0021755,0.0017002,0.0029678,0.0026599,0.0020218,5.1495e-05,0.0020269,0.0034185,0.0051847,0.008958,0.016298,0.040045,0.084839,0.037798,0.020008,0.015862,0.012897,0.011122,0.010721,0.0095926,0.0091199,0.0090314,0.029599,0.011914,0.012973,0.012552,0.015149,0.018343,0.030187,0.037034,0.20588,0.068714,0.0299,0.01899,0.015197,0.011466,0.010337,0.010065,0.012055,0.009144,0.0027316,0.0026229,0.0032936,0.0033008,0.0059797,0.011092,0.013275,0.0016507,0.0051258,0.0026916,0.0014316,0.0013222,0.00037697,0.00055618,0.00041176,0.0006485,0.0077287,0.0024281,0.0029226,0.003621,0.0046695,0.0077369,0.014965,0.028676,0.019539,0.00789,0.003816,0.0028774,0.0019357,0.0026098,0.0023516,0.0017233,0.0015259,0.015108,0.012681,0.012338,0.017609,0.024253,0.0382,0.082208,0.22846,0.1694,0.067358,0.040278,0.032131,0.028422,0.025767,0.02595,0.021188,0.021082,0.008856,0.0019019,0.0022033,0.0020213,0.0018426,0.003419,0.0067462,0.010677,0.0020005,0.001665,0.0010905,0.00024821,0.00040783,0.0014597,0.00051645,0.00074912,0.00083735,0.00052261,0.0037953,0.0045857,0.0060354,0.0089357,0.013926,0.030379,0.040537,0.029068,0.016895,0.013032,0.010723,0.0095622,0.0086678,0.007595,0.0078215,0.0077821
0.010019,0.0031058,0.0042149,0.0046066,0.0074142,0.0096672,0.01696,0.12887,0.081432,0.070965,0.027187,0.01821,0.014787,0.014686,0.011373,0.0099704,0.013605,0.0084172,0.0005407,0.001049,0.0014841,0.00084829,0.0037572,0.0058599,0.020767,0.013553,0.022984,0.0064956,0.0041582,0.0033307,0.0033416,0.00249,0.002297,0.0026799,0.0057317,0.0016497,0.001334,0.0018608,0.0025609,0.0034019,0.0087936,0.061626,0.025935,0.033744,0.0096299,0.0063787,0.0049489,0.0046292,0.0042709,0.0040556,0.003439,0.0031167,0.015874,0.016364,0.019813,0.022676,0.029274,0.048999,0.35738,0.53205,0.046253,0.026928,0.018214,0.014382,0.011902,0.010324,0.014775,0.0091173,0.0066873,0.00057281,0.0012665,0.00031074,0.00082699,0.0019152,0.0027329,0.034569,0.015701,0.0051978,0.0024807,0.001656,0.0013515,0.0010388,0.0024615,0.0032305,0.0025177,0.0024624,0.0027942,0.0026345,0.0031422,0.0035898,0.0054398,0.010753,0.13101,0.013907,0.019975,0.0089321,0.0061838,0.0047357,0.0042611,0.0040252,0.0029296,0.0037594,0.019923,0.0038755,0.0041999,0.0041603,0.00598,0.006853,0.013416,0.08678,0.17318,0.10374,0.0078464,0.0064796,0.0045056,0.0033703,0.0027787,0.003978,0.00052452,0.0088998,0.0010826,0.00062192,0.00084541,0.0004779,0.0010045,0.0034032,0.018459,0.020326,0.0063495,0.00022962,0.0010133,0.00071462,0.00042075,0.00027582,0.00020547,4.1943e-05,0.0047856,0.0017495,0.0018255,0.0020341,0.0027686,0.003682,0.0036336,0.075803,0.037153,0.033427,0.0070215,0.0036961,0.0027014,0.0024404,0.0024855,0.0020492,0.0025006,0.062093,0.038035,0.027774,0.0281,0.049404,0.080402,0.12458,0.10646,0.1862,0.03745,0.061806,0.053616,0.035346,0.013647,0.0072164,0.022375,0.023907,0.0081731,0.0029587,0.0014743,0.0013131,0.0010994,0.0019436,0.004256,0.020667,0.0068728,0.0041869,0.002349,0.0030645,0.0028125,0.0021815,0.0007722,0.0018276,0.00031471,0.0026494,0.0048417,0.0050169,0.0051639,0.0061879,0.0094638,0.01359,0.15471,0.036487,0.015949,0.015616,0.015821,0.015064,0.013016,0.010864,0.0094348,0.0076123
0.0070039,0.0051592,0.004947,0.0059542,0.0066347,0.0074255,0.011032,0.013708,0.091644,0.055968,0.015089,0.0071559,0.0044016,0.0018167,0.00062459,0.0018236,0.0014916,0.0041352,0.0012775,0.0017958,0.0019246,0.002833,0.0021759,0.0012567,0.0095198,0.020102,0.0184,0.0047584,0.00276,0.0018456,0.0011842,0.0010962,0.00090071,0.00067903,0.0056745,0.0023415,0.001892,0.0021036,0.0024374,0.0034328,0.0055716,0.029484,0.030083,0.025463,0.0070365,0.0027996,0.0019902,0.0011954,0.0013885,0.00075308,0.001318,0.0024739,0.0022338,0.0055114,0.0075769,0.013809,0.020057,0.028992,0.14764,0.12924,0.18453,0.080065,0.055945,0.043809,0.038482,0.034468,0.033034,0.034491,0.0025559,0.0010912,0.0016349,0.00084029,0.0014724,0.001837,0.0019331,0.011679,0.013665,0.011394,0.0030161,0.001371,0.0012815,0.0010858,0.0012302,0.0015418,0.0022126,0.006548,0.0051564,0.0054416,0.0063134,0.007323,0.0092932,0.013532,0.041765,0.066746,0.020042,0.014294,0.0090991,0.0066883,0.005627,0.0050017,0.004883,0.0037366,0.035769,0.0020166,0.0029298,0.0011936,0.001511,0.0031927,0.0082267,0.019711,0.23071,0.12555,0.023165,0.0075273,0.0050979,0.0032558,0.0043022,0.0065609,0.0043927,0.0056096,0.00030054,0.00066673,0.00057923,0.0019152,0.0010727,0.0020701,0.011169,0.0184,0.0041165,0.0033375,0.0011439,0.0010476,0.00071199,0.00053706,0.00028207,0.00041008,0.001091,0.00096563,0.00083174,0.00093257,0.00060398,0.00085913,0.0028557,0.026037,0.050033,0.01721,0.0077178,0.0029755,0.0014848,0.0011374,0.00050867,0.00057943,0.00079728,0.0039864,0.013876,0.014616,0.01603,0.017738,0.021966,0.033244,0.14387,0.21096,0.024012,0.024892,0.012194,0.007866,0.0047901,0.0023622,0.0026341,0.0018006,0.0041581,0.0016866,0.00038016,0.00032026,0.00057511,0.00093862,0.0024121,0.0047319,0.017949,0.010199,0.0018357,0.00042642,0.00060308,0.00048011,0.00063645,0.0011349,0.0015793,0.0033093,0.0019081,0.0022346,0.0026735,0.0034204,0.0054056,0.010028,0.038297,0.10268,0.023987,0.012772,0.0085863,0.0067391,0.0057845,0.0054856,0.0050778,0.0055295
0.0054723,0.0011951,0.00096762,0.001816,0.0015578,0.0015015,0.0018264,0.0046466,0.0095998,0.0074445,0.013477,0.016297,0.0064204,0.0027378,0.0023111,0.00075973,0.0012035,0.0055428,0.001622,0.0011133,0.0014944,0.0011435,0.0018958,0.001116,0.0017677,0.0027525,0.0033721,0.010098,0.013008,0.0034743,0.0015263,0.00098045,0.00047336,0.00028994,0.0058919,0.00036497,0.0006002,0.00048941,0.0006853,0.00067612,0.00090857,0.0012461,0.0015145,0.002959,0.00655,0.017555,0.0029145,0.0012197,0.00067195,0.00040712,0.00037574,0.0082494,0.0047665,0.0044378,0.0048969,0.0052381,0.0066339,0.0070928,0.0081193,0.008107,0.02693,0.054266,0.091014,0.019425,0.0088963,0.0041151,0.0026225,0.00173,0.0027028,0.0026875,0.0014687,0.0024175,0.0006565,0.0010441,0.0014782,0.0019321,0.0023221,0.0027805,0.010392,0.017833,0.0055955,0.0025966,0.0017375,0.0010427,0.0011273,0.0030175,0.00025475,0.00023638,0.00012526,0.00064977,0.00023141,0.00071355,0.000497,0.00098856,0.0057134,0.014997,0.011928,0.0030239,0.0014662,0.0011931,0.00097051,0.0010262,0.036139,0.0033933,0.0026784,0.0027946,0.002774,0.0035939,0.0029115,0.0043037,0.004846,0.017846,0.034715,0.022582,0.030207,0.0092335,0.0050028,0.0016184,0.001688,0.003376,0.0013527,9.9407e-05,0.00035914,0.0008212,0.00039029,0.0001303,0.0002862,0.00099371,0.0026658,0.012427,0.0036862,0.0046677,0.0024174,0.0017657,0.0013872,0.0013275,0.002388,0.00027256,0.00041387,0.00061828,0.00039323,0.00065991,0.00090695,0.00068279,0.0024485,0.0023528,0.019692,0.016987,0.0093571,0.0032918,0.0020399,0.0016142,0.0015373,0.014618,0.0096085,0.0091452,0.0079936,0.0081399,0.0097719,0.012857,0.014999,0.020462,0.039866,0.10725,0.046571,0.018916,0.010241,0.0046824,0.0023828,0.0016861,0.0058022,0.0026914,0.0038213,0.0031245,0.003632,0.0022823,0.0045059,0.0067538,0.0089908,0.010505,0.040334,0.019133,0.0090618,0.0031111,0.00070352,0.0012555,0.0016823,0.0022755,0.0020648,0.0027263,0.0032798,0.002807,0.0030143,0.0041878,0.0068739,0.011218,0.012798,0.042803,0.021385,0.013027,0.00646,0.0047151,0.0055566,0.0062772
0.0045682,0.0013612,0.0017821,0.0026567,0.0012633,0.0010954,0.00096312,0.0045362,0.0057293,0.0079692,0.017012,0.016521,0.0072949,0.0030852,0.0028582,0.0023125,0.00088311,0.010527,0.0027487,0.00035558,0.0018126,0.00075305,0.0012167,0.00039674,0.00065868,0.002201,0.0018084,0.0033683,0.0089466,0.0049526,0.0022268,0.0018136,0.0017647,0.0014324,0.0031071,0.0012203,0.00067463,0.002131,0.0011105,0.0014277,0.00089461,0.0013317,0.0032869,0.0058501,0.016065,0.016538,0.0071515,0.0035684,0.0028727,0.0024056,0.0018025,0.001276,0.0026164,0.0021518,0.00058428,0.0034354,0.0038178,0.0030006,0.0039563,0.011846,0.019599,0.026438,0.07955,0.024858,0.0096591,0.0077254,0.00655,0.0062581,0.0030518,0.0035676,0.0014843,0.0033022,0.00052959,0.00066424,0.00070157,0.001251,0.0023331,0.0034856,0.010473,0.017494,0.0064835,0.002383,0.0018271,0.001442,0.00095751,3.6243e-05,0.0021911,0.001093,0.00016371,0.00085037,0.0028951,0.0018207,0.0052574,0.0030254,0.0074814,0.017656,0.011837,0.0037581,0.0021895,0.0016501,0.0014252,0.0014935,0.031306,0.0027896,0.0033053,0.0040904,0.0039832,0.0025047,0.0047687,0.0087176,0.0063555,0.0038274,0.02455,0.034493,0.021706,0.0091673,0.0039542,0.0032844,0.002451,0.0032521,0.0022407,0.00032865,0.0015661,0.00051181,0.0012195,0.00086997,0.0010904,0.00083256,0.0019735,0.012781,0.0045401,0.002744,0.00099477,0.00098256,0.00068568,0.00092508,0.0017968,0.0013603,0.00076129,0.0014144,0.0012084,0.0031955,0.0021459,0.0016297,0.0033365,0.0070466,0.01877,0.015614,0.0068587,0.0039605,0.0028315,0.0023459,0.0023728,0.0036927,0.0011534,0.0013369,0.0026403,0.00018882,0.0012328,0.0030933,0.0099436,0.019129,0.040104,0.14439,0.025024,0.0035343,0.0011166,0.001271,0.00094984,0.0013886,0.0047837,0.0033977,0.0017444,0.0032921,0.0015864,0.00012721,0.00078375,0.0013281,0.0015651,0.007125,0.049202,0.0047765,0.0024846,0.0010083,0.00052636,0.00061472,0.00086213,0.0022774,0.0011181,0.00064233,0.00046842,0.0010318,0.0019804,0.0016396,0.0043695,0.0029219,0.012101,0.04904,0.0035368,0.0029822,0.0013713,0.00071063,0.00091168,0.00089646
0.0023709,0.0013676,0.00041349,0.0015073,0.00057611,0.00053004,0.0015131,0.0060702,0.01549,0.0087543,0.02651,0.009562,0.004782,0.001656,0.001616,0.0012399,0.0010662,0.0064774,0.0027432,0.00079314,0.0018133,0.0013211,0.00091451,0.0016375,0.0018657,0.0034983,0.0035129,0.015043,0.0097772,0.0028291,0.0012792,0.00174,0.0013237,0.00080872,0.0031605,0.00095924,0.0015837,0.0028382,0.00073713,0.000457,0.0025501,0.0065749,0.0024722,0.0054288,0.018427,0.004292,0.0031527,0.0015678,0.00056541,0.00053142,0.0009289,0.008875,0.010524,0.010746,0.010335,0.012162,0.012572,0.015355,0.032134,0.035904,0.012851,0.079774,0.066321,0.023618,0.011342,0.0069789,0.002375,0.0020619,0.001009,0.0026934,0.003932,0.0090962,0.0014432,0.0010594,0.0026001,0.0051081,0.0033704,0.0059116,0.013147,0.01114,0.0039188,0.0020517,0.0012513,0.00075106,0.00084499,3.8072e-06,0.0014943,0.00088421,0.0012283,0.0011252,0.0026884,0.001045,0.0069478,0.0035068,0.01045,0.015609,0.011191,0.0064166,0.0044634,0.0038741,0.0034837,0.0033837,0.032364,0.0015943,0.00069756,0.00076054,0.0023567,0.0038317,0.0021931,0.0081136,0.0062084,0.017719,0.018452,0.061479,0.0043876,0.0003436,0.0007215,0.00059432,5.7254e-05,0.007723,0.0024446,0.0011865,0.0019893,0.00089153,0.0013568,0.00050794,0.0025725,0.0022136,0.007545,0.012864,0.006859,0.0013341,0.0017362,0.0016634,0.0011689,0.0011158,0.0020447,0.0026118,0.00069797,0.00060715,0.0022808,0.0029895,0.0016187,0.0053312,0.0078436,0.012033,0.019837,0.016185,0.0049304,0.0025895,0.0020729,0.0018637,0.0022354,0.010946,0.0026791,0.0013015,0.0015203,0.0050932,0.0049723,0.0059687,0.013908,0.01266,0.072678,0.13719,0.043036,0.019789,0.013521,0.011337,0.010675,0.012304,0.001545,0.0022489,0.0022889,0.0074196,0.0028451,0.0011998,0.001129,0.002271,0.003082,0.01927,0.044697,0.011379,0.0050522,0.0060958,0.0054587,0.0049802,0.0041085,0.0061379,0.0031737,0.0026958,0.0025678,0.0031818,0.0041306,0.0018579,0.0038936,0.0074566,0.022497,0.039467,0.017425,0.0070262,0.0051594,0.004566,0.0039554,0.0037652
0.0015526,0.00034783,0.00080012,0.0012875,0.00091094,0.0010881,0.0014309,0.004687,0.010844,0.0080183,0.015109,0.01415,0.001907,0.0016821,0.0011292,0.0020842,0.0028038,0.0033551,0.00045923,0.00082698,0.0019469,0.00094863,0.00029547,0.00087364,0.00053855,0.001662,0.0012107,0.0082563,0.017115,0.0025243,0.0021443,0.0015848,0.0016391,0.0017987,0.00057795,0.0012997,0.00099384,0.00054421,0.0014021,0.0014,0.0010609,0.00094299,0.0021551,0.0045572,0.010308,0.012184,0.0018986,0.00076015,0.00054872,0.00029328,0.00038721,0.0068208,0.0038496,0.0045247,0.0067745,0.0042487,0.0054719,0.0057951,0.0053407,0.012719,0.012077,0.047235,0.10468,0.015816,0.0086621,0.0057992,0.0050214,0.0053254,0.0064012,0.00078454,0.0011334,0.004719,0.0010829,0.00089513,0.00081653,0.0014051,0.001112,0.0022893,0.0066556,0.019109,0.0050129,0.0019486,0.0011648,0.00071927,0.00067903,0.00060655,0.00043912,0.00012579,0.00089391,0.00072324,0.00074515,0.0016089,0.007948,0.00093019,0.0028595,0.012831,0.016742,0.001057,0.00094451,0.00091683,0.00078483,0.00086976,0.036122,0.004278,0.0042709,0.004043,0.0029244,0.0046618,0.0065743,0.0057672,0.0071564,0.0046318,0.026141,0.035227,0.031758,0.010798,0.0050675,0.004516,0.0035058,0.0087072,0.00074697,0.0014616,0.0020192,0.00047376,0.00041439,0.0014241,0.00037936,0.0015731,0.002621,0.015726,0.0065125,0.0061088,0.0011717,0.0010045,0.00080874,0.0006695,0.0018559,0.00097555,0.0010004,0.00074319,0.0013622,0.0014361,0.0017952,0.0018618,0.00069812,0.00083072,0.021543,0.015832,0.007907,0.0026111,0.00097751,0.00059509,0.00034905,0.013331,0.0018019,0.00058917,0.0035115,0.00384,0.004815,0.0056313,0.018465,0.0092279,0.021795,0.1265,0.044055,0.015148,0.011853,0.010349,0.0090866,0.0090734,0.0031815,0.0011005,0.0016272,0.0065341,0.00088228,0.0011885,0.0011904,0.0039835,0.0041267,0.0091508,0.045288,0.012467,0.0086865,0.0051026,0.003852,0.0037689,0.0037346,0.0013809,0.0015861,0.001807,0.0016619,0.0019284,0.0023344,0.0029309,0.010263,0.0047859,0.0096664,0.047779,0.012602,0.0087735,0.0047872,0.0034807,0.0030613,0.0030671
0.002554,0.0018837,0.00086708,0.00093448,0.0010761,0.0016452,0.0023,0.0038426,0.0050043,0.0059144,0.012098,0.015148,0.0037011,0.0018674,0.0018346,0.001686,0.00085642,0.0061151,0.000569,0.00071928,0.00099103,0.0010376,0.00033821,0.00033644,0.0012922,0.0019838,0.0029357,0.0083049,0.0067097,0.0045317,0.0029164,0.0024148,0.0020679,0.0021248,0.00094415,0.00063742,0.00050637,0.0001264,0.00030426,0.00019657,0.00076982,0.0017689,0.0004311,0.00090156,0.0056047,0.018893,0.0023225,0.0004291,0.00020573,1.0895e-05,0.00012398,0.0036545,0.0054876,0.0040648,0.0027823,0.004825,0.0051289,0.0061474,0.014519,0.010528,0.010862,0.022204,0.082024,0.02317,0.0099852,0.0068352,0.0063512,0.0052186,0.00047685,0.0018706,0.001198,0.0033145,0.001448,0.0011523,0.0011023,0.0022508,0.00096425,0.00036957,0.00083622,0.027465,0.0032691,0.0014085,0.00084785,0.00053236,0.00059126,0.0019265,0.00062371,0.00068458,0.001032,0.00079424,0.00046202,0.0010807,0.0051718,0.00078521,0.00099855,0.0027442,0.023092,0.0022551,0.00077587,0.00032544,0.00028212,0.00016785,0.035628,0.0013527,0.00094321,0.0021655,0.0017196,0.0026163,0.0023654,0.0011456,0.0032432,0.0035389,0.011371,0.0084952,0.035668,0.0026558,0.0018692,0.0011794,0.00082588,0.0063878,0.00014896,0.00047076,0.0011436,0.0012785,0.0013653,0.0017423,0.0022761,0.0025062,0.0034219,0.0091303,0.0019761,0.0023185,0.0011278,0.0011244,0.00086237,0.00073433,0.0058843,0.001578,0.0020609,0.0024072,0.0025946,0.0035549,0.0036416,0.0053422,0.0049848,0.0068276,0.015994,0.0046953,0.018757,0.0041844,0.0028889,0.0022362,0.0019589,0.017645,0.0080954,0.0075115,0.0093681,0.0089996,0.0099349,0.011256,0.0065388,0.01766,0.026099,0.063901,0.10148,0.028417,0.018142,0.013335,0.010975,0.010275,0.0050908,0.0030806,0.0031327,0.0035377,0.0027092,0.0034478,0.0042493,0.0060647,0.006889,0.011472,0.027,0.0364,0.0044786,0.0048442,0.0031241,0.0022962,0.0022679,0.0086023,0.0031939,0.0029774,0.0027168,0.003136,0.0032691,0.0043494,0.0057946,0.0069482,0.0109,0.024859,0.03382,0.0042201,0.0039236,0.001961,0.00095265,1.1448e-05
0.010513,0.0010689,0.0025277,0.00063349,0.0010215,0.0006291,0.00015583,0.0037541,0.0071359,0.0097677,0.016179,0.0094813,0.0017246,0.00068594,0.00050105,0.00030598,0.00017166,0.012207,0.00017538,0.00042063,0.0013758,0.0013782,0.0017524,0.0017989,0.00072618,0.0019346,0.0035322,0.018308,0.0039672,0.0020083,0.00107,0.00048892,0.00019176,9.9167e-05,0.0010967,0.00042369,0.00041585,0.00041826,0.0005772,0.00045572,0.00064349,0.0024082,0.0028822,0.0031321,0.001969,0.009528,0.003623,0.0025851,0.0020152,0.0018903,0.0021878,0.0066701,0.010317,0.0052261,0.011393,0.0088208,0.0096715,0.014105,0.017156,0.010002,0.029084,0.10182,0.045869,0.024143,0.0065095,0.010203,0.0031287,0.0077993,0.009886,0.0016084,0.00043193,0.0013709,0.0011347,0.0013962,0.0017299,0.0030007,0.0014256,0.0055186,0.014243,0.0039255,0.0064214,0.00055409,0.0032352,0.00053594,0.0022946,0.0026112,0.00062,0.0018079,0.00082904,0.0021468,0.0019865,0.0013869,0.0086155,0.0050178,0.010598,0.010266,0.0017171,0.0045204,0.0013961,0.0023337,0.00062927,0.0019703,0.038495,0.0012622,0.002038,0.00015351,0.0014458,0.0018833,0.0018865,0.0017257,0.0034293,0.0079309,0.02072,0.057682,0.0091447,0.0020111,0.00050508,0.00036322,0.0015411,0.0032654,0.0015461,0.00031341,0.00028521,0.0012058,0.00023666,0.00041412,0.0012814,0.00090553,0.0023485,0.018739,0.010257,0.0027049,0.0013184,0.00046191,0.00065774,0.00028611,0.0029851,0.00033796,0.00028333,0.00018857,9.2078e-05,0.0007017,0.00066301,0.0030144,0.0011895,0.0072881,0.032933,0.010808,0.0021191,0.00082181,0.00042463,0.00030844,0.00010872,0.0043927,0.0071719,0.0060675,0.0064862,0.0028657,0.0052688,0.015512,0.031698,0.033881,0.064277,0.11598,0.052451,0.05312,0.040399,0.0293,0.015366,0.0027523,0.00077057,0.0017009,0.0014402,0.00094615,0.0025294,0.004986,0.0061616,0.0091051,0.011901,0.016242,0.039532,0.021974,0.013912,0.011433,0.0079333,0.0040031,0.00056078,0.0008488,0.0055081,0.0037752,0.0012211,0.0019293,0.0064516,0.0086376,0.016906,0.014426,0.015985,0.032812,0.017636,0.010682,0.0071171,0.0044704,0.0024624,0.0015202
0.0036278,0.0018668,0.0022075,0.001837,0.0012131,0.0017761,0.0021699,0.0014997,0.0036333,0.013718,0.015025,0.0081039,0.004316,0.0030922,0.003327,0.0018781,0.00095372,0.014321,0.00093211,0.00064386,0.0010133,0.0010256,0.00033608,0.0003167,0.0015276,0.0023606,0.00029219,0.013375,0.0026827,0.0013612,0.00026945,0.00065993,0.00013793,0.00046542,0.0047208,0.00081122,0.00094068,0.0009081,0.00091502,0.0017661,0.0024539,0.0048925,0.0049209,0.013493,0.01806,0.0055692,0.0029547,0.0022945,0.0017838,0.0018247,0.0016423,0.0023308,0.0080369,0.0076923,0.0078649,0.0090086,0.010557,0.013445,0.024618,0.027607,0.093759,0.1458,0.031757,0.018238,0.013906,0.012629,0.011439,0.0093729,0.0068627,0.0015032,0.00087364,0.00063019,0.00097765,0.0016246,0.0019179,0.0035971,0.0037691,0.010432,0.019034,0.0049,0.0019417,0.0015132,0.0017753,0.0021299,0.0018311,0.0030289,0.0026504,0.002954,0.0032057,0.0035856,0.0036859,0.0045284,0.0018542,0.0091201,0.029274,0.030492,0.0072106,0.003834,0.0024175,0.0014695,0.00091276,0.00087738,0.025256,0.0044015,0.0023767,0.00013549,0.003997,0.0070672,0.012032,0.016289,0.019189,0.011859,0.052853,0.034414,0.030497,0.024612,0.017515,0.0085702,0.0028935,0.0013619,0.00085736,0.00050073,7.1059e-05,0.00046751,0.0010084,0.0013545,0.0027083,0.0019213,0.0058362,0.0035287,0.0030145,0.0024972,0.002413,0.0014167,0.00072622,0.0003624,0.00055314,0.0026459,0.0023915,0.0023207,0.0026779,0.0030647,0.0038836,0.0048544,0.0078194,0.02218,0.015907,0.0034488,0.0038149,0.0030243,0.0022702,0.0011494,0.00017929,0.01129,0.0052731,0.0047965,0.0059283,0.0066803,0.0076105,0.010445,0.017332,0.038493,0.14712,0.056333,0.030737,0.020262,0.015915,0.014545,0.013313,0.014628,0.011719,0.0013979,0.0024875,0.0023876,0.002837,0.0028391,0.0035938,0.0044552,0.0084637,0.041086,0.020929,0.011396,0.0072194,0.0057643,0.0042131,0.0037564,0.0038148,0.0077478,0.004207,0.0042038,0.0046048,0.0052567,0.0058718,0.0072674,0.0041996,0.013875,0.050976,0.021347,0.0098262,0.0049317,0.003208,0.0022446,0.001777,0.0015869
0.0053502,0.003629,0.0026844,0.0021941,0.0032056,0.0039351,0.0040099,0.007296,0.0073124,0.015459,0.017593,0.0055682,0.0032607,0.0016025,0.0010066,0.0015985,0.00019266,0.0088273,0.0020075,0.0015334,0.00035396,0.0011399,0.0011018,0.0011781,0.001127,0.002774,0.011239,0.0042917,0.0020148,0.0014529,0.0010949,0.00084154,0.00073955,0.00086977,0.0015946,0.0011897,0.001518,0.001779,0.0019113,0.0019763,0.0021887,0.0030389,0.0048445,0.0038649,0.013,0.0034358,0.0018599,0.0013687,0.00077305,0.00041578,0.00030138,0.010157,0.005447,0.0055983,0.0057201,0.0078487,0.010594,0.015001,0.015295,0.041044,0.28566,0.11076,0.047143,0.031824,0.026145,0.023638,0.020307,0.020953,0.0045148,0.0020551,0.0018606,0.0026434,0.0016952,0.0019515,0.0021732,0.0018702,0.0052864,0.015828,0.01393,0.0043325,0.0024638,0.0018571,0.0023029,0.0020535,0.0015049,0.0012398,0.0011126,0.00095942,0.0011559,0.0011608,0.001256,0.0018688,0.0049451,0.0025498,0.025525,0.0057581,0.0028901,0.001686,0.0011911,0.00089501,0.00073836,0.0010033,0.034306,0.0033909,0.0022323,0.0030543,0.0044,0.0054575,0.0055834,0.0082077,0.017699,0.05678,0.088884,0.017409,0.010049,0.0080731,0.0067095,0.0065201,0.0050584,0.0093366,0.0016012,0.00071326,0.00018879,0.0013701,0.00079471,0.00054015,0.00026465,0.0016172,0.017799,0.0094253,0.0017211,0.0019839,0.00061932,0.0010915,0.00057534,0.00082208,0.0030632,0.00081239,0.00082586,0.00091044,0.00084022,0.00095434,0.0010168,0.00067827,0.0016084,0.034721,0.011641,0.0020049,0.00058735,0.00062297,0.0003303,0.0001967,1.5263e-05,0.013464,0.0015585,0.0022399,0.0020294,0.0021152,0.0035051,0.0041143,0.013577,0.022607,0.15911,0.0063819,0.0076292,0.0053241,0.004147,0.0051936,0.0046338,0.0030918,0.0045434,0.00081018,0.00047004,0.00076395,0.00075239,0.00094365,0.00081666,0.00167,0.0022938,0.051122,0.0058791,0.0022836,0.0013226,0.0012002,0.0013175,0.00096431,0.00096131,0.0025826,0.00085306,0.00070696,0.00092996,0.0008035,0.00089759,0.0013949,0.0049223,0.0023022,0.058034,0.012142,0.0022118,0.0013306,0.00071722,0.00062988,0.00048652,0.00068285
0.0040532,0.0036034,0.0036899,0.0039856,0.0038981,0.0039676,0.0035955,0.0073344,0.013213,0.013606,0.032946,0.0060664,0.0049403,0.0025087,0.00040094,0.0011401,0.00024989,0.00064279,0.0020606,0.00072195,0.0015498,0.0021034,0.0017849,0.0016191,0.00097557,0.0018383,0.0047268,0.0098654,0.0014377,0.001455,0.0003627,0.0004951,0.00041293,0.00037575,0.0034352,0.001462,0.0016318,0.0016451,0.0020446,0.0024588,0.0027045,0.003643,0.0056109,0.026719,0.024393,0.0063993,0.0039211,0.0032731,0.0025053,0.0022649,0.0022793,0.013615,0.011979,0.011992,0.012776,0.015333,0.017295,0.021577,0.032773,0.053451,0.1731,0.086094,0.035292,0.022927,0.018361,0.015131,0.013371,0.012516,0.010126,0.0014571,0.00091438,0.001511,0.00047023,0.00079227,0.0013063,0.0023999,0.0036157,0.018472,0.0042724,0.0029161,0.0016177,0.001504,0.0015661,0.0016563,0.0013332,0.0002861,0.00056406,0.00070881,0.0007619,0.00066893,0.00098871,0.001643,0.0021442,0.002931,0.025307,0.0040111,0.0013904,0.00088963,0.00059133,0.00012826,0.00023126,0.00015259,0.026545,0.0046381,0.0051807,0.0049428,0.0062453,0.0066056,0.0080047,0.011998,0.0157,0.06888,0.079543,0.016815,0.0085693,0.0067731,0.00464,0.0038511,0.0045605,0.016251,0.001402,0.00022658,0.00071255,0.00063516,0.00047218,0.00026265,0.0011601,0.0011998,0.013914,0.010232,0.0031294,0.001746,0.0013383,0.0012784,0.0012324,0.0012398,0.0057488,0.00099862,0.00090611,0.001149,0.00097066,0.0015636,0.0018938,0.0025707,0.002193,0.020339,0.019647,0.0041856,0.0026979,0.0022027,0.0017426,0.0015508,0.0015068,0.013764,0.0051435,0.0058698,0.0057686,0.005791,0.0062633,0.0089094,0.013134,0.035347,0.18353,0.021642,0.008957,0.0046486,0.0030571,0.0014022,0.0021556,0.0006485,0.0016442,0.0021921,0.0016149,0.00071685,0.0010013,0.0010543,0.0019383,0.0010559,0.0022444,0.051995,0.0049293,0.0020618,0.000841,0.00036017,0.001734,0.00085972,0.00040818,0.0028744,6.2524e-05,0.00030231,0.00024171,0.00035726,0.00086706,0.00083574,0.0036308,0.0028512,0.057449,0.010678,0.0029139,0.0020143,0.0019916,0.0013708,0.00137,0.001463
0.0070554,0.0021277,0.0014512,0.0025773,0.002279,0.0022155,0.0024651,0.002681,0.010986,0.011715,0.028525,0.0075882,0.0031375,0.0035309,0.0030909,0.0043238,0.0025044,0.0034085,0.0010354,0.00040092,0.0009523,0.0011175,0.0013985,0.0014317,0.0025036,0.004374,0.0022413,0.0091445,0.0024668,0.0011385,0.00095625,0.0011604,0.00081656,0.00070383,0.0016861,0.0014824,0.0024946,0.003211,0.0042838,0.004615,0.0056365,0.006335,0.0075226,0.0047083,0.021406,0.0040835,0.0031048,0.0026054,0.0023552,0.0018195,0.001545,0.0061208,0.0071673,0.0080922,0.0079374,0.0085034,0.0094912,0.013296,0.022084,0.0316,0.12321,0.044771,0.019343,0.011899,0.0087194,0.0084457,0.0066909,0.0068341,0.012173,0.0019771,0.0013176,0.0022876,0.0014829,0.0020213,0.0020952,0.0040798,0.0052361,0.024401,0.0096928,0.0029572,0.0016454,0.0011941,0.001301,0.00034338,6.4857e-05,0.0014439,0.00032415,0.00019397,0.00032187,0.00036366,0.001067,0.001346,0.0049311,0.0042202,0.039801,0.0083408,0.0037118,0.0024466,0.0019772,0.0023272,0.0019526,0.0018215,0.02925,0.0020864,0.0037546,0.0025505,0.003244,0.0036823,0.0047274,0.0071966,0.004311,0.030184,0.075177,0.015608,0.0093781,0.0059709,0.0058771,0.005372,0.0051747,0.018185,0.00086408,0.00093549,0.00054974,0.0018363,0.00090691,0.00064664,0.0018362,0.0017385,0.0068897,0.0097611,0.0018348,0.0010596,0.00052574,0.00037112,0.00030739,0.00024033,0.0072766,0.0012997,0.0011386,0.0014681,0.0012749,0.001394,0.0018332,0.004095,0.004768,0.024889,0.022644,0.0043076,0.0024296,0.001714,0.0012418,0.0011535,0.00094415,0.014584,0.005599,0.0060934,0.0059396,0.0070699,0.0082176,0.010472,0.015493,0.033703,0.18375,0.037511,0.01291,0.0084754,0.005858,0.0058025,0.0033278,0.0033379,0.0049077,0.001164,0.001423,0.0021993,0.0017438,0.001771,0.0024756,0.0034343,0.0060948,0.049117,0.0059459,0.0026361,0.0020344,0.0014128,0.0005371,0.00072255,0.00046733,0.0028687,0.0011919,0.0010149,0.0013603,0.0015646,0.0013359,0.0018915,0.006447,0.0070676,0.058997,0.011054,0.0045814,0.0031069,0.0025721,0.0023554,0.0020694,0.0020104
0.0049668,0.0024118,0.0018747,0.00047071,0.00058206,0.0007726,0.0010639,0.00022629,0.0066036,0.011663,0.029288,0.0052259,0.0030421,0.0014876,0.0019674,0.001348,0.0015564,0.0011006,0.00050042,0.00070009,0.00052315,0.00097838,0.00082894,0.00038094,0.0012314,0.0012142,0.0068907,0.012749,0.0017265,0.0011937,0.00046514,0.00058616,0.00043194,0.00050163,0.002184,0.00098513,0.00082651,0.0008523,0.0010887,0.0010279,0.0016506,0.0029739,0.0018126,0.013616,0.027183,0.0033209,0.0019604,0.00161,0.0012394,0.0010249,0.0010891,0.002676,0.005332,0.0069802,0.0049088,0.00658,0.0077335,0.0089826,0.013628,0.021538,0.16685,0.032496,0.010499,0.0059592,0.0035364,0.00078051,0.0026849,0.0015125,0.0087549,0.00060462,0.00090649,0.0013638,0.00095591,0.00090467,0.0012891,0.0015693,0.0025904,0.024959,0.0023488,0.0010506,0.0011877,0.00086558,0.0017681,0.00067501,0.00067521,0.0018082,0.0010766,0.0010009,0.0010846,0.0011787,0.0010705,0.0017655,0.0045511,0.0050489,0.042762,0.0022582,0.0021296,0.0015047,0.0010125,0.00055852,0.00073412,0.00062943,0.033482,0.0039385,0.0043438,0.0044247,0.0045908,0.0045161,0.0055957,0.0083234,0.014195,0.021152,0.072556,0.013676,0.007363,0.004891,0.0034667,0.0023167,0.0027161,0.01434,0.00011523,0.00033527,0.00036048,0.00037581,0.00076678,0.0007434,0.00078072,0.0017269,0.013329,0.010761,0.002244,0.0016892,0.0011172,0.0012238,0.001014,0.0011978,0.0038682,0.0010176,0.00094761,0.00089327,0.0010434,0.0011376,0.0013487,0.0028116,0.0047065,0.032295,0.024181,0.0050945,0.0028602,0.0022133,0.0016807,0.0016482,0.0015564,0.016716,0.0013573,0.0022189,0.0017706,0.0026077,0.0036471,0.0050915,0.0046663,0.0084191,0.19357,0.026569,0.010538,0.008568,0.0066786,0.0066423,0.0054487,0.0057679,0.0010357,0.00072695,0.0010087,0.0016743,0.00061722,0.0012707,0.0018229,0.0034389,0.0055511,0.04788,0.0061615,0.0039708,0.0026388,0.0023772,0.0022134,0.0017634,0.0016919,0.0015278,0.0018563,0.0019686,0.0021876,0.0023777,0.0026231,0.003353,0.006646,0.0086151,0.06044,0.00396,0.0028229,0.0016998,0.0010072,0.00062465,0.00035964,0.00021553
0.0021382,0.0018055,0.0022121,0.0010961,0.0012701,0.00098704,0.00096261,0.0018354,0.0075731,0.013299,0.028102,0.0042123,0.0030239,0.0011957,0.0016315,0.0023482,0.0014897,0.0013485,0.00016929,5.194e-05,0.00038479,0.00052822,0.00084492,0.00094673,0.00086538,0.0025213,0.0056372,0.01232,0.0019949,0.0011589,0.0012134,0.0010782,0.00092803,0.00088691,0.00012399,0.00057138,0.00076724,0.0006876,0.00095891,0.0012053,0.0015749,0.0026073,0.0048552,0.021607,0.028084,0.0055915,0.0035089,0.0024574,0.0021681,0.002167,0.0018711,0.0044652,0.0013776,0.0017491,0.0015643,0.0014829,0.0010214,0.0020727,0.002366,0.0070752,0.18028,0.012513,0.0013222,0.0015242,0.00092998,0.0013337,0.0012286,0.00033378,0.0037938,0.0011418,0.00068055,0.0010879,0.00050792,0.00042108,0.0004428,0.00030711,0.00054753,0.024262,0.0029463,0.00010627,0.00029534,0.00029333,0.0015914,0.00032311,0.00047113,0.0016365,0.0010643,0.0010667,0.0014461,0.0013454,0.0014606,0.0019202,0.0027053,0.0046499,0.039988,0.0061685,0.0024771,0.0015953,0.0009063,0.0013399,0.00094264,0.00087358,0.04094,0.0022683,0.0022317,0.0031888,0.0028533,0.0041007,0.0045381,0.0089304,0.015949,0.05488,0.078629,0.01917,0.01184,0.0090144,0.0087374,0.0078161,0.0063172,0.010771,0.00094328,0.00027724,0.00052361,0.0005897,0.00082266,0.0012142,0.0022816,0.0025167,0.013149,0.010544,0.0023294,0.0011274,0.00061577,0.00048551,0.00020055,0.0002308,0.0017052,0.0010615,0.001084,0.0013155,0.001385,0.0012433,0.0017592,0.0021874,0.0036945,0.019478,0.021061,0.0040132,0.0018719,0.0013739,0.00095412,0.00070798,0.00053789,0.015993,0.0028276,0.0093832,0.0024843,0.011688,0.004144,0.019954,0.0077919,0.067564,0.14355,0.097013,0.010754,0.033537,0.0076221,0.022842,0.0038965,0.022517,0.00076487,0.0012605,0.0032442,0.0012912,0.0035388,0.0014766,0.0058755,0.0037582,0.01703,0.039997,0.023528,0.0040729,0.0079064,0.0020425,0.005617,0.0022465,0.0042783,0.0092756,0.0026523,0.0058668,0.002919,0.0069604,0.0038438,0.0094877,0.0055944,0.022893,0.05215,0.023528,0.0062933,0.0057701,0.0020375,0.0022943,0.0011601,0.001379
0.0025464,0.0022907,0.0012048,0.0006997,0.00087756,0.00099551,0.0013196,0.0013505,0.0011699,0.019067,0.028445,0.005397,0.0048375,0.0019058,0.00098332,0.00047007,0.001669,0.0042878,0.0011092,0.00028377,0.00051274,0.00074322,0.0005021,0.00021995,0.00014139,0.00015434,0.004655,0.0077048,0.001302,0.00087995,0.00048234,0.00036054,0.00042549,0.00043488,0.00094797,0.0013489,0.0011761,0.0012851,0.0013056,0.0014213,0.0014129,0.0026492,0.002941,0.017513,0.022478,0.0037758,0.0016292,0.0011067,0.00053668,0.0005247,0.00032999,0.0055562,0.0045051,0.0043299,0.0045079,0.0043179,0.0052449,0.0076367,0.0098146,0.016515,0.24377,0.020709,0.0086229,0.0042924,0.0039646,0.00037835,0.0029002,0.0029011,0.001873,0.0004838,0.00052783,0.00023615,0.00029966,0.000425,0.00052728,0.00062411,0.0010408,0.023421,0.0042295,0.0008295,0.00048445,0.00040991,0.00067304,0.00067266,0.00031281,0.00047303,8.6097e-05,0.00024295,0.00019434,0.00049937,0.0005447,0.0010349,0.0005246,0.003924,0.020609,0.0083011,0.0032811,0.0024562,0.0020064,0.0016047,0.0014912,0.001545,0.032349,0.0046146,0.0051636,0.0060295,0.005446,0.0067122,0.0077953,0.0080844,0.016232,0.037604,0.070859,0.016228,0.0083314,0.0061333,0.0037277,0.0028315,0.0036736,0.0073167,0.00050266,0.0001938,0.00023425,0.00024711,0.00049351,0.00023338,0.00068651,0.0016876,0.0060709,0.0085651,0.0015185,0.0009282,0.00084222,0.0006939,0.00035332,0.00039673,0.0036259,0.0022535,0.0021815,0.0022688,0.002599,0.0027192,0.0029898,0.0037819,0.0073569,0.027402,0.018035,0.0043061,0.0022635,0.001381,0.00087659,0.00038293,0.00013925,0.0062886,0.0028999,0.0043251,0.0048745,0.0050619,0.0069935,0.0099561,0.016429,0.035285,0.17264,0.0625,0.028492,0.019062,0.016225,0.013569,0.013054,0.012095,0.00020025,0.001051,0.00063133,0.00099921,0.0011752,0.001808,0.0026749,0.0032539,0.0078389,0.044982,0.014369,0.0067595,0.005058,0.0037893,0.0043789,0.0036405,0.0032139,6.295e-05,0.0027536,0.0028075,0.0029568,0.0033382,0.0036641,0.0043282,0.0048825,0.010107,0.046175,0.013928,0.0050239,0.0029543,0.0019155,0.0012135,0.00092866,0.0009327
0.0034028,0.00062352,0.001339,0.00032598,0.00026932,0.00058302,0.00098009,0.0020907,0.0050905,0.018682,0.020084,0.0023575,0.00036186,0.0032593,0.0010012,0.0015379,0.0023384,0.0057317,0.00056442,0.00035321,0.00038492,0.00045425,0.00082642,0.00052474,0.00035975,0.0014378,0.0046465,0.0054171,0.00071365,0.00044157,0.00057931,0.00052369,0.00035525,0.00031852,0.0028782,0.00072989,0.00064713,0.00058186,0.00062995,0.00071607,0.00096579,0.0016021,0.0013631,0.016897,0.015452,0.0014398,0.00088501,0.0007023,0.00054046,0.00043275,0.00039102,0.00013542,0.0038772,0.0054033,0.0040275,0.0049923,0.0067206,0.0075883,0.011939,0.022334,0.3396,0.028167,0.016359,0.010344,0.0085685,0.0090097,0.006627,0.0074292,0.0048219,0.0011973,0.00090073,0.00084368,0.00045499,0.00041057,0.00047032,0.00086789,0.0019912,0.021598,0.0054607,0.00099376,0.00079217,0.00060245,0.0010383,0.0006902,0.0001068,0.00081445,0.00030324,0.00037434,0.00020553,0.00040323,0.00078333,0.00098352,0.0017406,0.0028972,0.0071392,0.0077361,0.0037235,0.0026579,0.0022619,0.001777,0.0016964,0.0016156,0.034562,0.0037533,0.0048234,0.0053291,0.0048668,0.0073901,0.0065482,0.010409,0.024982,0.054921,0.097084,0.015283,0.015486,0.0099611,0.0072022,0.0096413,0.0027542,0.0099794,0.002523,0.00028368,0.0024242,0.0015912,0.0010792,0.0025624,0.0013345,0.0070626,0.0056343,0.016332,0.0030463,0.00324,0.0015105,0.0015055,0.0014277,0.0012207,0.0036583,0.0019533,0.0009694,0.0019418,0.0020309,0.0021,0.0039985,0.0013607,0.013199,0.0098492,0.020832,0.0049873,0.0048275,0.0042723,0.0017542,0.003864,0.00031662,0.024018,0.0098066,0.0096062,0.0098696,0.010899,0.012316,0.01548,0.021727,0.038474,0.15219,0.039671,0.017696,0.009555,0.0060328,0.0048898,0.0042771,0.0034562,0.0065537,0.0030099,0.0030847,0.0029455,0.0033641,0.0040113,0.0049444,0.0063408,0.010259,0.048674,0.017972,0.0060677,0.0034145,0.0024436,0.00084734,0.00059731,0.00064088,0.0053788,0.0017217,0.001961,0.0021562,0.0024674,0.0027393,0.0035984,0.0053461,0.0099535,0.04054,0.02081,0.0083767,0.0056371,0.0044217,0.0040085,0.0036741,0.0035668
0.00593,0.00091476,2.6579e-05,0.0013559,0.00088657,0.001379,0.0017615,0.0016711,0.0092478,0.019175,0.0070524,0.0038375,0.0042579,0.0018248,0.0015488,0.0015551,0.0012989,0.005087,0.0008685,0.00014813,0.00064433,0.00077794,0.00080862,0.00074375,0.00059988,0.0017152,0.0095457,0.0098033,0.0021914,0.0011924,0.001068,0.0007245,0.00071465,0.00075341,0.0029889,0.0004068,0.00033414,0.0005164,0.00049898,0.0005939,0.00055803,0.00085388,0.0018596,0.0066696,0.01638,0.00026109,7.9233e-05,0.00025615,9.924e-05,0.00011325,5.5313e-05,0.00076295,0.0052679,0.0048459,0.0049194,0.0057211,0.0066643,0.007382,0.010973,0.013229,0.38846,0.027545,0.0085425,0.0054677,0.0029307,0.0024403,0.0017635,0.00064089,0.0081235,0.00034189,0.00047554,0.00066139,0.00016259,0.00030295,0.00040154,0.00050019,0.00037241,0.02024,0.0048942,0.00044122,0.00049141,0.00070516,0.00066119,0.0002033,9.3449e-05,0.00085258,0.0014446,0.0015757,0.001661,0.0017221,0.0020688,0.002495,0.0028303,0.0058344,0.038695,0.0060952,0.0026006,0.0015865,0.00065896,0.00087443,0.00044669,0.00035286,0.031523,0.0010669,0.0019278,0.0025069,0.0026819,0.0040822,0.0044063,0.0088112,0.015384,0.039326,0.090332,0.021585,0.013862,0.011451,0.0095878,0.0087831,0.0070668,0.012839,0.00086648,0.00040357,0.00026725,0.00025376,0.00017775,0.0002031,6.2517e-06,0.00049513,0.008982,0.0053229,0.00062933,0.00050642,0.00036587,0.00042643,0.00048332,0.00048635,0.0026398,0.0016002,0.0014863,0.001655,0.0019281,0.0021153,0.0026235,0.003001,0.0050419,0.03499,0.016258,0.0042747,0.0024487,0.0018859,0.0015644,0.0012845,0.001133,0.016693,0.0016488,0.0014941,0.0027167,0.0044694,0.0062777,0.0095435,0.015347,0.033774,0.10089,0.074654,0.031271,0.022036,0.017761,0.015308,0.013702,0.014736,0.0029049,0.0008463,0.00012051,0.00066562,0.0011055,0.0015655,0.0026096,0.0041135,0.0076713,0.04079,0.016649,0.0087575,0.005958,0.0054134,0.0042337,0.0040355,0.0033703,0.0061494,0.0032319,0.0032333,0.0034107,0.0039538,0.0043528,0.0054123,0.0067177,0.011971,0.056791,0.021505,0.0076431,0.0048546,0.0034208,0.0028458,0.0025874,0.002327
0.0031491,0.00078121,0.00096367,0.00082081,0.0010825,0.000918,0.0011256,0.0024745,0.0082185,0.0073712,0.021621,0.003098,0.00087637,0.001284,0.00098085,0.0014601,0.0029393,0.00047493,0.00044623,0.00028776,0.00036504,0.00062606,0.00088343,0.00079329,0.00019337,0.00086075,0.0047928,0.013717,0.0012295,0.0005733,0.00043094,0.00016782,0.0002541,0.00034905,0.0009613,0.00090628,0.00093302,0.0010672,0.0011457,0.0014618,0.0017976,0.0020444,0.0028253,0.013177,0.028077,0.0040449,0.0023762,0.0018431,0.0015177,0.0012685,0.0013161,0.0056783,0.0064478,0.0057496,0.0073772,0.0072701,0.0089964,0.011218,0.014415,0.030487,0.28564,0.054725,0.020133,0.012471,0.010135,0.0085017,0.0091886,0.0083677,0.0091115,0.00029058,0.00055801,0.00021759,0.00060963,0.00059062,0.0010049,0.00082076,0.0015088,0.023708,0.0009968,0.00060543,0.00037993,0.00058519,0.00057644,0.00013114,0.00050545,0.00061036,0.00046311,0.00073508,0.00072534,0.00099268,0.00091823,0.0011488,0.0030808,0.0045849,0.043714,0.017737,0.0048302,0.0031215,0.0023607,0.0024682,0.0021909,0.0021439,0.040196,0.0032183,0.0037144,0.0052147,0.0048767,0.0056021,0.0065546,0.010124,0.02094,0.038393,0.080789,0.021816,0.012782,0.010416,0.0091752,0.0083623,0.0088579,0.016146,0.0012123,0.00042303,0.001927,0.0023207,0.0013351,0.0014795,0.0017299,0.0033865,0.011088,0.004159,0.0021358,0.0012546,0.00079206,0.00056528,0.00055619,0.00057795,0.0025464,0.0012819,0.0014518,0.0013603,0.0015561,0.0018599,0.0020844,0.0028581,0.0060515,0.018852,0.015181,0.003068,0.0017666,0.0012344,0.001059,0.00079894,0.00071525,0.0051137,0.01011,0.010511,0.01149,0.012177,0.013738,0.016556,0.021607,0.037063,0.16191,0.050627,0.021994,0.011974,0.0073068,0.0048176,0.0040761,0.0031682,0.0043221,0.003155,0.003661,0.0042062,0.0040018,0.0043338,0.0054347,0.0069262,0.011113,0.043428,0.018063,0.0072381,0.0042926,0.0029526,0.0018441,0.0011108,0.0011559,0.00083352,0.0034981,0.0035901,0.0038103,0.0040333,0.0047519,0.0056696,0.0085356,0.013213,0.054967,0.023232,0.0083595,0.0048371,0.0032638,0.0024818,0.0022079,0.0020542
0.0010548,0.0023408,0.0013064,0.0010043,0.0014619,0.0021868,0.0032087,0.0052033,0.011931,0.023007,0.028004,0.0048529,0.0041099,0.0017937,0.0023799,0.002145,0.0025387,0.00020599,0.00052503,0.00067687,0.00067174,0.00092912,0.00075008,0.0010147,0.0018009,0.0034973,0.010242,0.015408,0.0031316,0.0017421,0.0014028,0.0010527,0.00089093,0.00084689,0.0031262,0.00066304,0.0006842,0.00075153,0.00085019,0.0011492,0.0015795,0.0018016,0.0040347,0.01,0.024769,0.0033307,0.001519,0.0011152,0.0010025,0.0010048,0.0008793,0.010018,0.012924,0.012706,0.013858,0.015808,0.017664,0.022467,0.033823,0.068703,0.36701,0.040449,0.019042,0.012637,0.0085819,0.005711,0.0053882,0.0049516,0.0082094,0.0010807,0.00076692,0.00063077,0.0010177,0.0013085,0.0013803,0.0020599,0.0043051,0.020737,0.0015776,0.0016961,0.0010221,0.0010209,0.0014278,0.00063256,0.00052262,0.0014172,0.0020749,0.0021521,0.0022993,0.0026077,0.0031517,0.0039594,0.0048564,0.010353,0.01034,0.0084738,0.0052345,0.0033923,0.0024405,0.0022448,0.0020712,0.0020237,0.031109,0.0051284,0.0049195,0.0045699,0.0047168,0.0046239,0.0071096,0.0079163,0.011644,0.020934,0.05937,0.014669,0.0079269,0.0062308,0.0056228,0.0045888,0.0048981,0.012013,0.00091563,0.0009452,0.00051951,0.0005417,0.00019458,0.0011002,0.0011648,0.0014156,0.010212,0.0075026,0.0014551,0.0011077,0.0004345,0.0002265,0.00023276,0.00020219,0.0050851,0.0028908,0.0028964,0.0031176,0.0032985,0.0037603,0.0046081,0.0064426,0.0099534,0.038828,0.027787,0.0066218,0.0032843,0.0018779,0.0012254,0.00053185,0.00019455,0.021798,0.0090383,0.0089251,0.0090279,0.010354,0.0122,0.01437,0.018433,0.032235,0.16128,0.071496,0.026404,0.016387,0.012391,0.0097459,0.0093673,0.0082056,2.0992e-05,0.0028272,0.0023521,0.0025235,0.0028525,0.003967,0.0043142,0.0064886,0.010403,0.041673,0.022054,0.0087687,0.0054978,0.0041454,0.0041493,0.003516,0.0031262,0.0017643,0.00050299,0.00067715,0.0010321,0.0017032,0.0022907,0.0038444,0.0055577,0.012879,0.029538,0.022157,0.011277,0.0077879,0.00637,0.0057188,0.005348,0.0052434
7.0576e-05,0.00022016,0.0008942,0.00042081,0.001155,0.00076067,0.0018198,0.0022567,0.004006,0.0093204,0.029395,0.0073374,0.0036396,0.0045634,0.002163,0.0023266,0.0041676,0.0050011,0.00028404,0.00025644,0.00015628,0.00054629,0.0004488,0.00042394,0.00064188,0.0010979,0.0074971,0.009649,0.0015067,0.0008976,0.00048599,0.00022988,0.00040634,0.00038147,0.0060311,0.0018882,0.0020698,0.0021587,0.002308,0.0027445,0.0028323,0.0045065,0.0056511,0.016342,0.029028,0.0062338,0.0032026,0.0021361,0.0017235,0.001195,0.0012856,0.006899,0.008931,0.0097012,0.010747,0.012101,0.014316,0.020087,0.028268,0.071946,0.37906,0.061907,0.030215,0.021033,0.017505,0.015538,0.012864,0.013338,0.0049229,0.00016387,0.0002737,0.00026604,0.00027207,0.00032417,0.00064697,0.00040147,0.0013697,0.024783,0.0020749,0.00011778,0.00055956,0.00040278,0.00031865,0.00066601,0.00064659,0.0023594,0.00096279,0.00090742,0.0010995,0.0011364,0.001372,0.0018852,0.0023348,0.0032329,0.052972,0.0089205,0.0024861,0.0011508,0.00078148,0.00046799,0.00039015,0.00020027,0.035351,0.0029647,0.002951,0.0032488,0.0042491,0.0046751,0.0070459,0.011163,0.01647,0.07288,0.079794,0.025543,0.015831,0.013784,0.01193,0.010515,0.0097772,0.0082265,0.00023608,0.00070333,0.00068707,0.00083353,0.0014967,0.0014632,0.0020868,0.0023312,0.012351,0.0096473,0.0022391,0.00097539,0.0012431,0.00078734,0.00036878,0.00091363,0.0012799,5.4593e-05,6.4015e-05,0.00015399,0.0003056,0.00036593,0.00040894,0.00033869,0.0025956,0.016417,0.012593,0.0021265,0.000796,0.00045484,0.00043307,0.00025747,0.00027277,0.014105,0.0047404,0.0058453,0.0042857,0.0036518,0.0085942,0.011739,0.0091512,0.011116,0.14109,0.059055,0.016709,0.00995,0.014047,0.013228,0.0085642,0.0059835,0.0036889,0.00016363,0.00049038,0.001171,0.0016472,0.0025176,0.0025501,0.0040948,0.010791,0.042541,0.020213,0.007889,0.0064454,0.0051959,0.0043578,0.0044792,0.0044327,0.0058308,0.0044097,0.0046168,0.005029,0.0054029,0.0057555,0.0076336,0.012711,0.020643,0.064374,0.027094,0.010883,0.0074944,0.0047605,0.0037556,0.003895,0.0041066
0.0043698,0.0029403,0.0013204,0.0016204,0.0018787,0.0025312,0.0021963,0.0040606,0.0062689,0.015038,0.027855,0.0058773,0.0043583,0.0031953,0.0028401,0.0027205,0.0012455,0.0084783,0.00111,0.00047481,0.00048494,0.00054369,0.00049333,0.0012124,0.0014189,0.0030352,0.0066866,0.0089402,0.0025243,0.0010575,0.0010486,0.0011042,0.0008612,0.0008068,0.003933,0.00054037,0.00047864,0.00064068,0.00080037,0.00053737,0.00064494,0.0013794,0.0034185,0.0092782,0.019824,0.0042579,0.0024511,0.0016463,0.0012636,0.0014646,0.0012474,0.00093842,0.005808,0.0057998,0.0068403,0.0078669,0.0095704,0.012771,0.018198,0.038551,0.31545,0.048304,0.024393,0.018485,0.015182,0.013066,0.011676,0.012566,0.0043545,0.00020823,0.00071715,0.00055021,0.00063842,0.00076975,0.0011672,0.0013771,0.0030908,0.023937,0.002216,0.0011854,0.00083045,0.00095837,0.00070811,0.00075092,0.00078774,0.00028799,0.00039946,0.00042523,0.00066688,0.00088041,0.0012754,0.002298,0.0032891,0.0058918,0.010173,0.012876,0.0060155,0.004302,0.0034989,0.0031187,0.0029957,0.0029583,0.029211,0.0023752,0.0019392,0.001687,0.0022324,0.003375,0.0044991,0.0065045,0.012355,0.025809,0.070965,0.019075,0.012258,0.0076999,0.0080344,0.0070756,0.008135,0.0096589,0.00092469,0.0011348,0.00068948,0.00053532,0.0012733,0.0010796,0.0023544,0.0030581,0.012883,0.011541,0.0024788,0.0018314,0.0011418,0.00085829,0.00068659,0.00068665,0.00011825,0.0022758,0.0022234,0.0026651,0.0029955,0.0033598,0.0039479,0.0056798,0.0091076,0.031283,0.023866,0.007832,0.0046382,0.003465,0.002955,0.0025882,0.0025673,0.016581,0.001872,0.0028486,0.0037707,0.0051958,0.0067183,0.0097693,0.016391,0.035977,0.17286,0.067545,0.030316,0.020761,0.016557,0.015273,0.014189,0.012312,0.0053025,0.0011367,0.00086715,0.0013497,0.0015509,0.0022477,0.0028988,0.0048038,0.009401,0.041654,0.022716,0.0097816,0.0070767,0.005912,0.0047793,0.0043426,0.0045625,0.0049725,0.0028408,0.0027731,0.002927,0.0031724,0.0039721,0.0047614,0.0068305,0.010263,0.029885,0.017918,0.0087032,0.0055998,0.0044075,0.0038777,0.0033997,0.0034848
0.0070249,0.0019306,0.0018137,0.00022541,0.0016508,0.0021245,0.001952,0.0031225,0.010961,0.0091152,0.026361,0.0065872,0.0055689,0.0024734,0.002515,0.0024267,0.0033017,0.009781,0.00013725,0.00059472,0.00028119,0.00037768,0.00065451,0.00041832,0.00060008,0.001639,0.0072213,0.0047868,0.00086567,0.00084451,0.00076232,0.00041575,0.00039139,0.00035097,0.00083544,0.001816,0.0018979,0.0021238,0.0022411,0.0026443,0.0031416,0.0040262,0.0060915,0.011341,0.022446,0.0049027,0.002506,0.0017754,0.0012124,0.00072415,0.00083923,0.00058364,0.010145,0.0094775,0.010125,0.011344,0.013891,0.017443,0.02463,0.056312,0.4272,0.025414,0.012488,0.0087446,0.0061341,0.0048888,0.0035977,0.002636,0.0055257,0.00046806,0.0002941,0.00022031,0.00077189,0.00041855,0.00058935,0.0010866,0.0025683,0.022702,0.0050919,0.0015154,0.0011789,0.0010767,0.00090957,0.00066204,0.00038721,0.0023404,0.00074927,0.00095838,0.0010242,0.0012514,0.0012543,0.0018848,0.0021738,0.005169,0.048292,0.0047869,0.0025707,0.0016794,0.001575,0.00092123,0.0010457,0.00097466,0.018708,0.0073732,0.0068157,0.0080847,0.0088153,0.010233,0.011732,0.016289,0.02353,0.082759,0.078491,0.020877,0.010994,0.0067538,0.0058985,0.0043351,0.0035096,0.0089017,0.00030993,0.00027199,0.00033405,0.00025651,0.00046971,0.00071173,0.00094525,0.0017859,0.010935,0.0093224,0.0026684,0.0017361,0.0012973,0.00091874,0.0012693,0.0011769,0.0057717,0.0008365,0.00092245,0.00083358,0.00099041,0.0011867,0.0014552,0.0018864,0.0024588,0.026996,0.0097692,0.002465,0.0014906,0.00093957,0.00069752,0.00073777,0.0007477,0.0047608,0.012578,0.013477,0.013895,0.015409,0.017209,0.021545,0.029659,0.054556,0.091781,0.06332,0.024095,0.013468,0.0097376,0.0054387,0.0036422,0.0039674,0.0046082,0.002958,0.0032173,0.0024855,0.0033971,0.0036891,0.0045904,0.0058033,0.0094124,0.047233,0.013234,0.0050424,0.0029628,0.001915,0.0014275,0.0009684,0.00060272,0.0022831,0.0020697,0.0019053,0.0022209,0.0023847,0.0033043,0.0038737,0.0050215,0.0085303,0.067654,0.022844,0.0085194,0.0055438,0.0044583,0.0037075,0.0033168,0.0033551
0.007454,0.00058855,0.00072499,0.0013215,0.0012273,0.0013774,0.0017681,0.0029734,0.012504,0.010775,0.018428,0.0047403,0.0029882,0.0025789,0.0025661,0.0030082,0.0029221,0.0038472,0.0015422,0.00067624,0.00089233,0.0011816,0.00035924,0.00037827,0.0011274,0.0028007,0.0041345,0.0045747,0.0011744,0.00057931,0.00044761,0.00022764,0.00038689,0.00035669,0.0019226,0.00032755,0.00026597,0.00039987,0.00051231,0.00028082,0.0005715,0.0012972,0.0031835,0.015259,0.014699,0.0023873,0.00128,0.0010689,0.00086498,0.00070397,0.00077439,0.017229,0.017562,0.016835,0.012661,0.02989,0.032941,0.017662,0.08541,0.20728,0.12284,0.099866,0.10322,0.043187,0.024567,0.056742,0.044061,0.0082685,0.0085927,0.0016104,0.00058864,0.00042684,0.0019617,0.0017326,0.00088642,0.0057039,0.014598,0.012617,0.0097979,0.0059015,0.0023976,0.002195,0.0033022,0.0029593,0.00078393,0.0040665,0.0036017,0.0019858,0.0046805,0.0064593,0.0041961,0.0037693,0.012645,0.024753,0.028946,0.0094596,0.009601,0.0056808,0.0016301,0.0023736,0.0027762,0.002472,0.035084,0.0057756,0.003956,0.0032016,0.0064569,0.0090934,0.0070627,0.0040579,0.014465,0.045216,0.081768,0.017588,0.007155,0.0057507,0.0049631,0.0054699,0.0043336,0.013745,0.0018422,0.0015939,0.00093065,0.00071033,0.0015661,0.001986,0.0020664,0.0011783,0.0096741,0.010929,0.0030884,0.0014327,0.0012274,0.0017567,0.0014133,0.00086213,0.0050698,0.0024151,0.0037874,0.0033185,0.0011226,0.002305,0.0055676,0.0080703,0.0072622,0.011425,0.019638,0.0095811,0.0042598,0.0015838,0.0020738,0.0026248,0.0025177,0.018761,0.00093195,0.0017498,0.0022693,0.0024926,0.0043359,0.0063748,0.010697,0.021957,0.19604,0.042323,0.021828,0.014678,0.013169,0.010974,0.0093294,0.009823,0.0037785,0.0021718,0.0010719,0.0023225,0.001744,0.0020013,0.0027668,0.0049837,0.0078306,0.044153,0.016183,0.0084439,0.0052672,0.00418,0.0043117,0.0038299,0.0036679,0.0027981,0.00093238,0.00097152,0.0011016,0.0017854,0.0023586,0.0031374,0.0052024,0.0096267,0.048898,0.016852,0.0091088,0.0062915,0.0052152,0.004515,0.0042556,0.0041714
0.0012303,0.005328,0.0047525,0.0041172,0.0056254,0.0049789,0.0078938,0.0097272,0.021961,0.040009,0.015647,0.0078685,0.0031346,0.0038138,0.0034768,0.0016168,0.0015927,0.0019627,0.0011345,0.002089,0.0030097,0.00086009,0.00214,0.001459,0.0014037,0.006276,0.020017,0.0063502,0.0019599,0.0006631,0.00093676,0.00012532,0.00044615,0.00029946,0.0052663,0.0021079,0.0031199,0.0022511,0.0034423,0.002838,0.0049179,0.0054657,0.013879,0.0077762,0.015289,0.0053573,0.0021225,0.0011933,0.0010736,0.00043924,0.00079539,0.0043755,0.0028528,0.0062826,0.0065645,0.013701,0.020804,0.032861,0.066891,0.18927,0.43165,0.084943,0.058139,0.044154,0.039051,0.035161,0.033241,0.031167,0.0089399,0.0015675,0.0023939,0.0049043,0.002451,0.0019937,0.00085592,0.0046937,0.0096993,0.016972,0.0045519,0.0023801,0.0022587,0.0011653,0.0022194,0.0013687,0.0021763,0.003399,0.0038483,0.0033582,0.0049865,0.0042721,0.0060612,0.00798,0.011572,0.026135,0.044912,0.0048756,0.0037927,0.0025923,0.0016459,0.0015134,0.00097647,0.00099948,0.041798,0.010245,0.011385,0.01005,0.012779,0.013621,0.017029,0.025598,0.053795,0.074171,0.060272,0.030202,0.014027,0.012575,0.0088443,0.0057244,0.0071145,0.013338,0.0030701,0.0012574,0.002762,0.00056998,0.0010621,0.0010273,0.0015702,0.0054332,0.01448,0.0034733,0.002009,0.0016047,0.0010985,0.0010179,0.0013215,0.00058937,0.0033017,0.0004183,0.0011883,0.0013169,0.00095846,0.00069861,0.0013887,0.00099044,0.0078099,0.04644,0.012215,0.0028159,0.0020805,0.0015245,0.0012062,0.0013142,0.00085641,0.026724,0.0103,0.012164,0.014166,0.012511,0.015766,0.019341,0.021416,0.060485,0.11686,0.054373,0.023672,0.013214,0.0097996,0.0073924,0.0058433,0.0050183,0.00071333,0.0025091,0.00092739,0.0051835,0.0036919,0.001717,0.0024742,0.0030071,0.0088073,0.049178,0.0056011,0.0033901,0.001573,0.0013821,0.00068881,0.00069078,0.0011444,0.0014305,0.0012751,0.0011216,0.0030547,0.0018479,0.0032436,0.0049449,0.008761,0.021834,0.06543,0.012042,0.0082472,0.0056711,0.0050992,0.0043145,0.0043515,0.0038338
0.0080205,0.0021545,0.0016513,0.0031144,0.0039089,0.0036038,0.0045996,0.01094,0.094925,0.013854,0.0025399,0.0023988,0.0033764,0.00093688,0.0015279,0.0020944,0.0038586,0.025046,0.007364,0.0019182,0.0043993,0.0030236,0.0017736,0.0012883,0.0014176,0.0211,0.010458,0.0018835,0.0010626,0.0020586,0.00051796,0.00076094,0.00086024,0.00097848,0.010746,0.0038646,0.002644,0.0030323,0.0034325,0.0042821,0.0064128,0.0098259,0.044036,0.019482,0.003309,0.00090967,0.0012049,0.0008013,0.000867,0.00077152,0.00090792,0.014094,0.0079973,0.0038174,0.0085184,0.0042004,0.0064503,0.014199,0.062013,0.40535,0.097043,0.014546,0.0032384,0.00047324,0.0015541,0.00011516,0.00072557,0.00055125,0.011372,0.0040043,0.0019513,0.0075439,0.0016264,0.0015274,0.0020529,0.0062541,0.010095,0.0042999,0.00076258,0.0012396,0.00097815,0.00099148,0.00086235,0.00021676,0.0018845,0.0052663,0.0026831,0.0018626,0.0016291,0.0023598,0.0023115,0.0039601,0.01232,0.039232,0.043205,0.0089009,0.003714,0.0023219,0.0020047,0.0013418,0.001243,0.00054359,0.011225,0.015923,0.012645,0.013629,0.015279,0.018293,0.024492,0.03933,0.072547,0.13674,0.04285,0.020433,0.012398,0.0076792,0.0041043,0.0039445,0.0032864,0.0032864,0.0068058,0.0034419,0.0020793,0.0013738,0.0019852,0.0036224,0.0059957,0.020624,0.0056397,0.0034739,0.00249,0.0022625,0.0012258,0.0013712,0.0013235,0.001173,0.0018025,0.0017622,0.00047435,0.0011508,0.0016534,0.00078759,0.0020394,0.008497,0.0241,0.0071381,0.0012097,0.0020633,0.0019673,0.0012508,0.0013661,0.0013308,0.0013638,0.017813,0.019675,0.021395,0.021807,0.026334,0.033308,0.04586,0.075825,0.23302,0.14766,0.05393,0.030662,0.022253,0.017328,0.014111,0.010553,0.013216,0.016083,0.008157,0.0049314,0.003987,0.0033313,0.0035086,0.0035496,0.0046591,0.0096525,0.035599,0.0079079,0.0039412,0.0028963,0.002473,0.0020336,0.00075913,0.002388,0.0035229,0.0017909,0.0020619,0.0011667,0.0015365,0.0041676,0.0064018,0.014328,0.046245,0.058791,0.01902,0.011706,0.0085709,0.0075431,0.006461,0.0063107,0.0058232
0.016085,0.0087877,0.0075675,0.0085283,0.010911,0.014177,0.023062,0.070195,0.10705,0.024019,0.012458,0.0085834,0.0076788,0.0058563,0.005531,0.0037326,0.0043202,0.068586,0.0052334,0.0022742,0.0029533,0.0016331,0.0017406,0.0017987,0.003587,0.014348,0.0038156,0.0012106,0.00058355,0.00047694,0.00028282,0.00041986,0.00068917,6.865e-05,0.021456,0.0028064,0.0017463,0.0016291,0.001692,0.0024188,0.0036931,0.024274,0.027952,0.0075897,0.0023982,0.0013846,0.0012116,0.00094484,0.0008217,0.00028886,0.00063896,0.037974,0.023809,0.022171,0.023225,0.027816,0.037465,0.058364,0.065298,0.49989,0.037426,0.02151,0.012648,0.0093149,0.0064295,0.0038218,0.0017474,0.0028744,0.028584,0.001335,0.00083144,0.0028958,0.0011436,0.001527,0.0034373,0.021573,0.011879,0.0037657,0.0019524,0.0011396,0.00084618,0.0017549,0.0011875,0.0029791,0.00016784,0.0052872,0.0018815,0.0025277,0.003358,0.005388,0.008873,0.018027,0.094331,0.050361,0.023643,0.013047,0.010109,0.0084714,0.0076526,0.0068015,0.0068428,0.0073281,0.022377,0.0053444,0.0032622,0.0050535,0.0081848,0.013711,0.025476,0.078298,0.19611,0.033943,0.022908,0.017184,0.01355,0.012473,0.012187,0.012627,0.0099603,0.02954,0.0025244,0.0011748,0.00046655,0.0010327,0.0015064,0.0024655,0.0037074,0.013545,0.0062238,0.002595,0.0023027,0.0018672,0.0011932,0.0014333,0.0015088,0.0018025,0.0040131,0.0025997,0.0024068,0.0022233,0.0025979,0.0043683,0.0060842,0.017697,0.027942,0.0063946,0.0028064,0.0019897,0.0016802,0.00092577,0.00056521,0.0014796,0.0007248,0.052083,0.040147,0.040204,0.043549,0.049723,0.061835,0.090032,0.28877,0.30729,0.038325,0.013463,0.0076489,0.0094121,0.010805,0.01312,0.01681,0.014553,0.066491,0.0064655,0.0025007,0.001787,0.00057445,0.00042898,0.0016783,0.007203,0.0017016,0.001039,0.0014635,0.0015442,0.0014854,0.0014464,0.0013044,0.0017376,0.00047684,0.0052605,0.00451,0.0064813,0.0087155,0.011694,0.017184,0.029382,0.08663,0.058343,0.020275,0.0086351,0.006061,0.0059798,0.0066974,0.0067427,0.0066607,0.007248
0.035143,0.013663,0.011474,0.01425,0.01539,0.020785,0.039772,0.1469,0.077686,0.018259,0.01083,0.0070003,0.0055278,0.0051927,0.0039127,0.0012156,0.00045205,0.061233,0.0060807,0.0023597,0.0037825,0.0042185,0.0040886,0.0076086,0.048512,0.017858,0.0064351,0.0041849,0.0023088,0.0021428,0.002364,0.0017197,0.0015305,0.0017681,0.014656,0.0035838,0.0026435,0.0049027,0.0047252,0.0097601,0.019163,0.099736,0.033823,0.015911,0.011492,0.008306,0.007912,0.0058937,0.0065504,0.0060487,0.0058328,0.041424,0.021228,0.020855,0.026129,0.031449,0.041875,0.095778,0.42139,0.13173,0.057407,0.034333,0.02438,0.020221,0.017333,0.013758,0.01425,0.014565,0.014681,0.0044166,0.0016257,0.0015914,0.0015153,0.0020489,0.0029558,0.03473,0.0048429,0.0037351,0.0022915,0.0015241,0.0015149,0.0020673,0.0039358,0.0020401,0.0021725,0.0014668,0.0021674,0.002773,0.0034797,0.0038216,0.0067711,0.014384,0.14915,0.012316,0.0039408,0.0033934,0.0020057,0.002426,0.0017329,0.00083504,0.00099161,0.0010929,0.025092,0.0045366,0.0051961,0.0078436,0.013088,0.019327,0.036337,0.26337,0.05027,0.040587,0.026267,0.023223,0.01816,0.016546,0.015302,0.015593,0.016814,0.019562,0.0026708,0.0027561,0.0016233,0.0011832,0.001916,0.0053749,0.022318,0.013594,0.0048809,0.0047634,0.0028461,0.0025196,0.0024188,0.0021433,0.0026732,0.0029297,0.0044385,0.0023928,0.0032406,0.0030644,0.0035458,0.0055867,0.014025,0.12731,0.017368,0.0079724,0.0058833,0.0040027,0.0040247,0.0027804,0.0026231,0.0028022,0.0030346,0.02117,0.01176,0.01,0.011834,0.016005,0.019572,0.049471,0.31005,0.079332,0.029421,0.0086978,0.0077864,0.0033743,0.0043605,0.0014554,0.0011487,0.0018902,0.06286,0.003624,0.0032584,0.0035202,0.00078577,0.002144,0.003403,0.026074,0.0027313,0.0019396,0.0022151,0.0016357,0.0010766,0.0007969,0.0036336,0.00063593,3.8151e-05,0.0015068,0.0028579,0.0041344,0.004165,0.0042283,0.0063738,0.016565,0.18795,0.022945,0.0046073,0.0030357,0.0011923,0.0017178,0.001068,0.00031058,0.00040081,0.00052263
0.014824,0.017624,0.018144,0.020795,0.024394,0.031539,0.052838,0.14631,0.19613,0.020942,0.021435,0.014695,0.011669,0.01106,0.0095372,0.0086974,0.0049477,0.028971,0.0039238,0.0026806,0.0033895,0.0020935,0.0038246,0.0087231,0.0086428,0.013923,0.016252,0.0065932,0.0045914,0.0036784,0.002986,0.0029997,0.0028828,0.0031338,0.013664,0.0040185,0.0043814,0.0051959,0.0068696,0.010307,0.019571,0.047116,0.04138,0.026952,0.013553,0.0099482,0.0083222,0.0067919,0.0064421,0.0061499,0.0060731,0.069842,0.029236,0.031326,0.03471,0.042224,0.056266,0.097027,0.44922,0.37123,0.067009,0.039303,0.027664,0.022851,0.019621,0.017036,0.014823,0.015612,0.008957,0.0034625,0.0015078,0.0023395,0.001377,0.0021202,0.0049001,0.038734,0.008897,0.0038992,0.002388,0.0019063,0.0013067,0.0013371,0.0019246,0.00098169,0.0004692,0.0024357,0.0012082,0.001515,0.0026093,0.0030734,0.0053702,0.011476,0.13222,0.049361,0.0042341,0.0047421,0.004287,0.0033731,0.0029861,0.0034329,0.0034493,0.0024739,0.0026589,0.0059372,0.0047601,0.0065467,0.0088151,0.012999,0.0268,0.076945,0.26189,0.03673,0.0062831,0.0026412,0.0011253,0.0013621,0.0012498,0.0041778,0.0033494,0.0044461,0.0024211,0.0021013,0.0022797,0.0033028,0.0040641,0.0079033,0.023155,0.0052459,0.012357,0.0044633,0.0032534,0.0027,0.003275,0.0022426,0.0028917,0.0020848,0.0034562,0.0037017,0.00407,0.0048055,0.0061346,0.0090232,0.017803,0.066184,0.060859,0.022994,0.013002,0.0094544,0.0078388,0.0062142,0.0066849,0.0059143,0.0062371,0.027237,0.01218,0.013898,0.012928,0.013724,0.016539,0.019775,0.28402,0.17851,0.066858,0.023299,0.014717,0.0090459,0.0061062,0.0050431,0.0043094,0.00059511,0.036223,0.0041077,0.0015254,0.0035778,0.00098775,0.00058973,0.00052779,0.016795,0.022076,0.0055585,0.0020834,0.0018123,0.001444,0.00084217,0.0015269,0.0023418,0.0014858,0.0058728,0.0028573,0.0035591,0.0037525,0.0054234,0.0076417,0.015381,0.14471,0.079866,0.014227,0.0079345,0.0060475,0.0049334,0.0045138,0.0037725,0.0037467,0.0041219
0.016608,0.0026202,0.0018999,0.0014156,0.0031689,0.0040584,0.0087789,0.061828,0.16583,0.040333,0.006809,0.007147,0.0056253,0.0043144,0.0029908,0.0053103,0.0025692,0.01486,0.00185,0.00060711,0.00048187,0.0016489,0.0013836,0.0020014,0.011655,0.024624,0.010185,0.0037179,0.0016358,0.0012996,0.00091408,0.0010578,0.00092363,0.00099757,0.0062447,0.0011261,0.001019,0.0013707,0.0015879,0.0027217,0.0049294,0.037109,0.03625,0.026893,0.0029741,0.0013914,0.00033375,0.00030539,0.00050543,0.00068987,0.00056075,0.012934,0.008837,0.010465,0.01236,0.016868,0.022026,0.033626,0.22159,0.037708,0.14165,0.070245,0.045451,0.035174,0.031464,0.028979,0.028237,0.02344,0.010578,0.00096661,0.00065834,0.0016785,0.00029739,0.00063421,0.0011456,0.019859,0.014367,0.0028366,0.00072282,0.0011782,0.00078496,0.00072763,0.0011511,0.001181,0.0013199,0.0044118,0.0041527,0.0043304,0.0046574,0.0062695,0.0085183,0.014878,0.075094,0.054614,0.027096,0.01028,0.0063686,0.0054939,0.0047537,0.0044873,0.0039844,0.0035115,0.022488,0.010569,0.0092224,0.012024,0.012437,0.015379,0.019156,0.034535,0.17316,0.15306,0.024848,0.016081,0.011096,0.0077123,0.0057874,0.0089416,0.0033417,0.010185,0.0011084,0.0010701,0.0016568,0.0010241,0.0009725,0.0026154,0.011675,0.024272,0.001486,0.0028183,0.0014521,0.00087629,0.00046714,0.00057235,0.00025334,3.837e-06,0.0050221,0.00088881,0.00017835,0.00058703,0.0008064,0.0016944,0.0023691,0.040457,0.041521,0.0099578,0.0042619,0.0027394,0.0024357,0.0019725,0.0018933,0.0018851,0.0017834,0.062583,0.035251,0.034492,0.040705,0.045531,0.055534,0.082137,0.16511,0.12192,0.15322,0.056715,0.034,0.020448,0.015526,0.010704,0.0059529,0.0042287,0.019091,0.0038084,0.0024046,0.0038814,0.002522,0.0034009,0.0040759,0.012212,0.014338,0.016953,0.0045221,0.0023295,0.0016177,0.00095627,0.00073763,0.0013053,0.0014935,0.0073816,0.0058626,0.0065897,0.0066003,0.0080873,0.010064,0.016147,0.078935,0.055446,0.040927,0.0099072,0.0064102,0.0039821,0.0027704,0.0021256,0.0017256,0.001255
0.0051728,0.0025027,0.001103,0.0017838,0.0011687,0.00014123,0.00043954,0.012975,0.088415,0.052987,0.011478,0.0035613,0.0013172,0.0013702,0.0010048,0.0014792,0.0013199,0.01301,0.0011345,0.0013243,0.0010596,0.0010721,0.0016684,0.00068649,0.0022618,0.0075955,0.025182,0.0054188,0.0023015,0.0012651,0.00067996,0.00065002,0.00068734,0.00045206,0.0048962,0.0017306,0.0017707,0.0018892,0.002041,0.0025062,0.003255,0.01147,0.015852,0.028499,0.011975,0.0046447,0.0022296,0.0011415,0.0005409,0.00060545,4.7687e-05,0.019642,0.036774,0.031541,0.041746,0.039859,0.055499,0.070768,0.13166,0.45345,0.10764,0.085077,0.02156,0.030468,0.0072825,0.015068,0.0013114,0.010597,0.003624,0.0020512,0.0015511,0.00089075,0.0014521,0.0012991,0.0034983,0.0044512,0.017565,0.0066868,0.003268,0.0001922,0.0019247,0.0010111,0.0012123,0.001108,0.00081255,0.0056592,0.0061576,0.0051891,0.0051629,0.0080407,0.0042888,0.016838,0.027348,0.071706,0.020276,0.013099,0.0072992,0.0020011,0.0044488,0.0014365,0.0026734,0.0021496,0.032017,0.0072271,0.0052877,0.0020046,0.007504,0.013045,0.015579,0.0083416,0.059746,0.022099,0.03926,0.021592,0.011877,0.0054733,0.0020152,0.0068101,0.0047074,0.0046082,0.0024459,0.0021133,0.0013522,0.00048822,0.001624,0.0024913,0.0086958,0.0012879,0.018433,0.0055344,0.003602,0.0021884,0.0013013,0.00038389,0.0010976,0.0014878,0.0008526,0.002254,0.0039232,0.0040585,0.0025565,0.0021425,0.0079521,0.019977,0.017653,0.048962,0.017443,0.013408,0.0083124,0.0036139,0.0014394,0.0046055,0.0055791,0.011551,0.0040493,0.0041388,0.0036316,0.0046133,0.0050578,0.0047487,0.062148,0.22609,0.18124,0.011292,0.0060653,0.0055905,0.0047867,0.0027394,0.00395,0.0052377,0.010573,0.00078977,0.00045997,0.001525,0.0013327,0.0017929,0.0016754,0.0078203,0.010713,0.041482,0.0044249,0.0048313,0.0029319,0.0026588,0.0027933,0.0018846,0.0016041,0.00028801,0.00076651,0.00072304,0.00103,0.0008852,0.001754,0.0027511,0.036656,0.035985,0.052113,0.011715,0.0068551,0.0046187,0.0039467,0.0035758,0.0033553,0.0034276
0.00042154,0.0013262,0.0018949,0.0010906,0.0016505,0.0022345,0.0040226,0.011047,0.082505,0.048711,0.01452,0.0031474,0.0014051,0.00014716,0.001819,0.00042904,0.00020409,0.014866,0.0014626,0.00087668,0.0012681,0.0013829,0.0011212,0.0018416,0.003177,0.016198,0.010144,0.0080067,0.0023431,0.0011871,0.00046636,0.00053369,0.00041257,0.0002594,0.0079595,0.00088831,0.0010312,0.0012277,0.0010837,0.001351,0.00047469,0.0082323,0.020535,0.036942,0.014026,0.0040869,0.0020427,0.0015692,0.00072477,0.00089404,0.00074959,0.040093,0.031144,0.031456,0.035098,0.039519,0.047268,0.063474,0.074936,0.40213,0.23887,0.07628,0.042807,0.031441,0.025237,0.021161,0.017964,0.017979,0.0016632,0.0020732,0.0016664,0.0018326,0.0018686,0.0021008,0.0030985,0.0022874,0.01575,0.010001,0.0056575,0.0019857,0.0014884,0.00098112,0.0012697,0.00069326,2.2892e-05,0.0031815,0.0008083,0.001171,0.0014085,0.0025575,0.0038134,0.0074612,0.021964,0.039771,0.013136,0.012733,0.0081055,0.0063154,0.0055101,0.0048843,0.0045269,0.0046082,0.027314,0.0012683,0.00095174,0.0018806,0.0020661,0.0035651,0.0080306,0.0032677,0.079294,0.11145,0.032551,0.017666,0.012397,0.010569,0.0089178,0.0047975,0.0074121,9.9171e-05,0.00075867,0.00050821,0.00059717,0.00035098,0.00039299,0.0010274,0.0017622,0.0074001,0.013274,0.0052097,0.00215,0.0014911,0.0014263,0.00076137,0.00076851,0.00076295,0.00019072,0.00099591,0.0006417,0.00074317,0.0010513,0.0013341,0.0012838,0.0032898,0.0089841,0.005172,0.014599,0.005698,0.0039199,0.0032384,0.0026916,0.0025168,0.0024529,0.015553,0.019207,0.030336,0.02958,0.019566,0.015608,0.041899,0.093653,0.29887,0.18852,0.045514,0.0432,0.032156,0.018267,0.010937,0.012114,0.015198,0.013489,0.0035226,0.00651,0.0057818,0.0023034,0.003493,0.0093102,0.01348,0.013739,0.038953,0.017951,0.010036,0.0040039,0.0011571,0.0025149,0.0026303,0.0016213,0.0034714,0.0045422,0.0056429,0.0048878,0.0029806,0.0068913,0.010777,0.016904,0.014237,0.053714,0.020753,0.012297,0.0045662,0.0020007,0.0039685,0.0037857,0.0027047
0.0043107,0.0036897,0.0044228,0.0048068,0.0055738,0.006824,0.0087549,0.021008,0.040788,0.057412,0.011239,0.0046776,0.003215,0.0025396,0.001912,0.00045573,0.00015258,0.014969,0.0014904,0.0018213,0.0019851,0.0026624,0.0021535,0.0036295,0.0050914,0.013463,0.015596,0.0069075,0.0025698,0.0015038,0.0013889,0.00080899,0.0007799,0.00081636,0.0042496,0.0022111,0.0025081,0.0024066,0.0028154,0.0031432,0.0044517,0.0088019,0.022162,0.020918,0.014938,0.005774,0.0041028,0.0030514,0.0026946,0.0026881,0.0022354,0.029911,0.039472,0.041239,0.04294,0.048293,0.057568,0.074449,0.13007,0.36708,0.24236,0.073709,0.041824,0.025257,0.016765,0.010477,0.005341,0.0044938,0.00097086,0.0017765,0.0019571,0.0022838,0.0023626,0.0026691,0.0033268,0.0062734,0.015345,0.0076669,0.0050938,0.0022433,0.0012979,0.00077617,0.00085661,0.00097844,6.675e-05,0.0048447,0.0027554,0.0031143,0.0033842,0.0040241,0.0050682,0.0068551,0.0047569,0.037466,0.056687,0.01342,0.0088314,0.0065448,0.0058045,0.0047495,0.0046833,0.0047417,0.015839,0.01116,0.011559,0.012949,0.014226,0.016274,0.021704,0.034844,0.072493,0.062592,0.047308,0.020488,0.01247,0.0086793,0.0078513,0.00365,0.0030747,0.0043755,0.0011502,0.0011446,0.0011982,0.0013677,0.0013974,0.0016245,0.004006,0.0096504,0.021616,0.0057333,0.0024039,0.0014196,0.0015056,0.00091072,0.0010205,0.00089647,0.00067139,0.0006334,0.00080362,0.00076648,0.0011784,0.0014829,0.0018523,0.0041049,0.0093071,0.047313,0.0019587,0.00045193,0.00017863,0.00021478,0.00015832,0.00031773,0.00010301,0.0041428,0.0074352,0.007968,0.0096651,0.01217,0.017216,0.024646,0.054352,0.17796,0.12507,0.047941,0.029895,0.023921,0.020038,0.017793,0.018094,0.015747,0.0099966,0.00094216,0.00021802,0.00074123,0.00050067,0.00077167,0.0011346,0.0017585,0.0067045,0.045649,0.0059739,0.0031302,0.0021961,0.0017625,0.0019363,0.0015613,0.0017224,0.0037156,0.002784,0.00309,0.0032587,0.0038486,0.0053309,0.0062118,0.0048671,0.034284,0.072116,0.016589,0.0094327,0.0068132,0.0054772,0.0050967,0.00478,0.0045357
0.00088121,0.003175,0.0027448,0.0030115,0.0033864,0.0043953,0.0060618,0.0094197,0.046008,0.049099,0.011143,0.0056029,0.00466,0.0031767,0.0035894,0.0020766,0.0021706,0.0069333,0.00028843,0.00088936,0.0010781,0.00094045,0.0012201,0.0023137,0.0031801,0.012734,0.0054661,0.0064964,0.0033116,0.0028067,0.002293,0.0019894,0.0018596,0.0015545,0.0043812,0.00079761,0.00052069,0.00076561,0.00081867,0.0014628,0.0018693,0.0031496,0.014876,0.030967,0.010335,0.0044317,0.0032625,0.0023972,0.0024772,0.0022207,0.0022869,0.040816,0.037033,0.038941,0.042048,0.046846,0.055793,0.073186,0.10986,0.32467,0.35301,0.092536,0.056502,0.039477,0.030329,0.025436,0.024155,0.023569,0.0066434,0.0020917,0.0020055,0.0022724,0.002562,0.0029723,0.0038264,0.0049482,0.013785,0.010501,0.0043046,0.0030038,0.0017306,0.0012292,0.0011711,0.0014286,0.00046348,0.002945,0.0034777,0.0033903,0.0037615,0.0043471,0.0050786,0.0070774,0.014908,0.034631,0.014372,0.0090094,0.0052977,0.0037553,0.0029638,0.002773,0.0024603,0.00243,0.034197,0.0036337,0.0054936,0.0047035,0.0055967,0.0081309,0.012033,0.019981,0.06198,0.089157,0.047431,0.023471,0.016951,0.013726,0.012755,0.010025,0.010554,0.0090333,0.00098101,0.00083783,0.00096059,0.00081912,0.001126,0.0013989,0.0014737,0.0065824,0.0080103,0.0048206,0.0018626,0.0012045,0.000863,0.0004424,0.00050222,0.00064471,0.00079157,0.0014957,0.0016343,0.0017278,0.0016984,0.0022552,0.0028432,0.002974,0.0095712,0.023031,0.0077998,0.0029785,0.0018216,0.0011187,0.00080288,0.00076328,0.00072671,0.026968,0.014042,0.01557,0.015817,0.018532,0.022283,0.029753,0.042414,0.13735,0.28364,0.052644,0.033072,0.024695,0.020142,0.016909,0.015872,0.016878,0.0041199,0.00073431,0.00062091,0.00087946,0.00047136,0.00082819,0.00098703,0.0013234,0.0066343,0.048906,0.0044664,0.00082595,0.00095601,0.00097446,0.00050926,0.0013585,0.00063705,9.5256e-06,0.0029236,0.0028384,0.0029218,0.003644,0.004032,0.0050971,0.011715,0.026452,0.0418,0.0086729,0.004231,0.0027975,0.0020421,0.001712,0.0014404,0.0013524
0.011679,0.0028132,0.0025277,0.0020026,0.0032029,0.0040387,0.0051471,0.010817,0.023432,0.06617,0.0030075,0.00094079,0.00045467,0.00061486,0.0019523,0.0017481,0.0015278,0.0043851,0.00086278,0.0010405,0.00043213,0.00072932,0.001407,0.0016544,0.0034194,0.0087683,0.021469,0.0034945,0.0024496,0.0018037,0.0017766,0.0012584,0.0014159,0.0013561,0.0029049,0.00061541,0.00039091,0.00054286,0.00063214,0.0009271,0.0014379,0.0042144,0.0093485,0.030359,0.0068078,0.0030366,0.0018942,0.0013738,0.0014429,0.0010962,0.0011234,0.033885,0.040998,0.042298,0.045799,0.05076,0.059942,0.077768,0.12469,0.33326,0.37548,0.1025,0.057081,0.037926,0.027696,0.022826,0.017635,0.018626,0.0101,0.0023101,0.0022132,0.0016868,0.002565,0.0028276,0.0038169,0.0057521,0.014104,0.011322,0.006173,0.0029146,0.0021787,0.0014881,0.0011855,0.00067067,0.00053598,0.0029469,0.0045868,0.004526,0.0048863,0.0056502,0.0065279,0.008637,0.010657,0.034825,0.063235,0.014241,0.0078182,0.005548,0.0041712,0.0038319,0.0033551,0.0032978,0.032073,0.004509,0.0038875,0.0046907,0.0061393,0.0073652,0.011795,0.019707,0.054499,0.11501,0.048556,0.02312,0.016509,0.014455,0.015647,0.011138,0.011057,0.013718,0.00097905,0.0008069,0.0010076,0.00096929,0.00080536,0.0012967,0.0024163,0.0052212,0.026859,0.0019652,0.001265,0.0008616,0.00048451,0.00044838,0.00052879,0.00058365,0.00449,0.0012166,0.0014927,0.0013222,0.001652,0.0018211,0.0018797,0.0047522,0.011043,0.045845,0.0058458,0.002699,0.001915,0.0015237,0.001496,0.0013031,0.0013504,0.010235,0.010536,0.010863,0.011404,0.013107,0.016035,0.020543,0.039284,0.1012,0.085952,0.027936,0.015245,0.010183,0.0078823,0.0083795,0.0058406,0.0045205,0.0034524,0.0012435,0.0015413,0.0017123,0.0013244,0.0014617,0.0019016,0.0028077,0.008239,0.048171,0.0062557,0.0030728,0.0021857,0.001489,0.002265,0.00095518,0.00081636,0.0076238,0.0041893,0.004416,0.0046105,0.0051044,0.0062802,0.0077262,0.0091752,0.028365,0.077135,0.013288,0.0065146,0.0041279,0.0030744,0.0021703,0.0018571,0.0017224
0.0048486,0.0044051,0.003563,0.0040933,0.0046154,0.0052487,0.007036,0.010411,0.032979,0.054448,0.013041,0.0056533,0.0030928,0.0038818,0.0016438,0.0018594,0.0013848,6.485e-05,0.00047233,0.00055437,0.00042154,0.00058512,0.00078135,0.0014539,0.0020595,0.0083015,0.014629,0.0016578,0.00053325,0.00011546,0.0001843,0.00035651,0.00021666,0.00021746,0.0022469,0.0010617,0.00082488,0.00086043,0.001283,0.0011924,0.0014958,0.0031254,0.00813,0.038817,0.0093813,0.003282,0.0020232,0.0014562,0.001384,0.0012941,0.0011978,0.044219,0.041238,0.042855,0.046115,0.05152,0.060493,0.077729,0.11394,0.29632,0.23569,0.1023,0.053313,0.034604,0.024137,0.017503,0.014547,0.013697,0.015347,0.0016119,0.0018455,0.0022613,0.0019104,0.0024992,0.0033672,0.0047979,0.014678,0.0084633,0.0055958,0.0030712,0.0020519,0.0013014,0.0011647,0.0017642,0.0015984,0.0045872,0.0027991,0.0032707,0.0035274,0.0041276,0.004616,0.0065759,0.012983,0.028814,0.022407,0.010719,0.0067973,0.0050741,0.0042096,0.0036106,0.0032788,0.0032979,0.02438,0.0059478,0.0061788,0.0065862,0.0072535,0.008561,0.0092469,0.013712,0.02389,0.082454,0.04437,0.014266,0.0073013,0.0045947,0.0035831,0.0019534,0.0012398,0.016854,0.00082694,0.00077113,0.00085389,0.00051617,0.0011469,0.00038087,0.0011312,0.0023784,0.0054395,0.0054794,0.0017386,0.0010782,0.0010158,0.00053529,0.0006033,0.00059129,0.0071222,0.0013024,0.0012674,0.0013578,0.0014383,0.0017765,0.0023685,0.0040459,0.0082618,0.021835,0.0098138,0.0027628,0.0014929,0.00078336,0.00044476,0.00021603,0.00016023,0.027716,0.0067913,0.0069589,0.0078904,0.0096134,0.011566,0.015574,0.021962,0.05893,0.29124,0.025516,0.016424,0.012294,0.00998,0.0088489,0.0088932,0.0085813,0.001894,0.0008199,0.00075508,0.00051494,0.0012795,0.0013761,0.0015793,0.0029065,0.006289,0.047284,0.0032688,0.0017038,0.0013472,0.0011303,0.00067455,0.0005205,0.00012017,0.0012665,0.0025512,0.0023944,0.0026327,0.003019,0.0038463,0.0048674,0.009485,0.019574,0.050845,0.0065921,0.0038189,0.0026125,0.0021046,0.0018164,0.0015227,0.0015297
0.0088521,0.0045717,0.0055394,0.00482,0.0055763,0.006719,0.00752,0.012146,0.016,0.027742,0.020662,0.0094158,0.0057178,0.0057627,0.002136,0.0020336,0.0018101,0.0040723,0.0013226,0.0010289,0.0015829,0.0018226,0.0016791,0.0021195,0.0030261,0.0038355,0.020709,0.0051091,0.0023098,0.0012161,0.00098279,0.00047173,0.00019256,0.00032614,0.00043679,0.0026568,0.0029307,0.003076,0.0032528,0.0038213,0.0051396,0.0064943,0.012389,0.027084,0.01483,0.006713,0.0036985,0.0026715,0.0023271,0.0020861,0.0019017,0.038373,0.041783,0.043535,0.047409,0.052347,0.060646,0.078079,0.1181,0.30503,0.45288,0.099464,0.049231,0.030113,0.018375,0.010912,0.0064744,0.00038148,0.0088998,0.0006644,0.0015646,0.0013336,0.0017875,0.0022944,0.002515,0.0040946,0.010161,0.019751,0.0028088,0.0019546,0.00123,0.00094247,0.00093245,0.00086859,0.0011101,0.0010986,0.0010307,0.0014158,0.0016378,0.0020942,0.0026276,0.004315,0.0068824,0.020962,0.060686,0.007816,0.0050372,0.0043989,0.0035628,0.0032005,0.0033047,0.002945,0.03563,0.0035266,0.0049878,0.0057821,0.0063309,0.006892,0.0075061,0.0095955,0.041161,0.10212,0.047606,0.01556,0.0095874,0.0077979,0.0049248,0.0053316,0.0041657,0.013808,0.00060155,0.00090969,0.0011069,0.0013561,0.0012795,0.0013557,0.001739,0.00070783,0.024303,0.0056298,0.0018714,0.00094706,0.0008567,3.1746e-05,0.00021825,0.000124,0.0021439,0.0012555,0.0012584,0.001441,0.0016545,0.0018877,0.00264,0.0040441,0.0041713,0.040054,0.011298,0.0052022,0.0033065,0.0026947,0.0022684,0.002071,0.0022049,0.014031,0.0033531,0.0047315,0.0062483,0.0083276,0.01235,0.018271,0.030002,0.10648,0.062971,0.049921,0.02975,0.023371,0.01951,0.017978,0.018582,0.018116,0.0010472,0.00080024,0.00065562,0.00070218,0.00052829,0.00072952,0.00065809,0.0010445,0.003749,0.05095,0.0019918,0.001766,0.0012621,0.0016933,0.00073833,0.00097537,0.0010395,0.0020867,0.00019646,6.9187e-05,0.00026723,0.00025977,0.00088322,0.0011128,0.002994,0.010685,0.077747,0.0015714,0.00071755,0.0010798,0.00098524,0.0008886,0.000968,0.0010147
0.0020638,0.0066394,0.0064129,0.0065973,0.0083962,0.0089325,0.010394,0.015474,0.043134,0.017841,0.028245,0.0096928,0.0058949,0.0048601,0.001954,0.001443,0.00031662,0.0022259,0.0021392,0.0024101,0.0026849,0.0024863,0.0028984,0.0036744,0.0051732,0.011985,0.013547,0.010624,0.003553,0.0020042,0.0013857,0.00072429,0.00032361,0.00015831,0.0065461,0.0038267,0.0038246,0.0039432,0.004717,0.0050846,0.0057071,0.0085017,0.017634,0.0066126,0.017833,0.0062796,0.0034539,0.0019727,0.0012852,0.00097027,0.00064088,0.030688,0.040511,0.045106,0.026313,0.048284,0.071421,0.039814,0.11224,0.37542,0.09322,0.11564,0.088932,0.018694,0.042356,0.037228,0.023546,0.034503,0.012266,0.001577,0.0019665,0.0010847,0.0020054,0.0028975,0.0013133,0.0043267,0.014507,0.0062457,0.0049469,0.0033113,0.00067779,0.001617,0.00096967,0.0013415,0.0013981,0.00015832,0.0011601,0.0021054,0.0013053,0.0020601,0.0037385,0.0026071,0.0068286,0.024612,0.019739,0.010597,0.0066857,0.0026017,0.0045083,0.0032069,0.0023186,0.0039998,0.024811,0.0030561,0.0036967,0.0038553,0.003544,0.0045576,0.0063264,0.0058731,0.0086126,0.03323,0.045215,0.014813,0.0096882,0.0070209,0.0060196,0.0058506,0.0055009,0.013935,0.001076,0.00060681,0.00036511,0.00037717,0.00060607,0.0012007,0.0014762,0.003288,0.013111,0.0054182,0.0020482,0.0014716,0.0010071,0.0012117,0.00093958,0.0010452,0.0054551,0.00066084,0.00071691,0.000739,0.001439,0.0019161,0.0024735,0.0053007,0.011427,0.043033,0.020174,0.0082155,0.0058188,0.0048823,0.0041165,0.0039897,0.0037613,0.036475,0.0025477,0.017924,0.0028049,0.02429,0.003507,0.041737,0.0061038,0.14999,0.16302,0.13775,0.0057858,0.054698,0.0027485,0.039837,0.00095713,0.037627,0.0031605,0.0011413,0.00064919,0.00048474,0.0023484,0.0010207,0.0042466,0.0021642,0.013611,0.036333,0.022852,0.0027567,0.0080697,0.0012333,0.0056143,0.0017692,0.0051595,0.0070878,0.0011262,0.0041534,0.00090635,0.0049975,0.0011318,0.0069605,0.0020375,0.016515,0.034766,0.01812,0.0012773,0.0047637,0.00046483,0.0026011,0.00036744,0.0020523
0.014641,0.0059951,0.0047564,0.0047463,0.0053151,0.0066743,0.007395,0.012713,0.024017,0.044258,0.019268,0.0082569,0.0053452,0.0047462,0.0024381,0.0018528,0.001976,0.0044518,0.0010721,0.002037,0.0022802,0.0023394,0.0022521,0.0038147,0.0053025,0.011972,0.0048733,0.0097886,0.0038464,0.002282,0.0016582,0.00098924,0.00075782,0.00096894,9.536e-05,0.002609,0.0022077,0.0024222,0.0025439,0.0026706,0.003185,0.0049433,0.013517,0.026957,0.012763,0.0044537,0.0024782,0.0017278,0.0016112,0.0012059,0.0011635,0.032282,0.038229,0.039455,0.043353,0.046601,0.055097,0.069247,0.10235,0.25384,0.50553,0.088148,0.044603,0.026482,0.016876,0.010079,0.0053494,0.0011845,0.012497,0.0018959,0.0019619,0.0018241,0.0022569,0.0025277,0.0028654,0.0043624,0.010166,0.014357,0.0050089,0.001983,0.0010507,0.00070694,0.00041931,0.00047782,0.00049593,0.00048447,0.0012315,0.0011768,0.0018466,0.0022975,0.0028352,0.004413,0.007456,0.023089,0.054731,0.014083,0.0075859,0.005518,0.0047331,0.0041645,0.004286,0.0039292,0.04103,0.01077,0.0073115,0.0042297,0.0086459,0.015889,0.02006,0.023081,0.024867,0.093126,0.056793,0.028759,0.017908,0.010834,0.0057069,0.0035055,0.003996,0.017031,0.0023837,0.0019042,0.00074194,0.00091166,0.00033432,0.0010695,0.0012777,0.004917,0.011138,0.0028514,0.00078277,0.00027813,0.00035561,0.00059075,0.00053089,0.00022697,0.0061418,0.0010508,0.00068286,0.00086713,0.0019694,0.0024481,0.002709,0.0016776,0.0088524,0.021844,0.017739,0.0083737,0.0040943,0.0014294,0.0022999,0.0034118,0.0041504,0.019118,0.0024279,0.0036119,0.0040651,0.0053829,0.0081324,0.011989,0.021155,0.061156,0.10974,0.03017,0.019457,0.014704,0.011894,0.011926,0.011807,0.01116,0.0010605,0.0011674,0.00084177,0.00053008,0.0003458,0.00064184,0.00083242,0.0012702,0.0018893,0.054087,0.003627,0.0013878,0.00046611,0.0005121,0.00016793,6.8108e-05,0.00035095,0.0036927,0.00017501,0.00037765,0.00059965,0.00088831,0.0013502,0.0024691,0.0046784,0.014,0.069728,0.0068012,0.004296,0.0033639,0.0027474,0.0025721,0.0025293,0.002491
0.023558,0.0033182,0.00061764,0.00070324,0.00096548,0.00087416,0.00067005,0.000362,0.012031,0.042025,0.0042444,0.0021131,0.0014135,0.0009233,0.0026739,0.001908,0.0012226,0.0073224,0.0031005,0.0010859,0.00095751,0.00056549,0.00045349,0.00035499,0.00074801,0.0012433,0.02142,0.0022064,0.00081195,0.00067408,0.00057716,0.00056509,0.00057195,0.00034523,0.0015564,0.0015137,0.00036727,0.00054313,0.00057151,0.00079628,0.00056942,0.0019459,0.0062989,0.038484,0.0020638,0.00082363,0.00048412,0.00046158,0.00020068,0.00021916,0.00021363,0.03628,0.031668,0.034472,0.03558,0.041519,0.049648,0.06464,0.099747,0.2594,0.30005,0.10868,0.062873,0.044592,0.035637,0.030264,0.028627,0.027243,0.030842,0.0025958,0.001542,0.0021742,0.0018782,0.0023003,0.0027605,0.0044394,0.010742,0.018509,0.0034125,0.0019535,0.0015421,0.00095609,0.00064293,0.00098122,3.051e-05,0.003954,0.0009129,0.0016172,0.0012959,0.0023209,0.0027335,0.0038077,0.0073517,0.021202,0.054029,0.013641,0.0083089,0.0061991,0.0053052,0.0045089,0.0044772,0.0042516,0.02261,0.0044138,0.0053989,0.0050142,0.0051272,0.0067945,0.0094047,0.011354,0.024854,0.052925,0.043559,0.019527,0.012816,0.010183,0.0091752,0.0081049,0.0086099,0.031489,0.0030944,0.0012331,0.0003185,0.00074473,0.00041262,0.00066307,0.00062858,0.0015146,0.0155,0.0029819,0.001405,0.00086282,0.00087353,0.00046492,0.00067175,0.00071144,0.012417,0.0018205,0.00011754,0.00024392,0.00029432,9.6919e-05,0.00040372,0.00042797,0.00099836,0.048317,0.0047723,0.0019372,0.0014341,0.0010794,0.00083689,0.00075086,0.00086978,0.034491,0.0026135,0.0047662,0.0044159,0.0057214,0.0074846,0.01143,0.021237,0.045686,0.21668,0.028211,0.020032,0.015016,0.01307,0.0088623,0.010653,0.010134,0.0071622,0.0014849,0.00074831,0.00032863,0.0006015,0.00052412,0.00040906,0.00083204,0.00096468,0.042632,0.00097616,0.00089894,0.00086666,0.00055808,0.0010873,0.0003963,0.00078395,0.0069162,0.0017303,0.001961,0.0023542,0.0023953,0.0029848,0.0038498,0.0060883,0.013598,0.07137,0.009311,0.005282,0.0037968,0.0029938,0.0026006,0.0024936,0.0024949
0.030783,0.0037543,0.001762,0.0013018,0.0022621,0.0038646,0.005746,0.0096244,0.034441,0.0083301,0.016512,0.009787,0.0078254,0.0056882,0.0074295,0.006186,0.0057507,0.024514,0.0044332,0.0011436,0.00059459,0.00088585,0.00078524,0.00055967,0.0023382,0.0073851,0.014286,0.0046782,0.0023422,0.0019803,0.0016123,0.0013925,0.0016982,0.0015145,0.0050259,0.0024056,0.00082827,0.0012523,0.0019091,0.0015599,0.0031067,0.0052697,0.016137,0.0012885,0.010017,0.0051802,0.0039491,0.003395,0.0033531,0.0027896,0.0027714,0.023014,0.01854,0.020766,0.024232,0.02967,0.03757,0.052487,0.09108,0.26676,0.38086,0.1167,0.073556,0.05747,0.048391,0.043804,0.040495,0.039769,0.045373,0.0029265,0.0018668,0.0017984,0.00072172,0.00098391,0.001611,0.0034594,0.0087234,0.014,0.0044282,0.0029176,0.0020582,0.0021898,0.0019869,0.0014522,0.0014191,0.0099317,0.0023069,0.0018041,0.0020848,0.0025308,0.0023208,0.0042711,0.0078631,0.018702,0.0056359,0.0062409,0.0046898,0.0036192,0.0031365,0.002794,0.002394,0.0024663,0.027508,0.0073715,0.0038173,0.005398,0.0067864,0.0065493,0.008846,0.013549,0.031949,0.13095,0.037001,0.018339,0.012259,0.009177,0.0088577,0.0076906,0.007866,0.04958,0.0047219,0.00085206,0.00057532,0.00086267,0.00097878,0.00070614,0.00047391,0.003021,0.019135,0.00052995,0.0002897,0.00025222,8.8153e-05,0.00032165,0.00046099,0.00030518,0.018046,0.0017268,0.00042587,0.00044086,0.0011867,0.00081297,0.0012004,0.0016464,0.0036154,0.030347,0.0074612,0.0034831,0.0021931,0.0017266,0.0014513,0.001263,0.0012913,0.058303,0.0098849,0.011727,0.012285,0.014344,0.016777,0.02007,0.030523,0.081966,0.25424,0.033998,0.016696,0.010851,0.0079434,0.0074655,0.0060009,0.0046216,0.024172,0.0031058,0.0018021,0.00079759,0.00093809,4.976e-05,0.00013023,0.0010345,0.002879,0.052966,0.0039138,0.0022884,0.0016568,0.0012091,0.0024262,0.0014554,0.0010471,0.0054112,0.0016346,0.0023738,0.0024342,0.0031908,0.0038135,0.0045654,0.0067203,0.014542,0.041283,0.0059114,0.0035897,0.0022615,0.0017408,0.001464,0.0013836,0.0012722
0.024784,0.0044793,0.0034268,0.003194,0.0041492,0.0048924,0.0058374,0.011118,0.033945,0.042239,0.014948,0.0085402,0.005569,0.0042339,0.0057099,0.0040899,0.0040933,0.03121,0.0010205,0.00064534,0.00084362,0.0011538,0.0017559,0.0025006,0.0041375,0.011093,0.007349,0.0055227,0.0030262,0.0021974,0.0018682,0.0015586,0.0016273,0.0015965,0.0060502,0.0015578,0.001112,0.0012063,0.0014007,0.0018668,0.0025761,0.0051396,0.011295,0.007728,0.0081444,0.0038122,0.0029113,0.0022712,0.0022909,0.0019643,0.0019989,0.010441,0.0037431,0.007647,0.011871,0.018784,0.028052,0.044002,0.082588,0.24736,0.4819,0.11449,0.077048,0.060591,0.052076,0.047441,0.044471,0.043812,0.048119,0.0011718,0.0015815,0.00036067,0.00018984,0.00074946,0.001551,0.0030667,0.0098203,0.016629,0.0065194,0.0041447,0.0032806,0.0029094,0.0020981,0.0024574,0.0018502,0.0041714,0.0026968,0.0028918,0.0032435,0.0038179,0.0038408,0.0050964,0.0075955,0.020804,0.066292,0.0043445,0.0027926,0.0017877,0.0013393,0.00097827,0.00070535,0.0005436,0.04822,0.010871,0.010825,0.011896,0.013602,0.015116,0.018768,0.024865,0.050544,0.069378,0.05874,0.020655,0.011167,0.005289,0.0037865,0.0027288,0.0017453,0.051638,0.0027442,0.0010226,0.00093672,0.00040266,0.0010513,0.0011599,0.0019074,0.0043249,0.014638,0.0039405,0.0021993,0.0012368,0.0010361,0.00099399,0.0008095,0.00078392,0.016943,0.0010941,0.00013752,5.886e-05,0.00031369,0.00042282,0.00060648,0.001887,0.0052076,0.035963,0.0058632,0.0012855,0.00083543,0.00074066,0.00045365,0.00020684,0.00035288,0.027264,0.018082,0.015857,0.017703,0.019151,0.022458,0.02932,0.042129,0.09838,0.075009,0.053206,0.025213,0.014794,0.0099277,0.0093818,0.0049772,0.0067979,0.031394,0.00042013,0.00066695,0.0010179,0.00095587,0.00085129,0.0020319,0.0027844,0.0056648,0.049386,0.0050321,0.003595,0.0022682,0.0017467,0.0012146,0.001045,0.0011959,0.0073701,0.0012786,0.00098133,0.0013121,0.0012919,0.0021698,0.0023943,0.0033623,0.0094413,0.074079,0.0018371,0.00092686,0.00082431,0.00053252,0.00043028,5.7946e-05,0.00015258
0.013014,0.0013876,0.00077774,0.00074228,0.0010664,0.00092363,0.0020199,0.0047561,0.019315,0.072668,0.0036221,0.0017709,0.0011258,0.00063679,0.0026949,0.0019045,0.0020008,0.018042,0.0016881,0.00082183,0.0011014,0.0015961,0.0013879,0.0013686,0.0021389,0.007858,0.017603,0.00078835,0.00093295,0.00061741,0.00067401,0.00059115,0.00037722,0.00052452,0.0044728,0.00052384,0.00016997,7.7397e-05,0.0001446,0.00013572,0.0003595,0.00088839,0.0075154,0.039082,0.0037367,0.0010094,0.00049538,0.00038652,0.00019867,0.00011952,0.00011633,0.018952,0.028942,0.030824,0.032203,0.038436,0.046596,0.063606,0.10167,0.28888,0.36258,0.12389,0.075088,0.056909,0.0469,0.041609,0.040333,0.037575,0.030915,0.0025212,0.0018323,0.0013781,0.0015227,0.0019127,0.0025791,0.0041013,0.011782,0.007003,0.0066922,0.0038833,0.0029894,0.0025693,0.0024992,0.0024655,0.0019379,0.010231,0.0051979,0.0055175,0.005975,0.0067292,0.0075783,0.0093424,0.015083,0.033896,0.0059121,0.013472,0.0067393,0.0040652,0.0024862,0.0015424,0.0012786,0.00099565,0.032507,0.0073757,0.0082232,0.0086776,0.0091614,0.010424,0.013106,0.017105,0.026465,0.066969,0.043987,0.016834,0.0085665,0.0046197,0.0047234,0.0040662,0.0028935,0.035908,0.0026992,0.0012465,0.0011631,0.0010019,0.0005987,0.0008419,0.0011139,0.0031851,0.0034316,0.00267,0.0010525,0.00029973,0.00055309,0.00017927,0.00013876,3.7998e-06,0.011994,0.0010578,0.00085974,0.00089131,0.0006706,0.0013571,0.0016147,0.0028732,0.009614,0.03386,0.0093182,0.0041119,0.0027831,0.0021922,0.0019226,0.0018434,0.0016213,0.035706,0.0094579,0.0077707,0.0087845,0.010833,0.012746,0.015264,0.022782,0.058888,0.26188,0.024734,0.0098086,0.0059452,0.0029701,0.0027441,0.0035611,0.0014191,0.021618,0.0015082,0.00051519,0.00062064,0.0010778,0.0011533,0.0017868,0.003544,0.0074577,0.045518,0.010826,0.00509,0.0041958,0.0031267,0.0033637,0.0030985,0.0028306,0.0015698,0.0047605,0.0045629,0.0048824,0.005307,0.0067061,0.0083579,0.013032,0.027372,0.029535,0.017015,0.0085498,0.0055195,0.0041275,0.0033716,0.003279,0.0028515
0.013565,0.003319,0.0039419,0.0037134,0.0040826,0.0058846,0.0077081,0.012784,0.026568,0.050219,0.019703,0.011285,0.0076174,0.0053967,0.007303,0.0055872,0.0057679,0.010702,0.0010558,0.00039988,0.00049956,0.00088878,0.0013369,0.0015383,0.0030103,0.0083761,0.021811,0.0066697,0.0036625,0.0025453,0.0023785,0.0020308,0.0019358,0.0019207,0.0036889,0.0023127,0.0022972,0.0025381,0.0028636,0.0033484,0.0044942,0.0052496,0.012207,0.040225,0.010352,0.0050802,0.0032335,0.0024003,0.0019851,0.0014739,0.0013924,0.040459,0.036263,0.036346,0.040497,0.046011,0.05473,0.072594,0.11338,0.29121,0.34478,0.12233,0.069076,0.050702,0.040094,0.03405,0.030773,0.030678,0.023384,0.0012269,0.00093833,0.0016288,0.00099373,0.0014285,0.001638,0.003275,0.0088395,0.020969,0.004036,0.0022919,0.0020971,0.001596,0.001291,0.00078946,0.0010262,6.4861e-05,0.0029441,0.0031239,0.0034277,0.0038783,0.004405,0.0059763,0.0083156,0.023621,0.062622,0.0057009,0.0031078,0.001946,0.0013296,0.00065582,0.0003754,0.00032425,0.039508,0.0033582,0.0047324,0.0037609,0.0048315,0.0063614,0.0069169,0.0097505,0.020524,0.11031,0.044964,0.016673,0.011274,0.0086118,0.0074183,0.0072267,0.0070783,0.027878,0.00054822,0.00057497,0.00038758,0.00047064,0.00070791,0.00058079,0.0010968,0.0019005,0.021941,0.010307,0.002966,0.0019855,0.00161,0.0012492,0.0011862,0.0012627,0.010267,0.0018146,0.002005,0.0021401,0.0026891,0.0029002,0.0038936,0.0061243,0.014213,0.0076765,0.013797,0.006233,0.0043081,0.003488,0.0032204,0.0029151,0.0027523,0.014937,0.0094314,0.011194,0.012087,0.011316,0.011029,0.019729,0.034942,0.10514,0.19055,0.061101,0.020733,0.0044097,0.0052918,0.010174,0.0071204,0.0020542,0.010109,0.002033,0.0038157,0.0043952,0.003422,0.0040853,0.0059762,0.0085286,0.014199,0.045329,0.021011,0.0062275,0.0023459,0.0021439,0.0014037,0.0015128,0.00032808,0.011065,0.0047644,0.0013476,0.0066036,0.0083382,0.004697,0.0059973,0.019741,0.041672,0.059218,0.031982,0.017968,0.0084432,0.0060854,0.0084343,0.0069934,0.0045682
0.01593,0.0018519,0.0020533,0.0019838,0.0028869,0.003546,0.0049483,0.0088896,0.028174,0.039621,0.02443,0.01276,0.0092968,0.0083678,0.0080348,0.0062292,0.0061532,0.011883,0.00098081,0.00041108,0.00051157,0.00075718,0.0011905,0.0019505,0.0034868,0.010358,0.0054918,0.010101,0.0052299,0.0039218,0.0034196,0.0027355,0.002322,0.0025444,0.00086024,0.001454,0.00083066,0.0013202,0.0021576,0.0028427,0.0035237,0.0051257,0.012904,0.033403,0.019355,0.0085946,0.006097,0.0049045,0.0044583,0.0042475,0.0040494,0.030488,0.033192,0.033771,0.035833,0.039818,0.04716,0.06101,0.092436,0.22418,0.47957,0.059389,0.036696,0.022597,0.016084,0.010386,0.00733,0.0060464,0.030047,0.0018196,0.0020176,0.0024554,0.0018101,0.0022036,0.0027812,0.0042751,0.0097205,0.016173,0.0054269,0.0017649,0.0015724,0.0012096,0.0010058,0.00076713,7.8194e-05,0.0031815,0.0015376,0.0014728,0.0015661,0.0017441,0.0021961,0.0040693,0.0070476,0.019795,0.049848,0.016787,0.0082234,0.0061354,0.005181,0.0045127,0.0040447,0.0041886,0.037432,0.0033742,0.0046768,0.0040214,0.0043816,0.0037597,0.005102,0.0052653,0.010149,0.12462,0.025638,0.010849,0.0056976,0.0023346,0.0025293,0.0025888,0.0014897,0.030795,0.0018679,0.00067932,0.00068307,0.00031546,0.00081868,0.00024003,0.00033491,0.0034726,0.022984,0.006946,0.00052942,0.00051648,0.00053741,0.00070507,0.00043287,0.00031089,0.008751,0.0025972,0.0016591,0.0017031,0.0022589,0.0024645,0.0031428,0.0050364,0.011497,0.0045571,0.013743,0.0050558,0.0035788,0.0025563,0.0023371,0.002165,0.0020638,0.049586,0.017607,0.020889,0.022297,0.023846,0.027985,0.034219,0.049417,0.098574,0.093543,0.068266,0.030551,0.018209,0.011906,0.0073739,0.0027823,0.0021992,0.010882,0.0029325,0.0021068,0.0028456,0.0029619,0.0031343,0.0040482,0.0057765,0.0093866,0.052498,0.015565,0.005806,0.0036562,0.0028968,0.0028432,0.0018845,0.0017567,0.0032464,0.0016672,0.0020456,0.0023619,0.0026709,0.0036459,0.0048271,0.0072798,0.015708,0.059081,0.025743,0.011335,0.0080379,0.0065648,0.0054136,0.0053919,0.0052682
0.013962,0.0029829,0.0022187,0.0012,0.0013325,0.00043125,0.0018118,0.00045388,0.00084727,0.04851,0.014628,0.0052816,0.0025718,0.0017905,0.0030305,0.0015904,0.001957,0.031523,0.0038141,0.0035612,0.0021874,0.0019626,0.0029601,0.0021517,0.0033738,0.005969,0.012681,0.010331,0.0038549,0.0022627,0.0020949,0.0017188,0.0014633,0.0014744,0.008381,0.0018477,0.0023103,0.0017876,0.0025741,0.0019043,0.0027146,0.0030043,0.0036571,0.039939,0.016416,0.0060059,0.0035967,0.0027108,0.0019394,0.0019479,0.0019493,0.054778,0.034639,0.035743,0.039072,0.043492,0.052418,0.067426,0.10285,0.22242,0.32504,0.12956,0.069143,0.046525,0.037507,0.03125,0.028666,0.028269,0.035744,0.0018935,0.0011262,0.00088234,0.0017799,0.0017558,0.0025393,0.0040464,0.0091019,0.013001,0.0058499,0.0033083,0.0029376,0.0024159,0.0020233,0.00089392,0.0014153,0.0023079,0.0054775,0.0050995,0.00549,0.0059291,0.0069777,0.0087925,0.01249,0.025573,0.021723,0.018876,0.0080214,0.0047164,0.0026571,0.0023964,0.0015565,0.0013123,0.040568,0.0030018,0.011139,0.0025489,0.012484,0.0025282,0.017509,0.0025234,0.036003,0.0018611,0.071269,0.0026515,0.012436,0.00070832,0.0059237,0.00075091,0.0034581,0.042754,0.0017992,0.001742,0.00084026,0.00065207,0.0015457,0.0019162,0.0003578,0.0049308,0.00053743,0.011563,0.0014416,0.004122,0.001274,0.0027446,0.001093,0.0024739,0.015766,0.00080632,0.0015554,0.001337,0.0023299,0.00064735,0.0037726,0.0027076,0.010944,0.003358,0.025877,0.0024393,0.0076945,0.0013856,0.0053429,0.0013636,0.004921,0.029791,0.0034566,0.0011826,0.00031099,0.00012921,0.00020887,0.00036265,0.0035147,0.02863,0.25136,0.025661,0.0068815,0.0040446,0.0027305,0.00077861,0.0015201,0.0025769,0.032708,0.005513,0.00265,0.0022293,0.002157,0.0021452,0.0033383,0.0043465,0.010363,0.040788,0.020461,0.0085532,0.0059057,0.0044889,0.0049782,0.004407,0.003563,0.011986,0.0038244,0.0046722,0.0044326,0.0055768,0.0056773,0.0076298,0.010569,0.023738,0.035611,0.025226,0.010461,0.0070966,0.0053945,0.0046558,0.0041607,0.0039101
0.0017586,0.0005511,0.002324,0.0025332,0.0033296,0.0036027,0.0050274,0.0084803,0.019844,0.04461,0.0077736,0.0061608,0.0053398,0.0050168,0.0027734,0.001489,0.0020104,0.044642,0.0035426,0.0011207,0.00090152,0.00067068,0.00044166,0.0012388,0.0023372,0.004657,0.02236,0.0031642,0.00093713,0.00033911,0.00026416,0.00059174,0.00042498,0.00041008,0.014204,0.0021057,0.0010403,0.0010244,0.0011851,0.0014168,0.0017886,0.0028951,0.011973,0.037799,0.0072278,0.0043068,0.002992,0.0022203,0.002292,0.0020856,0.0020619,0.0057622,0.045674,0.047101,0.04981,0.05521,0.064631,0.083121,0.12107,0.33299,0.33294,0.11,0.05771,0.034692,0.023481,0.017549,0.012264,0.011488,0.036841,0.0024397,0.0014804,0.0020487,0.0016452,0.001971,0.0025502,0.0033158,0.01173,0.018087,0.0022225,0.0013803,0.0006685,0.00086802,0.00054289,0.0014453,0.00091365,0.0099699,0.0023698,0.0026273,0.0028106,0.0030953,0.00405,0.0048328,0.0093878,0.02139,0.049766,0.0061174,0.0035201,0.002368,0.0015312,0.001635,0.0012075,0.0013065,0.073726,0.0064926,0.0066259,0.0054423,0.0065664,0.008297,0.010136,0.013121,0.031898,0.038426,0.02972,0.012701,0.0071324,0.0060632,0.004311,0.0038222,0.0038128,0.047044,0.0026416,0.0011699,0.00078221,0.00053253,0.00037859,0.00027269,0.00032964,0.0011736,0.016921,0.0049649,0.0018556,0.0012173,0.0010318,0.00078568,0.00064233,0.0006676,0.012762,0.00184,0.0013061,0.0013889,0.0017352,0.0018515,0.0021825,0.0032374,0.0056201,0.04652,0.015208,0.0058832,0.0040305,0.0030675,0.0026146,0.0024585,0.0023632,0.00031091,0.01463,0.017263,0.018888,0.020881,0.024213,0.030588,0.048558,0.11068,0.097441,0.097284,0.036538,0.025669,0.018725,0.014739,0.014095,0.013537,0.052379,0.0040784,0.0037706,0.0031821,0.0047452,0.0051827,0.0058351,0.0078845,0.012089,0.037595,0.018008,0.0069781,0.0034844,0.0021421,0.0012611,0.00053606,7.8194e-05,0.0064527,0.0028509,0.001892,0.0021077,0.0022752,0.0023796,0.002749,0.0060995,0.0061468,0.060482,0.015518,0.0046227,0.0024327,0.0019036,0.0010656,0.00075635,0.00066568
0.0024891,0.0045498,0.0045382,0.0058141,0.0057234,0.0074916,0.0087908,0.012599,0.045274,0.014503,0.016118,0.0075649,0.0046345,0.0044899,0.0018907,0.00089682,0.00084879,0.025788,0.0022689,0.001588,0.0012504,0.00092173,0.0018431,0.0022851,0.0031347,0.010607,0.015892,0.00199,0.0012017,0.00071192,0.00039109,0.00027658,0.00010606,0.00021363,0.0080682,0.0031562,0.0031999,0.0035661,0.0039088,0.0044233,0.0057296,0.0090131,0.01757,0.023148,0.01194,0.0056386,0.0035532,0.0027585,0.002395,0.0020387,0.0019875,0.064559,0.041495,0.043066,0.045504,0.051846,0.060195,0.07849,0.12382,0.36762,0.35445,0.079194,0.043552,0.027176,0.018263,0.012681,0.0092436,0.0062238,0.022383,0.0018609,0.0017714,0.0012594,0.0018297,0.0019312,0.0027122,0.0045282,0.013039,0.017515,0.0012668,0.0015634,0.00096379,0.00048206,0.00093674,0.00090751,0.00089839,0.0013638,0.00071166,0.00097815,0.0013116,0.0014031,0.0022805,0.004054,0.0079431,0.029789,0.055159,0.0035899,0.0040144,0.0034377,0.003211,0.0027783,0.0028001,0.0026036,0.051356,0.0039904,0.0039966,0.0043844,0.004811,0.0056749,0.0068373,0.0090458,0.036539,0.064169,0.019683,0.0097626,0.0065125,0.0038444,0.005193,0.0042105,0.0040723,0.031876,0.0018908,0.0010662,0.00056438,0.0003061,0.00060903,0.00080933,0.0012704,0.0038639,0.011123,0.0040283,0.001275,0.0011051,0.000885,0.00088044,0.0007587,0.00070192,0.0067826,0.0010808,0.0011973,0.00097075,0.0011057,0.0015354,0.0017645,0.0030465,0.0019194,0.043601,0.0097203,0.0040613,0.0025835,0.0020692,0.0013923,0.0016338,0.0017395,0.02632,0.012832,0.014367,0.01604,0.01882,0.023912,0.032802,0.051554,0.16418,0.035441,0.11025,0.057814,0.042452,0.033701,0.030942,0.029606,0.026144,0.029755,0.0020929,0.0017134,0.0015895,0.0018518,0.0019376,0.0021169,0.0042656,0.0050834,0.041433,0.014941,0.0082568,0.0053344,0.0042121,0.0030229,0.0039217,0.0042191,0.0012322,0.002106,0.0024062,0.002591,0.0026004,0.0031741,0.0038892,0.008193,0.019322,0.061178,0.013568,0.0048201,0.0028332,0.0021122,0.0012596,0.00099558,0.0011215
0.0093595,0.0027243,0.0030274,0.0039719,0.0032031,0.0047469,0.0058486,0.0087941,0.037348,0.037461,0.013469,0.0064349,0.0054829,0.003723,0.0066742,0.0039544,0.004305,0.016211,0.002155,0.0012707,0.0015221,0.0017821,0.0019734,0.0022647,0.0043127,0.012546,0.0016494,0.0034862,0.0021871,0.0016986,0.0011711,0.00086918,0.00096915,0.00088311,0.0012379,0.0022508,0.0022881,0.0024405,0.0024871,0.0033172,0.0040678,0.0063562,0.018797,0.023999,0.0092486,0.0043807,0.0028085,0.0022287,0.0015595,0.0016121,0.001688,0.022641,0.041602,0.042951,0.045162,0.050884,0.060056,0.0772,0.11795,0.32104,0.40958,0.074821,0.044196,0.026122,0.016989,0.010054,0.0044006,0.0012627,0.014479,0.002102,0.0027502,0.0025599,0.0025526,0.0028144,0.003461,0.005521,0.012515,0.012581,0.0054901,0.0026046,0.0013255,0.00084564,0.001078,0.00075898,0.00055122,0.0027409,0.0010389,0.0014013,0.0019721,0.0025184,0.0035071,0.0053354,0.0097015,0.032309,0.042865,0.01802,0.010182,0.0077059,0.0066401,0.0056646,0.0052498,0.0052815,0.049243,0.0021984,0.0019896,0.0025058,0.0026478,0.0030146,0.0048898,0.0073115,0.02372,0.094249,0.017583,0.007603,0.004686,0.0041246,0.0039574,0.0033505,0.0027409,0.019627,0.0012026,0.00071463,0.00078201,0.0015964,0.00074532,0.0010883,0.0018927,0.0063905,0.0018656,0.0015412,0.0004833,0.00043664,0.00023292,0.0005118,0.00033984,0.00028611,0.0062066,0.0020926,0.0020846,0.0021795,0.0024092,0.0025596,0.0031689,0.0055573,0.01232,0.037121,0.0091836,0.0039419,0.0022792,0.0017229,0.00094179,0.00098586,0.00094986,0.01009,0.0027974,0.0032236,0.0064407,0.009011,0.014373,0.022658,0.040727,0.13875,0.20295,0.071579,0.035595,0.022672,0.015567,0.0097049,0.0047867,0.0040703,0.021687,0.0022119,0.0025104,0.002273,0.0030993,0.0033655,0.0045891,0.0056739,0.0099672,0.0418,0.01664,0.0061619,0.0028019,0.0015795,0.0022505,0.0010566,0.0011254,0.00094034,0.0053678,0.0054435,0.0058399,0.0066774,0.0080092,0.0097181,0.013483,0.032704,0.039215,0.019369,0.0079835,0.0044065,0.0028637,0.0014993,0.0013162,0.0011311
0.0037671,0.00034935,0.00046074,0.0012299,0.0013246,0.0013378,0.0016989,0.0045835,0.0088542,0.060767,0.0040917,0.00093461,0.00072482,0.0016786,0.0026895,0.00096034,0.0001583,0.0055467,0.00083155,0.00067545,0.00011247,5.6467e-05,0.00089447,0.0006744,0.0018264,0.0062624,0.015327,0.0028516,0.0017912,0.0011676,0.0012439,0.00080791,0.00079126,0.00093461,0.0015126,0.00054806,0.00046149,0.00045687,0.00054451,0.00074255,0.00077705,0.0013673,0.0048717,0.034992,0.0042103,0.0014375,0.00065544,0.00031661,0.00015232,0.000181,0.00013924,0.043168,0.033785,0.035871,0.038411,0.042635,0.05018,0.063656,0.097478,0.2152,0.33693,0.12488,0.064396,0.044177,0.033833,0.028692,0.025728,0.025612,0.0077268,0.0010122,0.0016747,0.0012923,0.0019347,0.0021887,0.0027076,0.0040701,0.0088317,0.01584,0.0039322,0.001855,0.0011249,0.00018441,0.00020353,0.00065371,8.9653e-05,0.0010338,0.0010413,0.0014286,0.0017548,0.0025371,0.0031831,0.0048432,0.0088547,0.021228,0.022669,0.020172,0.010748,0.0078754,0.0068681,0.0058071,0.0055927,0.0055123,0.042767,0.0014337,0.0018897,0.0014556,0.0020874,0.0016445,0.0011764,0.0024177,0.0063645,0.10083,0.020976,0.0074802,0.0051294,0.0028401,0.0040734,0.0033055,0.0036393,0.014408,0.00067088,0.00054811,0.00020125,0.00045561,0.00013426,0.00075777,0.0010653,0.00457,0.0016666,0.0017776,0.0010868,0.0010054,0.0005689,0.00075507,0.00059055,0.00067903,0.0034829,0.0012445,0.0012717,0.0015779,0.0018406,0.001861,0.0027962,0.0038282,0.012739,0.023976,0.012576,0.0059572,0.0041973,0.003292,0.003176,0.002799,0.0027352,0.0096227,0.00090212,0.0012961,0.00149,0.0011726,0.0018007,0.0030294,0.0077894,0.044023,0.25167,0.033614,0.011102,0.0045271,0.0034417,0.0025592,0.0017554,0.0017529,0.0076619,0.0022626,0.0026139,0.0031195,0.0028035,0.0037209,0.0047224,0.0061696,0.011376,0.035372,0.022753,0.0082357,0.0054869,0.0040078,0.00403,0.0035685,0.0028096,0.0096303,0.0048151,0.0050123,0.0053668,0.0058021,0.0067002,0.0083526,0.012128,0.024411,0.030264,0.022958,0.0089515,0.0052595,0.0039213,0.0027143,0.0022147,0.0019627
0.0035897,0.0016378,0.0029081,0.0018795,0.0016813,0.0027656,0.0041337,0.0048023,0.009892,0.02024,0.018525,0.0087558,0.0059733,0.0064584,0.002593,0.0040772,0.003872,0.0055123,0.0014512,0.0012006,0.00078102,0.0012791,0.00040879,0.0010229,0.0015283,0.0028885,0.0078151,0.0046081,0.0021615,0.0014605,0.00099542,0.0012236,0.00081808,0.00092699,0.0037137,0.00053677,7.5951e-05,0.00033856,0.00072822,0.0010099,0.0014535,0.0031233,0.0055256,0.017911,0.012559,0.0057945,0.0041085,0.0033536,0.0028931,0.0029259,0.0027981,0.0097639,0.0014484,0.0036971,0.0064969,0.0084708,0.01288,0.01952,0.035271,0.091334,0.45259,0.06371,0.039621,0.031065,0.02569,0.023649,0.021491,0.021689,0.0088827,0.00075187,0.0010607,0.00040368,0.00077125,0.00091093,0.0014022,0.0016066,0.0037649,0.021182,0.0021698,0.0016623,0.00095703,0.001361,0.001033,0.00078863,0.00017739,0.0045758,0.00094762,0.00082496,0.00094844,0.00084662,0.00081576,0.0013246,0.001536,0.00088245,0.057251,0.0082466,0.00244,0.0011104,0.00061162,0.00056983,0.00049468,0.00039103,0.046361,0.0038527,0.0056527,0.004609,0.0049984,0.0060228,0.0081966,0.011894,0.016821,0.090214,0.018816,0.0093684,0.005695,0.0055699,0.003395,0.00311,0.0029107,0.015373,0.00089606,0.00086451,0.00011816,0.00032926,0.00074203,0.00076481,0.0010312,0.0020077,0.0051954,0.0020328,0.00053639,0.0005096,0.00054851,0.00028384,0.00030457,0.0002594,0.0060559,0.0012899,0.00068047,0.0012415,0.0013306,0.0011983,0.001423,0.0016715,0.003383,0.032732,0.0066483,0.0026051,0.0016809,0.0013143,0.001176,0.001069,0.00096703,0.00050545,0.012895,0.013177,0.012799,0.015016,0.016435,0.01987,0.027025,0.043855,0.08284,0.074103,0.027682,0.016242,0.010705,0.0091508,0.0074584,0.0078107,0.011791,0.004069,0.0034479,0.0038004,0.0043715,0.005219,0.0056395,0.0075257,0.012206,0.039293,0.019254,0.0071621,0.0037661,0.0023493,0.00098911,0.00034086,0.00012206,0.0047475,0.0016499,0.0019774,0.0020193,0.0023253,0.0026795,0.003463,0.0050662,0.0070915,0.057245,0.019581,0.0077573,0.0049984,0.0038013,0.0031016,0.0028688,0.0028058
0.00060082,0.0022346,0.0026806,0.0022,0.0022938,0.002905,0.0025768,0.0039663,0.0068892,0.06096,0.012698,0.005298,0.0024443,0.00029851,0.0049094,0.0027994,0.0023175,0.014214,0.0026186,0.0015991,0.00046728,0.00085491,0.00079741,0.001262,0.00096933,0.0015837,0.020623,0.0025684,0.001516,0.00052027,0.00037529,0.00078369,0.00016735,0.00018692,0.008608,0.00082159,0.0015985,0.0013175,0.0014446,0.0017853,0.0019756,0.002575,0.004331,0.040585,0.0079129,0.0030506,0.0016337,0.00088224,0.0005232,0.00026086,5.722e-06,0.0020485,0.015733,0.016534,0.016066,0.019614,0.024288,0.031777,0.050667,0.1184,0.36026,0.095188,0.050661,0.036868,0.030493,0.026609,0.025953,0.02425,0.015204,0.0020987,0.0010477,0.0020433,0.0013756,0.0018398,0.0021507,0.0032344,0.0070972,0.014769,0.0050914,0.002579,0.0018507,0.0014326,0.0012337,0.0018528,0.0014629,0.0038052,0.0017605,0.00176,0.0021055,0.0024871,0.0033696,0.0044534,0.0067667,0.014198,0.0029273,0.020635,0.010011,0.0070611,0.0058932,0.0050619,0.0049822,0.004839,0.053365,0.002271,0.0029235,0.0025665,0.0029164,0.0032145,0.0039526,0.0042346,0.0091957,0.12856,0.0076915,0.004041,0.0018214,0.0014144,0.0025559,0.00024951,6.8668e-05,0.021674,0.001452,0.00055432,0.00056426,8.4926e-05,0.00071507,0.00099877,0.00060751,0.001339,0.0067004,0.0024347,0.00090045,0.00045136,0.00048538,0.00040729,0.0002592,0.00019646,0.010298,0.00051366,0.00087784,0.0012089,0.0013986,0.0014781,0.0020766,0.0024236,0.003753,0.0080518,0.0070848,0.0024444,0.0013143,0.00096439,0.0008537,0.00076986,0.0006962,0.020068,0.0086534,0.0078065,0.0091992,0.0096819,0.011041,0.013277,0.01768,0.021127,0.15385,0.079068,0.027888,0.015078,0.010724,0.0098783,0.0083292,0.0073758,0.01656,0.0035833,0.0027361,0.0039853,0.0032968,0.0042801,0.0057853,0.0068036,0.012416,0.042271,0.028445,0.010835,0.0069847,0.0044329,0.0040762,0.0040512,0.0038911,0.0072232,0.00070331,0.0013299,0.0019881,0.0024024,0.0030244,0.0048437,0.0069321,0.014243,0.023993,0.032898,0.014661,0.010144,0.008286,0.0071769,0.0067489,0.0067044
0.0065824,0.0015114,0.00086047,0.0013071,0.0015181,0.0033771,0.0039878,0.0080218,0.025417,0.045032,0.027753,0.013267,0.009593,0.0067146,0.010184,0.0073716,0.0076238,0.011952,0.0049061,0.0031382,0.0018959,0.0024775,0.0031539,0.0028537,0.0040525,0.0082586,0.023829,0.0092956,0.004623,0.0030103,0.0024565,0.0020775,0.0019368,0.0018997,0.004757,0.0016031,0.00055932,0.00015913,0.00047624,0.0017571,0.001928,0.0034107,0.0087508,0.026882,0.011515,0.0059376,0.0043226,0.0033704,0.0033804,0.0030386,0.0030289,0.0080911,0.035527,0.01687,0.039897,0.035579,0.041343,0.081825,0.040653,0.36004,0.079599,0.17941,0.079548,0.060674,0.062694,0.033231,0.057261,0.026383,0.0095521,0.0062367,0.0011017,0.0033248,0.0019295,0.0024495,0.0044799,0.0015992,0.017801,0.0050163,0.0066325,0.0036382,0.0015574,0.0024389,0.0010616,0.001541,2.6725e-05,0.0070573,0.0032018,0.0030384,0.0057064,0.0016451,0.0071421,0.0081731,0.0069217,0.037394,0.020587,0.014193,0.016359,0.0017066,0.0086168,0.0057797,0.0030185,0.00729,0.049107,0.0032924,0.0056806,0.00548,0.0060805,0.009471,0.010059,0.013276,0.026462,0.091815,0.027542,0.017572,0.013582,0.012964,0.008292,0.0094766,0.0087968,0.018486,0.0037329,0.0019066,0.0011403,0.00060836,0.0012945,0.0010322,0.0015338,0.0041863,0.0042979,0.0070911,0.0033591,0.0029264,0.0025456,0.0022221,0.0023881,0.0024834,0.00027084,0.0073918,0.0063863,0.005993,0.0058286,0.0046011,0.0043235,0.0035823,0.0097216,0.027074,0.022142,0.011618,0.008536,0.0073452,0.006739,0.0061233,0.0060159,0.0034409,0.0033295,0.0018223,0.0010459,0.0025139,0.0039896,0.006655,0.011861,0.032773,0.18282,0.10283,0.031914,0.019387,0.017543,0.012622,0.012116,0.012676,0.019404,0.0038221,0.003607,0.0036156,0.0038614,0.0040704,0.0052917,0.006497,0.011135,0.026087,0.039781,0.011961,0.0077831,0.0055977,0.0049946,0.0047768,0.0043011,0.0041237,0.0012956,0.0014496,0.0018009,0.0027612,0.0028255,0.0039207,0.0055356,0.013155,0.036031,0.041399,0.01374,0.009283,0.0070238,0.0067772,0.0060831,0.0059739
0.053767,0.0093039,0.0033027,0.0035807,0.0057921,0.006024,0.0083356,0.012223,0.030055,0.050687,0.016692,0.0092347,0.006019,0.0043771,0.0059448,0.0033894,0.0035229,0.025227,0.007237,0.0043829,0.0029408,0.0024045,0.0029605,0.0037972,0.005517,0.012793,0.013834,0.011143,0.0057086,0.0036884,0.0031139,0.0024249,0.0021165,0.0020829,0.0083982,0.0020783,0.0020027,0.0022392,0.002292,0.0027704,0.0036434,0.0047288,0.016288,0.033195,0.0078188,0.0035231,0.0018863,0.0011661,0.00076868,0.00045686,0.00030328,0.022519,0.029203,0.028465,0.033183,0.038261,0.047396,0.064337,0.10328,0.32868,0.30844,0.14407,0.077215,0.057148,0.047302,0.041646,0.038097,0.038289,0.043746,0.0091547,0.0054049,0.0032818,0.0034859,0.0029726,0.0030672,0.0041331,0.012875,0.011004,0.0064599,0.0035784,0.0025514,0.0021652,0.001899,0.0023912,0.0019703,0.0071279,0.00054853,0.00080335,0.0015665,0.0021708,0.0037595,0.0058234,0.010064,0.032215,0.027451,0.02071,0.010279,0.0074241,0.0062176,0.0054752,0.0053224,0.0053121,0.047253,0.0017585,0.0021777,0.0024998,0.0026044,0.0033745,0.0042608,0.0098095,0.01407,0.077967,0.013856,0.0064296,0.0045907,0.0040934,0.0040015,0.0035938,0.0038872,0.040246,0.0093929,0.0049242,0.0036452,0.0033981,0.0025442,0.0033734,0.0051027,0.0086076,0.015801,0.010046,0.0033793,0.0018873,0.00094371,0.00049682,0.00025153,3.8147e-06,0.011872,0.0042418,0.0030766,0.0031528,0.0036212,0.0043382,0.0052203,0.0084376,0.016808,0.039989,0.02608,0.010416,0.0068662,0.0053408,0.0044558,0.0042485,0.0039445,0.041789,0.0099634,0.0024743,0.0070528,0.0077005,0.010107,0.014359,0.023474,0.097251,0.17366,0.10361,0.033924,0.020206,0.017712,0.016234,0.013733,0.014616,0.023657,0.0060498,0.004238,0.0033895,0.004635,0.0049356,0.0056302,0.0076731,0.013787,0.022344,0.037571,0.0092119,0.0064196,0.0035997,0.0026746,0.0022207,0.0024662,0.0057584,0.0053055,0.0050311,0.0056865,0.0060533,0.0068124,0.0091073,0.011946,0.028364,0.019807,0.038777,0.011581,0.0066715,0.0048032,0.003723,0.0034788,0.0031147
0.058612,0.0053133,0.0039463,0.0019822,0.00072676,0.0011878,0.0026771,0.0047867,0.012443,0.071064,0.010758,0.0021652,0.00071979,0.0020009,0.0034288,0.00059462,0.00093272,0.045394,0.0017253,0.0010292,0.0010536,0.0010918,0.00049953,0.00078668,0.0017492,0.0051315,0.021753,0.0020245,0.0014199,0.00080574,0.00079207,0.00042298,0.00048224,0.00060463,0.0079881,0.00066796,0.00057619,0.0007367,0.00066934,0.0012055,0.0013622,0.0014165,0.0015592,0.043819,0.012766,0.0051973,0.0032984,0.0027789,0.0023858,0.0021833,0.0022278,0.0081731,0.0028437,0.0063763,0.010269,0.013958,0.020461,0.032096,0.059285,0.15895,0.38343,0.12489,0.068591,0.051742,0.043124,0.039117,0.03662,0.035044,0.066873,0.0036492,0.0012589,0.0013032,0.00090336,0.00077455,0.0012489,0.0015666,0.0044252,0.02013,0.0055682,0.0024149,0.0016246,0.0024315,0.0017318,0.0015783,0.0021057,0.0064622,0.0010227,0.0010438,0.0010317,0.0016702,0.0028231,0.003359,0.0051369,0.013676,0.033748,0.015936,0.0073212,0.0049668,0.0046402,0.0040363,0.0035693,0.0035782,0.049397,0.0024597,0.0025559,0.0026219,0.0027908,0.0030097,0.0042205,0.0067571,0.018785,0.11254,0.014095,0.0047016,0.0032827,0.0018034,0.0019538,0.0019659,0.0023651,0.055552,0.0051547,0.0025837,0.0024482,0.0019405,0.0029321,0.0025987,0.0030199,0.0050825,0.015529,0.0077221,0.0029361,0.0015083,0.0012285,0.0012315,0.00070786,0.00059701,0.018925,0.002183,0.0016683,0.0017173,0.0022042,0.0026997,0.0035147,0.0050045,0.0085715,0.021254,0.01617,0.0064446,0.0041761,0.0034276,0.0029772,0.0026815,0.0024758,0.067658,0.019406,0.021962,0.016826,0.026686,0.017934,0.038051,0.034856,0.12671,0.12959,0.022337,0.065309,0.0083559,0.025494,0.014575,0.012633,0.014878,0.030421,0.0019675,0.0056931,0.0039169,0.0052971,0.0053661,0.0049138,0.010474,0.007027,0.047677,0.0031046,0.01696,0.003901,0.0063122,0.0041441,0.0026997,0.0042439,0.00097657,0.0016148,0.0028061,0.0025211,0.0025629,0.0042252,0.0015349,0.0078418,0.011961,0.053989,0.013605,0.015925,0.0088381,0.0049572,0.0075526,0.0014743,0.0075074
0.03188,0.0020284,0.0038369,0.0042612,0.0038868,0.0048726,0.0058718,0.0065243,0.0076925,0.014776,0.025035,0.0080108,0.0046532,0.0056123,0.0020852,0.00023879,0.00090029,0.028937,0.0028521,0.0023184,0.001375,0.0014789,0.0012267,0.0016931,0.0021194,0.0029925,0.0037373,0.0062196,0.0021837,0.0012937,0.0011346,0.00094826,0.00082558,0.00078012,0.0040169,0.0022804,0.0026426,0.0022757,0.0025527,0.0033658,0.0043981,0.005487,0.0093557,0.0092132,0.020282,0.0070236,0.0045765,0.0033937,0.0030614,0.0025927,0.0024491,0.008545,0.0068189,0.0072971,0.0073063,0.0082505,0.0093642,0.010693,0.010582,0.027324,0.361,0.03999,0.013061,0.0071373,0.0041138,0.0029488,0.0019784,0.0015717,0.039246,0.0032645,0.0017194,0.00064794,0.00051961,0.00033083,0.00031091,0.00071045,0.0017542,0.020321,0.0044312,0.0015707,0.0010772,0.001653,0.0013239,0.0010763,0.00041582,0.0045567,0.001005,0.00091277,0.00092325,0.0011953,0.0013312,0.0018214,0.0014933,0.0060086,0.036163,0.016882,0.0052455,0.0034782,0.002546,0.0024986,0.0022944,0.0023213,0.046708,0.0028165,0.0044744,0.0036022,0.0041587,0.00399,0.0039336,0.0065515,0.020053,0.1075,0.015467,0.0065728,0.0042966,0.0026777,0.0025468,0.0018177,0.0011521,0.031676,0.003279,0.0015475,0.0016168,0.00087854,0.00082473,0.00060366,0.00094229,0.0014145,0.0051478,0.0034689,0.00095415,0.00056913,0.00052478,0.00020903,0.00048188,0.00047875,0.010054,0.0006581,0.00040654,0.00065141,0.00080429,0.00098187,0.00055864,0.0012883,0.0020676,0.038647,0.0091902,0.0023657,0.0012811,0.00099743,0.00077365,0.00083439,0.000803,0.020218,0.0044329,0.0044811,0.0056742,0.0074255,0.0088983,0.010904,0.019106,0.035707,0.071241,0.11294,0.038232,0.024114,0.019032,0.016249,0.014888,0.016575,0.023693,0.00275,0.0019173,0.0027993,0.0023291,0.0030003,0.0042886,0.0050788,0.010017,0.021829,0.036804,0.012256,0.0081751,0.0056102,0.0056819,0.0052476,0.0048371,0.00061227,0.0022214,0.0025304,0.002566,0.0026859,0.0038531,0.0045107,0.0055869,0.012542,0.032156,0.036767,0.011847,0.0075673,0.0060542,0.0051735,0.0047697,0.0043088
0.060172,0.009754,0.0066785,0.0036869,0.003874,0.0047986,0.0045721,0.0052401,0.0063624,0.045769,0.022755,0.0053626,0.0040917,0.0016374,0.0025831,0.0021181,0.00089457,0.00025368,0.0043183,0.0030186,0.0019585,0.001204,0.0025516,0.002831,0.0033499,0.0062379,0.0086343,0.009034,0.0028154,0.001808,0.0011408,0.00088346,0.00088225,0.00078392,0.00090792,0.0033296,0.0025024,0.0024448,0.0030017,0.0029816,0.0036071,0.0051002,0.0060595,0.040636,0.018135,0.0060059,0.0034948,0.00242,0.0018282,0.0017934,0.0015908,0.066236,0.027693,0.029511,0.030337,0.034731,0.040663,0.050682,0.075047,0.19038,0.38016,0.085525,0.043215,0.028684,0.020022,0.015337,0.01365,0.013321,0.042971,0.0032349,0.0020336,0.0023752,0.0020772,0.0022836,0.0030165,0.004362,0.0099839,0.01074,0.0079116,0.0041546,0.0030158,0.0020434,0.0019697,0.0022411,0.0015202,0.0076886,0.003038,0.0035184,0.0036017,0.0041006,0.0049116,0.0063089,0.0099396,0.02407,0.010485,0.020577,0.0097764,0.0067614,0.0055204,0.0046939,0.0043041,0.0042744,0.07849,0.0095045,0.0034817,0.0041068,0.0033455,0.0033577,0.0039581,0.0069648,0.013922,0.13334,0.0079995,0.0037387,0.0034238,0.0028335,0.0040126,0.0026254,0.0022641,0.027028,0.0023301,0.0011598,0.00066018,0.00048871,0.001256,0.0012981,0.0021806,0.0047379,0.017028,0.0033409,0.0010899,0.00067246,0.00047924,0.00046734,0.00022438,0.00023651,0.013298,0.0012655,0.00049081,0.00033104,0.00055697,0.00085646,0.0011394,0.001813,0.005532,0.013386,0.0063268,0.002847,0.002205,0.0018161,0.0015729,0.0015725,0.0016022,0.047427,0.0095721,0.0049343,0.0042618,0.004922,0.0058128,0.0077611,0.010862,0.031587,0.18641,0.057885,0.023457,0.015882,0.012389,0.010994,0.0096812,0.0080167,0.0094263,0.0062406,0.002107,0.0017344,0.0010089,0.0012819,0.0024444,0.0047827,0.0099629,0.042041,0.024674,0.0099407,0.0073537,0.0057641,0.0046347,0.0052326,0.0049592,0.0070363,0.0048414,0.0048376,0.0051758,0.0057352,0.0069381,0.0082938,0.011998,0.024079,0.035321,0.026583,0.011082,0.0070633,0.005326,0.0043675,0.0038238,0.0038434
0.080547,0.0014027,0.00095108,0.00079348,0.00066108,0.00073746,0.00097826,0.0036277,0.0064048,0.045397,0.011449,0.00226,0.0013085,0.0023762,0.0013105,0.0003696,0.00080679,0.021859,0.0035508,0.0010047,0.00047031,0.00018862,0.00037527,0.0013951,0.0017528,0.0046935,0.010866,0.0053336,0.003086,0.001923,0.0015167,0.001345,0.0014272,0.001297,0.015593,0.0020748,0.0013525,0.0015272,0.0015885,0.0015566,0.0018644,0.0028758,0.0020422,0.030969,0.01166,0.004192,0.0026213,0.0017416,0.0015223,0.0012138,0.0012646,0.036332,0.036235,0.037562,0.040616,0.045417,0.052951,0.066768,0.096767,0.20978,0.32814,0.1156,0.058487,0.035799,0.026249,0.020805,0.017861,0.01693,0.042233,0.0017888,0.0021339,0.0019106,0.0020951,0.0020297,0.0027426,0.0042328,0.0089293,0.018325,0.0054387,0.0023596,0.0014106,0.0012552,0.00056844,0.00082601,0.00056078,0.00011063,0.0020599,0.0023059,0.0020792,0.0024731,0.0030319,0.0037015,0.0067611,0.014107,0.04628,0.012699,0.0069033,0.0049262,0.0040785,0.003591,0.0031368,0.0031243,0.11429,0.0029474,0.0015147,0.00069455,0.00081588,0.0023557,0.0039015,0.0094385,0.026652,0.15099,0.0092125,0.0065363,0.0045465,0.0045993,0.0019905,0.0046273,0.0043755,0.022354,0.0020197,0.00096646,0.0012524,0.0017684,0.001684,0.0020257,0.0029948,0.005,0.013517,0.0029355,0.0011235,0.00073663,0.00082314,0.00063288,0.00039094,0.00023651,0.013006,0.0021177,0.0017617,0.0017877,0.0020106,0.0020554,0.0033597,0.0038436,0.0098073,0.010668,0.011118,0.0054273,0.0036219,0.0028416,0.0028295,0.0023317,0.0023442,0.072736,0.011051,0.01234,0.010538,0.011968,0.013684,0.0157,0.025129,0.040566,0.221,0.053242,0.021086,0.012572,0.0077289,0.0086934,0.0055602,0.0060273,0.03854,0.0038829,0.0037327,0.0036411,0.0042715,0.0048564,0.0056841,0.0077467,0.014043,0.03945,0.021126,0.0064294,0.004187,0.0036212,0.0023807,0.0015595,0.0017929,0.0027295,0.00381,0.003746,0.0040736,0.0041963,0.0053566,0.006029,0.0087066,0.01551,0.069484,0.020552,0.007441,0.0039277,0.0022885,0.0012487,0.00068013,9.3464e-05
0.10107,0.0045064,0.003928,0.00091761,0.0006541,0.0017966,0.0022168,0.0061061,0.019795,0.05347,0.018305,0.0079163,0.0056966,0.0038804,0.0047891,0.0036547,0.0035039,0.026761,0.00094032,0.00034146,0.0001235,0.00026341,0.00028636,0.00035179,0.00055878,0.0032421,0.025524,0.0062162,0.0012409,0.0008039,0.00032468,0.00024129,0.00015911,7.6286e-05,0.021279,0.00087223,0.00044463,0.00068993,0.0011288,0.001052,0.0020717,0.003218,0.01088,0.020898,0.012256,0.004971,0.0033272,0.0027451,0.0025233,0.0024604,0.0023003,0.10551,0.017702,0.02073,0.023086,0.027707,0.035555,0.049953,0.084876,0.28063,0.39949,0.10378,0.067611,0.051589,0.044383,0.040012,0.03698,0.036852,0.057111,0.0031663,0.0018933,0.0013865,0.0016977,0.0018652,0.0020126,0.0036332,0.010515,0.018198,0.001241,0.00098079,0.00091916,0.00076534,0.00094424,0.0019106,0.00022888,0.003994,0.0023522,0.002131,0.0028376,0.0029566,0.0039579,0.0054342,0.0095099,0.027035,0.04678,0.0063799,0.0037318,0.0029371,0.0023573,0.0023287,0.0021055,0.0019341,0.12974,0.0047569,0.0029158,0.0044015,0.0035526,0.0040432,0.0050747,0.0078631,0.01642,0.10167,0.015315,0.0067213,0.0038115,0.0024836,0.00057837,0.0013488,0.0011025,0.033291,0.0023132,0.0015105,0.0010523,0.00023127,0.00090977,0.00049316,0.00091893,0.0026321,0.01793,0.0048788,0.002434,0.0015787,0.0013027,0.0013534,0.0010698,0.0010681,0.012043,0.001589,0.0017057,0.0013032,0.0016685,0.0018486,0.0020789,0.0025749,0.0035466,0.056641,0.0091054,0.0036758,0.0021768,0.0014491,0.00098186,0.00091309,0.00071336,0.069789,0.017564,0.016971,0.019133,0.021182,0.024209,0.032381,0.045431,0.11279,0.051488,0.094698,0.046452,0.030861,0.023885,0.021863,0.018362,0.019556,0.041556,0.0019428,0.0027644,0.0026818,0.0026027,0.0033998,0.0031282,0.004281,0.0072713,0.041999,0.013992,0.0072636,0.004558,0.0036772,0.0031446,0.0026343,0.0023938,0.0082399,0.0021677,0.0021472,0.002523,0.0030627,0.0028416,0.003546,0.0068074,0.015688,0.064365,0.015915,0.0068399,0.0040154,0.0029511,0.0024048,0.0022145,0.0020676
0.089008,0.0096049,0.0045382,0.0017242,0.0025421,0.0040039,0.0037111,0.0086868,0.030592,0.026448,0.01678,0.010951,0.0083001,0.0083422,0.0044749,0.0058403,0.0045415,0.011147,0.0040669,0.0018603,0.0014129,0.0012036,0.00024704,0.00067597,0.001224,0.0051345,0.017289,0.0082044,0.0024849,0.001816,0.0012783,0.0010408,0.0014097,0.0014,0.0088789,0.0031865,0.0024719,0.0023567,0.002514,0.0027704,0.003893,0.0058502,0.0072056,0.021033,0.012173,0.0052802,0.0038931,0.0029999,0.0024033,0.0024073,0.0020466,0.075677,0.042688,0.053136,0.012928,0.056653,0.078839,0.017794,0.12966,0.40207,0.19156,0.13005,0.094762,0.024312,0.036774,0.041404,0.027104,0.025235,0.054854,0.0025431,0.004428,0.0015957,0.0026325,0.0045167,0.0016828,0.0057016,0.017799,0.0085805,0.0052348,0.0053215,0.0016306,0.0012224,0.0026201,0.0014141,0.00034143,0.0086576,0.0026094,0.0034878,0.0055791,0.00059592,0.0077953,0.0081126,0.0067624,0.039694,0.013852,0.013195,0.013768,0.00054292,0.0074367,0.0054706,0.0025429,0.0064946,0.11924,0.013616,0.011291,0.010685,0.011068,0.012897,0.016943,0.021082,0.067074,0.12046,0.032004,0.013245,0.0077044,0.0038212,0.0023151,0.0014448,0.00012208,0.034306,0.0023549,0.0019664,0.0015683,0.00202,0.0019345,0.0019167,0.0029494,0.0037337,0.019643,0.0089113,0.0028768,0.0014105,0.00078211,0.00041545,0.00055781,0.00045015,0.014855,0.00062524,0.00057737,0.00071764,0.0010824,0.0012205,0.0014406,0.0025897,0.0045061,0.033429,0.020215,0.0074137,0.0048416,0.0038146,0.0031439,0.0032344,0.0030137,0.08924,0.01988,0.019893,0.020433,0.023107,0.026471,0.03429,0.052305,0.1243,0.11588,0.14283,0.046218,0.031431,0.0231,0.020238,0.018834,0.017416,0.023365,0.0053538,0.0030002,0.0030894,0.0026814,0.0029782,0.0039399,0.0045684,0.0067596,0.032492,0.032978,0.011295,0.0071762,0.0058268,0.0043665,0.0042512,0.0035287,0.009596,0.0046114,0.0047574,0.0049462,0.0055565,0.0059674,0.0079613,0.0093199,0.021188,0.041465,0.03967,0.012875,0.0078245,0.0054665,0.0045624,0.0041455,0.0040112
0.03628,0.0080872,0.0055759,0.0042031,0.0038421,0.0057715,0.0047891,0.0068162,0.027663,0.011521,0.019397,0.0083211,0.0051571,0.0031619,0.003285,0.0031208,0.0029469,0.0068341,0.00014611,0.00045012,0.00091314,0.0010947,0.001145,0.0018451,0.0015601,0.0068634,0.01571,0.0072798,0.0023563,0.0015373,0.0013715,0.00071333,0.00097276,0.00092126,0.0017472,0.0024924,0.0025434,0.0025631,0.002874,0.0032216,0.0041829,0.0058825,0.012968,0.0069079,0.022182,0.0074365,0.004993,0.0036103,0.0034202,0.0030097,0.0030976,0.04221,0.020592,0.020961,0.02304,0.026269,0.031864,0.043674,0.070142,0.1766,0.38816,0.080868,0.054074,0.04196,0.035773,0.030655,0.029747,0.02866,0.027155,0.0054101,0.0023276,0.0013967,0.00099805,0.00074462,0.0016294,0.0029876,0.0078054,0.01568,0.0099016,0.0048841,0.0038597,0.003209,0.0024663,0.0026824,0.0027943,0.00097277,0.0029218,0.0027006,0.0029265,0.0031541,0.0039738,0.0054142,0.0084708,0.021253,0.034298,0.018458,0.007584,0.0052304,0.0043583,0.0034046,0.0033773,0.0032158,0.05016,0.010479,0.0099263,0.010217,0.010305,0.012163,0.013717,0.021406,0.051238,0.088331,0.041507,0.017272,0.011194,0.0075963,0.0048682,0.0056662,0.0049592,0.014137,0.0042046,0.002098,0.0012677,0.00040372,0.00033862,0.00052632,0.0019908,0.0050167,0.013077,0.010903,0.0034105,0.0020877,0.001305,0.00091245,0.00027768,1.9077e-05,0.0071584,0.0016358,0.00079469,0.00059467,0.00051672,0.001063,0.0013018,0.0028644,0.010675,0.040455,0.013613,0.0047074,0.0030873,0.0031324,0.0028944,0.0026249,0.0028363,0.015652,0.016331,0.01548,0.014686,0.0089779,0.012203,0.033048,0.063644,0.12369,0.11772,0.076563,0.034479,0.050467,0.049037,0.037258,0.021554,0.0085107,0.0018463,0.0018086,0.00043838,0.00097276,0.0011323,0.00073525,0.0011925,0.0049227,0.012282,0.033118,0.022973,0.0037793,0.0098285,0.011102,0.0083471,0.0052677,0.00031664,2.4788e-05,0.0048277,0.0077871,0.00824,0.0063681,0.0034949,0.0088264,0.017268,0.031904,0.032801,0.023688,0.007963,0.0094088,0.0074208,0.0046137,0.0031412,0.0028401
0.0028916,0.0038605,0.0029803,0.0013544,0.0013576,0.002367,0.0027498,0.0053731,0.02637,0.030518,0.024809,0.011187,0.0075295,0.00927,0.0070286,0.0073498,0.0065652,0.0085851,0.00085759,0.00037478,0.0008464,0.00043601,0.00055954,0.0015219,0.0030256,0.0099329,0.014699,0.010278,0.0036957,0.0030209,0.0022531,0.0021399,0.0020053,0.0016384,0.0041505,0.0012998,0.001256,0.0013486,0.0018163,0.002616,0.00354,0.0040917,0.016839,0.0099918,0.023397,0.0089989,0.0061685,0.0052459,0.0045061,0.0041974,0.0044366,0.0058156,0.010811,0.01171,0.016389,0.019168,0.026332,0.040734,0.071465,0.18925,0.36428,0.10074,0.065777,0.049163,0.042657,0.039445,0.03699,0.036913,0.0010796,0.0034736,0.0018742,0.002082,0.0020131,0.0021966,0.0026313,0.0045613,0.010156,0.012211,0.0095519,0.0052913,0.003214,0.0014381,0.0022877,0.0022272,0.002533,0.0047799,0.0043972,0.0043149,0.0045511,0.0051247,0.0053643,0.0067134,0.011009,0.025975,0.022679,0.019125,0.0062229,0.0034657,0.0021366,0.001164,0.00045843,0.00014115,0.028286,0.0073796,0.0059167,0.0057344,0.0068918,0.0077963,0.0095935,0.0095799,0.059623,0.10162,0.026096,0.012426,0.0080873,0.0070512,0.0066863,0.0039443,0.0041085,0.0050755,0.0021987,0.001156,0.00033627,0.00037861,0.001089,0.0017114,0.0016258,0.0063069,0.0053013,0.012812,0.00508,0.0035831,0.0030143,0.002528,0.0021369,0.0023289,5.7224e-05,0.0017274,0.0018392,0.0019626,0.0021353,0.0023175,0.0031442,0.0037335,0.018244,0.037611,0.017411,0.0058658,0.0042669,0.0031068,0.0029346,0.0026286,0.0025101,0.0049745,0.0053143,0.0054463,0.0053128,0.0061397,0.0076343,0.010946,0.016048,0.026467,0.1853,0.10504,0.034808,0.019773,0.013456,0.014131,0.012161,0.010765,0.0071527,0.0032549,0.0026107,0.0025335,0.0024564,0.0031035,0.0043273,0.0051853,0.0081741,0.024644,0.037495,0.011149,0.0058161,0.0060635,0.0036298,0.004066,0.0035668,0.0079309,0.0052742,0.0054582,0.0059277,0.0062183,0.0079308,0.0087072,0.012878,0.026139,0.0091518,0.041593,0.012037,0.006781,0.0042432,0.0030704,0.0024605,0.0022087
0.018647,0.0058251,0.0026447,0.0049956,0.0047136,0.0063162,0.0089361,0.013798,0.022375,0.039959,0.024699,0.010001,0.0072111,0.0039402,0.0042806,0.0034262,0.0044327,0.012583,0.0018029,0.0018624,0.0016946,0.0025253,0.0023441,0.0031437,0.0049117,0.011096,0.0090493,0.011517,0.0050741,0.0033495,0.00234,0.002213,0.0019998,0.0021344,0.0086442,0.0010521,0.0013597,0.00167,0.0019785,0.0022094,0.0035749,0.0050475,0.016526,0.023672,0.021581,0.0082891,0.0059223,0.0048236,0.00438,0.0040017,0.0038338,0.053307,0.03009,0.031788,0.034038,0.039995,0.048076,0.06403,0.10225,0.27126,0.35391,0.1091,0.064442,0.047136,0.038218,0.033351,0.029958,0.029725,0.017363,0.0017223,0.0013454,0.0021685,0.0017142,0.0023939,0.0028183,0.0042854,0.012557,0.010739,0.0084339,0.004179,0.0029946,0.0032642,0.0025229,0.0023877,0.0021611,0.0044003,0.0042751,0.0046139,0.0049769,0.0053407,0.0061042,0.0077648,0.011917,0.028085,0.013909,0.018696,0.0074927,0.0048592,0.003006,0.0026537,0.0023271,0.0022183,0.0080778,0.0024839,0.0028576,0.00261,0.002902,0.0028849,0.0038226,0.006294,0.036017,0.11882,0.0060168,0.0013343,0.0014868,0.0019184,0.0012823,0.0012227,0.0010357,0.015873,0.0015849,0.0015577,0.00066492,0.0011652,0.0020647,0.0025758,0.00418,0.0091726,0.015848,0.016176,0.0070892,0.0044558,0.0038274,0.0035907,0.0029786,0.003006,0.010002,0.0038809,0.0041183,0.0041071,0.0042579,0.0056346,0.0071059,0.009432,0.022973,0.015227,0.022274,0.0090761,0.0057381,0.0040533,0.0033726,0.0031224,0.0029526,0.035693,0.0035641,0.0032716,0.0029444,0.0037555,0.0041081,0.0060448,0.010895,0.039274,0.18041,0.093175,0.023173,0.013871,0.011933,0.0079514,0.0075179,0.0076009,0.012642,0.0016212,0.0016391,0.0015229,0.0022232,0.0022613,0.003249,0.0046351,0.008509,0.03203,0.035764,0.010581,0.0075319,0.0042516,0.005739,0.004687,0.0045968,0.002842,0.0047592,0.0051114,0.0051145,0.0058881,0.0071746,0.0089276,0.012814,0.024831,0.020876,0.04005,0.013663,0.0083983,0.0063753,0.005346,0.0048342,0.0045319
0.041697,0.005816,0.0056156,0.0062957,0.0068158,0.0082213,0.010621,0.018922,0.056082,0.021442,0.030172,0.010556,0.0077754,0.006552,0.0037605,0.0045942,0.0043698,0.01865,0.0020818,0.0019063,0.0025766,0.0020098,0.0021515,0.0035529,0.0054264,0.015045,0.0033024,0.013644,0.0051692,0.0032421,0.0026013,0.002095,0.0021362,0.00177,0.0065614,0.0017671,0.0017059,0.001811,0.0024578,0.0031983,0.0035609,0.0056122,0.019223,0.017031,0.017422,0.0065635,0.0045362,0.0033798,0.0029547,0.0027,0.0027886,0.0046121,0.040543,0.042953,0.046053,0.051397,0.061331,0.079881,0.12847,0.36537,0.31477,0.12152,0.068613,0.048499,0.038329,0.0325,0.03112,0.029255,0.024056,0.0017937,0.0021612,0.0019331,0.0016611,0.0023341,0.0032369,0.0051689,0.014453,0.010128,0.0061313,0.0032896,0.002268,0.0016955,0.0019994,0.0020495,0.0015145,0.0028687,0.0050125,0.0054365,0.0057455,0.0064142,0.0076358,0.0095505,0.012559,0.037844,0.013543,0.017087,0.0075015,0.0048644,0.0034699,0.0024488,0.0020575,0.0018845,0.00049782,0.0030704,0.0024299,0.003132,0.0052572,0.0076713,0.012091,0.022991,0.072976,0.11102,0.04761,0.026733,0.019677,0.016028,0.014787,0.014786,0.01401,0.021721,0.00083968,0.00025506,0.00095273,0.0010151,0.0021055,0.0025543,0.0049628,0.012982,0.0099919,0.01723,0.0073633,0.0051667,0.0042334,0.0037449,0.0033164,0.0032311,0.0077115,0.0030531,0.0028058,0.0032309,0.0033985,0.0043027,0.005298,0.0067463,0.018241,0.031067,0.016738,0.0072337,0.0043186,0.0034099,0.0026352,0.002481,0.0024396,0.045201,0.0026344,0.0030664,0.0025542,0.0028044,0.0036498,0.0068395,0.014814,0.079343,0.23019,0.056623,0.011807,0.0056668,0.0016748,0.0032247,0.0010387,0.0005951,0.021139,0.0019241,0.0024361,0.0026526,0.0024988,0.00327,0.0042567,0.0069593,0.01261,0.033225,0.029553,0.011793,0.0075578,0.0073375,0.004394,0.0049385,0.0051595,0.0087034,0.0060645,0.0060302,0.0067419,0.0071045,0.0084635,0.010987,0.014282,0.034727,0.013973,0.035794,0.014248,0.0089896,0.0068429,0.0054544,0.0051426,0.0047474
0.042538,0.0028428,0.0048906,0.0043933,0.0044321,0.0056868,0.008006,0.012075,0.064864,0.043606,0.032768,0.013804,0.0070821,0.0084332,0.0076937,0.006543,0.0068589,0.019467,0.0014174,0.00063852,0.0010467,0.00092194,0.0008492,0.0022578,0.0033865,0.016605,0.020184,0.011095,0.0035061,0.0025005,0.0021244,0.0020216,0.0016496,0.0019112,0.0090219,0.00038699,0.0011401,0.00078572,0.0014485,0.0014898,0.0024028,0.0042677,0.019312,0.023697,0.016884,0.0044848,0.0026601,0.0022738,0.0019052,0.0022286,0.0016671,0.074413,0.032623,0.035465,0.038755,0.044341,0.053722,0.073214,0.11505,0.36578,0.24609,0.13413,0.076753,0.056034,0.045906,0.041038,0.036234,0.035807,0.02952,0.0011742,0.00035867,0.001072,0.00089961,0.0013622,0.0021496,0.003763,0.015058,0.0089608,0.0046231,0.0035978,0.0024843,0.0032938,0.0024188,0.0028359,0.0016461,0.0095083,0.0058553,0.0064056,0.0067344,0.007605,0.0088852,0.011134,0.018319,0.04224,0.02579,0.019628,0.0084088,0.0046051,0.0032033,0.0019859,0.00083985,0.00020409,0.0076143,0.0024441,0.0039108,0.0036599,0.0048488,0.0070649,0.011977,0.0205,0.058189,0.11618,0.043297,0.02177,0.015391,0.013688,0.011068,0.012435,0.011711,0.026301,0.0017754,0.0014693,0.00095059,0.0013302,0.0016716,0.0018663,0.0029766,0.010567,0.0057933,0.009917,0.0038041,0.0025884,0.002387,0.0019641,0.0017666,0.0015125,0.011585,0.0017663,0.0017269,0.0023223,0.0022616,0.0030841,0.0041866,0.0047323,0.021348,0.036473,0.015034,0.0070034,0.0042309,0.0036252,0.0032957,0.0028515,0.0028687,0.054095,0.0024526,0.0037749,0.0047389,0.0058126,0.0091277,0.015868,0.034082,0.12381,0.29404,0.043587,0.014219,0.012125,0.0086235,0.011015,0.0084652,0.0072538,0.020369,0.0032937,0.0034752,0.0029426,0.0034982,0.0045358,0.0049112,0.0083266,0.014184,0.031613,0.032632,0.0096132,0.0064734,0.0048212,0.0059878,0.004302,0.0039464,0.0024662,0.0061244,0.0066695,0.0068173,0.0077933,0.008874,0.010774,0.017718,0.038812,0.036286,0.030487,0.012315,0.0071606,0.0051649,0.0041739,0.0030948,0.0029736
0.041867,0.0030321,0.003048,0.0024238,0.0036207,0.0050173,0.0075985,0.013123,0.04767,0.044879,0.0058868,0.0083781,0.0058068,0.0073814,0.0053068,0.0054944,0.0047951,0.015112,0.0013991,0.0012521,0.0016976,0.0013315,0.0020539,0.0025224,0.00503,0.015905,0.008826,0.0062783,0.0023208,0.0019478,0.0014738,0.0012216,0.0011407,0.0010052,0.0098535,0.0010181,0.0012313,0.0012278,0.0014164,0.001925,0.0027702,0.005555,0.018819,0.027512,0.020509,0.002986,0.0012224,0.00073425,0.00031656,0.00051636,1.1448e-05,0.031609,0.008266,0.0098561,0.014768,0.021209,0.031429,0.050125,0.095746,0.40218,0.20528,0.1314,0.077768,0.061675,0.05205,0.047617,0.044768,0.043938,0.03217,0.0013021,0.00086882,0.0014307,0.0012125,0.0016242,0.0020553,0.0035772,0.016953,0.0059513,0.009262,0.0039253,0.0029505,0.0027229,0.0025897,0.0011801,0.0022393,0.0021611,0.0049575,0.0053297,0.0053996,0.006469,0.0072399,0.0095359,0.014764,0.050447,0.0061182,0.02144,0.0091376,0.0059184,0.0044964,0.0035158,0.0030127,0.0029545,0.0014305,0.0063444,0.0060347,0.0061531,0.0072564,0.008591,0.01158,0.017628,0.036034,0.10478,0.020853,0.0098536,0.0062171,0.0036995,0.0033931,0.0027439,0.0026856,0.02672,0.0014332,0.0010627,0.0012756,0.0012788,0.0013831,0.001644,0.003441,0.007864,0.0092856,0.0065037,0.00193,0.0015133,0.00093963,0.00081454,0.00049654,0.00049018,0.015259,0.0031668,0.003001,0.0031959,0.0034998,0.0041499,0.0052046,0.0086005,0.018565,0.024617,0.0091501,0.0051508,0.0030621,0.0020051,0.0017015,0.0012401,0.0013161,0.072021,0.018756,0.022524,0.025435,0.02546,0.025743,0.04106,0.077189,0.21495,0.1604,0.07987,0.027048,0.023436,0.018713,0.012887,0.007998,0.0037976,0.023606,0.0039344,0.0024531,0.004341,0.0060709,0.0059293,0.0039696,0.0060287,0.015782,0.043263,0.010191,0.0060206,0.006713,0.0037445,0.00048655,0.0023724,0.0037804,0.0069143,0.0031898,0.0023582,0.0040821,0.0052574,0.0043523,0.00323,0.012216,0.035727,0.047754,0.011518,0.0079964,0.0089693,0.0057742,0.0017119,0.003688,0.0050603
0.042603,0.0070016,0.0045493,0.0062735,0.0078077,0.0091925,0.011803,0.021124,0.09185,0.047086,0.028926,0.0071732,0.0020441,0.0026149,0.0027132,0.00055066,5.7213e-05,0.018971,0.0012421,0.00080141,0.0012405,0.00077767,0.001968,0.0017283,0.0036359,0.021528,0.018276,0.01393,0.0017128,0.00095276,0.00057674,0.00028999,0.00014313,0.00017165,0.0078832,0.001885,0.0013868,0.0015549,0.0019122,0.00229,0.003297,0.0042259,0.032657,0.020593,0.017808,0.0026872,0.0016951,0.0016405,0.0015391,0.001563,0.001173,0.06989,0.033828,0.034305,0.035788,0.038228,0.043704,0.056745,0.096922,0.46381,0.10702,0.074916,0.042246,0.028649,0.020248,0.013828,0.0092901,0.0072938,0.025574,0.0017854,0.0015177,0.0017936,0.001405,0.0019427,0.0025408,0.0040033,0.018803,0.0020134,0.0018673,0.0016683,0.0017218,0.00078085,0.0012689,0.00042382,0.0024948,0.0012951,0.0005843,0.001024,0.0015382,0.0025723,0.0041142,0.006298,0.009121,0.051806,0.0078067,0.016584,0.0097645,0.0070172,0.0058171,0.0049385,0.0045877,0.0043545,0.0093538,0.0053167,0.0062739,0.0054959,0.0074837,0.0091103,0.011355,0.022247,0.084352,0.10153,0.032523,0.011061,0.007117,0.0059068,0.0026103,0.0046182,0.0046693,0.021664,0.0021307,0.0010162,0.00078828,0.00079363,0.0012274,0.0021244,0.0017494,0.012483,0.010092,0.012897,0.0035222,0.0027652,0.0023884,0.0023263,0.0019337,0.0019799,0.0078012,0.0012646,0.0015848,0.0019019,0.0024467,0.0024219,0.0032791,0.0034481,0.025069,0.039047,0.019888,0.0068057,0.0047405,0.0038991,0.0034534,0.0031507,0.003109,0.044541,0.0041272,0.002596,0.0039703,0.0061639,0.0088174,0.014734,0.033452,0.21584,0.25489,0.052173,0.0025669,0.0032561,0.0040395,0.0053061,0.0032442,0.0055848,0.021101,0.00084708,0.0026138,0.0017136,0.002441,0.0033076,0.0050197,0.0065033,0.015304,0.030088,0.036732,0.0082165,0.0073352,0.0065661,0.0058335,0.0047982,0.005396,0.0069944,0.0050339,0.0052421,0.0056992,0.0067266,0.0076032,0.0096762,0.0126,0.048658,0.027809,0.034467,0.013446,0.0088549,0.0070111,0.0057564,0.0055014,0.0054875
0.029574,0.0023004,0.0037159,0.0022888,0.0019335,0.0029205,0.0040888,0.010706,0.09935,0.016942,0.017718,0.0032473,0.0037744,0.0039403,0.0028258,0.003428,0.0023213,0.018494,0.00020284,0.00076743,0.00046072,0.00066449,0.00098232,0.0012173,0.001459,0.018404,0.0048612,0.0083738,0.0010783,0.00086355,0.00065616,0.00042547,0.00028856,0.00016402,0.0066072,0.002415,0.0022404,0.0024975,0.0027121,0.0030645,0.0047182,0.0044911,0.030087,0.0092257,0.024094,0.003057,0.0019487,0.0014586,0.00048065,0.00064408,0.00066757,0.0098249,0.021499,0.021209,0.023712,0.026788,0.032672,0.044808,0.081389,0.47247,0.14396,0.015671,0.016042,0.011067,0.0076698,0.0051659,0.0046242,0.0036031,0.016907,0.0015831,0.00081042,0.00077601,0.001481,0.00171,0.0015085,0.0047019,0.01766,0.0055672,0.0051224,0.00069443,0.00079456,0.0007058,0.00057241,0.00043938,0.0024109,0.0014343,0.00070982,0.0010043,0.001142,0.0016773,0.0025746,0.0035177,0.0057772,0.050135,0.021175,0.013484,0.0053105,0.0046914,0.0037376,0.003278,0.0032509,0.003418,0.018185,0.010367,0.014193,0.013045,0.017555,0.021711,0.020071,0.055362,0.009963,0.15207,0.042048,0.0079451,0.02083,0.0054577,0.012321,0.010958,0.00032044,0.018082,0.0012307,0.00073659,0.00044449,0.0011415,0.0022746,0.0010927,0.0056251,0.0097014,0.0089778,0.011902,0.0035167,0.0042426,0.0034503,0.0019046,0.0030384,0.0013352,0.0069753,0.0025436,0.00072946,0.0027166,0.0012743,0.0032512,0.0045383,0.0062894,0.015036,0.013917,0.023471,0.0063981,0.0068126,0.0055723,0.0027726,0.0057944,0.00091743,0.045281,0.0085646,0.0042742,0.0083349,0.010425,0.013684,0.018956,0.035312,0.25673,0.19495,0.079238,0.026237,0.020273,0.01832,0.013312,0.014777,0.014588,0.016131,0.0018709,0.0035206,0.0028804,0.0041605,0.0044149,0.0053946,0.0080295,0.016259,0.033922,0.025257,0.0053779,0.0052139,0.0037321,0.0036801,0.0022086,0.0023136,0.003521,0.0059055,0.0049592,0.0057144,0.0065579,0.007742,0.0094227,0.013747,0.042107,0.032365,0.026821,0.0085705,0.0048477,0.0032216,0.0016622,0.0010243,0.00084306
0.024277,0.0023637,0.0013203,0.00053726,0.0020211,0.0028555,0.00509,0.013657,0.093137,0.037012,0.015301,0.003573,0.0014048,0.0024986,0.0015827,0.0030366,0.0045167,0.019343,0.0011503,0.0009826,0.00082268,0.00073452,0.00028272,0.0010163,0.0010331,0.017644,0.012974,0.013328,0.0012116,0.0008725,0.00031851,0.00039782,7.5151e-05,0.00037575,0.010286,0.00038093,0.00010071,0.00030991,0.00030659,0.00043292,0.00032166,0.00033064,0.032153,0.013502,0.017136,0.0015482,0.00093144,0.0011789,0.00073898,0.00069755,0.00034143,0.018805,0.011534,0.013619,0.012943,0.016532,0.019731,0.030535,0.064984,0.49004,0.15144,0.027048,0.023488,0.020624,0.017326,0.017076,0.016019,0.012316,0.015621,0.00088219,0.00053591,0.0014129,0.00060792,0.0014987,0.0016806,0.002717,0.017506,0.0067058,0.0023638,0.00051898,0.00024418,0.00037081,0.00068977,0.00051403,0.00078966,0.00027275,0.00071889,0.00067653,0.00057955,0.0010977,0.0012936,0.0021213,0.004744,0.04728,0.02713,0.0076954,0.00086373,0.00011407,0.00020391,0.00047206,8.6409e-05,0.00010109,0.0021306,0.0017604,0.0022387,0.0011564,0.0014678,0.0016597,0.0028466,0.0072763,0.060264,0.13172,0.017854,0.0045116,0.0030208,0.0020737,0.0032881,0.0040031,0.0014134,0.014424,0.00030374,0.00069869,0.00027678,0.00027171,0.0009458,0.00057509,0.00083351,0.010026,0.0080263,0.010229,0.002107,0.0020461,0.0012196,0.0014979,0.00096172,0.0012779,0.0041161,0.001156,0.0012905,0.0013778,0.0013503,0.0018814,0.0022458,0.0051301,0.0069792,0.02468,0.015913,0.0051951,0.0039367,0.0032952,0.0028495,0.002598,0.002491,0.056506,0.021126,0.02158,0.021034,0.024734,0.029702,0.038327,0.055712,0.29605,0.10785,0.10738,0.043059,0.026572,0.020485,0.015411,0.016933,0.013975,0.024022,0.0040383,0.0034676,0.0035529,0.0043639,0.0046587,0.0055177,0.0064026,0.011223,0.04037,0.029406,0.0096842,0.0045523,0.0027747,0.0026009,0.00095945,3.8147e-06,0.0020466,0.0018779,0.0020102,0.0023942,0.0022002,0.0020712,0.0028083,0.0065664,0.024273,0.051828,0.021924,0.008303,0.0053747,0.0035565,0.0030647,0.0029679,0.0026913
0.016308,0.0053795,0.0049185,0.0047402,0.0052824,0.0065586,0.0080864,0.01158,0.11108,0.018582,0.004417,0.0067503,0.0042078,0.0037952,0.0018243,0.002856,0.0021744,0.012306,0.00098157,0.00077218,0.00067728,0.00028135,0.0016588,0.0018088,0.0025491,0.020109,0.0084431,0.011842,0.0032685,0.0025739,0.0017193,0.001695,0.0014116,0.0015564,0.011847,0.0017226,0.0010972,0.0013085,0.0011379,0.001631,0.0017841,0.0046736,0.030373,0.010951,0.018451,0.0020553,0.0012655,0.00077995,0.00066102,0.0004232,0.00027655,0.028229,0.0087424,0.0077562,0.011007,0.012904,0.018577,0.029151,0.061073,0.4921,0.056796,0.06608,0.038147,0.028843,0.025012,0.02274,0.021826,0.022885,0.014614,0.00051731,0.0011083,0.0010072,0.00042411,0.00018769,0.0012178,0.0023148,0.017372,0.0057271,0.0051492,0.0010703,0.0010681,0.00068099,0.00053983,0.001032,0.00090028,0.0018902,0.0019035,0.0013226,0.0013475,0.0015155,0.0026758,0.0022132,0.0083293,0.05271,0.01514,0.010117,0.0052023,0.0032285,0.0024753,0.0022529,0.0023369,0.0020542,0.0079728,0.0043675,0.0032068,0.0038543,0.0035052,0.0047221,0.004916,0.0078537,0.071295,0.091224,0.023123,0.0071129,0.0044923,0.0033807,0.0025312,0.0033618,0.0026818,0.016438,0.00082253,0.0010551,0.00042238,0.00072159,0.00080325,0.00068796,0.00053983,0.0084576,0.014166,0.0081694,0.0012212,0.00057925,0.00049562,0.00014583,0.00021809,0.00013735,0.0022526,0.00090096,0.00039171,0.00054539,0.00093468,0.0013805,0.001861,0.0025168,0.016523,0.043829,0.013428,0.0046937,0.0035057,0.0026092,0.0023948,0.00194,0.0020008,0.013125,0.019405,0.019759,0.020213,0.023736,0.028118,0.037193,0.059559,0.31709,0.10225,0.1138,0.044688,0.028622,0.023061,0.01946,0.017359,0.018122,0.0098154,0.0044834,0.0039145,0.0044346,0.0042947,0.0045012,0.0060772,0.00773,0.0093514,0.037457,0.017587,0.010303,0.0053119,0.0038521,0.0026016,0.002488,0.0028916,0.0039616,0.0023205,0.0023201,0.0024991,0.0028725,0.0030469,0.0037466,0.0068919,0.027523,0.031312,0.027281,0.0090635,0.0055615,0.0043844,0.0036677,0.0034278,0.0031987
0.014317,0.002106,0.0046983,0.0029478,0.0026444,0.0038772,0.0034398,0.0064802,0.10987,0.025886,0.022757,0.0030564,0.0055663,0.0022593,0.0030486,0.0025116,0.0029946,0.0066701,0.00086181,0.00081204,0.0011346,0.00032143,0.0012609,0.0014711,0.002488,0.020078,0.0088281,0.0091823,0.0012419,0.0011234,0.00081924,0.00064096,0.00051692,0.00052072,0.011744,0.00063309,0.00010659,0.00042338,0.00025284,0.00076346,0.0011001,0.0020895,0.031178,0.018994,0.022932,0.001258,0.00030615,0.00041167,0.00050633,0.00035027,5.5324e-05,0.028426,0.013789,0.012581,0.013763,0.015988,0.01896,0.026067,0.035036,0.49254,0.051331,0.049305,0.014619,0.0084844,0.0050815,0.0033108,0.0011809,0.00084116,0.016239,0.0011337,0.00092491,0.00072404,0.00068946,0.00085061,0.0010367,0.0023812,0.017188,0.002101,0.0047122,0.00082784,0.00022414,0.00047145,0.00042237,0.00030661,0.00061799,0.0039349,0.0022548,0.0021481,0.0022437,0.002448,0.0024111,0.0029665,0.011285,0.059843,0.015335,0.016885,0.0049273,0.0026642,0.0019994,0.0017731,0.0018533,0.0015965,0.015942,0.0015679,0.0025384,0.0017513,0.0018105,0.0020929,0.0036237,0.0026563,0.096379,0.13863,0.010815,0.004578,0.0034892,0.0030958,0.0043504,0.0046167,0.0023728,0.017023,0.0017643,0.00089719,0.0007929,0.00049116,0.0014181,0.0014829,0.0017882,0.013318,0.010211,0.0006074,0.0022464,0.0011659,0.0010491,0.00095855,0.00052403,0.00065805,0.0017967,0.0025499,0.0027552,0.0029045,0.0032817,0.0036214,0.0050671,0.0059482,0.024242,0.0080139,0.0054883,0.0053204,0.0024701,0.0016224,0.0011212,0.00066039,0.00085069,0.030053,0.0020484,0.0040487,0.0022435,0.0039755,0.0044837,0.006094,0.020886,0.23853,0.13256,0.094217,0.028396,0.02003,0.017005,0.014536,0.014012,0.011337,0.010264,0.0028114,0.0028862,0.0033147,0.0031672,0.0042105,0.0045886,0.007057,0.013691,0.039734,0.027233,0.010741,0.0063316,0.0056744,0.0041696,0.0039095,0.0039044,0.0041733,0.000441,0.0010685,0.0013394,0.0017841,0.0027615,0.003314,0.011728,0.038467,0.043951,0.029906,0.012106,0.0083334,0.0067802,0.0057036,0.0055985,0.0056458
0.013489,0.00098301,0.0032085,0.00043857,0.00046994,0.00045027,0.0023682,0.0042727,0.1047,0.024417,0.018788,0.0029594,0.001503,0.00097331,0.0011006,0.0010272,0.0027123,0.0077115,3.0713e-05,0.0011221,0.0001583,0.00069516,0.0010333,0.00060624,0.0013391,0.015597,0.013021,0.013282,0.00067662,0.00034106,0.00036977,0.00026982,0.00021139,2.8603e-05,0.011507,0.00027664,0.00058798,0.00048383,0.00062252,0.00048926,0.00067717,0.0018108,0.034622,0.0069414,0.016504,0.00057837,0.00046083,0.00038126,0.00049805,0.00035069,0.00051309,0.012278,0.00079867,0.0023271,0.0017964,0.00057593,0.00052201,0.0006413,0.0046179,0.43417,0.042857,0.014916,0.006647,0.0029829,0.0014092,0.00096675,0.00083954,0.0003376,0.012676,0.00075654,0.00094209,0.001308,0.00026303,0.00028509,0.00046546,0.001892,0.013884,0.0034926,0.0015197,0.00056473,0.00098027,0.00037491,0.0010618,0.00030176,0.0012665,0.0073949,0.0016921,0.0012364,0.0015436,0.0014966,0.0020261,0.0024261,0.0047977,0.051255,0.015789,0.0089104,0.0032203,0.0019946,0.00092608,0.00087016,0.00025054,0.00010491,0.019444,0.001911,0.0012425,0.0027635,0.0029678,0.0038403,0.0057247,0.01125,0.10232,0.092559,0.031189,0.013462,0.0084381,0.0075654,0.0070655,0.0086171,0.0066186,0.015141,0.00038959,0.00052574,0.0010668,0.00047633,0.00083022,0.0003499,0.0019251,0.011606,0.012102,0.0084421,0.0017458,0.0010985,0.00087147,0.00062831,0.00037819,0.00051119,0.0020523,0.00037091,0.00074912,0.00081765,0.001086,0.00097984,0.00056326,0.0029388,0.012068,0.047608,0.013464,0.0038031,0.0020701,0.0016676,0.0016301,0.0012721,0.0011444,0.057582,0.022406,0.016068,0.038542,0.031124,0.020516,0.072504,0.10274,0.24905,0.08865,0.10713,0.036805,0.040896,0.036318,0.02131,0.023521,0.029269,0.009865,0.0028574,0.0023312,0.0038589,0.0018332,0.0025035,0.0043484,0.0037982,0.0032624,0.043541,0.0078644,0.0074745,0.007206,0.0039294,0.003848,0.003623,0.0020027,0.001358,0.001568,0.0026714,0.0034206,0.0029806,0.0035441,0.0059107,0.0053889,0.013378,0.04513,0.006382,0.009143,0.006642,0.00036892,0.0039509,0.0037881,0.00016784
0.011425,0.0022251,0.0055537,0.0018348,0.0013009,0.0024667,0.0012719,0.0062347,0.10711,0.012971,0.017417,0.0026619,0.0024505,0.00026752,0.0010458,0.00023362,0.00011063,0.0070344,0.0009729,0.00053723,0.00046381,0.00045259,0.00084145,0.00071213,0.0024239,0.016243,0.0039552,0.0078705,0.0011511,0.0012814,0.0007204,0.00076243,0.00059481,0.00057602,0.010306,0.00053372,0.00063981,0.00050925,0.00047761,0.0010911,0.00073099,0.0052503,0.025579,0.020223,0.021821,0.0035737,0.0016871,0.0012121,0.0011936,0.0010705,0.0010128,0.024075,0.01102,0.013204,0.014119,0.015583,0.018447,0.024321,0.035672,0.48196,0.028737,0.044897,0.018524,0.0092478,0.0065274,0.0048071,0.0045451,0.0034294,0.01294,0.0010093,0.000748,0.0003741,0.00037757,0.00023992,0.00088004,0.0025172,0.01495,0.0023186,0.0053565,0.001551,0.00038757,0.00054177,0.00061146,0.0010746,0.001587,0.0030785,0.0018675,0.001531,0.0019106,0.0022959,0.0029876,0.003192,0.0092646,0.052942,0.022318,0.010726,0.0037399,0.0014167,0.001284,0.00071783,0.00068226,0.00065995,0.018744,0.0022648,0.0028369,0.0021793,0.0026025,0.003,0.0024264,0.01041,0.08671,0.13878,0.01606,0.0060957,0.0047567,0.0033839,0.0017455,0.0052809,0.0015011,0.015982,0.00071895,0.00097838,0.0004937,0.00022093,0.00099553,0.0016106,0.00040173,0.0075581,0.015132,0.0068038,0.0022846,0.0015338,0.0010761,0.0011144,0.00079719,0.00073052,0.0017796,0.0019789,0.0015702,0.0017315,0.0019297,0.0026625,0.0023629,0.00055355,0.011684,0.017512,0.0087231,0.0031221,0.0019188,0.001306,0.00093023,0.00049746,0.00063897,0.014984,0.0091769,0.010952,0.012413,0.013741,0.017153,0.023304,0.04268,0.27997,0.10472,0.09622,0.044353,0.031537,0.022658,0.020622,0.018105,0.017929,0.0044404,0.0020628,0.0016964,0.0016755,0.0019932,0.0028493,0.0038176,0.007089,0.0064263,0.041477,0.02086,0.013898,0.0080978,0.0055817,0.0053198,0.0054616,0.0052643,0.0032235,0.00070274,0.00091652,0.00094047,0.0015284,0.0014562,0.0036158,0.0056699,0.018396,0.044496,0.026914,0.010707,0.0074674,0.0059044,0.0050028,0.0050972,0.0047188
0.0080491,0.0014472,0.0042079,0.0013843,0.0018516,0.001612,0.0038833,0.0013248,0.12014,0.030815,0.02398,0.0066681,0.0027575,0.003614,0.0032929,0.00265,0.0020905,0.0058938,0.0007081,0.00096559,0.00038794,0.00059907,0.00051805,0.00040567,0.00062412,0.019799,0.013069,0.012421,0.0033309,0.0018654,0.0013747,0.0010123,0.0010835,0.0011482,0.0085107,0.00036588,0.00066802,0.00044397,0.00040208,0.00075962,0.00077463,0.0032389,0.030903,0.019498,0.020306,0.0034659,0.0018442,0.0012993,0.0012947,0.0010509,0.00077058,0.015833,0.0087783,0.0092065,0.0085486,0.010225,0.013345,0.018225,0.024824,0.48247,0.044885,0.044701,0.022002,0.016634,0.013233,0.01196,0.01027,0.01111,0.012415,0.0020323,0.00033607,0.0001195,0.00042392,0.00045982,0.00090352,0.0022085,0.015917,0.0036074,0.0023862,0.00062351,0.00050681,0.00054283,0.00030596,0.00046104,0.0019513,0.0030957,0.0014484,0.0010447,0.0011471,0.0016854,0.0019754,0.0031801,0.010891,0.05788,0.016697,0.014982,0.0066742,0.0046461,0.0039321,0.0035123,0.0029998,0.0028515,0.026932,0.0012165,0.0022406,0.0013978,0.0018524,0.0028756,0.0042128,0.0074741,0.088828,0.12582,0.015815,0.006994,0.0054653,0.0041141,0.0053544,0.0018481,0.0040169,0.013605,0.00088539,0.00035449,0.00011194,0.00035186,0.00061122,0.00099639,0.00044917,0.011542,0.0053074,0.0052024,0.0020986,0.0015707,0.0011511,0.00090418,0.00086001,0.00071147,0.00033762,0.00063212,0.0011329,0.0011141,0.0010407,0.0014375,0.0016826,0.00249,0.022208,0.02376,0.0098247,0.0041278,0.0025149,0.0019824,0.001573,0.0016573,0.0016079,0.012377,0.0087307,0.0084486,0.0070092,0.0091626,0.010741,0.013793,0.031875,0.24606,0.15985,0.067988,0.026119,0.016804,0.014488,0.01347,0.0089024,0.0098325,0.0019493,0.0025477,0.00050005,0.0015352,0.0019481,0.0025942,0.0037395,0.0052021,0.010265,0.04217,0.025918,0.012438,0.0072663,0.0061022,0.0054362,0.0054543,0.0052872,0.0052377,0.0027784,0.0036191,0.0039808,0.0041165,0.0051203,0.0063211,0.013752,0.037567,0.050977,0.020407,0.0090639,0.0055573,0.0042113,0.00361,0.00333,0.003193
0.0057241,0.001477,0.0030368,0.00037761,0.0008371,0.0018807,0.0034298,0.0079872,0.11735,0.022464,0.015272,0.0024726,0.0034985,0.0019431,0.0022686,0.0016163,0.001112,0.0056344,0.0010784,0.0010211,0.00070857,0.00030594,0.00098368,0.00078519,0.0020548,0.019765,0.013146,0.0106,0.0021746,0.0014031,0.0012723,0.00089504,0.00094219,0.00103,0.0075341,0.0014215,0.0016172,0.0017998,0.0018571,0.0021468,0.0027747,0.0057673,0.032891,0.003776,0.019447,0.0033774,0.001928,0.00086366,0.00045617,0.00024035,0.00072863,0.035529,0.036769,0.017142,0.015045,0.042714,0.067945,0.083611,0.088254,0.40527,0.1845,0.061365,0.037934,0.014848,0.0035971,0.0093245,0.01118,0.011324,0.0068837,0.0015111,0.00016639,0.00091415,0.0010128,0.0024203,0.0028103,0.0024229,0.012997,0.0092065,0.0014421,0.0022723,0.00091013,0.00092453,0.0002901,0.00038556,0.00073053,0.0040436,0.0021798,0.0010496,0.00036429,0.0020315,0.0047303,0.0081453,0.0080935,0.044288,0.030942,0.011409,0.0095635,0.0059045,0.0019485,0.0021802,0.0046012,0.0056649,0.02891,0.002957,0.00075918,0.0010517,0.0019454,0.0019459,0.0025501,0.0057698,0.10276,0.098127,0.022356,0.0078793,0.0067203,0.0036437,0.0047861,0.00053307,0.003893,0.011658,0.00083319,0.00083464,0.00054502,0.00041039,0.00054018,0.001202,0.0015165,0.011177,0.0086104,0.0081108,0.0020423,0.0017779,0.0011922,0.00098096,0.00093113,0.0006981,0.0031663,0.0020844,0.0016417,0.0020189,0.0024593,0.0025505,0.0030756,0.0056103,0.017083,0.043589,0.01328,0.0033204,0.0019944,0.0012578,0.0010596,0.00064244,0.00060273,0.021704,0.005066,0.0053327,0.0051178,0.0048272,0.0058519,0.0050507,0.0075552,0.22814,0.20119,0.05305,0.014423,0.0075932,0.0055018,0.0026826,0.002937,0.0009594,0.0070954,0.0029903,0.0026287,0.0029513,0.0034947,0.0038211,0.0050063,0.0071716,0.015568,0.042166,0.019827,0.0026243,0.0028179,0.0010295,0.0013924,0.00040627,3.0536e-05,0.0032425,0.0026864,0.0034127,0.0035257,0.0038158,0.0045993,0.0065331,0.0077124,0.039355,0.042322,0.023099,0.0099022,0.0067315,0.0052915,0.0047025,0.0043736,0.004242
0.0037213,0.0016266,0.0031208,0.0024733,0.00099076,0.0013899,0.0028979,0.0060595,0.10657,0.034208,0.020056,0.00047407,0.0015579,0.0014696,0.0012639,0.001027,0.0017147,0.0047017,0.0011297,7.1114e-05,0.00026328,0.00019022,0.00022952,0.00085537,0.00046371,0.01814,0.013108,0.009539,0.00054624,0.00052127,0.00040246,0.00047888,0.00035688,0.00027276,0.0065099,0.00097602,0.0012679,0.001386,0.0015685,0.0018717,0.0024165,0.0042415,0.029474,0.010668,0.019621,0.0026796,0.0012919,0.0011515,0.00070023,0.00082547,0.00070382,0.022755,0.01769,0.01893,0.020409,0.023468,0.02913,0.04027,0.073323,0.46745,0.15841,0.024305,0.017486,0.013736,0.010566,0.0098825,0.0085671,0.010536,0.008959,0.00069388,0.0010775,0.00054116,0.00096879,0.0016386,0.0018689,0.0029119,0.017418,0.0073257,0.0047464,0.001514,0.0012255,0.00077078,0.00047818,0.00034878,0.0021191,0.0029812,0.0011143,0.0011699,0.001431,0.0016991,0.002366,0.0038455,0.0069085,0.048913,0.026323,0.013279,0.0047222,0.0036697,0.0031587,0.0030476,0.0027292,0.002699,0.042496,0.013426,0.011795,0.012443,0.01152,0.011137,0.0091056,0.0089095,0.082796,0.075607,0.023593,0.020685,0.01896,0.018481,0.018263,0.016593,0.015702,0.010107,0.0015717,0.0017709,0.0010904,0.00099846,0.0014131,0.001169,0.00014866,0.0098036,0.0065383,0.0014886,0.0020989,0.0019786,0.0018052,0.0020808,0.0022004,0.001997,0.0006523,0.00029459,0.0007361,0.00086211,0.0010438,0.0012004,0.0018435,0.004509,0.0085005,0.048467,0.00899,0.0031845,0.0019288,0.0011837,0.00086371,0.00044685,0.00024031,0.0015774,0.013597,0.015507,0.015612,0.016811,0.021096,0.028077,0.043316,0.26536,0.17598,0.067191,0.026888,0.01647,0.012229,0.0089649,0.0089902,0.0071622,0.0024205,0.0010569,0.00063058,0.0010034,0.0014533,0.0020673,0.0026419,0.0045238,0.012052,0.037351,0.02146,0.008811,0.0052985,0.0044604,0.0047151,0.0039912,0.0026837,0.0035592,0.0025946,0.0033223,0.0035663,0.0037338,0.0050264,0.0061743,0.010102,0.038012,0.038509,0.020504,0.0089902,0.0056717,0.0043021,0.0037136,0.0035878,0.0037537
0.0085126,0.0061744,0.003142,0.0049945,0.0048361,0.0067127,0.0097112,0.014559,0.099569,0.039239,0.021884,0.0089858,0.004936,0.0032196,0.0016886,0.00078672,0.0043583,0.0062943,0.0007721,0.00069614,0.0010401,0.0014632,0.00096305,0.0010725,0.0019705,0.01783,0.019647,0.0089241,0.0019254,0.00099412,0.00053573,0.00046578,0.00033368,0.00012589,0.0033856,0.0016005,0.0015219,0.0016507,0.0016962,0.0022212,0.0029554,0.0046256,0.029883,0.015286,0.017471,0.0042742,0.0022796,0.0017988,0.0014507,0.0010646,0.0015774,0.0066663,0.0029198,0.0044844,0.0077698,0.012393,0.017766,0.029487,0.065993,0.46778,0.17095,0.048969,0.033529,0.028124,0.024784,0.022438,0.021645,0.019595,0.0070058,0.0003368,0.00080301,0.00044582,0.00093056,0.0011785,0.001309,0.0036644,0.016892,0.0079235,0.0018444,0.00081086,0.00058345,0.00046352,0.00018235,0.00045296,0.0034543,0.0031395,0.00191,0.0020743,0.0023083,0.0023389,0.0028888,0.0045223,0.0083295,0.048216,0.028519,0.0011964,0.001418,0.00096941,0.00077858,0.00041406,0.00047412,0.00068283,0.026213,0.0048473,0.0042542,0.0046729,0.005121,0.0064882,0.0085812,0.010558,0.094368,0.068878,0.012949,0.0069108,0.0044095,0.0025231,0.0044293,0.003715,0.0036145,0.011337,0.0011367,0.0011844,0.0012528,0.0022457,0.0016552,0.0016151,0.0032106,0.012217,0.011449,0.0063839,0.0021402,0.00096582,0.00075486,0.00063113,0.00029662,0.00020219,0.00040627,0.0009747,0.00088447,0.00089879,0.0009804,0.0016657,0.002086,0.0044472,0.0090218,0.054872,0.012919,0.0058464,0.0035705,0.0028978,0.0025751,0.0023434,0.0025311,0.00058174,0.014461,0.017224,0.018189,0.019754,0.023655,0.032252,0.048144,0.28925,0.1873,0.065609,0.031433,0.019208,0.015531,0.011691,0.01189,0.010283,0.002987,0.00073888,0.00098601,0.0012522,0.0012228,0.0015699,0.0014192,0.0023905,0.010823,0.039426,0.016307,0.0092685,0.0049594,0.0044523,0.0047209,0.0044547,0.0034638,0.0042401,0.0028511,0.0035097,0.0035538,0.0039917,0.0044651,0.005826,0.010707,0.035867,0.043781,0.014978,0.006816,0.0043575,0.0033255,0.0030114,0.0027572,0.0028401
0.0028496,0.00038617,0.0034987,0.0037038,0.0028317,0.0020377,0.0045788,0.0070626,0.10389,0.040419,0.017376,0.0029529,0.0027019,0.0021142,0.0013955,0.0028945,0.00061417,0.0047227,0.00093529,0.00053319,0.0011735,0.001188,0.00053908,0.00074652,0.0019008,0.019822,0.012102,0.0087212,0.0017855,0.0017128,0.0012571,0.0010063,0.0010405,0.00092316,0.0036526,0.0011069,0.00094959,0.00084313,0.0011072,0.0015193,0.0020536,0.0037892,0.03206,0.0081962,0.019276,0.0047191,0.0032108,0.0028299,0.0022426,0.0023766,0.0018444,0.018891,0.023288,0.02418,0.0252,0.029584,0.035947,0.048516,0.080763,0.47538,0.18752,0.029214,0.022604,0.017049,0.013668,0.011003,0.0098449,0.0093118,0.0053616,0.00083694,0.0005802,0.0016774,0.00076057,0.0012068,0.0019544,0.0036023,0.017118,0.0088257,0.0038695,0.0014063,0.0012664,0.00078708,0.0010525,0.00068987,0.0015316,0.0026379,0.0010794,0.00094466,0.0015377,0.0016992,0.0022831,0.0032541,0.0092414,0.047535,0.035165,0.0078032,0.0034392,0.0026868,0.0025623,0.0020168,0.0022401,0.0026455,0.027411,0.0045071,0.0048624,0.0046741,0.0057485,0.0069646,0.0081571,0.011761,0.095206,0.072993,0.020582,0.0081457,0.0053262,0.0036861,0.0022048,0.0034269,0.0028019,0.01008,0.0011519,0.0001382,0.00055947,0.00051104,0.00076386,0.00063552,0.0012587,0.0096063,0.0061581,0.0066329,0.0018325,0.00098688,0.00073563,0.00058001,0.00047773,0.00042152,0.0016747,0.00093521,0.00063802,0.00085781,0.00089247,0.0010662,0.0013012,0.003521,0.011632,0.053172,0.0037648,0.0015961,0.00091932,0.00069143,0.0004793,0.00043863,0.00033951,0.0038949,0.008904,0.012371,0.012808,0.014635,0.01884,0.027121,0.043178,0.28525,0.19433,0.05346,0.033599,0.022809,0.020681,0.01815,0.015206,0.015797,7.2472e-05,0.002126,0.0022792,0.0032155,0.0022924,0.0025362,0.0035046,0.0024719,0.009867,0.04478,0.0098009,0.0057726,0.00166,0.0014869,0.0003859,0.00025051,0.001194,0.00062753,0.00058135,0.00081737,0.00086351,0.0012106,0.0020143,0.0032914,0.0087176,0.033395,0.046853,0.011439,0.006794,0.0048781,0.0041428,0.0037428,0.0033537,0.0031872
0.0035878,0.003535,0.00056094,0.00063918,0.0028511,0.0053345,0.0079911,0.01553,0.087073,0.048865,0.030209,0.015098,0.010118,0.009082,0.0080698,0.0081422,0.0062238,0.00042342,0.00049742,8.9539e-05,0.00067565,0.00083068,0.0004173,0.00093388,0.0023806,0.016369,0.021967,0.0088943,0.0024628,0.0016567,0.0011975,0.0011142,0.0010774,0.0010948,0.0030804,0.00052545,0.00040849,0.00074672,0.0012862,0.0019973,0.002836,0.0055987,0.02644,0.014609,0.01897,0.0057621,0.0039474,0.0034045,0.0032227,0.0027796,0.0024853,0.010569,0.012037,0.014897,0.016312,0.021667,0.029358,0.045244,0.08736,0.44026,0.26595,0.07757,0.052211,0.042248,0.036578,0.033576,0.031021,0.032324,0.0094453,0.0021384,0.00096737,0.0023023,0.0011751,0.001433,0.0024155,0.0041635,0.016761,0.0098643,0.00085672,0.001686,0.0012189,0.00085163,0.0013185,0.0012979,0.0013733,0.0026055,0.0030409,0.0030338,0.0033904,0.0040487,0.0048009,0.0065012,0.011879,0.044647,0.034455,0.0069921,0.0049304,0.0036766,0.0029455,0.0025968,0.0024255,0.0018845,0.030579,0.0027408,0.0026617,0.0028744,0.0040939,0.0049238,0.0079023,0.012325,0.08925,0.063448,0.022692,0.01472,0.010176,0.008274,0.0079956,0.0084487,0.0085717,0.01391,0.0015491,0.0007456,0.0012816,0.00076882,0.00078336,0.0016468,0.0034508,0.011949,0.013719,0.0080074,0.0036327,0.0024282,0.0020802,0.0017368,0.0014815,0.0016346,0.0039502,0.001211,0.0014175,0.0015231,0.0017033,0.0021521,0.0021252,0.004139,0.0091684,0.057804,0.010561,0.0040548,0.0022188,0.0013367,0.0012254,0.0010039,0.0010128,0.031621,0.015932,0.016583,0.018053,0.020551,0.026042,0.03531,0.055814,0.27113,0.21284,0.055348,0.032816,0.022203,0.016871,0.014908,0.015794,0.016819,0.0038033,0.0012811,0.0017233,0.0029336,0.0011735,0.0022724,0.0028483,0.0033598,0.012043,0.044685,0.011421,0.0069643,0.0031871,0.0024726,0.0028164,0.0010604,0.0027428,0.0019627,0.004238,0.0040238,0.0043088,0.0049199,0.0062163,0.0075907,0.012467,0.039354,0.04843,0.011456,0.0058194,0.0029904,0.0020802,0.0014833,0.0011461,0.001154
0.0015888,0.0039966,0.00419,0.003733,0.0045337,0.005167,0.0076059,0.012531,0.092199,0.05242,0.012537,0.001016,0.00040226,0.0019113,0.0011956,0.0012974,0.0010777,0.0018635,0.00097738,0.0018015,0.00047362,0.0011149,0.00096154,0.0008203,0.0025739,0.019475,0.014463,0.0078505,0.0025451,0.0016793,0.001518,0.0010091,0.00089954,0.0011158,0.0021763,0.00073238,0.00057965,0.00019173,0.00059602,0.00033534,0.0013147,0.0032574,0.026203,0.026214,0.016231,0.0038582,0.0019539,0.0015397,0.0013297,0.000932,0.0011425,0.034348,0.035501,0.036453,0.040096,0.044938,0.052929,0.069623,0.11084,0.42935,0.23403,0.06582,0.035427,0.022167,0.013999,0.0094802,0.0054201,0.0032387,0.011456,0.0018764,0.0018947,0.0024233,0.0020273,0.0025612,0.0032186,0.0044073,0.017214,0.0073978,0.006008,0.0025891,0.0016688,0.0011618,0.00086569,0.00078378,0.0026055,0.00083923,0.0013394,0.0015806,0.002027,0.002479,0.0038869,0.0058284,0.010796,0.04696,0.017351,0.016673,0.008938,0.0068625,0.0059125,0.0052808,0.0049584,0.0047456,0.038922,0.0044794,0.0038733,0.0051187,0.0061666,0.0072535,0.0099384,0.017246,0.079315,0.077394,0.031706,0.017622,0.012717,0.010363,0.010749,0.0078661,0.0079767,0.014252,0.0008249,0.00017304,0.00036302,0.0004994,0.00071881,0.00050276,0.0022106,0.011882,0.0048075,0.0033036,0.00096028,0.00071279,0.00048815,0.00034724,0.00035294,0.00024795,0.0029774,0.00066413,0.00016372,0.00043088,0.00048053,0.00053722,0.0010383,0.0022535,0.015696,0.037713,0.0062569,0.0021681,0.0016655,0.0011533,0.0011885,0.00088551,0.00088694,0.018851,0.0051944,0.0046212,0.0076033,0.0091132,0.013166,0.02229,0.047563,0.23169,0.28891,0.039164,0.023416,0.021175,0.018977,0.016533,0.017726,0.0171,0.0028649,0.0014203,0.0014211,0.0015119,0.0016335,0.0022025,0.0029649,0.0033176,0.012477,0.0451,0.012618,0.005161,0.003368,0.0028167,0.0019684,0.0028482,0.0021439,0.00016212,0.0021243,0.0018325,0.0025789,0.0032251,0.003655,0.0065291,0.011074,0.043967,0.035992,0.019394,0.010657,0.0083297,0.0069838,0.0060534,0.0059387,0.005827
0.0011654,0.0013686,0.0020117,0.0014397,0.0039943,0.0066285,0.010506,0.021235,0.071888,0.044727,0.034275,0.016476,0.013569,0.011502,0.011235,0.0083429,0.010592,0.003069,0.00077273,0.00023819,0.00033367,0.0013725,0.0015825,0.0030491,0.004867,0.019942,0.012578,0.013574,0.0055035,0.0042058,0.003523,0.0032925,0.0027454,0.0029316,0.0053044,0.0015686,0.0017694,0.0020931,0.0021768,0.0025939,0.0038068,0.0066841,0.027725,0.018382,0.019473,0.0074072,0.005282,0.0044951,0.0040681,0.0035437,0.003706,0.025504,0.023816,0.02512,0.027711,0.033805,0.042268,0.06006,0.10422,0.39014,0.20499,0.10426,0.066464,0.051854,0.043526,0.039256,0.038267,0.034533,0.0093099,0.00038727,0.00071046,0.00072747,0.00078533,0.0013409,0.002325,0.0037024,0.015365,0.0064317,0.0051554,0.002958,0.0022951,0.001505,0.0020345,0.0027305,0.0017681,0.0074102,0.0051664,0.005234,0.0053078,0.0061435,0.0073449,0.0092215,0.014024,0.044777,0.011214,0.0087361,0.0054547,0.003179,0.0019619,0.0013769,0.00089726,5.7183e-06,0.044249,0.0075815,0.0084442,0.0092616,0.010068,0.011316,0.015005,0.023156,0.080333,0.12858,0.038386,0.015139,0.0095543,0.0049893,0.0076794,0.0052934,0.0050259,0.013777,0.0008388,0.0013914,0.001808,0.0017667,0.0026719,0.002831,0.0037145,0.012814,0.012136,0.0063755,0.0024084,0.0016965,0.0010311,0.00050462,0.00050565,0.00061228,0.0018483,0.0013252,0.0012158,0.0012936,0.0015443,0.0022532,0.0029475,0.0048426,0.019746,0.020609,0.010846,0.0045459,0.0033062,0.0027067,0.0022248,0.0023624,0.0021153,0.0042172,0.0099654,0.008865,0.011424,0.013098,0.017101,0.024077,0.04783,0.19691,0.29154,0.015091,0.015605,0.013048,0.010365,0.0097974,0.012126,0.0091573,0.000494,0.0024115,0.0037923,0.004638,0.0041321,0.0049184,0.0060246,0.0076192,0.017498,0.045864,0.021269,0.0048696,0.0034323,0.0021096,0.0013952,0.0012483,0.00069238,0.0059548,0.0062428,0.0063491,0.0067616,0.0075705,0.0087743,0.011024,0.016194,0.04618,0.04629,0.020455,0.008738,0.0051148,0.0033409,0.0021435,0.0010995,0.00086214
0.0069543,0.0073723,0.0048535,0.006403,0.0082616,0.0088499,0.013106,0.018474,0.091287,0.033639,0.038225,0.017523,0.012559,0.0092875,0.0071356,0.0065462,0.0083887,0.00062753,0.0014433,0.0010882,0.001759,0.0026732,0.0024014,0.0033365,0.0050919,0.019701,0.015276,0.0098918,0.0039033,0.0020585,0.0018012,0.0015053,0.0012607,0.0016384,0.009205,0.0015303,0.0012536,0.00146,0.0019687,0.002556,0.0033588,0.007183,0.022966,0.031117,0.023109,0.0091318,0.0057721,0.0047239,0.0042137,0.0038229,0.0037194,0.035231,0.024209,0.008209,0.032292,0.045167,0.033851,0.026054,0.11017,0.42987,0.17703,0.026948,0.048844,0.041609,0.023381,0.012508,0.021717,0.027983,0.0086481,0.00057225,0.00042756,0.00076025,0.00087279,0.00076367,0.00069688,0.0031536,0.015024,0.0099965,0.0020088,0.0013897,0.00033942,0.00079278,0.00096886,0.0014146,0.00027466,0.0090429,0.0020594,0.0013499,0.00046623,0.0027105,0.002569,0.00057675,0.0075956,0.042078,0.041224,0.0099632,0.0043492,0.0013264,0.0018269,0.0031541,0.0025048,5.1491e-05,0.029862,0.0030595,0.0043089,0.0045233,0.0049622,0.0056584,0.0077038,0.016539,0.063411,0.14019,0.019722,0.010564,0.0071034,0.0070042,0.0042331,0.0058205,0.0056191,0.016703,0.0012069,0.00057161,0.00055891,0.0007088,0.0010811,0.0015501,0.0023342,0.0097654,0.013408,0.0036424,0.0007378,0.00055482,0.00065231,0.00037531,0.00014058,0.00024987,0.0069467,0.0022987,0.0023322,0.0024968,0.0026894,0.0028776,0.00424,0.0065962,0.019392,0.004403,0.0085704,0.0026322,0.0016001,0.00096778,0.00084797,0.0003936,0.00054552,0.032563,0.017316,0.019328,0.021548,0.023485,0.027192,0.035571,0.055774,0.19841,0.22865,0.060318,0.026304,0.017658,0.012473,0.0091753,0.0092235,0.0079805,0.0028115,0.0019634,0.0016497,0.0017992,0.002058,0.0025241,0.0036024,0.0058892,0.012787,0.045526,0.01896,0.010189,0.006536,0.0048451,0.0043837,0.0038991,0.0031701,0.0072118,0.0007275,0.0011933,0.0017025,0.0021909,0.0032327,0.0052981,0.0083719,0.033333,0.06336,0.018865,0.010682,0.0077549,0.0063759,0.0061186,0.0054136,0.0053807
0.0056153,0.0082093,0.0057048,0.007453,0.0076167,0.009275,0.012819,0.020112,0.068712,0.026981,0.00465,0.0055504,0.0038433,0.0046532,0.0023094,0.0017479,0.0035096,0.005499,0.00081189,0.0011832,0.00090095,0.0015385,0.0023813,0.003602,0.0051048,0.019082,0.0044656,0.011195,0.0042547,0.0028709,0.0021434,0.0022332,0.0017144,0.0025273,0.015496,0.0016653,0.0014281,0.0016904,0.0018262,0.0020313,0.0031109,0.0066062,0.02229,0.020825,0.011864,0.00067144,0.00065429,0.00086183,0.00071942,0.00058701,0.00090029,0.017968,0.020044,0.021195,0.024796,0.030795,0.040335,0.059459,0.10124,0.37979,0.23695,0.12067,0.076432,0.059302,0.049831,0.045626,0.042482,0.041573,0.011259,0.00062341,0.00036768,0.00056679,0.0011939,0.0014151,0.0024749,0.0036555,0.013864,0.011306,0.0075902,0.0035634,0.002649,0.0020231,0.0018706,0.0025887,0.0028172,0.0094549,0.0033348,0.0035605,0.0038687,0.0042708,0.0049336,0.0066627,0.013172,0.037121,0.044943,0.0069438,0.0033578,0.001989,0.0011942,0.00085702,0.00028622,0.00063896,0.020384,0.0054386,0.011816,0.013045,0.0074509,0.021033,0.013663,0.035297,0.038405,0.10371,0.10111,0.024032,0.022192,0.021254,0.012807,0.01416,0.0096189,0.018439,0.000605,0.00014951,0.00054034,0.00090046,0.00042028,0.0018487,0.0030455,0.0044023,0.011121,0.012489,0.0040671,0.0025127,0.0026597,0.002252,0.0020128,0.0023976,0.008835,0.0022042,0.0024258,0.00069965,0.0038281,0.0024993,0.0045462,0.0094103,0.0059868,0.0075033,0.017236,0.0020389,0.0063283,0.002914,0.0029646,0.0042305,0.0011787,0.0074903,0.010888,0.012058,0.0094471,0.017872,0.012374,0.038397,0.021895,0.22687,0.14965,0.07606,0.04465,0.023844,0.032305,0.01189,0.027945,0.0064412,0.0068666,0.0036746,0.0031248,0.0034054,0.0035848,0.0046305,0.0052445,0.0071289,0.012592,0.048109,0.018631,0.0082764,0.0033176,0.0029829,0.0018588,0.001332,0.0017395,0.013588,0.0022267,0.0022621,0.0036846,0.0021025,0.0059973,0.0051917,0.011069,0.045646,0.052511,0.03291,0.011076,0.011094,0.0083065,0.0065821,0.007814,0.0050965
0.0031472,0.0021217,0.0023678,0.0021005,0.0037162,0.0060682,0.0090553,0.017619,0.085319,0.025513,0.038251,0.016595,0.013508,0.0096201,0.010867,0.009203,0.010605,0.0047913,0.00078655,0.0012599,0.001215,0.0025612,0.002482,0.0036161,0.0061104,0.023593,0.0061485,0.014169,0.0066817,0.0045737,0.0038578,0.0034944,0.0031498,0.0031395,0.017176,0.00069582,0.0010426,0.0014404,0.0017416,0.0030261,0.0046363,0.0077013,0.03055,0.011288,0.024358,0.0097294,0.0074846,0.0062177,0.0053852,0.0050978,0.0051823,0.0074941,0.011189,0.013785,0.015286,0.022105,0.030632,0.048131,0.089676,0.37789,0.28266,0.084923,0.062634,0.049716,0.042696,0.039813,0.038197,0.034911,0.010365,0.00088998,0.00074762,0.0008519,0.0010559,0.0012428,0.00186,0.0032441,0.014247,0.012762,0.003274,0.0021693,0.0017062,0.0011029,0.0013343,0.0003676,0.0018082,0.01739,0.0022467,0.0024887,0.0028434,0.0030228,0.0040386,0.0053663,0.0077959,0.039813,0.05017,0.0026709,0.0019368,0.0015365,0.0010327,0.0010922,0.00067878,0.00074578,0.033875,0.0036667,0.0026234,0.0033794,0.0034047,0.0049997,0.005659,0.010473,0.056306,0.15497,0.0025476,0.0017754,0.0019419,0.0018076,0.0038671,0.0015709,9.5379e-05,0.016711,0.00037673,0.00050814,0.0010589,0.0014995,0.00014746,0.0014491,0.003247,0.0098601,0.01058,0.0059919,0.0022387,0.001549,0.001377,0.0010662,0.0010379,0.0010662,0.012247,0.00017744,0.00048033,0.00054611,0.00093145,0.0015931,0.0026235,0.0049741,0.019406,0.017876,0.010268,0.0051808,0.0037474,0.0030907,0.0028415,0.0027858,0.0027562,0.018095,0.029926,0.031994,0.032883,0.03645,0.043118,0.054977,0.086293,0.24555,0.056009,0.078088,0.038811,0.023449,0.014925,0.0084315,0.0040035,0.002203,0.0072995,0.0025304,0.0023302,0.0025639,0.002674,0.003165,0.0039075,0.0048265,0.0056597,0.054414,0.0081037,0.0043909,0.0029023,0.0022505,0.0013589,0.00063687,0.00070382,0.011473,0.0016353,0.0013553,0.0014693,0.0017167,0.0020689,0.002541,0.0045779,0.027252,0.076935,0.0080853,0.0038021,0.0023789,0.0020788,0.0016291,0.0015015,0.0013485
0.0051804,0.007447,0.0085194,0.0075627,0.0093856,0.010428,0.013921,0.02365,0.0732,0.03036,0.034989,0.01473,0.010538,0.0091914,0.0066803,0.0057765,0.0071794,0.0014534,0.0023326,0.0020222,0.0024635,0.0027224,0.0026616,0.003916,0.0060161,0.019838,0.007937,0.010005,0.0038793,0.002653,0.0019621,0.0014775,0.0013217,0.0014649,0.010641,0.0036102,0.0036016,0.0038041,0.0042619,0.0050986,0.0063581,0.0094089,0.029778,0.013746,0.021235,0.008199,0.0055374,0.00403,0.0036047,0.0035825,0.0032406,0.032074,0.029546,0.030533,0.034053,0.038706,0.046938,0.064495,0.10878,0.36163,0.36716,0.075869,0.051349,0.038879,0.032226,0.028325,0.026991,0.026638,0.0085031,0.0015547,0.0012064,0.0013211,0.0016421,0.0017049,0.0024003,0.0045067,0.012619,0.017383,0.0022906,0.0013867,0.0011747,0.0010135,0.0005542,0.0011877,0.0010757,0.010246,0.0021532,0.0023196,0.002462,0.002902,0.0038784,0.0057375,0.0096888,0.036952,0.045272,0.007977,0.0064316,0.0050862,0.0043718,0.0036453,0.0036589,0.0035516,0.037062,0.0017367,0.0031821,0.0025142,0.0037176,0.0051994,0.0080932,0.015798,0.072571,0.13391,0.033324,0.017469,0.01344,0.010907,0.0080193,0.0092081,0.0094396,0.016367,0.00063492,0.00041757,0.00083285,0.00084499,0.0015144,0.001891,0.0026179,0.011791,0.010289,0.005924,0.0032433,0.0023394,0.0015775,0.0019212,0.0016078,0.0016194,0.010407,0.001015,0.00096668,0.0011109,0.0012057,0.0015285,0.001972,0.0030955,0.018918,0.020222,0.0074443,0.0033502,0.0023388,0.0021579,0.0018295,0.001838,0.0017128,0.027293,0.015465,0.018647,0.018701,0.022276,0.027069,0.037403,0.061601,0.21462,0.13332,0.077471,0.047288,0.033813,0.027093,0.024095,0.024065,0.023142,0.005127,0.00022234,0.00079086,0.00081068,0.0016561,0.0015025,0.0016191,0.0031897,0.0052406,0.051778,0.0083353,0.00563,0.0035165,0.0020939,0.0029653,0.002089,0.0023156,0.014651,0.0048421,0.0050935,0.0053132,0.0061548,0.0069315,0.0088235,0.013103,0.035776,0.067407,0.016485,0.0067832,0.0039421,0.002532,0.0016853,0.0013451,0.0010242
0.00799,0.006734,0.0073724,0.0068686,0.008779,0.0098408,0.013456,0.019107,0.048611,0.031084,0.023826,0.010367,0.0056327,0.0025123,0.0033025,0.0044315,0.0027523,0.00068857,0.0018239,0.0018712,0.0015746,0.0021514,0.0026675,0.0034585,0.0048019,0.014185,0.015654,0.0061555,0.0028183,0.0014301,0.0010408,0.00095924,0.00068323,0.00069999,0.014233,0.0027786,0.002962,0.003228,0.0033336,0.0041545,0.0052633,0.0077057,0.022116,0.013203,0.012391,0.00505,0.0029969,0.0020519,0.0015975,0.0012594,0.0010643,0.035191,0.035476,0.036923,0.041058,0.045668,0.055313,0.073797,0.11312,0.30436,0.30603,0.11377,0.066548,0.048266,0.03841,0.032761,0.029992,0.030579,0.0081712,0.0014943,0.0015049,0.0016168,0.0018027,0.0021288,0.0026398,0.0039715,0.01099,0.011684,0.0039439,0.0021651,0.0012596,0.0010096,0.00041068,0.0014724,0.00042724,0.0093996,0.00066449,0.0011548,0.001717,0.0021146,0.0036354,0.0050872,0.01091,0.02961,0.014909,0.014765,0.0094956,0.0074004,0.0062724,0.0055034,0.0052505,0.0052109,0.04538,0.011755,0.011012,0.0129,0.013729,0.016716,0.020072,0.030275,0.066196,0.12399,0.039847,0.017124,0.0097905,0.006577,0.0066789,0.0061787,0.0049439,0.011473,0.00093161,0.0014079,0.0012822,0.0016265,0.0015743,0.0024902,0.0036623,0.0093657,0.01315,0.0048028,0.0020601,0.001257,0.00077986,0.00035708,0.00034142,0.00023077,0.0051785,0.0012559,0.0012525,0.0013209,0.001441,0.0015899,0.0023629,0.0032639,0.015252,0.012584,0.0021559,0.0012875,0.00077016,0.00059186,0.00029179,0.00011374,0.00014687,0.0067693,0.0044558,0.0058531,0.0073119,0.008703,0.012264,0.017913,0.030657,0.11415,0.30254,0.028597,0.020469,0.017001,0.01491,0.012528,0.014132,0.013151,0.00097085,0.0016455,0.0019942,0.0021665,0.0024767,0.0033284,0.0037546,0.0049928,0.01085,0.051259,0.015436,0.0061375,0.0040169,0.0031056,0.0019876,0.0028756,0.0028897,0.0042668,0.0017777,0.0019671,0.0026201,0.0032604,0.004341,0.0062892,0.012105,0.031549,0.033832,0.022641,0.012619,0.0092229,0.0078207,0.0069932,0.0066751,0.0064488
0.0067502,0.0057892,0.006307,0.0066707,0.0073172,0.0078636,0.0098958,0.016185,0.033998,0.011148,0.021531,0.0078114,0.0042692,0.001579,0.0030044,0.00074577,0.00098613,0.0051404,0.0018731,0.0018686,0.0023097,0.0025016,0.0028318,0.003561,0.004336,0.011673,0.0062736,0.007476,0.0031423,0.0016642,0.001067,0.00068377,0.00034866,0.0003872,0.006281,0.0026282,0.0028981,0.0028996,0.0029831,0.0036616,0.0046166,0.0055129,0.013109,0.011961,0.011746,0.0044935,0.0028599,0.001858,0.0011963,0.00086525,0.00073434,0.014448,0.017319,0.01817,0.021109,0.02546,0.03316,0.046808,0.079702,0.21678,0.4605,0.10352,0.06712,0.05059,0.042369,0.03906,0.034126,0.034438,0.0061837,0.00086284,0.00094328,0.00056593,0.001104,0.0011548,0.0016594,0.0031978,0.0080661,0.018113,0.0046719,0.0029174,0.0020554,0.001857,0.0015163,0.0021762,0.0018807,0.0041504,0.0018019,0.0018667,0.0019759,0.002496,0.0026652,0.0041851,0.006865,0.018557,0.072504,0.004135,0.0037994,0.002864,0.0025258,0.0024117,0.0020692,0.00206,0.027335,0.0050771,0.0044943,0.005229,0.0064969,0.0080478,0.0099091,0.018367,0.046485,0.11334,0.032946,0.017143,0.01199,0.0097448,0.0065453,0.00757,0.0088178,0.012087,0.00042502,0.00057411,0.000357,0.0011031,0.00050699,0.00087453,0.0018225,0.0043209,0.014404,0.0024722,0.0012788,0.00097573,0.00091932,0.00066905,0.00057426,0.00055505,0.0046235,0.0017539,0.0015533,0.0017195,0.0018308,0.0019888,0.0029534,0.0036473,0.0085863,0.025965,0.0065167,0.0028699,0.0017369,0.0011867,0.00067496,0.00062486,0.00054932,0.025435,0.011637,0.012658,0.013289,0.015276,0.018053,0.023572,0.034388,0.089558,0.11017,0.041813,0.02343,0.016827,0.011852,0.013216,0.011376,0.011172,0.0014744,0.0013228,0.0012183,0.0010342,0.00084412,0.00094367,0.0014606,0.0017793,0.005295,0.050422,0.0032025,0.0017422,0.0015811,0.0012071,0.0013326,0.00082202,0.0010815,0.0045815,0.0012888,0.0011938,0.0013083,0.0015426,0.001984,0.0024941,0.0043687,0.011827,0.08184,0.0039652,0.002717,0.0020359,0.0017224,0.0014523,0.0014795,0.0013619
0.00021553,0.0030781,0.0023733,0.0033626,0.0032274,0.0052739,0.005271,0.0066947,0.011375,0.031049,0.011705,0.0055495,0.0027055,0.00058684,0.0032057,0.0029115,0.0017338,0.0045338,0.0018687,0.0018106,0.0024566,0.0021322,0.0022303,0.0031609,0.0043864,0.0086971,0.011202,0.0074734,0.0032027,0.0018199,0.00097761,0.00097568,0.00078771,0.00063132,0.0084268,0.0012465,0.0013893,0.0013504,0.0017409,0.0017281,0.0019744,0.0031834,0.0067197,0.03703,0.008125,0.0032574,0.0019355,0.0015035,0.00074572,0.0011109,0.000885,0.0095331,0.016694,0.018002,0.020262,0.025129,0.032868,0.048107,0.08117,0.22181,0.33358,0.11728,0.072172,0.055772,0.046963,0.042589,0.040205,0.038006,0.0044461,0.00033604,0.00031768,0.00049218,0.00091645,0.0010413,0.0014037,0.0029419,0.0088879,0.012386,0.005067,0.003252,0.0025218,0.0021369,0.0017732,0.0015174,0.0016155,0.0076677,0.0037688,0.0037581,0.0040901,0.0045044,0.0055622,0.0067685,0.0085786,0.021815,0.012873,0.010406,0.0049992,0.0028912,0.0016911,0.0013441,0.00060015,0.00010298,0.025534,0.0039517,0.0030272,0.0044859,0.0039048,0.0048625,0.00624,0.0075449,0.02012,0.072768,0.020279,0.0086411,0.0041246,0.0026045,0.0017824,0.0011929,0.00031091,0.0097105,0.00046781,8.7218e-05,0.00025295,0.00081159,0.00025886,0.00021395,0.00053453,0.00019007,0.01266,0.0013623,0.00060795,0.00052352,0.00040079,0.00045531,0.00052121,0.00033379,5.722e-06,0.00099204,0.0010711,0.001106,0.0013547,0.0018069,0.0018264,0.0037823,0.0071857,0.044667,0.0073444,0.0036653,0.0025691,0.0019643,0.0019169,0.0016237,0.0017185,0.0060121,0.0081713,0.0092899,0.0095204,0.010514,0.012159,0.015559,0.023703,0.043685,0.2872,0.024161,0.011211,0.0078398,0.0052609,0.0057374,0.0045342,0.0021096,0.0050679,0.00071491,0.00050542,0.00068848,0.00034065,0.00015405,0.00071714,0.00027747,0.002166,0.043596,0.00086511,0.00042399,0.00015647,0.00037571,0.0015946,0.00018969,0.0003605,0.0010509,0.0020978,0.0021539,0.0022684,0.0025371,0.0029253,0.0040019,0.0041941,0.011598,0.039664,0.0056691,0.0028294,0.0016875,0.0011485,0.00086347,0.00066355,0.00039864
0.00082209,0.0014866,0.0020837,0.0024259,0.0022563,0.0025635,0.0036388,0.005451,0.014537,0.069136,0.0088919,0.0035496,0.0024109,0.0027393,0.0020057,0.00060178,5.5332e-05,0.0032292,0.00133,0.00063261,0.00016643,0.00066782,0.00036433,0.00052541,0.0012844,0.0028762,0.029775,0.0033468,0.001118,0.00071179,0.00037507,0.00060561,0.00030732,0.00024987,0.0058709,0.0015191,0.0015644,0.0016747,0.0020392,0.0020763,0.00255,0.003609,0.0075798,0.025983,0.010705,0.0045196,0.0029526,0.0022017,0.0015918,0.0016395,0.0014801,0.041213,0.041076,0.042409,0.04593,0.051152,0.058996,0.075531,0.11018,0.25819,0.50154,0.11509,0.05874,0.036322,0.025211,0.018229,0.015867,0.013849,0.0077726,0.0015625,0.0011472,0.0011493,0.0014903,0.0019378,0.0019761,0.0030463,0.0080299,0.015149,0.003263,0.0019738,0.0014597,0.0016317,0.0016596,0.00047703,1.9036e-06,0.0017376,0.0033332,0.0035834,0.0037694,0.004315,0.0048151,0.0063227,0.0093396,0.021159,0.032836,0.010485,0.0051065,0.0032603,0.002239,0.0015455,0.0016045,0.0015164,0.028281,0.0053742,0.0058775,0.0054543,0.0064495,0.0072199,0.0098469,0.013903,0.033142,0.096799,0.022086,0.010307,0.0072491,0.0051164,0.0056827,0.0051792,0.0037175,0.01103,0.00043393,0.00049704,0.00049404,0.0011923,0.00076241,0.0011248,0.0018805,0.0058028,0.021451,0.0028914,0.00078208,0.00078198,0.00042666,0.0010019,0.00064481,0.0007,1.1444e-05,0.00097872,0.00086814,0.00086197,0.0013783,0.0017327,0.0016873,0.003279,0.0089081,0.057786,0.0068573,0.0037603,0.0025913,0.0021382,0.0016809,0.0019621,0.0017586,0.018414,0.0058233,0.0035961,0.0027808,0.0093483,0.01956,0.034464,0.056293,0.096932,0.14019,0.038089,0.049356,0.050999,0.044932,0.031674,0.01878,0.0032196,0.0040894,0.0033563,0.0022196,0.0020745,0.0035437,0.0061743,0.0087084,0.010743,0.016496,0.043652,0.011124,0.011276,0.010493,0.008528,0.0058148,0.0036854,0.00012971,0.00056459,0.0015392,0.0015867,0.0019976,0.0026671,0.0043948,0.0071356,0.010071,0.017046,0.046355,0.011646,0.011157,0.010315,0.0086721,0.0063768,0.0036916,0.001976
0.0074597,0.0035783,0.0028152,0.003702,0.0044525,0.0055868,0.0062733,0.006743,0.024607,0.019486,0.022564,0.0084646,0.0061187,0.0049479,0.0033929,0.0037366,0.0032177,0.0041199,0.0022169,0.0017885,0.0014226,0.0013063,0.0020484,0.0025351,0.003427,0.0063195,0.012668,0.0076814,0.003,0.0020232,0.0014034,0.00099754,0.00095557,0.00078202,0.0022889,0.0024596,0.0026611,0.0030021,0.0032994,0.003867,0.0044216,0.0062718,0.0070603,0.028793,0.014152,0.0053796,0.0030349,0.0021396,0.0015825,0.0010223,0.0010185,0.047295,0.040437,0.039957,0.044925,0.061667,0.089002,0.1242,0.17378,0.29742,0.3828,0.04795,0.080065,0.086489,0.080025,0.066029,0.046977,0.040333,0.012314,0.0019933,0.0018223,0.0018387,0.0032348,0.0035164,0.0048863,0.005809,0.010169,0.019036,0.0020918,0.0022073,0.0020941,0.0021568,0.0017663,0.0020783,0.0013008,0.0039769,0.0043246,0.0025942,0.00076814,0.0036472,0.0074409,0.011738,0.01805,0.026299,0.058867,0.014477,0.014697,0.013764,0.01156,0.0086562,0.0041553,0.00028419,0.048955,0.0097975,0.0090488,0.013514,0.0094947,0.01557,0.021708,0.016783,0.068462,0.079652,0.073998,0.025971,0.010338,0.017989,0.0069347,0.0085294,0.010094,0.019457,0.0026431,0.00050876,0.00181,0.0018375,0.0016563,0.0027583,0.0010714,0.007496,0.010032,0.0076947,0.0015806,0.00078192,0.00096975,0.0004652,0.00052229,0.00062373,0.0020428,0.00078881,0.0023158,0.0020736,0.0018478,0.0032959,0.0020081,0.0035932,0.0080221,0.016848,0.013262,0.00094768,0.0024437,0.001087,0.00083818,0.00057228,4.0051e-05,0.0083696,0.0085441,0.0073556,0.0078185,0.0089356,0.011141,0.013734,0.018107,0.052519,0.10527,0.020461,0.011188,0.00757,0.0050364,0.0069613,0.0046405,0.0050622,0.0071755,0.0015547,0.00059568,0.00090705,0.00057388,0.00066008,0.00091604,0.0016727,0.0036076,0.051135,0.0011067,0.00058764,0.00016015,0.0002441,0.00088167,0.00057132,1.1444e-05,0.003851,0.0010653,0.001212,0.0011601,0.0016173,0.0016432,0.001744,0.0041186,0.0075567,0.087002,0.00048187,0.00070242,0.00065761,0.00046671,0.00042848,0.0003071,0.00018121
0.0033646,0.0025988,0.00098573,0.00033884,0.001346,0.0012742,0.001311,0.0012015,0.013938,0.048477,0.012126,0.0044887,0.0028321,0.0023878,0.0036869,0.0017561,0.0021248,0.0033303,0.0015058,0.0013208,0.0013308,0.001553,0.001414,0.001652,0.0026236,0.0064675,0.017373,0.0077936,0.0031637,0.0020055,0.001844,0.001393,0.0012734,0.0012894,0.0013409,0.00049212,0.00044066,0.00039271,0.0001543,0.0006026,0.00068537,0.0017696,0.0032219,0.045333,0.0098115,0.0041159,0.0028879,0.002223,0.0020497,0.0019748,0.0020008,0.028262,0.031139,0.031562,0.034123,0.038239,0.044803,0.056108,0.088229,0.17927,0.29702,0.098777,0.052437,0.034606,0.026772,0.022144,0.018728,0.017817,0.013869,0.00090384,0.0017611,0.002219,0.0016538,0.0019237,0.0024993,0.0042274,0.0080935,0.01415,0.0039505,0.0019992,0.0014636,0.00072633,0.0011113,0.00082688,0.00039482,0.0018406,0.001176,0.0011052,0.0015031,0.0026013,0.0024459,0.0033041,0.0043027,0.014494,0.029366,0.012607,0.0070431,0.0054238,0.0043258,0.0044475,0.0038467,0.0037404,0.033164,0.0037185,0.0017351,0.0013519,0.0017732,0.0022891,0.0030287,0.0069449,0.019625,0.073584,0.019398,0.0096783,0.0076094,0.0048034,0.0028121,0.0042009,0.0039654,0.016825,0.00045225,0.00054737,0.00077633,0.0011343,0.00082854,0.001256,0.0014857,0.002491,0.019224,0.0029664,0.0010278,0.00066754,0.00064479,0.0005514,0.00058303,0.00044442,0.0061399,0.0010389,0.0013326,0.0021053,0.0023645,0.0024117,0.0026987,0.0044372,0.0084766,0.044049,0.0089101,0.0038071,0.0024868,0.0018906,0.0014369,0.0013049,0.001257,0.015398,0.0022334,0.003056,0.0026277,0.0020678,0.0027949,0.0028366,0.0027535,0.0091703,0.24794,0.012029,0.0043068,0.002787,0.0024861,0.0013487,0.0006149,0.00079921,0.0043946,0.0017389,0.00050069,0.00048689,0.00044069,0.00076671,0.0014668,0.0020325,0.0046435,0.043325,0.0067081,0.0043625,0.0030219,0.0018858,0.0032826,0.0023847,0.0027123,0.0033322,3.6076e-05,0.0004121,0.0004502,0.00067804,0.0019653,0.0023723,0.002612,0.010992,0.046382,0.011973,0.005997,0.0046494,0.0039539,0.0037869,0.0033936,0.003378
0.017994,0.0054459,0.0042464,0.0037082,0.0044853,0.0038124,0.0047994,0.0073807,0.016522,0.050457,0.016639,0.0062906,0.0037693,0.0045505,0.0010791,0.0010241,0.0003853,0.026072,0.0098264,0.0043331,0.0028521,0.002882,0.0027553,0.0016384,0.0013821,0.00068752,0.026562,0.0045168,0.0015248,0.00077305,0.0007187,0.00055788,0.00059189,0.00048257,0.0051041,0.0043237,0.0027509,0.0027287,0.0029443,0.0036573,0.0042317,0.0055796,0.0080932,0.019972,0.014726,0.0051322,0.0027507,0.0015681,0.0011503,0.00090687,0.00066376,0.0083772,0.011912,0.0094332,0.013211,0.015718,0.021507,0.031137,0.054163,0.14446,0.48802,0.096142,0.058925,0.044088,0.037387,0.034365,0.032525,0.031472,0.036576,0.0087719,0.0037479,0.0024396,0.001192,0.00087174,0.00044792,0.00053606,0.0036089,0.016194,0.0027294,0.0025515,0.0020734,0.0022517,0.0013965,0.0013777,0.0019608,0.0079747,0.002404,0.0015796,0.0013541,0.0016354,0.0030657,0.0034971,0.0049022,0.0093246,0.025503,0.0059742,0.0030518,0.0020673,0.0017398,0.0013894,0.0010422,0.001173,0.040879,0.0068645,0.0051436,0.005442,0.0053676,0.0054413,0.0076597,0.0099695,0.017958,0.05161,0.011247,0.0057047,0.0032228,0.00092816,0.0019398,0.0013295,0.00013733,0.042491,0.0093055,0.0039977,0.0027675,0.0019561,0.0019309,0.0014799,0.00082774,0.0020399,0.019184,0.0051358,0.002744,0.0021878,0.0018983,0.0017597,0.0015822,0.0016041,0.015105,0.0029977,0.0014019,0.0010844,0.00085549,0.00022918,0.00012475,0.0010422,0.0037293,0.063055,0.0019644,0.00053722,0.00035474,0.00023085,0.00036263,0.00028272,0.00026131,0.039763,0.0060278,0.0050189,0.0053365,0.0058187,0.0068685,0.0089072,0.015034,0.036957,0.22727,0.012213,0.007136,0.0039652,0.0038437,0.0051671,0.00059295,0.001585,0.028174,0.0097521,0.0040402,0.0023532,0.002011,0.0014726,0.0010225,0.00070865,0.0011905,0.050936,0.0017852,0.00056976,0.0011009,0.00070372,0.002137,0.0010644,0.0011273,0.0056993,0.0016557,0.0014176,0.0016029,0.0019787,0.0010146,0.0017928,0.0029604,0.0051522,0.03767,0.0024326,0.0014062,0.00077666,0.00047838,0.00039493,0.00018552,3.8259e-06
0.033144,0.0034599,0.003583,0.005217,0.0048824,0.0057732,0.0073573,0.010229,0.019256,0.01879,0.021228,0.0096815,0.0055341,0.0040621,0.0049161,0.0036269,0.0030537,0.061126,0.0046602,0.0018058,0.0019064,0.0010299,0.0021105,0.0028726,0.0033153,0.0071339,0.0049613,0.005513,0.0028618,0.0018507,0.0016834,0.0010683,0.00099338,0.00090982,0.019165,0.0011821,0.0026437,0.0024641,0.0026429,0.0034088,0.0042449,0.0059624,0.010787,0.016361,0.014003,0.0049611,0.0028735,0.0019642,0.0016685,0.001103,0.0010643,0.064851,0.026121,0.030053,0.031277,0.03543,0.04149,0.052534,0.07555,0.15992,0.45036,0.064613,0.035382,0.020714,0.01266,0.0076028,0.0045593,0.0010109,0.066974,0.0036596,0.0012493,0.0019882,0.0014366,0.0014136,0.0019321,0.0026667,0.0066393,0.020502,0.0028195,0.0014876,0.0013433,0.00075664,0.00026739,0.00053461,0.00058939,0.011011,0.00014971,0.00076924,0.00067303,0.001684,0.00095433,0.0019226,0.0045459,0.0092026,0.059712,0.003028,0.0024482,0.0021282,0.0017617,0.0015008,0.0016896,0.0017262,0.057736,0.0057679,0.0031776,0.0034526,0.0041346,0.0043331,0.0063468,0.0068205,0.02096,0.10223,0.027436,0.0126,0.0085486,0.007485,0.0052436,0.0043561,0.0046159,0.07788,0.001906,0.0011207,0.00168,0.001729,0.001763,0.0020043,0.0027963,0.0057032,0.024742,0.0089119,0.0028916,0.0014487,0.00096897,0.00041687,0.00026052,2.0966e-05,0.023461,0.0010737,0.00026335,0.00034635,0.0011576,0.0011885,0.0019716,0.0020536,0.0066838,0.042316,0.0051885,0.003916,0.0028173,0.002442,0.002063,0.0019707,0.0019913,0.058423,0.0084196,0.01075,0.01078,0.012567,0.015234,0.018876,0.026995,0.052482,0.086067,0.049883,0.02696,0.016139,0.013225,0.011211,0.010512,0.011639,0.062074,0.0048833,0.0019859,0.00090021,0.0022865,0.0023391,0.0027049,0.0038048,0.0065715,0.046618,0.0071703,0.0043595,0.0026709,0.0021541,0.00078104,0.0012373,0.00094987,0.0080854,0.00078924,0.0010328,0.00071412,0.001326,0.0015849,0.0018938,0.0025236,0.0040806,0.07262,0.010033,0.0037475,0.0023881,0.0017979,0.0016649,0.0014286,0.0013142
0.025917,0.0042899,0.0023977,0.0021589,0.0024891,0.0033442,0.0042704,0.0057969,0.019036,0.05339,0.0058247,0.0029871,0.0012694,0.00095221,0.0025029,0.0010598,0.00090791,0.036427,0.0051423,0.0029606,0.0020777,0.0019957,0.0024923,0.0025843,0.0036235,0.0084718,0.010596,0.0028076,0.0013268,0.00053414,0.00014546,0.00048922,0.00017282,0.000206,0.0055199,0.0020258,0.0011935,0.0010377,0.0010775,0.0017468,0.0025603,0.0033341,0.010702,0.029764,0.010054,0.0046224,0.0029618,0.0024695,0.0020588,0.0020767,0.0018578,0.0011502,0.015553,0.014033,0.016609,0.021801,0.030164,0.044735,0.07713,0.23168,0.38391,0.11814,0.073881,0.056947,0.047085,0.04261,0.041037,0.041155,0.053828,0.002597,0.00095744,0.0014795,0.0012565,0.001728,0.0025518,0.0041625,0.010073,0.009128,0.0073453,0.0044632,0.0030197,0.0027456,0.0023632,0.0017113,0.0022526,0.0024853,0.0035943,0.0042611,0.0043063,0.0050596,0.0057287,0.0075927,0.011784,0.028028,0.020452,0.02035,0.0096758,0.006328,0.0050536,0.0043281,0.0039938,0.0038968,0.045312,0.0074404,0.007054,0.0077062,0.0069257,0.0090816,0.010331,0.014892,0.027323,0.093762,0.022789,0.010412,0.0060175,0.0047817,0.0034741,0.0030761,0.0027352,0.055741,0.0015567,0.0016027,0.0018211,0.0024745,0.0021631,0.0030813,0.0041398,0.010761,0.022212,0.0083305,0.0039427,0.002523,0.0019489,0.0016689,0.0016248,0.0014687,0.01776,0.0010643,0.0010168,0.00088775,0.0010829,0.0013277,0.0020882,0.0029413,0.0095531,0.041357,0.0098085,0.0048621,0.0035526,0.0028832,0.0025754,0.0024053,0.0024014,0.031735,0.0059502,0.0087897,0.014934,0.013998,0.0073387,0.021417,0.042545,0.084565,0.19282,0.07835,0.022546,0.002601,0.012138,0.014605,0.0079045,0.0025521,0.037154,0.0028274,0.0049741,0.0036493,0.0016026,0.0051228,0.0061377,0.0041415,0.013526,0.043291,0.016677,0.0069458,0.0061703,0.004053,0.0026301,0.0024236,0.0016041,0.0044309,0.0047843,0.0057865,0.0020754,0.0043948,0.0083709,0.0058057,0.0064917,0.032071,0.03892,0.0095894,0.0097351,0.0076895,0.002026,0.0031428,0.0035598,0.0019512
0.042926,0.0019051,0.00075769,0.00090587,0.0015155,0.002423,0.0039388,0.0067324,0.015938,0.049694,0.011116,0.0065253,0.0045479,0.0049659,0.0025343,0.002902,0.0026722,0.0081712,0.0046736,0.0019083,0.001165,0.0013014,0.0019021,0.0018369,0.0037375,0.0084646,0.01263,0.00095349,0.00083679,0.00053092,0.00028217,0.00047823,0.00025729,0.00028992,0.0023327,0.0013833,0.00059861,0.00034486,0.00068731,0.00041466,0.00027196,0.00060192,0.0060039,0.030316,0.0060077,0.0020212,0.0009701,0.00046044,0.0002293,0.00023011,0.00028419,0.019505,0.00045336,0.0074254,0.013084,0.020647,0.032572,0.051348,0.09628,0.27969,0.29833,0.15955,0.095632,0.073044,0.062271,0.056392,0.053247,0.053872,0.045266,0.0032646,0.0019321,0.0015897,0.0021862,0.0020365,0.0026888,0.0046225,0.012752,0.010992,0.0064841,0.0031473,0.0024054,0.0018026,0.0017596,0.0020069,0.0018616,0.0090829,0.0045953,0.0049302,0.0052668,0.0059944,0.0065974,0.0084832,0.013868,0.034056,0.020522,0.021477,0.010337,0.0068995,0.0053771,0.004634,0.0043105,0.0044327,0.010433,0.0047438,0.00093864,0.0010539,0.00079972,0.00081248,0.00092326,0.001078,0.0030932,0.11232,0.0076996,0.0037923,0.0022051,0.001743,0.0012933,0.00088225,0.00090409,0.046235,0.0034301,0.0016984,0.0014626,0.00084115,0.00083052,0.00092907,0.0017762,0.0033491,0.026142,0.0044211,0.0019538,0.0014333,0.0010788,0.00088395,0.00083543,0.00091553,0.012659,0.0035517,0.0036402,0.0037234,0.004151,0.0043348,0.0050144,0.0080965,0.015555,0.036651,0.01335,0.0053421,0.0030259,0.0019032,0.0012172,0.000688,0.0004406,0.062383,0.0070758,0.008747,0.008422,0.0092703,0.011171,0.014196,0.020605,0.054543,0.24117,0.055812,0.01628,0.0095728,0.0051199,0.0046411,0.0043377,0.0037766,0.006899,0.004689,0.0024529,0.0021107,0.0026526,0.0031267,0.0042751,0.0056406,0.012061,0.03097,0.027663,0.0093448,0.0069105,0.0067692,0.005416,0.0041584,0.0040494,0.0054456,0.0015834,0.00159,0.0021835,0.0031341,0.0039136,0.0054583,0.0090953,0.022353,0.035509,0.031234,0.013098,0.0092582,0.007791,0.0068348,0.0064253,0.0063954
0.022707,0.0036329,0.0030102,0.0031964,0.0038902,0.0053568,0.0059874,0.010652,0.043111,0.031382,0.014747,0.0066756,0.005712,0.0033647,0.0038862,0.0035486,0.0038434,0.00043296,0.001335,0.0013413,0.0013246,0.00074867,0.0019212,0.0022471,0.0040781,0.012117,0.0099783,0.0030423,0.0011707,0.00096499,0.00059987,0.00038096,0.00078419,0.00050927,0.003233,0.00036389,0.00055131,0.00056733,0.00039227,0.00045287,0.00077218,0.002478,0.01104,0.02989,0.011973,0.0033777,0.0017537,0.0011637,0.00063578,0.00072526,0.0006771,0.023926,0.0092821,0.011401,0.016635,0.023601,0.035013,0.054752,0.10181,0.38508,0.23853,0.15016,0.092943,0.072155,0.061449,0.056176,0.053062,0.050477,0.027588,0.0041525,0.0020856,0.0016223,0.0019681,0.0019299,0.0025984,0.0040076,0.015321,0.012125,0.0055831,0.0024468,0.0021234,0.0010586,0.00081683,0.00099349,0.0018539,0.0010395,0.002873,0.0031971,0.0037165,0.0044472,0.0053307,0.0077124,0.014192,0.041367,0.030535,0.019505,0.010907,0.0080412,0.0063249,0.0059096,0.0055181,0.0054837,0.019671,0.0038677,0.0039445,0.0048511,0.0063283,0.0060017,0.0093695,0.013604,0.041199,0.079724,0.014061,0.0059536,0.0045924,0.0038054,0.0046349,0.0027521,0.0025959,0.028012,0.0030853,0.0014241,0.0012709,0.0010329,0.00098023,0.00085237,0.00026785,0.002314,0.0094635,0.0060686,0.0017182,0.00072077,0.00039795,0.00031524,0.00022708,6.4861e-05,0.0096475,0.0014511,0.0011113,0.0012674,0.0015855,0.0019183,0.003117,0.0053964,0.011376,0.042314,0.014817,0.0070038,0.004838,0.003962,0.0037537,0.003255,0.0031624,0.017153,0.020024,0.021181,0.0226,0.024655,0.029132,0.038361,0.056691,0.17325,0.19004,0.091251,0.031945,0.017767,0.010776,0.0073518,0.0057421,0.0047856,0.00026894,0.0015968,0.0018597,0.0018007,0.0029374,0.003254,0.0040859,0.0062626,0.010713,0.034191,0.020776,0.011716,0.0069358,0.0055615,0.0049817,0.0042409,0.0040951,1.5255e-05,0.002669,0.0027542,0.0031276,0.0034739,0.0041929,0.0056385,0.0093327,0.025435,0.049325,0.021975,0.0090255,0.0063151,0.0048775,0.0042467,0.0039116,0.003872
0.017952,0.0038214,0.0043629,0.0043713,0.0037,0.0054189,0.0064776,0.013593,0.037691,0.047953,0.0097745,0.0021015,0.0023746,0.0024165,0.0020901,0.0023847,0.0016327,0.0099851,0.0022874,0.0014144,0.00094359,0.001378,0.0011692,0.0022295,0.0044649,0.011049,0.015711,0.0059746,0.0033488,0.002241,0.0023013,0.001647,0.0014279,0.0015126,0.0060655,0.0011931,0.00036505,0.00021685,0.00058972,0.00033772,0.00024576,0.0029636,0.010283,0.040012,0.012678,0.0040325,0.0021191,0.0015292,0.0013553,0.00077534,0.0006981,0.010615,0.022721,0.023378,0.038193,0.018594,0.050322,0.065275,0.057835,0.47435,0.14209,0.10496,0.065752,0.036055,0.048591,0.028032,0.036266,0.032332,0.0122,0.00071155,0.00099647,0.0014983,0.00030255,0.0023658,0.003008,0.002358,0.018688,0.004529,0.0036493,0.0053753,0.0013125,0.0027239,0.0025224,0.0015505,0.0011749,0.0021801,0.0051221,0.0028836,0.0051538,0.0050358,0.0051041,0.0097403,0.0039803,0.050539,0.015619,0.012731,0.0088725,0.0029903,0.004976,0.0014028,0.0039444,0.0013981,0.017422,0.0022628,0.0013226,0.0011172,0.0014785,0.0020512,0.0041543,0.0084889,0.037293,0.10487,0.014607,0.0080768,0.0052242,0.0054548,0.0039471,0.003735,0.0043984,0.015015,0.0023383,0.00098183,0.0011654,0.00070758,0.00091239,0.0012767,0.0022911,0.0041606,0.019437,0.0080945,0.0023758,0.0010572,0.00063118,0.00037972,0.00010554,0.00020219,0.0071336,0.0014607,0.0018205,0.0019675,0.002296,0.0023677,0.0033474,0.0063834,0.0081281,0.030009,0.013758,0.0052685,0.0033283,0.0027613,0.0024905,0.0023533,0.0020676,0.044913,0.017327,0.01943,0.020589,0.022406,0.027477,0.035621,0.056726,0.17516,0.16997,0.12017,0.03958,0.024653,0.017877,0.015104,0.014051,0.012575,0.013254,0.0037933,0.0039978,0.0045486,0.0050082,0.0055756,0.0063571,0.0078377,0.015578,0.036109,0.026377,0.011507,0.0063616,0.00432,0.002232,0.0031196,0.0024014,0.0061589,0.0045735,0.0043634,0.0045234,0.0052329,0.006082,0.0074956,0.011304,0.029709,0.044545,0.030033,0.01065,0.0056854,0.0042394,0.0033341,0.0029116,0.0025235
0.0013333,0.011114,0.0038899,0.0045202,0.0043705,0.0050484,0.009402,0.010905,0.050818,0.028926,0.015341,0.010518,0.0057075,0.007442,0.0050479,0.0062511,0.0059186,0.018959,0.0033432,0.0017046,0.0016142,0.002848,0.0020899,0.0034876,0.0053945,0.016665,0.0073444,0.013458,0.0055017,0.0036533,0.0032653,0.0028317,0.0027927,0.0026627,0.0065118,0.00074799,0.00085915,0.0013455,0.0014999,0.001073,0.0028057,0.0057539,0.017485,0.017377,0.016546,0.0041269,0.0028449,0.0023526,0.0018564,0.0019518,0.0019074,0.028613,0.011123,0.012971,0.018305,0.024589,0.034452,0.054097,0.10215,0.39633,0.22565,0.1387,0.081319,0.064709,0.054962,0.049217,0.045868,0.048648,0.0029355,0.0071122,0.0035022,0.0024787,0.0024553,0.0029556,0.0031425,0.0046967,0.01834,0.0050232,0.0090783,0.0033957,0.0028308,0.0015562,0.0010055,0.002651,0.00107,0.0028287,0.0042873,0.0049597,0.0053865,0.0053345,0.0072183,0.0088844,0.016505,0.046134,0.023426,0.017108,0.0080191,0.0053056,0.0035689,0.0030558,0.0028522,0.0028286,0.021227,0.0046888,0.0027706,0.0034085,0.0039238,0.0054255,0.0079594,0.014434,0.042475,0.12772,0.032256,0.014454,0.01248,0.0088465,0.0073156,0.008383,0.0079099,0.00097086,0.0075671,0.0025631,0.0017566,0.0021816,0.00071363,0.0010417,0.002498,0.0064851,0.0061507,0.011552,0.0052363,0.0038404,0.0031068,0.0027494,0.002486,0.0024853,0.0024777,0.0036632,0.0023975,0.002346,0.0026668,0.0040178,0.005275,0.0082091,0.019134,0.024467,0.022917,0.008862,0.0059358,0.0046122,0.0036978,0.0035826,0.003233,0.0048428,0.013465,0.0073513,0.0096048,0.011675,0.014633,0.022098,0.044973,0.15031,0.24699,0.081238,0.024058,0.020464,0.014372,0.013213,0.011574,0.012392,0.013781,0.0027241,0.0039011,0.0040431,0.004748,0.0050326,0.006048,0.008469,0.014351,0.028994,0.037772,0.011537,0.0063967,0.0054023,0.0047187,0.0031439,0.0023671,0.0043221,0.00585,0.0061342,0.0064953,0.0072566,0.0080172,0.010297,0.017373,0.038127,0.041385,0.038272,0.012063,0.0066248,0.0041939,0.0031499,0.0023057,0.00206
0.045268,0.0060727,0.0045882,0.0043547,0.0059987,0.0064383,0.0081876,0.01743,0.096311,0.0084715,0.034388,0.012934,0.010117,0.008222,0.008595,0.0060143,0.006796,0.045541,0.0052473,0.0016453,0.00096748,0.0024825,0.0020119,0.001422,0.0031559,0.02094,0.010085,0.017314,0.0060734,0.0044594,0.0035221,0.0031469,0.0031384,0.0029183,0.011694,0.0024799,0.0024795,0.0027674,0.0030394,0.0038024,0.0054297,0.0077591,0.035126,0.0090424,0.018641,0.0059347,0.0040893,0.0034209,0.0030604,0.0026648,0.0023632,0.036128,0.024517,0.025359,0.027545,0.032396,0.039128,0.053725,0.091667,0.46523,0.14208,0.062244,0.038791,0.02829,0.023123,0.0198,0.017426,0.020804,0.052811,0.0070769,0.0034963,0.0023481,0.0022034,0.002178,0.0026947,0.0035413,0.017271,0.0045899,0.0043705,0.0019597,0.001112,0.0015835,0.0012225,0.0021679,0.00029373,0.0062619,0.0010652,0.0012605,0.0012055,0.001834,0.0027931,0.0047315,0.007665,0.050614,0.011731,0.016912,0.0086151,0.0063658,0.0057016,0.0047566,0.0047242,0.004839,0.03109,0.00039461,0.002164,0.0022955,0.0025831,0.0045922,0.0061967,0.01285,0.072082,0.11197,0.025239,0.01116,0.0085883,0.0067985,0.0053469,0.0085272,0.0040704,0.049285,0.0071468,0.003406,0.0027607,0.0028224,0.0026782,0.0031977,0.0037987,0.015547,0.011478,0.012702,0.0044518,0.0032416,0.0028424,0.0020512,0.0017884,0.0017834,0.014431,0.0022317,0.0003628,0.00066982,0.0010731,0.0019624,0.0024312,0.0038244,0.01918,0.036843,0.027253,0.0092151,0.0070298,0.0053309,0.0051652,0.0044055,0.0044594,0.041398,0.0085977,0.0074737,0.0092696,0.0098628,0.011824,0.016965,0.042302,0.22091,0.18642,0.082443,0.01415,0.0067126,0.0040184,0.0027016,0.0034197,0.0041199,0.0425,0.004703,0.0035279,0.0034872,0.0041734,0.0041883,0.0060088,0.0091291,0.014934,0.02323,0.037347,0.0072003,0.0066326,0.004781,0.0043184,0.003514,0.0032044,0.0081216,0.0056728,0.0063286,0.0070751,0.0078127,0.0090239,0.010832,0.012378,0.046042,0.010457,0.038906,0.010865,0.0063393,0.0040162,0.0024494,0.0016521,0.001442
0.034699,0.0070901,0.0056558,0.0057449,0.0060994,0.0072729,0.0095302,0.015867,0.082576,0.056891,0.016557,0.0037078,0.0021122,0.0022245,0.0029394,0.0016896,0.00048066,0.042762,0.0037457,0.0015069,0.0013782,0.0017035,0.0012677,0.0012556,0.0019491,0.015541,0.019971,0.01261,0.0017166,0.0012078,0.00069644,0.00061928,0.00020055,6.2928e-05,0.0064718,0.0014107,0.0014642,0.0016052,0.0022133,0.0025461,0.003598,0.004828,0.024188,0.021246,0.0096098,0.0015158,0.0011236,0.00064225,0.00053742,0.00059101,8.5827e-05,0.023522,0.029089,0.031975,0.033988,0.03971,0.049253,0.067552,0.12011,0.43756,0.29524,0.068288,0.050693,0.040265,0.03337,0.030217,0.027909,0.026978,0.052613,0.0063924,0.0026858,0.0025333,0.0019398,0.0023181,0.0024126,0.0052284,0.016889,0.011665,0.0028376,0.0017648,0.0013352,0.0010547,0.0011028,0.002639,0.0012512,0.0086118,0.0033974,0.0031443,0.0037232,0.0042019,0.0048728,0.0069653,0.01005,0.039294,0.02507,0.015358,0.0059161,0.0047206,0.0033808,0.0032155,0.0028359,0.0029087,0.042954,0.0045956,0.0032507,0.0045263,0.0043029,0.0055666,0.0062812,0.0094838,0.037222,0.11745,0.024387,0.0080582,0.0043459,0.0031472,0.0042567,0.0015241,0.00038911,0.043635,0.0057767,0.0031467,0.0024876,0.0014161,0.002178,0.0028239,0.0036137,0.0092186,0.0062253,0.012683,0.0032828,0.0021989,0.001439,0.0012272,0.0011713,0.00087166,0.012957,0.0016684,0.00118,0.00093049,0.0013088,0.0017339,0.0029219,0.0033193,0.015004,0.030186,0.023258,0.0079238,0.0055476,0.0041831,0.0034975,0.0035416,0.0036183,0.033293,0.0083831,0.01469,0.010065,0.0087375,0.029177,0.03026,0.042763,0.27267,0.080559,0.052909,0.08026,0.059206,0.026003,0.041264,0.038347,0.022269,0.035355,0.0039429,0.0048968,0.0035249,0.003045,0.0060045,0.0060746,0.0018797,0.014107,0.042686,0.017827,0.014968,0.013011,0.0038296,0.0059696,0.0060099,0.0044671,0.00014687,0.0025697,0.0022846,0.0019586,0.0022064,0.0026896,0.0028849,0.0068426,0.016916,0.053745,0.016732,0.0084624,0.0073763,0.0033865,0.0012304,0.0027793,0.0031186
0.010994,0.0046715,0.0063661,0.0056786,0.006232,0.007956,0.011228,0.020553,0.073561,0.011199,0.04388,0.012657,0.0096104,0.0084969,0.0077483,0.0066194,0.0052987,0.032599,0.0031755,0.0021898,0.0029031,0.0027674,0.0033232,0.0040016,0.0066922,0.021701,0.0028265,0.019133,0.0044172,0.0029622,0.0017907,0.0015224,0.0010687,0.0011387,0.005087,0.0026879,0.0027776,0.0027096,0.003105,0.0041486,0.0049762,0.006962,0.026791,0.010991,0.023015,0.0049456,0.0034036,0.002603,0.0020177,0.0019606,0.0016194,0.0032216,0.010311,0.012189,0.014077,0.020573,0.030394,0.048883,0.09043,0.42764,0.22194,0.091378,0.063858,0.051131,0.045367,0.040012,0.037609,0.039763,0.025763,0.0028752,0.0017378,0.00094932,0.0010845,0.0012192,0.0017702,0.0038249,0.015657,0.0090987,0.00099879,0.0015775,0.0011611,0.0014383,0.0010701,0.0022099,0.00024987,0.000906,0.0023014,0.0023268,0.0026722,0.0031148,0.0036114,0.0050146,0.012198,0.045162,0.035928,0.0086046,0.0028647,0.0023681,0.0022505,0.0021148,0.0021683,0.0017719,0.026446,0.0010855,0.0028742,0.0045089,0.0060979,0.0090203,0.013928,0.026679,0.1056,0.15902,0.030402,0.023088,0.01875,0.015871,0.016776,0.010241,0.012369,0.019291,0.0030976,0.0013932,0.0016514,0.0011859,0.0010327,0.0017743,0.0036778,0.0095067,0.01029,0.0073059,0.0021853,0.001546,0.0010353,0.001185,0.00067643,0.00092317,0.0072156,0.0027365,0.0024874,0.0026302,0.0030724,0.0035062,0.0055249,0.007024,0.015281,0.0051316,0.023167,0.0086438,0.0059207,0.0047543,0.0040215,0.0035371,0.0036145,0.029059,0.036045,0.036926,0.038516,0.04282,0.0511,0.062271,0.09576,0.27709,0.082678,0.16683,0.054631,0.030657,0.017986,0.012138,0.0047178,0.002615,0.030491,0.0026649,0.0032985,0.0032037,0.0035709,0.0042581,0.0044322,0.0065123,0.0063544,0.033283,0.039596,0.012444,0.0052111,0.0030041,0.0023541,0.0015295,0.0011368,0.0018692,0.00054362,0.00048912,0.00059383,0.00050531,0.0012502,0.0015954,0.0074209,0.029151,0.053003,0.027596,0.0050392,0.0020972,0.00089004,0.00041686,0.00056779,9.1564e-05
0.02594,0.0084485,0.0065947,0.0059132,0.0063319,0.0074997,0.0084155,0.014693,0.11197,0.030557,0.024206,0.0022867,0.0031617,0.0030386,0.0024121,0.0008656,0.00016402,0.029376,0.0059941,0.0020743,0.0020051,0.0022947,0.0013463,0.0021509,0.0036305,0.023876,0.0076562,0.0053921,0.0017673,0.00090711,0.00083144,0.00082936,0.00087201,0.00057793,0.0079938,0.0018755,0.0007914,0.00065556,0.00040548,0.00061582,0.0014114,0.0026098,0.032633,0.021748,0.024616,0.004132,0.0020318,0.0014058,0.0011943,0.0012556,0.0010891,0.026934,0.015865,0.014345,0.016305,0.018401,0.021008,0.0276,0.040818,0.4828,0.047871,0.063574,0.021121,0.011026,0.0069249,0.003825,0.0014347,0.0019398,0.026949,0.0060161,0.0036217,0.0024652,0.0018522,0.0017075,0.0019782,0.00087952,0.017489,0.0023751,0.0068963,0.0018042,0.00023726,0.0001964,0.0004002,0.00069131,0.0021496,0.0022927,0.0012843,0.0016108,0.0020736,0.0025322,0.0022264,0.0023539,0.0083569,0.058536,0.010799,0.018183,0.004827,0.0023957,0.0015331,0.0014639,0.0013072,0.00083161,0.02413,0.0040743,0.0041575,0.0042896,0.0047999,0.0050658,0.0060852,0.0046553,0.049047,0.11153,0.020996,0.0088971,0.0046505,0.0046074,0.0044993,0.0037135,0.0040036,0.023062,0.0080325,0.0016114,0.0016854,0.0011978,0.0012702,0.00034857,0.0013907,0.013493,0.012353,0.0039162,0.0023052,0.0015432,0.0012436,0.0010815,0.0011483,0.0011654,0.0045872,0.0036989,0.0025974,0.0026059,0.0029709,0.0035701,0.0061121,0.0085562,0.025478,0.019767,0.012903,0.0065011,0.0038203,0.002831,0.0026834,0.0023813,0.0022069,0.019579,0.012956,0.0096898,0.0093479,0.011093,0.011666,0.015961,0.035187,0.25188,0.099393,0.12141,0.020843,0.0096454,0.0068122,0.0048352,0.00094045,0.0012646,0.02324,0.0040468,0.0029539,0.0028517,0.0027207,0.0030472,0.0044413,0.0044065,0.01023,0.026342,0.036484,0.015589,0.008504,0.0065151,0.0049859,0.0043128,0.0039712,0.0020161,0.0033627,0.0035892,0.0037217,0.0040373,0.0048779,0.0058823,0.011171,0.042162,0.026233,0.038358,0.0092209,0.0047003,0.0030776,0.0022071,0.0019662,0.0019207
0.04951,0.0077155,0.0030266,0.0018066,0.0038743,0.0046054,0.0053479,0.013376,0.1144,0.011267,0.01416,0.0018363,0.0016406,0.0018922,0.0012706,0.0007008,0.0013409,0.056668,0.0032445,0.00046957,6.9858e-05,0.00066788,0.0014198,0.00089565,0.0023793,0.015426,0.011607,0.011244,0.0017519,0.00052746,0.00062529,0.00030331,0.00014188,0.00029375,0.016398,0.0011194,0.0023384,0.0019727,0.0024229,0.0032487,0.0034066,0.012076,0.033544,0.0057792,0.023754,0.0051098,0.0029992,0.0028314,0.0024763,0.0021168,0.0019742,0.0029164,0.012231,0.010703,0.011493,0.012985,0.017997,0.025874,0.062645,0.32451,0.074773,0.016877,0.013318,0.011034,0.0086475,0.0077744,0.0084467,0.0063764,0.06969,0.003247,0.00058463,0.0005999,0.00086157,0.00046846,0.00030119,0.00019157,0.0079965,0.0057477,0.0055702,0.0016524,0.00076078,0.00067661,0.00051816,0.0010212,0.0024319,0.014076,0.0032465,0.0029726,0.0037342,0.0035542,0.005408,0.0075197,0.011678,0.04616,0.011723,0.012015,0.0048917,0.0032013,0.0027017,0.0018272,0.0016973,0.0019264,0.028428,0.0060569,0.0060639,0.0068752,0.0097475,0.012687,0.019891,0.040481,0.071671,0.11582,0.058439,0.030436,0.021971,0.019986,0.015371,0.016681,0.021447,0.062346,0.0041408,0.0020746,0.0022193,0.0023293,0.0013277,0.002021,0.0048016,0.0085569,0.0083706,0.012203,0.0038668,0.0023094,0.0020746,0.0016616,0.0014745,0.0010243,0.021839,0.0018457,0.00081788,0.00027888,0.00096326,5.0186e-05,0.002696,0.005649,0.020966,0.035186,0.017827,0.0058781,0.0028263,0.0024135,0.0021584,0.0020871,0.0017662,0.050755,0.0046341,0.0045539,0.0066893,0.0076943,0.0092253,0.011973,0.021733,0.22151,0.13908,0.11265,0.034027,0.015792,0.011901,0.0092819,0.0085083,0.0095636,0.049609,0.0023721,0.00078676,0.0015732,0.0018978,0.0026311,0.0027816,0.0042679,0.010393,0.021525,0.037646,0.017527,0.0086633,0.0072491,0.0061712,0.0046536,0.0057507,0.0012951,0.0036074,0.0043695,0.0043839,0.0052993,0.0058295,0.0064177,0.010547,0.014875,0.014487,0.042225,0.013407,0.0086549,0.0061267,0.0053561,0.005156,0.0047894
0.034991,0.0045297,0.0024849,0.0046869,0.0059193,0.0069101,0.011382,0.021751,0.089402,0.027085,0.036799,0.012515,0.0084764,0.007017,0.0060184,0.007172,0.0072423,0.042529,0.0042266,0.0022535,0.0018881,0.0027216,0.0010301,0.0026544,0.0029239,0.014828,0.0096047,0.017087,0.0030468,0.0019836,0.0018214,0.0013258,0.0014816,0.0013485,0.010689,0.00097681,0.00024748,0.00027137,0.00027281,0.00018654,0.00023365,0.0025228,0.048134,0.0016106,0.018757,0.0024207,0.0016111,0.0015125,0.001018,0.0011147,0.0010529,0.017527,0.014122,0.021096,0.030522,0.041356,0.055213,0.073852,0.10801,0.23485,0.034369,0.058812,0.052167,0.04888,0.041546,0.031355,0.016766,0.0048695,0.049531,0.0052934,0.0031272,0.0017553,0.0017067,0.0017568,0.0029203,0.0041183,0.005326,0.0046453,0.0010718,0.00086102,0.00081109,0.00096641,0.001271,0.0014497,0.00053406,0.0088617,0.00031334,0.0023745,0.0039355,0.0061184,0.0071978,0.0089977,0.013283,0.041666,0.0030802,0.020018,0.0077723,0.0046833,0.0038516,0.0044396,0.0052829,0.0055352,0.042681,0.0051318,0.0053774,0.006956,0.007738,0.0088754,0.012763,0.019679,0.21728,0.065006,0.043317,0.023063,0.015647,0.014026,0.01085,0.0085776,0.017767,0.042617,0.0057262,0.0029162,0.002154,0.0016324,0.00079125,0.0015518,0.0012911,0.016317,0.0087391,0.006234,0.0014704,0.00087104,0.00067012,0.00045092,0.00037844,8.5838e-05,0.014124,0.0022969,0.0012759,0.0012643,0.0011284,0.0017221,0.0026688,0.0030498,0.029838,0.031988,0.01411,0.0025823,0.001376,0.00086183,0.00062646,0.0008544,0.00018501,0.024214,0.0064453,0.0064669,0.0064082,0.0077992,0.010569,0.013881,0.027157,0.16139,0.11518,0.11104,0.044009,0.02694,0.021061,0.019355,0.016867,0.014586,0.03753,0.0042601,0.0031311,0.0026448,0.0031303,0.0041299,0.0052504,0.0059542,0.014871,0.026035,0.035835,0.011399,0.0090474,0.0068116,0.0061401,0.0050066,0.0062943,0.0012531,0.00062267,0.00054359,0.001241,0.0016677,0.0036966,0.0052356,0.0069496,0.022454,0.017562,0.037992,0.015791,0.010151,0.0086163,0.0071394,0.0070824,0.0068303
0.022141,0.0055927,0.0068602,0.0063922,0.0072387,0.0095956,0.013077,0.025685,0.089414,0.035075,0.025146,0.0058445,0.003467,0.0031536,0.0021036,0.0013142,0.0019303,0.021548,0.0023768,0.0014525,0.0010274,0.00064034,0.0007919,0.00075582,0.0045839,0.0048895,0.010799,0.0066884,0.003555,0.0024222,0.0018429,0.0014702,0.0016969,0.0013943,0.0097353,0.0034342,0.0032701,0.0036259,0.0040535,0.0048498,0.0079848,0.014516,0.02199,0.0089784,0.02606,0.005767,0.0047361,0.0032564,0.0029495,0.0025068,0.0026322,0.004612,0.00316,0.003044,0.0057264,0.0088605,0.014381,0.025992,0.064149,0.27264,0.090522,0.049913,0.025533,0.019883,0.01802,0.016702,0.015277,0.01833,0.022126,0.0035783,0.0019803,0.00092572,0.0010709,0.00094321,0.0014319,0.0031432,0.0080438,0.0055491,0.0070934,0.0014784,0.00051716,0.00046606,0.00027244,0.0010085,0.0010186,0.0029087,0.0010924,0.00095368,0.0012876,0.0016081,0.0017778,0.0045364,0.012016,0.054455,0.017927,0.011101,0.0013569,0.00077103,0.00035657,0.00052914,0.00051468,0.00052452,0.02981,0.009822,0.012529,0.010578,0.0072826,0.015611,0.026147,0.041511,0.13453,0.10948,0.062468,0.01858,0.007747,0.015905,0.016947,0.0083446,0.0057736,0.015585,0.0035986,0.0024898,0.00072955,0.0013884,0.0013253,0.00061686,0.0026282,0.0066638,0.0097116,0.0094036,0.0019755,0.00085182,0.00082859,0.0011534,0.00091564,0.00062371,0.0040169,0.0011509,0.0020549,0.0024074,0.0025209,0.0031096,0.0051902,0.004059,0.010734,0.029033,0.015903,0.0041584,0.0012746,0.0025377,0.0028287,0.0017864,0.00081636,0.017752,0.012275,0.015431,0.015683,0.018536,0.024186,0.031636,0.054108,0.13348,0.13602,0.10016,0.032974,0.019208,0.016276,0.015016,0.012333,0.012346,0.021614,0.003422,0.0037588,0.003922,0.004386,0.0042826,0.0064067,0.0094353,0.014935,0.025514,0.034089,0.011684,0.0055913,0.0031269,0.0020002,0.0013775,0.0013199,0.0014859,0.00078937,0.0012039,0.0016294,0.0021948,0.0026562,0.0035776,0.0027354,0.041021,0.028513,0.034813,0.0098108,0.0061062,0.0045114,0.0034674,0.0034253,0.0033475
0.0075456,0.0029152,0.0013759,0.0043283,0.0046188,0.0062126,0.010429,0.02383,0.09192,0.017291,0.024609,0.00072771,0.0011456,0.0018687,0.0023697,0.002059,0.00050355,0.0095598,0.002225,0.001193,0.00060458,0.0010415,0.0011022,0.0022217,0.0037566,0.009765,0.010961,0.013935,0.00022701,0.00056585,0.00030553,0.00053745,0.00055791,0.00045396,0.0013962,0.0043784,0.0048398,0.0053466,0.0059461,0.0069615,0.0092664,0.018068,0.026285,0.008946,0.014636,0.0058041,0.0034336,0.0021202,0.0013404,0.0010483,0.00058747,0.0075971,0.0077056,0.0071843,0.0084871,0.011372,0.015967,0.025214,0.067565,0.25625,0.041992,0.027361,0.0078843,0.0066982,0.00619,0.00603,0.0068612,0.0027752,0.0044079,0.002382,0.0015185,0.00081315,0.00063065,0.00080825,0.0012755,0.002872,0.0090391,0.0055193,0.0012536,0.0017458,0.00062978,0.0014802,0.00049034,0.0013428,0.00017357,2.6714e-05,0.00089214,0.0011205,0.0012865,0.002233,0.00273,0.0056329,0.014656,0.048344,0.012704,0.017886,0.0049417,0.0035903,0.0035916,0.0027851,0.0027205,0.0027275,0.058812,0.022187,0.025155,0.025741,0.029224,0.035031,0.046676,0.084596,0.0641,0.093601,0.051971,0.028185,0.016552,0.012695,0.0094309,0.0085102,0.0089914,0.0014954,0.0026517,0.0014386,0.0014671,0.00085187,0.0016047,0.0027591,0.0065572,0.0037211,0.0075671,0.0070435,0.0042227,0.0021836,0.0020245,0.0017239,0.0017183,0.0017319,0.00020789,0.00077131,0.0004358,0.00048867,0.00083776,0.0012825,0.0028708,0.0084545,0.023624,0.033606,0.012255,0.0028688,0.0011879,0.00083357,0.00079231,0.00077775,0.00062752,0.0096132,0.0029321,0.0045398,0.0049804,0.0064439,0.0089138,0.013926,0.037359,0.10511,0.15706,0.084686,0.023561,0.011382,0.0071581,0.0057763,0.0047589,0.0025788,0.0023976,0.0043647,0.0037106,0.0038569,0.0049034,0.0046028,0.0055387,0.0072465,0.015041,0.022577,0.03908,0.01263,0.0051596,0.0051048,0.0034018,0.0024915,0.0033589,0.0024605,0.0049757,0.0049536,0.0054478,0.0059736,0.0066931,0.0079072,0.013346,0.03375,0.021087,0.035952,0.01099,0.0056807,0.0034313,0.002316,0.0015112,0.00081255
0.0061665,0.0038615,0.0050178,0.0049043,0.0063602,0.0080193,0.012511,0.030073,0.079437,0.0054804,0.0061194,0.011906,0.010845,0.0063586,0.0056464,0.0053471,0.0052243,7.8205e-05,0.0012903,0.000474,0.00077312,0.0011044,0.00091967,0.0011113,0.001416,0.015287,0.0083702,0.0095346,0.0031168,0.0017289,0.00099929,0.00085586,0.00077787,0.0008488,0.0028382,0.0014423,0.0015424,0.0016351,0.0023608,0.002677,0.0042675,0.012223,0.045153,0.0080352,0.023752,0.0018966,0.0011399,0.0016608,0.0015285,0.0014999,0.0017281,0.015539,0.012975,0.013714,0.014783,0.018154,0.022861,0.03543,0.08442,0.22803,0.027787,0.041543,0.019817,0.0132,0.011329,0.0092534,0.0097926,0.0054761,0.0083123,0.0021206,0.001162,0.00056547,0.00043968,0.0010807,0.0016554,0.0026532,0.0080401,0.0047399,0.0063162,0.00097596,0.00092637,5.6628e-05,0.00026744,0.0011855,0.00091554,0.0048905,0.005156,0.0052927,0.0058917,0.0063197,0.0080802,0.010551,0.019701,0.034285,0.0059654,0.014711,0.0066123,0.0035398,0.0021823,0.001289,0.00041187,0.00030518,0.019162,0.017784,0.019157,0.01917,0.022499,0.026785,0.035074,0.063685,0.1602,0.079974,0.049319,0.02155,0.012476,0.0084863,0.0037531,0.0032761,0.00074007,0.014424,0.0019683,0.00077705,0.0010742,0.00063361,0.0015465,0.00086555,0.005903,0.0097046,0.0058554,0.012393,0.0033727,0.002458,0.0019988,0.0019371,0.0017577,0.0017624,0.0022488,0.001581,0.0012989,0.0015386,0.0020121,0.0022494,0.0041959,0.0088101,0.03181,0.026012,0.016309,0.0032435,0.0012275,0.0010045,0.00061976,0.00027743,0.00026894,0.017433,0.002839,0.0038541,0.0032293,0.003464,0.0057327,0.010874,0.028088,0.11764,0.13995,0.099539,0.021785,0.0090095,0.0051554,0.0034707,0.0028258,0.002327,0.0020027,0.0018576,0.0015535,0.0015763,0.0019321,0.0027177,0.003772,0.005723,0.01356,0.019577,0.039294,0.015084,0.0082391,0.007177,0.0064291,0.0057372,0.0055199,0.0086175,0.0059359,0.0062642,0.0068196,0.0078206,0.0083717,0.010465,0.017199,0.014189,0.01291,0.044086,0.012697,0.00703,0.0051705,0.0037295,0.003271,0.0028
0.011559,0.0024031,0.0038297,0.0025718,0.0045816,0.0076726,0.012699,0.038369,0.059164,0.026415,0.043147,0.015649,0.011177,0.0091017,0.0098598,0.0090483,0.0097581,0.0089685,0.00048355,0.00094464,0.0010465,0.0015632,0.0012946,0.0025022,0.0060007,0.013087,0.0056632,0.011821,0.0023437,0.0019402,0.0011483,0.0011391,0.0011497,0.00098038,0.0014553,0.0022075,0.0022604,0.0023857,0.00341,0.0036393,0.0063482,0.01942,0.046185,0.0047362,0.020129,0.0035933,0.001942,0.0018082,0.0017492,0.0014148,0.0014706,0.017998,0.023069,0.02377,0.025479,0.029295,0.036135,0.050957,0.10275,0.1496,0.039363,0.06442,0.026359,0.016568,0.012852,0.010421,0.0084236,0.010159,0.019972,0.0016385,0.0006255,0.00057328,0.00062578,0.00089722,0.0011448,0.0031728,0.0083896,0.0044192,0.005003,0.0013239,0.0014428,0.0012067,0.00084207,0.00094585,0.00063135,0.0063535,0.0044255,0.004554,0.0048862,0.0062982,0.0071189,0.009631,0.024752,0.030496,0.0041113,0.025333,0.0086321,0.0061159,0.0047349,0.0044554,0.0040257,0.0042096,0.042916,0.0062912,0.0063837,0.0078711,0.0089421,0.0099999,0.0093574,0.021088,0.2,0.062111,0.025971,0.016339,0.011754,0.0084473,0.0079443,0.0065897,0.0068475,0.023396,0.0016322,0.0010278,0.00078746,0.00049194,0.0017457,0.0026676,0.0066196,0.012796,0.0081346,0.0014141,0.0024958,0.0017244,0.0013668,0.00094214,0.00093445,0.00093461,0.0096284,0.0024695,0.0026657,0.0030598,0.0030262,0.004309,0.0063443,0.014663,0.029691,0.025799,0.011662,0.0044143,0.0028134,0.0019629,0.0016026,0.00087201,0.0011292,0.019385,0.0038982,0.0022382,0.003598,0.0047199,0.006928,0.012591,0.038275,0.1302,0.12086,0.10245,0.031609,0.018931,0.014924,0.013738,0.010018,0.010008,0.009762,0.0011123,0.00067984,0.00073124,0.0017811,0.0024503,0.004236,0.0055494,0.013505,0.023313,0.037103,0.014021,0.009357,0.0071301,0.0059255,0.0067812,0.0065156,5.7258e-06,0.0037903,0.0041535,0.0046359,0.0049541,0.0071432,0.010241,0.019665,0.0024159,0.0093235,0.043348,0.01811,0.011529,0.0096235,0.0078854,0.0078766,0.0072957
0.0059796,0.0088764,0.0077696,0.0077509,0.010997,0.014324,0.019397,0.042193,0.04572,0.02533,0.018487,0.016771,0.01035,0.0082508,0.0080542,0.0069555,0.0081312,0.00799,0.00029158,0.00033968,0.0007091,0.0010857,0.00068366,0.0018664,0.0044313,0.011832,0.0042798,0.016783,0.0031557,0.0020065,0.0017932,0.0015404,0.001351,0.0011959,0.0020104,0.00084325,0.00096353,0.0011533,0.0012746,0.0025494,0.0054193,0.01546,0.045194,0.010369,0.014232,0.0046611,0.0020251,0.0014785,0.0015284,0.0010027,0.0014763,0.0084001,0.0092756,0.0089448,0.013741,0.016914,0.023972,0.039025,0.09297,0.16356,0.061532,0.072765,0.043586,0.034013,0.028109,0.025331,0.024987,0.023014,0.021239,0.0013891,0.001042,0.0019132,0.0013793,0.0015681,0.0020503,0.0047297,0.0066199,0.0023186,0.0047894,0.0019493,0.0012234,0.0014856,0.00074578,0.00068164,0.00030708,0.0038033,0.00045674,0.0010761,0.0017807,0.0025238,0.004417,0.0069315,0.021495,0.034909,0.0062133,0.019763,0.011991,0.0085124,0.0070305,0.0063384,0.0063235,0.0060464,0.029261,0.0015871,0.0040207,0.0031969,0.0032673,0.0025424,0.0034589,0.017751,0.1503,0.079564,0.038461,0.014596,0.010889,0.0085228,0.0075212,0.0077758,0.008154,0.027014,0.00049601,0.00046346,0.00051085,0.0011776,0.00085678,0.0017693,0.0044404,0.011698,0.0091937,0.0098741,0.0012401,0.0008855,0.00045251,0.00033532,0.0005007,0.00056269,0.0076638,0.001838,0.0022382,0.0022422,0.0026619,0.0036651,0.0053683,0.012155,0.020943,0.028948,0.021294,0.0041738,0.0035085,0.0028079,0.0021526,0.0024973,0.0021286,0.019717,0.0074182,0.0067359,0.0070342,0.0089279,0.01106,0.01584,0.038,0.14073,0.096276,0.12102,0.035412,0.021155,0.015551,0.013144,0.011848,0.01124,0.011433,0.002544,0.0033223,0.0032287,0.0029747,0.0034223,0.0052282,0.006792,0.010687,0.020955,0.040485,0.013115,0.007815,0.0058606,0.0049307,0.0045202,0.0051843,0.0040112,0.0015038,0.0014873,0.0022192,0.0031675,0.0049823,0.0073636,0.01658,0.011374,0.0062191,0.047723,0.017937,0.011601,0.0096203,0.0087579,0.0078729,0.0079366
0.022711,0.0098757,0.011231,0.0098455,0.012077,0.01415,0.020444,0.043796,0.039809,0.031555,0.024522,0.009772,0.0047292,0.0035932,0.0013574,0.0018887,0.00053978,0.0086309,0.0015787,0.00087041,0.0018565,0.0018385,0.0021591,0.0024842,0.0064296,0.010308,0.0076843,0.0022177,0.0058438,0.0042826,0.0033071,0.0028434,0.0025791,0.002409,0.0016098,8.7708e-05,0.00073396,0.0011082,0.0023812,0.0033171,0.0067492,0.019713,0.041388,0.0069874,0.016266,0.007739,0.0049764,0.0045364,0.0040125,0.0038534,0.0037347,0.013075,0.010569,0.010995,0.014585,0.017479,0.025036,0.040731,0.106,0.12739,0.057633,0.077416,0.03933,0.03125,0.025875,0.024024,0.022944,0.023146,0.02294,0.00087239,0.0015996,0.0012269,0.0011076,0.001557,0.0017992,0.0061416,0.0059262,0.00215,0.0080314,0.0015354,0.00064394,0.0015952,0.00094864,0.00093374,0.00023462,0.00065038,0.0042484,0.004061,0.0049538,0.0062195,0.007525,0.010076,0.028165,0.030327,0.0051056,0.021787,0.0094289,0.0067261,0.0058638,0.0048233,0.0046721,0.0041218,0.040288,0.0053672,0.0048048,0.0060058,0.0061957,0.0067357,0.0084293,0.023966,0.16203,0.074358,0.036263,0.016424,0.011401,0.0097145,0.0089138,0.010524,0.0016365,0.027012,0.00036681,0.0015205,0.00053319,0.00098894,0.00058284,0.0011281,0.0056009,0.012148,0.009554,0.0062605,0.0014656,0.0015066,0.00098082,0.00056841,0.00030052,0.00060273,0.010521,0.0012809,0.001378,0.001324,0.0020023,0.0032309,0.0048245,0.014963,0.020891,0.032052,0.0098243,0.005415,0.0047668,0.0034796,0.0034153,0.0030155,0.0028954,0.039748,0.013351,0.015881,0.015598,0.017486,0.019775,0.027163,0.05981,0.099911,0.11092,0.10819,0.032945,0.014879,0.0088908,0.0050085,0.0054739,0.0044575,0.0071202,0.0043337,0.0043728,0.0048295,0.004874,0.0060819,0.0072668,0.0094587,0.01389,0.025267,0.033113,0.011059,0.0067473,0.0042905,0.0023216,0.0010056,0.00063134,0.010182,0.0058134,0.0055655,0.0065749,0.0067343,0.0085243,0.011755,0.022481,0.0090267,0.011373,0.043023,0.015251,0.0087773,0.0065709,0.0057405,0.0045734,0.0050774
0.0020428,0.0081843,0.0076292,0.0082102,0.010566,0.013999,0.019449,0.044009,0.029733,0.034305,0.029148,0.012048,0.0069023,0.006797,0.0060694,0.0041658,0.0045987,0.011145,0.0010027,0.00084291,0.001162,0.0014245,0.0016344,0.0014692,0.0067538,0.0095217,0.0083893,0.014964,0.0021302,0.0023841,0.00179,0.0015002,0.0014136,0.0013829,0.00029946,0.00096018,0.001124,0.0016832,0.0021275,0.0030004,0.0078701,0.021763,0.042165,0.012244,0.022794,0.00070077,0.0016991,0.0016245,0.0013292,0.0018405,0.0013256,0.015656,0.020733,0.021046,0.022949,0.027238,0.033211,0.047964,0.11411,0.099619,0.040355,0.064303,0.027676,0.017339,0.013618,0.011914,0.0098822,0.010983,0.02133,0.00063626,0.00045603,0.00085835,0.0011229,0.0011646,0.0020387,0.0056082,0.0066772,0.0024237,0.0042505,0.0024669,0.001251,0.0014813,0.00098229,0.0003908,0.00055122,0.00836,0.0060406,0.0060726,0.0066711,0.0077677,0.0091868,0.013261,0.028114,0.027389,0.0039681,0.022733,0.0060894,0.0034083,0.0027245,0.0015186,0.001017,0.00074196,0.030097,0.0062542,0.0077402,0.0073545,0.0082726,0.0094356,0.014237,0.035736,0.15307,0.071216,0.032163,0.020481,0.014424,0.011361,0.0092169,0.0077479,0.014071,0.027228,0.00041802,0.00013501,0.00022496,0.00024387,0.00031727,0.0015958,0.0053643,0.014027,0.0089546,0.0037319,0.0023237,0.0016386,0.00086473,0.0007238,0.00065,0.00055505,0.0077744,0.00058524,0.00072067,0.0011129,0.0018412,0.0031445,0.0038279,0.015744,0.022069,0.031954,0.016477,0.0040985,0.0034389,0.0028155,0.0025196,0.0023287,0.0026246,0.021618,0.020195,0.0026152,0.023573,0.0015683,0.033873,0.00044689,0.10607,0.061474,0.12101,0.026634,0.066788,0.01306,0.034196,0.012654,0.024028,0.008957,0.017075,0.0033977,0.004118,0.0038387,0.0040789,0.0056219,0.0045435,0.010574,0.010051,0.041935,0.0040685,0.017967,0.0020253,0.0087359,0.00092596,0.0064371,0.0020562,0.0014954,0.0058246,0.0026885,0.00678,0.0034604,0.01026,0.0059385,0.030606,0.010866,0.032317,0.0052091,0.023918,0.0032989,0.01213,0.0021093,0.01018,0.0013543
0.018143,0.0080798,0.0083064,0.0084981,0.010195,0.012642,0.01876,0.047774,0.021715,0.028702,0.0087335,0.016092,0.010639,0.0088696,0.0071223,0.0055412,0.0064775,0.006426,0.0019154,0.0017411,0.0017748,0.0018031,0.0028216,0.0033539,0.0073533,0.010629,0.0041921,0.014078,0.0032595,0.0016511,0.00080138,0.0007915,0.00030162,9.5293e-06,0.0044995,0.0029317,0.0028153,0.0034083,0.0037771,0.0049316,0.0081291,0.025001,0.040122,0.010587,0.013234,0.0050418,0.0024493,0.0016744,0.0015149,0.00098118,0.0013981,0.0063325,0.0083603,0.016027,0.02461,0.033479,0.046018,0.065863,0.12798,0.068982,0.018948,0.033495,0.0087865,0.013203,0.019057,0.021304,0.023413,0.023106,0.021532,0.0011554,0.001272,0.0010173,0.0010445,0.0014343,0.0029614,0.0068747,0.005623,0.0040675,0.0050807,0.00067795,0.00049922,0.0016932,0.0011511,0.00072615,0.00094034,0.00076294,0.003142,0.0045128,0.0065601,0.0090417,0.012479,0.017216,0.036877,0.017323,0.0062981,0.0087675,0.00084495,0.0038659,0.0054205,0.0055076,0.0058436,0.005848,0.047946,0.0085592,0.0042165,0.01452,0.015017,0.0038924,0.016263,0.055289,0.11496,0.11159,0.040728,0.012431,0.0052322,0.0089411,0.0064181,0.0076597,0.00061228,0.024994,0.00096435,0.0002491,0.00026723,0.00073023,0.0020828,0.0019022,0.0038598,0.012692,0.0088626,0.009067,0.002204,0.0017442,0.0010664,0.00017252,0.00060024,0.00097657,0.0051843,0.0023362,0.0017241,0.0041105,0.0038688,0.0022477,0.0058435,0.013068,0.031528,0.011321,0.025088,0.0032956,0.0044823,0.0037389,0.00076728,0.0014049,0.0023575,0.034394,0.010492,0.011912,0.011294,0.013175,0.015378,0.023924,0.054561,0.10411,0.093643,0.12206,0.034377,0.018814,0.013148,0.0092458,0.01126,0.011658,0.0065366,0.0039768,0.0027112,0.0044408,0.0038784,0.0047866,0.0062152,0.0088763,0.011515,0.02017,0.04084,0.012445,0.007398,0.0053596,0.0046141,0.0028888,0.0032521,0.0083486,0.0034541,0.0036935,0.0044022,0.0052552,0.0069314,0.010679,0.021177,0.011413,0.0055876,0.048934,0.017575,0.011142,0.0090681,0.0080755,0.0073688,0.0074521
0.011309,0.0043264,0.0055271,0.0067525,0.0072456,0.011646,0.015915,0.040008,0.028521,0.034657,0.039184,0.012594,0.0086544,0.0061569,0.0066511,0.0071893,0.0064717,0.0088007,0.0021702,0.0023405,0.0026639,0.0029087,0.00409,0.0038703,0.0079136,0.0095293,0.0058719,0.0061393,0.0046355,0.0028602,0.0016294,0.00080395,0.00047564,0.00073625,0.0020352,0.0026997,0.0031045,0.0033043,0.0038574,0.0054987,0.0084784,0.023066,0.036308,0.010111,0.018737,0.0066703,0.0038627,0.0035832,0.0031119,0.0028671,0.0026074,0.011395,0.010411,0.011244,0.013952,0.017508,0.023734,0.039136,0.10872,0.10751,0.065868,0.075631,0.034173,0.025512,0.021839,0.020002,0.01948,0.018059,0.021336,0.0015032,0.001109,0.00079765,0.0009725,0.0015326,0.0018125,0.0055873,0.0065903,0.0023106,0.0073839,0.001447,0.0011937,0.00042273,0.00074243,0.00053854,6.1031e-05,0.0075818,0.0042856,0.0047674,0.0052251,0.006093,0.0083088,0.011246,0.026683,0.029828,0.0081476,0.024843,0.0075363,0.0055727,0.0039877,0.0039669,0.0034701,0.0034619,0.024382,0.005637,0.0077616,0.0079038,0.0093161,0.010732,0.015404,0.04044,0.14004,0.087199,0.032787,0.019349,0.013012,0.011176,0.0091579,0.0080647,0.012533,0.026141,0.0011611,0.00064199,0.0006988,0.00088447,0.00059008,0.0020052,0.0058962,0.010438,0.0094421,0.0036841,0.0031452,0.0019284,0.001392,0.0011751,0.001095,0.00107,0.013647,0.004238,0.0043937,0.0048035,0.0051555,0.0061082,0.0090723,0.019863,0.016401,0.024532,0.013921,0.0058613,0.0038843,0.0023725,0.0014284,0.00094911,0.00094034,0.017699,0.010234,0.014001,0.01293,0.013128,0.016655,0.023565,0.047421,0.11402,0.074448,0.1258,0.033749,0.01648,0.0092868,0.0059248,0.009306,0.0074941,0.011057,0.0029442,0.0042356,0.0040356,0.0042383,0.0050233,0.0062459,0.0082179,0.010506,0.019637,0.039425,0.012381,0.0061748,0.0042019,0.0032374,0.001568,0.0021305,0.0019989,0.0068414,0.0061132,0.007176,0.0080381,0.0089363,0.013189,0.021391,0.0084528,0.010639,0.045607,0.012759,0.0064344,0.0043275,0.0026736,0.0023774,0.0016976
0.011172,0.0015014,0.0027774,0.0033359,0.0045766,0.0084674,0.012785,0.040283,0.029144,0.032593,0.037689,0.016151,0.011544,0.011271,0.0085941,0.0086907,0.0087644,0.0033055,0.0017625,0.0017841,0.00085646,0.0016251,0.0014971,0.0021486,0.0058505,0.010444,0.005195,0.019796,0.0012427,0.00041833,0.00015429,0.00017728,0.00012602,9.7282e-05,0.00047304,0.0016747,0.0013572,0.0020138,0.0024709,0.0034954,0.0069467,0.024329,0.037331,0.014084,0.012765,0.0069199,0.0030691,0.0026392,0.0023006,0.0020922,0.0021363,0.01486,0.017613,0.020086,0.019827,0.023188,0.029411,0.044444,0.10304,0.092734,0.065941,0.047199,0.020483,0.0132,0.010822,0.0082098,0.0080433,0.0073377,0.019928,0.00088776,0.00094709,0.00037734,0.00029589,0.00057626,0.0014495,0.0051008,0.0083847,0.0032643,0.0034198,0.0029052,0.0021199,0.00065714,0.0011308,0.00096492,0.0010071,0.0041409,0.0053708,0.0057292,0.006247,0.0070611,0.0086534,0.012469,0.031053,0.027336,0.012297,0.019142,0.0055231,0.003087,0.002051,0.0014624,0.0005747,0.00035669,0.033089,0.0040143,0.0043374,0.0046779,0.0055277,0.006396,0.010035,0.03573,0.12299,0.089544,0.023848,0.016671,0.011322,0.0092646,0.0077955,0.009725,0.003685,0.02373,0.0015313,0.00099537,0.0009054,0.00077204,0.0015878,0.0021407,0.0072489,0.0098527,0.0085609,0.0096099,0.0019501,0.00097318,0.00044872,0.00027098,0.00028444,0.00025369,0.0033169,0.0033069,0.0034241,0.0037479,0.004024,0.0053504,0.0082679,0.019658,0.020271,0.019745,0.028176,0.005701,0.0042964,0.0036683,0.0026975,0.0030829,0.002779,0.025614,0.00063355,0.0023987,0.0018223,0.0020779,0.0038646,0.0092965,0.041539,0.11439,0.038467,0.13723,0.025198,0.014586,0.0097017,0.0069311,0.0080154,0.0076696,0.0046502,0.001291,0.00049917,0.00070769,0.0010217,0.00086577,0.0027305,0.0034398,0.0058313,0.016309,0.046847,0.010856,0.005516,0.004679,0.00435,0.0032955,0.0029793,0.007063,0.0044691,0.004647,0.0048436,0.0054041,0.0071244,0.010035,0.021364,0.0091758,0.016073,0.048586,0.013062,0.007719,0.0054051,0.0048652,0.0042789,0.0042783
0.014431,0.0039066,0.0035957,0.0062458,0.006733,0.0091858,0.014978,0.038104,0.037661,0.02812,0.015931,0.017258,0.011318,0.0086446,0.0090114,0.0082002,0.0083276,0.0010491,0.00077285,0.0012662,0.00083437,0.0012932,0.0011953,0.00035351,0.0018547,0.014618,0.0035527,0.0092211,0.0059367,0.0021758,0.00146,0.0012418,0.0009197,0.00081636,0.0017491,0.0013774,0.001799,0.0017696,0.0022997,0.0036096,0.0052359,0.01852,0.039905,0.0051939,0.018211,0.0059502,0.0014844,0.00084715,0.0004984,0.00054334,0.00049401,0.019575,0.018507,0.017683,0.021015,0.023418,0.030967,0.04416,0.10205,0.12894,0.069431,0.02524,0.014242,0.0085588,0.0072019,0.0053199,0.0044672,0.0019513,0.015852,0.00050667,0.00014149,0.00077862,0.00041871,0.00078718,0.0017248,0.0040911,0.0077637,0.0028657,0.0062559,0.001781,0.00065413,0.00037954,0.00050042,0.00067609,0.00032236,0.0059682,0.0037092,0.0038833,0.0043218,0.0050857,0.0064809,0.0096914,0.02389,0.0319,0.016889,0.01328,0.0077016,0.0044925,0.0041337,0.0034766,0.0031059,0.0032216,0.032559,0.0018501,0.0021526,0.001061,0.0015285,0.0013325,0.0025438,0.026383,0.11768,0.097591,0.020952,0.0065156,0.0046667,0.0027633,0.0050996,0.0032265,0.0046273,0.01928,0.00084413,0.00065588,0.00082339,0.00097876,0.0020139,0.0012732,0.0060054,0.0097425,0.007759,0.0098439,0.0024905,0.0012304,0.001085,0.00098122,0.0008672,0.0008011,0.0075246,0.00063028,0.00092964,0.0013315,0.0016133,0.0028671,0.004206,0.010297,0.026717,0.010352,0.0265,0.0097746,0.0061928,0.004988,0.0045592,0.0041302,0.0040303,0.022183,0.00061911,0.00045047,0.0019286,0.0028137,0.0045862,0.0098781,0.03208,0.11935,0.025825,0.14375,0.025937,0.014258,0.012142,0.0091867,0.0090892,0.008957,0.0021096,0.0022495,0.0021191,0.0017055,0.0018287,0.001827,0.0012483,0.0030138,0.0067061,0.019464,0.042895,0.011817,0.0044015,0.0023262,0.0012057,0.0014016,0.0018158,0.0047703,0.00067341,0.00066366,0.0012345,0.001557,0.0027595,0.0035572,0.01066,0.018612,0.02746,0.043414,0.0072778,0.0043263,0.0033046,0.0026988,0.0027445,0.0025425
0.0053216,0.0046567,0.0061976,0.0052251,0.0058394,0.0071365,0.013498,0.034307,0.042852,0.027801,0.022733,0.0091535,0.0073413,0.0064339,0.0057062,0.0038394,0.0054589,0.0041447,0.0015265,0.00083082,0.00094328,0.0014877,0.00019979,0.0006412,0.0035238,0.013276,0.003014,0.013191,0.0044657,0.0019271,0.0010264,0.00039982,0.00044853,0.00019264,0.0029889,0.0029992,0.0030269,0.0032353,0.0036829,0.0055284,0.0067344,0.023115,0.036661,0.0084958,0.019902,0.0080544,0.0029842,0.0014501,0.0010906,0.0010598,0.0010777,0.012053,0.013559,0.013596,0.01636,0.018125,0.024064,0.039018,0.093361,0.13458,0.069112,0.0091911,0.014436,0.011723,0.010481,0.009343,0.0083824,0.010245,0.016186,0.00010924,0.00028073,0.00045462,0.00021709,0.00095762,0.0013128,0.0045529,0.0076926,0.0022901,0.0052815,0.0034257,0.0025107,0.0011374,0.0012622,0.0013304,0.00064851,0.00089836,0.0019095,0.0020507,0.0024496,0.0029143,0.0044906,0.0078739,0.023952,0.034828,0.019166,0.01047,0.0052743,0.0041605,0.0041881,0.003712,0.0034293,0.0035191,0.029093,0.0031417,0.0046582,0.0041798,0.0048817,0.005113,0.0092305,0.033154,0.1199,0.096846,0.010513,0.0090796,0.0064113,0.0057724,0.0038555,0.0081822,0.0017033,0.021546,0.00041036,0.00094565,0.00084748,0.00075816,0.001477,0.00073937,0.0053251,0.010301,0.0072547,0.0058473,0.0036588,0.0018349,0.0015568,0.0010785,0.00073244,0.00088883,0.0088159,0.0013765,0.0013847,0.0016865,0.0015085,0.0023533,0.0026889,0.0082309,0.03259,0.0094414,0.021045,0.0080995,0.0034655,0.0026216,0.0021016,0.0014473,0.001503,0.033686,0.012091,0.011292,0.012684,0.015264,0.017891,0.025846,0.059179,0.091101,0.019707,0.14792,0.01888,0.011423,0.0072292,0.0051963,0.001603,0.00012397,0.0038853,0.0017488,0.0016663,0.00098829,0.0018485,0.0018655,0.0021538,0.0024546,0.002577,0.015839,0.045605,0.0061594,0.0017665,0.0017427,0.00052046,0.0014608,0.00037194,0.0039807,0.00065177,0.00051775,0.00076136,0.0013679,0.0020546,0.003789,0.012411,0.019707,0.024663,0.040478,0.0035563,0.00091226,0.00026381,0.00067591,0.00071353,0.00044061
0.0080949,0.0034798,0.0034252,0.0032873,0.0049332,0.0054599,0.010555,0.032785,0.045974,0.024917,0.0053631,0.006187,0.0036747,0.0037156,0.0048185,0.0031364,0.0026398,0.00053407,0.0018377,0.0011047,0.00090822,0.0016504,0.00095694,0.0028964,0.005968,0.0089335,0.0078824,0.017028,0.0029849,0.0011199,0.00072511,0.00069602,0.00045351,0.00049976,0.0059949,0.0038809,0.0041954,0.0048151,0.0047998,0.0065713,0.010317,0.028876,0.028666,0.015369,0.0096624,0.0081835,0.0037157,0.0021441,0.0015093,0.0011622,0.00077246,0.009987,0.0089966,0.010043,0.010482,0.013258,0.018666,0.030918,0.095927,0.093654,0.0363,0.041579,0.017846,0.01422,0.010723,0.010048,0.011007,0.0099641,0.011599,0.0017729,0.00097357,0.0004775,0.0013878,0.0015332,0.0028571,0.0074637,0.0062573,0.0012405,0.0082619,0.0027978,0.0015943,0.0017215,0.0016908,0.0012035,0.00081063,0.0014343,0.0011179,0.0014355,0.0022552,0.0029128,0.0051771,0.0098337,0.031147,0.028905,0.016512,0.014954,0.0088679,0.0063949,0.0051941,0.0050682,0.004775,0.0046502,0.036038,0.0038081,0.0055973,0.0054371,0.0066207,0.010122,0.014697,0.043449,0.11545,0.10617,0.0068766,0.017288,0.014159,0.011721,0.010663,0.0083888,0.013375,0.015978,0.0016753,0.00086766,0.0011532,0.0019336,0.00093202,0.0024729,0.0066021,0.0081304,0.0061759,0.012647,0.0018548,0.001186,0.00081284,0.00086913,0.00086198,0.00093652,0.0054131,0.0010758,0.0010126,0.001342,0.0014722,0.0025786,0.0040015,0.010225,0.029817,0.010498,0.0291,0.0055956,0.0032415,0.002609,0.0020531,0.0021407,0.0018769,0.015883,0.011052,0.020372,0.028119,0.038004,0.048374,0.062545,0.11408,0.0225,0.04359,0.12533,0.014025,0.019673,0.021382,0.021917,0.025111,0.022101,0.0030213,0.00034618,0.0018495,0.0037092,0.0048194,0.0063908,0.0076108,0.0087437,0.0055111,0.019415,0.040918,0.0067553,0.0038691,0.0071634,0.007443,0.0079872,0.0073052,0.0023747,0.0018884,0.0036772,0.0053618,0.0073003,0.0090168,0.012294,0.025364,0.012123,0.024653,0.040089,0.0044108,0.0050756,0.0052551,0.0055034,0.005165,0.0050832
0.00015832,0.0018597,0.002215,0.0028482,0.0032131,0.0053888,0.0098048,0.036679,0.044926,0.014856,0.028779,0.0029878,0.0026959,0.0019124,0.0029886,0.0024005,0.0029278,0.0069676,0.00077725,0.0015712,0.0011691,0.0014802,0.0025361,0.0027259,0.0096675,0.0054093,0.010859,0.0064386,0.0044764,0.0018028,0.0012053,0.00062885,0.00037836,1.9148e-06,0.0011883,0.0041371,0.0042587,0.004781,0.0056479,0.0072017,0.011274,0.035492,0.021929,0.013155,0.019973,0.0083394,0.004637,0.0037896,0.0035497,0.0030028,0.0029545,0.00080683,0.0056879,0.0052374,0.0068484,0.0084593,0.010995,0.017767,0.067338,0.082203,0.016555,0.043016,0.0087132,0.0072198,0.0049814,0.0053756,0.0029557,0.0040989,0.0050107,0.00043288,0.00075378,0.0011015,0.00076754,0.0012653,0.003029,0.0095656,0.0082447,0.0049805,0.0060323,4.7661e-05,0.00047763,0.0012901,0.00097604,0.00041515,0.001009,0.0013161,0.0017935,0.002079,0.002603,0.0038159,0.0061717,0.011207,0.040612,0.029794,0.0053713,0.024749,0.0078117,0.0066119,0.0051591,0.0049603,0.0050191,0.0046159,0.020953,0.010852,0.011533,0.011746,0.014349,0.017681,0.024158,0.063606,0.12966,0.090092,0.032669,0.020612,0.015555,0.012373,0.011785,0.013282,0.0077344,0.010836,0.0023484,0.0011856,0.00119,0.0014438,0.0018911,0.0039318,0.010446,0.0076418,0.0016435,0.0070095,0.0051363,0.0033403,0.002852,0.0023343,0.0024399,0.0022145,0.00072863,0.0023643,0.002843,0.003327,0.0038653,0.0044287,0.0074719,0.024578,0.027084,0.017745,0.015074,0.0076182,0.005176,0.0036471,0.003203,0.0027344,0.0026284,0.026158,0.012125,0.014181,0.011915,0.015333,0.01929,0.029486,0.092111,0.038647,0.10352,0.11974,0.024001,0.012868,0.007251,0.0060127,0.0070177,0.0053559,0.002842,0.0010723,0.00098272,0.0011211,0.0011954,0.0016971,0.0015246,0.0045526,0.011561,0.013332,0.045569,0.0093817,0.0072066,0.0063441,0.0048627,0.003082,0.0042573,0.0059434,0.0032017,0.0032537,0.0039692,0.0047635,0.0059009,0.0090048,0.028886,0.02184,0.011598,0.047756,0.011852,0.0085591,0.00625,0.0055922,0.0051956,0.004963
0.0037709,0.0017338,0.0015643,0.001354,0.0028869,0.0026559,0.0063725,0.030349,0.054399,0.0079962,0.020268,0.0067476,0.0022187,0.0016801,0.0013601,0.00090869,0.00014686,0.0064202,0.00047739,0.0011299,0.0012263,0.0013708,0.001387,0.0019984,0.0073024,0.0076547,0.0077633,0.015888,0.0051655,0.0027503,0.0019848,0.0016399,0.0015207,0.0014077,0.0055486,0.0023826,0.0024895,0.0030985,0.0039574,0.0066798,0.011122,0.033029,0.020165,0.012374,0.0021468,0.016415,0.010141,0.0081874,0.0072989,0.0067653,0.0065557,0.012724,0.0053902,0.007047,0.0068898,0.01162,0.012491,0.020149,0.11032,0.06069,0.066893,0.017685,0.015633,0.0063905,0.0089629,0.0074593,0.0064532,0.0092031,0.0044041,0.0012028,0.0011312,0.00059698,0.0013602,0.0016396,0.0019457,0.01094,0.0022681,0.0038509,0.0029897,0.0035259,0.0010354,0.0015736,0.0014397,0.00083179,0.0018749,0.0035477,0.00062737,0.0034137,0.0029175,0.0030508,0.0063012,0.0031126,0.042851,0.0085859,0.024696,0.0093748,0.0036759,0.0031118,0.0024735,0.0014095,0.0028401,0.00057985,0.030571,0.0073494,0.0029244,0.0092409,0.0096306,0.017014,0.02755,0.055181,0.06032,0.16949,0.031148,0.034448,0.0098199,0.027219,0.0061048,0.02489,0.0088693,0.0079309,0.0010934,0.0021839,0.0012952,0.0040899,0.0013444,0.0049693,0.0036011,0.0086982,0.0071001,0.0095527,0.0077167,0.0018966,0.0038484,0.00084913,0.0030765,0.00048826,0.008175,0.0013947,0.0054116,0.0018905,0.0063854,0.0032413,0.011475,0.011115,0.024511,0.013443,0.019971,0.014831,0.0021559,0.0067354,0.0013925,0.0056115,0.00048828,0.0083734,0.0072726,0.0067783,0.0085123,0.010612,0.016065,0.026379,0.074737,0.039887,0.095604,0.12598,0.021615,0.013684,0.011924,0.011277,0.012972,0.011376,0.0063001,0.0021864,0.0023072,0.0028354,0.0024931,0.0023807,0.0036457,0.0026219,0.013674,0.0070903,0.048047,0.0055849,0.0031885,0.0020475,0.0013446,0.00048101,0.00035669,0.0031109,0.00051881,0.00029445,0.00041384,0.00052017,0.0013752,0.0025865,0.012343,0.034869,0.0068827,0.04612,0.0076884,0.0038769,0.0025045,0.0022018,0.0018943,0.0017338
0.0035572,0.0013497,0.0018338,0.0025053,0.0016886,0.0024462,0.0059849,0.033835,0.053118,0.0034061,0.011616,0.0065807,0.0043054,0.00096655,0.0023454,0.0018599,0.0010395,0.0022354,0.0013766,0.001475,0.0012822,0.0016574,0.0020095,0.0033257,0.0086463,0.0071798,0.0018953,0.005316,0.0092123,0.004946,0.0038351,0.0033257,0.0029678,0.003109,0.0022107,0.00042999,0.00095925,0.001783,0.0029908,0.0051257,0.0086691,0.033126,0.019682,0.014435,0.016702,0.014825,0.0090305,0.0074374,0.0066231,0.0063377,0.0061589,0.0042382,0.0034581,0.0029372,0.0050315,0.0071354,0.011126,0.021517,0.074053,0.10844,0.0108,0.047984,0.011856,0.010016,0.0084084,0.0075123,0.0071025,0.0088426,0.0082914,0.0023606,0.0011795,0.0018869,0.0013882,0.0017656,0.0019712,0.0088436,0.0066959,0.0012621,0.009345,0.0011037,0.00023526,0.0013262,0.0009605,0.00091189,0.00082971,0.0011864,0.0016002,0.0019155,0.002245,0.0030191,0.0047591,0.0066709,0.031886,0.035649,0.010738,0.014945,0.0023781,0.0030071,0.0026002,0.0023133,0.0023226,0.0023384,0.033011,0.0026176,0.0032441,0.006227,0.010214,0.016822,0.027303,0.081333,0.10544,0.10748,0.051124,0.029701,0.024629,0.022366,0.01873,0.018468,0.015387,0.012785,0.0017678,0.0016617,0.00082922,0.0010303,0.0010481,0.0017339,0.011116,0.0040318,0.0089062,0.0063138,0.0026283,0.0015857,0.0011419,0.0010617,0.0008116,0.0011501,0.0024185,0.0016755,0.0016724,0.0020279,0.0027338,0.0036649,0.0067794,0.023314,0.028237,0.012287,0.021703,0.010611,0.0062864,0.0055572,0.004936,0.004539,0.0043336,0.033223,0.017821,0.017583,0.020073,0.023676,0.029185,0.04088,0.093004,0.051172,0.04101,0.16477,0.039274,0.024042,0.019015,0.015612,0.016261,0.015488,0.0016175,0.0019188,0.0013417,0.0017958,0.0016701,0.0023645,0.0030019,0.004931,0.0056006,0.014909,0.045113,0.011795,0.006045,0.0030441,0.0025667,0.0018581,0.0023194,0.0039769,0.0011247,0.0013585,0.0016617,0.0019349,0.002317,0.0051195,0.017683,0.029741,0.012379,0.046845,0.0088137,0.0047336,0.0035551,0.0030538,0.0028385,0.002573
0.0054971,0.0022224,0.0016894,0.0026203,0.0034192,0.0053174,0.0092996,0.031463,0.055131,0.0094941,0.028845,0.0022509,0.0017108,0.0017143,0.0017504,0.00051128,0.00051499,0.0016613,0.0018103,0.0012891,0.0020567,0.0025955,0.0021646,0.0044233,0.0088322,0.0073762,0.0049784,0.014725,0.0066008,0.0029659,0.0025482,0.0022318,0.0022406,0.0020314,0.00083162,0.002369,0.003003,0.0034488,0.004135,0.0053107,0.0088092,0.033423,0.023375,0.019138,0.013896,0.010737,0.0052788,0.0043821,0.0040522,0.0039152,0.0041314,0.00076869,0.0012666,0.0025204,0.0049771,0.0074314,0.011409,0.021534,0.087,0.10581,0.02939,0.043975,0.011937,0.011089,0.0094234,0.0084192,0.0093072,0.0093557,0.01239,0.00094354,0.0012995,0.0010356,0.0014046,0.0016321,0.0031143,0.0074201,0.0069468,0.0038938,0.0052936,0.0019844,0.0013407,0.00037785,0.00029615,0.00038433,0.00046158,0.003439,0.0021826,0.0027914,0.0031695,0.0039085,0.0060318,0.0098604,0.02964,0.032589,0.0037125,0.023522,0.0055293,0.0047484,0.0038248,0.0034811,0.003256,0.003294,0.042857,0.010614,0.012709,0.013387,0.016796,0.02155,0.03313,0.083418,0.084848,0.10821,0.033059,0.022239,0.019028,0.016831,0.015102,0.015019,0.017348,0.017884,0.00022386,0.00036549,0.00068345,0.0012658,0.0015997,0.0024598,0.010471,0.0048193,0.0068613,0.0091276,0.0047293,0.0031083,0.0023063,0.0022334,0.002103,0.0017586,0.0058652,0.0010081,0.0010995,0.0017223,0.0024405,0.0043867,0.0088228,0.020612,0.023724,0.013117,0.025838,0.011818,0.0076236,0.0062538,0.0055772,0.0053801,0.0053464,0.0045472,0.014794,0.014908,0.016411,0.019572,0.02334,0.033478,0.080787,0.054175,0.063359,0.13652,0.019033,0.0094758,0.0045348,0.0035803,0.0038339,0.00050356,0.0024929,0.00046198,0.0011626,0.00065589,0.0003766,0.00061432,0.00070203,0.0016817,0.0062795,0.012269,0.047658,0.0065326,0.0033991,0.002582,0.0019422,0.001983,0.00136,0.00032998,0.00277,0.0030714,0.003459,0.0035954,0.0048258,0.0065186,0.018749,0.024488,0.013937,0.045627,0.0062092,0.003121,0.0020658,0.0011734,0.00087949,0.00082591
0.030524,0.0027915,0.0025828,0.0053756,0.0046552,0.0052188,0.0078163,0.034754,0.067457,0.0067926,0.013823,0.0078534,0.0055655,0.0033651,0.002723,0.0030141,0.0032101,0.01574,0.0030925,0.0016535,0.0015804,0.0013724,0.0024339,0.0018468,0.0072373,0.012637,0.0068216,0.0045288,0.0042848,0.001961,0.00070419,0.00023704,0.00027229,1.5263e-05,0.013434,0.0032702,0.0041678,0.0040783,0.0050711,0.0069591,0.011956,0.030934,0.030512,0.015324,0.02692,0.0048894,0.0026339,0.0025436,0.0020476,0.0019633,0.0018139,0.035134,0.0031441,0.0056517,0.0075297,0.0084472,0.011929,0.020639,0.082372,0.15408,0.021772,0.030984,0.006367,0.0056144,0.0058312,0.005882,0.0048441,0.0053941,0.020516,0.00066951,0.001339,0.00080642,0.0013943,0.0011774,0.0020496,0.0068436,0.0068125,0.0032641,0.0086968,0.00075583,0.0017975,0.00048647,0.00051554,0.00071292,0.00033952,0.0022297,0.0021938,0.0023321,0.0025685,0.0033293,0.0040409,0.0088851,0.02698,0.036556,0.0094436,0.0088079,0.0042253,0.0028127,0.0026828,0.0025472,0.0025321,0.0025044,0.01479,0.013872,0.01806,0.020349,0.02233,0.027767,0.037755,0.089057,0.13683,0.076606,0.04585,0.01878,0.013342,0.0094165,0.0073694,0.0077431,0.00449,0.018729,0.00043561,0.00096079,0.00032051,0.0011271,0.0024201,0.0026071,0.0094648,0.0063263,0.0078628,0.012891,0.0017867,0.001289,0.0011701,0.0012524,0.0013535,0.0012875,0.0073987,0.0011264,0.00092935,0.0010139,0.0014482,0.0027362,0.0029425,0.020139,0.032798,0.016709,0.016649,0.00043423,0.0014267,0.00070505,0.0006963,0.00077011,0.00075341,0.017119,0.0056552,0.021776,0.017059,0.017833,0.030911,0.0099786,0.10055,0.057717,0.10063,0.051808,0.070603,0.019777,0.015844,0.014975,0.0056506,0.010637,0.012459,0.0022346,0.0062085,0.0029407,0.0056151,0.0044851,0.0062558,0.0090968,0.013285,0.033003,0.021919,0.024392,0.00026655,0.0063605,0.00077906,0.0041856,0.00074769,0.00093842,0.0019638,0.0016286,0.0016301,0.0021523,0.0024419,0.0027871,0.01763,0.018984,0.03903,0.026051,0.023703,0.0039177,0.007792,0.0029901,0.0052764,0.002678
0.050101,0.0092895,0.0066705,0.0042641,0.0062607,0.0066709,0.013981,0.037256,0.066991,0.018281,0.016748,0.005239,0.0061018,0.0040664,0.0037951,0.0029328,0.0024319,0.029784,0.0018475,0.00089612,0.001245,0.00086678,0.00048363,0.0022179,0.0055586,0.015025,0.0011173,0.020853,0.0016571,0.00072774,0.00053441,9.9002e-05,0.00023393,8.2031e-05,0.014345,0.0013668,0.0011099,0.001235,0.0018421,0.0034301,0.005054,0.02353,0.044772,0.009603,0.018256,0.0042536,0.0027593,0.0022071,0.0020376,0.0020567,0.001875,0.058923,0.0047887,0.0040568,0.004691,0.0078948,0.012982,0.026878,0.081645,0.19541,0.010532,0.036085,0.017071,0.013946,0.012186,0.011253,0.011752,0.0090524,0.030877,0.0038322,0.0021944,0.0013712,0.0020736,0.0022271,0.0032826,0.0057126,0.0060548,0.00093255,0.0052382,0.0018063,0.0012912,0.00074544,0.00091042,0.00065192,0.0006218,0.0039178,0.0028709,0.0031126,0.0033199,0.004119,0.0059015,0.0091541,0.023384,0.035327,0.0075716,0.016348,0.0060456,0.0041158,0.0039323,0.0036903,0.0032859,0.0032921,0.017369,0.011546,0.0090318,0.010061,0.010594,0.012408,0.017856,0.05112,0.18658,0.046494,0.010964,0.0095218,0.007789,0.0054823,0.0063217,0.0042392,0.010189,0.025734,0.0022746,0.0016462,0.0016162,0.0013497,0.00074748,0.0017232,0.005881,0.01417,0.0045393,0.010492,0.00020402,0.00040799,0.00023563,0.00021451,9.3821e-05,0.00015258,0.011318,0.0016466,0.0010164,0.0007999,0.0011705,0.0021111,0.0056493,0.011961,0.047411,0.0029986,0.026092,0.0029821,0.0018805,0.0010681,0.00026175,0.00040647,0.00046159,0.070459,0.012746,0.011244,0.011693,0.014505,0.019275,0.030888,0.072697,0.0045105,0.052277,0.17674,0.036236,0.031182,0.023498,0.019818,0.019763,0.017956,0.034798,0.0026597,0.0015508,0.0010022,0.00056556,0.0011844,0.0025282,0.0032583,0.0067419,0.0084443,0.049649,0.003912,0.0044911,0.0020791,0.0016331,0.0017511,0.0016327,0.00093843,0.00059548,0.00064088,0.0011576,0.0016096,0.0021091,0.0038923,0.012107,0.023961,0.01088,0.045425,0.0027026,0.002575,0.0023628,0.002036,0.0017088,0.0016518
0.062116,0.010213,0.0083535,0.0075329,0.010373,0.013356,0.017875,0.050372,0.017838,0.026046,0.016986,0.0093171,0.0071214,0.0053359,0.0026745,0.0012984,0.0013428,0.020005,0.0032961,0.0022877,0.0016905,0.0014306,0.001466,0.0011874,0.0069828,0.013166,0.0073296,0.0066689,0.0074654,0.0030384,0.0020217,0.0015807,0.0012394,0.0012665,0.010386,0.0010334,0.00021763,0.00084312,0.0015126,0.0031182,0.0076306,0.028552,0.03819,0.0047538,0.01508,0.0094389,0.0046199,0.0036377,0.0029721,0.0029188,0.0027295,0.038783,0.0069772,0.0073126,0.0089055,0.011502,0.015476,0.027376,0.081616,0.065601,0.01991,0.054193,0.022793,0.016822,0.014254,0.012114,0.011499,0.010897,0.037051,0.0018856,0.001089,0.0012166,0.0014019,0.0017738,0.0029345,0.012022,0.0065595,0.0034063,0.0063293,0.0013141,0.00084835,0.00076836,0.00011692,0.00095417,7.8198e-05,0.00015259,0.0034241,0.0038335,0.0042298,0.0052293,0.0076589,0.011812,0.046466,0.020394,0.0050225,0.020655,0.010491,0.0074848,0.0065392,0.0056645,0.0055365,0.005333,0.009205,0.0066646,0.0068132,0.0073715,0.0080764,0.0096054,0.0082822,0.016314,0.20034,0.048938,0.032524,0.01459,0.0084253,0.0058887,0.0039072,0.0046106,0.0068284,0.03032,0.0016121,0.00099386,0.0011756,0.002127,0.00096417,0.0034536,0.0096526,0.010673,0.0053358,0.0088895,0.0020527,0.0011999,0.00096435,0.00055919,0.00056857,0.00025941,0.014126,0.00036217,0.00022054,0.00083547,0.0011475,0.0020122,0.0032769,0.022315,0.029785,0.019047,0.01764,0.0062077,0.0053396,0.0037531,0.00356,0.0033198,0.0031281,0.060088,0.0054054,0.005431,0.0070955,0.0087275,0.013459,0.022942,0.083594,0.044345,0.10834,0.12414,0.025867,0.015473,0.011306,0.010066,0.0086692,0.0092145,0.026604,0.0047586,0.004262,0.0045187,0.0045699,0.0048781,0.006286,0.010979,0.016141,0.016134,0.042474,0.010107,0.0061971,0.0039541,0.0025215,0.0018817,0.0011368,0.0062982,0.0033349,0.0039133,0.0041887,0.0051447,0.0067954,0.010595,0.037805,0.016523,0.0043359,0.050927,0.014606,0.0095296,0.0079815,0.0068402,0.0065402,0.0066262
0.029061,0.008063,0.0098221,0.0074288,0.0090946,0.011847,0.015384,0.049741,0.028744,0.020289,0.029252,0.0074108,0.0065227,0.0045805,0.0036161,0.0030977,0.0023614,0.0065308,0.0016995,0.00070226,0.0008282,0.0012574,0.00081011,0.0019765,0.0050724,0.015276,0.0015119,0.0091811,0.0064534,0.002803,0.0020351,0.0012249,0.0011412,0.0008812,0.0036584,0.0024773,0.002456,0.0030453,0.0037634,0.0054939,0.0087633,0.03406,0.034041,0.0038263,0.017999,0.0099867,0.0046903,0.0032336,0.0024556,0.0023034,0.0021935,0.025423,0.0044979,0.0042234,0.0058285,0.007521,0.011797,0.022093,0.080588,0.096779,0.038353,0.031134,0.0099772,0.010683,0.010407,0.0090177,0.007896,0.010866,0.029589,0.00050879,0.00055836,0.0013491,0.00043747,0.0012088,0.0019593,0.0080492,0.0082607,0.004434,0.0056793,0.0033343,0.0026216,0.0013308,0.001163,0.00052479,0.00099756,0.0030251,0.00089338,0.0016386,0.0021066,0.0031355,0.0051097,0.0098411,0.038224,0.029453,0.016969,0.01368,0.0068618,0.005376,0.0053925,0.0048492,0.0046052,0.0045624,0.00074196,0.0066456,0.0053233,0.0062317,0.0074409,0.0067136,0.0067815,0.027347,0.16803,0.065935,0.017908,0.011129,0.006473,0.0039771,0.0029106,0.002262,0.0064679,0.029925,0.00081664,0.0015231,0.0016946,0.0015475,0.0024197,0.0030837,0.010156,0.010576,0.0058366,0.0049886,0.0043851,0.0020382,0.0013597,0.0011562,0.0010893,0.0010586,0.011599,0.0010953,0.00096932,0.0013603,0.0020501,0.0028519,0.0056326,0.020157,0.034924,0.0072039,0.022363,0.011456,0.00682,0.0053846,0.0046079,0.0042964,0.0044881,0.061854,0.013822,0.013885,0.016524,0.018724,0.023585,0.032863,0.095499,0.080099,0.063055,0.14404,0.031164,0.015573,0.012784,0.0093054,0.010199,0.0079747,0.0097066,0.002693,0.0016605,0.0021026,0.0014459,0.0016717,0.0021593,0.0020292,0.0083764,0.014727,0.045647,0.011097,0.0036068,0.0022645,0.0024705,0.0019759,0.0020237,0.0011063,0.0013705,0.0016146,0.0020913,0.0027444,0.0039814,0.007095,0.024521,0.021011,0.02133,0.041727,0.0056893,0.0027718,0.002363,0.0021535,0.0021881,0.0020142
0.026389,0.005174,0.0050104,0.0060667,0.0073724,0.0095205,0.01697,0.041201,0.035111,0.031302,0.0055116,0.011745,0.0082122,0.0070019,0.0057323,0.0047204,0.0022564,0.0067807,0.00077537,0.00076583,0.00030978,0.00047559,0.00051715,0.0012484,0.0045494,0.012792,0.0040978,0.017292,0.0054046,0.0024098,0.0017109,0.0012446,0.0012225,0.0009556,0.0084649,0.002811,0.0030967,0.0036185,0.003975,0.0055753,0.0084792,0.024838,0.037472,0.005399,0.0038088,0.012041,0.0049398,0.0030998,0.0027466,0.0022826,0.0018654,0.021759,0.0039908,0.0060219,0.0075943,0.010802,0.016674,0.029676,0.10103,0.12365,0.05084,0.043204,0.022235,0.018676,0.016302,0.014847,0.015147,0.014096,0.019217,0.002133,0.00076025,0.0014083,0.0012599,0.0014187,0.0026109,0.006218,0.0069983,0.0016942,0.0076489,0.0027804,0.0010877,0.0016873,0.0015196,0.00046869,0.0010548,0.0013581,0.00053332,0.0011617,0.0017063,0.0028114,0.0051387,0.0093721,0.025512,0.029677,0.015234,0.015802,0.0095424,0.0066842,0.0054922,0.0052324,0.0051671,0.0046845,0.033301,0.010128,0.017552,0.015407,0.015648,0.024825,0.025481,0.052376,0.07676,0.1307,0.0092894,0.01489,0.0093921,0.0047344,0.0035667,0.0022014,0.005663,0.021344,0.0021352,0.0017733,0.0015551,0.0019346,0.00062527,0.0049446,0.00072546,0.0099492,0.01162,0.006199,0.0062496,0.0015932,0.0014803,0.00096246,0.00057417,0.0014992,0.0029069,0.0047659,0.0049073,0.004656,0.0071327,0.0052415,0.012195,0.010455,0.021287,0.018297,0.016076,0.017521,0.0039447,0.0058094,0.0041918,0.0023345,0.0046616,0.019663,0.014002,0.013627,0.015135,0.01632,0.021571,0.030591,0.062047,0.079582,0.059006,0.15253,0.016829,0.0080601,0.0037713,0.0017955,0.00085301,0.0015507,0.0066911,0.00040551,0.00070275,0.00076584,0.0007534,0.00049911,0.0010439,0.0029833,0.0054504,0.0054024,0.051009,0.0022944,0.00094099,0.0013058,0.0010102,0.0016112,0.00091172,0.0021763,0.00055933,0.00095405,0.0011912,0.0019993,0.0028513,0.0051104,0.016385,0.013723,0.017835,0.049081,0.004741,0.0048984,0.0040165,0.0033543,0.0034101,0.0036755
0.0085031,0.0062612,0.0071387,0.0072674,0.0075385,0.01043,0.014779,0.044753,0.030629,0.027536,0.035436,0.013778,0.011365,0.0082079,0.0057229,0.0075863,0.0071031,0.006981,0.00088825,1.3134e-05,0.00022026,0.00050631,0.00091927,0.0019437,0.0059699,0.014668,0.0026019,0.0073462,0.0080008,0.0039699,0.0029304,0.0025975,0.0022007,0.0022507,0.0012455,0.0037623,0.0036615,0.004234,0.0050998,0.0067363,0.0097999,0.027085,0.040493,0.0031225,0.017881,0.011035,0.0046323,0.003378,0.0022668,0.0020454,0.0019856,0.0061933,0.014932,0.0095736,0.0054016,0.013801,0.029162,0.053487,0.12498,0.10367,0.025895,0.047237,0.017601,0.019674,0.01838,0.013787,0.0087568,0.0065595,0.013737,0.00071822,0.00015064,0.00053966,0.0012567,0.0014891,0.002022,0.0057915,0.0063692,0.0016359,0.0081323,0.00088445,0.00040174,0.00029042,0.00084525,0.0004311,0.001194,0.0029507,0.0027955,0.0015791,0.00073926,0.0041709,0.008425,0.014326,0.035164,0.01854,0.0011081,0.018134,0.0074625,0.0095597,0.0088574,0.0068362,0.0040416,0.0016995,0.017676,0.0052009,0.0037814,0.0052411,0.0060387,0.0067213,0.0036831,0.023988,0.18412,0.061629,0.026948,0.0094559,0.0041605,0.0032466,0.0029232,0.0036723,0.0042668,0.016602,0.0011811,0.00055766,0.00085578,0.00010737,0.0007617,0.0016684,0.0069652,0.012907,0.0031342,0.0078741,0.0033703,0.0022879,0.0012911,0.0012052,0.00094525,0.0011902,0.0069886,0.001706,0.001877,0.0018774,0.0022783,0.0027207,0.0062757,0.01504,0.036251,0.0088314,0.023375,0.0076867,0.0052357,0.0041514,0.0034298,0.0029406,0.0031357,0.034192,0.0095219,0.010888,0.011709,0.013041,0.015403,0.023182,0.058205,0.096335,0.045506,0.13306,0.010533,0.00444,0.0038478,0.003262,0.0011007,0.0021363,0.0036793,0.0010577,0.0011778,0.00094848,0.0014499,0.0016246,0.0022415,0.0027056,0.0064281,0.0069196,0.048448,0.0050554,0.00090224,0.00093005,0.00052162,0.00030383,0.00040627,0.00084306,0.001422,0.0016692,0.0021101,0.0025287,0.0038909,0.0067729,0.016629,0.012403,0.01801,0.051112,0.0055893,0.0037304,0.0034947,0.0034643,0.0034709,0.0031205
0.01738,0.0038902,0.0051136,0.0050867,0.0069965,0.0084901,0.017574,0.043583,0.017662,0.033759,0.011352,0.0095228,0.0095213,0.0094232,0.0067411,0.0063842,0.0055734,0.0026207,0.001432,0.0013619,0.0014818,0.0019426,0.00096737,0.002654,0.0075359,0.010242,0.0044155,0.017316,0.005661,0.0032022,0.0021039,0.0015923,0.0015907,0.0018654,0.0082227,0.0049258,0.005165,0.0057968,0.0064402,0.008298,0.011565,0.030343,0.033703,0.0065665,0.0037246,0.011146,0.004823,0.0033242,0.0024354,0.0020007,0.0017147,0.027508,0.019732,0.019843,0.022173,0.025657,0.030637,0.047683,0.10997,0.075232,0.060834,0.01531,0.013536,0.010654,0.0073273,0.0064001,0.0059382,0.0042267,0.014315,0.00067505,0.00073648,0.0012855,0.00092064,0.00131,0.0024595,0.0073047,0.0070578,0.0020454,0.007232,0.0006418,0.00052127,0.00057195,0.00073297,0.00084182,0.00020027,0.0052357,0.0041213,0.0044096,0.005053,0.0057444,0.0070843,0.011717,0.032237,0.027254,0.013336,0.0060704,0.0035668,0.0033713,0.0024076,0.0020493,0.0018707,0.0021954,0.025078,0.0015044,0.002479,0.0028946,0.0041033,0.0062684,0.011538,0.042378,0.17713,0.071507,0.037814,0.016039,0.012756,0.011894,0.010362,0.0090652,0.0043412,0.017998,0.00035419,0.00021687,0.00043162,0.0010049,0.00055489,0.0019483,0.0078728,0.01196,0.0022246,0.012944,0.0024832,0.0016233,0.0014997,0.0014062,0.001207,0.0011024,0.0054799,0.00077676,0.0012067,0.0016142,0.0021022,0.0035534,0.0045003,0.021077,0.028259,0.015281,0.022573,0.0058141,0.0045342,0.003542,0.0034133,0.0031918,0.0030537,0.022696,0.0024266,0.0036886,0.0039742,0.0053793,0.0065813,0.013433,0.04594,0.11676,0.044283,0.15468,0.010538,0.007659,0.0068516,0.0059927,0.0061693,0.003069,0.0021763,0.00085356,0.0010796,0.00047343,0.0014037,0.0018714,0.0021305,0.0047206,0.0043463,0.0048741,0.048763,0.0039366,0.0023066,0.0013286,0.0010812,0.00069276,0.00052833,0.00023461,0.0031907,0.0033048,0.0034242,0.0042466,0.005711,0.0077047,0.023009,0.0098049,0.014899,0.042875,0.0052478,0.0023825,0.0026509,0.0022956,0.0019826,0.0015736
0.0090143,0.0019844,0.0030582,0.0061876,0.0064654,0.0087776,0.013408,0.043829,0.011319,0.035228,0.041732,0.011154,0.0096002,0.0086665,0.0074381,0.0072451,0.0078241,0.0036107,0.0010413,0.0025689,0.0019583,0.0025089,0.0031445,0.0035652,0.0095615,0.0091937,0.0057823,0.010658,0.006654,0.0037461,0.0021991,0.0018161,0.0012624,0.001772,0.0037652,0.0062314,0.0056881,0.0063126,0.0073779,0.0090559,0.014003,0.032917,0.028232,0.011359,0.018785,0.010541,0.0044063,0.0027276,0.0016416,0.00060851,0.0003891,0.01281,0.02007,0.018249,0.022626,0.025109,0.03199,0.046211,0.11807,0.05091,0.061873,0.060301,0.014057,0.0090349,0.0077347,0.0058699,0.0028535,0.0040436,0.014418,0.00097779,0.00052355,0.001427,0.00079777,0.0013559,0.0019956,0.0063313,0.0073605,0.00274,0.0084819,0.0005703,0.0013764,0.0005208,0.00061502,0.0005472,0.00057794,0.0024739,0.004333,0.0045017,0.0047806,0.0060051,0.0080108,0.011681,0.031709,0.027821,0.013055,0.023371,0.0030615,0.0025985,0.0026288,0.0023926,0.0023898,0.0021267,0.034609,0.0085117,0.0072859,0.0092598,0.011306,0.014557,0.023655,0.061823,0.14742,0.085126,0.035268,0.020818,0.017225,0.015175,0.012561,0.015562,0.012037,0.018561,0.0019476,0.0013739,0.0014751,0.0014984,0.0011776,0.00269,0.0070506,0.0096113,0.0054979,0.0049415,0.0026465,0.0015449,0.0006883,0.00058586,0.00089159,0.00068092,0.0039235,0.0022537,0.0029976,0.0035187,0.0041355,0.005855,0.0086281,0.023978,0.017863,0.016929,0.024285,0.008696,0.007346,0.0055358,0.0049213,0.0047853,0.0046445,0.024487,0.0021405,0.001414,0.0029021,0.0030434,0.0055372,0.010064,0.042768,0.12209,0.034443,0.136,0.0067625,0.0026779,0.0023996,0.0041191,0.0017752,0.0033074,0.0010376,0.0016918,0.0011796,0.0020063,0.0013441,0.0017847,0.0019904,0.0056298,0.0034177,0.006694,0.049481,0.0052417,0.00050886,0.00059857,0.0011479,0.00066975,0.00083161,0.0068971,0.003183,0.0037472,0.0038332,0.0046803,0.0056605,0.0092923,0.021537,0.012971,0.015201,0.053407,0.0064698,0.0032045,0.00279,0.0023891,0.0020654,0.0024224
0.0093404,0.0014598,0.0031033,0.0020955,0.0045368,0.0072143,0.014071,0.043664,0.031304,0.033757,0.010192,0.0061341,0.0069008,0.0062503,0.0070541,0.0071079,0.0053883,0.011744,0.004961,0.0022958,0.0033124,0.0031909,0.0023791,0.0052952,0.010323,0.0068395,0.0048626,0.015328,0.005639,0.0025147,0.00097695,0.0005415,0.00032466,0.00010873,0.0042611,0.0065736,0.0063918,0.0072549,0.0080088,0.0098394,0.014113,0.037172,0.02202,0.011044,0.0070963,0.013666,0.0055276,0.0033865,0.0023443,0.0017592,0.0014153,0.013346,0.018256,0.018777,0.022168,0.024547,0.030913,0.046818,0.10937,0.05351,0.059621,0.013708,0.011229,0.009811,0.0079007,0.005617,0.0056001,0.0038853,0.018336,0.0019249,0.001303,0.0011811,0.00062581,0.0012201,0.0023763,0.006911,0.0077262,0.0019493,0.0078774,0.00059861,0.00072953,0.00084301,0.00053193,0.0010183,0.00077249,0.0067922,0.0041741,0.0040552,0.0046501,0.0053864,0.0066955,0.011762,0.032658,0.029523,0.011871,0.0065234,0.0018932,0.0030297,0.0019791,0.0017925,0.0017902,0.0017872,0.022587,0.015814,0.017284,0.017921,0.021149,0.02611,0.034349,0.081316,0.1393,0.080813,0.041232,0.016719,0.012364,0.0098806,0.0085701,0.0072891,0.0084039,0.023943,0.0034089,0.0016422,0.001366,0.0017469,0.0025383,0.0031245,0.010634,0.0073373,0.0047079,0.014296,0.0016438,0.0015812,0.0012066,0.0011971,0.00088599,0.00086022,0.011988,0.0040435,0.0039754,0.0040851,0.0049375,0.0065779,0.0098747,0.027687,0.012796,0.018552,0.024448,0.00552,0.004697,0.0032207,0.0032579,0.0031332,0.00313,0.021933,0.0029458,0.0012954,0.0014844,0.0031022,0.0031384,0.0086408,0.040313,0.1297,0.033185,0.14164,0.0084525,0.0029643,0.00088171,0.00057947,0.00064694,0.0032445,0.012568,0.0038771,0.001668,0.0011208,0.0020369,0.002198,0.002328,0.0051544,0.0039846,0.0041863,0.049442,0.0027514,0.0014024,0.0010867,0.00061871,0.00038528,0.000906,0.0018292,0.0026594,0.0033896,0.0031842,0.0039404,0.0054766,0.0074246,0.022686,0.017235,0.012532,0.0443,0.0048463,0.0023593,0.0025549,0.0020063,0.0016224,0.0014706
0.0069944,0.0019655,0.0021808,0.0023918,0.0041507,0.0066451,0.011074,0.039238,0.03111,0.029275,0.035694,0.0060077,0.0071579,0.006605,0.0060022,0.0060784,0.004057,0.027392,0.0057121,0.0028935,0.0029683,0.0022159,0.0042575,0.00485,0.010828,0.0060865,0.0040278,0.0083536,0.0084632,0.0030504,0.0015738,0.00092698,0.00044253,0.00012017,0.012995,0.0043794,0.0064156,0.006727,0.00698,0.009593,0.014371,0.03485,0.01672,0.012683,0.012523,0.015338,0.006571,0.0052743,0.003744,0.0035999,0.0034772,0.040536,0.01447,0.017196,0.020375,0.022207,0.028586,0.042759,0.11452,0.035526,0.051591,0.051069,0.010558,0.0075729,0.0052603,0.0046792,0.001025,0.00041582,0.029421,0.0006201,0.00025206,0.0011849,0.00093014,0.0016767,0.0024552,0.0085097,0.0074295,0.0025237,0.0086781,0.00094881,0.0015234,0.00023486,0.00054569,0.00049282,0.00034523,0.00049973,0.0043174,0.0049463,0.0054234,0.0054608,0.0085403,0.011738,0.035877,0.027334,0.0095334,0.021231,0.0027509,0.0017971,0.0017284,0.0014688,0.001288,0.0011139,0.072055,0.013909,0.01847,0.019715,0.022542,0.026795,0.039127,0.087519,0.12128,0.091355,0.031433,0.016021,0.011311,0.0090227,0.0066476,0.0068896,0.0069333,0.038329,0.0011329,0.002333,0.0019205,0.0028148,0.0020907,0.0042007,0.0092291,0.0052997,0.0061327,0.0063527,0.0033191,0.0016367,0.0009738,0.00075756,0.00075002,0.00058554,0.0041581,0.0065613,0.005522,0.0060117,0.007874,0.0087393,0.012681,0.031241,0.010096,0.014012,0.024364,0.0091898,0.0047182,0.0025107,0.0016895,0.0011513,0.0007248,0.02219,0.0033449,0.0030304,0.0029911,0.0029799,0.0057902,0.010928,0.048815,0.11579,0.039459,0.14656,0.011271,0.0050905,0.0016997,0.001235,0.0025758,0.0025216,0.033141,0.0036131,0.0023308,0.0019854,0.0019054,0.0021974,0.0028021,0.0046322,0.0047108,0.0044174,0.049241,0.0034686,0.00092768,0.00099843,0.00051244,0.00073246,0.00044824,0.0085107,0.003328,0.0032478,0.0034497,0.0054905,0.0053748,0.0087744,0.022733,0.018308,0.011296,0.051962,0.0050385,0.0019386,0.0016799,0.0013999,0.001324,0.0013733
0.036976,0.012707,0.012363,0.0011379,0.0096961,0.011939,0.0042751,0.044234,0.037733,0.0098329,0.022995,0.0077922,0.0062199,0.0039593,0.0012584,0.0015279,0.0026284,0.010809,0.0055577,0.0018784,0.0027431,0.00103,0.0025753,0.0034361,0.004999,0.0047647,0.0073228,0.01209,0.0067064,0.0023573,0.00046027,0.0012073,0.00065598,0.00015832,0.0080949,0.002982,0.0027963,0.0027383,0.0033069,0.0065141,0.0032207,0.022371,0.025206,0.011464,0.0065413,0.015619,0.00322,0.0041766,0.0033851,0.0018347,0.0038186,0.00047682,0.012775,0.011609,0.0084608,0.015763,0.022132,0.0064576,0.093394,0.12663,0.028807,0.03098,0.019598,0.01524,0.012793,0.0044399,0.006101,0.0099947,0.023182,0.013846,0.0058268,0.0029788,0.0042745,0.0026218,0.0019782,0.0073608,0.0055403,0.0035309,0.011162,0.0091683,0.0045083,0.001333,0.001426,0.00086784,0.0006981,0.0044804,0.0022149,0.0013825,0.0017647,0.0020785,0.004423,0.0011242,0.022527,0.03263,0.0046116,0.012876,0.0089663,0.0079797,0.0023369,0.003724,0.0045599,0.00068476,0.039698,0.01038,0.0045115,0.0097429,0.0067279,0.011038,0.012899,0.043098,0.081416,0.075454,0.034347,0.018408,0.011997,0.010917,0.0055965,0.0032475,0.0075895,0.018086,0.012103,0.004867,0.0021209,0.0034487,0.0020778,0.0020627,0.0071863,0.010376,0.0057763,0.012472,0.0032853,0.00095924,0.00040987,0.00026844,0.00043706,0.00017549,0.0085431,0.0053618,0.00072275,0.0021584,0.0011345,0.0031634,0.0032276,0.012981,0.017547,0.023503,0.022815,0.0039982,0.0055406,0.0062462,0.0028624,0.0025601,0.0043355,0.013809,0.02395,0.018111,0.0082744,0.0032469,0.0024802,0.019613,0.0612,0.058898,0.060487,0.11349,0.013277,0.030481,0.024544,0.0095372,0.003556,0.0071756,0.0097238,0.0015288,0.0030815,0.0040107,0.0035852,0.0033633,0.0039671,0.010555,0.012784,0.0055789,0.040227,0.007983,0.012821,0.0088316,0.0017469,0.0044322,0.004303,0.002266,0.0029153,0.001329,0.0028806,0.0046171,0.0047966,0.0033245,0.0037357,0.030135,0.0046255,0.037171,0.0096371,0.016641,0.010111,0.0038727,0.0058379,0.0064278
0.074512,0.0028034,0.0064875,0.005876,0.007068,0.0084538,0.014903,0.029508,0.061716,0.043245,0.015498,0.0056388,0.0038446,0.0041934,0.0033826,0.0022582,0.0023785,0.037669,0.0020508,0.001203,0.00046485,0.0014745,0.00092437,0.0010419,0.0022739,0.011167,0.015501,0.0076528,0.0026916,0.00081785,0.00029112,0.00028397,0.00027214,7.8212e-05,0.0061513,0.0028725,0.0026041,0.0031562,0.0036213,0.0045445,0.0065676,0.012521,0.035878,0.018521,0.029254,0.0021153,0.0019499,0.0015857,0.0017623,0.0015308,0.0018902,0.0068532,0.0076046,0.0077998,0.0073652,0.0092636,0.011784,0.019439,0.03887,0.29373,0.077887,0.025974,0.013164,0.011461,0.0090676,0.0091694,0.0097567,0.010626,0.066546,0.0038788,0.0008388,0.0013245,0.0011227,0.0012837,0.0017518,0.0018365,0.0091104,0.0046244,0.0082306,0.001085,0.0010497,0.00013919,9.1918e-05,0.00035255,0.00046729,0.0093347,0.0012487,0.0007987,0.0013285,0.0013632,0.0019471,0.0027908,0.0022889,0.048644,0.0066227,0.017281,0.0032803,0.0016735,0.00095785,0.00099453,0.00076442,0.00090409,0.071046,0.0096693,0.010314,0.011421,0.013565,0.016882,0.024241,0.051486,0.10744,0.11431,0.034648,0.023202,0.015787,0.013462,0.011356,0.012962,0.012898,0.058181,0.0028374,0.00032963,0.00040014,0.0011634,0.00011606,0.001612,0.0037162,0.010609,0.0038271,0.0084777,0.0038173,0.0023753,0.0023801,0.0017891,0.0018326,0.0017033,0.022187,0.0018682,0.0013158,0.00076865,0.0013849,0.0021069,0.0028809,0.010577,0.022335,0.033307,0.01249,0.0038146,0.0030892,0.0024521,0.002417,0.0023356,0.0021324,0.052457,0.011272,0.0082347,0.0073296,0.010253,0.010643,0.010649,0.017112,0.13576,0.11862,0.11107,0.025172,0.011828,0.0090523,0.0044343,0.0011705,0.00012208,0.029484,0.0026905,0.0034946,0.0043441,0.0041382,0.0045237,0.0058995,0.0082237,0.0087501,0.020478,0.038802,0.0090953,0.0039667,0.0030537,0.0015804,0.0025237,0.00051881,0.00055124,0.0021692,0.001835,0.0024562,0.0024305,0.0033149,0.0032656,0.0064313,0.031077,0.022519,0.041314,0.010212,0.006813,0.0048043,0.0043541,0.0040466,0.003851
0.04066,0.0041938,0.00070372,0.0018063,0.0022774,0.0017077,0.002769,0.0090871,0.094727,0.034418,0.018973,0.001978,0.0029274,0.0025704,0.0008125,0.0020901,0.001566,0.030444,0.0023951,0.0013992,0.00075664,0.00032533,0.0011615,0.0021647,0.00033178,0.013624,0.011338,0.013146,0.0012778,0.00074208,0.0004768,0.00010022,0.00017341,8.5816e-05,0.0096265,0.00062915,0.0010186,0.00094999,0.001177,0.0012245,0.0015039,0.0056062,0.026598,0.014369,0.014888,0.0035902,0.0022442,0.0019113,0.0015448,0.0014125,0.0012799,0.0024586,0.0045547,0.0071875,0.0071126,0.0099463,0.013054,0.022586,0.048489,0.44801,0.15073,0.018905,0.019273,0.016736,0.014777,0.013836,0.012938,0.010237,0.042889,0.0055875,0.0029649,0.0025073,0.0014598,0.0017801,0.0017032,0.0021298,0.012092,0.005808,0.0013795,0.0012424,0.00055396,0.00033529,0.00082648,0.00013189,0.0010262,0.0090219,0.0016546,0.001444,0.0016316,0.0016147,0.0024961,0.0030082,0.0018738,0.051239,0.02524,0.0097775,0.0022789,0.001157,0.00090214,0.00069174,0.00025113,0.00026703,0.051059,0.0045587,0.0034653,0.0047739,0.0067099,0.0092444,0.01348,0.023444,0.018066,0.11322,0.040688,0.022038,0.016332,0.014361,0.013161,0.012723,0.012461,0.034586,0.0044941,0.0024266,0.00090965,0.0012928,0.00042858,0.00054149,0.0017073,0.010155,0.004769,0.0096123,0.0022582,0.0020483,0.0017833,0.0015175,0.0017966,0.0014859,0.017031,0.002739,0.0027533,0.0028389,0.0034552,0.0034092,0.0048268,0.0045428,0.019793,0.026189,0.015914,0.0057027,0.0039582,0.0030527,0.0024254,0.0021407,0.0022984,0.048272,0.018038,0.017619,0.018745,0.020028,0.022992,0.026784,0.048348,0.19239,0.10568,0.091128,0.034025,0.017883,0.010566,0.0069462,0.0032905,0.0026436,0.018433,0.0037417,0.0040304,0.0036965,0.0039369,0.004548,0.0053622,0.0076035,0.011222,0.037744,0.027767,0.0075861,0.0040049,0.0023183,0.0017141,0.00080357,0.0017319,0.0021801,0.00127,0.00092155,0.00098668,0.0011065,0.0015173,0.0018275,0.0056526,0.02381,0.048785,0.024156,0.0090261,0.0053423,0.0043672,0.0037472,0.0033742,0.0034505
0.018925,0.0029725,0.0023143,0.0010108,0.00045274,0.00029083,0.00094984,0.0013442,0.077088,0.001807,0.013343,0.0020498,0.0035059,0.00067523,0.00093928,0.0007148,0.0021782,0.014862,0.0032296,0.0016641,0.001266,0.0010985,0.00098984,0.0018441,0.0022349,0.013568,0.0033006,0.0094652,0.0013869,0.00084027,0.00071748,0.001012,0.00087109,0.00056077,0.0068418,0.0011728,0.00088245,0.0010808,0.0012692,0.0016363,0.0023948,0.0053467,0.024448,0.017886,0.017382,0.0019167,0.00039306,0.00030489,0.00028345,0.00035311,0.00064661,0.0084878,0.0060552,0.0057436,0.0056851,0.0089216,0.011404,0.017356,0.043191,0.445,0.10308,0.031614,0.014996,0.011638,0.010592,0.0096036,0.0082753,0.0068475,0.016718,0.0023313,0.0015594,0.00070267,0.0012687,0.00093616,0.000936,0.001349,0.010503,0.0072523,0.0058701,0.0011971,0.00026534,0.00022003,0.00038359,0.00016551,0.0016575,0.0054818,0.00093488,0.0011892,0.0014338,0.0016565,0.001462,0.0020691,0.0054494,0.051325,0.032642,0.0039597,0.00075748,0.00044579,0.00035328,0.00045338,0.00034996,0.00069429,0.033957,0.00829,0.0084089,0.008902,0.011645,0.014447,0.019604,0.034004,0.17493,0.1337,0.038959,0.024809,0.019893,0.015571,0.012337,0.013299,0.014616,0.012255,0.0037841,0.0014091,0.0011157,0.00091861,0.00053525,0.00028757,0.0016538,0.0090076,0.01502,0.0043872,0.00066771,0.00053416,0.00054464,0.00040963,0.00063029,0.00034904,0.0053349,0.0017786,0.00068119,0.0012595,0.0016428,0.0019343,0.0027749,0.0039605,0.010137,0.017014,0.012022,0.00548,0.004134,0.0037249,0.0032557,0.0032952,0.0029812,0.029057,0.020824,0.021383,0.023825,0.025721,0.030352,0.040706,0.056538,0.3202,0.11845,0.067355,0.033528,0.020254,0.015765,0.012523,0.008065,0.0084192,0.0072786,0.002552,0.0020282,0.0025663,0.0032429,0.0032684,0.0032636,0.0041895,0.0063383,0.04972,0.0053009,0.0054446,0.0022155,0.0015579,0.0013364,0.00095855,4.578e-05,0.00029566,0.00014699,0.00049767,0.00079856,0.0010722,0.0014538,0.00060078,0.0076312,0.034219,0.060611,0.011328,0.0054053,0.0035547,0.0029944,0.0027801,0.0022597,0.0024739
0.043832,0.010201,0.0014423,0.0032482,0.0023531,0.0021859,0.0032263,0.0059211,0.1194,0.030235,0.021005,0.0010268,0.0036768,0.0021711,0.0012617,0.0013495,0.00041199,0.0064507,0.0024861,0.00067321,0.001189,0.0017143,0.0014151,0.0014271,0.0033779,0.018547,0.011924,0.012997,0.0016391,0.0011583,0.00064991,0.00029356,0.00052217,0.00039292,0.00064279,0.0013259,0.0013292,0.0013906,0.0015418,0.0020832,0.0018933,0.0071667,0.036016,0.014257,0.021052,0.0021281,0.0014938,0.00075844,0.00064558,0.00039634,0.00018882,0.023909,0.0076568,0.0055746,0.0027507,0.0028029,0.0025323,0.002934,0.005655,0.43883,0.11406,0.010741,0.0012084,0.00038035,0.00026116,0.00054872,0.0009065,0.00026512,0.03205,0.0069288,0.0029424,0.0028004,0.0016662,0.0016599,0.0017897,0.0017685,0.0079874,0.0074467,0.0032146,0.00057334,0.00028038,0.00013675,0.00043421,0.0001398,0.0013828,0.0039845,0.0013309,0.00078932,0.00093942,0.0010282,0.00099023,0.0023669,0.0048451,0.052397,0.023541,0.0079951,0.0025087,0.0017703,0.0012826,0.001284,0.0010779,0.00084495,0.055896,0.012309,0.009549,0.0094631,0.012089,0.014343,0.018602,0.025241,0.083277,0.11604,0.030042,0.019618,0.019632,0.020339,0.020442,0.022578,0.025557,0.021052,0.0042404,0.0028546,0.0011829,0.0010821,0.0011434,0.00073788,0.001466,0.012963,0.0028434,0.0045593,0.0018569,0.0016085,0.0018378,0.0018467,0.0016857,0.001688,0.010599,0.00279,0.0034028,0.0037287,0.0044991,0.0048131,0.0042297,0.0033309,0.027877,0.036124,0.0077249,0.0067066,0.0057471,0.0050429,0.0042147,0.0038765,0.0036412,0.033137,0.0084132,0.0065716,0.0051528,0.0051476,0.0056014,0.0062718,0.0066517,0.27567,0.20433,0.0082101,0.013808,0.0094932,0.0061186,0.006371,0.006462,0.0068303,0.0051308,0.0015642,0.0010318,0.0017032,0.0012313,0.0013007,0.0010975,0.0033033,0.0040344,0.047823,0.0063425,0.0043155,0.0020161,0.0010025,0.0011212,0.00044633,0.00056077,0.00059891,0.0020486,0.0018343,0.0020363,0.0022737,0.0029119,0.0032734,0.0046528,0.022957,0.056292,0.0067417,0.0025547,0.0015013,0.00091003,0.00058964,0.00047684,0.0001526
0.097578,0.0065365,0.0012962,0.0017203,0.0011254,0.0017422,0.001865,0.0076926,0.11934,0.033873,0.026164,0.0024019,0.0023741,0.00063161,0.0016218,0.0010592,0.0013848,0.012112,0.0015278,0.0012099,0.00051286,0.00070369,0.00077118,0.00071112,0.0014889,0.015572,0.013267,0.010581,0.0024952,0.0015037,0.00076904,0.00083901,0.00062331,0.00076676,0.0020142,0.0010511,0.00091464,0.00082279,0.00098698,0.0010479,0.0015507,0.0038049,0.032902,0.010444,0.019099,0.0035825,0.0019649,0.0015703,0.0011113,0.0011372,0.001194,0.050195,0.0032702,0.0019929,0.0022684,0.0026907,0.0039185,0.004545,0.013047,0.42301,0.069911,0.024476,0.011584,0.0084196,0.0072169,0.0057068,0.0067796,0.0040665,0.074884,0.006273,0.003329,0.0023435,0.0017604,0.0012473,0.00077593,0.00047197,0.0090824,0.0053885,0.0011384,0.0010298,0.00084489,0.00076911,0.00068254,0.00043191,0.0013466,0.014086,0.0014226,0.00059056,0.0002972,0.00067187,0.00078673,0.0012428,0.0017578,0.055594,0.020607,0.0099687,0.0038207,0.0027565,0.002098,0.0018761,0.0016313,0.0012989,0.099165,0.0048828,0.0040245,0.0050443,0.0053946,0.0066298,0.0095779,0.0144,0.09598,0.10262,0.014119,0.0078241,0.0062011,0.004698,0.00464,0.0052862,0.0055009,0.057191,0.0052924,0.0023835,0.0015235,0.0012771,0.00094385,0.00079024,0.0024634,0.0088486,0.0087409,0.004758,0.00019414,0.0001048,0.00027992,0.00029169,0.00025326,0.00050355,0.029931,0.0030963,0.0015666,0.0011555,0.0012978,0.0010436,0.0014779,0.0023041,0.016316,0.05153,0.0056055,0.00039277,0.00035764,8.3741e-05,2.3828e-05,0.00020932,0.00028228,0.082128,0.0081841,0.0048519,0.0054323,0.0054908,0.0058882,0.0069431,0.016386,0.25827,0.19306,0.032698,0.017804,0.012818,0.0093689,0.0086597,0.0086058,0.0084955,0.0012379,0.00078708,0.0013621,0.0015321,0.0014978,0.0019479,0.0020836,0.0033421,0.0020319,0.043336,0.0052829,0.0069928,0.0053915,0.0041982,0.0036127,0.0042992,0.0041218,0.0043679,0.0014888,0.0016021,0.001465,0.0015333,0.0019567,0.0027303,0.00085084,0.022929,0.047508,0.0095975,0.0054025,0.0039953,0.0030381,0.0026454,0.0025568,0.0022736
0.096279,0.012372,0.0077256,0.004932,0.005089,0.0058238,0.0075984,0.015655,0.094179,0.038001,0.011373,0.0033455,0.0027541,0.0027354,0.0022837,0.0020227,0.0012875,0.017908,0.00069734,0.00086013,0.00097853,0.0010591,0.0013505,0.0019773,0.0032366,0.016655,0.011247,0.011064,0.0039469,0.0029374,0.0028876,0.0022096,0.0017139,0.0014897,0.0069867,0.00061337,0.00094897,0.00048974,0.00088415,0.0011879,0.0028116,0.0043315,0.014576,0.031956,0.0111,0.0023311,0.0012854,0.00076484,0.001059,0.0008487,0.00082971,0.024594,0.023329,0.026122,0.033137,0.043972,0.057972,0.080041,0.12508,0.44142,0.18337,0.086929,0.040053,0.021664,0.011594,0.0073918,0.0037925,0.0042992,0.077779,0.0070234,0.0022327,0.001308,0.0026836,0.0037356,0.004717,0.0076072,0.016684,0.0044883,0.0057624,0.0013836,0.00093568,0.00072626,0.00067978,0.0014342,0.00098419,0.014525,0.0024331,0.0026487,0.0036623,0.0048343,0.0066738,0.0092307,0.017174,0.043416,0.011966,0.010981,0.0059306,0.0054439,0.0058993,0.006032,0.0061605,0.0064832,0.10402,0.010136,0.0079911,0.010541,0.010654,0.012016,0.01455,0.019885,0.033419,0.098332,0.03447,0.01425,0.0085666,0.005984,0.0062119,0.0025554,0.0031491,0.061168,0.0063354,0.002507,0.0018007,0.00094784,0.0011184,0.00069047,0.00097137,0.0057717,0.019432,0.0061591,0.0022739,0.0011749,0.0013009,0.00080773,0.00091018,0.00096322,0.0337,0.0034984,0.0025066,0.0026104,0.002812,0.0027227,0.0043074,0.0073629,0.015764,0.0398,0.012521,0.0055642,0.0038974,0.003116,0.0027091,0.0025977,0.0024491,0.069648,0.023111,0.018914,0.018468,0.020682,0.024625,0.032609,0.057193,0.22357,0.16053,0.083228,0.027676,0.016365,0.011458,0.0085918,0.0053039,0.0055714,0.0079671,0.0030957,0.0030443,0.0038184,0.0035157,0.0036596,0.0050559,0.0067688,0.012338,0.040489,0.016681,0.0078126,0.0044524,0.0034331,0.0021508,0.00071761,0.0001278,0.0011482,0.0046788,0.0043491,0.004845,0.0054266,0.0054633,0.0068476,0.013634,0.028705,0.037176,0.021779,0.0078144,0.0041885,0.0025599,0.0016166,0.0010465,0.00071717
0.028948,0.0079747,0.0040479,0.0056871,0.0063613,0.0067175,0.0091886,0.01504,0.036352,0.033386,0.02137,0.0070783,0.0048017,0.0052522,0.0033366,0.0016463,0.0018788,0.017254,0.0032941,0.002297,0.0021114,0.0025412,0.0029316,0.0034237,0.0046785,0.012508,0.0093495,0.008967,0.003455,0.0022062,0.0013463,0.0013662,0.0011148,0.00096131,0.0041314,0.0017445,0.0022236,0.0023717,0.0026246,0.0030763,0.0033956,0.0045262,0.01398,0.01292,0.013782,0.0041006,0.0023899,0.0015805,0.00095036,0.00057601,0.00046538,0.0087644,0.0039279,0.0056341,0.0099282,0.015495,0.023823,0.039008,0.07034,0.18143,0.42128,0.10122,0.068123,0.053023,0.045996,0.040869,0.038993,0.0381,0.025736,0.0067595,0.0031797,0.001406,0.0016656,0.0011571,0.0012714,0.0021776,0.0062823,0.017093,0.0060472,0.0040084,0.0030153,0.0028565,0.0020019,0.0026414,0.0014324,0.0038376,0.0029338,0.0027293,0.0030549,0.0035056,0.0040382,0.005086,0.0077044,0.019612,0.063304,0.0047897,0.0030235,0.0018736,0.0013461,0.00057575,0.00031839,0.00017166,0.052693,0.0053622,0.0049511,0.0050534,0.0065536,0.0082879,0.011552,0.022728,0.048976,0.1707,0.035163,0.021376,0.016147,0.013841,0.013469,0.010219,0.011006,0.017899,0.0059148,0.0032645,0.0019629,0.0018972,0.0022591,0.0019023,0.0026064,0.0064517,0.0083668,0.0056135,0.0019229,0.00081211,0.00078628,0.00015743,9.8788e-05,4.9584e-05,0.012379,0.0037114,0.0020364,0.0022264,0.002066,0.0026603,0.0028773,0.0036576,0.0068399,0.021549,0.0091227,0.0034788,0.0020939,0.0013679,0.0011104,0.0011005,0.00090791,0.016028,0.011357,0.010824,0.012394,0.015019,0.018849,0.027788,0.046552,0.13303,0.12816,0.069545,0.043845,0.033611,0.027012,0.023809,0.022854,0.023478,0.0060349,0.0012608,0.0011309,0.00073191,0.0014126,0.0011547,0.0019515,0.0018906,0.007291,0.050935,0.0098867,0.0041405,0.0032832,0.0028734,0.0029763,0.0026343,0.0026017,0.0015259,0.00069625,0.00075147,0.0011091,0.001229,0.0014996,0.0021193,0.0041116,0.014735,0.088723,0.0040815,0.0018132,0.0016274,0.001584,0.0013287,0.0012833,0.0013275
0.0040303,0.0042326,0.0040249,0.0041919,0.0038649,0.0039794,0.0060605,0.0082238,0.021911,0.062366,0.014266,0.0042749,0.0031605,0.0038864,0.0013323,0.001175,0.00043297,0.0084439,0.0022213,0.0019363,0.0016806,0.0015995,0.0027416,0.0031204,0.0040569,0.0096277,0.014569,0.0071239,0.0025003,0.0015798,0.0010403,0.00059296,0.00028006,0.00019263,0.0080835,0.0016887,0.0017554,0.0020894,0.0020188,0.0023028,0.0027525,0.0035766,0.0080179,0.038717,0.010626,0.0037062,0.0021124,0.0016519,0.00088884,0.00070008,0.00069812,0.02698,0.032676,0.034139,0.036192,0.041024,0.048354,0.061912,0.09509,0.24052,0.31868,0.097556,0.05344,0.036487,0.027617,0.023747,0.019345,0.019011,0.0016632,0.0039362,0.0025724,0.0022554,0.0020097,0.0024074,0.0031541,0.0040419,0.012111,0.0098637,0.0039661,0.0015917,0.0012608,0.00036882,0.00049642,0.0013896,0.00049212,0.0067082,0.0036945,0.0041182,0.0043344,0.0050152,0.0056136,0.0074191,0.011067,0.025846,0.0082982,0.012457,0.0064346,0.0043385,0.0032018,0.0026319,0.0021226,0.0022412,0.03266,0.0026417,0.0012378,0.0016774,0.0018098,0.0024315,0.0038066,0.0068156,0.025042,0.10408,0.012675,0.0067895,0.0051035,0.0049681,0.0037274,0.0032605,0.004221,0.0029622,0.0031943,0.0016438,0.001486,0.0012045,0.0012206,0.0020521,0.0025371,0.0055767,0.006764,0.0035464,0.0015566,0.0010996,0.00063854,0.00092326,0.00064599,0.00060084,0.00043679,0.0022038,0.00168,0.0019813,0.0021917,0.0023974,0.0030255,0.0043432,0.011196,0.030194,0.0071041,0.0032138,0.0022146,0.0018216,0.0017201,0.0014445,0.0014248,0.014618,0.0098499,0.022148,0.02501,0.010594,0.038435,0.02815,0.050347,0.16582,0.16382,0.12614,0.037852,0.03514,0.033079,0.018379,0.028411,0.013478,0.0047379,0.0031015,0.0020819,0.0042456,0.0020862,0.0040745,0.0049723,0.0050242,0.02004,0.034341,0.02364,0.0052696,0.0068062,0.0057771,0.0019713,0.0050534,0.00050355,0.0022755,0.00091002,0.0022758,0.002504,0.0012433,0.0037509,0.0014883,0.0043414,0.0028265,0.043904,0.018128,0.0042451,0.0032727,0.0029511,0.0013472,0.0017814,0.0015087
0.013779,0.0022035,0.0022556,0.0028745,0.0029597,0.0033172,0.0037935,0.004971,0.0081683,0.040164,0.0094123,0.0037522,0.0023519,0.0025662,0.0011548,0.00095396,9.5367e-05,0.0053368,0.00051673,0.00056748,0.00032816,0.00064772,0.00046789,0.00075979,0.00071861,0.0026866,0.019669,0.002122,0.00048101,0.00057902,0.00038819,0.00020763,0.00030344,0.0002289,0.0066739,0.00032521,0.0006461,0.00068202,0.00040977,0.0009485,0.00093633,0.0012072,0.0036573,0.015594,0.0077348,0.0031614,0.0018688,0.0014889,0.0013852,0.0014205,0.0011883,0.043936,0.03168,0.032887,0.036682,0.040155,0.046214,0.059771,0.087609,0.20714,0.48562,0.093144,0.046184,0.02992,0.021484,0.015458,0.012661,0.011576,0.01841,0.0015254,0.0015841,0.0013074,0.001439,0.001649,0.001843,0.0030333,0.0066445,0.019315,0.001927,0.0010021,0.00080109,0.00055582,0.0005898,0.00078178,0.00026323,0.00032234,0.0010312,0.001471,0.001648,0.0019676,0.0028195,0.0040141,0.0071596,0.017941,0.055604,0.012398,0.0069835,0.0052766,0.004533,0.004174,0.0036592,0.0036488,0.020748,0.0018588,0.00082204,0.00053388,0.0017801,0.00075113,0.0013267,0.0023797,0.013101,0.18111,0.019066,0.0072133,0.0041655,0.004622,0.0036692,0.002624,0.002758,0.01807,0.0010113,0.00072937,0.00059324,0.00076764,0.0012647,0.00087158,0.0014355,0.0043143,0.023579,0.00085228,0.00034127,0.0003854,0.00018127,0.00056435,0.00023154,0.00051882,0.0050088,0.0011526,0.00079409,0.0010471,0.0011304,0.0019142,0.0022317,0.0034856,0.011387,0.030853,0.0067358,0.0044267,0.0035807,0.0029425,0.0025505,0.0024812,0.0024376,0.031247,0.0057123,0.0061579,0.0065632,0.0076651,0.0091067,0.012021,0.01908,0.054795,0.080892,0.024283,0.015327,0.011139,0.009208,0.0062336,0.0071361,0.0075494,0.0029602,0.00062797,0.00064228,0.00016432,0.00045442,0.0006154,0.00075188,0.0014003,0.0030009,0.053933,0.0012368,0.00058968,0.00066473,0.00047362,0.00049386,0.00055778,0.00044251,0.00015258,0.0010286,0.0010582,0.001257,0.00172,0.0016724,0.002628,0.0048239,0.011205,0.081651,0.0034355,0.0025794,0.0021223,0.0017436,0.0015468,0.0014417,0.0014878
0.030274,0.0023255,0.0031332,0.0024719,0.0030153,0.0037977,0.0042109,0.0057686,0.0098338,0.013762,0.0085348,0.0046497,0.0024671,0.0030735,0.00019952,0.00086581,0.00086214,0.0075246,0.0005939,0.0011075,0.00093854,0.0004315,0.001088,0.0015375,0.0020512,0.0034834,0.0068204,0.0040325,0.0018514,0.0010278,0.00080714,0.00065342,0.00063428,0.00058939,0.0054742,0.0015535,0.0015343,0.0017001,0.0017219,0.0024549,0.0031825,0.0029472,0.0065341,0.011517,0.0060112,0.0028723,0.001571,0.0010704,0.00066966,0.00057123,0.00048829,0.025755,0.0047137,0.0043466,0.006871,0.010095,0.014228,0.020973,0.036375,0.084298,0.40425,0.068955,0.042659,0.031714,0.026756,0.024053,0.022826,0.021784,0.026965,0.0012995,0.0009102,0.00094673,0.00076614,0.0011107,0.0017895,0.0024309,0.0051876,0.018363,0.0046776,0.0022907,0.0017977,0.001122,0.001377,0.0011093,0.0013638,0.0029164,0.0020709,0.0020456,0.0023672,0.0027967,0.0029843,0.0034648,0.0055831,0.011252,0.070278,0.0054638,0.003028,0.0019151,0.0012292,0.0009479,0.00071862,0.00076867,0.0031777,0.008458,0.0091651,0.009867,0.010362,0.012266,0.01584,0.019467,0.032943,0.05738,0.053572,0.021084,0.012318,0.0090842,0.0061811,0.0049887,0.0043793,0.025542,0.0014655,0.0011609,0.0014733,0.0013516,0.0011595,0.0018403,0.0018697,0.0037816,0.0081169,0.0042044,0.0019889,0.0012116,0.00064632,0.00049706,0.00053461,0.00036432,0.0072385,0.00052082,0.00041328,0.00063996,0.00096291,0.00091324,0.0011913,0.0018474,0.0039615,0.037192,0.0043404,0.0020926,0.0014673,0.0011877,0.0012696,0.001115,0.0010777,0.035435,0.0035709,0.0030705,0.0041927,0.0047191,0.0056269,0.0085483,0.015678,0.041198,0.17317,0.025749,0.014435,0.010892,0.0098085,0.0097579,0.0081261,0.0068055,0.0047246,0.0017928,0.0015609,0.0014164,0.001739,0.0020874,0.0021279,0.0032153,0.0053487,0.04178,0.0058224,0.0024193,0.0015081,0.00077128,0.00076017,0.00037095,4.0065e-05,0.001257,0.0025576,0.0027276,0.0027573,0.0028759,0.0039272,0.0043749,0.0069785,0.012167,0.075125,0.012328,0.0057653,0.0038159,0.0027977,0.0025382,0.0021032,0.0019169
0.031683,0.0015912,0.0021377,0.0028769,0.0024186,0.0027761,0.003458,0.0040271,0.0041506,0.04707,0.01544,0.0069279,0.0043947,0.0025284,0.0050435,0.0027966,0.0035191,0.0063802,0.00037095,0.00073194,0.00088791,0.00032774,0.0007224,0.001286,0.00095072,0.0019928,0.022617,0.003783,0.0010052,0.00068751,0.00052061,0.00046986,0.00040188,0.00031851,0.0070478,0.00033859,0.00044933,0.00046475,0.00026632,0.00062657,0.00070739,0.0013754,0.0013371,0.036183,0.0079636,0.0031163,0.002232,0.0018913,0.0013439,0.0011489,0.001276,0.015076,0.0076373,0.0085135,0.0077864,0.0095531,0.012452,0.015789,0.024668,0.046662,0.3165,0.057963,0.030713,0.022441,0.018215,0.017244,0.014268,0.013832,0.027653,0.00050989,0.00061298,0.001135,0.0010559,0.0010411,0.0013632,0.0022265,0.0038052,0.018317,0.0034177,0.0014252,0.00096608,0.0008401,0.00019397,0.00082602,0.00030135,0.0022087,0.0012585,0.0013629,0.0015336,0.0019439,0.0022824,0.0037487,0.0058133,0.01395,0.060394,0.010699,0.0067216,0.0048867,0.0043333,0.0036589,0.003391,0.0033036,0.013251,0.0035591,0.0044323,0.0048473,0.0047574,0.0050209,0.0055692,0.0074659,0.013159,0.11571,0.054035,0.01353,0.006801,0.0042781,0.0050959,0.0029372,0.0023823,0.027163,0.00083267,0.00062009,0.00032807,0.00038738,0.00062825,0.00066956,0.0010633,0.0039969,0.022517,0.0031591,0.00063852,0.00026421,0.00033163,0.00019525,4.3132e-05,5.9135e-05,0.0049706,0.0032842,0.0035044,0.0038756,0.004376,0.0047465,0.0059805,0.0076667,0.016056,0.031985,0.016659,0.0062199,0.003455,0.0023148,0.0015144,0.0010066,0.0010033,0.032221,0.0092733,0.0082959,0.011123,0.011712,0.013707,0.017962,0.026303,0.053892,0.151,0.041249,0.018164,0.013221,0.0099971,0.0085786,0.0073687,0.0063573,0.0048772,0.0014518,0.0012834,0.0018297,0.0018239,0.0019128,0.0029035,0.0044007,0.009532,0.040124,0.0059124,0.0037427,0.0027493,0.0025902,0.0016316,0.0018509,0.0018788,0.0018578,0.0009515,0.00094345,0.0013327,0.0019448,0.0027167,0.0041932,0.0064233,0.017417,0.080946,0.011951,0.0077988,0.0059261,0.0050669,0.0043419,0.0043977,0.0043374
0.02805,0.0021109,0.0028672,0.0034251,0.0034138,0.0045738,0.0051385,0.0065663,0.024701,0.032969,0.020033,0.0074751,0.0054665,0.0039086,0.0059839,0.0046046,0.0027504,0.0009327,0.0018461,0.0015356,0.0023071,0.0027811,0.0027134,0.0035515,0.0047699,0.011046,0.0024826,0.010929,0.0041311,0.0028936,0.002262,0.0019362,0.0018754,0.0016041,0.0066205,0.0021116,0.0022884,0.002307,0.0026221,0.002844,0.0034201,0.004619,0.010818,0.025059,0.012432,0.0039331,0.0022472,0.0015955,0.0013099,0.00083359,0.00085639,0.00023842,0.018673,0.020209,0.021084,0.023329,0.02681,0.035097,0.051988,0.11591,0.48525,0.058515,0.031039,0.021701,0.015656,0.012693,0.011438,0.011759,0.029387,0.00070288,0.00085337,0.00084905,0.00065377,0.00066111,0.00068299,0.0011584,0.0020887,0.015563,0.0013586,0.00092137,0.00076683,0.00064447,0.0011221,0.00059629,0.00026894,0.00033187,0.0030287,0.0030644,0.003122,0.0033999,0.0042958,0.0053592,0.0081379,0.021041,0.062445,0.0094464,0.0051699,0.0036062,0.0027816,0.0024987,0.0023912,0.0021744,0.018372,0.0033721,0.0021886,0.0036906,0.006046,0.0072766,0.0055088,0.0027157,0.045574,0.062626,0.064796,0.012461,0.0087861,0.010624,0.010989,0.0071159,0.0038491,0.027239,0.001624,0.00096232,0.00094412,0.0019421,0.0027238,0.0025341,0.0014028,0.0067382,0.0112,0.0050825,0.0032447,0.0012755,0.001655,0.00098726,0.00146,0.0013638,0.013806,0.0028099,0.0019465,0.0024492,0.0041482,0.0058342,0.006179,0.0041035,0.013199,0.030254,0.029451,0.012773,0.0053546,0.00039243,0.00291,0.0047154,0.0056115,0.056119,0.014925,0.015094,0.01591,0.018054,0.021218,0.027233,0.039643,0.098325,0.098366,0.047734,0.022436,0.014729,0.010355,0.0082945,0.0098566,0.007084,0.0038434,0.0024149,0.0018872,0.0021588,0.0025221,0.0029393,0.0036767,0.0060891,0.01446,0.030753,0.0040739,0.0036536,0.0025632,0.0021951,0.0021537,0.0011609,0.0013829,0.0075113,0.0045445,0.0048872,0.0054096,0.0058354,0.0067291,0.0081331,0.012288,0.031541,0.063514,0.0082924,0.0060191,0.0033461,0.0021434,0.0016121,0.0010798,0.00059511
0.027811,0.0010768,0.0021555,0.0006472,0.0011411,0.0028073,0.0031572,0.0060117,0.025411,0.057795,0.011543,0.0061233,0.0039272,0.0030672,0.0039958,0.0032576,0.0029584,0.0001316,0.0010133,0.00088242,0.0003857,0.00055315,0.0011683,0.0013418,0.0029899,0.010772,0.022988,0.0055637,0.0028967,0.0019397,0.0018451,0.0014456,0.001255,0.0013714,0.0030442,0.00049487,0.00020581,0.00045451,0.00022352,0.0010347,0.00037359,0.0015157,0.0076805,0.027622,0.0040059,0.00097864,0.00097408,0.0008381,0.00051752,0.00050984,0.00062563,0.0027924,0.050107,0.026172,0.051087,0.048811,0.051402,0.098159,0.055573,0.39282,0.24111,0.23694,0.050199,0.081765,0.049724,0.045258,0.050963,0.033116,0.028035,0.0014884,0.002214,0.0014286,0.003093,0.0019228,0.0052037,0.0016955,0.015329,0.015418,0.011216,0.0017538,0.0037426,0.0017132,0.0014996,0.0011074,0.0033074,0.0022602,0.0013098,0.00094201,0.0013378,0.0016838,0.0013576,0.0039501,0.00070933,0.024299,0.018443,0.0067652,0.0028643,0.0019617,0.0020215,0.00081605,0.0020083,0.00078011,0.016608,0.00079731,0.00033185,0.002317,0.0044386,0.0067571,0.0089515,0.018748,0.06638,0.11422,0.072901,0.024627,0.015894,0.01406,0.010292,0.011989,0.011923,0.031193,0.0013759,0.00063066,0.00032837,0.00070681,0.0020311,0.002566,0.0031498,0.015797,0.028384,0.0037385,0.0031208,0.00099116,0.0019393,0.0015448,0.0015773,0.0016594,0.013884,0.0030514,0.0033824,0.0036386,0.0039649,0.0047619,0.0062679,0.010512,0.031971,0.035204,0.01952,0.0078534,0.0043843,0.0033092,0.0026696,0.0024541,0.0023861,0.027853,0.01386,0.014461,0.016167,0.018785,0.022416,0.029788,0.05131,0.14226,0.18406,0.060407,0.033609,0.023943,0.020387,0.017808,0.017786,0.015692,0.0020028,0.00079638,0.0011687,0.0010465,0.0013646,0.0022599,0.0030682,0.0054744,0.016773,0.023815,0.0083752,0.0046446,0.003412,0.0031769,0.0030269,0.0016229,0.0025254,0.0015145,0.0049279,0.0050498,0.0052384,0.0056563,0.0073209,0.0093038,0.013613,0.037826,0.027864,0.013546,0.0065157,0.0044727,0.0032478,0.002685,0.0024468,0.0023155
0.026356,0.0014045,0.0014392,0.0020149,0.0023552,0.0024057,0.0060115,0.009912,0.036231,0.019264,0.007241,0.0077426,0.0061905,0.0055498,0.0049527,0.0044004,0.0035821,0.00051881,0.0013461,0.001229,0.0014395,0.0014367,0.0018562,0.002209,0.0042612,0.013768,0.019434,0.0018876,0.002302,0.0019126,0.0015995,0.0016136,0.0013559,0.0012894,0.0046788,0.00097666,0.00087778,0.00090157,0.0013185,0.00097133,0.0020072,0.0023908,0.0071904,0.029692,0.004752,0.00042241,0.00042106,0.00039629,0.00038012,0.00024572,8.963e-05,0.0055905,0.020999,0.021689,0.023603,0.026397,0.031711,0.040926,0.063628,0.1952,0.15871,0.036005,0.021036,0.013147,0.0092066,0.0040962,0.0039082,0.0015354,0.028584,0.00056671,0.00064929,0.00039161,0.00070945,0.00059144,0.0010369,0.0015068,0.0020424,0.022132,0.0042453,0.0012039,0.00073228,0.00094426,0.00083739,0.0012443,0.000515,7.0576e-05,0.0024178,0.0027534,0.0029165,0.0034965,0.0044524,0.0057026,0.011007,0.027862,0.050831,0.0091871,0.0055573,0.0042589,0.0033574,0.0030947,0.0033369,0.0028668,0.012259,0.0045033,0.0063405,0.0069342,0.0080619,0.012438,0.018092,0.029428,0.096336,0.034507,0.1067,0.034918,0.025317,0.021498,0.018323,0.016912,0.017058,0.028269,0.0014426,0.0011601,0.0011838,0.0010964,0.0027489,0.0031946,0.0058181,0.017452,0.012512,0.008369,0.0031618,0.0024087,0.0022277,0.0021558,0.0020413,0.0019131,0.010014,1.7093e-05,0.0004529,0.00081193,0.0013858,0.0021207,0.0031923,0.0085981,0.030256,0.027687,0.010778,0.0025291,0.0028838,0.0026353,0.0025108,0.0022482,0.0025216,0.034636,0.0086435,0.014161,0.020481,0.027734,0.036211,0.048498,0.074622,0.18502,0.08928,0.021901,0.013756,0.0098389,0.0092976,0.0097123,0.0087909,0.011595,0.0005703,0.0006573,0.0012261,0.0021361,0.0024196,0.0035378,0.0052606,0.0073668,0.020509,0.0082079,0.0069433,0.0012716,0.0020517,0.0028214,0.0029167,0.0027869,0.002554,0.0028096,0.002004,0.0045277,0.0068025,0.0091496,0.011773,0.015607,0.022824,0.049481,0.044524,0.0086418,0.0012808,0.0027493,0.0032129,0.0034812,0.003075,0.003294
0.028218,0.0047226,0.0055276,0.0050931,0.0069322,0.0082432,0.010227,0.018356,0.059767,0.072645,0.015692,0.0067431,0.0050915,0.0044738,0.0042804,0.0034542,0.0031472,0.00075724,0.0019995,0.001809,0.0021576,0.0023749,0.0025298,0.0035714,0.0058277,0.019533,0.021633,0.0076859,0.0020625,0.0014164,0.00085931,0.00048926,0.00060072,0.00032234,0.0033131,0.00045078,0.00054813,0.00065993,0.00061687,0.001017,0.0013082,0.0035268,0.0071966,0.031037,0.0075146,0.0012077,0.00065977,0.00041592,0.00065826,0.00036644,0.00032999,0.040213,0.029258,0.02865,0.031941,0.035187,0.042132,0.055671,0.090214,0.26789,0.456,0.067307,0.038031,0.025457,0.019552,0.01521,0.013485,0.013964,0.026699,0.00085898,0.00062473,0.00078394,0.00092365,0.001327,0.0013845,0.0029138,0.0064484,0.021932,0.0036266,0.0017718,0.00091969,0.00090942,0.00032634,0.0017422,0.00020217,0.0029049,0.0017416,0.0017608,0.0018782,0.0022364,0.0028401,0.0041488,0.0038498,0.028902,0.011369,0.0086925,0.00433,0.0035802,0.0030362,0.0029256,0.0024394,0.0027562,0.019476,0.0010561,0.0020209,0.0022949,0.0049696,0.0065916,0.011553,0.027049,0.10358,0.087487,0.069148,0.0097602,0.0083987,0.0073023,0.010262,0.0080865,0.009184,0.02855,0.00070868,0.0009001,0.0010947,0.0015645,0.0010312,0.0020275,0.0033616,0.017396,0.022453,0.011484,0.00075705,0.00045371,0.00013773,0.00016617,0.00021386,0.0006714,0.0050088,0.0037208,0.0036011,0.0037748,0.0044868,0.0052046,0.0070827,0.011144,0.043051,0.021999,0.026263,0.0069971,0.0051969,0.0038879,0.0030456,0.0028116,0.0024911,0.03426,0.003068,0.0058116,0.0079712,0.011989,0.017863,0.028687,0.049206,0.22878,0.18375,0.070422,0.043934,0.034796,0.030454,0.026944,0.023128,0.025471,0.0028401,0.0010848,0.0013767,0.0017119,0.0017757,0.0022407,0.0030145,0.0045925,0.017366,0.014502,0.0015253,0.0022622,0.001579,0.0015019,0.0012712,0.0023569,0.0018216,0.0027371,0.00055777,0.00071046,0.0013246,0.0020891,0.0031875,0.0050775,0.0083859,0.041153,0.010216,0.0060212,0.0066413,0.0057216,0.0049364,0.0044709,0.0045692,0.0039807
0.011957,0.0040321,0.0059938,0.0061472,0.0063406,0.0087521,0.011678,0.020106,0.065101,0.061621,0.0040265,0.0068156,0.0049875,0.0034992,0.0042492,0.0026951,0.0030308,0.00098039,0.0014603,0.0011881,0.0012536,0.0012075,0.0017794,0.0025305,0.0047103,0.019537,0.029705,0.0020313,0.0025873,0.0021513,0.0018512,0.0017455,0.0015455,0.001545,0.0036679,0.00040343,0.00021338,0.00040334,0.0005063,0.00097462,0.0018084,0.0021395,0.0065979,0.037091,0.0046475,0.0022283,0.0017414,0.001416,0.0015324,0.0013047,0.0014057,0.0029965,0.0091217,0.008698,0.011319,0.014227,0.019339,0.030475,0.052609,0.24881,0.23501,0.057834,0.03892,0.031324,0.026516,0.024568,0.024968,0.023218,0.019284,0.00022054,0.00045948,0.00074748,0.00054499,0.00092692,0.0013824,0.0010898,0.0051557,0.020816,0.0026518,0.0005297,0.00057344,0.00026836,7.3288e-05,0.001115,0.00086976,0.0023651,0.0012129,0.0016344,0.0017781,0.0020781,0.002411,0.0032831,0.0094304,0.027392,0.033264,0.0050032,0.0030488,0.0024478,0.0019077,0.0018209,0.001439,0.0020142,0.034928,0.012275,0.012945,0.013751,0.015476,0.018437,0.023254,0.034018,0.14072,0.0329,0.11569,0.022593,0.012592,0.0087799,0.0092116,0.0059111,0.0057984,0.02151,0.00064713,0.00049808,0.00073808,0.0011181,0.0017457,0.002224,0.0057538,0.021776,0.015016,0.028745,0.0049182,0.0036874,0.003186,0.0027398,0.0029238,0.0027028,0.00832,0.0020521,0.0015889,0.0018475,0.0023608,0.0030868,0.0039218,0.0087587,0.038171,0.035071,0.015447,0.0017962,0.0023619,0.0021562,0.0019437,0.0017898,0.0017548,0.011366,0.017196,0.018937,0.02052,0.024657,0.030198,0.041422,0.078575,0.2756,0.11714,0.048802,0.037954,0.028287,0.023917,0.021552,0.021469,0.02109,0.00045776,0.00027643,0.00076538,0.00045709,0.0010104,0.0011695,0.0022713,0.0034006,0.016055,0.0081735,0.011556,0.0026013,0.0024614,0.0015358,0.0015329,0.00098199,0.0023461,0.00103,0.0035611,0.0037005,0.0038263,0.0044677,0.005537,0.0069106,0.013741,0.043182,0.029665,0.011884,0.0042263,0.0027352,0.0022809,0.0016055,0.0014314,0.0013085
0.020291,0.0015296,0.0011875,0.0013648,0.0020762,0.0031562,0.0034934,0.0077646,0.073661,0.033343,0.014239,0.0037448,0.0044239,0.0037498,0.0058349,0.0021526,0.0028763,0.00055505,0.00087572,0.00098839,0.00080478,0.00073735,0.0019914,0.0015954,0.0032249,0.019934,0.016601,0.0060468,0.0006541,0.00066197,0.00042031,0.00033487,0.00024356,0.0004139,0.0041142,0.00039244,0.00038181,0.00036792,0.00040629,5.617e-05,0.00087513,0.0012434,0.0066869,0.031078,0.0051575,0.0012768,0.0008074,0.00066607,0.00091766,0.00063287,0.00050545,0.0068837,0.020092,0.020068,0.02146,0.025085,0.029801,0.03943,0.071056,0.28476,0.21071,0.047802,0.025711,0.01782,0.013872,0.011419,0.0098068,0.0083982,0.022253,0.00097291,0.00058721,0.00068812,0.00026613,0.00074023,0.00073473,0.0027368,0.0045233,0.021886,0.0005953,0.00054562,0.00025756,0.00019789,0.00091244,0.00049245,0.0019474,0.00065614,0.0016688,0.0018039,0.001949,0.002187,0.0027169,0.0040531,0.0059371,0.031188,0.031338,0.0013613,0.0020706,0.0015327,0.0012233,0.00094693,0.0011723,0.00066758,0.023642,0.0039482,0.0039974,0.0038053,0.0049513,0.0067547,0.010546,0.01811,0.13474,0.0055201,0.072601,0.0050959,0.0031871,0.0038204,0.0039048,0.0038006,0.0043126,0.024252,0.00066533,0.00039362,0.00053536,0.00042422,0.00078516,0.0014538,0.0031596,0.017897,0.010704,0.01033,0.0016736,0.0007889,0.00034558,0.00033887,0.00029924,0.00020789,0.0091535,0.0017253,0.0017485,0.0018967,0.0022756,0.002177,0.0032186,0.0073496,0.041515,0.017473,0.022402,0.0022634,0.001051,0.00091104,0.00075251,0.0005945,0.00044061,0.05329,0.019188,0.021229,0.022844,0.025664,0.031566,0.04259,0.067349,0.33226,0.092712,0.053872,0.027253,0.019871,0.015635,0.012909,0.012734,0.015253,0.0017033,0.00081323,0.0010415,0.00075009,0.001064,0.0013758,0.0017654,0.0030373,0.015206,0.0027219,0.0053021,0.0011443,0.00048527,0.00013034,0.00050137,0.00085236,0.0017452,0.0032368,0.0014512,0.0015402,0.0017632,0.0021415,0.0028193,0.0046695,0.0091696,0.049042,0.030184,0.0096697,0.0048002,0.0037073,0.0031868,0.0029617,0.0027786,0.0026265
0.017399,0.0034979,0.0036626,0.0031275,0.0035796,0.0041436,0.0050561,0.009624,0.089583,0.055572,0.012839,0.0055995,0.0039131,0.003062,0.0041911,0.0016705,0.0024491,0.0023938,0.00082685,0.00056222,0.00098049,0.00081141,0.00083209,0.0015238,0.0018801,0.01961,0.020249,0.0053673,0.0010021,0.00047905,0.00055549,0.00067408,0.00043266,0.00021936,0.0022907,0.00095126,0.0011938,0.00096822,0.0013546,0.0015383,0.0017492,0.0024075,0.0022259,0.029606,0.0063286,0.0016435,0.00081644,0.00048147,0.00031517,0.00041754,0.0002041,0.011757,0.0035396,0.0036123,0.0049584,0.0080415,0.011011,0.019033,0.039899,0.29445,0.31412,0.027022,0.020156,0.016828,0.014514,0.013689,0.013957,0.01342,0.018587,0.0011598,0.00047141,0.0008037,0.00040743,0.00054785,0.00063001,0.0017928,0.00674,0.022581,0.0039953,0.00039737,0.00043748,0.0003462,0.00086242,0.0006286,0.00066186,0.00016786,0.0011208,0.0015178,0.0014143,0.0017069,0.0015822,0.0022184,0.0049248,0.030484,0.029837,0.0032032,0.0012909,0.00085851,0.00052803,0.00015643,4.8268e-05,2.6703e-05,0.021057,0.0033111,0.0063741,0.0055802,0.0057808,0.0068875,0.00975,0.019407,0.17373,0.045313,0.079338,0.0046438,0.0040365,0.0036675,0.0048394,0.003219,0.0054513,0.021151,0.0011829,0.00089116,0.00070814,0.00073864,0.0014252,0.0013175,0.0013996,0.015999,0.015177,0.0099315,0.0014006,0.00045512,0.00097683,0.00057306,0.00052539,0.000391,0.0059129,0.00034319,0.00024574,0.00050203,0.00048973,0.0010375,0.0013325,0.003047,0.040251,0.019829,0.021142,0.0014406,0.0014819,0.00058738,0.00045378,0.00027995,0.00053024,0.0376,0.012167,0.010656,0.012043,0.014894,0.019017,0.027194,0.049447,0.36103,0.12214,0.042724,0.025958,0.019796,0.016452,0.015112,0.014561,0.01235,0.00026513,0.00018903,0.00036344,0.00041657,0.00027943,0.00033732,0.00087313,0.0012095,0.012955,0.0043135,0.0030615,0.0012164,0.0013606,0.00071049,0.0012087,0.0007374,0.00026131,0.0050755,0.0022443,0.0025133,0.0027591,0.0027816,0.003767,0.0049856,0.010012,0.058233,0.023931,0.0055969,0.0026453,0.0014818,0.0010388,0.00087559,0.00045739,0.00021935
0.016299,0.0026449,0.0022647,0.0026982,0.0037383,0.0044777,0.0065752,0.013259,0.091058,0.048772,0.017345,0.0057558,0.0045444,0.0029398,0.0037767,0.0041217,0.004057,0.0020562,0.0007612,0.00051579,0.00091319,0.0010273,0.0014036,0.0017455,0.0028088,0.023309,0.018291,0.0075192,0.0017996,0.0009291,0.00071292,0.00073481,0.00070409,0.00066376,0.0010014,0.00072329,0.00080601,0.00060185,0.00097475,0.00061319,0.00051012,0.0031022,0.0090322,0.026372,0.010483,0.0020435,0.0014981,0.0012208,0.0013346,0.00090314,0.00089836,0.01598,0.0085863,0.0094985,0.011302,0.011601,0.013823,0.018462,0.034049,0.30716,0.34541,0.013785,0.0114,0.0068848,0.0044928,0.0043585,0.0029811,0.00087358,0.016976,0.00051361,0.00011542,0.00049692,0.00090774,0.00073543,6.5027e-05,0.0013518,0.0093469,0.021061,0.0047392,0.001311,0.00021692,0.00010387,0.0005184,0.00037417,0.00083925,0.0018864,0.00067326,0.00079375,0.00053431,0.00069426,0.00073728,0.0007403,0.0038833,0.03096,0.033315,0.0016776,0.0012077,0.00068658,0.00048736,0.00049217,0.0002557,0.00049783,0.0023632,0.014382,0.013256,0.025739,0.021522,0.012273,0.045978,0.077267,0.13798,0.12168,0.019467,0.033861,0.014476,0.011012,0.0033001,0.0046524,0.0040417,0.020697,0.0009161,0.00036601,0.0010002,0.0018394,0.00066411,0.0034753,0.0076756,0.0073112,0.021432,0.0032747,0.002572,0.0024299,0.0022413,0.00102,0.0012835,0.0025349,0.0043355,0.0034768,0.0033011,0.003835,0.0055896,0.0039352,0.0087065,0.021617,0.019924,0.034346,0.020448,0.011952,0.0050134,0.0063464,0.0042244,0.0033728,0.005045,0.034026,0.02034,0.011387,0.022343,0.014524,0.039374,0.027468,0.12022,0.33015,0.14006,0.050201,0.053766,0.021298,0.038342,0.016096,0.034022,0.01475,0.00040437,0.0011238,0.00017037,0.0015813,0.00033293,0.0015328,0.00049316,0.0041193,0.0090724,0.0035495,0.0015577,0.0044057,0.0010535,0.0020599,0.00061365,0.0015201,0.00019456,0.0031796,0.0073385,0.0011027,0.0085377,0.0014278,0.010697,0.0021638,0.024717,0.044125,0.033996,0.011595,0.0082322,0.0028893,0.0029836,0.0019806,0.0010043,0.0018139
0.0063668,0.0012816,0.0014254,0.00074757,0.0013395,0.0014278,0.0023382,0.0026063,0.08793,0.037617,0.012146,0.0030107,0.0019506,0.0012851,0.0023378,0.00076877,0.0016213,0.0018006,0.0003215,0.00040251,0.00038351,0.00084031,0.00088271,0.00063784,0.0023754,0.023273,0.018177,0.0077056,0.0012978,0.0010877,0.00088819,0.0009353,0.00079162,0.00075914,0.0022145,0.00061656,0.00060882,0.00079068,0.00056522,0.0013222,0.0017917,0.0023023,0.016389,0.027928,0.0085814,0.0022988,0.001725,0.0014079,0.0010773,0.0014703,0.0011082,0.0071488,0.012261,0.01179,0.01596,0.028982,0.027674,0.044275,0.11247,0.42214,0.16285,0.16166,0.12419,0.050219,0.0424,0.068763,0.055366,0.024323,0.011236,0.00070373,0.00086616,0.0024888,0.0016098,0.00079095,0.0021097,0.0062956,0.014046,0.0091019,0.0076834,0.0067174,0.0019675,0.0022127,0.0037671,0.002603,0.0011349,0.0050965,0.0035202,0.0036587,0.0042471,0.0044401,0.0054078,0.0074754,0.008427,0.020616,0.032694,0.012929,0.0066647,0.0033334,0.0013511,0.00096458,0.0012104,0.0011292,0.027584,0.0037976,0.0060341,0.003668,0.0046541,0.0053981,0.0055002,0.010796,0.18809,0.037492,0.072511,0.0092346,0.0040487,0.0035745,0.0048336,0.0022783,0.00069048,0.015436,0.0012737,0.00027669,0.00036745,0.001596,0.0011632,0.002821,0.0015074,0.019124,0.015618,0.0029375,0.0022993,0.0018508,0.00090183,0.001107,0.00063114,0.0011501,0.003975,0.00095749,0.0011279,0.0010958,0.001275,0.0016274,0.003211,0.0037102,0.048944,0.020961,0.021368,0.0015152,0.00041062,0.0010099,0.00088655,0.00077765,0.00017548,0.024443,0.0079382,0.0062326,0.0084115,0.0094191,0.012882,0.017864,0.032193,0.35464,0.062915,0.027808,0.012732,0.0096306,0.0088861,0.0086275,0.0084819,0.0027562,4.9606e-05,0.00079871,0.00058976,0.00078655,0.00070117,0.00080994,0.0010164,0.0011703,0.011557,0.0049211,0.0049825,0.0016576,0.00076247,0.00043215,0.00094566,8.6845e-05,0.0018692,0.0057145,0.0020403,0.0024675,0.0023394,0.0025581,0.0035048,0.0055527,0.0090049,0.064857,0.014776,0.0032442,0.0026563,0.0016707,0.0010628,0.00072441,0.00045575,0.0007477
0.0011082,0.00044577,0.00046904,0.00085494,0.0016588,0.0012117,0.00025503,0.0055339,0.068502,0.031057,0.0028529,0.0030702,0.0023818,0.0015867,0.0022094,0.0029019,0.0012341,0.0053883,0.00099635,0.00073233,0.00069117,0.00072998,0.00054262,0.00080375,0.0015191,0.017408,0.014062,0.0050878,0.0015954,0.00085013,0.00051826,0.0002201,0.00055387,0.00054742,0.0054971,0.0014775,0.0015227,0.0016611,0.0017656,0.0022365,0.0028634,0.0044671,0.015518,0.026092,0.0015513,0.0030865,0.0018393,0.0011604,0.0010675,0.00063854,0.00037002,0.00072098,0.002869,0.0025578,0.0039731,0.0073704,0.0094418,0.015186,0.029252,0.31069,0.36154,0.045956,0.025224,0.01901,0.016715,0.015477,0.012809,0.013054,0.0055085,0.0011911,0.0006661,0.0011895,0.00027043,0.00065642,0.00083286,0.00099761,0.0053465,0.017467,0.003357,0.0016245,0.00086082,0.00080573,0.0003893,0.0008889,0.00097658,0.0013504,0.00095555,0.0011519,0.0012315,0.0018423,0.0021364,0.0033389,0.0061515,0.036273,0.041734,0.00757,0.0039178,0.0030075,0.0024763,0.0020879,0.0021585,0.0015946,0.029862,0.0015781,0.0026855,0.00081834,0.0019702,0.00097677,0.0038328,0.0018696,0.17047,0.038271,0.081521,0.0031305,0.0011991,0.001759,0.0050354,0.00011604,0.00017929,0.0096723,0.0011655,0.00026841,0.00044078,0.0017885,0.0010842,0.002389,0.001595,0.014436,0.014046,0.0048974,0.0020246,0.0016853,0.00088934,0.00083936,0.00096626,0.0012226,0.0014458,0.00046843,0.00055478,0.00077397,0.0011566,0.0011452,0.0022363,0.0034902,0.043012,0.016968,0.016492,0.0030704,0.0021374,0.001793,0.0016219,0.0014717,0.00091173,0.01323,0.00038239,0.00289,0.0035347,0.0060233,0.0090004,0.015628,0.038584,0.33654,0.0098066,0.029027,0.013852,0.013153,0.011593,0.010636,0.010631,0.0087053,0.0034924,0.0015095,0.00045344,0.00067745,0.00043373,0.00091942,0.0005128,0.0017357,0.011516,0.003331,0.0043816,0.0014509,0.00067352,0.00077705,0.00045106,0.00053229,0.00012399,0.0035344,0.0017686,0.0018364,0.0018738,0.002534,0.0029033,0.0043174,0.0077523,0.065297,0.025961,0.005625,0.0048423,0.0030431,0.0027694,0.0023818,0.0021179,0.0024777
0.0064679,8.3613e-05,0.00082298,0.00085083,0.0017411,0.0015181,0.0020625,0.0038953,0.083593,0.045538,0.013354,0.0045772,0.0031217,0.0033093,0.004247,0.0013355,0.0023976,0.0053655,0.00097031,0.00079103,0.00034775,0.0010243,0.00014722,0.00088837,0.0015736,0.018506,0.012009,0.0048782,0.0011549,0.00039182,0.00042466,0.00035692,0.00021711,0.00011254,0.0036584,0.001032,0.00074301,0.00078294,0.00095227,0.00078047,0.0013196,0.0016683,0.0080444,0.03002,0.0068113,0.0016512,0.00066664,0.00037394,0.00012488,0.00026139,0.00035859,0.010647,0.0049662,0.0067963,0.0060561,0.0073319,0.0098335,0.014425,0.031676,0.29769,0.33159,0.0090046,0.0028118,0.0031486,0.0019696,0.0037623,0.0022291,0.00082017,0.0083677,0.00027658,0.0001454,0.00063099,0.00020132,0.00042002,0.00025228,0.0025856,0.007682,0.018374,0.0019138,0.00072829,0.00059176,0.00070243,0.00059122,0.00063184,0.0006733,0.00024222,0.00076373,0.00065928,0.00063989,0.00097629,0.001873,0.0027471,0.005813,0.031779,0.039188,0.0027622,0.0033767,0.0024206,0.0019475,0.0018609,0.0016099,0.0015431,0.031174,0.0032882,0.0020947,0.0027622,0.0030364,0.0038133,0.0063488,0.0096221,0.18731,0.036645,0.068468,0.017297,0.0097752,0.0077456,0.0073504,0.0072206,0.0035134,0.011559,0.00073744,0.00072702,0.00055684,0.00054311,0.00060815,0.00037552,0.0020062,0.014248,0.01456,0.0063403,0.00074333,0.00079768,0.00033508,0.00042152,6.1399e-05,8.0094e-05,0.0041409,0.00038314,0.00025918,8.7468e-05,0.00016664,0.00049942,0.00014836,0.002637,0.041395,0.014085,0.017721,0.0039976,0.0020601,0.0011994,0.0007561,0.00070462,0.00040628,0.0063973,0.012163,0.012129,0.013684,0.015142,0.018072,0.024962,0.045657,0.36358,0.063681,0.034299,0.014376,0.011829,0.0096721,0.0073423,0.0066804,0.01133,0.0030232,0.0010661,0.00066664,0.00049185,0.0007525,0.00067039,0.00098774,0.0021028,0.011718,0.0017067,0.0056179,0.0014468,0.00070173,0.00040361,0.00035674,0.00025406,0.00029565,0.0034504,0.00011986,0.00072744,0.0010029,0.0015487,0.0017893,0.0036472,0.0084886,0.061045,0.029996,0.0087604,0.0045834,0.0034484,0.0030168,0.0027874,0.0025995,0.0023861
0.0034085,0.0045566,0.0042469,0.003107,0.0041244,0.0070152,0.008163,0.0096594,0.11518,0.056502,0.015657,0.0052243,0.0040379,0.0039676,0.0044287,0.0028501,0.0028325,0.0018292,0.0010098,0.0014991,0.0013546,0.0030078,0.00073629,0.0012766,0.0015532,0.025586,0.015624,0.0074298,0.0011174,0.0010212,0.001009,0.00060084,0.00068722,0.0008526,0.0020485,0.00118,0.0013034,0.00036287,0.002297,0.0030127,0.0027246,0.0020556,0.013227,0.030413,0.01018,0.0021768,0.0015054,0.0014573,0.0015984,0.0010178,0.00063326,0.0088445,0.0082227,0.0098053,0.0065165,0.011904,0.013728,0.016213,0.034376,0.26662,0.37483,0.062392,0.03392,0.024216,0.020772,0.019589,0.015916,0.014693,0.0058366,0.0011323,0.00030595,0.0039079,0.0023092,0.00068016,0.00035121,0.0038146,0.011162,0.01804,0.002875,0.0015513,0.001176,0.000969,0.00088646,0.0011599,0.00031281,0.003109,0.002573,0.0025661,0.0021913,0.0029313,0.0046298,0.005762,0.0074222,0.038627,0.038418,0.0070278,0.0032921,0.002158,0.0018337,0.0014768,0.0012066,0.001442,0.035225,0.00083822,0.0023927,0.0011217,0.0043386,0.0024708,0.0046145,0.0079982,0.21817,0.051716,0.071195,0.008025,0.0041487,0.0047877,0.0025913,0.0043386,0.00037003,0.012493,0.00094585,0.0011084,0.0014258,0.0027288,0.0015007,0.00058996,0.0023568,0.018702,0.015131,0.0047507,0.0017873,0.0024568,0.0010347,0.0011006,0.00098295,0.00065611,0.0027447,0.00094202,0.00044157,0.0016436,0.002482,0.001265,0.0018879,0.0073025,0.048043,0.0178,0.021923,0.00085835,0.0010235,0.00058565,0.00017692,9.7877e-05,0.00036431,0.0040532,0.0084022,0.010231,0.0071314,0.012565,0.014633,0.018034,0.032519,0.34809,0.096053,0.032839,0.011591,0.0070871,0.0066301,0.0055833,0.0035482,0.0042401,0.0012951,0.00021387,0.00058261,0.0041361,0.0019361,0.0012205,0.0013344,0.0013347,0.010564,0.0010221,0.0039016,0.0012905,0.00082266,0.001376,0.00019625,0.00052749,0.0013409,0.002884,0.0013858,0.0015041,0.00057908,0.0017314,0.004343,0.005204,0.0065436,0.074337,0.023951,0.0096403,0.0026327,0.0018259,0.0014567,0.0012241,0.0011178,0.0011177
0.0061437,0.0069366,0.0083755,0.0081045,0.010432,0.010875,0.020876,0.042141,0.08413,0.040793,0.0098492,0.013989,0.013474,0.010968,0.0097178,0.010102,0.0099317,0.002779,0.0021519,0.00064069,0.0039852,0.002094,0.0031787,0.0019006,0.010249,0.027625,0.0026262,0.0061835,0.0011181,0.00019126,0.00029881,0.00016738,8.485e-05,0.00017739,0.0051175,0.0028618,0.0023453,0.0020258,0.002792,0.0033292,0.0055908,0.014411,0.040943,0.0068674,0.006307,0.0014803,0.00097978,0.00046734,0.00040329,0.00042202,8.5831e-05,0.024327,0.022392,0.025913,0.024482,0.026792,0.030389,0.034977,0.0347,0.62174,0.25122,0.074136,0.039199,0.02508,0.017764,0.014268,0.01061,0.012901,0.0052033,0.0013323,0.00061994,0.005506,0.0015276,0.0012852,0.00047036,0.0091212,0.021131,0.0038594,0.0035261,0.0013204,0.0014972,0.0013876,0.00051795,0.0026113,0.0021401,0.0053311,0.0050041,0.005331,0.0074178,0.0076069,0.0094787,0.013138,0.042837,0.0038543,0.045906,0.021512,0.013941,0.011074,0.0095375,0.0086521,0.0077906,0.0081464,0.039208,0.0051735,0.0057619,0.0065609,0.011308,0.013158,0.020533,0.054443,0.175,0.0058268,0.09364,0.034308,0.026064,0.023615,0.020356,0.019375,0.019821,0.011311,7.9867e-05,0.00055664,0.0041109,0.0013891,0.001613,0.0045032,0.0080561,0.02186,0.0036606,0.004225,0.0011086,0.0026895,0.0018101,0.0015594,0.0014923,0.0016251,0.0074159,0.0047205,0.004156,0.0032794,0.0044964,0.0068047,0.009871,0.028944,0.05871,0.0088859,0.023652,0.0094156,0.005749,0.0052352,0.0049612,0.0043429,0.0041886,0.0090352,0.011908,0.021458,0.026589,0.038279,0.046122,0.055027,0.11275,0.29282,0.019831,0.040434,0.037403,0.031871,0.024873,0.01788,0.0080776,0.0016423,0.0015545,0.0024415,0.0027677,0.0035041,0.0017084,0.002007,0.0029604,0.0089479,0.0070228,0.0049892,0.0051955,0.0018284,0.00084242,0.00098225,0.0010755,0.00067066,0.0020924,0.0037461,0.0084548,0.010908,0.013695,0.018042,0.023142,0.030541,0.059643,0.042171,0.023742,0.0067696,0.0084593,0.010393,0.011766,0.012486,0.012366,0.012657
0.0022412,0.0031749,0.0040074,0.0037746,0.0029815,0.011555,0.020512,0.078818,0.2153,0.021591,0.016792,0.011996,0.010761,0.010744,0.0098389,0.010142,0.0041485,0.0083886,0.0029718,0.0031688,0.0034987,0.0028119,0.0047404,0.0066382,0.014965,0.016676,0.0062424,0.007188,0.0027706,0.0019206,0.001069,0.00085205,0.00083619,0.00039672,0.0025273,0.005765,0.0066511,0.0063512,0.0086596,0.0098483,0.01003,0.034361,0.012795,0.016446,0.013937,0.0059201,0.0041341,0.0026878,0.0018147,0.0015601,0.0010777,0.034216,0.038439,0.043369,0.045256,0.05002,0.061629,0.085407,0.12149,0.54798,0.26705,0.099054,0.06376,0.045201,0.037167,0.03082,0.028228,0.030394,0.0053597,0.0012783,0.0020065,0.0033646,0.0022144,0.0019565,0.0027611,0.0067645,0.0074886,0.006605,0.0073252,0.0027651,0.0026681,0.0024194,0.0021729,0.0034138,0.0011673,0.0029545,0.0027244,0.0041002,0.0029947,0.0053168,0.0078391,0.0051332,0.027895,0.073233,0.036155,0.012922,0.0095559,0.0076497,0.0064723,0.0061528,0.0053946,0.0059682,0.04045,0.010685,0.009783,0.0136,0.012779,0.022541,0.035855,0.095257,0.10603,0.026659,0.095214,0.035893,0.026035,0.020815,0.019053,0.022915,0.019701,0.012457,0.0014524,0.0038442,0.0027116,0.0018405,0.0028166,0.006339,0.017828,0.0085674,0.0091184,0.0044739,0.0025401,0.0028863,0.0011385,0.00097688,0.0011546,0.0010586,0.0055619,0.0090927,0.0096116,0.0093788,0.012909,0.015109,0.018976,0.052761,0.038472,0.012533,0.022948,0.0090357,0.0048991,0.0036635,0.0026498,0.0018456,0.0016136,0.01297,0.02907,0.031989,0.030281,0.036069,0.045691,0.063615,0.11582,0.21029,0.14561,0.050425,0.034201,0.022526,0.019506,0.015025,0.014652,0.014767,0.0051556,0.0026907,0.0029984,0.0060409,0.0024585,0.0025506,0.002816,0.0082104,0.016417,0.0068448,0.0047793,0.0012168,0.00079676,0.00067652,0.00010645,0.00075719,0.00063897,0.010977,0.0085517,0.0095781,0.0082376,0.011443,0.015367,0.017334,0.04672,0.068922,0.036549,0.011253,0.0085132,0.0063073,0.004963,0.0045191,0.003922,0.0034466
0.02401,0.01629,0.019769,0.021212,0.02214,0.030294,0.046482,0.096995,0.19413,0.045238,0.019132,0.01414,0.0094545,0.0069869,0.0043649,0.0019075,0.0023003,0.0097105,0.001725,0.0017255,0.00099794,0.0027026,0.0008787,0.0021785,0.0071534,0.042298,0.001584,0.0055903,0.0009352,0.0017844,0.00098932,0.0011408,0.0012497,0.0015431,0.0058232,0.00052906,0.00037213,0.00033552,0.0023643,0.0021834,0.0054663,0.0039321,0.071337,0.0085513,0.0056564,0.0011095,0.00071797,0.00074971,0.0006939,0.00052133,0.00013543,0.032706,0.026058,0.029046,0.034519,0.048454,0.064383,0.10505,0.22454,0.29524,0.3173,0.12969,0.094312,0.075249,0.065217,0.060608,0.057706,0.056426,0.0084249,0.0034875,0.001703,0.003421,0.0016134,0.0026072,0.0055637,0.0038555,0.010443,0.0067507,0.0022742,0.00076509,0.00079696,0.00078191,0.00048226,0.0012543,0.0020809,0.0033837,0.0024561,0.0034599,0.0036653,0.0040581,0.0066351,0.017224,0.020359,0.09467,0.011844,0.0074705,0.0043629,0.0031383,0.0026844,0.0025688,0.0022523,0.002472,0.026932,0.0018065,0.0037199,0.0047267,0.0046741,0.010812,0.025274,0.067555,0.21477,0.066349,0.080349,0.033861,0.018175,0.012666,0.0083487,0.004407,0.0041009,0.0090543,0.0041999,0.0010734,0.00060106,0.0043724,0.0024134,0.0013083,0.0072202,0.03155,0.0061249,0.0089061,0.005416,0.0027142,0.002842,0.0031073,0.0025312,0.003439,0.00939,0.0055259,0.0063356,0.0060764,0.002768,0.0036248,0.01078,0.032294,0.065567,0.019296,0.0242,0.01459,0.0097775,0.0065814,0.004762,0.0033426,0.0023518,0.044894,0.027775,0.029145,0.031653,0.04103,0.051506,0.084272,0.14974,0.1872,0.14451,0.077055,0.047948,0.035707,0.030593,0.027258,0.027878,0.026087,0.0070726,0.0023127,0.00084421,0.0018904,0.002656,0.00065463,0.0025258,0.0054239,0.019075,0.0030591,0.0051243,0.0010424,0.00087328,0.00051727,0.00072392,0.0001159,0.0011711,0.0025254,0.0017047,0.0016458,0.0024211,0.003674,0.0065438,0.016002,0.02938,0.11267,0.008011,0.0075213,0.004068,0.0048719,0.0040513,0.0038606,0.0034811,0.0041848
0.016073,0.019762,0.023065,0.024472,0.026893,0.034396,0.051637,0.17963,0.09041,0.046724,0.029406,0.022438,0.014127,0.010889,0.01008,0.0053452,0.012175,0.0080091,0.00087988,0.0029171,0.0019141,0.00061294,0.0023664,0.0022159,0.021937,0.030749,0.0045841,0.0081932,0.0059718,0.0038529,0.0034396,0.0031585,0.0028862,0.0035229,0.0017987,0.0011182,0.0021751,0.0017302,0.0053442,0.0045865,0.01126,0.058027,0.054815,0.0090082,0.013367,0.0073989,0.0057278,0.0048028,0.0042164,0.0038485,0.0033856,0.02015,0.012214,0.013772,0.018098,0.020664,0.030404,0.051434,0.27627,0.51777,0.060313,0.042331,0.03503,0.027691,0.024543,0.022195,0.022275,0.023999,0.0041943,0.0026928,0.00053125,0.0068671,0.0022903,0.00084598,0.0037684,0.026707,0.015824,0.0056448,0.0009284,0.00028066,0.00049498,0.00062025,0.00031815,0.0029912,0.00032235,0.0065862,0.0051346,0.0057664,0.0059002,0.0066245,0.0068768,0.012809,0.095873,0.065137,0.017483,0.0042199,0.0045295,0.0033944,0.0025632,0.0022811,0.001411,0.0017796,0.030323,0.0025536,0.0029105,0.0069546,0.0072259,0.014548,0.025495,0.12207,0.096875,0.096454,0.073424,0.025611,0.017483,0.013612,0.01279,0.011212,0.014443,0.0075284,4.7666e-05,0.0020078,0.0022791,0.0025378,0.0029472,0.0039668,0.024147,0.028634,0.025609,0.014144,0.001761,0.0011019,0.00085061,0.0005639,0.00043854,0.00090601,0.0040856,0.0006704,0.00029507,0.002517,0.0053082,0.0075524,0.011546,0.084104,0.058571,0.010196,0.02494,0.011033,0.0092921,0.0074672,0.0068914,0.0064655,0.0067407,0.021403,0.0044354,0.0077748,0.0070632,0.011296,0.015652,0.021829,0.18349,0.20645,0.057731,0.032654,0.020485,0.017811,0.016877,0.012012,0.011494,0.014963,0.0062657,0.001957,0.0013219,0.0065927,0.0020315,0.0015961,0.0031233,0.018467,0.015984,0.0050957,0.0071098,0.004188,0.002849,0.0025065,0.0031359,0.0015016,0.00239,0.0023728,0.0013439,0.0019436,0.0043257,0.0055213,0.0086148,0.015166,0.11502,0.084969,0.022833,0.015694,0.012274,0.010017,0.0089744,0.0083498,0.0080546,0.0075494
0.013382,0.012063,0.012584,0.015374,0.020019,0.024042,0.039074,0.090963,0.18612,0.067061,0.031944,0.021359,0.015195,0.012971,0.01197,0.01248,0.0095292,0.0087892,0.0011829,0.00098597,0.0019988,0.0043727,0.0020244,0.0041339,0.0053833,0.016781,0.015092,0.0075881,0.0037993,0.0028378,0.0019319,0.0020257,0.0019555,0.0021515,0.0039349,0.0038998,0.0037408,0.0043303,0.0046189,0.0077169,0.011473,0.02285,0.01457,0.028057,0.0064135,0.0065002,0.0050295,0.0043919,0.0038508,0.0037941,0.0036373,0.032265,0.028435,0.028763,0.031887,0.036149,0.040867,0.049487,0.11966,0.60249,0.22949,0.068169,0.036816,0.02448,0.017147,0.012812,0.011285,0.0070191,0.0019417,0.00038197,0.00048785,0.0021974,0.0014432,0.0013645,0.0023638,0.0080618,0.014159,0.0098466,0.0027201,0.0022385,0.0018968,0.0016673,0.0014414,0.0010315,0.0025635,0.0075341,0.0045641,0.0049764,0.0060094,0.0064496,0.0095202,0.013533,0.021426,0.037746,0.04018,0.017895,0.010525,0.0079815,0.0065848,0.0060427,0.0056404,0.0055199,0.013573,0.017408,0.018966,0.021119,0.025825,0.028892,0.043206,0.09585,0.14361,0.064404,0.074513,0.012981,0.010105,0.0067374,0.0035755,0.0052159,0.0053063,0.0061303,0.00056697,0.0014091,0.001635,0.0052224,0.002008,0.0051103,0.011704,0.018642,0.010459,0.013802,0.004693,0.0039952,0.0022192,0.0023931,0.0025554,0.0025902,0.0064736,0.0012187,0.0016492,0.0026919,0.0039646,0.0068782,0.013713,0.028508,0.061433,0.019659,0.012707,0.0070994,0.006349,0.006097,0.0056693,0.0052785,0.0054856,0.0037614,0.0099418,0.010597,0.012573,0.015649,0.022663,0.036014,0.14968,0.36565,0.13355,0.06918,0.038373,0.032281,0.027613,0.023532,0.025618,0.025536,0.0072404,0.0010926,0.0015996,0.0019531,0.0016876,0.0016501,0.0023585,0.0031919,0.010603,0.0037456,0.0067735,0.0020432,0.0021772,0.0017833,0.0012502,0.0025184,0.0013466,0.008814,0.0028355,0.0034814,0.0042739,0.0052508,0.0079048,0.012063,0.0078168,0.037283,0.03797,0.021135,0.012418,0.01026,0.0089062,0.0080674,0.007771,0.0075971
0.0049649,0.0035092,0.0039547,0.0047466,0.0052845,0.0073561,0.013549,0.042745,0.10717,0.051543,0.013277,0.012068,0.0096241,0.0088854,0.0076871,0.008233,0.0057698,0.0047837,0.0014132,0.0016055,0.0015857,0.0019913,0.0029255,0.0023903,0.0010493,0.016934,0.020987,0.0052795,0.0033174,0.002372,0.0022822,0.0017871,0.0020296,0.0019036,0.00051691,0.00066414,0.00022475,0.00022476,0.00049034,0.00070183,0.00080323,0.012602,0.024828,0.01989,0.0026708,0.0020505,0.0012323,0.0010885,0.0011523,0.0012418,0.00015069,0.045262,0.045338,0.046927,0.052584,0.057738,0.069195,0.091379,0.13652,0.063574,0.31224,0.10615,0.058389,0.040674,0.030591,0.025479,0.019362,0.021649,0.00090982,0.000999,0.0015994,0.0013625,0.0020092,0.0023449,0.0030212,0.0076368,0.0073526,0.016937,0.0041932,0.0016946,0.0013338,0.0012394,0.00090319,0.0013499,0.0022793,0.0018463,0.0033709,0.0035416,0.0036413,0.0047026,0.0046723,0.0067346,0.030562,0.073374,0.034909,0.0096514,0.0065033,0.0046214,0.0036708,0.0031612,0.0028755,0.0019455,0.033774,0.0016073,0.0033099,0.0040223,0.0058438,0.0098322,0.014864,0.051227,0.1239,0.055355,0.10068,0.024329,0.016792,0.014012,0.011198,0.015062,0.015089,0.0061418,0.00045759,0.00063389,0.00075867,0.0019477,0.0010446,0.0014027,0.0052828,0.019407,0.011609,0.010652,0.0027631,0.0018675,0.0013026,0.00095532,0.00099783,0.00041201,0.0044423,0.0009065,0.00068412,0.00065488,0.00086921,0.0010285,0.001153,0.017516,0.055405,0.016293,0.014447,0.0017641,0.00087423,0.00073747,0.00080911,0.0005611,0.00061988,0.010317,0.0021315,0.0027825,0.0038761,0.0066881,0.0097078,0.01447,0.014138,0.29994,0.10244,0.029509,0.023464,0.019834,0.016213,0.01436,0.013601,0.0096952,0.0048848,0.00018949,0.00039736,0.00070824,0.0005392,0.00073678,0.0011396,0.0032481,0.013301,0.0051418,0.0089888,0.0015254,0.0011582,0.0011234,0.00043357,0.00041073,0.00055886,0.0034295,0.001046,0.0009105,0.0014445,0.0020332,0.002981,0.0049904,0.029071,0.10267,0.028392,0.013019,0.0063702,0.0054184,0.0043432,0.0043058,0.0035847,0.0037842
0.0031052,0.0018169,0.0029229,0.0021032,0.0035955,0.004835,0.0045811,0.014362,0.12798,0.061877,0.017025,0.010429,0.0072187,0.006424,0.0045739,0.0066707,0.0063783,0.0013542,0.001356,0.0016642,0.00070255,0.0025109,0.0015258,0.0026564,0.0072437,0.030633,0.01133,0.0091272,0.0038387,0.0024174,0.0020449,0.0021589,0.0017873,0.0019455,0.0024681,0.00015553,0.00036294,0.00021778,0.0016904,0.001537,0.00096017,0.010847,0.0074264,0.034167,0.0092257,0.0022944,0.0014548,0.0012961,0.00091601,0.0012203,0.0012169,0.050881,0.052334,0.054585,0.059155,0.065103,0.077258,0.099714,0.18487,0.57691,0.40623,0.11697,0.062855,0.040412,0.028271,0.021105,0.01844,0.015869,0.0099832,0.0018783,0.0016168,0.003353,0.0030059,0.0034207,0.0028201,0.0089796,0.018899,0.0091865,0.0037705,0.0020748,0.0013191,0.00084551,0.00026045,0.00090021,0.00056079,0.0025998,0.0037923,0.0031137,0.0042313,0.0052484,0.0046626,0.0075953,0.019766,0.02705,0.025404,0.011892,0.0041709,0.0026882,0.0016952,0.0013564,0.00099902,0.0011082,0.035292,0.001433,0.00080354,0.00082949,0.0046376,0.0047925,0.0068722,0.017849,0.18342,0.024413,0.079166,0.011216,0.0076695,0.0077109,0.0094251,0.0048415,0.0051328,0.015099,0.0014314,0.0013706,0.0003457,0.001984,0.0010207,0.001613,0.0054587,0.018324,0.0064852,0.0095605,0.0010295,0.00030354,0.0001876,0.00054304,0.00051311,0.00031282,0.0015259,0.0011484,0.0018664,0.0019428,0.0016618,0.0042082,0.0038158,0.01484,0.046079,0.0056039,0.024017,0.004109,0.0035721,0.0024277,0.0021253,0.0020384,0.0023919,0.017248,0.022953,0.014673,0.018305,0.030296,0.0043246,0.047208,0.072176,0.37092,0.1645,0.028021,0.053275,0.025351,0.025923,0.026081,0.018238,0.025752,0.0018349,0.0012007,0.0011833,0.0012042,0.00071931,0.0011072,0.0011107,0.0027178,0.018277,0.0026817,0.0027478,0.0035845,0.0022194,0.0014469,0.0023674,0.0012099,0.00078584,0.0021401,0.0035333,0.0022786,0.0030401,0.0059617,0.00065916,0.011261,0.014002,0.036133,0.017791,0.011038,0.0058905,0.0077416,0.0024967,0.0046035,0.0052579,0.0014916
0.0013294,0.0022325,0.00085885,0.003312,0.0066667,0.0042163,0.0034992,0.0074161,0.031402,0.039196,0.011045,0.0014808,0.0011222,0.0022785,0.0028929,0.0022186,0.0015011,0.0022679,0.00095734,0.00099737,0.002259,0.0033621,0.0015063,0.0012946,0.0033267,0.010375,0.014734,0.0066043,0.0013631,0.00067493,0.0011618,0.0014862,0.00081653,0.00058555,0.00050545,0.0021517,0.0022189,0.0019637,0.002801,0.0036242,0.0042769,0.0079221,0.010137,0.027649,0.013484,0.002514,0.0019788,0.0011994,0.00098399,0.001094,0.0012341,0.036604,0.035321,0.037199,0.038543,0.045096,0.052916,0.069196,0.10847,0.27812,0.31395,0.08858,0.049394,0.031834,0.022753,0.017245,0.013365,0.014471,0.0094682,0.00040431,0.0012801,0.0045809,0.0031827,0.0025455,0.0022934,0.0042294,0.0093687,0.019173,0.0055306,0.0021065,0.0009591,0.00053027,0.00041925,0.0021285,1.5266e-05,0.0024586,0.0022005,0.0017487,0.0028755,0.0045514,0.0035866,0.002437,0.0081156,0.016584,0.031257,0.0061221,0.0042648,0.0031033,0.002439,0.0022226,0.0018953,0.0022106,0.038329,0.0040404,0.0035349,0.0065831,0.010067,0.0074541,0.0085919,0.018213,0.12127,0.037896,0.083774,0.010765,0.0074258,0.0067907,0.0095089,0.0069558,0.006754,0.014609,0.0022876,0.00093047,0.0024639,0.0054758,0.00087964,0.0021432,0.0037444,0.012862,0.011582,0.012391,0.0028154,0.00084869,0.00069881,0.00072367,0.00087502,0.00059319,0.004015,0.00033463,0.00055263,0.0022474,0.0036905,0.0027173,0.0014433,0.0059614,0.02435,0.0059666,0.02423,0.0023767,0.0023719,0.0019968,0.0019703,0.0018395,0.0019322,0.015003,0.032499,0.03356,0.035709,0.040739,0.046998,0.063262,0.094372,0.34478,0.18345,0.052294,0.035943,0.023264,0.016859,0.0125,0.011258,0.0093919,0.0026322,0.0013819,0.00083702,0.0038077,0.0012224,0.0020348,0.0029591,0.0039109,0.016265,0.0071368,0.004703,0.0020354,0.0010764,0.0010352,0.00075299,0.00051452,0.0012474,5.3421e-05,0.0027414,0.0032426,0.0045397,0.0054634,0.0070058,0.0066195,0.01312,0.038987,0.038264,0.0078433,0.0089661,0.0064757,0.0053456,0.0047657,0.0044923,0.0042878
0.0030918,0.004054,0.0038133,0.0043229,0.0078426,0.0055498,0.0082829,0.01427,0.041607,0.033985,0.021144,0.010628,0.0065806,0.0050916,0.0046615,0.0055314,0.004427,0.0019799,0.0027789,0.0014118,0.0019839,0.00045558,0.0042194,0.0050773,0.0071912,0.01802,0.005847,0.0080997,0.0048175,0.0029927,0.0021369,0.0017133,0.0013288,0.0011559,0.0025349,0.0032986,0.0034965,0.0036704,0.0043221,0.0048086,0.005368,0.0061719,0.012387,0.006882,0.017508,0.0056089,0.0031004,0.0016998,0.0013201,0.0011085,0.00093271,0.013548,0.015349,0.015671,0.017511,0.01931,0.023614,0.031643,0.04786,0.16149,0.30303,0.041585,0.028559,0.020382,0.016456,0.013427,0.012733,0.013182,0.0035344,0.00066364,0.00010872,0.0047584,0.00087798,0.00031281,0.0010887,0.0017492,0.0035928,0.017202,0.0030265,0.0012797,0.00062935,0.00082981,0.0012122,0.0009196,0.0011006,0.0012303,0.0048086,0.0048029,0.005866,0.0050585,0.0059422,0.0076855,0.013809,0.037517,0.052975,0.009863,0.0043646,0.0033183,0.0023172,0.0016513,0.0010741,0.0012837,0.035758,0.0034076,0.0033018,0.0019203,0.0052342,0.0051283,0.011058,0.024724,0.088283,0.063565,0.10429,0.014472,0.012311,0.01042,0.012047,0.011084,0.0099622,0.011702,0.0014926,0.0014012,0.0010606,0.002994,0.00035989,0.0017193,0.0044586,0.014553,0.0070925,0.01531,0.003203,0.003575,0.0022247,0.0017668,0.0017175,0.0016117,0.0033341,0.002669,0.002466,0.002153,0.0022482,0.0036278,0.0039095,0.0087364,0.028923,0.020701,0.014055,0.013807,0.010351,0.0095688,0.009027,0.0087832,0.0088197,0.029667,0.017967,0.018242,0.019021,0.021268,0.026564,0.036292,0.059162,0.17891,0.098375,0.041786,0.031141,0.023396,0.01903,0.017466,0.014266,0.015167,0.0028744,0.0010712,0.00069932,0.0038616,0.0032739,0.0033322,0.003602,0.0049004,0.018096,0.012306,0.0056672,0.002268,0.0013721,0.0010536,0.00074837,0.00051026,0.00025751,0.0088731,0.0028574,0.0033582,0.0044439,0.0045455,0.006006,0.0074181,0.01388,0.042947,0.051707,0.01583,0.009537,0.0072496,0.0061162,0.0055015,0.005198,0.0048943
0.029318,0.0080006,0.0070999,0.0074664,0.0075173,0.0084186,0.011199,0.01653,0.069521,0.05747,0.020346,0.0097708,0.0058309,0.0046773,0.0046369,0.0045952,0.0025502,0.010399,0.0053517,0.0039764,0.004063,0.003774,0.0042653,0.0050488,0.0075533,0.023443,0.012129,0.014204,0.0052888,0.0031464,0.0020808,0.0020933,0.0019578,0.0014572,0.0045739,0.0021237,0.0017564,0.0016124,0.002066,0.0027834,0.0038622,0.0029987,0.013377,0.016812,0.012928,0.0040472,0.0022588,0.0015324,0.00072518,0.00036329,0.00022506,0.047618,0.050679,0.052509,0.05868,0.06304,0.073671,0.094549,0.13734,0.3711,0.52241,0.11593,0.059196,0.036018,0.022792,0.013998,0.0070036,0.0020657,0.032492,0.0068002,0.0040069,0.0024094,0.0031364,0.0030228,0.0037327,0.0039399,0.013974,0.012341,0.0075728,0.002292,0.0012205,0.00095997,0.00091515,0.00070043,0.00081063,0.0083467,0.0038632,0.0046121,0.0048143,0.0053684,0.006639,0.0078426,0.012749,0.030199,0.043335,0.0086383,0.0053355,0.0032314,0.0021963,0.0016668,0.0011261,0.0011673,0.03088,0.0014126,0.0036275,0.0042551,0.0061164,0.010086,0.015009,0.028435,0.10152,0.065378,0.097804,0.022409,0.018598,0.018103,0.013484,0.013735,0.015175,0.038773,0.0071278,0.0035563,0.0045787,0.0042803,0.003456,0.0046565,0.0075438,0.022747,0.013955,0.018148,0.0047863,0.0033837,0.0024946,0.002268,0.0020272,0.001667,0.013886,0.0017326,0.00027916,0.0010363,0.0024886,0.0028068,0.0045091,0.0096874,0.03685,0.021861,0.029511,0.010702,0.0076596,0.0063786,0.0060275,0.0055485,0.0055085,0.027834,0.013203,0.013281,0.014851,0.018616,0.02356,0.034405,0.058462,0.18845,0.19224,0.068999,0.044431,0.033455,0.028506,0.02503,0.024531,0.024107,0.014586,0.0044022,0.0042033,0.0046416,0.002774,0.003837,0.0050336,0.0070236,0.01915,0.017173,0.011668,0.0033536,0.0022143,0.0016075,0.0016109,0.00038929,0.00063133,0.0014344,0.0035857,0.0035469,0.0035466,0.0046841,0.0052896,0.0080256,0.011185,0.032249,0.033313,0.014423,0.006903,0.0053177,0.0041277,0.0038197,0.0032628,0.0033227
0.0411,0.0052652,0.0059795,0.0044541,0.0054751,0.0068296,0.0064083,0.011607,0.025389,0.046248,0.011734,0.0073047,0.0043548,0.0039866,0.0024788,0.0020682,0.0027199,0.025214,0.0038573,0.0018242,0.0030568,0.004804,0.0036412,0.0045396,0.0073776,0.014237,0.0099922,0.0060909,0.0040615,0.00181,0.0014375,0.0010279,0.00095623,0.00050164,0.00040244,0.0016598,0.0016145,0.00081434,0.0024166,0.0024556,0.0018229,0.006545,0.002512,0.016756,0.015574,0.0037552,0.0022014,0.0016064,0.0013617,0.0010355,0.00081445,0.043261,0.049567,0.053114,0.058928,0.062628,0.075825,0.098592,0.16838,0.36201,0.51569,0.1476,0.083482,0.05795,0.045784,0.038528,0.035451,0.033618,0.054387,0.0021362,0.0022118,0.001884,0.0044741,0.0035242,0.0034618,0.0072653,0.011432,0.013454,0.008459,0.0034084,0.0023515,0.0017102,0.0015679,0.0011988,0.00069428,0.0044461,0.00083118,0.0017498,0.0022899,0.0011621,0.0022567,0.0052089,0.007952,0.02108,0.028198,0.0077226,0.005154,0.0037868,0.0034337,0.0030781,0.0028657,0.0027028,0.019526,0.003002,0.0027877,0.0030132,0.0066409,0.0083794,0.013844,0.024203,0.079587,0.053729,0.11969,0.038364,0.024708,0.021604,0.021586,0.017184,0.018652,0.055127,0.0034837,0.0028803,0.0035097,0.0043475,0.0046588,0.0052491,0.010087,0.019252,0.0088563,0.022976,0.0071089,0.0054625,0.0038215,0.0027069,0.0029674,0.0025444,0.020857,0.0031391,0.0023216,0.0020056,0.0032107,0.0050576,0.00518,0.014484,0.024232,0.025278,0.01297,0.0062213,0.0049186,0.0039251,0.003887,0.0035422,0.0035992,0.07591,0.017557,0.017222,0.018188,0.022797,0.028403,0.038313,0.068182,0.18184,0.26318,0.072511,0.046237,0.036128,0.030844,0.026421,0.025787,0.024941,0.017981,0.0023792,0.0027441,0.0049563,0.0020738,0.0032543,0.0054224,0.0080626,0.018695,0.024107,0.0097889,0.0041787,0.0026205,0.0016813,0.00099129,0.0010938,3.6228e-05,0.0071298,0.0026848,0.002624,0.0032595,0.0038037,0.0020262,0.0047923,0.013615,0.020304,0.023397,0.012038,0.0045106,0.0025715,0.001797,0.001457,0.0011411,0.00098419
0.046447,0.0026732,0.0027444,0.0017175,0.0036074,0.0060256,0.010021,0.015752,0.037131,0.043291,0.030697,0.012366,0.0081141,0.008696,0.0075318,0.0081847,0.0052586,0.024821,0.0032211,0.0037426,0.0024929,0.002169,0.0028201,0.0044186,0.0067023,0.016131,0.0085686,0.017609,0.0059553,0.0034992,0.0027404,0.0024225,0.0023457,0.0022984,0.0041486,0.0016646,0.0017637,0.0011274,0.0015507,0.0036873,0.0055007,0.0024093,0.0085596,0.01457,0.023988,0.004909,0.0024378,0.0016272,0.0011437,0.00046978,0.00033379,0.02487,0.052697,0.059442,0.026956,0.063372,0.097395,0.048079,0.13228,0.65852,0.20528,0.14173,0.12491,0.044057,0.050575,0.058968,0.042752,0.041922,0.05753,0.0014778,0.0009184,0.0007073,0.0014652,0.0043387,0.0036063,0.0032599,0.019173,0.0057558,0.0036952,0.0031466,0.00078279,0.0016083,0.0015348,0.0011356,0.00033951,0.0072404,0.0026138,0.0028561,0.0023161,0.0045869,0.0049893,0.0028623,0.011258,0.039328,0.016867,0.011911,0.007555,0.00099501,0.0045762,0.0033033,0.0019144,0.0041047,0.024128,0.0015689,0.0008834,0.0025157,0.0026929,0.0059197,0.013046,0.030511,0.055534,0.082916,0.04773,0.013846,0.01225,0.01046,0.01109,0.010261,0.0090372,0.061599,0.0030768,0.0034594,0.0030005,0.0022954,0.0020844,0.0040118,0.0045348,0.014672,0.01257,0.0076912,0.0062356,0.0027918,0.0025596,0.0019598,0.0023534,0.0021572,0.015166,0.0031645,0.0029022,0.0023197,0.0033548,0.0059805,0.0087586,0.0083625,0.02773,0.018223,0.037499,0.010546,0.0083536,0.0064918,0.0056304,0.0054288,0.0053616,0.028719,0.024147,0.013158,0.028076,0.035872,0.02233,0.030626,0.086942,0.28824,0.13444,0.052545,0.073106,0.055886,0.026664,0.015841,0.029411,0.037238,0.03002,0.0019263,0.0023477,0.0056483,0.0058284,0.0037342,0.0021824,0.010292,0.028953,0.011576,0.0094901,0.0048587,0.0023063,0.00077627,0.0021069,0.0033972,0.0010319,0.00016595,0.0023329,0.0011042,0.0042596,0.0050809,0.0032171,0.0035779,0.0072781,0.028885,0.010707,0.0070075,0.0062898,0.0025461,0.00091845,0.0025818,0.0023709,0.00060463
0.032811,0.0027989,0.0032795,0.002679,0.0054503,0.0057784,0.006893,0.014798,0.042852,0.057524,0.032313,0.015554,0.011185,0.008932,0.0096756,0.0089062,0.0079194,0.018423,0.0028376,0.001932,0.00062277,0.0021504,0.0017994,0.0024116,0.0047067,0.016032,0.017365,0.017873,0.0073177,0.0053717,0.003742,0.0035531,0.003493,0.0034734,0.0024433,0.00084033,0.001139,0.0015454,0.0017648,0.0017797,0.0024054,0.0025237,0.012992,0.0051974,0.020141,0.0063912,0.0047097,0.0038466,0.0032777,0.0031272,0.003069,0.038518,0.048769,0.047424,0.049321,0.059366,0.072533,0.09749,0.14425,0.41559,0.53551,0.14615,0.090015,0.066848,0.053974,0.046759,0.043488,0.042344,0.042918,0.0027556,0.0015587,0.0049237,0.0027402,0.0021241,0.0031904,0.0042642,0.013068,0.0149,0.0080799,0.0034428,0.0028301,0.0020341,0.0018306,0.002549,0.0020657,0.0037976,0.005884,0.0060137,0.0071066,0.0072394,0.0083466,0.010373,0.020392,0.042772,0.057509,0.0083866,0.0066808,0.0041372,0.0024923,0.0015758,0.00058942,0.00019646,0.022635,0.0013419,0.0024769,0.0026319,0.0070013,0.0076666,0.012528,0.024493,0.059249,0.090763,0.096106,0.025578,0.018685,0.015358,0.015408,0.013925,0.014662,0.044617,0.0022488,0.0021759,0.0016411,0.0027386,0.0024713,0.0033759,0.0057877,0.015202,0.01932,0.014236,0.0055676,0.0038215,0.0040694,0.0028229,0.0030447,0.0025063,0.011217,0.00074398,0.0010003,0.0012541,0.0016703,0.0028266,0.004397,0.0064574,0.024146,0.034416,0.0277,0.010143,0.0071676,0.0058257,0.0053588,0.0046937,0.0048466,0.044118,0.002443,0.0037584,0.0062535,0.0088736,0.011487,0.019031,0.032814,0.12298,0.17705,0.04513,0.031705,0.025147,0.020747,0.018741,0.017724,0.015877,0.014372,0.0025012,0.0022994,0.0016863,0.0035404,0.0043522,0.0057978,0.0080715,0.018183,0.04127,0.013733,0.0041325,0.0027129,0.002016,0.00072226,0.0026733,0.0013294,0.0070001,0.0052564,0.0056028,0.006027,0.0064099,0.0078958,0.0097128,0.018407,0.036336,0.060258,0.015064,0.0072529,0.0044613,0.003076,0.0021917,0.0020018,0.0016403
0.016856,0.0029804,0.0023311,0.0021855,0.0028155,0.0049121,0.0066339,0.011289,0.057548,0.043868,0.029327,0.01682,0.011878,0.0086359,0.0088382,0.0069675,0.0081426,0.014059,0.0021923,0.0014894,0.0022912,0.0012746,0.0020238,0.0028514,0.0049686,0.017884,0.01739,0.0089515,0.0061581,0.0045704,0.0034132,0.0036124,0.0029418,0.0028744,0.0032635,0.0007005,0.00083582,0.0006997,0.0018004,0.0021629,0.0032236,0.0065298,0.0159,0.0087397,0.017324,0.00826,0.0059751,0.0048779,0.0043937,0.004111,0.0041943,0.04766,0.048468,0.04963,0.053818,0.058855,0.069008,0.088861,0.13795,0.3544,0.42148,0.10977,0.06312,0.040671,0.029184,0.022422,0.020167,0.016791,0.0344,0.0029025,0.0025842,0.00288,0.0013926,0.0020805,0.0024734,0.0042472,0.011794,0.015254,0.0045261,0.0022907,0.0017638,0.0014575,0.00078006,0.00072202,0.0017681,0.0064126,0.0060688,0.0062536,0.0066801,0.0077274,0.0089279,0.011597,0.015906,0.047186,0.067225,0.014108,0.0086057,0.0056425,0.0044514,0.0035723,0.0030186,0.002678,0.039664,0.0095523,0.010087,0.010119,0.012133,0.013597,0.018467,0.02751,0.074866,0.070303,0.11463,0.024676,0.016406,0.013004,0.014606,0.010611,0.010054,0.03496,0.0026866,0.00082616,0.00093017,0.0011169,0.0017995,0.0030449,0.0067955,0.016088,0.017854,0.022948,0.0077672,0.0058873,0.0054033,0.0048,0.0044679,0.0039197,0.0092413,0.0024235,0.0022919,0.0024886,0.0034015,0.0041123,0.0056955,0.011129,0.02569,0.033996,0.0070653,0.0069126,0.0052474,0.0042543,0.0036838,0.0036728,0.0034962,0.033652,0.0027741,0.0024433,0.0021211,0.0010931,0.0010307,0.0013476,0.0069208,0.013596,0.047069,0.0065069,0.0011399,0.0012558,0.0016693,0.0011779,0.0011562,0.00092508,0.016547,0.0016788,0.0014897,0.0027297,0.0022736,0.002728,0.0037856,0.0055722,0.014715,0.031179,0.01442,0.0054729,0.0040221,0.0033966,0.0030112,0.0028772,0.0025616,0.0059262,0.006681,0.0069723,0.0075921,0.0085143,0.0099913,0.012708,0.01821,0.046764,0.073998,0.023855,0.010323,0.006904,0.0049474,0.0041531,0.0036161,0.0033741
0.015595,0.0041348,0.0042424,0.0052161,0.0046133,0.0070604,0.0080152,0.011737,0.050654,0.035193,0.037358,0.015307,0.010542,0.010089,0.008193,0.0074664,0.0075876,0.0072366,0.001204,0.0019973,0.001788,0.003471,0.0025056,0.003217,0.0051612,0.017541,0.012843,0.017164,0.0067594,0.0045615,0.0039398,0.0036206,0.0032858,0.0033532,0.00030899,0.0020426,0.0020417,0.0025598,0.0028387,0.0031832,0.0047087,0.0054794,0.018387,0.0048241,0.025902,0.0094114,0.00677,0.0053832,0.0046249,0.0045802,0.0041276,0.039256,0.039361,0.040466,0.043349,0.048461,0.056842,0.072415,0.10916,0.24452,0.3597,0.085931,0.04728,0.028871,0.01869,0.013152,0.011099,0.0083562,0.022,0.00089727,0.0008888,0.00077601,0.0014451,0.0021035,0.0023017,0.0044509,0.0086723,0.015574,0.0019363,0.0018286,0.0011038,0.00078373,0.00035526,0.00029276,0.00032044,0.0028306,0.0032062,0.0032551,0.0035975,0.0047072,0.0056135,0.0075567,0.012215,0.040356,0.067427,0.016148,0.010248,0.0079505,0.0066083,0.0059,0.0057459,0.0055657,0.026871,0.0072587,0.0081367,0.0087319,0.0094984,0.010829,0.01411,0.025237,0.065316,0.085087,0.07485,0.005121,0.0033337,0.0014425,0.005044,0.0012066,0.0012512,0.02747,0.0021295,0.0014592,0.0012216,0.0022897,0.0026164,0.003502,0.0039294,0.015158,0.025718,0.020179,0.0014367,0.0018664,0.0015195,0.0013024,0.00097044,0.00097658,0.0026245,0.0030255,0.0036386,0.0039757,0.0042841,0.0057794,0.0062138,0.0074849,0.030728,0.019288,0.031717,0.0097097,0.0075201,0.0057879,0.0048592,0.0043363,0.0044251,0.015978,0.0079215,0.0094095,0.0089585,0.01069,0.013279,0.016939,0.025929,0.064906,0.088105,0.02634,0.018201,0.011485,0.0096446,0.0087673,0.0053798,0.0072652,0.011013,0.0011259,0.00063339,0.00025568,0.0014541,0.0019476,0.0030855,0.0050445,0.012118,0.02317,0.0021328,0.0037991,0.0033329,0.0024694,0.0028477,0.002651,0.0026818,0.00383,0.0023957,0.0029364,0.0032681,0.0043978,0.0060327,0.0082238,0.013445,0.044661,0.073794,0.015513,0.012702,0.010075,0.0084565,0.0076686,0.0071096,0.0071069
0.0066224,0.0046668,0.005288,0.0036666,0.003291,0.0051602,0.0063305,0.014136,0.039692,0.03388,0.019512,0.011677,0.0078236,0.0062717,0.0073414,0.005889,0.0059625,0.011681,0.0015929,0.0015808,0.0020444,0.002229,0.0033483,0.0045138,0.0061748,0.01694,0.0083308,0.010124,0.0052322,0.0032903,0.0025783,0.0022958,0.0022332,0.00243,0.0017701,0.00237,0.0019713,0.0019878,0.0021738,0.0025098,0.0039577,0.0045226,0.019642,0.0037001,0.013225,0.0078351,0.0052256,0.0045243,0.0042311,0.0035579,0.0033265,0.0052281,0.018921,0.017661,0.019936,0.024426,0.031419,0.043087,0.07428,0.18207,0.39122,0.098152,0.060397,0.045355,0.038756,0.034888,0.033001,0.031706,0.014086,0.0032623,0.0020958,0.0024042,0.0017705,0.0015296,0.0022649,0.004338,0.0079361,0.015329,0.0079532,0.0034093,0.002243,0.0022784,0.0017206,0.0015341,0.0019551,0.002512,0.0026991,0.0025644,0.0032888,0.0033771,0.0046916,0.0069889,0.012442,0.033806,0.067554,0.011952,0.010086,0.0076092,0.0064187,0.005817,0.0055263,0.0054265,0.052371,0.0056846,0.0083716,0.0084264,0.0086736,0.0111,0.015346,0.020296,0.063638,0.065572,0.095773,0.010678,0.0076554,0.0047399,0.0047898,0.0046348,0.0042363,0.016709,0.0033131,0.0021974,0.0025386,0.0031712,0.003173,0.0023579,0.005584,0.016091,0.013398,0.014132,0.00047099,0.0025403,0.001932,0.0014913,0.0014608,0.0011139,0.0055944,0.0032515,0.0035909,0.0042521,0.0044605,0.0048086,0.006832,0.010839,0.028235,0.025536,0.022371,0.0072464,0.0041453,0.0032776,0.0026008,0.002387,0.0020581,0.019203,0.012602,0.010168,0.01027,0.013131,0.015325,0.019554,0.037705,0.064186,0.10662,0.04,0.013077,0.0085546,0.0049573,0.0041256,0.0011521,0.000824,0.012453,0.0046623,0.003355,0.0039161,0.0029728,0.0031629,0.0037886,0.0057336,0.014062,0.025747,0.010286,0.0020458,0.0015424,0.00094354,0.00062932,0.00094425,0.00013541,0.0055276,0.0033566,0.0039251,0.0042573,0.0051666,0.0062623,0.0085209,0.014871,0.036908,0.072886,0.023792,0.011416,0.0085,0.0070089,0.0063469,0.0056475,0.0055161
0.036158,0.0083717,0.0041035,0.0023791,0.0020657,0.0024996,0.0031769,0.0074801,0.022074,0.073754,0.0024023,0.0041729,0.0024567,0.0013368,0.0010571,0.0014213,0.0011578,0.027682,0.0072754,0.00354,0.0024063,0.0025564,0.0023529,0.0029337,0.0035503,0.0065497,0.02418,0.0082764,0.0013457,0.0012317,0.0011523,0.0013593,0.0011864,0.0011349,0.0093195,0.0014012,0.0010039,0.00070456,0.0010278,0.0013005,0.0016388,0.0038512,0.0078042,0.034413,0.0097512,0.0020001,0.001806,0.001439,0.0011201,0.001171,0.00083162,0.017924,0.014882,0.017896,0.018785,0.022926,0.028461,0.040292,0.069869,0.17525,0.35386,0.10185,0.062295,0.047138,0.038808,0.035634,0.031807,0.031695,0.036023,0.010474,0.0052643,0.0033736,0.0031271,0.0034156,0.0035505,0.0043469,0.010209,0.011769,0.0031112,0.0030539,0.002014,0.0015255,0.0010308,0.0013026,0.0012474,0.0018158,0.0062713,0.0060315,0.0066501,0.0071769,0.0080097,0.010559,0.012821,0.035589,0.05695,0.017967,0.0070168,0.0044511,0.0028055,0.0018699,0.0011409,0.00083543,0.035143,0.0058579,0.010195,0.0095932,0.0039265,0.0086101,0.018546,0.013537,0.022553,0.10979,0.021582,0.046846,0.018459,0.0042351,0.0077224,0.0095581,0.0061475,0.032244,0.008596,0.005902,0.0057652,0.0029393,0.0016279,0.0053999,0.008149,0.010566,0.025738,0.0012251,0.007388,0.0028438,0.00052841,0.00092672,0.00077881,0.00047877,0.010702,0.0064605,0.0037973,0.0026811,0.0045326,0.0062727,0.0067517,0.0061126,0.023778,0.030464,0.02166,0.0097913,0.0057276,0.0037964,0.00071263,0.0016071,0.0019856,0.033341,0.0087031,0.0061717,0.0062699,0.0066988,0.0081185,0.011925,0.01484,0.062121,0.12114,0.018573,0.020846,0.013791,0.011743,0.0097737,0.0085838,0.008526,0.017851,0.0067528,0.0035772,0.0027336,0.0019102,0.002052,0.002775,0.0042572,0.011928,0.031926,0.008974,0.0048468,0.0036005,0.002551,0.0027845,0.0022714,0.0026951,0.0074445,0.0062441,0.0068348,0.0071277,0.0080553,0.0098141,0.01183,0.015426,0.039829,0.069637,0.014347,0.0092038,0.0054739,0.0033508,0.001774,0.0008093,0.00018883
0.050509,0.0055693,0.00080346,0.00076153,0.0027028,0.0037286,0.0055438,0.010002,0.023988,0.0206,0.022238,0.013828,0.009758,0.0087929,0.0070542,0.006144,0.0064526,0.045954,0.0025309,0.0011306,0.0011781,0.0015914,0.001062,0.002265,0.0044529,0.0090247,0.021027,0.0083148,0.0034741,0.0026167,0.0019597,0.0017776,0.0018697,0.0017796,0.011849,0.0013788,0.0011147,0.0014112,0.0013911,0.0017031,0.0020557,0.0031358,0.0069682,0.025282,0.0054469,0.002439,0.0016762,0.0012682,0.0012618,0.00098099,0.0011101,0.0086652,0.01175,0.011698,0.013269,0.016693,0.019097,0.026391,0.030434,0.08663,0.49682,0.06076,0.032644,0.023977,0.019879,0.017262,0.017591,0.016741,0.058415,0.0041774,0.0016246,0.00073755,0.001056,0.00089796,0.00076779,0.0018706,0.00095504,0.02252,0.0010952,0.0011705,0.00090354,0.00038589,0.00092865,0.00064715,0.00031662,0.011383,0.0033433,0.0036683,0.0037175,0.0043001,0.0052334,0.0070652,0.013634,0.025002,0.061103,0.0072216,0.0056342,0.004293,0.0034268,0.0028025,0.0027025,0.0026284,0.033589,0.010123,0.0094479,0.0090649,0.011187,0.013486,0.017134,0.019006,0.080154,0.063428,0.092812,0.014819,0.010747,0.0056237,0.0093098,0.0075343,0.008587,0.052148,0.0043013,0.0019134,0.00092631,0.00065245,0.0024132,0.0025777,0.0063273,0.014091,0.020005,0.0069699,0.0053378,0.0036595,0.0033746,0.0026398,0.0028832,0.0024796,0.019436,0.0034448,0.002838,0.0031274,0.0036624,0.0046807,0.0059504,0.012014,0.027144,0.033134,0.015823,0.0060661,0.005212,0.0041149,0.0036427,0.0035441,0.0031167,0.032498,0.012368,0.010229,0.0087188,0.0063593,0.00918,0.021591,0.053107,0.14042,0.075902,0.017892,0.0096777,0.015194,0.016104,0.01438,0.010316,0.007145,0.040322,0.00098858,0.0012921,0.0013931,0.00075328,0.0019475,0.0047066,0.0090446,0.020775,0.012112,0.0051606,0.0042907,0.0048694,0.0050129,0.0038901,0.0016518,0.00014877,0.011522,0.009575,0.006377,0.0014989,0.0047286,0.011203,0.019447,0.033012,0.05558,0.041676,0.0027808,0.0089144,0.0083473,0.0064318,0.0042689,0.0023702,0.0010624
0.021679,0.0046935,0.0036707,0.0044422,0.0046862,0.0045793,0.0057698,0.0059383,0.053358,0.046239,0.017567,0.0081204,0.0057074,0.0041257,0.0056085,0.0024724,0.0035935,0.033278,0.0036333,0.0027892,0.0023267,0.0017809,0.0026688,0.0029911,0.0047459,0.017836,0.009778,0.0091822,0.0040393,0.0028682,0.0023025,0.0018027,0.0016175,0.001894,0.0068055,0.002426,0.002757,0.0029948,0.0036789,0.0029076,0.0035885,0.0047476,0.01213,0.017238,0.013395,0.0028685,0.0016742,0.0010477,0.00071996,0.00023521,3.8147e-05,0.0044385,0.0015446,0.00098476,0.0027311,0.0067468,0.0058826,0.0043276,0.035436,0.19725,0.28164,0.071323,0.032119,0.018211,0.01532,0.014965,0.013591,0.014513,0.034096,0.0040095,0.0021273,0.0040853,0.0016755,0.0010739,0.0024106,0.0059843,0.0071679,0.01682,0.0082511,0.0055506,0.002381,0.0012298,0.0014027,0.0020934,0.0012589,0.0005703,0.0041846,0.0034224,0.0049338,0.0065213,0.0054962,0.0057921,0.015774,0.040285,0.0094103,0.0086844,0.0086024,0.0044148,0.00066011,0.0025222,0.0021016,0.00030709,0.039317,0.004749,0.0057905,0.0055582,0.0081641,0.0097851,0.01262,0.028619,0.10678,0.049467,0.068345,0.01473,0.013687,0.010027,0.012551,0.010203,0.0095464,0.027108,0.0043379,0.0027678,0.001441,0.00064431,0.0034179,0.0041399,0.0046891,0.018843,0.0093755,0.010919,0.0048244,0.0025088,0.0020107,0.0014905,0.0018429,0.0019646,0.0088522,0.00073522,0.00037966,0.0013064,0.0020099,0.002843,0.0032526,0.0078469,0.035607,0.010908,0.02834,0.0077696,0.0063714,0.005547,0.0050786,0.0047162,0.004717,0.032029,0.017737,0.018403,0.020351,0.021604,0.025711,0.034175,0.052781,0.18403,0.14286,0.044461,0.027268,0.018678,0.014822,0.012648,0.012126,0.010498,0.02546,0.0038564,0.0019373,0.001661,0.002773,0.0039239,0.0048395,0.0072909,0.019723,0.011332,0.0042689,0.0025409,0.0019867,0.0012486,0.00069505,0.00068662,0.00073624,0.0030613,0.003423,0.0037012,0.0037079,0.0043975,0.0061186,0.0079201,0.014708,0.046444,0.031191,0.010121,0.008218,0.0066528,0.0054503,0.0047909,0.0046097,0.0044041
0.04715,0.012323,0.0051673,0.006033,0.005207,0.005121,0.0075421,0.01417,0.03096,0.074043,0.0038151,0.006211,0.0044608,0.0045035,0.0043772,0.0025231,0.002285,0.030083,0.0047167,0.0025356,0.0023386,0.0033234,0.002379,0.0035804,0.0045053,0.015274,0.023867,0.0028253,0.0036603,0.0017173,0.0010973,0.00093788,0.00071311,0.00050354,0.011297,0.00088939,0.00035022,0.00075689,0.00017422,0.00081613,0.0010072,0.003443,0.0044701,0.025919,0.011208,0.0010949,0.0014065,0.0011259,0.0013148,0.0012431,0.001215,0.027949,0.02876,0.029149,0.032472,0.036638,0.044007,0.058939,0.08606,0.25793,0.47005,0.091184,0.051037,0.036099,0.028868,0.025529,0.02203,0.021178,0.047877,0.010874,0.0048111,0.0024511,0.0031944,0.0016025,0.0018872,0.00031347,0.0032231,0.022387,0.0063443,0.0023624,0.0013182,0.0011933,0.0011768,0.0010476,0.00095942,0.010824,0.0021253,0.0016212,0.0019338,0.0022535,0.003047,0.0046056,0.0087277,0.026107,0.032737,0.010457,0.0065796,0.004886,0.0041012,0.0038219,0.0036312,0.0034695,0.047374,0.0094064,0.0063408,0.0053344,0.0058732,0.0083248,0.012533,0.019516,0.10448,0.10316,0.082203,0.017209,0.0044218,0.0032884,0.0035453,0.0046814,0.00081444,0.041007,0.0094172,0.0037795,0.0029448,0.003484,0.0039552,0.0025282,0.0067912,0.018,0.018195,0.0085636,0.0013288,0.0014292,0.00053142,0.00093866,0.00069102,0.00066568,0.016079,0.0046652,0.0028262,0.0032467,0.0025014,0.0046857,0.0058313,0.0093289,0.035162,0.030406,0.010899,0.011817,0.0068165,0.0058979,0.0051536,0.0046447,0.0047341,0.025065,0.01898,0.01459,0.016812,0.018841,0.0247,0.034218,0.058548,0.20282,0.15676,0.054174,0.04248,0.031206,0.026237,0.023451,0.023316,0.020209,0.02554,0.0033836,0.0020865,0.0013277,0.003565,0.0028761,0.0044335,0.0059854,0.018598,0.022632,0.0071136,0.002938,0.0017963,0.0018038,0.0014417,0.0011014,0.0012665,0.00014306,0.0019334,0.0022455,0.0024987,0.0035131,0.0033417,0.0079718,0.0087359,0.03323,0.033138,0.015361,0.009216,0.0067157,0.0058666,0.0052786,0.0048531,0.0050526
0.05157,0.0093612,0.0078457,0.0054591,0.0070087,0.0062338,0.007904,0.013108,0.054027,0.061892,0.01524,0.0052422,0.0044198,0.0037119,0.0021946,0.0012681,0.0014935,0.041375,0.0023446,0.0017073,0.0025162,0.002914,0.002102,0.0036663,0.0041856,0.016402,0.026375,0.0076043,0.0012091,0.0009142,0.00054909,0.00036406,0.00036718,1.5255e-05,0.012268,0.00068922,0.00039734,0.00032096,0.00094295,0.00085711,0.0012529,0.00076167,0.0041481,0.036368,0.0098372,0.00077526,0.00025181,0.00014637,0.00010683,0.00016236,0.00040817,0.029818,0.035524,0.036755,0.041968,0.045017,0.054851,0.069443,0.11082,0.282,0.043205,0.15983,0.07102,0.049247,0.03936,0.032477,0.028361,0.027663,0.057265,0.0073509,0.0042407,0.00097367,0.0027906,0.0022786,0.0032655,0.0042466,0.0076268,0.011722,0.0095912,0.0037682,0.0011844,0.00050409,0.00088148,0.0011891,0.0014782,0.011362,0.0012765,0.00059651,0.00067714,0.00063529,0.0017868,0.0033739,0.0052492,0.018129,0.023741,0.0028643,0.0022197,0.0024928,0.002069,0.0019357,0.0020097,0.0019856,0.041878,0.012274,0.011697,0.010501,0.013566,0.01349,0.022468,0.028226,0.11898,0.073286,0.093958,0.01481,0.0092548,0.0065013,0.0063556,0.0079172,0.0055886,0.049104,0.0067459,0.002443,0.0033919,0.00099956,0.003172,0.0024618,0.005733,0.018959,0.017233,0.0055256,0.0025557,0.0014947,0.0016443,0.001161,0.0010541,0.0012169,0.024144,0.00428,0.0039473,0.0031443,0.0044384,0.0047211,0.0082488,0.010975,0.038141,0.030014,0.014969,0.0033795,0.0031765,0.0019217,0.0012166,0.0004909,0.00073244,0.050702,0.01279,0.010337,0.011677,0.017175,0.023206,0.035208,0.066819,0.20095,0.18328,0.070542,0.049555,0.03916,0.033892,0.031012,0.028444,0.025525,0.028765,0.0032554,0.0028773,0.004755,0.0021445,0.0032947,0.0034478,0.0066869,0.019595,0.013284,0.011307,0.0028614,0.0019432,0.0016045,0.0013099,0.0011959,0.0017338,0.0022927,0.0011136,0.00093017,0.0019422,0.002024,0.0038453,0.0059894,0.009918,0.030046,0.033716,0.012744,0.005106,0.0048709,0.0041304,0.0037735,0.0040556,0.0037232
0.024889,0.0050191,0.0055345,0.0051147,0.0057397,0.0048451,0.0074761,0.014103,0.066343,0.01606,0.018937,0.0072057,0.0057135,0.0041119,0.005094,0.0047841,0.0034657,0.019129,0.0036043,0.0017365,0.00035371,0.00020901,0.0019194,0.0018482,0.0042575,0.019066,0.016852,0.0090841,0.0021787,0.0020559,0.0019441,0.0017047,0.0018435,0.0019093,0.0063249,0.0010064,0.00039348,0.0006329,0.0013438,0.00096964,0.00043029,0.0045718,0.0083995,0.024093,0.0075551,0.00067067,0.00038789,0.00059164,0.00027914,0.00033131,8.7738e-05,0.0043889,0.001628,0.0067896,0.011278,0.016457,0.026408,0.039754,0.083866,0.28485,0.02862,0.16341,0.086595,0.061841,0.053415,0.047548,0.045119,0.043692,0.024313,0.0048146,0.0027254,0.0032299,0.0031083,0.0021017,0.0023603,0.0061517,0.0090221,0.015532,0.0088602,0.0033852,0.0025094,0.001836,0.0016142,0.0011168,0.0023022,0.0042439,0.00071442,0.00058509,0.00071765,0.00081477,0.0010169,0.0027683,0.0055337,0.023942,0.028484,0.0076241,0.000758,0.00048857,0.00051135,0.00061259,0.00026837,0.00067711,0.050845,0.0097892,0.011525,0.012149,0.013384,0.016411,0.021742,0.03434,0.14538,0.035594,0.06413,0.022178,0.013652,0.011488,0.0056188,0.0063761,0.0047894,0.015335,0.0050281,0.0018746,0.0033153,0.0014351,0.0020461,0.003256,0.0065739,0.020811,0.0092709,0.0021903,0.0044579,0.0026335,0.0017127,0.0016449,0.0015142,0.0014763,0.0063249,0.0012529,0.00035253,0.0010149,0.0016542,0.002284,0.0029219,0.0092514,0.041729,0.01667,0.022165,0.0046316,0.0033684,0.0031114,0.0028403,0.0028579,0.0026703,0.022341,0.013517,0.013423,0.014365,0.019936,0.025454,0.037138,0.061627,0.26786,0.12421,0.071454,0.039632,0.032005,0.027576,0.025111,0.025013,0.020766,0.014727,0.0038086,0.0023762,0.0052666,0.001284,0.0020245,0.0026439,0.0047454,0.018114,0.0026058,0.005727,0.0040678,0.0021042,0.0018933,0.0017617,0.0017973,0.0018139,0.00086975,0.0021712,0.0020939,0.0028274,0.0026689,0.0023447,0.0042375,0.011548,0.045176,0.026519,0.0059277,0.0026837,0.0017624,0.0019093,0.0015325,0.0014683,0.0014839
0.0092355,0.0024334,0.0027361,0.0022403,0.0015737,0.002094,0.0042142,0.0093352,0.085789,0.038443,0.0084992,0.00073008,0.0005794,0.00083161,0.00084818,0.00080538,0.00095369,0.0043393,0.0017741,0.00071446,0.00042023,0.0012568,0.00081407,0.00047997,0.00016143,0.018494,0.012198,0.0048055,0.00076684,0.00051969,0.0003645,0.00051716,0.0002131,0.00015068,0.0018273,0.0019027,0.0016854,0.001492,0.0015509,0.0031002,0.0031678,0.0041255,0.0093009,0.029074,0.0045751,0.0024623,0.0012728,0.0006925,0.00072144,0.00020759,0.00017548,0.028307,0.024722,0.024668,0.026005,0.029261,0.035156,0.043512,0.063704,0.3514,0.21585,0.072817,0.037004,0.020311,0.013244,0.0077731,0.0046813,0.003172,0.0026799,0.0030653,0.0018568,0.0016654,0.0012502,0.0010436,0.0014792,0.003677,0.010745,0.017614,0.0056866,0.0018449,0.0011201,0.0015488,0.00062495,0.0017131,0.0016461,0.0014057,0.00079232,0.00040062,0.0009257,0.0010138,0.00084116,0.0007357,0.0026823,0.031431,0.028494,0.0046017,0.00088788,0.00043335,0.0001756,5.7274e-05,0.00027425,8.5834e-05,0.04564,0.0058428,0.0062809,0.0068916,0.0070014,0.0073648,0.012216,0.018063,0.17727,0.022861,0.070289,0.0092139,0.0053706,0.0047043,0.0042248,0.0026447,0.00033567,0.0041295,0.0015725,0.0008488,0.0014425,0.0009433,0.00029271,0.0010374,0.0025021,0.017648,0.01585,0.0059386,0.0016649,0.00053126,0.00046399,0.00035434,0.00038662,8.2012e-05,0.0007229,0.00085073,0.00026523,0.00031646,0.00067467,0.0010779,0.0017128,0.00021337,0.042536,0.015202,0.019645,0.0010605,0.0011691,0.00063363,0.00028011,0.00053587,0.000288,0.0062467,0.0078178,0.0088839,0.016493,0.016109,0.014144,0.040292,0.073031,0.3047,0.146,0.050385,0.02467,0.030567,0.031482,0.016818,0.023525,0.02254,0.00059128,0.0007572,0.0012315,0.0018726,0.0014746,0.00045477,0.0015082,0.0040374,0.0098059,0.0085791,0.0064129,0.0028003,0.00075364,0.0016137,0.0010677,0.001235,0.0026093,0.0041581,0.0025232,0.0012781,0.0030721,0.0035285,0.0029316,0.0086967,0.020775,0.055078,0.024159,0.014923,0.0046108,0.0045847,0.0060098,0.003218,0.0033855,0.0052796
0.0024834,0.001435,0.00027736,0.0014051,0.0018522,0.0031935,0.0056525,0.016835,0.079919,0.074824,0.015766,0.0056786,0.0043642,0.0040956,0.0034843,0.0046006,0.0040818,0.0010624,0.00052087,0.00087177,0.00058477,0.0011546,0.00087586,0.0016401,0.0024054,0.018417,0.018433,0.0060237,0.00014601,0.00028922,0.00040222,0.00028537,0.00039278,0.00034525,0.00068665,0.0007535,0.00078796,0.00065655,0.0010308,0.0010987,0.0016767,0.0043685,0.0074767,0.037557,0.0046752,0.0023325,0.0011503,0.00082768,0.00062601,0.00051964,0.00043487,0.0019417,0.0026673,0.0052944,0.0072363,0.013135,0.020375,0.03308,0.052755,0.31503,0.16139,0.13351,0.068172,0.049851,0.040371,0.03706,0.035476,0.033047,0.0054627,0.0021188,0.0015021,0.002801,0.00095813,0.0017389,0.0021868,0.0018003,0.0098762,0.010159,0.010348,0.0025876,0.0032232,0.002164,0.0017939,0.0022289,0.00030516,0.00065423,0.00076643,0.00080512,0.00038072,0.001338,0.0017027,0.0025834,0.00046979,0.026034,0.013825,0.0078296,0.0042464,0.0029741,0.0024292,0.0022691,0.0019585,0.0022793,0.022217,0.0055832,0.016851,0.010179,0.019871,0.026612,0.026224,0.090867,0.097317,0.097113,0.048854,0.089004,0.038601,0.028913,0.039798,0.0069408,0.037999,0.0077325,0.0019475,0.0018886,0.0023729,0.0012482,0.0041114,0.0025052,0.0098008,0.01109,0.0086002,0.0063223,0.0073609,0.0036855,0.0014758,0.003474,0.00051585,0.002842,0.0081846,0.0027134,0.004692,0.0039928,0.0047542,0.0071527,0.0055519,0.018745,0.022971,0.0293,0.003064,0.011337,0.0029015,0.0027887,0.0017661,0.0010343,0.001463,0.023846,0.015275,0.016695,0.017899,0.019896,0.025027,0.03463,0.060539,0.35656,0.095264,0.054896,0.026892,0.021671,0.017792,0.016297,0.013896,0.021141,0.0011807,0.0015345,0.0015918,0.0026688,0.0010751,0.0014799,0.0019825,0.0026377,0.014479,0.0049322,0.0036464,0.0022951,0.00075234,0.00046839,0.00037709,0.00036471,0.0031376,0.0031872,0.0015914,0.0016021,0.0018303,0.0021942,0.003246,0.0053806,0.0068225,0.054114,0.017853,0.011647,0.0048946,0.0041731,0.0037373,0.0033834,0.0032232,0.0031796
0.0026875,0.0027836,0.002318,0.0015226,0.0035577,0.0036406,0.0044219,0.011792,0.066957,0.066366,0.013771,0.0057204,0.0042906,0.004295,0.0025151,0.004238,0.0032177,0.0017166,0.00098969,0.00052019,0.00044525,0.0011182,0.00070498,0.0011155,0.0029856,0.019494,0.024686,0.0060771,0.0014947,0.0009123,0.00095199,0.001126,0.00086134,0.00059891,0.0015736,0.00069356,0.00098823,0.00095231,0.00057734,0.0017714,0.0021918,0.0016973,0.010063,0.031374,0.005085,0.0023998,0.0012849,0.0010972,0.00068829,0.0007044,0.00084117,0.014616,0.019426,0.018226,0.02195,0.023507,0.027759,0.03576,0.05568,0.28343,0.19023,0.08852,0.036503,0.023044,0.014559,0.01109,0.0097104,0.0078985,0.0086728,0.00030098,0.00098893,0.00034034,0.00077847,0.00037615,0.00069749,0.0022278,0.0071165,0.017868,0.010131,0.0037856,0.0028258,0.0026381,0.0025103,0.0021583,0.00089838,0.0012398,0.0022481,0.0016103,0.0020835,0.0027387,0.0022557,0.0024507,0.0056332,0.027318,0.015417,0.0063976,0.0048431,0.0026885,0.0019373,0.0016441,0.0014862,0.0015259,0.03234,0.0059963,0.0066291,0.0065361,0.0090332,0.010658,0.015086,0.023167,0.17237,0.059984,0.061354,0.029807,0.018262,0.012881,0.013438,0.010523,0.014376,0.015593,0.0020284,0.0012094,0.0023996,0.0024374,0.0032341,0.0031619,0.0042138,0.020478,0.013369,0.0073434,0.0051483,0.0034006,0.0014308,0.00063247,0.00055583,0.00017736,0.0023003,0.0015712,0.0012614,0.00096229,0.0017564,0.0023749,0.0019238,0.0045985,0.04107,0.023984,0.018968,0.0040981,0.0033237,0.0022176,0.0021765,0.0018102,0.0017243,0.030127,0.017541,0.019394,0.020359,0.02414,0.028697,0.039686,0.061774,0.37224,0.11366,0.058237,0.029372,0.021622,0.018193,0.016237,0.015183,0.015917,0.0037766,0.00025257,0.00055885,0.00029597,0.00055327,0.00033119,0.0014149,0.0024772,0.011967,0.0084216,0.004319,0.0023954,0.0020181,0.0013162,0.0016034,0.0020061,0.0013695,0.0062657,0.0033117,0.0030192,0.0034044,0.0039671,0.004928,0.0053058,0.010886,0.05306,0.0068342,0.012903,0.0031877,0.0024723,0.0016562,0.0015339,0.0012656,0.0013371
0.0048791,0.0040251,0.0032726,0.0036997,0.0042066,0.0050681,0.006642,0.014499,0.038523,0.027187,0.012005,0.0040494,0.0035063,0.003007,0.0031119,0.0027165,0.0023499,0.0035229,0.0023117,0.001808,0.0020323,0.0027741,0.0025729,0.0033621,0.0042468,0.015693,0.016061,0.0057176,0.0030249,0.0013301,0.00095353,0.00086451,0.00043888,0.00076865,0.0025711,0.0014324,0.0013887,0.0013567,0.0013521,0.0015621,0.0014605,0.0046138,0.0070837,0.037875,0.0053253,0.0047989,0.0028783,0.0022478,0.0017919,0.0018678,0.0015755,0.010727,0.0049668,0.007889,0.0067457,0.0092273,0.015108,0.027253,0.050307,0.22466,0.26898,0.10844,0.029396,0.016394,0.016047,0.017396,0.018068,0.020386,0.010504,0.0024244,0.00050953,0.0010648,0.0011247,0.0014636,0.0024655,0.0029024,0.0057894,0.012712,0.012308,0.0018335,0.00069022,0.00075721,0.001509,0.0022154,0.0009556,0.00083733,0.0029183,0.0020513,0.00052248,0.0017621,0.0042905,0.0080054,0.0083171,0.02743,0.019426,0.0056473,0.0029435,0.0030219,0.0031874,0.0030073,0.0027464,0.0020504,0.044318,0.00742,0.0087712,0.0095824,0.010752,0.013078,0.018588,0.029986,0.12217,0.060417,0.07967,0.030102,0.017827,0.014316,0.009206,0.0093413,0.0095121,0.018359,0.0010737,0.00011039,0.00082254,0.0013888,0.001389,0.0022129,0.0029491,0.015923,0.023038,0.022311,0.0070006,0.0037158,0.0024584,0.0019697,0.0019007,0.0018139,0.0015583,0.0031222,0.0032622,0.0033819,0.0036529,0.0041644,0.0056166,0.0079463,0.030689,0.02122,0.021584,0.0058649,0.0032989,0.0025323,0.0023898,0.0020372,0.00173,0.008814,0.024542,0.02509,0.027242,0.03062,0.037103,0.049931,0.082555,0.28859,0.15954,0.066058,0.033096,0.025738,0.019451,0.016874,0.018021,0.013365,0.0082284,0.00074155,0.0015837,0.0027682,0.0022792,0.0028221,0.0036027,0.0055356,0.017681,0.011434,0.0053949,0.0034363,0.001505,0.0012547,0.00073671,0.00247,0.0001564,0.0017453,0.0014835,0.0017148,0.0022239,0.0033605,0.0044397,0.0068388,0.0078363,0.032189,0.033063,0.01948,0.0085965,0.0066156,0.0058327,0.0051149,0.0049451,0.0048772
0.0080968,0.0066259,0.0051738,0.006076,0.0065019,0.0079984,0.0099324,0.015092,0.06037,0.072986,0.021659,0.0053799,0.003747,0.002876,0.0037296,0.00021281,7.0564e-05,0.0015049,0.0014306,0.0017508,0.0021081,0.0013168,0.0017178,0.0026754,0.0042885,0.017803,0.019893,0.0091174,0.00073611,0.00080023,0.00067725,0.00064158,0.0007387,0.0005398,0.0060941,0.00075647,0.00084299,0.00070243,0.00090371,0.0009481,0.0015595,0.0017459,0.0051846,0.030089,0.012168,0.0013047,0.00082672,0.00067937,0.00048274,0.00067821,0.00037576,0.011004,0.0037044,0.0045714,0.0069813,0.0096703,0.014495,0.024516,0.056182,0.20344,0.2031,0.10674,0.030054,0.022188,0.019601,0.018874,0.018445,0.015997,0.017365,0.00076254,0.00049434,0.0011718,0.0021858,0.0011488,0.00059937,0.0012325,0.00083238,0.013221,0.014512,0.0033987,0.00092494,0.00077122,0.00097997,0.0005391,0.00065995,0.00096132,0.0020887,0.002173,0.0025502,0.0025016,0.0037798,0.0056865,0.0083497,0.02834,0.0072511,0.018342,0.0072794,0.0050425,0.0040644,0.0036425,0.0031721,0.0034104,0.031006,0.0074501,0.0092465,0.0091328,0.011276,0.014404,0.019072,0.031655,0.12289,0.06294,0.048944,0.044829,0.025168,0.021107,0.016266,0.015158,0.013226,0.017676,0.0017285,0.0024204,0.0024979,0.0017528,0.0023709,0.0034897,0.0050735,0.020335,0.016902,0.015371,0.0062654,0.002881,0.0013413,0.00066132,0.00064946,0.00055123,0.006342,0.0019029,0.0024824,0.0023769,0.0023882,0.0042515,0.0046661,0.0080247,0.038206,0.021948,0.021441,0.0057537,0.0025323,0.0021014,0.0017589,0.0015814,0.0015316,0.029713,0.0031634,0.0070829,0.0084376,0.011908,0.019508,0.030841,0.057395,0.24431,0.16755,0.069204,0.04115,0.033918,0.029942,0.028185,0.027199,0.026146,0.0026283,0.0011703,0.001096,0.0016059,0.0034833,0.0022183,0.00319,0.0053271,0.019285,0.011835,0.0046469,0.0036089,0.0022625,0.0016515,0.001295,0.0024631,0.00095369,0.00075914,0.00024528,0.00058586,0.0015718,0.001868,0.0030067,0.0058239,0.0099215,0.040874,0.018446,0.013333,0.008446,0.0061506,0.0054612,0.0049134,0.0044681,0.0048028
0.017655,0.0039324,0.0017007,0.0028926,0.0019832,0.0040007,0.0058028,0.010511,0.059845,0.05805,0.0071314,0.0058486,0.0047305,0.0031783,0.0039982,0.0036951,0.002224,0.0013905,0.0015529,0.0013458,0.00093019,0.0023252,0.0018795,0.0028285,0.0041304,0.02067,0.022654,0.0064851,0.0027481,0.0015688,0.00097643,0.00063629,0.0008769,0.00050546,0.0029946,0.002183,0.0017354,0.0020376,0.0022923,0.0026051,0.0019603,0.0051444,0.013331,0.034518,0.0034413,0.0047482,0.0022517,0.0014197,0.0012111,0.0007019,0.00043106,0.012163,0.022488,0.022774,0.024027,0.027497,0.03398,0.045827,0.076903,0.31041,0.099786,0.19698,0.06461,0.043706,0.034243,0.029903,0.030075,0.0259,0.021664,0.0016566,0.00088157,0.00098833,0.0011902,0.0015611,0.0015587,0.0035799,0.0080354,0.0062413,0.015981,0.0065882,0.0036239,0.0024673,0.0022132,0.0026945,0.00093078,0.0024567,0.001257,0.00077961,0.00069732,0.00088083,0.0010681,0.0027604,0.0010842,0.024587,0.011403,0.012801,0.00054088,0.00056112,0.00023006,0.00019807,0.0004888,0.000103,0.014389,0.0095061,0.011378,0.010823,0.010856,0.013311,0.019163,0.030037,0.14012,0.063471,0.065602,0.041419,0.016125,0.0089435,0.0062852,0.0045509,0.0048409,0.025048,0.00037453,0.000568,0.00022832,0.0031661,0.0017474,0.0031181,0.0042393,0.021367,0.01606,0.012384,0.012385,0.0067314,0.0050002,0.0039525,0.0035838,0.003605,0.011891,0.0014567,0.0022808,0.0025128,0.0030048,0.0034954,0.0051386,0.0082506,0.044648,0.020742,0.017633,0.0099875,0.0049715,0.0035043,0.0028644,0.0026405,0.0024262,0.053098,0.0197,0.021987,0.024183,0.027177,0.033321,0.045281,0.070973,0.32366,0.12411,0.062197,0.030584,0.023658,0.018867,0.016604,0.013228,0.021923,0.0017643,0.00099814,0.00025539,0.00044914,7.4647e-05,0.00061016,0.0012892,0.0017979,0.014714,0.0052345,0.0067787,0.0036658,0.0013857,0.0016067,0.0016373,0.0024454,0.00029185,0.0064393,0.0018787,0.00211,0.0022426,0.0028757,0.0033729,0.004784,0.0066977,0.049717,0.013066,0.0044943,0.0012808,0.00052615,0.00045688,0.00037931,0.00011008,0.00020218
0.012814,0.003899,0.0025563,0.0017372,0.0026733,0.0043629,0.0045261,0.0073737,0.058785,0.049586,0.0027985,0.0036588,0.0027105,0.00079107,0.0017931,0.00022961,0.0010071,0.00011444,0.00061689,0.00071637,0.00063675,0.0011046,0.00099571,0.00179,0.0024676,0.014996,0.01367,0.0041916,0.0042988,0.002324,0.0013637,0.0010394,0.0011562,0.0012245,0.0023976,0.00029852,0.00047422,0.00045078,0.00055926,0.00081186,0.00090193,0.0023463,0.0084145,0.036169,0.0033857,0.0031738,0.00091242,0.00070147,0.00080735,0.00054252,0.00050165,0.016636,0.012044,0.011491,0.013908,0.016074,0.019465,0.025673,0.042655,0.25452,0.16443,0.12379,0.014743,0.006783,0.0044188,0.0017958,0.0028226,0.0010681,0.014172,0.0012694,0.00081734,0.00042907,0.00064768,0.00090403,0.00056354,0.0015498,0.0036499,0.0052842,0.015519,0.0053025,0.0029633,0.0023012,0.002476,0.0022757,6.1035e-05,0.0005684,0.0014487,0.0014612,0.0017704,0.002206,0.0024962,0.0037934,0.005879,0.026469,0.017067,0.01853,0.0066671,0.0045324,0.0036867,0.0032088,0.0029678,0.0032044,0.031184,0.0020082,0.0024213,0.002032,0.0018117,0.0022774,0.0020814,0.010366,0.11852,0.016153,0.064992,0.038686,0.012733,0.0081604,0.0049746,0.00416,0.0055905,0.01861,0.00072311,0.00036169,0.00068037,0.00074947,0.00047337,0.00092135,0.0007659,0.0084763,0.01298,0.012536,0.013101,0.0048879,0.0035605,0.0028154,0.002549,0.0027371,0.0035706,0.0020763,0.0023624,0.0024112,0.0028132,0.0036348,0.0040737,0.0077735,0.03654,0.011485,0.013658,0.013016,0.0053862,0.0037448,0.002951,0.0026559,0.0027581,0.010739,0.010545,0.0096006,0.011758,0.015516,0.023563,0.038651,0.077659,0.3264,0.12147,0.052784,0.041963,0.035896,0.031103,0.027527,0.025353,0.01537,0.0019226,0.00085347,0.00072112,0.0015593,0.00092796,0.00090191,0.0010323,0.0023256,0.013812,0.0064895,0.0026622,0.004654,0.0015408,0.00103,0.0011047,0.0016632,0.0024567,3.4358e-05,0.0037916,0.0055243,0.0059984,0.0053265,0.0045693,0.0078871,0.015479,0.056136,0.017067,0.0012259,0.0054095,0.0048075,0.0034898,0.00145,0.00050329,0.00046922
0.019247,0.0059019,0.0029379,0.0025731,0.0036663,0.0056768,0.0085765,0.016956,0.057743,0.073955,0.0083136,0.011343,0.0077871,0.0072104,0.0075553,0.0055132,0.0053922,0.013437,0.0066577,0.002076,0.00078533,0.00074126,0.0010769,0.0012139,0.0023291,0.01746,0.019684,0.002972,0.0054957,0.0035974,0.0030021,0.0025365,0.0024573,0.0026608,0.0022984,0.002512,0.00097489,0.0011951,0.0012907,0.00081865,0.00043956,0.00053936,0.005082,0.030672,0.0079912,0.0029022,0.0013757,0.00094146,0.00082528,0.00056522,0.00035287,0.0052453,0.013187,0.013389,0.013835,0.017632,0.022747,0.032159,0.057168,0.25846,0.084977,0.19752,0.041072,0.031709,0.026505,0.02364,0.021099,0.021145,0.029614,0.0069411,0.0031494,0.0030233,0.0019258,0.0014016,0.0019032,0.0024273,0.0076077,0.0050309,0.020634,0.0017194,0.00087837,0.00046206,0.00017823,0.00081896,0.00099567,0.0051995,0.0021301,0.001206,0.0012825,0.0019941,0.001923,0.0014711,0.0037066,0.024744,0.0079821,0.0098432,0.00052103,0.00039647,0.00043058,0.00055381,0.0005928,0.00032808,0.034222,0.0042751,0.0030001,0.0034243,0.0041146,0.0055241,0.007823,0.019379,0.14025,0.080528,0.084633,0.016548,0.0069848,0.0040783,0.0015428,0.0033053,0.0028878,0.033982,0.0079549,0.0029388,0.0010875,0.0013558,0.0022799,0.0017245,0.0022105,0.016915,0.017054,0.013407,0.0036051,0.0013675,0.0018216,0.00095352,0.00099409,0.0011101,0.0098497,0.0033966,0.0013366,0.0015719,0.0019878,0.0027442,0.0029446,0.0036425,0.042895,0.016162,0.011865,0.010173,0.0058438,0.0049174,0.0039415,0.0038869,0.0035554,0.011069,0.023062,0.023481,0.024854,0.028664,0.033631,0.047017,0.080417,0.35521,0.13267,0.052638,0.035104,0.024087,0.019538,0.01646,0.018942,0.0094778,0.016722,0.0062164,0.0029401,0.001781,0.0015301,0.0013279,0.0019911,0.0030373,0.01475,0.0069407,0.0049812,0.0039344,0.002019,0.0012108,0.0015595,0.0025505,0.0019665,0.0051556,0.0014355,0.00090541,0.00045762,0.0018232,0.0042314,0.0052503,0.0077482,0.047451,0.011374,0.0027478,0.0070119,0.0050446,0.004419,0.0038738,0.0034323,0.0035611
0.027213,0.0010155,0.0014658,0.0035182,0.0037353,0.0026578,0.0069963,0.0094685,0.088623,0.060301,0.019531,0.0066702,0.0054537,0.0049775,0.0049425,0.0038051,0.0040417,0.046689,0.0025028,0.0022366,0.0011725,0.00087053,0.002661,0.00077381,0.0032866,0.023423,0.020988,0.010967,0.0029732,0.0023766,0.0022848,0.0016579,0.0019753,0.0015679,0.013159,0.00053109,0.0011519,0.001159,0.00088135,0.0016956,0.0023322,0.0010745,0.012708,0.036237,0.0094419,0.0023136,0.0017223,0.0012803,0.0015679,0.0010695,0.0010548,0.027848,0.0039588,0.0053118,0.0057103,0.0067768,0.0079342,0.013728,0.030332,0.24994,0.12314,0.13542,0.01295,0.010219,0.00803,0.0075519,0.0065374,0.0068437,0.056649,0.001824,0.0013617,0.0016687,0.0010953,0.0010417,0.0014962,0.0010548,0.0040645,0.0059923,0.015871,0.0045344,0.0016185,0.0014796,0.00070623,0.0012318,0.0030823,0.010107,0.00078705,0.0007771,0.00047829,0.001037,0.002167,0.0010257,0.0063028,0.027918,0.0037045,0.018122,0.0024436,0.0018607,0.0016657,0.0012103,0.0013675,0.00055889,0.057298,0.0096845,0.01512,0.019101,0.023983,0.023921,0.0208,0.017241,0.13997,0.069874,0.082866,0.024643,0.015165,0.010498,0.0085062,0.0089313,0.0096056,0.06569,0.0025161,0.0032503,0.0018512,0.0013208,0.0016245,0.0009505,0.0030064,0.018915,0.017037,0.014111,0.0057046,0.0036767,0.0027121,0.0022694,0.0015449,0.0014229,0.024964,0.0034258,0.0021468,0.00087536,0.0044366,0.0064209,0.0098493,0.0099278,0.031893,0.032162,0.019618,0.015825,0.010081,0.0066815,0.0045087,0.0043107,0.0054513,0.033276,0.013077,0.0142,0.015027,0.018425,0.022998,0.03385,0.064858,0.36501,0.098192,0.028434,0.028586,0.023024,0.01881,0.017427,0.01848,0.0045281,0.048556,0.0037562,0.001659,0.001182,0.0010701,0.0012836,0.0021358,0.0024711,0.013197,0.0020574,0.0063943,0.0019591,0.00068677,0.00025471,0.00084853,0.0029639,0.0010701,0.0052663,0.0034444,0.0028779,0.0037476,0.0037592,0.0030983,0.0061599,0.011789,0.060308,0.0065605,0.0047792,0.0046435,0.0023712,0.0015055,0.000605,0.00063746,0.00022317
0.016567,0.0030284,0.0040605,0.0035641,0.0028598,0.0032959,0.0033717,0.009145,0.073472,0.046736,0.010971,0.0046166,0.0033388,0.0020212,0.0019375,0.0010578,0.00056458,0.055158,0.0018176,0.0013927,0.00049998,0.0014372,0.0018495,0.0017763,0.0010212,0.019495,0.016495,0.007652,0.0018891,0.0015483,0.00094609,0.00055316,0.00023976,0.00052262,0.019011,0.0026995,0.002288,0.0024459,0.0026315,0.0032485,0.0043108,0.0035125,0.022943,0.030403,0.012443,0.0040484,0.0024053,0.0014776,0.0008154,0.00074748,0.0012455,0.052251,0.014391,0.014936,0.016007,0.017645,0.021672,0.027483,0.052471,0.29425,0.11953,0.16326,0.049213,0.031562,0.022769,0.021464,0.019267,0.012566,0.052232,0.0030273,0.0012741,0.00054057,0.0015562,0.0013026,0.0019012,0.0033964,0.0084728,0.0083102,0.020047,0.0036562,0.0038913,0.0022651,0.0018161,0.002134,0.00091173,0.010637,0.0003622,0.00086605,0.0010563,0.0011745,0.001249,0.0013931,0.0076837,0.031114,0.020098,0.011084,0.0045828,0.0030225,0.0025336,0.0022342,0.0018943,0.002615,0.068795,0.0055431,0.0048826,0.0032309,0.0050116,0.005824,0.0052544,0.0093649,0.16811,0.027606,0.080327,0.015192,0.0076113,0.0056134,0.0018874,0.0037312,0.0060693,0.062413,0.002594,0.0016978,0.001657,0.00059923,0.0016913,0.0025074,0.0017926,0.018502,0.015398,0.0131,0.0034084,0.0014259,0.0014352,0.0010206,0.0011587,0.00052642,0.019121,0.0011584,0.00076675,0.00076758,0.00054018,0.00066865,0.0010613,0.0025013,0.04256,0.017829,0.019104,0.0041029,0.0012829,0.0012339,0.0010746,0.00085499,0.0011463,0.040999,0.0097271,0.0086801,0.0092407,0.012425,0.016619,0.024865,0.050706,0.3544,0.049921,0.043332,0.023335,0.01962,0.016437,0.015483,0.013769,0.022955,0.057324,0.0021022,0.00040975,0.0014174,0.00094855,0.00067984,0.0010316,0.0025571,0.011242,0.0027039,0.0042727,0.0024241,0.0012093,0.0014391,0.0012665,0.001431,0.0060693,0.0068475,0.0024116,0.0022713,0.0021356,0.0028105,0.0040295,0.0055339,0.013144,0.06558,0.018615,0.0079459,0.0060121,0.0039475,0.0030778,0.002721,0.0028008,0.0017128
0.0048009,0.0036095,0.0034123,0.0041797,0.0050359,0.0068775,0.010663,0.019005,0.086022,0.072124,0.027471,0.01649,0.013043,0.011245,0.0099431,0.010758,0.0094015,0.04107,0.0023736,0.0018855,0.0010582,0.0013954,0.0020231,0.0027677,0.0045653,0.020955,0.018905,0.0088965,0.0051408,0.0038138,0.0034388,0.0029591,0.0027926,0.0026665,0.01251,0.0010638,0.0011721,0.0011516,0.0013587,0.0020314,0.0030857,0.0067727,0.0070708,0.028069,0.012098,0.0065935,0.0046143,0.0036761,0.0035372,0.0034724,0.0030957,0.042622,0.014029,0.011932,0.013285,0.015389,0.017471,0.023064,0.04526,0.24764,0.075042,0.1441,0.029043,0.015857,0.011318,0.0064549,0.0053672,0.0057755,0.035836,0.0025445,0.0032157,0.0025406,0.0023215,0.0027239,0.0024698,0.0040762,0.0081083,0.010586,0.014271,0.005305,0.0016415,0.0016131,0.0011723,0.0018678,0.0024224,0.0085107,0.00062886,0.00040193,0.00064653,0.00071037,0.0015824,0.0023857,0.0079294,0.026268,0.016737,0.015816,0.0035777,0.0027586,0.0022855,0.0022396,0.0020336,0.0018349,0.052726,0.0077514,0.0074189,0.0064233,0.0080032,0.010071,0.013855,0.024619,0.17808,0.063335,0.080264,0.010952,0.0086798,0.0069759,0.0064375,0.005912,0.0066739,0.047316,0.0015721,0.0013631,0.0011899,0.0014301,0.0011777,0.0021348,0.0026203,0.015255,0.017666,0.011602,0.0015491,0.00066959,0.00068783,0.00012415,0.00031186,0.00017358,0.013949,0.0008219,0.00050382,0.00078869,0.0013133,0.0014816,0.0028325,0.0055651,0.035663,0.015021,0.026136,0.0039276,0.0031303,0.0023836,0.0021904,0.002012,0.0014172,0.044057,0.021519,0.021472,0.022864,0.02598,0.031051,0.04065,0.066001,0.35684,0.10965,0.036862,0.020827,0.01371,0.010325,0.0079154,0.0088122,0.00097276,0.042239,0.0040317,0.0021465,0.0021862,0.0020217,0.0020212,0.0024518,0.0043545,0.014296,0.0041329,0.0042514,0.001594,0.0009119,0.00034092,0.00015437,0.0013738,0.0036259,0.010649,0.0025659,0.002305,0.0027726,0.0032989,0.0039452,0.0062469,0.013385,0.055047,0.02042,0.0028037,0.0058952,0.0046534,0.0039819,0.0034722,0.0032324,0.0033894
0.0062467,0.0029423,0.0023654,0.0018425,0.0026325,0.0029592,0.0033533,0.00559,0.043698,0.041822,0.01328,0.0016007,0.00153,0.0020435,0.0022263,0.0013024,0.0006428,0.024851,0.0025321,0.0011617,0.00059191,0.0016061,0.0020398,0.0026016,0.0034298,0.015911,0.020216,0.0087103,0.0014603,0.00091625,0.0012309,0.0011228,0.0011021,0.0006733,0.0043355,0.0026014,0.0027896,0.0028675,0.002963,0.0037202,0.0043403,0.0082631,0.016662,0.033021,0.01683,0.0032509,0.0021276,0.0013199,0.00097876,0.00074869,0.00036812,0.018782,0.0034215,0.0072733,0.011284,0.01548,0.023016,0.037412,0.071368,0.30385,0.12848,0.21202,0.080517,0.056814,0.046615,0.04093,0.039583,0.038703,0.028222,0.0022811,0.0019956,0.0022135,0.001818,0.0019444,0.002892,0.0033621,0.0084813,0.0085035,0.019505,0.0027453,0.0024866,0.0018157,0.0012605,0.0012694,0.0013313,0.0036316,0.0011209,0.0013363,0.001635,0.0020335,0.0018709,0.0029421,0.0042777,0.024112,0.024535,0.0074263,0.0015573,0.0011265,0.00077646,0.00088214,0.00066985,0.001194,0.039643,0.0068311,0.0080647,0.0082712,0.010518,0.010913,0.014409,0.030225,0.13927,0.03767,0.084921,0.016614,0.0087206,0.0069177,0.0074928,0.0052763,0.0040017,0.034695,0.0030648,0.0015583,0.0012524,0.0012601,0.0015499,0.0021399,0.0043423,0.018751,0.016992,0.023946,0.00335,0.0022862,0.0018575,0.0017605,0.0016951,0.0013809,0.0098268,0.0013387,0.00086876,0.00090983,0.0014261,0.0021447,0.0029678,0.0069619,0.03717,0.025767,0.026343,0.0020284,0.0026181,0.0021163,0.0018977,0.0017153,0.0018196,0.0049153,0.021384,0.020034,0.018705,0.027068,0.031849,0.038415,0.081158,0.33308,0.10717,0.063604,0.029913,0.023071,0.022565,0.016466,0.018552,0.0095083,0.027457,0.00033621,0.0024379,0.00097388,0.00091389,0.0020732,0.0022301,0.0028815,0.015771,0.0031097,0.0048165,0.0034952,0.0018867,0.00092849,0.0013886,0.0025863,0.0011578,0.0052625,0.0018708,0.0018471,0.0015969,0.0022811,0.0042848,0.0049184,0.0086583,0.048452,0.026635,0.0067382,0.0054781,0.0040278,0.0026294,0.0036601,0.0032263,0.0023709
0.0012875,0.0043058,0.0030337,0.0044558,0.0048004,0.0061456,0.0085101,0.014637,0.072459,0.069039,0.010467,0.01047,0.0075163,0.0065036,0.0054724,0.0051454,0.0042744,0.011509,0.0015148,0.0013845,0.0011487,0.0011231,0.0020016,0.0024308,0.0035507,0.018365,0.018045,0.0039404,0.002409,0.0015409,0.0010031,0.00059021,0.00083308,0.00041964,0.0049916,0.00018471,4.0731e-05,0.00029666,0.00041941,0.0006937,0.00084508,0.002468,0.0015471,0.032171,0.0020278,0.0043831,0.0030088,0.0022336,0.0021877,0.0016551,0.0019703,0.0083124,0.0058971,0.0080347,0.0071201,0.010471,0.013369,0.019629,0.036251,0.23682,0.10291,0.12542,0.013625,0.0064573,0.005707,0.0039747,0.0044554,0.0061303,0.0095216,0.0019187,0.00078529,0.00026187,0.0012248,0.001259,0.00070907,0.0015529,0.0028325,0.010218,0.014303,0.0020081,0.0022046,0.0011692,0.0014909,7.8447e-05,0.0027276,0.0035477,0.00013856,0.00042318,0.00061961,0.00090024,0.0016885,0.0023317,0.004778,0.024933,0.014494,0.020434,0.0052618,0.0039323,0.0034049,0.0030968,0.0027215,0.0032006,0.048754,0.0021825,0.00042546,0.0031963,0.0036028,0.0057857,0.0084765,0.023585,0.13847,0.056826,0.10194,0.011742,0.0088787,0.0070597,0.0057671,0.0069828,0.005396,0.01853,0.0017305,0.00084066,0.00072234,0.00017615,8.6768e-05,0.00069846,0.00038394,0.014725,0.012492,0.01503,0.0011319,0.00092968,0.00039884,0.00012838,0.00015438,3.2421e-05,0.0049363,0.0010199,0.0013677,0.0016359,0.0020408,0.001966,0.0031951,0.0056299,0.036246,0.012241,0.021639,0.0034413,0.0019168,0.0019687,0.0015847,0.0015657,0.0012284,0.0057965,0.0021097,0.0054316,0.0079743,0.012604,0.020021,0.031733,0.064026,0.32632,0.14887,0.047311,0.044078,0.035993,0.03246,0.029014,0.02663,0.030238,0.016741,0.0015121,0.00048149,0.0010048,0.00092733,0.0011749,0.0019909,0.0032313,0.014075,0.0067954,0.0052413,0.0022018,0.001002,0.0011678,0.0015976,0.0012554,0.002451,0.0087911,0.0025964,0.0027718,0.0033014,0.0040301,0.0044776,0.0062643,0.0083444,0.047909,0.019044,0.012157,0.0061852,0.0044425,0.0035473,0.0031506,0.0030239,0.002718
0.0075933,0.0013832,0.0028284,0.001417,0.0022091,0.0024002,0.0060628,0.011171,0.045862,0.061531,0.0010565,0.0068188,0.0065315,0.0050031,0.0043466,0.0046949,0.0054303,0.0046063,0.0015786,0.0011356,0.0011813,0.0015997,0.0018447,0.0025243,0.0042868,0.016872,0.02519,0.0040546,0.0029397,0.0027782,0.0021406,0.0017001,0.0017872,0.0021191,0.004118,0.0016699,0.0017854,0.0020548,0.0021561,0.0023818,0.0033312,0.0043848,0.011145,0.035318,0.010761,0.0028969,0.0017227,0.001408,0.0011806,0.0010096,0.00081446,0.012459,0.0036883,0.0072189,0.011268,0.014048,0.021251,0.035975,0.064044,0.26981,0.12486,0.2236,0.070378,0.05056,0.042334,0.038548,0.035904,0.036336,0.0044518,0.001046,0.0007254,0.0011256,0.001254,0.001363,0.0019878,0.0028087,0.0064429,0.0044996,0.021168,0.0048588,0.0023342,0.0024617,0.0015653,0.00035502,0.003254,0.0031434,0.0013275,0.0011161,0.0011208,0.001344,0.0020819,0.0023966,0.0081835,0.019993,0.013678,0.010329,0.00084185,0.00092212,0.00090796,0.00077058,0.00043818,0.00098802,0.052655,0.0079912,0.010101,0.010164,0.012375,0.01426,0.020001,0.033053,0.14868,0.066027,0.11013,0.017023,0.011368,0.0092334,0.010308,0.009155,0.0067712,0.012615,0.00069672,0.00039257,0.00018159,0.00092516,0.0016459,0.0014647,0.0051913,0.019818,0.017794,0.019071,0.0043482,0.004423,0.0036988,0.0029248,0.0029214,0.0026742,0.0050717,0.00087972,0.0014083,0.0016651,0.0021918,0.0030804,0.0047807,0.010046,0.036897,0.031085,0.010659,0.0058119,0.0049192,0.0043801,0.0037235,0.0035645,0.0036793,0.018521,0.025375,0.027812,0.030042,0.034061,0.039818,0.052624,0.093265,0.31381,0.15141,0.054927,0.034344,0.022928,0.017301,0.014522,0.012267,0.012699,0.008587,0.0021803,0.00034153,0.00068287,0.0011616,0.001287,0.0020964,0.0040689,0.015081,0.0095251,0.011195,0.002459,0.0018516,0.0016088,0.0013968,0.0019953,0.0025063,0.0014057,0.003764,0.0037751,0.004094,0.0046607,0.0051181,0.0069784,0.014462,0.039815,0.022137,0.0066223,0.0036182,0.0024899,0.0016945,0.0014411,0.0010253,0.0010624
0.0048486,0.002091,0.002816,0.0017816,0.0021822,0.0026496,0.0050758,0.010539,0.055708,0.058199,0.016605,0.0076061,0.0060086,0.0047213,0.005024,0.0044855,0.0040436,0.0063783,0.0023172,0.0013388,0.0014959,0.0014236,0.0018643,0.0024711,0.0036114,0.015199,0.011984,0.0065422,0.0017997,0.0011804,0.00094898,0.00052336,0.00070876,0.00062561,0.00086404,0.00059929,0.00054072,0.00053642,0.00042834,0.00032475,0.00093378,0.0014275,0.00097621,0.032361,0.009065,0.00064958,0.0003876,0.00036582,0.00047663,0.00021012,7.8224e-05,0.010403,0.012657,0.015597,0.016006,0.017997,0.022312,0.032757,0.061097,0.22618,0.1647,0.11194,0.010541,0.010365,0.011042,0.011355,0.011203,0.0098344,0.00022317,0.0011329,0.0011049,0.00075277,0.00077348,0.00036548,0.0011166,0.00058039,0.002336,0.007037,0.020902,0.00267,0.0015644,0.0013505,0.001641,0.0016768,0.0007267,0.0013981,0.002425,0.0028044,0.0031017,0.0032299,0.0042149,0.0058047,0.0064435,0.023778,0.018365,0.01716,0.0055262,0.0034841,0.0026334,0.0024564,0.0019039,0.0018673,0.034745,0.002647,0.0031845,0.0029187,0.0046708,0.0063894,0.010342,0.019868,0.1099,0.048901,0.063487,0.0052042,0.0066833,0.0063237,0.002796,0.0056918,0.0062524,0.0051137,0.00071457,0.00051124,0.0014683,0.00091017,0.00081618,0.0013347,0.0033405,0.014214,0.0036516,0.0084117,0.0027397,0.0018404,0.0011373,0.0010634,0.00045011,0.0013142,0.0054951,0.0023414,0.0025051,0.0025061,0.0029528,0.0032346,0.0048243,0.009166,0.032708,0.0027586,0.022926,0.0047887,0.0025924,0.0024334,0.0022158,0.0019097,0.0020886,0.034754,0.025682,0.02641,0.028553,0.0325,0.039152,0.052011,0.082154,0.28295,0.1576,0.061441,0.03433,0.024219,0.018802,0.015817,0.010485,0.014548,0.0066186,0.0010477,0.0022162,0.0023598,0.0020108,0.0024093,0.0029665,0.0048555,0.017739,0.010364,0.0040559,0.0013427,0.0005761,0.00046996,0.00043183,0.0016872,0.0011101,0.0068666,0.0023514,0.0021892,0.00263,0.0036367,0.004044,0.005997,0.0097124,0.037298,0.028867,0.017242,0.0076117,0.0060265,0.0048762,0.0044448,0.0044473,0.0041009
0.0053445,0.0042388,0.0043172,0.0057451,0.0065425,0.0066915,0.0098955,0.016306,0.054398,0.080182,0.005206,0.0049462,0.0030492,0.0015802,0.0036264,0.00076879,0.0012551,0.013689,0.0007467,0.0011355,0.0015502,0.00094355,0.0020148,0.0026118,0.0046028,0.018666,0.025182,0.0019522,0.001872,0.0013454,0.0011599,0.00090942,0.0011642,0.0010967,0.0020123,0.00076377,0.00072454,0.00073715,0.00094263,0.00077951,0.001527,0.0020463,0.0076093,0.037051,0.0080259,0.0016281,0.00078444,0.00064643,0.00092499,0.00048346,0.00057795,0.039721,0.028221,0.030472,0.034876,0.03645,0.044169,0.056428,0.088598,0.27702,0.10304,0.20619,0.054401,0.032974,0.022935,0.019261,0.014689,0.014967,0.00059319,0.0019061,0.0010154,0.0014788,0.0018516,0.0022363,0.001386,0.0034491,0.0060969,0.0028945,0.021662,0.0060572,0.0018172,0.00058884,0.0011961,0.0012761,0.0018139,0.0038338,0.0013737,0.001403,0.0013051,0.0020504,0.0024232,0.0032151,0.0066199,0.021483,0.0068657,0.0089475,0.002235,0.0017536,0.0016525,0.0012033,0.000934,0.001667,0.015721,0.011636,0.012408,0.012954,0.014942,0.017791,0.020862,0.034199,0.14515,0.063706,0.090113,0.019548,0.01039,0.0065838,0.0072765,0.0034438,0.0021248,0.005621,0.0017661,0.0013479,0.0014607,0.0014007,0.0015715,0.0027844,0.0055498,0.020621,0.017552,0.01072,0.002808,0.0033541,0.0022677,0.0018593,0.0018818,0.0015621,0.003542,0.0016095,0.0017451,0.0019432,0.0027703,0.003304,0.0047554,0.008416,0.038194,0.030007,0.019481,0.006012,0.0040116,0.0035134,0.0029354,0.003116,0.0026646,0.0049992,0.0083341,0.0098824,0.012782,0.016639,0.023334,0.035235,0.06586,0.27384,0.19036,0.075018,0.049762,0.03917,0.03375,0.031048,0.029855,0.030077,0.0091897,0.0021124,0.0015946,0.0022074,0.001927,0.002366,0.0031033,0.0052186,0.017112,0.011527,0.005261,0.0025919,0.0016526,0.0013033,0.0010817,0.0015914,0.0019837,0.0060464,0.00023959,0.00073628,0.0011041,0.0021469,0.0021557,0.0044334,0.0096535,0.035202,0.020763,0.0082517,0.0064603,0.0054173,0.0044932,0.0042231,0.0040967,0.0036698
0.0061131,0.0054287,0.005621,0.0054248,0.0061414,0.0072348,0.0086624,0.016677,0.044329,0.027261,0.020339,0.0090337,0.0062275,0.0062729,0.0028352,0.0024293,0.0023442,0.008957,0.00026463,0.0013402,0.0010555,0.001321,0.0016838,0.0026675,0.0037992,0.01299,0.018918,0.0063703,0.0029398,0.0021897,0.0018779,0.0016119,0.001363,0.0015679,0.0047436,0.0013937,0.00080142,0.0011043,0.00097968,0.0012783,0.0013959,0.00056421,0.0041319,0.031412,0.0091864,0.0024686,0.0013196,0.00085845,0.00077445,0.00061824,0.00052071,0.010384,0.019053,0.025023,0.024493,0.028337,0.033765,0.042318,0.063407,0.20524,0.21243,0.1468,0.034908,0.020504,0.015445,0.011454,0.010688,0.0082322,0.0074674,0.0024618,0.0011267,0.00051455,0.00071282,0.00071327,0.00128,0.001347,0.0033095,0.0069569,0.021249,0.0034524,0.0037034,0.002406,0.002245,0.0026354,0.001688,0.0015755,0.00086786,0.00091462,0.0013139,0.0013306,0.0021741,0.0032087,0.0032121,0.016741,0.026691,0.012325,0.0039001,0.003048,0.0028336,0.0024957,0.0024761,0.002388,0.026963,0.013372,0.010946,0.0112,0.020308,0.0066461,0.029954,0.047251,0.046962,0.076006,0.073917,0.035465,0.027215,0.012065,0.017814,0.01492,0.01017,0.0083009,0.0029701,0.0010868,0.0024759,0.001617,0.0020153,0.0056738,0.0030492,0.010558,0.020044,0.0063247,0.0048163,0.0032182,0.00075957,0.0021605,0.0021719,0.00033189,0.0073319,0.0020787,0.0025291,0.0030043,0.0031236,0.0025245,0.0064035,0.0065617,0.014253,0.045517,0.018336,0.0044938,0.00125,0.0011617,0.0016766,0.0011096,0.00034714,0.021027,0.0021717,0.0039954,0.0075674,0.012336,0.019445,0.030841,0.056996,0.2053,0.20763,0.092677,0.054574,0.042422,0.036687,0.032535,0.033945,0.029793,0.010611,0.0017813,0.0021472,0.0018482,0.0025446,0.0025791,0.0034673,0.006556,0.016352,0.018019,0.0058402,0.0038668,0.0030165,0.002357,0.0022318,0.0032902,0.0019894,0.0017128,0.0013153,0.0020274,0.0021234,0.002717,0.0035838,0.0049149,0.0062272,0.024617,0.039427,0.012288,0.006862,0.0051149,0.0044187,0.0038793,0.0034144,0.0036622
0.017744,0.0029536,0.0011798,0.0011523,0.0021635,0.002483,0.0046924,0.0068767,0.028001,0.032357,0.016066,0.010944,0.0088655,0.0081029,0.0049821,0.0053926,0.004488,0.01737,0.0042925,0.0012003,0.0011397,0.00028293,0.0010707,0.0015042,0.0032589,0.00989,0.0037453,0.0037143,0.0042075,0.0036384,0.0026381,0.002403,0.0027603,0.0023594,0.0077039,0.0018752,0.00070234,0.00068543,0.0012136,0.0012485,0.0029507,0.003773,0.0093155,0.023053,0.0077803,0.0062289,0.0044261,0.0034963,0.0032088,0.00293,0.0030118,0.036275,0.012962,0.016344,0.015368,0.017421,0.020694,0.026715,0.048032,0.12701,0.3263,0.096989,0.019164,0.010263,0.0052442,0.0035222,0.0033771,0.0022889,0.007454,0.0028349,0.001203,0.0014296,0.0015909,0.001476,0.0017667,0.0023256,0.0033554,0.0075922,0.012233,0.0046444,0.0019348,0.0020228,0.0011439,0.0023214,0.0017052,0.00028038,0.0009573,0.0011055,0.0016631,0.0017361,0.0028665,0.0032039,0.0085441,0.016604,0.035091,0.0151,0.0072611,0.0050741,0.0044445,0.0039244,0.0033482,0.0034848,0.00095176,0.010715,0.013307,0.013154,0.01445,0.016748,0.020289,0.023296,0.063783,0.02654,0.10585,0.021719,0.011546,0.0061578,0.0036637,0.0027664,0.00049018,0.012591,0.0043764,0.002106,0.0029386,0.0034831,0.003685,0.0048023,0.0083806,0.016604,0.010409,0.022033,0.0049711,0.0024748,0.0016195,0.0019143,0.0012246,0.001276,0.0019989,0.0024467,0.0031963,0.0035672,0.0039408,0.0044522,0.0056589,0.012964,0.019058,0.024408,0.018738,0.0041864,0.0026827,0.0021133,0.0017046,0.001426,0.0013275,0.02089,0.0063691,0.012516,0.017052,0.02218,0.029801,0.040344,0.058937,0.10971,0.16476,0.022317,0.015072,0.023002,0.02943,0.032956,0.036168,0.03669,0.017077,0.0037757,0.0016192,0.0018945,0.0033522,0.0045684,0.0065186,0.009717,0.020211,0.024469,0.0075626,0.002012,0.0033246,0.0039853,0.0045973,0.0066782,0.0058118,0.0019684,0.0013805,0.0030417,0.0046354,0.0070631,0.0087296,0.011751,0.019466,0.029332,0.039617,0.010348,0.0037437,0.0055806,0.0070848,0.007814,0.0078666,0.0081407
0.0045071,0.0041363,0.0031148,0.0014925,0.0018859,0.00061179,0.001129,0.003129,0.0092283,0.067371,0.019248,0.0062824,0.0044746,0.0044629,0.0010128,0.0018528,0.0022793,0.046553,0.0073809,0.0034409,0.0021949,0.003076,0.0021607,0.001675,0.0026842,0.0059165,0.024249,0.0091354,0.0025118,0.001718,0.0011049,0.0012408,0.001248,0.00089838,0.014057,0.0032134,0.0019424,0.0021916,0.0022423,0.0029399,0.0039459,0.0052583,0.0077556,0.026488,0.019587,0.0073128,0.0048198,0.0036758,0.0030339,0.0028759,0.002945,0.016983,0.025853,0.019332,0.018291,0.023832,0.035634,0.053512,0.078607,0.15399,0.31775,0.097736,0.045696,0.033318,0.024443,0.017036,0.010854,0.0085756,0.01763,0.0088765,0.0046132,0.002478,0.0017141,0.00012734,0.0012566,0.0034699,0.0060542,0.016807,0.0075915,0.0022905,0.0011258,0.0010145,0.001091,0.00042015,4.0047e-05,0.0078698,0.0022948,0.0016964,0.0007495,0.0017499,0.0044617,0.0083594,0.015665,0.026974,0.034232,0.003336,0.0091705,0.010183,0.0091683,0.0071141,0.0036984,0.00021361,0.00093652,0.0075294,0.0059648,0.0062778,0.0066875,0.0094994,0.012216,0.020855,0.051272,0.06738,0.095863,0.022033,0.015107,0.013386,0.010748,0.011325,0.0095083,0.021838,0.0079512,0.0033179,0.0033721,0.0032755,0.0037163,0.0038067,0.0058455,0.011782,0.01868,0.0083796,0.0023814,0.0023472,0.0020605,0.0017918,0.0014255,0.0013294,0.0016613,0.0040138,0.0025502,0.0029686,0.0028881,0.0041442,0.0054625,0.0078349,0.018195,0.040525,0.016492,0.0033915,0.001627,0.0011856,0.00055597,0.00048563,0.00067329,0.012842,0.006553,0.004718,0.005858,0.0065957,0.0092363,0.014179,0.028008,0.055555,0.1472,0.027759,0.025373,0.018137,0.015767,0.014035,0.015315,0.014586,0.048423,0.0070199,0.0030645,0.002173,0.0018038,0.0020578,0.0031796,0.0055124,0.014319,0.034767,0.014326,0.0050915,0.0042401,0.0034099,0.0036509,0.0028632,0.0034352,0.0014401,0.0018084,0.0016318,0.0022213,0.0031071,0.0044711,0.0063533,0.011126,0.02314,0.060906,0.017201,0.0095779,0.0071355,0.0058703,0.0054688,0.0049987,0.0049306
0.014847,0.001067,0.0014732,0.0012904,0.00080854,0.00092567,0.0023835,0.0033166,0.024176,0.055124,0.011626,0.0061801,0.0039025,0.0041736,0.003296,0.0027576,0.0028496,0.056575,0.0026892,0.00091279,0.00070685,0.0014801,0.0010433,0.0010294,0.001939,0.0083134,0.022869,0.0029767,0.00056166,8.0801e-05,0.00034569,0.00024451,0.00011143,5.1495e-05,0.015925,0.0022069,0.0012157,0.0011811,0.0014561,0.0015305,0.0018713,0.0035052,0.0050097,0.031073,0.010138,0.0034683,0.0018663,0.00091356,0.0011165,0.00051785,0.0006199,0.062423,0.029159,0.031405,0.033407,0.036491,0.043679,0.056957,0.086537,0.19885,0.046407,0.17308,0.080513,0.054218,0.044651,0.038212,0.033445,0.033076,0.04008,0.0021553,0.0015657,0.0013075,0.0019744,0.0021604,0.0024557,0.0030454,0.0061711,0.01489,0.012014,0.0031246,0.0017811,0.0012268,0.0012641,0.00036562,8.2031e-05,0.0037804,0.0018065,0.0021954,0.002604,0.0028485,0.0037949,0.0048351,0.0074447,0.021185,0.037585,0.012291,0.0066184,0.0046958,0.0038182,0.0032291,0.0030004,0.0029602,0.011883,0.00048827,0.0027588,0.0041863,0.0046682,0.007005,0.010961,0.023293,0.057978,0.10462,0.072375,0.028068,0.017566,0.015828,0.010362,0.010647,0.011814,0.03724,0.0017435,0.0014075,0.0016216,0.0018594,0.0020876,0.0028169,0.0033865,0.013726,0.015988,0.004849,0.0030156,0.0022524,0.0013422,0.0011127,0.00089708,0.00079729,0.011458,0.0032618,0.002595,0.0031033,0.0030258,0.0037083,0.0047033,0.0074068,0.026422,0.03023,0.015015,0.0041492,0.0029555,0.0024691,0.0021657,0.0019755,0.0016232,0.020098,0.01173,0.013205,0.013564,0.015229,0.018195,0.022974,0.035718,0.10668,0.14824,0.038042,0.022148,0.016009,0.01305,0.011712,0.0099728,0.0096265,0.050803,0.0026712,0.0032132,0.0032872,0.0037641,0.0043304,0.0055735,0.0078784,0.018396,0.023443,0.0084373,0.0040487,0.0022305,0.0017172,0.0010773,0.00090223,0.00026512,0.002388,0.003381,0.0033914,0.0034158,0.0042143,0.0049728,0.0069589,0.009781,0.030063,0.056164,0.011701,0.0069437,0.0053898,0.0042828,0.0039944,0.0038921,0.0036889
0.018294,0.0032328,0.001187,0.0023667,0.0035134,0.0040311,0.0049261,0.0095901,0.026962,0.019592,0.01867,0.010917,0.0073738,0.0080797,0.0044126,0.0054416,0.0050641,0.056779,0.0042674,0.0010666,0.0010304,0.00054572,0.0016452,0.00077808,0.0020453,0.0082918,0.01394,0.0032527,0.0022712,0.0017267,0.0017626,0.001102,0.0013347,0.0011673,0.019602,0.0025244,0.00077682,0.00065659,0.00097329,0.0013753,0.0011989,0.0018361,0.0084937,0.027858,0.0065195,0.0029889,0.0018923,0.0013134,0.0016912,0.0011239,0.0010548,0.025957,0.0093585,0.012007,0.013632,0.015362,0.018434,0.023924,0.037288,0.10022,0.38096,0.072067,0.032525,0.022864,0.018662,0.014335,0.014381,0.013479,0.041363,0.0014912,0.0010407,0.0001281,0.00023301,0.00016101,0.00059025,0.0010283,0.00059542,0.017364,0.00079995,0.0017093,0.00092501,0.00084752,0.0022549,0.0014864,0.0014496,0.013466,0.0039271,0.0040631,0.0042655,0.00529,0.0051281,0.0066037,0.0097784,0.022426,0.01801,0.013628,0.006501,0.0039472,0.0026616,0.0022901,0.0019044,0.0017243,0.00057413,0.0092078,0.0054687,0.0066128,0.0079923,0.0095431,0.013685,0.021954,0.02608,0.098439,0.065487,0.029173,0.018828,0.014537,0.015957,0.014089,0.012316,0.040284,0.0046387,0.0010221,0.0020688,0.0018704,0.0017323,0.0022093,0.0041666,0.011672,0.014418,0.0063106,0.0034151,0.0031679,0.0021178,0.0018819,0.0018712,0.0018196,0.011492,0.00149,0.00098984,0.0013534,0.002127,0.0019392,0.003061,0.0048338,0.019834,0.037921,0.0075152,0.0053248,0.0038262,0.0032966,0.0028956,0.0027553,0.002718,0.0013409,0.0066864,0.0073554,0.00861,0.0098844,0.011479,0.014865,0.021641,0.065455,0.19114,0.02094,0.011754,0.0088992,0.0067807,0.005528,0.0057105,0.0051861,0.057307,0.0047928,0.0035059,0.0024874,0.0025148,0.0031105,0.0040459,0.0061273,0.014789,0.036076,0.011362,0.0059469,0.0043567,0.00354,0.0031981,0.0025962,0.0027867,0.0013943,0.0045066,0.0049082,0.0050104,0.0047883,0.0067707,0.0078813,0.011297,0.024859,0.04839,0.014368,0.0069396,0.0041019,0.0028279,0.0022543,0.0015676,0.0014668
0.016426,0.0015111,0.0012996,0.0012284,0.00052675,0.0020711,0.0028245,0.0038337,0.0068693,0.016182,0.020844,0.0094884,0.0069999,0.0036722,0.0028544,0.0036639,0.0039788,0.083602,0.0032944,0.00075111,0.00096029,0.0012329,0.0007445,0.0012141,0.0021457,0.0053883,0.010761,0.0066504,0.0032669,0.0021681,0.0013722,0.0015874,0.0014584,0.0013066,0.026247,0.0022526,0.0013199,0.0012295,0.0014224,0.0018085,0.0021952,0.0029781,0.0084398,0.0066321,0.014002,0.0055023,0.0036699,0.0028757,0.0025462,0.0024106,0.0022603,0.053563,0.0050338,0.0063343,0.0066649,0.0097771,0.01441,0.021424,0.038905,0.083656,0.21104,0.072443,0.044293,0.033854,0.027885,0.026947,0.024893,0.025483,0.058209,0.00088222,0.00067551,0.00091685,0.00070897,0.00092319,0.0016721,0.0026049,0.0033344,0.021125,0.0045172,0.0017048,0.0015436,0.0010088,0.00088058,0.00040204,0.00048067,0.011629,0.0015397,0.0011444,0.0015162,0.0015724,0.0017436,0.002504,0.0050757,0.012954,0.061274,0.0040967,0.0033824,0.0029126,0.0024636,0.0023117,0.0021089,0.0020733,0.0031167,0.013126,0.012291,0.012443,0.01335,0.015769,0.019722,0.026197,0.047394,0.024104,0.081427,0.030091,0.018755,0.016469,0.011504,0.011627,0.010548,0.059487,0.0022809,0.00083756,0.00092636,0.00057392,0.0016757,0.0016873,0.0038824,0.0091512,0.0087473,0.011431,0.0051572,0.003418,0.0031752,0.0029347,0.0025339,0.0026436,0.016545,0.0023303,0.0017473,0.0013257,0.0016488,0.0023476,0.0025008,0.0060334,0.015056,0.035587,0.0024858,0.003038,0.0027059,0.0021464,0.0018515,0.0018272,0.0018921,0.0057069,0.0067173,0.0063444,0.0064071,0.0077782,0.0099998,0.013247,0.019334,0.066871,0.14317,0.028546,0.018648,0.013855,0.011269,0.010301,0.0098882,0.0091058,0.08419,0.00065732,0.0015139,0.0021218,0.0027801,0.0033801,0.0046126,0.0066881,0.014924,0.033132,0.01314,0.0066089,0.0042853,0.0033393,0.0030698,0.0030358,0.0030652,0.0042897,0.00086931,0.00080942,0.0014216,0.001922,0.0031138,0.0051689,0.0092448,0.023192,0.069147,0.019051,0.010747,0.0079276,0.0068763,0.0061809,0.0056144,0.005457
0.013216,0.0032784,0.0026548,0.0033273,0.0041834,0.0044679,0.0057787,0.0070206,0.026039,0.029663,0.017079,0.005916,0.0047405,0.0035231,0.0035747,0.0024254,0.0034085,0.058553,0.0055622,0.0034114,0.0022301,0.0023088,0.0023314,0.0034476,0.0041854,0.011648,0.0080767,0.0073362,0.0030856,0.001696,0.0012816,0.00074517,0.00037779,0.00030135,0.011574,0.0016203,0.00045919,0.00036306,0.00075404,0.0012758,0.0023421,0.0017595,0.0086242,0.0093662,0.01559,0.0066613,0.0046626,0.0037388,0.0033366,0.0032933,0.0032692,0.04609,0.017548,0.017481,0.018012,0.019898,0.02357,0.029872,0.043068,0.13426,0.50006,0.042606,0.024005,0.01695,0.012512,0.0094736,0.0093591,0.010395,0.042918,0.0032236,0.0018348,0.00052175,0.00059583,0.00086438,0.00030271,0.0015482,0.0016868,0.018568,0.0039681,0.0011414,0.00086171,0.00061048,0.0013574,0.00038574,0.00028419,0.0017395,0.00090955,0.0014814,0.0018157,0.0019663,0.0026942,0.0039274,0.0091338,0.017694,0.033672,0.0067435,0.0049941,0.0037646,0.0033469,0.0031583,0.0027329,0.0027237,0.0010509,0.012947,0.013334,0.013075,0.014601,0.016011,0.01986,0.029553,0.0831,0.04367,0.075902,0.029072,0.01732,0.013281,0.01211,0.0099477,0.0086232,0.040158,0.0034542,0.0013886,0.0012697,0.00047218,0.0013808,0.002037,0.0030962,0.009744,0.012116,0.010117,0.0049159,0.0035902,0.0029236,0.0026539,0.0024952,0.0027161,0.0094358,0.0037505,0.0035937,0.0034422,0.0037335,0.0046068,0.0060042,0.0080883,0.022478,0.037226,0.0072803,0.0032992,0.0019478,0.001402,0.0007078,0.00043407,0.00041011,0.0097334,0.015528,0.0060409,0.015821,0.015617,0.01506,0.034696,0.015334,0.16997,0.03927,0.07793,0.030463,0.026315,0.027586,0.0091467,0.026643,0.00072671,0.052579,0.0036118,0.00305,0.0034697,0.0045887,0.0036169,0.0076428,0.0040958,0.031751,0.0030875,0.013748,0.0046712,0.0053539,0.0035228,0.0031675,0.0031676,0.0025788,0.0030671,0.0036904,0.0014531,0.0033596,0.0036412,0.004166,0.00835,0.0069227,0.047512,0.010269,0.022267,0.010403,0.0090871,0.0088382,0.0044627,0.0088767,0.0025406
0.015316,0.0013287,0.0035287,0.0023768,0.0023771,0.0029846,0.0035225,0.0069058,0.026794,0.0024411,0.017854,0.0048869,0.0032397,0.0032022,0.0030811,0.0028166,0.0026093,0.044469,0.0017461,0.0021333,0.00093592,0.0020797,0.0015997,0.0017529,0.001842,0.0055677,0.0023135,0.0083147,0.0021584,0.0016482,0.00062104,0.00039928,0.00028206,7.2487e-05,0.014582,0.0014563,0.001583,0.0018857,0.0019187,0.0025942,0.0033854,0.0054263,0.012052,0.015519,0.017974,0.0060945,0.0038575,0.0032094,0.0027284,0.0025682,0.002245,0.025788,0.0018072,0.0012869,0.0037628,0.0057223,0.0087224,0.013278,0.018152,0.046502,0.35021,0.068382,0.035494,0.026006,0.022121,0.019089,0.018447,0.017403,0.033196,0.0014262,0.00072647,0.0006578,0.00061784,0.00080867,0.0011767,0.0013032,0.0040186,0.021819,0.00049711,0.0012447,0.00093569,0.0010695,0.0010206,1.4187e-05,0.00060273,0.0065995,0.0010554,0.00073067,0.00078057,0.00075823,0.00091725,0.0012526,0.001597,0.0063799,0.016105,0.0047564,0.0010505,0.00059853,0.00066412,0.00049688,0.00035372,0.00037766,0.020029,0.0053489,0.0083215,0.010677,0.012464,0.01465,0.015729,0.017578,0.03184,0.11857,0.05969,0.030527,0.02216,0.014822,0.011772,0.0058343,0.0010967,0.030915,0.0013175,9.2114e-05,0.00014212,9.9089e-05,0.0012772,0.0019074,0.0036566,0.0070752,0.017784,0.0027684,0.00091621,0.00024329,0.0010074,0.00085802,0.0007663,0.00096895,0.0061131,0.0016344,0.0017982,0.002248,0.0027282,0.0026082,0.0034181,0.0048947,0.012647,0.017423,0.012694,0.0070148,0.0043181,0.0026255,0.0016199,0.00075623,0.00021171,0.0022469,0.0082209,0.0073147,0.0096317,0.0092995,0.011119,0.012382,0.019704,0.02423,0.2026,0.031282,0.013215,0.0073071,0.0037826,0.0030866,0.0014425,7.2483e-05,0.045733,0.0015051,0.0018371,0.0019442,0.0020317,0.0025129,0.0026841,0.0046563,0.0091535,0.047239,0.003754,0.0023109,0.0014403,0.00085513,0.0010875,0.00061147,0.00030708,0.001236,0.0018614,0.0014993,0.0012379,0.0018068,0.0018473,0.0024191,0.0044133,0.012852,0.050111,0.0083625,0.0044963,0.0033571,0.0026369,0.0024491,0.0022671,0.0023575
0.0087854,0.0034023,0.0037775,0.0024927,0.0029839,0.0030153,0.0040341,0.0068618,0.0062755,0.033775,0.024148,0.0073876,0.004495,0.0016493,0.0023079,0.00095533,0.00076295,0.036975,0.0022626,0.0015628,0.00076794,0.00127,0.00077566,0.00091055,0.0015521,0.0017904,0.018031,0.0096538,0.002346,0.0013443,0.00071348,0.00055633,0.00063303,0.0004406,0.0095808,0.0032377,0.0030203,0.0030629,0.003145,0.0037243,0.0043703,0.0058951,0.012353,0.0066796,0.024687,0.006299,0.0032964,0.002234,0.0012438,0.00071565,0.00039484,0.0008793,0.019898,0.01888,0.020219,0.022845,0.027226,0.036615,0.053174,0.13647,0.40478,0.08531,0.044973,0.032157,0.02526,0.022399,0.020388,0.019797,0.026299,0.0019323,0.00064512,0.00010569,0.0011053,0.0012266,0.0016985,0.002472,0.0067466,0.017401,0.0021984,0.0026586,0.0023525,0.0017003,0.0015511,0.0022915,0.002182,0.006115,0.00044682,0.00071376,0.0008738,0.00075208,0.0011764,0.0017362,0.0035038,0.0075817,0.014098,0.0050623,0.002462,0.0019273,0.0016131,0.0013547,0.0015797,0.0015335,0.020361,0.0022586,0.0018205,0.0024478,0.003733,0.0044931,0.0059068,0.009556,0.027482,0.06666,0.02837,0.015583,0.010645,0.010483,0.0080563,0.0065294,0.0075055,0.021826,0.0016558,0.0012564,0.0012507,0.0011854,0.0008596,0.0013137,0.0014291,0.0020982,0.010745,0.004781,0.0011907,0.0006736,0.00051105,0.00052123,0.0003848,0.00040626,0.007002,0.0011908,0.00085566,0.0010919,0.0017114,0.0012453,0.0017542,0.0013818,0.0038624,0.05217,0.009351,0.0026717,0.0015245,0.0011084,0.00066846,0.00068047,0.00068857,0.00011824,0.003481,0.0032863,0.0041878,0.0056947,0.0076356,0.010567,0.020175,0.062238,0.2537,0.035908,0.020658,0.016737,0.014256,0.013412,0.011757,0.010639,0.034174,0.0020685,0.0011928,0.0021475,0.00087385,0.001358,0.0015981,0.0019601,0.0048818,0.045118,0.0034174,0.00099489,0.00054202,0.0003614,0.0013022,0.00090121,0.00026894,0.00062561,0.0006265,0.00035642,0.00025253,0.00022019,0.000362,0.00011166,0.0012237,0.0022478,0.036819,0.0039398,0.0014764,0.00072019,0.00060122,0.00060176,0.00047218,0.00053791
0.011696,0.0051638,0.0052521,0.0034176,0.0053695,0.0057149,0.006556,0.01022,0.020846,0.014527,0.025221,0.0078299,0.0043256,0.0020823,0.0016099,0.0028754,0.0021897,0.021418,0.0025595,0.0018304,0.00023882,0.0006618,0.00022286,0.0015321,0.0025304,0.0064186,0.011019,0.0064165,0.0010587,0.00064503,0.00062805,0.00028431,0.00040269,0.00033763,0.0088025,0.0019448,0.0016499,0.0020682,0.0021093,0.0021423,0.0026918,0.0054385,0.0059998,0.011747,0.019351,0.0048734,0.0028656,0.0024917,0.0019852,0.0018594,0.0017529,0.019486,0.027677,0.029111,0.01147,0.047429,0.057978,0.013631,0.15025,0.41243,0.26055,0.18222,0.17162,0.070367,0.039863,0.094622,0.074066,0.006344,0.013781,0.00273,0.001096,0.0015414,0.0021609,0.0017645,0.00070103,0.0055923,0.013612,0.010425,0.0067433,0.0048678,0.0022798,0.00088843,0.0023119,0.0018941,0.00016212,0.0046883,0.0024585,0.0012815,0.0016355,0.0041921,0.0039561,0.0030221,0.010412,0.036706,0.031895,0.017402,0.016542,0.0074304,0.0046295,0.0088457,0.0068065,0.0026818,0.025151,0.0022943,0.0021169,0.0014971,0.0015245,0.0022015,0.0025354,0.0031877,0.019817,0.17108,0.020411,0.0056299,0.0016374,0.001068,0.0042417,0.00066299,0.00051118,0.0096685,0.0022939,0.0010676,0.0013885,0.00081564,0.00080798,0.0011067,0.0017918,0.005254,0.019522,0.0046514,0.0014233,0.0007324,0.00055306,0.00049386,0.00046883,0.00041391,0.00028991,0.0019446,0.0024786,0.0026689,0.0030134,0.0036821,0.0049149,0.0080081,0.0169,0.020627,0.0052917,0.0034478,0.0022292,0.0016455,0.00085196,0.00079694,0.00095369,0.0035439,0.0077744,0.0063149,0.0062852,0.0082538,0.0094373,0.011403,0.02175,0.024611,0.13082,0.019705,0.0088729,0.0055659,0.0038616,0.0038853,0.001501,0.0011215,0.019423,0.0024302,0.0011812,0.0023922,0.00081212,0.0015738,0.002142,0.0032634,0.0076411,0.052306,0.005176,0.003198,0.0025132,0.0025524,0.002892,0.001187,0.0012684,0.0019398,0.00027402,0.00042012,0.00047727,0.0012727,0.0018019,0.0026729,0.0042391,0.011099,0.072394,0.0044741,0.0044699,0.0033918,0.0028474,0.002567,0.0026172,0.0024433
0.0062333,0.0014207,0.002044,0.001933,0.0021557,0.0028444,0.0044611,0.006929,0.020371,0.033302,0.020311,0.009545,0.0058181,0.0047815,0.0034978,0.0040656,0.00243,0.020619,0.00018714,0.00036001,0.0019275,0.00024471,0.00022079,0.00036297,0.0018749,0.003961,0.020981,0.0074806,0.0015877,0.0013139,0.00048131,0.00083391,0.00053175,2.6695e-05,0.007536,0.00013732,5.5458e-05,0.00067056,0.00011113,0.0010844,0.00079803,0.0042728,0.0066645,0.028637,0.016359,0.0046332,0.0027958,0.002431,0.001703,0.0018786,0.0015354,0.0087301,0.018921,0.019497,0.025108,0.028726,0.037495,0.054184,0.087928,0.26251,0.38133,0.12544,0.075638,0.057889,0.049356,0.044816,0.039041,0.040934,0.011398,0.00030398,0.00073088,0.00084462,0.0015301,0.0011963,0.0021876,0.0023393,0.0088002,0.016523,0.0033225,0.0028105,0.0026108,0.0019653,0.0020913,0.0022767,0.001545,0.0013085,0.0022875,0.0026729,0.0025604,0.0030342,0.0039808,0.0058379,0.010094,0.027726,0.065913,0.015523,0.0081273,0.0061285,0.0050535,0.0045468,0.0043163,0.0040932,0.025967,0.0018029,0.0029944,0.0035114,0.0043933,0.0058979,0.0076345,0.013421,0.020234,0.060143,0.027683,0.015627,0.011079,0.0096087,0.0072848,0.0068548,0.0072709,0.0075265,0.0011297,7.3538e-05,0.001043,0.00044259,0.00045646,0.0005357,0.0013481,0.0026877,0.018226,0.0032826,0.0010409,0.00056461,0.00076529,0.00048256,0.00042489,0.00040817,0.0026627,0.0009054,0.00073932,0.0010287,0.00090677,0.0010197,0.0015685,0.0032935,0.004817,0.052027,0.0072818,0.0022651,0.0012427,0.00094836,0.00063136,0.00064529,0.00071718,0.010958,0.0086746,0.0084342,0.009351,0.01047,0.011439,0.01485,0.024084,0.072034,0.16129,0.030841,0.014151,0.0079152,0.0060168,0.0037013,0.002083,0.0015202,0.017687,0.0010481,0.00058696,0.0013763,0.0013776,0.00052092,0.0012462,0.0015593,0.0058408,0.040798,0.0062396,0.001783,0.0010864,0.0010985,3.1354e-05,0.0012137,0.00092889,0.0028325,0.0034272,0.0036647,0.0037031,0.0044178,0.0044661,0.0069557,0.0089044,0.022603,0.07332,0.0089718,0.004465,0.0027992,0.0016624,0.0010699,0.00041079,0.00044059
0.0064469,0.0020281,0.00073316,0.0012863,0.0018079,0.0022333,0.0032465,0.0034589,0.029195,0.021825,0.014738,0.0043872,0.0044747,0.0020138,0.0024977,0.0020905,0.0016671,0.016724,0.0014355,0.0009418,0.00053855,0.0012914,0.0010573,0.0018019,0.0015193,0.0065055,0.0051646,0.0061663,0.0013944,0.00037985,0.00053261,0.00050154,0.00034261,6.1046e-05,0.0077401,0.00045967,0.00049604,0.00025293,0.00073294,0.00089065,0.00074569,0.0026484,0.0057444,0.019011,0.015172,0.0030857,0.0017901,0.0016639,0.0012846,0.0011507,0.0012055,0.0064603,0.0030896,0.0059556,0.010485,0.016701,0.02497,0.040746,0.070248,0.19748,0.27303,0.11594,0.072408,0.05573,0.047631,0.042882,0.042408,0.040553,0.0081197,0.0011281,0.0012616,0.001813,0.0013545,0.0017202,0.0025483,0.0033485,0.011497,0.016924,0.0047915,0.0030048,0.0023762,0.0020654,0.0016552,0.00075868,0.0018597,0.007044,0.002816,0.0031776,0.0035725,0.0038401,0.0043048,0.0058132,0.010378,0.019215,0.021503,0.0093739,0.0041633,0.0026518,0.0017238,0.0010691,0.00095091,0.00086786,0.029501,0.00088675,0.00062427,0.00060555,0.00077185,0.00084293,0.0014308,0.0039816,0.010742,0.10528,0.017511,0.0071602,0.0046021,0.003871,0.0052811,0.0031505,0.002348,0.0025597,0.00094219,0.0010446,0.00071768,0.000162,0.0010383,0.00094206,0.0013958,0.00090784,0.00077757,0.0055235,0.0013975,0.0007136,0.00049052,0.00017515,0.00013726,7.6301e-05,0.0033322,0.00017173,0.00021708,0.0002181,0.00059213,0.00045119,0.00021384,0.0015802,0.0034701,0.03896,0.0070903,0.0017202,0.00096867,0.00062405,0.00050753,0.00056552,0.00062371,0.00103,0.0071895,0.0073655,0.0089301,0.0096891,0.011982,0.01538,0.021098,0.039535,0.2828,0.033896,0.019183,0.012965,0.010807,0.0091656,0.010232,0.0086404,0.014017,0.0015002,0.0007379,0.00098983,0.0005084,0.00083801,0.0015782,0.0013073,0.0043241,0.043535,0.0039201,0.0019016,0.0014979,0.0012903,0.0021675,0.00038125,0.00045586,0.00037957,0.00053005,0.00039929,0.00078293,0.00086824,0.0011105,0.0015768,0.0043424,0.0053362,0.048804,0.0028657,0.0023502,0.0016828,0.0015206,0.0014244,0.0014543,0.0012646
0.001915,0.0024355,0.00091912,0.0022761,0.0028495,0.00274,0.0035632,0.0060982,0.013273,0.045844,0.010173,0.0025004,0.00081527,0.0012721,0.00072331,0.00020621,5.7232e-05,0.0090372,0.001869,0.0021994,0.0018377,0.0020522,0.001823,0.0033441,0.003784,0.0054097,0.013102,0.010685,0.0031828,0.0016613,0.0010164,0.00072608,0.00054987,0.00054169,0.0041619,0.00065802,0.00054621,0.00017261,0.00030106,0.00058125,0.00032318,0.0013261,0.0050217,0.02343,0.019769,0.0051236,0.0027373,0.0023217,0.0020464,0.0016782,0.0019036,0.031294,0.029811,0.03118,0.03272,0.037345,0.046309,0.061217,0.099378,0.2503,0.48266,0.12231,0.070734,0.051186,0.04199,0.037613,0.03469,0.033858,0.0032978,0.0024378,0.001599,0.0013601,0.0018321,0.0019665,0.0026329,0.0043064,0.010193,0.015678,0.006333,0.0029504,0.0022887,0.0023119,0.0022086,0.00081545,0.0013294,0.0021801,0.0037144,0.0037406,0.0039862,0.0044635,0.0050751,0.0064181,0.0082836,0.023025,0.031956,0.012465,0.0049043,0.0028545,0.0018783,0.0012232,0.00063626,0.00021172,0.030432,0.0012721,0.0011778,0.0028566,0.0025881,0.0030659,0.004445,0.0090103,0.021737,0.14578,0.0090767,0.0055173,0.0050814,0.003925,0.0021042,0.0043286,0.0033932,0.0066796,0.0017926,0.0017242,0.001255,0.0013792,0.0012001,0.0019337,0.0025952,0.0062208,0.010289,0.0081117,0.0021735,0.0018275,0.001168,0.00075915,0.00094557,0.00085833,0.0021725,0.0030315,0.0030865,0.0033361,0.003717,0.0041456,0.0053465,0.0082363,0.015834,0.024154,0.013447,0.0047643,0.0025679,0.0016142,0.0010883,0.00031633,2.861e-05,0.0029526,0.0087369,0.010922,0.013164,0.018479,0.023983,0.032016,0.045268,0.10357,0.16243,0.0092905,0.020155,0.028199,0.033874,0.038002,0.03713,0.038479,0.0021458,0.0035424,0.0034163,0.0045464,0.0053018,0.0064506,0.0072641,0.0091889,0.014331,0.045657,0.0031823,0.004264,0.0053802,0.0057994,0.0052999,0.0079226,0.0066548,0.0013771,0.0035522,0.0035478,0.0035944,0.0036515,0.003777,0.0035788,0.0035206,0.012335,0.052743,0.011259,0.0076693,0.0070164,0.0068834,0.0066127,0.0066409,0.0065881
0.0054799,0.00097746,0.0018731,0.0010871,0.0024714,0.0021606,0.00099363,0.0063323,0.0054091,0.024765,0.012901,0.0023301,0.00034444,0.0015189,0.0001895,0.0017111,0.0013485,0.0041047,0.00040563,0.0013829,0.00071851,0.0016215,0.0015229,0.0013769,0.0026203,0.005021,0.011277,0.0092656,0.0028453,0.00090277,0.00093223,0.00077408,0.00080778,0.00078585,0.001278,0.0011844,0.00095883,0.0011745,0.0015051,0.00072531,0.0014501,0.0021693,0.0033599,0.013186,0.016361,0.0029708,0.0016822,0.0014498,0.00094132,0.00073095,0.00062179,0.038014,0.036804,0.0367,0.039702,0.043568,0.05075,0.063989,0.09587,0.22266,0.43736,0.083479,0.044659,0.027278,0.016108,0.0090946,0.0062494,0.0023003,0.012066,0.002882,0.0022953,0.0026659,0.0032722,0.0025572,0.0033437,0.0059408,0.01431,0.018707,0.0065602,0.0024613,0.0016463,0.00095857,0.00069105,0.00071032,0.00068284,0.00032999,0.0019705,0.0019425,0.0022207,0.0021126,0.0039842,0.0060253,0.0077997,0.013852,0.069237,0.01324,0.0073185,0.0054142,0.0045879,0.0040175,0.0040868,0.0039883,0.042926,0.007043,0.0075126,0.0078198,0.0091339,0.0093159,0.012745,0.020625,0.04631,0.12123,0.034595,0.013311,0.0084554,0.0056588,0.0068122,0.0053681,0.0042172,0.018339,0.0016476,0.00048657,0.00017198,0.00074675,0.0016027,0.0014917,0.0017776,0.0047333,0.020828,0.0052683,0.00085428,0.00085453,0.00043627,0.00025563,0.00016581,0.00014305,0.0053254,0.00067561,0.0007518,0.00040113,0.00086332,0.0017283,0.0012,0.0012679,0.0061745,0.036216,0.003627,0.0024847,0.0016632,0.0014412,0.0011706,0.0011124,0.0013123,0.013499,0.0053784,0.0065202,0.0065217,0.0068629,0.0080796,0.0093775,0.012486,0.04007,0.10835,0.019595,0.0098668,0.0069105,0.0049898,0.0057961,0.0038859,0.003542,0.0046178,0.0021825,0.00054499,0.00078037,0.00041898,0.00092398,0.0010029,0.000934,0.0034837,0.048894,0.00093274,0.00071074,0.00062044,0.00016378,0.001331,0.00016338,0.00059701,0.0060197,0.0019692,0.0029638,0.0027345,0.0026374,0.0041032,0.0052652,0.0058371,0.008444,0.079571,0.0070834,0.0035316,0.0020735,0.0015095,0.0012638,0.00087971,0.00093844
0.0049668,0.0013204,0.0020033,0.0011482,0.00093617,0.0013454,0.0027158,0.0057181,0.014158,0.017243,0.015615,0.0072538,0.005733,0.005818,0.0043377,0.0032817,0.0020943,0.0012283,0.0025864,0.0016318,0.0016565,0.0010477,0.0018488,0.0016617,0.0038326,0.007345,0.0080091,0.011661,0.0047203,0.0030466,0.0026874,0.0021782,0.0019965,0.0020218,0.00067139,0.00030983,0.00082601,0.00095059,0.0012858,0.0011235,0.0024428,0.0051307,0.0097621,0.024356,0.017248,0.0057868,0.0039463,0.0029077,0.002658,0.0025001,0.0025292,0.030428,0.033331,0.033355,0.035807,0.040478,0.048796,0.063549,0.10198,0.28673,0.22395,0.096507,0.05698,0.041852,0.033857,0.029176,0.026988,0.026682,0.014288,0.00157,0.0016523,0.00095141,0.0022151,0.0024754,0.0033194,0.0042349,0.013209,0.0089724,0.0052465,0.0026868,0.0017242,0.0012523,0.0010394,0.0010793,0.00075724,0.00062941,0.0010653,0.0012416,0.0018911,0.0022089,0.0036053,0.0052143,0.0060372,0.027489,0.020625,0.013682,0.0083443,0.0063002,0.005527,0.0050041,0.0045644,0.0046464,0.034033,0.0014515,0.00040993,0.0010475,0.0020576,0.0027048,0.0037576,0.0066574,0.026168,0.067397,0.02675,0.013129,0.0096091,0.0066728,0.0067246,0.005623,0.0059033,0.017647,0.0012398,0.00068459,0.00053906,0.00053835,0.00068667,0.00035647,0.0011783,0.0015839,0.011249,0.0028748,0.00078335,0.0006868,0.00059575,0.0004114,0.00038794,0.00046922,0.0034886,0.0015035,0.0011322,0.0011302,0.0011953,0.0014858,0.0018525,0.0047926,0.0059898,0.047029,0.010995,0.0045534,0.0029783,0.0024359,0.0019293,0.0018014,0.0019131,0.015871,0.0022846,0.0014167,0.0037832,0.005228,0.0077824,0.012493,0.028294,0.066032,0.29582,0.028503,0.019644,0.015157,0.012553,0.013991,0.011255,0.012804,0.0056687,0.00033565,0.00052463,0.0015398,0.00028893,0.00037399,0.00065765,0.00060417,0.0041798,0.042668,0.0034417,0.0016485,0.001333,0.00089862,0.0017099,0.0007549,0.00010301,0.0022717,0.00063925,0.00071389,0.0010414,0.0014543,0.0021555,0.0036426,0.0035242,0.016996,0.045686,0.0080595,0.0051777,0.003927,0.0034653,0.0031321,0.002979,0.00276
0.0029354,0.0049129,0.0076867,0.0067184,0.0031032,0.0099823,0.01716,0.018538,0.03335,0.046556,0.045581,0.015246,0.0028534,0.0070506,0.0095475,0.0070079,0.0018673,0.0074178,0.003145,0.0026468,0.0016588,0.0019681,0.0028551,0.0050298,0.0057918,0.007028,0.014606,0.016837,0.0056164,0.00025709,0.0027231,0.0032726,0.0021186,0.00029945,0.0059243,0.0022033,0.0033722,0.0029178,0.0013453,0.0036131,0.006883,0.0083604,0.0047703,0.0026928,0.031228,0.0090885,0.0011149,0.0043887,0.0058075,0.0038281,0.00053026,0.026015,0.032583,0.033898,0.037159,0.042926,0.051754,0.069923,0.11271,0.33719,0.44154,0.10248,0.064333,0.048608,0.039144,0.034485,0.032622,0.03055,0.0011215,0.0015521,0.0015863,0.0023405,0.0019375,0.0022519,0.002733,0.005042,0.012341,0.015264,0.0058183,0.0023323,0.0015671,0.00066494,0.00073833,0.0014849,0.0014115,0.00016402,0.0010551,0.0013543,0.0018192,0.0024959,0.0032913,0.0050834,0.011519,0.035618,0.059667,0.013461,0.0082886,0.0063734,0.0052977,0.0051067,0.0049561,0.0047532,0.018332,0.0095551,0.0088483,0.01184,0.013498,0.014035,0.015929,0.028578,0.063014,0.08645,0.051796,0.030786,0.01148,0.0061116,0.011835,0.010197,0.0036259,0.005209,0.0013056,0.0017823,0.00090691,0.00053777,0.0014617,0.0020702,0.0020498,0.0066129,0.012263,0.0056053,0.0011277,0.0010755,0.00098756,0.00038856,0.00059211,0.0010319,0.0061513,0.0038118,0.0027291,0.005674,0.006156,0.003651,0.0070631,0.013312,0.014246,0.030194,0.023783,0.0079472,0.0012555,0.003053,0.0024069,0.00086263,0.00089455,0.014923,0.0046261,0.0052341,0.007114,0.0088355,0.012967,0.01933,0.032796,0.13516,0.10082,0.050202,0.033914,0.025173,0.020899,0.020413,0.018661,0.018929,0.0062238,0.0015066,0.0011906,0.00067005,0.00089162,0.00074631,0.0011559,0.0019813,0.0058898,0.052172,0.0039668,0.0015122,0.001028,0.0011904,0.0006385,0.00062977,0.00050927,0.0015507,0.00050795,0.00066781,0.0012222,0.0016176,0.0023208,0.0040098,0.0094182,0.028547,0.075077,0.013941,0.0081253,0.0059631,0.0051295,0.0046281,0.0042008,0.0041867
0.00044441,0.0054918,0.0065996,0.0069244,0.0067631,0.0080339,0.011057,0.016273,0.023419,0.034385,0.021099,0.006466,0.003956,0.0033765,0.0016309,0.0015215,0.0006428,0.010002,0.0021604,0.0026441,0.0028001,0.0022291,0.0026649,0.0026739,0.0041905,0.010023,0.0070619,0.0079654,0.0024142,0.0012431,0.0010075,0.00045936,0.00038492,0.00049211,0.0073949,0.0025981,0.0025647,0.0028317,0.003322,0.0036585,0.0044876,0.0066826,0.019942,0.022728,0.017232,0.0046759,0.0027185,0.0013957,0.00073292,0.00037634,0.00027277,0.040269,0.017068,0.026277,0.036706,0.012846,0.053247,0.051651,0.068906,0.3826,0.10388,0.085965,0.051902,0.024194,0.038387,0.022927,0.024144,0.025765,0.0056191,0.0013023,0.0019346,0.0012188,0.00077909,0.0028052,0.0019466,0.0035573,0.015264,0.0055192,0.0052279,0.0015178,0.0011461,0.0014368,0.00063557,0.0004653,0.00040055,0.0044385,0.0031858,0.003428,0.0048554,0.0028836,0.0065859,0.0073787,0.0077372,0.039354,0.015854,0.01878,0.0055022,0.0048371,0.0051355,0.0021858,0.0040865,0.0023709,0.037285,0.010393,0.011716,0.012024,0.013222,0.014757,0.018465,0.025857,0.05166,0.11131,0.045487,0.0174,0.0093949,0.0058422,0.0021171,0.0017124,0.000206,0.0060502,0.0018932,0.0010277,0.00092365,0.00090098,0.0013414,0.0016047,0.0024163,0.0059245,0.01809,0.0056157,0.0018146,0.0013595,0.0010486,0.00084466,0.00075726,0.00062562,0.0024376,0.00076438,0.00019073,0.00017001,0.00023521,0.00032925,0.0003404,0.00047381,0.0049554,0.019793,0.0013742,0.00040377,0.00035227,9.1428e-05,0.00020862,0.00034217,0.00012971,0.011669,0.0052673,0.0047713,0.0066064,0.0093636,0.013197,0.01982,0.038328,0.099981,0.30098,0.045913,0.030923,0.023886,0.019141,0.019069,0.018362,0.018814,0.0087606,0.00090843,0.00039864,0.00098312,0.00056701,0.00087375,0.0009957,0.0021816,0.0043252,0.049085,0.0054821,0.0025754,0.0016384,0.0019174,0.0015153,0.00094202,0.00055504,0.0028992,0.00024104,0.00054116,0.0011197,0.0017528,0.0025129,0.0037712,0.0061359,0.0211,0.058318,0.014151,0.007892,0.0059479,0.0049283,0.0045664,0.0043252,0.0042573
0.011296,0.0065694,0.0069315,0.0070599,0.0076869,0.0085492,0.012359,0.016764,0.044335,0.042342,0.025784,0.0094584,0.0061122,0.0060379,0.0032491,0.0032075,0.0022927,0.010718,0.00077684,0.0014181,0.0022972,0.0021389,0.0020442,0.0028735,0.0048057,0.012279,0.022522,0.008365,0.0025126,0.0016574,0.0010889,0.00089771,0.00065201,0.00068859,0.0022564,0.002976,0.0029638,0.0029975,0.0031026,0.0036768,0.0051025,0.0082655,0.016205,0.011407,0.01884,0.0060025,0.0036603,0.0025818,0.0019972,0.0018809,0.001833,0.019785,0.028482,0.028574,0.033267,0.038484,0.048833,0.066626,0.11457,0.35438,0.43213,0.12104,0.076903,0.058098,0.049141,0.043729,0.041486,0.040953,0.0050221,0.0010714,0.00029109,0.0012491,0.0010706,0.0012255,0.0018732,0.0038169,0.012322,0.012788,0.0028056,0.0025669,0.0019891,0.0016962,0.00096285,0.0017591,0.0014859,0.005005,0.0043455,0.0045273,0.0051211,0.0053726,0.0062805,0.0083591,0.013168,0.0403,0.048592,0.0070128,0.0041901,0.0027696,0.0018263,0.0010667,0.00065358,0.00042345,0.022354,0.00533,0.0059037,0.0058383,0.0079135,0.0093486,0.011919,0.019583,0.047968,0.030322,0.051506,0.024615,0.017469,0.0148,0.014092,0.012846,0.012352,0.0090066,0.0011114,0.0010878,0.0010456,0.00093519,0.001139,0.0018176,0.0023761,0.0080169,0.015172,0.0051551,0.0030905,0.0023639,0.0018328,0.0015314,0.0016643,0.0015602,0.00070574,0.001376,0.0015488,0.0014026,0.0020285,0.0022612,0.0025458,0.0042518,0.011697,0.056019,0.0054837,0.0019158,0.0011707,0.00087919,0.00083129,0.0006175,0.00050736,0.031298,0.0025522,0.016713,0.0016068,0.021361,0.00097151,0.034601,0.0050743,0.14894,0.10814,0.088276,0.0049268,0.033871,0.0051919,0.023823,0.0041142,0.020697,0.0074521,0.0055291,0.0035861,0.0044215,0.0049872,0.0058371,0.0095828,0.0064383,0.031821,0.020182,0.023227,0.004026,0.0077288,0.0043789,0.0038775,0.0038437,0.0020161,0.006054,0.0053436,0.0047253,0.0055761,0.0065847,0.0063199,0.01205,0.0070675,0.047828,0.025511,0.029572,0.0017925,0.01113,0.0028738,0.0073873,0.0031845,0.0064507
0.00762,0.0057506,0.0055724,0.0052403,0.0047177,0.0080483,0.0089809,0.010176,0.081774,0.027099,0.0254,0.010861,0.0041355,0.0036606,0.0019907,0.0014062,0.0027142,0.0058423,0.0011209,0.0015681,0.00074671,0.002618,0.0014527,0.0018956,0.0031226,0.014573,0.014426,0.0082225,0.0029742,0.0012519,0.001257,0.00064829,0.0007512,0.0005398,0.0067388,0.0031441,0.0031362,0.0039278,0.0032395,0.0041913,0.0067106,0.0088331,0.022949,0.032982,0.015703,0.0060814,0.0033839,0.0025067,0.0018593,0.0013382,0.0015354,0.010233,0.0089772,0.010502,0.015151,0.018796,0.028242,0.044655,0.089554,0.36791,0.12995,0.098606,0.065474,0.051207,0.044426,0.040693,0.038115,0.03892,0.00046922,7.9527e-05,0.00069234,0.0031523,0.0015601,0.0016741,0.0019348,0.0038422,0.013391,0.0079432,0.0033363,0.001637,0.001282,0.0015307,0.0015733,0.0016345,0.0015679,0.0036278,0.0049322,0.0051634,0.0051349,0.0060667,0.007278,0.010515,0.01429,0.045495,0.048423,0.010427,0.0046983,0.003052,0.0022227,0.0015594,0.0008495,0.00060656,0.034205,0.00056659,0.00091102,0.001489,0.0012046,0.0019167,0.0056451,0.0089799,0.055648,0.15084,0.012005,0.0074515,0.0056471,0.0042551,0.0025623,0.0053099,0.0037747,0.003809,0.0011781,0.0017978,0.0012572,0.0021502,0.0025776,0.0030015,0.004741,0.012807,0.018942,0.0092633,0.0045497,0.0022424,0.0018752,0.0015025,0.0013667,0.0015164,0.0041733,0.0037248,0.0039975,0.0047441,0.0037843,0.0058103,0.0075161,0.0092337,0.01703,0.010069,0.014122,0.0066768,0.0032966,0.0021139,0.0012244,0.00043117,0.00019074,0.025025,0.016468,0.01749,0.018125,0.020409,0.024785,0.032745,0.044015,0.18252,0.20676,0.045415,0.023856,0.017701,0.012173,0.008992,0.0094453,0.0091707,0.0045033,0.00097482,8.6701e-05,0.0028735,0.0010505,0.0013154,0.0012453,0.0026997,0.0049276,0.044458,0.005132,0.0030173,0.0020208,0.0018979,0.0009943,0.0016146,0.0019436,0.0030423,0.004684,0.0052028,0.0052116,0.0054351,0.0078632,0.0097359,0.014371,0.041421,0.077454,0.0090943,0.0050717,0.0034198,0.0022037,0.0010562,0.0011036,0.00087929
0.002821,0.0022325,0.0013007,0.0013123,0.0025769,0.0049117,0.0057622,0.013563,0.049204,0.053325,0.0082219,0.0053109,0.0052922,0.0058278,0.0056476,0.003751,0.0051175,0.0031128,0.00025266,0.00074494,0.00046909,0.0021619,0.0011735,0.00062989,0.003826,0.013091,0.015706,0.0053523,0.0017328,0.0015894,0.0012534,0.001203,0.00079561,0.00088885,0.0035687,0.00054603,0.00047632,0.00044282,0.0016151,0.0016081,0.0018638,0.002755,0.016397,0.012085,0.013933,0.0019961,0.00082443,0.00042623,0.00027033,0.00021476,0.00013159,0.021988,0.022283,0.024603,0.027096,0.033845,0.043711,0.063705,0.11457,0.36751,0.41906,0.13374,0.083566,0.065245,0.054778,0.049383,0.047784,0.045392,0.0066548,0.0017234,0.0011133,0.0019524,0.0027201,0.002494,0.0029213,0.0044457,0.013461,0.0084611,0.0069806,0.0029682,0.0021233,0.001258,0.0013002,0.00077708,0.0010815,0.0039387,0.0021032,0.0025777,0.0035724,0.0040419,0.0051498,0.0069418,0.0093941,0.036575,0.038888,0.013972,0.0079163,0.0060551,0.0050704,0.004675,0.0042972,0.0040837,0.039115,0.0056415,0.0049824,0.0062607,0.0062612,0.0082937,0.010083,0.015608,0.037119,0.053306,0.050295,0.018973,0.011582,0.0090375,0.0089158,0.0066015,0.0062772,0.0099622,0.00066221,0.00098365,0.0013959,0.00089425,0.0013311,0.0010688,0.0015697,0.0046367,0.012086,0.0082133,0.0030245,0.001913,0.0012888,0.0013849,0.0011797,0.0012569,0.0014324,0.00073738,0.00093255,0.00096143,0.00051016,0.0011371,0.0023037,0.002882,0.010958,0.049096,0.0015937,0.00071877,0.00057453,0.00026317,0.00048895,0.00036634,9.533e-06,0.0065022,0.019312,0.019137,0.021315,0.023316,0.02753,0.035827,0.054469,0.18371,0.25861,0.038363,0.022489,0.015249,0.0098917,0.0076047,0.0061258,0.0063344,0.00019836,0.0012422,0.001348,0.0035802,0.0013843,0.0015368,0.0032251,0.003643,0.0065048,0.046061,0.0035869,0.0039602,0.0031528,0.0020538,0.0024993,0.0018465,0.0020104,0.0024109,0.00092057,0.0011028,0.0017815,0.0019163,0.0036278,0.0048088,0.0058558,0.025381,0.040669,0.010041,0.0055033,0.0043977,0.0036524,0.0033883,0.0031286,0.0032425
0.0060788,0.0029208,0.0030685,0.0029694,0.0034201,0.0056501,0.0089065,0.015812,0.049769,0.051302,0.016132,0.0093888,0.0081276,0.0064014,0.006591,0.0061784,0.006178,0.00014687,0.0026089,0.0024273,0.0033058,0.0028126,0.0023084,0.0043401,0.0052362,0.017255,0.011519,0.010355,0.0049073,0.003668,0.0023406,0.0025633,0.0023664,0.0021153,6.295e-05,0.0024933,0.0028429,0.002751,0.0028839,0.0041878,0.0047435,0.0055998,0.0229,0.015331,0.013678,0.004555,0.0027919,0.0021984,0.0015179,0.0014189,0.001318,0.025685,0.023819,0.026055,0.029207,0.03432,0.042573,0.059669,0.099112,0.35035,0.29093,0.095563,0.062653,0.049415,0.04133,0.037917,0.034785,0.033845,0.0099622,0.0019832,0.0017799,0.0032409,0.0028569,0.002628,0.0034172,0.0052776,0.01498,0.0082079,0.0054038,0.0026646,0.0016236,0.0013685,0.00050408,0.00078749,0.0015049,0.0018292,0.0027972,0.0027642,0.0033069,0.0043192,0.0049277,0.0087399,0.015946,0.045741,0.064444,0.015043,0.010185,0.0081993,0.0067986,0.0061554,0.0057858,0.0054265,0.032391,0.0045167,0.0038986,0.0036057,0.0043956,0.0058775,0.0080052,0.010257,0.049524,0.16323,0.033453,0.013599,0.007418,0.0078472,0.0049421,0.0042047,0.0036355,0.017966,0.0018301,0.0014192,0.0027564,0.0020175,0.0023789,0.002498,0.0046151,0.014479,0.029448,0.010605,0.0028448,0.0018118,0.0016693,0.0015627,0.0012646,0.0012455,0.0010529,0.0040549,0.0045775,0.0043855,0.0043222,0.0061115,0.0090735,0.010307,0.023813,0.017307,0.013248,0.0070207,0.003948,0.0027511,0.002001,0.0015452,0.0013199,0.018748,0.0011692,0.0032229,0.0060027,0.007418,0.010539,0.017361,0.033046,0.12351,0.12942,0.02559,0.020441,0.018092,0.01525,0.014557,0.013046,0.012377,0.0062352,0.0015681,0.00072899,0.0030523,0.0026667,0.0022183,0.0024855,0.004767,0.0098496,0.043445,0.0050921,0.0028386,0.0021391,0.0016369,0.00075706,0.0019909,0.00093652,0.0018902,0.0031592,0.0032331,0.0038602,0.0052677,0.0054195,0.0088847,0.016913,0.044323,0.085167,0.019571,0.011894,0.0091973,0.0075611,0.0067533,0.0066086,0.0064221
0.0041371,0.0070223,0.0074724,0.0072265,0.0086037,0.0097238,0.013595,0.02354,0.062646,0.0075157,0.019837,0.0078689,0.0042116,0.0030614,0.0017151,0.0012939,0.0011501,0.0005188,0.0026583,0.0018844,0.0015745,0.0021063,0.0028784,0.002978,0.0050292,0.015375,0.010938,0.0081066,0.0022825,0.0012991,0.00085827,0.00065514,0.0004011,0.00011444,0.0065805,0.0030447,0.0034489,0.0038184,0.004286,0.0046162,0.0060341,0.01065,0.033585,0.0096174,0.013224,0.0045536,0.002835,0.0015246,0.00083663,0.00072069,8.7749e-05,0.033873,0.032448,0.034573,0.037998,0.042345,0.050628,0.066684,0.11089,0.42859,0.2086,0.069658,0.041718,0.029585,0.0217,0.018772,0.017523,0.014887,0.0098554,0.0021896,0.001341,0.00023502,0.0017415,0.001959,0.0022659,0.0033121,0.013789,0.0061923,0.003276,0.0013922,0.00084189,0.00079765,0.00076842,0.00023938,0.00052072,0.00016403,0.00077675,0.00060591,0.00061076,0.0013193,0.0016597,0.0024209,0.0022968,0.035093,0.0055861,0.0027147,0.00094657,0.0010471,0.0010807,0.00092726,0.00085843,0.00095369,0.026459,0.006254,0.0077294,0.0073092,0.0073133,0.009016,0.010037,0.011202,0.027656,0.089855,0.046349,0.014656,0.0080429,0.0040024,0.0014947,0.0024023,0.0006752,0.013323,0.0019912,0.0010355,0.0010802,0.001206,0.00055296,0.00073755,0.00065526,0.0053396,0.017768,0.0045229,0.00056183,0.00043007,0.00074824,0.0001929,0.00034642,0.00026893,0.0032159,0.0014427,0.0011116,0.0012798,0.0011349,0.0014353,0.0015736,0.00076333,0.0063258,0.036247,0.0094635,0.0034358,0.0022066,0.0016537,0.0014912,0.0012059,0.0012131,0.016855,0.0024384,0.0047392,0.0079742,0.013774,0.021413,0.034069,0.07036,0.22523,0.29005,0.078427,0.05416,0.043599,0.037841,0.035085,0.033267,0.032034,0.0030251,0.003146,0.0022555,0.0034873,0.0021102,0.0026529,0.0032421,0.00566,0.01158,0.034811,0.0083795,0.0040659,0.002823,0.0022344,0.0013171,0.0023509,0.0011368,0.003172,0.0015314,0.0015482,0.001994,0.001942,0.0019395,0.0028546,0.0032253,0.022118,0.041457,0.003475,0.0017262,0.0010286,0.00060694,0.00053354,0.00042043,0.00025749
0.0055352,0.0072419,0.0063486,0.0069261,0.0081444,0.0096733,0.013698,0.023168,0.092723,0.043368,0.032743,0.015602,0.012946,0.010372,0.0073944,0.0081575,0.0081598,0.0060655,0.0011419,0.00051052,0.00128,0.0016741,0.0023829,0.0030076,0.0055615,0.01968,0.022668,0.007618,0.0036709,0.003238,0.0026485,0.0019226,0.002116,0.0018654,0.00032426,0.0016149,0.0019734,0.0022998,0.0026007,0.0032154,0.004014,0.0077715,0.020177,0.012291,0.013285,0.0064953,0.0041331,0.0035247,0.0030708,0.0029423,0.0027771,0.033196,0.033705,0.036767,0.040878,0.047702,0.059485,0.082282,0.13863,0.45966,0.43016,0.13689,0.085515,0.064889,0.054272,0.048559,0.045441,0.043423,0.0032273,0.00011405,0.0006713,0.00025942,0.00096295,0.0012184,0.0022234,0.0049495,0.012394,0.015173,0.003234,0.0024488,0.0020254,0.0019376,0.0015344,0.0011786,0.0012741,0.0049725,0.0059841,0.0061217,0.0065407,0.0072569,0.0087263,0.010675,0.016877,0.051531,0.058192,0.012715,0.0069467,0.0044324,0.0031433,0.0020447,0.001506,0.0013371,0.044604,0.0070786,0.0036285,0.010501,0.012475,0.0033728,0.019482,0.035779,0.02095,0.099536,0.096282,0.024869,0.0099183,0.017668,0.011166,0.0099939,0.015341,0.0045491,0.001836,0.0015238,0.0028951,0.0023322,0.0003484,0.0047827,0.0072926,0.0012909,0.0204,0.012089,0.0053765,0.0019662,0.0030867,0.0017987,0.0013844,0.0023671,0.0035248,0.00071085,0.00086963,0.0020226,0.0016727,0.0020527,0.0061675,0.0082213,0.012941,0.040853,0.023185,0.0085994,0.0070404,0.007183,0.004461,0.0045262,0.0057298,0.013783,0.0038741,0.0039019,0.0036279,0.0041745,0.0046205,0.011306,0.020632,0.16967,0.16461,0.034386,0.029873,0.022967,0.017953,0.013352,0.010412,0.010433,0.0017949,0.0021354,0.0042791,0.0061872,0.0074578,0.0095369,0.01176,0.015089,0.028039,0.031229,0.007679,0.0024185,0.0042625,0.0045459,0.0047918,0.0058242,0.0049497,0.0020542,0.0025986,0.0043749,0.0065671,0.0086989,0.0119,0.015491,0.020382,0.049578,0.053103,0.0066885,0.0049008,0.0086596,0.010822,0.012424,0.013446,0.013373
0.0053826,0.0012975,0.0021228,0.0025717,0.0029962,0.0059565,0.0089827,0.01193,0.056486,0.031948,0.029912,0.015571,0.010987,0.0091505,0.0097885,0.0082159,0.0081331,0.00045777,0.00059951,0.0007513,0.00090272,0.00074684,0.0010928,0.0011607,0.0039185,0.013373,0.013848,0.0046532,0.0024411,0.0022226,0.0011333,0.0015105,0.0013649,0.001236,0.0020562,0.00092721,0.0010328,0.0010505,0.0014847,0.0026288,0.0036091,0.0089227,0.018764,0.02513,0.012875,0.0069009,0.0049763,0.0042953,0.0039869,0.0037281,0.0035706,0.0072366,0.0024833,0.0099478,0.011892,0.0063845,0.035223,0.033411,0.052986,0.37407,0.14931,0.086165,0.072504,0.0039847,0.052572,0.034717,0.018695,0.05037,0.0039349,0.00084742,0.00087772,0.001117,0.00033043,0.0018942,0.0017897,0.002899,0.015005,0.0056748,0.0049089,0.0040988,0.00099411,0.0027262,0.0018781,0.00049712,0.0027943,0.0079671,0.0026767,0.006324,0.0083613,0.00062775,0.011248,0.0098182,0.013026,0.056062,0.032753,0.019728,0.0066629,0.0030521,0.004277,0.0008624,0.0024186,0.00099375,0.044421,0.0061707,0.0055742,0.0061336,0.0082186,0.010464,0.014154,0.020799,0.070236,0.013026,0.088724,0.030112,0.019669,0.015699,0.01493,0.013635,0.01214,0.010229,0.00021177,0.00072403,0.0013704,0.0013878,0.0014617,0.0021921,0.0039837,0.01009,0.014755,0.0094928,0.0049441,0.0034282,0.0034484,0.0027389,0.0026771,0.0024815,0.0026951,0.00081795,0.00043765,0.00022919,0.00060165,0.0011112,0.0019566,0.0044698,0.0096106,0.033129,0.0075407,0.00036536,0.00018019,0.00015772,0.00031006,0.00033962,0.00019263,0.012171,0.0023206,0.0035548,0.0056692,0.0085109,0.01249,0.019697,0.033724,0.13857,0.21849,0.066747,0.03791,0.027905,0.023073,0.024059,0.01918,0.02048,0.0021553,0.00080088,0.0014185,0.0012314,0.0011731,0.0012604,0.0015015,0.0023599,0.0032834,0.039832,0.0085539,0.0026087,0.0013796,0.00053256,0.0014165,0.00038138,0.00020979,0.00024034,0.002507,0.0026467,0.0030821,0.0035261,0.004636,0.0063907,0.011507,0.0312,0.074449,0.016419,0.008592,0.006291,0.0052109,0.0046242,0.0042612,0.0044213
0.00071336,0.00090009,0.0021838,0.0022848,0.0030337,0.0050049,0.0074121,0.015027,0.046936,0.053072,0.027105,0.013707,0.0099743,0.0092458,0.0071902,0.0070733,0.0065385,0.0035363,0.0014247,0.0010814,0.0010564,0.0013653,0.0024118,0.0022103,0.0037193,0.012312,0.016716,0.0013776,0.0011222,0.00099174,0.001345,0.0012821,0.00069331,0.0010681,0.0022545,0.00096125,0.00093752,0.0008766,0.0011958,0.0016942,0.0030434,0.0030089,0.016085,0.01129,0.011843,0.0049201,0.0035077,0.0025595,0.0022992,0.002551,0.0021973,0.045951,0.045808,0.048417,0.050421,0.057836,0.067497,0.087143,0.1363,0.36423,0.39898,0.1048,0.056519,0.034954,0.02416,0.016698,0.011764,0.010611,0.0059891,0.00088191,0.001115,0.0018246,0.0014071,0.0016766,0.0021867,0.0045898,0.011544,0.011162,0.0029854,0.0012446,0.00083217,0.00053385,0.00054292,0.00046884,0.00018311,0.0012551,0.0016921,0.0018514,0.0023051,0.002839,0.0039345,0.0056261,0.0088222,0.03202,0.025253,0.014439,0.0081487,0.0062727,0.0052458,0.0047753,0.0043132,0.0044747,0.030827,0.0030181,0.0037811,0.0033733,0.0037345,0.0043659,0.0040503,0.0039988,0.028394,0.085605,0.066131,0.01409,0.0064465,0.0051639,0.0022113,0.0021769,0.00041962,0.0091096,0.00046725,0.00031199,0.00020297,0.00041656,0.00037489,0.00039674,0.0012474,0.0052056,0.018504,0.0059199,0.0028459,0.0013612,0.00058771,0.00042892,0.00066622,0.00068666,0.004345,0.0025697,0.0028305,0.0028813,0.0032663,0.003674,0.0042953,0.0070067,0.017167,0.026387,0.015337,0.0050174,0.0025046,0.0016552,0.00085785,0.0008514,0.00045776,0.0023613,0.0088629,0.0093668,0.0098283,0.01182,0.015046,0.02058,0.030383,0.089335,0.2324,0.049749,0.027712,0.020349,0.016805,0.015001,0.012192,0.014248,2.671e-05,0.00033958,0.00068895,0.00073989,0.0010074,0.0014041,0.0012093,0.0019337,0.0065628,0.050191,0.0044388,0.0017298,0.0007187,0.00038087,0.00069858,0.00045922,0.00064851,0.0031281,0.00035462,0.00048092,0.00057346,0.00090242,0.0016677,0.0025614,0.0047488,0.019423,0.043109,0.0049713,0.0035703,0.0027428,0.0025249,0.0022461,0.0020766,0.0022507
0.0039845,0.00065202,0.0005624,0.0012894,0.0026047,0.0034672,0.0059831,0.0093587,0.045896,0.051833,0.026288,0.013269,0.009096,0.0082862,0.0074998,0.0059898,0.0059301,0.0001564,0.0015246,0.00074361,0.00083258,0.0012972,0.0008881,0.001319,0.003549,0.010918,0.021308,0.0052459,0.0018402,0.0013059,0.0013308,0.0011524,0.0010401,0.00095752,0.00084114,0.00078418,0.0007271,0.00073105,0.0012738,0.0014494,0.0024495,0.0056152,0.010762,0.033531,0.012676,0.0048831,0.0034695,0.0029718,0.0026235,0.0023125,0.0021916,0.04888,0.045241,0.046326,0.050668,0.057199,0.067316,0.086958,0.13051,0.37638,0.32851,0.10565,0.056227,0.036203,0.025214,0.018371,0.016263,0.013014,0.0042382,0.0021067,0.0018433,0.0024168,0.0019855,0.002477,0.0026286,0.0042672,0.012949,0.015325,0.0048521,0.0018215,0.0012527,0.00070646,0.0010005,0.0009791,0.00018311,0.00078773,0.0018333,0.001691,0.0022778,0.0029501,0.004104,0.0061611,0.011993,0.034968,0.064332,0.015678,0.0092485,0.0071023,0.0061996,0.005727,0.0054125,0.0051633,0.041417,0.0016128,0.0022981,0.0021174,0.0015943,0.0023023,0.0017099,0.0064106,0.011018,0.11077,0.075552,0.017225,0.0093048,0.0089378,0.0058282,0.0056799,0.0045853,0.010086,0.0014897,0.00064725,0.00070448,0.00017523,0.0012725,0.00051954,0.0016816,0.003606,0.038917,0.018551,0.0038307,0.0016825,0.0014415,0.0005845,0.00054663,0.00033186,0.00071145,0.0023226,0.0025211,0.0026505,0.0028813,0.0035984,0.0045094,0.0070657,0.016639,0.023746,0.020463,0.0067905,0.0044277,0.0034869,0.0028411,0.0026379,0.0025235,0.016405,0.0069988,0.0066785,0.0075861,0.0095225,0.012339,0.018174,0.033158,0.11638,0.14508,0.036386,0.024833,0.019126,0.018074,0.015925,0.014396,0.013418,0.0027638,0.00087355,0.00065328,0.0008214,0.00021672,0.00023971,0.00044406,0.00092004,0.003778,0.049029,0.0023273,0.00054299,0.00067096,0.0013045,0.00029015,0.00056932,3.6247e-05,0.0023575,0.00095344,0.00099225,0.0014227,0.0017724,0.0027293,0.0040883,0.0080541,0.025438,0.086938,0.0046671,0.005145,0.0041898,0.0037591,0.0033811,0.0033426,0.0032731
0.0042153,0.00076694,0.0017137,0.0015869,0.0028077,0.0033074,0.0057692,0.010537,0.05167,0.069239,0.023353,0.011742,0.0083221,0.0078546,0.0051829,0.0048374,0.0050393,0.0036564,0.0020273,0.00079601,0.00060062,0.00040533,0.00023274,0.00063883,0.0017649,0.010637,0.024028,0.0076648,0.0022535,0.0013184,0.0011118,0.00071311,0.00061231,0.00071145,0.0032254,0.00090827,0.00084884,0.00099214,0.00094609,0.0013512,0.0020011,0.0039839,0.015932,0.026203,0.016182,0.0058225,0.0038238,0.0029913,0.00272,0.0023517,0.002409,0.043688,0.045509,0.046383,0.050505,0.055724,0.065994,0.085077,0.13172,0.37209,0.32963,0.10091,0.051587,0.031819,0.02083,0.01316,0.0065927,0.0048085,0.0059396,0.0018114,0.0018838,0.0013118,0.0020982,0.0021786,0.0031003,0.004547,0.0137,0.0073421,0.0037313,0.002069,0.0013278,0.00056982,0.00072582,0.00042015,0.0010338,0.0009289,0.0022093,0.0021889,0.0025283,0.0032234,0.0041133,0.0060638,0.0095132,0.037433,0.016871,0.012274,0.008385,0.0065226,0.0056837,0.0051226,0.0046874,0.0046864,0.038058,0.0024139,0.004754,0.0047198,0.0051158,0.0069728,0.0099497,0.01573,0.040313,0.0098049,0.077536,0.027136,0.017238,0.012853,0.012058,0.010699,0.011553,0.010084,0.001422,0.0009377,0.00077303,0.0018836,0.0012238,0.001549,0.0019934,0.0041196,0.011527,0.013604,0.0036409,0.0018328,0.0012158,0.0010318,0.00093183,0.00084116,0.0015316,0.00099557,0.00087118,0.00087222,0.0011062,0.0012697,0.0017682,0.0021156,0.010891,0.044439,0.021421,0.0058928,0.003653,0.0026836,0.0023188,0.0020722,0.0020581,0.0051404,0.004125,0.0044791,0.0064307,0.0092066,0.012892,0.019669,0.03825,0.11051,0.28048,0.051667,0.029179,0.023492,0.019928,0.019337,0.016099,0.017256,0.00069046,0.0023899,0.0015904,0.0012001,0.0014269,0.0012073,0.0015735,0.0019656,0.0069573,0.049827,0.0066303,0.003294,0.0013776,0.0016203,0.0014592,0.0004155,0.00099184,0.0028763,0.0011789,0.0015057,0.0018134,0.002357,0.0031362,0.0047409,0.0075333,0.028738,0.032493,0.013571,0.0082528,0.0063465,0.005333,0.0048702,0.0044914,0.0045968
0.0055161,0.002348,0.0030539,0.0034374,0.0027128,0.0045217,0.0081482,0.0083484,0.031972,0.032797,0.023028,0.011556,0.0086382,0.0069244,0.0076826,0.005888,0.00486,0.013048,0.00062792,0.00079992,0.0021323,0.0013711,0.00046263,0.0021365,0.0030093,0.0058387,0.019315,0.0064506,0.0014585,0.0012977,0.0011087,0.00049498,0.00078318,0.00084116,0.0039177,0.0017204,0.0021853,0.0024317,0.00073431,0.0033765,0.0063573,0.0074932,0.010318,0.033224,0.0088048,0.0038831,0.0035798,0.0027874,0.0025763,0.0021155,0.0018273,0.033015,0.044345,0.046585,0.050433,0.052756,0.062663,0.080912,0.11437,0.36223,0.23928,0.090657,0.047621,0.030072,0.019306,0.010763,0.0058408,0.0068799,0.0024796,0.00031719,0.0013449,0.002633,0.0031029,0.0018365,0.0015976,0.0052329,0.014171,0.014096,0.0034839,0.0018519,0.0013221,0.00080767,0.0015493,0.001188,0.0016365,0.0042725,0.0030909,0.0038925,0.0046748,0.0037787,0.0056969,0.010359,0.018498,0.036014,0.059645,0.014089,0.0074877,0.0053662,0.0047368,0.0041777,0.0038103,0.0034371,0.017685,0.0068016,0.0097783,0.0083807,0.0086829,0.012749,0.01586,0.01725,0.049566,0.046709,0.073982,0.022674,0.015786,0.010503,0.0090706,0.0093204,0.0089532,0.0064813,0.00097977,0.0015775,0.0032155,0.0025891,0.002028,0.0032635,0.0042831,0.0059522,0.017772,0.0046898,0.0037207,0.002627,0.00238,0.0020339,0.0017022,0.0016022,0.00060843,0.0013193,0.0019272,0.0022783,0.00089785,0.0026079,0.00539,0.0073251,0.0029683,0.034434,0.014801,0.0048073,0.0035491,0.0028851,0.0023926,0.00201,0.001833,0.020268,0.0056408,0.0053161,0.0083655,0.012611,0.017322,0.028385,0.046931,0.15551,0.20322,0.058911,0.035619,0.029187,0.025138,0.024955,0.021524,0.022309,0.010164,0.00092753,0.0010161,0.0027822,0.0028646,0.0015959,0.0014414,0.0034158,0.0038511,0.043064,0.0070027,0.0019658,0.0013393,0.0015358,0.0012816,0.00049246,0.00050163,0.0013485,0.00063275,0.00037309,0.0020138,0.0026145,0.0016856,0.0067432,0.014577,0.028566,0.078536,0.01668,0.0082308,0.006253,0.0053929,0.0048288,0.0044213,0.0043965
0.0028706,0.0055057,0.0068461,0.0075264,0.0069097,0.010476,0.010778,0.027018,0.065651,0.026301,0.018391,0.009579,0.0043025,0.0030621,0.0018852,0.0024973,0.0015545,0.0079232,0.00090954,0.0015719,0.00080752,0.003349,0.00087849,0.0011921,0.0045921,0.011243,0.017279,0.001158,0.0017556,0.00086977,0.00090184,0.00030964,0.00018405,6.4868e-05,0.0069276,0.0031617,0.0026169,0.0042108,0.0029481,0.0053311,0.0043878,0.010833,0.023693,0.0052153,0.0063571,0.0044816,0.0021583,0.001477,0.0010149,0.00097798,0.00082017,0.046956,0.041038,0.04164,0.044855,0.051632,0.061508,0.079603,0.15077,0.37928,0.38108,0.10133,0.060092,0.039932,0.030985,0.025768,0.02411,0.02351,0.0044213,0.00090557,0.0010419,0.0053856,0.0032592,0.0014549,0.0029647,0.0057189,0.011175,0.013883,0.00057016,0.0021028,0.00083312,0.0011647,0.0010267,0.0013727,0.0013085,0.0034485,0.0035016,0.0037353,0.0035797,0.0050548,0.0061346,0.0069638,0.0067626,0.040914,0.028623,0.01171,0.0065864,0.0041496,0.0036894,0.0029252,0.0025565,0.0023156,0.034628,0.0054521,0.0064534,0.0078186,0.0073915,0.010054,0.010218,0.024912,0.057396,0.091708,0.07193,0.022592,0.013024,0.012023,0.0084841,0.0076723,0.0078031,0.0074216,0.00068271,0.00049907,0.0014286,0.00184,0.00080407,0.0015114,0.0019183,0.0064665,0.02873,0.011223,0.0014078,0.0020577,0.0013914,0.0016026,0.0013523,0.0011654,0.001255,0.0012773,0.0015587,0.0013164,0.0026743,0.0022357,0.003268,0.0093901,0.009572,0.024637,0.017925,0.0027012,0.0024274,0.0013069,0.00096296,0.00066936,0.00070192,0.0054665,0.023073,0.020861,0.024733,0.033945,0.0318,0.025848,0.067919,0.29194,0.082506,0.10817,0.073523,0.024358,0.020106,0.038429,0.027349,0.0041657,0.0042592,0.0026255,0.00022534,0.0084145,0.0038735,0.0023412,0.003166,0.010658,0.019336,0.039674,0.018783,0.013456,0.0040707,0.0034404,0.006872,0.0050317,0.00020791,9.9164e-05,0.0018364,0.0015756,0.0022634,0.0016884,0.001678,0.0069523,0.013046,0.01948,0.050724,0.017684,0.0051449,0.0018938,0.0033792,0.0017991,0.0014531,0.0023308
0.0072919,0.0096751,0.009688,0.0086769,0.011563,0.012975,0.016736,0.023472,0.071464,0.012104,0.035742,0.015991,0.010352,0.0069207,0.007149,0.0045561,0.0053769,0.009638,0.0025392,0.0022459,0.0033619,0.002479,0.002283,0.0031768,0.0057887,0.0179,0.0089664,0.0090034,0.0046554,0.0029996,0.0022345,0.0022363,0.0017612,0.0016156,0.00052451,0.0033628,0.0032561,0.0034071,0.0041944,0.0045699,0.0058274,0.010285,0.024503,0.021069,0.017611,0.0080917,0.0051079,0.003767,0.0032139,0.0027718,0.0028515,0.03307,0.036215,0.03902,0.040575,0.048285,0.057861,0.076718,0.10719,0.33779,0.25811,0.10866,0.065249,0.047211,0.037887,0.032795,0.02925,0.030838,0.0012284,0.00085641,0.0007033,0.0042839,0.0016201,0.0018768,0.002232,0.0058093,0.010259,0.01599,0.0015935,0.0019057,0.0017588,0.0010061,0.0017131,0.00092606,0.0004921,0.0040493,0.0033223,0.0036152,0.0047727,0.0046142,0.0051256,0.006984,0.022175,0.036627,0.058349,0.010934,0.0059826,0.0043258,0.0034066,0.002745,0.00245,0.0026493,0.027375,0.0064524,0.0048003,0.0071897,0.0080356,0.0085896,0.010642,0.014998,0.033857,0.06997,0.06408,0.018552,0.010766,0.0088871,0.0061876,0.0051587,0.0055581,0.0053197,0.00064867,0.00089841,0.0013346,0.0021446,0.0011183,0.002182,0.0017739,0.0098062,0.012555,0.010839,0.0032985,0.0022539,0.0023482,0.0018891,0.0018998,0.001955,0.0040017,0.002872,0.0028014,0.0031675,0.0029003,0.0036405,0.0044451,0.0029547,0.01862,0.026717,0.018256,0.0064306,0.0038972,0.0028701,0.0024082,0.001917,0.0018616,0.0054703,0.01612,0.017898,0.019868,0.021122,0.024866,0.031803,0.029293,0.14049,0.22695,0.041248,0.018433,0.012556,0.0075494,0.0072419,0.0021068,0.0031052,0.0050851,0.0019317,0.001611,0.0031643,0.00058867,0.00059961,0.00088966,0.0022874,0.0059698,0.046253,0.0058476,0.0023086,0.0019879,0.0021786,0.0016533,0.00081406,0.0011788,0.0050908,0.0034478,0.0033623,0.0039573,0.0038551,0.004847,0.0065174,0.019766,0.028277,0.078096,0.0081097,0.0034211,0.0021298,0.001409,0.00083868,0.00025853,0.00010491
0.0016747,0.0030013,0.0027762,0.0024917,0.0033332,0.0053925,0.010356,0.022153,0.057153,0.0030547,0.031527,0.017787,0.01403,0.011552,0.012367,0.010302,0.010441,0.0033246,0.0015862,0.0016421,0.00091304,0.0013875,0.00257,0.0032677,0.0072788,0.01793,0.015276,0.01113,0.0059515,0.0049327,0.0039232,0.0025939,0.0031932,0.003233,0.0035573,0.000815,0.00043986,0.00098368,0.00073335,0.0017403,0.0060789,0.013685,0.019935,0.025076,0.015844,0.0076804,0.0062954,0.0053265,0.004765,0.0039475,0.0036297,0.044476,0.041083,0.031579,0.018833,0.028207,0.061045,0.10927,0.16703,0.49237,0.26803,0.036854,0.067893,0.078287,0.072177,0.05479,0.03056,0.0041085,0.0039368,0.0032433,0.0010094,0.0037964,0.002003,0.0014605,0.0026557,0.0013641,0.01583,0.0063908,0.0019199,0.002426,0.0027626,0.0025218,0.0024496,0.0010029,0.00031663,0.0048943,0.0058958,0.0050895,0.006288,0.0080246,0.0073847,0.0086783,0.027853,0.045033,0.021892,0.012555,0.0080863,0.0063708,0.0045391,0.0029393,0.0013541,0.00069431,0.029807,0.0047654,0.0080744,0.0062899,0.0064397,0.0060523,0.0041192,0.017931,0.064337,0.066771,0.050227,0.017964,0.0105,0.0043587,0.0041167,0.0011745,0.0020161,0.013258,0.0016243,0.00093155,0.00057594,0.00076722,0.0013787,0.0023093,0.0053674,0.0091742,0.016169,0.0061141,0.0044895,0.0038824,0.0019434,0.0010643,0.00212,0.0026837,0.00015257,0.0031098,0.0033799,0.0037979,0.0038226,0.0048385,0.0065291,0.01502,0.018064,0.035803,0.020091,0.010661,0.0059602,0.0041572,0.0036956,0.0041279,0.0039979,0.026326,0.01508,0.015997,0.017361,0.019145,0.021534,0.026804,0.072748,0.10663,0.21083,0.038808,0.019034,0.012311,0.0079156,0.0050592,0.0028272,0.0015755,0.0012665,0.0011703,0.0006237,0.0046663,0.00061524,0.0020414,0.0034753,0.0066719,0.0088391,0.046134,0.0078801,0.0040045,0.0031473,0.0024792,0.0017438,0.0017781,0.0021248,0.0022717,0.00099559,0.00065717,0.0019839,0.0020887,0.00282,0.0047689,0.012907,0.021172,0.050924,0.0025167,0.0010518,0.00098738,0.0011138,0.0010335,0.0012429,0.0013447
0.0067617,0.0049206,0.0058205,0.0060213,0.0058336,0.006544,0.013805,0.029685,0.063406,0.064721,0.021686,0.013471,0.011914,0.0099243,0.0071916,0.0080226,0.0087606,0.015696,0.0028982,0.0036538,0.006284,0.0057234,0.0046832,0.0051132,0.007204,0.021164,0.013354,0.0080959,0.0043305,0.0031265,0.0026726,0.0015926,0.0015431,0.0016728,0.0010701,0.004302,0.00357,0.0036525,0.0026306,0.0047234,0.008648,0.0074694,0.031521,0.017065,0.012358,0.0057573,0.0042237,0.0031229,0.0028526,0.0026199,0.0025387,0.034911,0.04517,0.044057,0.050907,0.055852,0.066108,0.08712,0.14911,0.40417,0.25198,0.080034,0.045019,0.028605,0.019082,0.012836,0.0078815,0.007475,0.026219,0.0044634,0.0019779,0.0054627,0.0024073,0.0032661,0.003268,0.0077665,0.015385,0.0082386,0.0036847,0.0019673,0.0011532,0.00094658,0.00071321,0.0010519,0.0004158,0.0043183,0.0014718,0.0010655,0.002796,0.0030546,0.0030833,0.0039192,0.015884,0.050982,0.054199,0.015907,0.0099718,0.007357,0.0061291,0.0058301,0.0054406,0.0053597,0.039919,0.0038109,0.00069209,0.0019692,0.0044765,0.0029672,0.0069044,0.017518,0.023457,0.15103,0.02304,0.0083545,0.0041922,0.0032346,0.0011249,0.00088481,0.00070763,0.026936,0.003858,0.0023694,0.0030168,0.0033922,0.00038727,0.00139,0.0014838,0.012937,0.031305,0.0071913,0.004696,0.0028431,0.0023835,0.0023555,0.0021827,0.0018616,0.011255,0.0020465,0.0037682,0.0035603,0.0035676,0.0043804,0.0089802,0.0061671,0.028671,0.035223,0.014554,0.0069526,0.0050714,0.0040901,0.0034018,0.0030718,0.0031529,0.019415,0.0075988,0.0050383,0.0083952,0.0092219,0.012366,0.021178,0.026121,0.12434,0.17875,0.041412,0.024181,0.017337,0.014763,0.013868,0.013661,0.016035,0.014271,0.0026093,0.0020704,0.0064077,0.002616,0.0018297,0.00096833,0.0032439,0.0095895,0.046165,0.0054775,0.0027616,0.0016817,0.0011689,0.00078746,0.00075419,0.00035097,0.0077096,0.0037871,0.0033951,0.0035083,0.0046219,0.0055123,0.0044754,0.019654,0.045787,0.077515,0.013013,0.0067813,0.0047393,0.0039669,0.0035059,0.0031302,0.003296
0.034932,0.0053914,0.0044261,0.005295,0.0059609,0.0082517,0.0095988,0.013589,0.072214,0.040909,0.0090969,0.0041762,0.0042692,0.001557,0.00056376,0.0011506,0.00078582,0.042861,0.0082432,0.0036955,0.0039414,0.0028548,0.0023983,0.0045432,0.0050676,0.018981,0.008504,0.0068959,0.003138,0.0022166,0.0011679,0.0014214,0.00063125,0.0010891,0.013418,0.0028687,0.0018032,0.003262,0.0023115,0.0037003,0.0039563,0.006354,0.010802,0.034509,0.0081119,0.003279,0.0021254,0.0013138,0.0013346,0.00093158,0.00060464,0.065816,0.040779,0.042665,0.04808,0.051881,0.06286,0.082476,0.12325,0.36212,0.34725,0.096954,0.057769,0.039882,0.031947,0.026506,0.021908,0.022545,0.053445,0.0087188,0.0028343,0.003652,0.0048166,0.0027272,0.0038657,0.0042503,0.013842,0.0062991,0.0042664,0.0018758,0.001393,0.00084273,0.0010197,0.00048465,3.8147e-05,0.0052091,0.0032715,0.0021196,0.0023843,0.0028228,0.0045687,0.004031,0.014033,0.027432,0.0092749,0.0090656,0.0054179,0.0040024,0.0032531,0.002617,0.0029825,0.0026455,0.055003,0.0041717,0.0031147,0.0027611,0.003088,0.0039345,0.0049056,0.010728,0.046163,0.092525,0.024169,0.013001,0.0081914,0.0071549,0.005261,0.0040602,0.0034466,0.061341,0.0071442,0.004408,0.0026656,0.0041398,0.0028761,0.0028285,0.0034205,0.0050303,0.010479,0.011369,0.0027419,0.0015655,0.00089594,0.0005889,0.00031301,2.6703e-05,0.019503,0.0021846,0.0016151,0.0018052,0.002128,0.0018542,0.0055134,0.0020012,0.01626,0.037317,0.0093661,0.0057142,0.0041161,0.0032528,0.0031154,0.0028009,0.0026722,0.063251,0.015977,0.017616,0.018128,0.024777,0.029824,0.04118,0.074075,0.15998,0.28889,0.088363,0.052699,0.039293,0.032673,0.027575,0.029569,0.0287,0.043397,0.0087667,0.0054775,0.0076267,0.002102,0.0033496,0.0044741,0.0048536,0.012695,0.037345,0.0095437,0.0040342,0.0028737,0.0015772,0.0011752,0.00074858,0.0011254,0.0057565,0.0013334,0.0014906,0.00076545,0.0021483,0.0016549,0.0021952,0.0061432,0.0089554,0.029701,0.004724,0.0018306,0.0011477,0.00056782,0.00028439,0.00040209,8.7742e-05
0.030299,0.0048115,0.0027361,0.0039397,0.0044194,0.0069906,0.01042,0.016315,0.053301,0.070687,0.0054431,0.006465,0.0047681,0.0058722,0.0020867,0.0032483,0.0018559,0.065225,0.0066448,0.0018634,0.0014438,0.0024686,0.002516,0.0028054,0.00537,0.017239,0.020569,0.0096405,0.0057398,0.0041992,0.0039126,0.0030163,0.0029822,0.0028649,0.016667,0.0030439,0.0011748,0.0011925,0.00065751,0.0015767,0.0021901,0.0046971,0.016878,0.022625,0.0089544,0.0043947,0.0024894,0.0020565,0.00178,0.0017814,0.0017014,0.012097,0.04355,0.047217,0.050709,0.06042,0.07158,0.096016,0.15699,0.45906,0.41495,0.13023,0.074086,0.053836,0.041734,0.034873,0.032928,0.031235,0.073837,0.0021438,0.0019909,0.003415,0.001463,0.0013787,0.0017035,0.0047943,0.014693,0.01084,0.0059146,0.0035123,0.0029415,0.0023789,0.0021246,0.0027656,0.0018101,0.017073,0.0067985,0.0067007,0.007234,0.0082778,0.0090754,0.01156,0.013444,0.056007,0.050659,0.016954,0.0082982,0.0049699,0.0031963,0.0021118,0.0013351,0.0010128,0.063825,0.0096699,0.0067358,0.0063976,0.007817,0.0092315,0.010158,0.021822,0.059213,0.15043,0.024591,0.0095854,0.0051355,0.0043541,0.003765,0.003771,0.0031396,0.079837,0.004986,0.00098403,0.00078613,0.003054,0.0012398,0.0022063,0.0045983,0.014781,0.033476,0.0038291,0.0017568,0.0016222,0.0013663,0.00069063,0.00080799,0.00050929,0.020809,0.0018468,0.0023704,0.0028193,0.0037227,0.0038272,0.0055594,0.010828,0.028456,0.033329,0.020916,0.009872,0.0070458,0.0058508,0.0051597,0.0050728,0.0049592,0.033995,0.010779,0.0026804,0.016062,0.02309,0.019862,0.0050938,0.047091,0.17571,0.11916,0.026448,0.030713,0.028351,0.017249,0.0080432,0.013275,0.01969,0.068608,0.0063475,0.0038928,0.0040649,0.0046014,0.0027705,0.0061181,0.014778,0.029123,0.030788,0.014119,0.011144,0.0060891,0.0025391,0.0030476,0.0045016,0.0050202,0.00031662,0.0057626,0.0021362,0.0087954,0.010824,0.005943,0.0079741,0.026795,0.06423,0.026845,0.024295,0.019248,0.0086492,0.0047253,0.0082393,0.0074843,0.0043297
0.043494,0.0057211,0.0072453,0.0081981,0.008185,0.0089028,0.012443,0.02248,0.044646,0.071023,0.0011816,0.0054988,0.0030818,0.0018424,0.002835,0.00275,0.00047493,0.097784,0.0055894,0.0025267,0.0033416,0.0035191,0.0020012,0.0029056,0.0050765,0.015254,0.026982,0.0050743,0.0026403,0.0019066,0.00088234,0.0012775,0.0014725,0.00086213,0.026616,0.0018522,0.0010383,0.00058991,0.00091512,0.0012046,0.003305,0.0031343,0.021228,0.033901,0.0080568,0.0033145,0.0022465,0.0021933,0.0020182,0.0015027,0.0012055,0.088041,0.021836,0.024236,0.030387,0.035607,0.042835,0.060538,0.099478,0.36825,0.24686,0.09081,0.059343,0.045521,0.038086,0.034897,0.031605,0.031495,0.094833,0.0039537,0.00083805,0.0034209,0.0032993,0.0036313,0.0040622,0.0056284,0.013555,0.01077,0.0044013,0.0027064,0.002145,0.0020214,0.0014478,0.0012795,0.0011807,0.0076467,0.0071436,0.0070438,0.0090305,0.010597,0.011548,0.012942,0.023814,0.050455,0.050005,0.017958,0.0088468,0.0059121,0.0041577,0.0028604,0.0023875,0.0022145,0.074477,0.011109,0.010676,0.012841,0.014466,0.015644,0.02066,0.032938,0.082279,0.052379,0.048645,0.025953,0.019031,0.015015,0.014214,0.013997,0.01396,0.10677,0.0059233,0.0028194,0.0010104,0.0014235,0.0014544,0.0020622,0.0040467,0.016688,0.020622,0.0085798,0.0050598,0.003762,0.0033477,0.0030256,0.0030298,0.0027256,0.030735,0.0018502,0.0014071,0.0010822,0.00056385,0.00090077,0.0025648,0.0040531,0.024009,0.05369,0.0035047,0.0021735,0.0020591,0.0016127,0.0017291,0.0014247,0.0016785,0.051675,0.0049086,0.0051679,0.0059387,0.00697,0.0079201,0.008724,0.010275,0.095503,0.060003,0.013861,0.0057486,0.0060956,0.0043769,0.0038342,0.005364,0.0044175,0.10084,0.0052151,0.0036055,0.0024698,0.0041276,0.0038827,0.0041628,0.005912,0.012531,0.025399,0.0093164,0.0046313,0.0030315,0.0029208,0.0020026,0.0017271,0.002863,0.019507,0.0076599,0.0080711,0.0094002,0.010991,0.013083,0.015098,0.025181,0.050209,0.069088,0.018652,0.0091206,0.0062865,0.0043452,0.0027357,0.0019072,0.0014897
0.03884,0.0013101,0.0023907,0.0016643,0.0016339,0.0037185,0.0027524,0.0095264,0.073106,0.037186,0.0047854,0.003799,0.003831,0.0038812,0.0019417,0.0022287,0.0032444,0.08714,0.0061794,0.0014301,0.0031905,0.0014995,0.00064335,0.0008296,0.0030952,0.016584,0.0089838,0.004081,0.0014588,0.00081315,0.0013094,0.00057979,0.00078336,0.00094606,0.02027,0.0014044,0.001503,0.00093886,0.0010371,0.0018804,0.0017004,0.0050896,0.027272,0.033345,0.0023337,0.0022328,0.0018423,0.0016695,0.0012834,0.0017071,0.0017109,0.072391,0.027768,0.027599,0.030204,0.029385,0.038241,0.054163,0.082922,0.40015,0.1499,0.062857,0.038725,0.028254,0.022786,0.019898,0.018291,0.018542,0.093593,0.0045134,0.0021622,0.0019645,0.0053237,0.0016958,0.0035288,0.0034075,0.016821,0.0014011,0.0013892,0.001158,0.00055426,0.00078416,0.00094595,0.00036965,0.00026894,0.012181,0.0018077,0.0012733,0.0010181,0.0011013,0.0016036,0.0020124,0.0094599,0.046322,0.027357,0.0022307,0.0019965,0.0012793,0.0012006,0.0010726,0.00092847,0.00092699,0.067851,0.0057145,0.0034067,0.0052103,0.0043604,0.0079583,0.0088566,0.018468,0.066347,0.074144,0.060069,0.029295,0.01847,0.015518,0.01426,0.013447,0.013067,0.10149,0.0044405,0.0034537,0.0020565,0.0020641,0.0014589,0.0014965,0.0030577,0.0087509,0.01577,0.010612,0.0050642,0.0034549,0.0033137,0.0027563,0.002807,0.0026245,0.027821,0.0023189,0.0015244,0.0021352,0.0029609,0.001747,0.0047251,0.0029212,0.0071371,0.020848,0.016323,0.0064414,0.0042217,0.0034702,0.0027819,0.0026071,0.0024414,0.069717,0.010923,0.01123,0.012227,0.018695,0.022073,0.032032,0.047351,0.22377,0.23205,0.072215,0.042111,0.032151,0.026938,0.024051,0.024598,0.020373,0.086038,0.0064167,0.0052306,0.0057029,0.0018542,0.0019966,0.0027255,0.0040549,0.0066733,0.031626,0.0091467,0.0034972,0.0034923,0.0025387,0.0022128,0.0024274,0.0014077,0.0055905,0.0019957,0.0031755,0.0022846,0.0039599,0.0029216,0.0067486,0.0093929,0.035255,0.05087,0.0082326,0.003397,0.0024073,0.0015823,0.0013123,0.0012414,0.0013905
0.018433,0.0064783,0.0060292,0.0056977,0.0063159,0.0093326,0.011508,0.017657,0.072705,0.058279,0.020891,0.009409,0.006582,0.0053741,0.003684,0.0010996,0.0027542,0.057412,0.0050509,0.0024547,0.00084924,0.002934,0.0030435,0.002993,0.004694,0.015063,0.025828,0.0060653,0.0019635,0.00096917,0.00084301,0.00062753,0.00060806,0.00043106,0.011049,0.0021827,0.0018872,0.0021859,0.0019161,0.0028431,0.0040394,0.0068647,0.018969,0.035314,0.007552,0.0027087,0.0016879,0.0012655,0.00082886,0.00049796,0.00079156,0.012007,0.042785,0.042137,0.046003,0.052192,0.062138,0.079844,0.13301,0.45763,0.25639,0.089816,0.048818,0.031513,0.022118,0.0156,0.013007,0.011252,0.065879,0.0054799,0.0035245,0.0020473,0.0022536,0.002417,0.0026783,0.0042587,0.016279,0.010452,0.0055411,0.002327,0.0017847,0.0012425,0.001152,0.0025506,0.00028802,0.012747,0.0042057,0.0044376,0.0043672,0.0057498,0.0069378,0.0097444,0.01276,0.050035,0.052956,0.014283,0.0082945,0.0061499,0.0050873,0.0043435,0.0038838,0.0040684,0.054524,0.0012768,0.0024527,0.0018222,0.00062519,0.0025326,0.0044876,0.0075406,0.075526,0.10546,0.068062,0.0053364,0.0014963,0.00038107,0.0012098,0.0018459,0.00022506,0.071109,0.0054097,0.0024786,0.0027136,0.0012634,0.00013393,0.00059814,0.0023603,0.007317,0.033134,0.0062334,0.0030104,0.0018451,0.00063387,0.0014067,0.0011172,0.0007496,0.019776,0.0013871,0.0013732,0.001895,0.0018971,0.0023693,0.0040476,0.0075005,0.017676,0.040424,0.026073,0.0085319,0.0055284,0.0046987,0.0041163,0.0041069,0.0036736,0.047421,0.0047077,0.0033359,0.0037051,0.0071094,0.011267,0.017537,0.038598,0.20997,0.077622,0.018386,0.021024,0.017286,0.015446,0.013458,0.014519,0.01202,0.060426,0.0048005,0.0031224,0.005313,0.0015455,0.0016626,0.0026069,0.0034732,0.012746,0.045319,0.0076311,0.0037577,0.002837,0.0022641,0.002309,0.0024236,0.002491,0.0025406,0.0043501,0.004475,0.0046334,0.0054285,0.0067047,0.0084862,0.011026,0.042574,0.075835,0.010018,0.0062675,0.0046735,0.0034645,0.0028274,0.0027303,0.0025559
0.013649,0.0052161,0.0038469,0.0031738,0.0043605,0.0049149,0.0069184,0.01012,0.077346,0.042635,0.013085,0.0082388,0.0058135,0.0060995,0.0037069,0.0056569,0.0060082,0.023533,0.0040143,0.0019375,0.0012321,0.0010788,0.00067849,0.00090903,0.0010572,0.01513,0.01435,0.0042647,0.0013569,0.001008,0.001184,0.0010082,0.00096772,0.0008812,0.0087816,0.0026555,0.0027309,0.0029011,0.003203,0.0039211,0.0049524,0.0080519,0.027241,0.023145,0.0042953,0.0043984,0.0027424,0.002038,0.0017576,0.0016266,0.0016327,0.032746,0.020416,0.022661,0.025097,0.032331,0.042408,0.061823,0.10978,0.37225,0.29754,0.123,0.078434,0.061365,0.052027,0.04735,0.04601,0.045148,0.031779,0.0037924,0.0017541,0.0010974,0.00040096,0.00026175,0.0012489,0.0025218,0.011174,0.010995,0.0019171,0.0028885,0.0020326,0.0017772,0.0017183,0.0016895,0.0020199,0.001894,0.0034262,0.0038337,0.0044421,0.0044259,0.0054521,0.0074097,0.010878,0.03479,0.0086016,0.0094765,0.0031287,0.0020333,0.0012351,0.00092829,0.00033869,0.00022317,0.036271,0.010407,0.011458,0.0098132,0.0065314,0.012998,0.021543,0.020667,0.023819,0.042886,0.090236,0.015782,0.012488,0.0097266,0.0040927,0.0033099,0.0051766,0.038975,0.002973,0.0025608,0.0031616,0.0011722,0.00045105,0.0031294,0.0060193,0.0047964,0.015138,0.019236,0.0049259,0.0018587,0.0017002,0.002203,0.0015704,0.00093843,0.012749,0.0010854,0.0017788,0.0010909,0.0026462,0.0029547,0.0010202,0.0079122,0.015806,0.017767,0.0095857,0.014255,0.0064334,0.0018278,0.0054333,0.0047679,0.0012245,0.0030289,0.022126,0.025334,0.026352,0.028953,0.034702,0.043973,0.065838,0.19826,0.27878,0.061317,0.028262,0.018821,0.012262,0.008,0.0084726,0.0060044,0.027668,0.0038961,0.002011,0.0024012,0.00076806,0.00080002,0.00058636,0.0010027,0.0059401,0.045669,0.0044438,0.0018992,0.0017376,0.0016848,0.00095581,0.0017448,0.00057221,0.0080701,0.0015446,0.001963,0.0020644,0.0021287,0.0029259,0.0041012,0.0067788,0.024297,0.039979,0.0087341,0.0022684,0.0019293,0.00165,0.0011421,0.0013527,0.0012951
0.0090467,0.00068023,0.0023857,0.0024915,0.004485,0.0067918,0.01062,0.016742,0.046324,0.026818,0.033797,0.018976,0.014071,0.013169,0.011422,0.01087,0.0096342,0.0087758,0.0021986,0.0021749,0.0021009,0.0020959,0.0028953,0.0031733,0.0064348,0.014517,0.021425,0.01025,0.0047541,0.0033865,0.0029002,0.0024972,0.0025532,0.002142,0.0021115,0.00089937,0.00054667,0.00083529,0.0012587,0.0026733,0.0033783,0.0098001,0.014859,0.019111,0.013631,0.0079592,0.0051023,0.0044935,0.0042255,0.0037367,0.0039387,0.065269,0.056218,0.044286,0.027731,0.035409,0.072221,0.12384,0.20392,0.53022,0.34007,0.013207,0.049821,0.06646,0.065054,0.053913,0.039015,0.028204,0.018996,0.0020189,0.00078925,0.0011238,0.00090393,0.0019636,0.0035169,0.0052424,0.015493,0.012075,0.00053105,0.001767,0.0019981,0.0018024,0.0019734,0.0012135,0.00049784,0.0012665,0.0038331,0.0029593,0.0031157,0.0050939,0.008132,0.012926,0.022686,0.052962,0.053599,0.0034236,0.0055656,0.0062355,0.0068377,0.0068144,0.0066193,0.0062066,0.030261,0.0041448,0.0042993,0.0057777,0.0062142,0.0078284,0.010027,0.01272,0.074674,0.058863,0.083921,0.015315,0.010869,0.0077754,0.0097195,0.0062659,0.0071241,0.02665,0.0023853,0.0020578,0.0025353,0.002194,0.0032221,0.0040728,0.0061033,0.010836,0.020283,0.0056253,0.0039769,0.0017206,0.0014283,0.0010566,0.0013964,0.00094225,0.0049306,0.0030807,0.0030631,0.003289,0.003883,0.0045255,0.0063061,0.011484,0.019768,0.037601,0.018741,0.0061096,0.0045978,0.0037916,0.0030615,0.0029651,0.0027524,0.032992,0.011142,0.012378,0.013226,0.014691,0.017757,0.023867,0.038463,0.10918,0.12156,0.014282,0.015554,0.010984,0.0082076,0.0063682,0.0071064,0.0067579,0.01409,0.0024936,0.0027437,0.0025672,0.0029501,0.0034851,0.0045952,0.0072496,0.016243,0.040815,0.015483,0.0049259,0.0036808,0.0029717,0.0023191,0.001607,0.0020809,0.0011025,0.0033355,0.003576,0.0038143,0.0044948,0.0057238,0.0081193,0.014543,0.035018,0.0738,0.021066,0.0089477,0.0071664,0.0058203,0.0054744,0.0048421,0.0047494
0.003933,0.0054958,0.0050076,0.0064236,0.0079195,0.0082438,0.01247,0.021444,0.073228,0.030398,0.029671,0.014259,0.0098026,0.0073939,0.0075457,0.005178,0.0068208,0.001751,0.0028147,0.0018114,0.0026434,0.002808,0.0029466,0.0037286,0.0062912,0.019884,0.0031494,0.011212,0.0048977,0.0033042,0.0025174,0.0022428,0.0020534,0.002121,0.0053635,0.0035632,0.0038735,0.003972,0.0048474,0.0054203,0.0074348,0.011201,0.031879,0.0024803,0.020153,0.0069851,0.0047881,0.003724,0.003235,0.0029931,0.0026284,0.036439,0.037521,0.037949,0.042077,0.046593,0.055173,0.07151,0.11786,0.37494,0.19488,0.064851,0.038277,0.024115,0.015934,0.011447,0.0078747,0.0034867,0.010622,0.0018471,0.0021899,0.0022236,0.0016512,0.0020318,0.0023414,0.0042844,0.013714,0.00986,0.00067504,0.001484,0.00079142,0.00054425,0.00080552,0.00070539,0.00026131,0.0023861,0.0022056,0.0022155,0.0025323,0.0033307,0.0048815,0.0068639,0.010721,0.040309,0.057371,0.016458,0.0095983,0.007433,0.0065942,0.0059201,0.0056484,0.0055905,0.036751,0.0036742,0.0028181,0.0041234,0.0048259,0.0064918,0.010381,0.019354,0.059504,0.063392,0.08474,0.017807,0.013479,0.0093994,0.010044,0.0093318,0.008442,0.011088,0.0025204,0.002896,0.002927,0.0029976,0.0038818,0.0047105,0.0074445,0.015016,0.013918,0.012384,0.0043422,0.0029355,0.0020952,0.0011774,0.0016793,0.0016804,0.0054322,0.0024327,0.0021342,0.0024741,0.002765,0.0036624,0.0051386,0.0093057,0.019454,0.026386,0.019598,0.0063172,0.004189,0.0034619,0.0029847,0.0026498,0.0027542,0.021511,0.012626,0.014538,0.0093875,0.017727,0.024505,0.014182,0.037125,0.18091,0.1435,0.04592,0.039937,0.020409,0.0068422,0.022402,0.015665,0.0011673,0.0027523,0.0029257,0.0017449,0.0048786,0.0062002,0.0032093,0.0047449,0.013154,0.021888,0.01956,0.016053,0.009068,0.003551,0.0014799,0.0028586,0.0027224,0.0011387,0.012936,0.0070155,0.0015454,0.0094975,0.012932,0.0070886,0.0070554,0.028512,0.069351,0.034652,0.025717,0.018471,0.0090241,0.0044221,0.0077593,0.006508,0.0040436
0.0026417,0.0059919,0.0059825,0.0064456,0.0072249,0.0089063,0.012235,0.021614,0.047407,0.023175,0.01088,0.0089883,0.0064542,0.0036715,0.0027776,0.0027178,0.0017987,0.0054799,0.0011981,0.0008753,0.0013721,0.0022553,0.0012811,0.0032434,0.0039661,0.01234,0.010903,0.001873,0.0022544,0.0017819,0.0014725,0.0010263,0.0008678,0.0008259,0.00024605,0.0025944,0.0028285,0.0030885,0.0034695,0.0037526,0.0046614,0.0084478,0.024437,0.022228,0.0047338,0.0042534,0.0026407,0.0017095,0.0013561,0.00066935,0.00047113,0.02187,0.022821,0.024709,0.028406,0.033651,0.043523,0.062759,0.10859,0.38318,0.33295,0.11148,0.073764,0.057101,0.049067,0.044064,0.041898,0.040177,0.0022927,0.0009352,0.00090968,0.00053554,0.0009042,0.0012669,0.0022347,0.0037053,0.011188,0.0099715,0.0061279,0.0025391,0.0017448,0.0018759,0.0018907,0.00141,0.0021706,0.0011788,0.0012151,0.0015371,0.0015896,0.0019355,0.0020881,0.003612,0.0066803,0.026384,0.0049366,0.00086017,0.0018317,0.0016728,0.0013593,0.00096567,0.0010295,0.0010033,0.034968,0.00036004,0.00063882,0.0011265,0.0013184,0.0013224,0.00048421,0.0028195,0.026937,0.057851,0.077546,0.0078125,0.0027802,0.0032502,0.002114,0.002024,0.0027333,0.0069753,0.00077131,0.00086905,0.00028047,0.00075109,0.00026964,0.00046272,0.00052304,0.0018972,0.017782,0.0058691,0.001598,0.00011722,0.00078111,0.00054203,0.00038366,0.00025369,0.0037842,0.0019515,0.0020661,0.0019362,0.0020106,0.0021174,0.0021014,0.0057924,0.0080256,0.027506,0.019411,0.0020596,0.0019398,0.0013712,0.0012384,0.001343,0.0012284,0.01433,0.02377,0.026156,0.028142,0.031954,0.037948,0.049903,0.077628,0.2156,0.25123,0.068851,0.043507,0.030665,0.024203,0.02135,0.01872,0.018454,0.00027083,0.001122,0.00078731,0.0011811,0.00166,0.0021261,0.0032267,0.004551,0.012535,0.032236,0.0078976,0.0051108,0.0038209,0.0034079,0.0032405,0.0034001,0.0027962,0.0022488,0.0010897,0.0011022,0.0012332,0.00123,0.0010548,0.0017914,0.0040271,0.012755,0.036205,0.0025856,0.0036675,0.0027537,0.0022489,0.0021182,0.0019972,0.0018826
0.0020428,0.0011315,0.0025345,0.0033309,0.0024908,0.0021108,0.0034264,0.0078843,0.046799,0.029792,0.03141,0.0069246,0.0044399,0.002933,0.0037244,0.0027117,0.0041409,0.0021153,0.002881,0.00090296,0.0018415,0.00055822,0.0015595,0.0013068,0.0018938,0.0087004,0.014647,0.013305,0.0010628,0.00074532,0.0004244,0.00065201,0.00031059,0.0003338,0.00078012,0.00096303,0.0007288,0.0017855,0.0014555,0.0022939,0.00085574,0.004409,0.013309,0.0065244,0.026147,0.0040801,0.0017358,0.0015147,0.0014003,0.0013806,0.0013218,0.022412,0.021686,0.020994,0.024237,0.027138,0.032196,0.041317,0.062523,0.16254,0.55828,0.035338,0.029765,0.022476,0.015999,0.012132,0.012735,0.012367,0.0091192,0.0042101,0.0025558,0.0007505,0.0013319,0.00066857,0.0014317,0.0011521,0.0028735,0.018021,0.003328,0.0020519,0.00083167,0.00060106,0.0011838,0.00058734,0.0004673,0.0041962,0.0030318,0.0023928,0.0017948,0.0027505,0.0042325,0.0039063,0.0060347,0.010341,0.051052,0.0087455,0.0024479,0.0017845,0.0014586,0.0014094,0.0012685,0.00092699,0.034318,0.0024982,0.00067937,0.0034858,0.0028006,0.0027412,0.0034981,0.0088591,0.041734,0.054282,0.056521,0.026643,0.016024,0.011333,0.0081702,0.0056625,0.0079805,0.0085718,0.002483,0.0011582,0.0025136,0.0013485,0.0022416,0.0010676,0.0030116,0.0071355,0.015068,0.0028149,0.0031174,0.003632,0.0020413,0.0020542,0.0017178,0.0016518,0.0035744,0.0022489,0.0010307,0.0012875,0.00051443,0.0010615,0.0018802,0.001437,0.0077272,0.039146,0.021708,0.0040636,0.0011216,0.00015741,0.00060757,0.00026668,0.00027084,0.030419,0.017173,0.016407,0.019486,0.020366,0.024347,0.028477,0.044579,0.17918,0.11804,0.04379,0.024572,0.014399,0.0087114,0.0058589,0.0048338,0.0054437,0.004099,0.003606,0.0016064,0.0020804,0.002765,0.0020111,0.00089149,0.00095903,0.0032524,0.049505,0.0055033,0.0043421,0.0011451,0.00090225,0.00093435,0.0011564,0.00014306,0.0030442,0.0025165,0.001571,0.0017778,0.0018257,0.003778,0.0033909,0.0038969,0.011405,0.064286,0.0097757,0.0080295,0.004257,0.0036166,0.002964,0.0029962,0.0029755
0.0058327,0.001591,0.0011037,0.00075743,0.0011385,0.0010281,0.0018526,0.0049144,0.0087316,0.020083,0.019314,0.0028901,0.0013379,0.00060237,0.0010751,0.0017638,0.0011864,0.0053044,0.00030402,0.00039911,0.0024377,0.0021472,0.0011671,0.0011659,0.0013313,0.0033651,0.0073835,0.0078489,0.0026892,0.0016385,0.00084883,0.00035165,0.00034948,0.00052453,0.00042535,0.0011556,0.00072401,0.0005138,0.00067341,0.0011287,0.0010658,0.0025744,0.0074931,0.0017384,0.017851,0.0037359,0.0019945,0.0017646,0.0015473,0.0014351,0.0013638,0.013823,0.019528,0.019501,0.021384,0.023976,0.027137,0.034108,0.046236,0.12763,0.2342,0.10762,0.035788,0.021646,0.016146,0.012263,0.0093952,0.010008,0.0067445,0.0021525,0.0023909,0.0062125,9.6512e-05,0.0011906,0.002304,0.0015731,0.006151,0.020589,0.0049305,0.0047963,0.0025358,0.0013494,0.00082607,0.0005378,9.5364e-05,0.00042536,0.0024355,0.0018411,0.0032476,0.0033135,0.0039511,0.0045133,0.010503,0.014798,0.026843,0.021938,0.0057913,0.0047804,0.0038508,0.0034187,0.0031494,0.003275,0.026465,0.0027986,0.0034647,0.0031258,0.0032734,0.0061943,0.0075504,0.0047515,0.024602,0.020651,0.021439,0.056665,0.023286,0.017004,0.014445,0.0115,0.012552,0.014546,0.0020831,0.0013488,0.00071388,0.00090497,0.001427,0.0018327,0.0030032,0.0067099,0.0062411,0.0068814,0.0066616,0.0030133,0.0024365,0.0023186,0.0019339,0.0021095,0.0044575,0.0018615,0.0010391,0.00066402,0.0014596,0.0022234,0.0023542,0.006788,0.0099381,0.017532,0.015458,0.0067441,0.00068161,0.0010098,0.00078999,0.00090795,0.00060463,0.012985,0.0051161,0.0047387,0.0057133,0.0073806,0.009239,0.011671,0.011004,0.043237,0.10428,0.081446,0.033257,0.023269,0.017228,0.017,0.013743,0.016018,0.00083353,0.00052107,0.00058384,0.0060665,0.0016395,0.0015294,0.0018064,0.005593,0.007858,0.034304,0.023459,0.014287,0.0088371,0.0070763,0.0050494,0.0051391,0.0041066,0.0087358,0.0036673,0.0034206,0.00482,0.0051218,0.0060905,0.0070475,0.014477,0.018223,0.043529,0.030548,0.018783,0.010294,0.0076977,0.0066595,0.0062877,0.006096
0.011377,0.0024838,0.0024839,0.0029938,0.0030043,0.0036045,0.0055789,0.0083793,0.012038,0.007197,0.035139,0.0028849,0.0020266,0.0026907,0.001488,0.0014732,0.00021173,0.0023881,0.00098714,0.00057964,0.00051385,0.0010856,0.001042,0.0016808,0.0011488,0.0047674,0.0041082,0.012951,0.0019177,0.0010148,0.0011399,0.00077575,0.00062827,0.00073624,0.0033837,0.001027,0.0012731,0.0015693,0.0012914,0.0015425,0.0024987,0.0013345,0.0080552,0.016197,0.026594,0.0024444,0.0014199,0.0010313,0.00076366,0.00072802,0.0004921,0.013958,0.019179,0.020753,0.023788,0.023846,0.027412,0.034866,0.055847,0.10977,0.21409,0.0512,0.025189,0.015053,0.009537,0.0061525,0.0034049,0.0036317,0.00024224,0.002192,0.0016487,0.0021155,0.0017014,0.0017499,0.0021985,0.0035093,0.0059005,0.01833,0.0030119,0.002572,0.001343,0.0006019,0.0012127,0.00042898,0.00014687,0.00091172,0.00073681,0.0006577,0.0005049,0.00078694,0.00088866,0.0015373,0.0028006,0.0078398,0.050123,0.0033997,0.0023262,0.0015214,0.0014568,0.0010021,0.0012314,0.0012703,0.041426,0.002593,0.00060851,0.00073084,0.00066956,0.00023672,0.0010655,0.0046389,0.014068,0.054682,0.070092,0.0099936,0.0033225,0.0030082,0.0017356,0.002166,0.0016842,0.0065042,0.0010176,0.00055806,0.0006749,0.00046709,0.00015775,0.00047377,0.00057189,0.0012196,0.012127,0.011287,0.0021732,0.00038229,0.0010011,0.00070668,0.00027249,0.00035097,0.00065043,0.0010714,0.0005955,0.00070002,0.00061756,0.00070451,0.0014505,0.0014744,0.0040824,0.021935,0.024859,0.00058653,0.00054193,0.00062982,0.00074412,0.00043904,0.00045966,0.00025369,0.0020819,0.0034452,0.0028334,0.0048398,0.0056557,0.0077408,0.0070892,0.027145,0.20666,0.02126,0.006878,0.0058828,0.0048361,0.0031364,0.0040321,0.0039235,0.003254,0.0011553,0.0015531,0.0033154,0.00096728,0.0013646,0.0015515,0.0018579,0.0054116,0.047304,0.0051544,0.0023055,0.0011126,0.00094429,0.0013231,0.00092239,0.00043106,0.0016022,0.00075077,0.00055108,0.00058061,0.00077974,0.00065929,0.00069991,0.002674,0.0025565,0.070024,0.0030876,0.0023578,0.0015155,0.001131,0.00092472,0.00066524,0.0005417
0.0043011,0.0031323,0.0032889,0.0029753,0.0037684,0.0047417,0.0071933,0.010039,0.013361,0.019012,0.034745,0.011641,0.0075849,0.0057434,0.0056182,0.0051644,0.0047398,0.00012398,0.00065733,0.00051841,0.0010152,0.00041744,0.00092658,0.00099798,0.0021696,0.0029025,0.011156,0.014144,0.0045079,0.003291,0.0023247,0.0022452,0.001987,0.0017376,0.00064089,0.00094722,0.0010597,0.00115,0.0017096,0.0022639,0.0032268,0.0050477,0.015033,0.0037737,0.028471,0.010328,0.0066866,0.005532,0.0047063,0.0047543,0.0045701,0.028128,0.021264,0.021675,0.023257,0.028692,0.035545,0.046885,0.077455,0.21756,0.3144,0.093581,0.056127,0.04264,0.035537,0.031998,0.02861,0.028639,0.0010452,0.001212,0.00046186,0.0011397,0.00050557,0.00087652,0.0015383,0.0036049,0.0096079,0.017631,0.0036237,0.0031975,0.0024119,0.0022044,0.0016441,0.002208,0.001545,0.0007744,0.0013236,0.0011108,0.00128,0.0012547,0.0017361,0.0024471,0.0018509,0.01232,0.007132,0.0017275,0.0014878,0.0012841,0.0010794,0.0010255,0.00091059,0.00081634,0.050649,0.0067098,0.0083917,0.007884,0.0078619,0.0086542,0.010084,0.012959,0.027291,0.029499,0.068239,0.016094,0.0076514,0.0055308,0.0030989,0.0028336,0.0013848,0.0094281,0.0011379,0.00097044,0.0017756,0.00074597,0.0006847,0.00092857,0.0014499,0.0036404,0.010932,0.0067585,0.0019811,0.0015067,0.0010629,0.00081904,0.0009027,0.000906,0.00024797,0.0012056,0.00082371,0.00084535,0.00089209,0.00086249,0.00089616,0.0012161,0.0035859,0.037117,0.019184,0.0040308,0.0021423,0.0012524,0.00093815,0.00097006,0.0006714,0.017119,0.010725,0.0079625,0.0016821,0.0093518,0.023384,0.04187,0.074874,0.13817,0.19457,0.038113,0.051451,0.054284,0.048887,0.036114,0.018941,0.0053998,8.9638e-05,0.0036732,0.0026631,0.0013158,0.002824,0.0061549,0.0096545,0.013538,0.018746,0.034197,0.0053129,0.0095684,0.0094539,0.0076098,0.004777,0.0032098,0.00070381,9.7264e-05,0.0022872,0.0019008,0.0016387,0.0027562,0.0049324,0.0077332,0.0097903,0.014378,0.032697,0.00647,0.009982,0.009973,0.0085655,0.0061683,0.0032101,0.00071527
0.0037327,0.004388,0.0022748,0.0028271,0.0027357,0.0048419,0.0059551,0.011926,0.02525,0.023141,0.031369,0.014906,0.011167,0.0097371,0.0076865,0.0064817,0.007269,0.0012646,0.00064449,0.0005756,0.00098419,0.0014175,0.0016204,0.0019714,0.003184,0.0073632,0.022258,0.011033,0.0045918,0.0029055,0.0024912,0.0020591,0.00178,0.0017567,0.0014763,0.0010573,0.00070539,0.0011439,0.0015339,0.0023351,0.0032531,0.0044752,0.0098936,0.016216,0.021119,0.00875,0.0059224,0.004847,0.0041179,0.003898,0.0037385,0.073194,0.027213,0.058208,0.071772,0.015301,0.10885,0.074949,0.13589,0.52185,0.1453,0.20409,0.09714,0.02496,0.06787,0.035284,0.024786,0.048741,0.014656,0.0031407,0.0012382,0.003108,0.00028339,0.0031835,0.0025093,0.0040586,0.016377,0.0040693,0.0056616,0.0034872,0.0013461,0.0022697,0.0013744,0.0011331,0.0013619,0.006035,0.0020946,0.004609,0.0053045,0.0019161,0.0081049,0.0056311,0.0092801,0.038816,0.014739,0.018678,0.0047886,0.0039945,0.0046174,0.0018056,0.0028207,0.0024567,0.02859,0.003744,0.0063995,0.0087793,0.010773,0.011736,0.0093201,0.0081201,0.030116,0.025641,0.075076,0.026965,0.011879,0.0016932,0.0046951,0.0073605,0.0094625,0.016461,0.0023574,0.0020999,0.00099801,0.00080811,0.0014683,0.0023111,0.0037207,0.0077607,0.017144,0.0025617,0.0017297,0.0019419,0.0013589,0.00084992,0.00060894,9.1545e-05,0.0071946,0.0020811,0.0015666,0.00019361,0.001101,0.0026463,0.0048774,0.0068261,0.015247,0.048818,0.015081,0.0073327,0.0056684,0.0042248,0.0029496,0.0018581,0.00017929,0.0099908,0.010457,0.0084846,0.0096988,0.011316,0.013488,0.018168,0.025307,0.077461,0.20509,0.027165,0.019623,0.014628,0.012064,0.010587,0.010408,0.0087778,0.0055352,0.002938,0.0024439,0.0022925,0.003702,0.0040275,0.0049882,0.0070016,0.014717,0.041023,0.011693,0.0047461,0.0025204,0.0017538,0.00067969,0.0018566,0.0011444,0.00058174,0.0023408,0.0023418,0.0022623,0.002564,0.0030192,0.0040898,0.0044565,0.012777,0.046868,0.0084888,0.0034894,0.0017698,0.0011158,0.0006589,0.00049459,7.8209e-05
0.022963,0.002458,0.0022015,0.0026362,0.0031762,0.003918,0.0039989,0.0092186,0.031718,0.017165,0.027183,0.012895,0.0099469,0.0088509,0.0059242,0.0068782,0.0064412,0.0072919,0.0013453,0.0010196,0.0010038,0.001589,0.0020467,0.002839,0.003739,0.010244,0.010494,0.011752,0.0053635,0.0039138,0.0034254,0.0027987,0.0027774,0.0024433,0.0090143,0.0012803,0.00066816,0.00094101,0.0010467,0.0019672,0.0027119,0.0061943,0.0088179,0.014412,0.017946,0.0081823,0.0059811,0.0047015,0.0041485,0.0040651,0.0040856,0.02121,0.041077,0.039762,0.044522,0.049286,0.058433,0.07606,0.11648,0.29244,0.46784,0.10296,0.061397,0.041881,0.032811,0.027409,0.025355,0.024151,0.01945,0.0021236,0.0014651,0.00114,0.0016836,0.0020414,0.0026837,0.0037591,0.010876,0.013963,0.0048757,0.0025452,0.0021119,0.001351,0.001268,0.0024057,0.0011234,0.0035096,0.00083123,0.0011622,0.0016583,0.002149,0.003568,0.0054922,0.0090801,0.028114,0.074177,0.0099295,0.008561,0.0067117,0.0056838,0.0050429,0.0053599,0.0048867,0.0066377,0.0055329,0.0071018,0.0077752,0.0085582,0.0098872,0.012764,0.016302,0.044698,0.11004,0.04405,0.016053,0.0094794,0.0054419,0.0036899,0.0045259,0.0027314,0.022984,0.00074266,0.0011937,0.001075,0.0019955,0.0013908,0.0022555,0.0042398,0.0068821,0.016066,0.0059184,0.0023128,0.0018015,0.0014474,0.0007328,0.00071368,0.00059511,0.0025349,0.0014976,0.0018534,0.00204,0.0024972,0.0031618,0.0043901,0.0073301,0.013995,0.027973,0.01974,0.0095618,0.0070031,0.0058167,0.0050986,0.0047969,0.0047093,0.033259,0.0020626,0.000263,0.00024243,0.00085778,0.0020093,0.0041863,0.011242,0.055192,0.079809,0.0033667,0.0041155,0.0038554,0.003527,0.0014323,0.0041452,0.0058118,0.0079442,0.002106,0.0015728,0.0010675,0.0013373,0.0016868,0.0020478,0.003828,0.0095924,0.045454,0.0085337,0.0046317,0.0034059,0.0026382,0.0023425,0.0032233,0.0027333,0.0013771,0.00060538,0.00058389,0.00097991,0.0019536,0.0029523,0.0047549,0.008018,0.024107,0.083731,0.013392,0.0089392,0.0068767,0.0059153,0.0054976,0.005336,0.0051423
0.014061,0.0024203,0.0018899,0.0024659,0.0029471,0.0040521,0.006264,0.011452,0.046362,0.016405,0.027003,0.012695,0.0077807,0.0064406,0.0069938,0.0057004,0.0072404,0.0088121,0.0010111,0.0006474,0.00080938,0.0012567,0.0015362,0.0021922,0.0041444,0.014141,0.0020664,0.013577,0.005763,0.0040412,0.0033458,0.0030357,0.002805,0.0028725,0.0082685,0.0012653,0.00092313,0.0012945,0.001748,0.0022989,0.0034595,0.0056911,0.022796,0.0051752,0.022195,0.0094511,0.0068693,0.0056799,0.0050528,0.0045641,0.0046597,0.033719,0.017686,0.019963,0.021545,0.025853,0.031679,0.044105,0.07365,0.21719,0.2296,0.076713,0.050672,0.038337,0.032858,0.028831,0.028118,0.02763,0.016228,0.0013388,0.00063084,0.0011846,0.0011541,0.0014139,0.0017489,0.0040504,0.011033,0.014118,0.0057446,0.0035055,0.0027043,0.0022668,0.0017596,0.0023913,0.0021668,0.004593,0.0034486,0.0034528,0.0037305,0.0042915,0.0054423,0.0069325,0.01067,0.026733,0.055464,0.01175,0.006473,0.0046883,0.0038,0.0031619,0.0028385,0.0028611,0.016968,0.0014677,0.00073636,0.00075812,0.0007217,0.00094955,0.0018837,0.0020563,0.019751,0.11396,0.040633,0.013532,0.0087178,0.0056981,0.0065088,0.0054577,0.0050355,0.01603,0.00051236,0.00042476,0.00064272,0.00092581,0.0011789,0.001611,0.0024201,0.009177,0.012336,0.0057284,0.0030012,0.0020027,0.001826,0.0018957,0.0017903,0.0016327,0.0035783,0.00098388,0.00086771,0.0011369,0.0014962,0.0021383,0.0032027,0.0060619,0.018091,0.021132,0.021881,0.0091724,0.0067264,0.00536,0.0048071,0.0044352,0.0044785,0.025046,0.0017593,0.0032145,0.0039264,0.0059304,0.008803,0.013756,0.024056,0.063915,0.22841,0.036677,0.025152,0.019051,0.01642,0.014172,0.015386,0.0147,0.009432,0.00018593,5.0622e-05,0.0011177,0.00043432,0.00075885,0.0012696,0.0019956,0.0046321,0.045104,0.0026648,0.0023117,0.0016999,0.0017298,0.001849,0.0011005,0.00087932,0.0044728,0.0042758,0.0043318,0.0046832,0.0052068,0.0057402,0.0077351,0.0111,0.027218,0.075718,0.010153,0.0049256,0.003046,0.0020502,0.0011125,0.00087087,0.00068474
0.015848,0.0027264,0.0018685,0.0026367,0.0036373,0.00446,0.0059085,0.010323,0.01791,0.015309,0.024186,0.011465,0.0076329,0.0081755,0.0039489,0.0035334,0.0045758,0.0081445,0.0011431,0.00038399,0.00076283,0.0010671,0.0014511,0.0020891,0.0026644,0.0050942,0.0095152,0.012708,0.0053259,0.0033758,0.0028684,0.0025188,0.0022454,0.0022698,0.0056668,6.531e-05,0.00043923,0.000705,0.0012128,0.0016278,0.0025299,0.0038878,0.0090821,0.024268,0.018821,0.0079091,0.0053371,0.004293,0.0040395,0.0035502,0.0035458,0.0082609,0.0052977,0.0065457,0.010011,0.014253,0.020255,0.030326,0.054497,0.15701,0.28557,0.081932,0.054108,0.042319,0.036665,0.03327,0.029972,0.029768,0.013296,0.0010906,0.00075926,0.00078345,0.0010479,0.0013176,0.0020345,0.0035412,0.0095346,0.018118,0.0050846,0.00351,0.0025239,0.001832,0.0019805,0.0020319,0.0018444,0.0015869,0.002471,0.0022533,0.0024503,0.0026837,0.003294,0.0038054,0.005736,0.01507,0.014035,0.0084969,0.0034789,0.0019478,0.0014324,0.00073013,0.0006159,0.00039675,0.022986,0.0024848,0.0030281,0.0026798,0.0032019,0.0053654,0.0066786,0.0082726,0.012254,0.033777,0.057193,0.021529,0.01513,0.011241,0.010263,0.0098737,0.0086309,0.015015,0.00086934,0.00024998,0.00024259,0.00064746,0.00011752,0.00041569,0.00064796,0.00029507,0.013312,0.0011901,0.00025485,0.00055999,0.00042358,0.00016447,0.00012055,0.00028611,0.0028153,0.0015974,0.0011495,0.0013065,0.0016528,0.0018083,0.002031,0.0022428,0.0040364,0.043966,0.012728,0.0043295,0.0023927,0.0017326,0.0013881,0.0012872,0.0012589,0.038163,0.012931,0.013063,0.014662,0.016469,0.018917,0.024191,0.037534,0.070617,0.26931,0.030568,0.016608,0.010177,0.0065452,0.0029205,0.0038511,0.0039177,0.008053,0.00094409,0.0015741,0.001477,0.0019342,0.0019551,0.0021861,0.0024423,0.0070491,0.042705,0.0085974,0.0030215,0.0019674,0.001758,0.0026288,0.00097806,0.00096133,0.0013008,0.00048477,0.00038894,0.0006041,0.00093356,0.00063641,0.0012897,0.0024107,0.0068362,0.046169,0.0063156,0.0036803,0.002593,0.0021748,0.0017326,0.0018872,0.001751
0.008135,0.00059663,0.00033701,0.0011387,0.00077593,0.0019193,0.0024056,0.0043587,0.019295,0.036229,0.015764,0.0070419,0.0044607,0.0022553,0.0030777,0.0031985,0.0019741,0.0085279,0.00081417,0.0005991,0.0010443,0.0018102,0.0010367,0.0018778,0.0031254,0.0089139,0.0026025,0.012721,0.0054096,0.0036191,0.0030219,0.0025594,0.0025303,0.0024548,0.0066529,0.00053312,0.00090393,0.00066217,0.00075007,0.0012938,0.0015854,0.001859,0.0073584,0.028289,0.015751,0.0053422,0.0036113,0.0028574,0.0021822,0.002274,0.0021477,0.015311,0.02592,0.026779,0.0303,0.033928,0.040445,0.052575,0.080522,0.18958,0.48047,0.095634,0.056454,0.04,0.031938,0.027363,0.024848,0.024153,0.0066491,0.0011855,0.001243,0.00079857,0.0016904,0.002037,0.0026346,0.0035923,0.0083689,0.016586,0.0043579,0.0021338,0.0015877,0.00090226,0.00093744,0.0011629,0.00043871,0.0037633,0.002193,0.0024531,0.0024988,0.0030549,0.0034107,0.0045324,0.0068441,0.015844,0.027769,0.0098426,0.0039628,0.0025291,0.0017979,0.0012961,0.0011355,0.0011921,0.023238,0.0012464,0.00078786,0.0020678,0.0033892,0.0035257,0.0041875,0.0061011,0.0078143,0.11181,0.038424,0.014404,0.0094947,0.0074062,0.0056757,0.0052746,0.0055066,0.010267,0.00075574,0.00087743,0.0012658,0.0021343,0.0011168,0.0014655,0.0026005,0.0049514,0.011164,0.0049389,0.0020606,0.0011047,0.0014544,0.00059225,0.00074809,0.00050927,0.0064126,0.0041052,0.0039529,0.0040568,0.0042794,0.005144,0.0063024,0.0085284,0.018133,0.014691,0.018318,0.0076685,0.004174,0.0030304,0.0019668,0.0017741,0.0015602,0.021435,0.0025549,0.0019864,0.0032013,0.0048029,0.0065261,0.00945,0.0153,0.041506,0.20585,0.038947,0.02087,0.015486,0.012723,0.011017,0.01177,0.010227,0.0091554,0.0018654,0.0016517,0.0024183,0.0021664,0.0022373,0.0029547,0.0047137,0.010418,0.048652,0.0067739,0.0034009,0.0021402,0.0015337,0.0018169,0.0018824,0.0016098,0.0021019,0.00088072,0.00079027,0.00080324,0.0010581,0.0012305,0.0014394,0.0024503,0.0065011,0.04772,0.00019826,0.00072583,0.00052903,0.0003871,0.0002039,0.0001119,0.00012971
0.0079557,0.00068312,0.00096628,0.00089837,0.00078589,0.0011746,0.0011215,0.0012614,0.0087588,0.046837,0.014774,0.003814,0.001509,0.0025833,0.00078025,0.0013113,0.00015831,0.007599,0.00051277,0.00043159,0.00045374,0.00069621,0.00065349,0.0011594,0.0019573,0.0025449,0.020142,0.010341,0.003996,0.0026983,0.0022683,0.0019812,0.0018879,0.0018425,0.0022011,0.0017713,0.0018308,0.0021021,0.001932,0.0026482,0.0034032,0.0046003,0.0065065,0.015746,0.018867,0.006442,0.0038378,0.0029446,0.0023661,0.0020154,0.0020409,0.029692,0.021389,0.02165,0.023821,0.027851,0.033543,0.043492,0.068057,0.13602,0.52089,0.10048,0.052865,0.037943,0.030216,0.026601,0.025162,0.02442,0.0089399,0.0009929,0.0008217,0.0018119,0.00022116,0.00095621,0.0020061,0.0028663,0.0052725,0.018723,0.0033171,0.0023486,0.0013903,0.0015472,0.0021032,0.00046347,0.00070763,0.0007267,0.00049838,0.00072981,0.0013378,0.0014698,0.0020614,0.003126,0.0038125,0.011811,0.048999,0.014688,0.0074985,0.0054487,0.0046511,0.0043821,0.0035652,0.0035649,0.033993,0.0074706,0.0077454,0.0081633,0.0088981,0.010268,0.011787,0.017276,0.021551,0.095268,0.03985,0.01412,0.0082344,0.0061647,0.005316,0.0047346,0.004696,0.012503,0.00094269,0.0011199,0.00095262,0.0011642,0.0011516,0.0019914,0.0032611,0.0051003,0.016394,0.0027867,0.0018095,0.0010961,0.00066129,0.00060709,0.00041787,0.00034141,0.0019036,0.0020565,0.0020516,0.0022832,0.0022162,0.0026501,0.0034775,0.0060342,0.0092539,0.049341,0.01473,0.0054215,0.0033729,0.002559,0.0019834,0.0021587,0.0019341,0.006075,0.0035177,0.013087,0.0036789,0.016436,0.0039297,0.025409,0.0033861,0.069645,0.08792,0.068717,0.0063926,0.0239,0.0025906,0.014906,0.0046246,0.016066,0.0011883,0.0011499,0.0046628,0.0025626,0.0058396,0.00035187,0.0083797,0.0012594,0.028233,0.029561,0.025317,0.0017953,0.0096956,0.0018204,0.0068221,0.001949,0.0058995,0.0033684,0.0029817,0.0065811,0.0032154,0.0081853,0.0035775,0.01355,0.0034579,0.042293,0.030726,0.033953,0.00064301,0.013243,0.00055644,0.0094131,0.00082964,0.0083276
0.002142,0.0038649,0.003218,0.0037301,0.0037907,0.0050241,0.0055862,0.0077596,0.0071018,0.016782,0.022534,0.0068145,0.0046431,0.0011722,0.0029592,0.0020451,0.00080684,0.0035687,0.0015708,0.00093256,0.0014986,0.0017214,0.0011184,0.0013703,0.0021962,0.0034007,0.019573,0.0091415,0.0026833,0.0015974,0.00091454,0.0010044,0.0010501,0.00098994,0.0058594,0.0018088,0.0021608,0.0023176,0.0021409,0.0028937,0.0032707,0.0043686,0.0094911,0.026016,0.019313,0.0066867,0.0040869,0.0030925,0.0022301,0.0021864,0.0019341,0.02458,0.019075,0.020283,0.020557,0.024488,0.02941,0.036742,0.056385,0.12439,0.46711,0.082461,0.043012,0.028776,0.022836,0.019011,0.019054,0.019007,0.0098955,0.00065286,0.0010219,0.0016046,0.0011437,0.0012601,0.0015277,0.0025423,0.0046298,0.020753,0.0015578,0.0010143,0.00069082,0.00082173,0.00071834,0.0005727,0.0001526,0.0014382,0.0020582,0.0021697,0.0023733,0.0021042,0.0027797,0.0034686,0.0041537,0.0097245,0.063211,0.0072316,0.00282,0.0014844,0.0010305,0.00013047,0.00036406,1.5255e-05,0.021773,0.0069788,0.0064913,0.0078227,0.0082109,0.0090116,0.01216,0.015115,0.034294,0.079873,0.039425,0.016455,0.010655,0.0081737,0.0043981,0.0063451,0.0047131,0.013594,0.00057216,0.00027724,0.00043381,0.0013762,0.00032808,0.00035489,0.00054543,0.00042216,0.020693,0.0043595,0.0014121,0.00071783,0.00065451,0.00060877,0.00057457,0.00037195,0.0039559,0.00067901,0.00047894,0.00061624,0.00075891,0.0012951,0.001923,0.0032155,0.0061443,0.044372,0.013396,0.0060729,0.0042506,0.0034345,0.0030962,0.0026656,0.0028153,0.016228,0.0025618,0.0028596,0.0037761,0.0028626,0.00406,0.0048498,0.008416,0.029402,0.13777,0.017528,0.0074136,0.0048048,0.0040851,0.0040176,0.004066,0.0027657,0.0027047,0.00088042,0.00084078,0.0008846,0.00098027,0.0012389,0.0014567,0.001701,0.0054188,0.044984,0.0047212,0.0015765,0.0012837,0.0010222,0.0011888,0.0014447,0.00073624,0.0015278,0.0003522,0.00047575,0.00051546,0.001029,0.0011652,0.0015969,0.0023224,0.0069064,0.075827,0.0076943,0.0038109,0.0028881,0.0025946,0.0020793,0.0021507,0.0019818
0.0075799,0.0035244,0.0041245,0.0046478,0.0047227,0.0054384,0.006882,0.0097285,0.02535,0.014658,0.030066,0.01027,0.0058728,0.0056709,0.0050193,0.002963,0.0030747,0.0034981,0.0018828,0.0013744,0.0012137,0.00093345,0.0015891,0.0020549,0.0029556,0.0067481,0.00058118,0.010808,0.0040524,0.0023606,0.0019194,0.0015534,0.0013799,0.0013428,0.0010567,0.002006,0.0021727,0.0024786,0.002876,0.0027377,0.0035934,0.0047069,0.0095321,0.010573,0.022918,0.0073077,0.0046559,0.0032091,0.0027714,0.0024125,0.0024033,0.0040265,0.0067279,0.0072408,0.0090694,0.010265,0.012929,0.016987,0.028432,0.061939,0.3471,0.042773,0.026654,0.02032,0.017566,0.015987,0.013531,0.013312,0.010452,0.00091576,0.00067213,0.00020239,0.0010349,0.00048266,0.00085938,0.0013495,0.0024585,0.023591,0.0031087,0.0013616,0.00077896,0.00070451,0.00031345,0.00050429,0.00045015,0.0025654,0.00085222,0.00061469,0.00040829,0.00074317,0.0010208,0.0014305,0.0019125,0.0041525,0.060353,0.0011501,0.0011568,0.0008825,0.0006693,0.00053114,0.00059452,0.00049401,0.03294,0.0039133,0.0064016,0.0086609,0.011161,0.012717,0.01163,0.010274,0.0080042,0.060217,0.064862,0.033515,0.024881,0.017339,0.011458,0.0082242,0.0053063,0.014343,0.00026532,0.00058115,0.0005011,0.001786,0.00078336,0.0015685,0.0022895,0.0051245,0.0055781,0.0070623,0.0022146,0.0011641,0.0006746,0.00017173,4.8525e-05,0.00020982,0.00453,0.0011597,0.00074158,0.00078924,0.0010478,0.001372,0.0025649,0.0040132,0.010206,0.030004,0.017579,0.0063839,0.0041095,0.0030475,0.0025444,0.0024483,0.0021992,0.020983,0.0033199,0.0043743,0.0041474,0.0050749,0.005568,0.0076516,0.011693,0.026762,0.17185,0.018567,0.0067193,0.0047622,0.0029029,0.0037401,0.0022978,0.0016422,0.0004902,0.00036874,0.00028017,0.00046752,0.00072832,0.00037689,0.00060468,0.0013345,0.0013279,0.045684,0.0033795,0.00070641,0.00088108,0.00061826,0.00058301,0.00043325,0.00034143,0.0036183,0.00072953,0.00080749,0.00072392,0.00097405,0.00078623,0.00058549,0.001168,0.0028409,0.076156,0.0063813,0.001648,0.00099509,0.00045331,0.00041158,0.00012837,0.00011253
0.0016423,0.0006191,0.0018013,0.0007904,0.00062386,0.0011544,0.0013642,0.0035388,0.001815,0.017166,0.021754,0.0051571,0.0023785,0.0032702,0.0026942,0.0026853,0.0021191,0.0090963,0.00053066,0.00025197,0.0011501,0.00022698,7.128e-05,0.00020396,0.00028329,0.00070292,0.0062871,0.0079953,0.0022584,0.0013524,0.0011088,0.0010966,0.0008996,0.0008221,0.0011616,0.000433,0.00041235,0.00059827,0.00047753,0.00056416,0.0007354,0.00068825,0.0010615,0.024226,0.017075,0.0041016,0.0026742,0.0022049,0.0015514,0.0016167,0.0015621,0.0020218,0.0042097,0.0056859,0.0060597,0.007927,0.010232,0.014623,0.02164,0.048156,0.22104,0.048877,0.02885,0.022321,0.017493,0.014601,0.015614,0.015377,0.0015774,0.00044262,0.00075227,0.0017851,0.0010583,0.0013964,0.0015623,0.0021717,0.0057704,0.020825,0.0070533,0.0027089,0.0018472,0.0012098,0.0009203,0.001152,0.00095559,0.0011959,0.00061807,0.00068316,0.0010661,0.00099233,0.0010862,0.0015167,0.0035578,0.0041347,0.042722,0.002693,0.0018907,0.0014463,0.0011273,0.00066965,0.0008576,0.00084116,0.026143,0.0058809,0.0061315,0.0064884,0.0072919,0.0076743,0.010389,0.013923,0.026253,0.10738,0.050699,0.019838,0.012642,0.0093335,0.0076103,0.0074583,0.0078546,0.0083181,0.00056268,0.00093371,0.00018116,0.00068774,0.0010797,0.001455,0.0017277,0.0027477,0.017613,0.0074008,0.0025201,0.0017179,0.0012903,0.00085109,0.0008269,0.00083734,0.006033,0.0012915,0.0010041,0.0012418,0.0011923,0.0013208,0.001739,0.0017809,0.003602,0.02252,0.0076162,0.0021378,0.0011691,0.00062029,0.00064701,0.00049711,0.00021935,0.014466,0.0026664,0.0035959,0.0027151,0.0029333,0.0027779,0.003341,0.0071918,0.010595,0.21151,0.010365,0.0033356,0.0024232,0.0020931,0.0014361,0.0011617,0.0015641,0.0059186,0.0012931,0.0016156,0.0011002,0.0021556,0.0020666,0.0026312,0.0039028,0.0059822,0.049927,0.0077096,0.0029829,0.0017569,0.0014255,0.0017701,0.00052698,0.00091745,0.0074254,0.0024941,0.0023816,0.0027083,0.0026912,0.0032021,0.0036859,0.0069067,0.0095773,0.061386,0.01132,0.00439,0.002492,0.0018403,0.0010308,0.00087763,0.00066185
0.0050908,0.0028682,0.0022951,0.00028452,0.0016941,0.0015714,0.0034755,0.0041969,0.0064013,0.01889,0.01482,0.0037502,0.0033054,0.0013866,0.0012674,0.0009512,0.0023442,0.008051,0.0015239,0.00062712,0.00062928,0.0011254,0.0012236,0.0021274,0.0021351,0.0043208,0.0040552,0.011149,0.0032482,0.0022597,0.0020717,0.0014709,0.0014369,0.0016613,0.0030251,0.00099195,0.0013698,0.0013879,0.0013994,0.0015923,0.0018228,0.0026523,0.0045531,0.018685,0.019121,0.0039636,0.0023617,0.0014675,0.001084,0.00091695,0.00094225,0.017029,0.0083364,0.0097215,0.011317,0.013486,0.017962,0.023582,0.038585,0.080468,0.36739,0.062637,0.036658,0.027026,0.023274,0.020142,0.019021,0.018803,0.0055886,0.00073118,0.00082042,0.00062892,0.0012767,0.0012408,0.0018965,0.0029482,0.0055421,0.021198,0.0065228,0.0025507,0.0016922,0.0017648,0.0014962,0.00060322,0.00078966,7.6298e-05,0.0018162,0.0020555,0.002343,0.0026291,0.0030245,0.0041645,0.0071091,0.012329,0.0091267,0.013408,0.0057789,0.0038619,0.0032845,0.002743,0.0023667,0.0024491,0.024367,0.00047698,0.0017325,0.0014013,0.0017579,0.0038499,0.0049907,0.0068288,0.012535,0.079884,0.033845,0.014414,0.0092188,0.0076322,0.0063441,0.0071118,0.006178,0.0093957,0.00034737,8.1983e-05,0.00032416,0.00015427,0.00031621,0.00043445,0.00063656,0.0010917,0.012045,0.0033589,0.00047882,0.00030279,0.00022427,0.00011797,0.00015422,0.00036623,0.0067197,0.001196,0.0012296,0.0013028,0.0016709,0.0017964,0.0027704,0.0030377,0.0073648,0.039661,0.0096105,0.0040892,0.0026411,0.0021717,0.0018802,0.0018931,0.0018254,0.018149,0.0012203,0.0021578,0.0024563,0.0023531,0.0027153,0.0028682,0.0077996,0.0063034,0.22517,0.015713,0.0066464,0.0043033,0.0027325,0.0043702,0.00252,0.0022908,0.0076391,0.00040903,0.00049415,0.00053807,0.0011351,0.0014691,0.0015262,0.0023238,0.0042414,0.045874,0.0058004,0.0025482,0.0022268,0.0019306,0.0022005,0.0014424,0.0012493,0.007269,0.0023841,0.0024354,0.0026697,0.0026724,0.0032998,0.0039639,0.0067232,0.010022,0.034753,0.0083344,0.0034985,0.001894,0.0012236,0.00094567,0.00045877,0.00031091
0.0051308,0.0049086,0.002821,0.002707,0.00242,0.0026009,0.0046853,0.0063354,0.018054,0.040938,0.022991,0.0042219,0.0055956,0.0030268,0.0031551,0.0022585,0.0038186,0.0014973,0.0025579,0.00076166,0.00051523,0.00038721,0.00055634,0.001135,0.0018404,0.0061029,0.016218,0.012757,0.002706,0.0021841,0.0014657,0.001651,0.0014617,0.0016194,0.001978,0.0019742,0.0010326,0.0008022,0.00083063,0.0010704,0.001458,0.0026464,0.0078049,0.0065476,0.023828,0.0029421,0.0021252,0.0015816,0.0016705,0.0014214,0.0014706,0.015171,0.01963,0.020755,0.023597,0.027043,0.032232,0.044249,0.074666,0.18269,0.43528,0.084228,0.053933,0.039986,0.033267,0.029619,0.028926,0.028019,0.0035249,0.0018295,0.0016347,0.0024427,0.0015026,0.0020082,0.0023512,0.0039564,0.0097104,0.016742,0.0075145,0.0020999,0.0018067,0.0013859,0.0014462,0.00018867,0.0010758,0.0059587,0.0024871,0.0027616,0.0034562,0.0036549,0.0039649,0.0051719,0.0064535,0.020888,0.055657,0.007629,0.0037124,0.0024997,0.0015865,0.00098214,0.0011603,0.00079348,0.046292,0.0087478,0.0074977,0.0072769,0.0073454,0.0090406,0.011307,0.017763,0.027571,0.077758,0.037976,0.015273,0.010747,0.0085034,0.0054627,0.0053886,0.0050431,0.0084211,0.00065225,0.00079933,0.00065721,0.00087645,0.00055094,0.0011841,0.0020202,0.002691,0.010975,0.008873,0.0020145,0.0014086,0.0011457,0.0012923,0.00091881,0.0008793,0.0046082,0.00097204,0.00097893,0.0013712,0.0013911,0.0014245,0.0021403,0.0030765,0.0054942,0.052725,0.010888,0.002725,0.001598,0.0012582,0.00098467,0.0012829,0.0010834,0.009226,0.0029474,0.00072839,0.0026885,0.0034124,0.005456,0.0096979,0.01886,0.038215,0.11166,0.031502,0.021825,0.017021,0.015202,0.013182,0.012682,0.012331,0.0020295,0.0031078,0.00090016,0.0017364,0.00066583,0.00030621,0.00054471,0.00035401,0.0018867,0.045074,0.0022861,0.00064701,0.00040896,0.00068407,0.0014751,0.00055765,0.00020599,0.006569,0.00034651,0.00052169,0.00069881,0.00070611,0.0015443,0.0020945,0.0033253,0.01388,0.071327,0.010852,0.0047895,0.0037448,0.0030885,0.0026009,0.0027503,0.0024987
0.020207,0.0048923,0.0061182,0.0046083,0.0062159,0.0070207,0.0099791,0.014843,0.036469,0.036301,0.030037,0.0099884,0.0024482,0.0028566,0.0023401,0.0015012,0.0011025,0.0073758,0.0018957,0.002186,0.0020913,0.0026986,0.0027601,0.0025378,0.0038059,0.011044,0.014757,0.010997,0.0020509,0.00096028,0.00073378,0.00030328,0.00053214,4.0047e-05,0.0029164,0.0021143,0.0018127,0.0023891,0.0022013,0.0023549,0.0032646,0.00441,0.014754,0.023163,0.023481,0.0041886,0.0029096,0.0018101,0.0014043,0.0010927,0.0010662,0.049668,0.038062,0.038927,0.043216,0.047927,0.055639,0.071234,0.10463,0.26277,0.21767,0.094584,0.048779,0.030424,0.019514,0.013748,0.0080321,0.0088388,0.017645,0.0029286,0.002702,0.0016698,0.0022113,0.0029546,0.003598,0.0052555,0.014218,0.0095246,0.0043039,0.0024434,0.0012202,0.00047571,0.0006094,0.0020927,0.000597,0.0032158,0.0033251,0.0032263,0.004037,0.0046772,0.0049797,0.0061054,0.010815,0.026289,0.032657,0.0091374,0.0064667,0.0047322,0.0038488,0.0033818,0.0027341,0.0029946,0.049962,0.0016277,0.00048541,0.00084477,0.0010463,0.0022354,0.0041872,0.0079019,0.024389,0.12379,0.021444,0.0095359,0.0067658,0.0067904,0.0075611,0.0046019,0.0056878,0.0065824,0.0027733,0.0017218,0.0016204,0.0021844,0.0013594,0.0016668,0.0016118,0.0059289,0.0044099,0.0054327,0.0015971,0.00093416,0.00042857,0.00069908,0.00067217,0.00030327,0.0035515,0.0013184,0.0020785,0.0015418,0.0020179,0.0024094,0.0028819,0.0043596,0.013594,0.028135,0.011369,0.0034414,0.0026569,0.0020246,0.0018786,0.0016428,0.0016785,0.026757,0.010399,0.0065798,0.0050232,0.012578,0.022575,0.033106,0.04533,0.085099,0.23391,0.052823,0.046817,0.040474,0.03103,0.022474,0.013083,0.0041199,0.002163,0.0049805,0.0046738,0.0036002,0.0029396,0.0042914,0.0047324,0.0069761,0.010014,0.04357,0.016286,0.0068877,0.0044039,0.0019843,0.00019457,0.00061485,0.0008774,0.00092889,0.0027525,0.0026019,0.0014986,0.003692,0.0054878,0.0093177,0.015531,0.030698,0.041242,0.018214,0.013369,0.011865,0.0099696,0.0078382,0.005124,0.0037518
0.035861,0.0047369,0.0055969,0.0053373,0.0057543,0.0068811,0.0082218,0.012778,0.030788,0.017448,0.008649,0.0024673,0.0011139,0.0026226,0.0011111,0.00057195,0.0008755,0.042784,0.0076337,0.0042373,0.003018,0.0023832,0.0026912,0.0031788,0.0041598,0.010583,0.0078279,0.0072531,0.0015604,0.0010878,0.00048995,0.00054841,0.0006119,0.00050165,0.014633,0.0022148,0.0017078,0.001602,0.0019175,0.0020347,0.0027781,0.004439,0.013657,0.010812,0.016756,0.0017719,0.00091777,0.00049549,0.0006988,0.00057517,0.00024032,0.056413,0.037425,0.040136,0.042458,0.047321,0.05634,0.071327,0.10687,0.31146,0.28502,0.09582,0.047411,0.029161,0.019067,0.013419,0.011031,0.0080301,0.039298,0.0057858,0.0028448,0.0017074,0.0024359,0.0025219,0.0031407,0.0044877,0.011584,0.014442,0.0011468,0.0014432,0.0011315,0.00090124,0.00064437,0.0014596,2.4792e-05,0.0059052,0.0025966,0.0017997,0.001927,0.0025093,0.0029453,0.0045212,0.0079503,0.027315,0.050161,0.0073885,0.003681,0.0031831,0.0030816,0.0025394,0.0025752,0.0024414,0.025677,0.0048338,0.0027019,0.0027121,0.0016869,0.0014213,0.0024392,0.0034147,0.015284,0.14071,0.017291,0.0055379,0.0047836,0.0031503,0.0033572,0.0027814,0.0030709,0.0372,0.0057212,0.0030677,0.0023886,0.0016834,0.001236,0.00088914,0.00024722,0.0032272,0.011736,0.0051355,0.00046854,0.00012628,0.00027374,0.00034964,0.00048277,0.00055886,0.014609,0.0016584,0.0018846,0.0019036,0.002083,0.0021679,0.0027488,0.0044964,0.012224,0.035076,0.0094629,0.0031341,0.0021613,0.0016909,0.00088265,0.0010446,0.00096322,0.015707,0.0084021,0.0075762,0.0093691,0.012966,0.017762,0.026257,0.042738,0.13109,0.10504,0.10995,0.054896,0.039552,0.033078,0.029239,0.026268,0.027148,0.037325,0.0091621,0.0046657,0.0039997,0.0028351,0.003015,0.0041152,0.0047425,0.0084968,0.041417,0.016766,0.0081066,0.0052948,0.0041144,0.003857,0.003015,0.0030957,0.00073053,0.0012358,0.00045381,0.00052974,0.00017983,0.00041845,0.000523,0.0021575,0.011806,0.074104,0.015383,0.0041155,0.0024589,0.0014202,0.0013593,0.0011423,0.0011425
0.026732,0.0043454,0.0045524,0.0038196,0.0046719,0.0056107,0.0065185,0.012231,0.044622,0.052019,0.025825,0.0047826,0.0041379,0.0031727,0.0013902,0.0032476,0.0023175,0.071139,0.0026646,0.00069249,0.00075815,0.00092239,0.001209,0.0017295,0.0032786,0.012387,0.019399,0.012696,0.002206,0.0014033,0.001485,0.0013372,0.0014697,0.0014057,0.018175,0.0015072,0.0019174,0.0018863,0.0030354,0.0027345,0.0032532,0.0063383,0.016652,0.013087,0.026209,0.0038175,0.0026642,0.001967,0.0015684,0.0015704,0.0014897,0.0028954,0.03457,0.036643,0.03998,0.044303,0.051683,0.067138,0.10638,0.29214,0.36001,0.05969,0.036385,0.02252,0.014795,0.008688,0.004829,0.00083162,0.060739,0.0025527,0.0022318,0.0017705,0.0016608,0.0018507,0.0028905,0.0049272,0.010404,0.012814,0.0071234,0.0014228,0.0010332,0.00080708,0.001205,0.0010322,1.4901e-08,0.010657,0.00089156,0.0014511,0.0018172,0.0023561,0.0032465,0.0051372,0.0076603,0.030228,0.045505,0.013928,0.0076689,0.0063346,0.0054398,0.0046279,0.0044128,0.0043812,0.0058099,0.0027602,0.0013672,0.002673,0.0044415,0.0049337,0.006873,0.012123,0.045912,0.086391,0.028867,0.0133,0.010306,0.008785,0.0062108,0.0060408,0.0053178,0.058772,0.0023468,0.0014737,0.0015767,0.0012041,0.0014596,0.0013855,0.0028558,0.0068656,0.0098197,0.0062988,0.0018405,0.00070645,0.00073251,0.00075216,0.00066438,0.00083352,0.017237,0.0011721,0.00055493,0.00074043,0.0009877,0.00061254,0.00065869,0.001963,0.0083321,0.05309,0.0042748,0.0012236,0.00071265,0.00060715,0.0004837,0.00045844,0.00055505,0.042924,0.01878,0.017866,0.019412,0.022622,0.026932,0.035895,0.057138,0.14154,0.1438,0.074799,0.041178,0.02891,0.023341,0.020366,0.01912,0.017922,0.063579,0.0027804,0.0016763,0.0017742,0.0024267,0.0019062,0.0022504,0.0023574,0.0047281,0.047032,0.005512,0.0025022,0.0019918,0.001196,0.0014766,0.00079876,0.00079156,0.0018826,0.00035835,0.00026821,0.00052837,0.0022214,0.0024349,0.0041285,0.0069573,0.022939,0.055959,0.019262,0.010225,0.0080261,0.0067273,0.0060796,0.0056651,0.0054837
0.041178,0.0033123,0.0035679,0.0065904,0.0059918,0.0087286,0.010827,0.010508,0.038081,0.047496,0.024651,0.0060903,0.0054075,0.0025819,0.0015363,0.00093681,0.00039483,0.082769,0.0044636,0.0017737,0.0020734,0.0028305,0.0011782,0.0024953,0.0033408,0.012086,0.017616,0.0084297,0.0012426,0.0011422,0.00042605,0.00060292,0.00065496,0.00050355,0.026698,0.0019293,0.0011284,0.0016047,0.0021683,0.0028023,0.0031003,0.0059581,0.017868,0.018302,0.018262,0.0020424,0.0013435,0.0014332,0.0011558,0.00095238,0.00094794,0.084291,0.04017,0.040951,0.044605,0.050075,0.058436,0.07488,0.10532,0.31504,0.25969,0.091277,0.046792,0.028658,0.018835,0.011452,0.0049832,0.0070649,0.071359,0.0025123,0.0023174,0.0026198,0.0012703,0.0018628,0.0023626,0.0033773,0.014076,0.0071803,0.0018345,0.0011632,0.0013605,0.00098316,0.00070771,0.001629,0.00024415,0.011883,0.0019794,0.0023268,0.0029775,0.0035432,0.0055451,0.0078825,0.018386,0.039204,0.01395,0.020871,0.011405,0.0084708,0.0071738,0.0060644,0.0059929,0.0057717,0.0007782,0.0044816,0.0056762,0.0058255,0.0059364,0.0056409,0.0070651,0.012481,0.0294,0.10273,0.0097426,0.0073936,0.0064926,0.0033272,0.0049863,0.0032178,0.0025368,0.07182,0.0037635,0.001831,0.0010288,0.00077627,0.0015967,0.0020287,0.0018706,0.0077559,0.0050947,0.0078406,0.0035474,0.0021573,0.0021039,0.0017306,0.0017369,0.0017319,0.023238,0.0019811,0.00083172,0.00063418,0.0010349,0.0023546,0.0034365,0.0052801,0.013837,0.047015,0.013777,0.005801,0.0040898,0.0033968,0.0032236,0.0027072,0.0029622,0.024186,0.010467,0.011764,0.011019,0.012029,0.015639,0.019571,0.027094,0.10108,0.27912,0.027199,0.013486,0.0075689,0.0059084,0.0051578,0.0025252,0.0044251,0.079973,0.0034095,0.0012335,0.0010984,0.00041381,0.00056672,0.0020409,0.0041807,0.0093113,0.03564,0.021211,0.0094221,0.0057619,0.0050605,0.0057019,0.0040454,0.0041047,0.0085489,0.0042325,0.0041168,0.0046321,0.0052632,0.0066381,0.0097833,0.019148,0.03789,0.018733,0.026088,0.013367,0.0094082,0.0078266,0.0068836,0.0060671,0.0061074
0.027974,0.0071865,0.0058937,0.0049104,0.0059609,0.0081507,0.0092311,0.021912,0.050165,0.014883,0.026901,0.0073829,0.005406,0.0060836,0.0035185,0.0038358,0.0024949,0.090545,0.0050961,0.0022928,0.0027613,0.0019765,0.0019956,0.0027286,0.0051277,0.012558,0.0013307,0.014682,0.0022064,0.0019712,0.0016207,0.0012721,0.0012399,0.0014439,0.026738,0.002749,0.0011717,0.0013028,0.00079219,0.0025923,0.0021221,0.0066978,0.014044,0.013334,0.024224,0.0026752,0.0016197,0.0015962,0.001358,0.001588,0.0012169,0.019625,0.0072359,0.032892,0.0062264,0.043571,0.0064611,0.072871,0.023286,0.41226,0.07343,0.12263,0.0063389,0.064691,0.0025853,0.048415,0.0019845,0.04655,0.0778,0.0036538,0.0021042,0.0031228,0.0028164,0.00046644,0.0033572,0.0022163,0.018043,0.0031294,0.0080564,0.0020019,0.0024102,0.00055361,0.0018708,0.00033469,0.0010471,0.02145,0.00080684,0.0056704,0.0007582,0.0071038,0.00064795,0.013989,0.0067932,0.040279,0.018289,0.016439,0.00078219,0.0060539,0.00026072,0.0039303,0.00018379,0.0036088,0.0018997,0.0030023,0.0060332,0.0012846,0.0057945,0.012079,0.007453,0.013051,0.044105,0.10291,0.031221,0.0302,0.015744,0.0072305,0.014491,0.0096127,0.0060578,0.076728,0.0060873,0.001131,0.00099628,0.0019134,0.00039668,0.0031004,0.0057247,0.0015619,0.0012443,0.011305,0.00049464,0.0022385,0.0025933,0.0011235,0.0013085,0.0021038,0.01924,0.0036292,0.0024667,0.0055228,0.0066047,0.001944,0.0075834,0.018687,0.01609,0.021443,0.032327,0.013445,0.0035189,0.0048373,0.0072443,0.0050591,0.0021115,0.028553,0.0026526,0.0012531,0.0042049,0.0061961,0.0084095,0.015603,0.033075,0.12279,0.27762,0.030305,0.025439,0.020152,0.017669,0.013962,0.017023,0.01503,0.088758,0.0045643,0.0036829,0.0024576,0.002938,0.0034274,0.0036545,0.005739,0.013359,0.037421,0.018675,0.0041863,0.002518,0.0021388,0.0019927,0.0019127,0.0020218,0.002388,0.0043025,0.003719,0.0046439,0.0046773,0.0057207,0.0061549,0.0035905,0.027601,0.048157,0.016322,0.0057385,0.0035377,0.0021622,0.0015092,0.0010385,0.00071717
0.026028,0.0041876,0.0017527,0.0029099,0.0029535,0.0043063,0.0059853,0.0046653,0.023311,0.046232,0.0066457,0.0066689,0.0060431,0.0039684,0.0035439,0.0029827,0.002491,0.057477,0.0028395,0.001,0.001868,0.00060718,0.00035454,0.0013532,0.0024218,0.0065065,0.019756,0.010651,0.002854,0.002359,0.0017987,0.0019097,0.0016741,0.0016442,0.018095,0.0016087,0.0016113,0.0014628,0.0014778,0.0021096,0.003407,0.007028,0.0063788,0.013983,0.016196,0.0044101,0.0028929,0.002131,0.0019484,0.0017182,0.0015545,0.033272,0.0071761,0.0093474,0.013511,0.017437,0.027215,0.042796,0.063643,0.22881,0.42647,0.11131,0.067642,0.05404,0.04698,0.04325,0.038817,0.038792,0.0477,0.0026759,0.0017431,0.0014261,0.001728,0.00095873,0.0017699,0.0010386,0.0082602,0.014643,0.0028013,0.0041595,0.0028911,0.002034,0.0030461,0.0035019,0.0024109,0.0061437,0.0025615,0.0028023,0.0033059,0.0030513,0.0049069,0.004864,0.016961,0.023033,0.055818,0.008482,0.0031195,0.0018531,0.001224,0.00090866,0.00034144,0.00032233,0.017224,0.0018706,0.0010016,0.0012352,0.0024419,0.0031545,0.0045304,0.0028586,0.037119,0.074728,0.0045662,0.0065859,0.0052934,0.0046332,0.003868,0.0041933,0.0050317,0.045409,0.0032903,0.0022651,0.00091477,0.0013033,0.001252,0.0012095,0.001751,0.0038281,0.014633,0.0055544,4.7946e-05,0.00030985,0.00019772,2.863e-05,7.1987e-05,2.0981e-05,0.014651,0.001271,0.00068586,0.0007369,0.00069289,0.00064145,0.0023844,0.0038985,0.0044908,0.058003,0.0077584,0.00085809,0.00066724,0.0006354,0.00038682,0.00067976,0.00021554,0.0017147,0.013024,0.0014229,0.010729,0.018736,0.016311,0.0056877,0.018584,0.099309,0.12482,0.046877,0.0074823,0.012006,0.0093635,0.005802,0.0030372,0.0032177,0.05444,0.00093995,0.0041878,0.0037246,0.0020085,0.00088484,0.0044579,0.0094957,0.0068876,0.03726,0.013055,0.0084383,0.0057185,0.0023276,0.0021142,0.00368,0.0038567,0.0050564,0.0026969,0.0024659,0.0045815,0.0051624,0.0021564,0.0066679,0.022558,0.032166,0.041427,0.023374,0.016047,0.010194,0.0059248,0.0061909,0.0068791,0.0069982
0.011101,0.0044153,0.00081681,0.0031921,0.003243,0.0049917,0.0063388,0.011325,0.020638,0.023261,0.022543,0.0010613,0.0044705,0.0011326,0.0017859,0.001485,0.0014038,0.037459,0.003522,0.001588,0.0014124,0.0025865,0.0018977,0.0019782,0.0028236,0.0069773,0.010465,0.013733,0.00095465,0.00080386,0.00063755,0.00045173,0.00036353,0.00074198,0.011171,0.00053793,0.0010257,0.00089951,0.0011623,0.0023764,0.0034024,0.0030424,0.0073314,0.0054032,0.025041,0.00090655,0.0010116,0.00080766,0.00063648,0.00060793,0.00049017,0.010559,0.027052,0.028764,0.031994,0.036859,0.045508,0.060044,0.11053,0.23494,0.32401,0.09659,0.063466,0.046907,0.038056,0.033562,0.032,0.029343,0.029343,0.0032386,0.0023983,0.0022589,0.001608,0.0017981,0.0022872,0.0067755,0.012205,0.013678,0.0074922,0.0014505,0.0014182,0.00070263,0.0019096,0.0014966,0.00035476,0.011385,0.0051057,0.005037,0.005799,0.0065299,0.0077257,0.0093248,0.0097242,0.031877,0.0088554,0.012998,0.0074293,0.0044846,0.0031573,0.0020464,0.0015808,0.0013981,0.0229,0.0020751,0.00063476,0.0008894,0.00042795,0.0013765,0.0016876,0.0060505,0.015379,0.11006,0.012756,0.0015834,0.00098953,0.00096787,0.00086608,0.0022771,0.0019417,0.024182,0.0031785,0.0014008,0.0014564,0.0024485,0.00050269,0.0010709,0.0012207,0.0038499,0.011458,0.0082326,0.001729,0.0016694,0.0012047,0.0010907,0.0011372,0.00092316,0.010121,0.0019159,0.0011716,0.0011819,0.0016531,0.0029624,0.0037137,0.0029523,0.0086525,0.045209,0.014012,0.0029573,0.0019396,0.0014055,0.0009657,0.00091333,0.0010109,0.010775,0.0053452,0.004105,0.005675,0.0068751,0.0075938,0.011045,0.028311,0.039132,0.26816,0.022928,0.010083,0.0074165,0.005696,0.006624,0.0030831,0.003809,0.034678,0.0040555,0.0033408,0.00097349,0.0022851,0.0024453,0.0027077,0.0046417,0.009198,0.038183,0.014719,0.0063971,0.0044573,0.0038928,0.0026363,0.0031262,0.0035038,0.004057,0.0047125,0.0047227,0.0055564,0.0063414,0.0074181,0.0086564,0.010444,0.027708,0.020194,0.021605,0.0078578,0.004521,0.003023,0.0019941,0.0011722,0.00089074
0.011118,0.0057477,0.0032709,0.0047767,0.0052683,0.0059957,0.0086252,0.0078532,0.033095,0.024979,0.010205,0.0054049,0.0027811,0.0026972,0.0014828,0.0011108,0.00014688,0.022711,0.0015798,0.0015803,0.0020218,0.0021477,0.001196,0.0020638,0.0046078,0.0085345,0.0093664,0.0091186,0.002814,0.001945,0.0014353,0.0012988,0.0010648,0.00079157,0.010996,0.0013792,0.0013187,0.0017149,0.0015305,0.0021043,0.0031662,0.009844,0.0089581,0.022912,0.019146,0.0020476,0.0015899,0.00054129,0.00051224,0.0003526,2.4814e-05,0.050298,0.038308,0.039028,0.043501,0.047416,0.055765,0.07134,0.098527,0.27465,0.28478,0.12072,0.060664,0.040624,0.030886,0.025652,0.024641,0.020703,0.01216,0.0021588,0.0015726,0.0015586,0.0018536,0.0026892,0.0024293,0.001796,0.011064,0.014538,0.0056236,0.0017891,0.0014594,0.00080651,0.00039286,0.00035603,0.00070382,0.0016613,0.0033326,0.003465,0.0039867,0.0044148,0.0045336,0.0072569,0.018143,0.024869,0.047385,0.013104,0.0039765,0.0024819,0.0017882,0.0011945,0.00090639,0.00050927,0.028351,0.0039621,0.0030495,0.0038167,0.003725,0.0048877,0.0066221,0.005693,0.026804,0.089122,0.0080355,0.0085541,0.0055248,0.0033656,0.0041707,0.0033381,0.0031548,0.0092927,0.0010488,0.0013686,0.0013911,0.0013692,0.00067577,0.0013244,0.0016792,0.0037098,0.016331,0.0044829,0.0015347,0.00071071,0.00068795,0.00043709,0.00069014,0.00062562,0.0057946,0.0011199,0.0011201,0.0010921,0.0016611,0.0018075,0.0022204,0.005205,0.0077486,0.040815,0.0094061,0.004273,0.0032954,0.0025208,0.0025012,0.0022292,0.0020409,0.0052071,0.0019807,0.0035052,0.0062879,0.0087056,0.011859,0.018656,0.048785,0.10005,0.18787,0.086666,0.038348,0.029428,0.025732,0.022087,0.020082,0.019749,0.018742,0.0031724,0.0030187,0.0039312,0.0032919,0.0036352,0.0051669,0.0072734,0.010986,0.039476,0.0132,0.0067966,0.0042989,0.0027997,0.0025905,0.0021677,0.0023384,0.0031796,0.0022907,0.0028019,0.0032703,0.0030384,0.0039954,0.0064207,0.016237,0.017667,0.055244,0.015456,0.0062101,0.0037059,0.0028604,0.00228,0.0019221,0.0018368
0.00071145,0.0029067,0.00050896,0.0032681,0.002493,0.0036966,0.0042226,0.014535,0.037873,0.022646,0.025595,0.0022262,0.0012561,0.0023085,0.0011855,0.00042737,0.00032617,0.01784,0.0012651,0.00036992,0.001945,0.0020568,0.00017724,0.0012618,0.00072605,0.009764,0.012307,0.010544,0.00088218,0.00080993,0.00068129,0.0006577,0.00043289,0.00047112,0.0065995,0.0015221,0.00071749,0.0024164,0.0015249,0.0021131,0.0033528,0.0019397,0.0084594,0.010592,0.026293,0.0020166,0.0016451,0.0012253,0.0012087,0.0010665,0.0010605,0.023289,0.034067,0.03409,0.038425,0.04257,0.04887,0.061806,0.10288,0.25935,0.38344,0.069916,0.040477,0.022579,0.015401,0.0083599,0.0054003,0.0022049,0.0072137,0.0026843,0.0013261,0.0012095,0.0030823,0.0031016,0.0032527,0.0072672,0.0096988,0.014331,0.0060862,0.0034499,0.0014236,0.0015192,0.00088801,0.00082549,0.00059511,0.0034504,0.00036211,0.001186,0.00014107,0.0017079,0.00073286,0.004263,0.01427,0.018043,0.052299,0.0065613,0.0052463,0.0036013,0.0033398,0.0026424,0.002583,0.0025845,0.03014,0.0044423,0.0043808,0.0039984,0.0053762,0.0080517,0.0076825,0.017205,0.037689,0.10586,0.022586,0.011563,0.0077267,0.0074006,0.007076,0.0043961,0.0051003,0.0021916,0.0007648,0.0012579,0.0010072,0.0011732,0.0014058,0.0011299,0.0023689,0.0021269,0.018409,0.0042033,0.0020905,0.00077544,0.0012091,0.00070712,0.00046892,0.00086785,0.0024376,0.00021099,0.00030271,0.0013506,0.0018474,0.00082065,0.0029012,0.0072765,0.0045138,0.037392,0.0080558,0.0041964,0.0025268,0.0020913,0.0019972,0.0019799,0.0013504,0.00056077,0.0083353,0.0088723,0.010923,0.015097,0.017589,0.025597,0.031382,0.091856,0.061697,0.09651,0.05716,0.037294,0.032157,0.027873,0.02501,0.025422,0.01483,0.0011049,0.0019879,0.0029686,0.0015911,0.0022709,0.0020566,0.0039171,0.0058414,0.043358,0.010597,0.0067382,0.0054975,0.0038992,0.003041,0.0040677,0.0033474,0.0018616,0.0018674,0.002635,0.001601,0.0027152,0.0027336,0.0023311,0.015135,0.0063215,0.060714,0.014337,0.0043038,0.0027103,0.0013615,0.0007696,0.00024395,0.00023652
0.0055448,0.0026062,0.0021077,0.0013503,0.0046315,0.0027831,0.0022724,0.0089472,0.0080669,0.011902,0.012506,0.0025505,0.0018626,0.0027541,0.0014785,0.0019134,0.00087168,0.013384,0.00075835,0.00029597,0.0029214,0.0028719,0.0021675,0.00099056,0.0047029,0.0034343,0.0054701,0.0074431,0.0016833,0.001084,0.0010355,0.00047239,0.00062676,0.00047112,0.0079767,0.0022169,0.0016441,0.00069118,0.0032164,0.0026316,0.00073004,0.011155,0.009145,0.012864,0.016117,0.0050085,0.0020791,0.0015501,0.0011376,0.00075124,0.0006981,0.017483,0.011049,0.011685,0.015433,0.017649,0.023273,0.03335,0.081296,0.11633,0.3737,0.10835,0.056747,0.042475,0.036212,0.033228,0.031879,0.029717,0.00317,0.0018444,0.0014881,0.007155,0.0017033,0.0019812,0.0017204,0.0056327,0.0067015,0.018275,0.0071519,0.0024813,0.00272,0.0023482,0.002646,0.00067053,0.00027848,0.0054646,0.0028077,0.003672,0.0033515,0.0032615,0.0041546,0.0082235,0.0087907,0.02168,0.016518,0.023455,0.007488,0.0055234,0.004404,0.0038937,0.0032968,0.0030003,0.027426,0.0022171,0.0022539,0.0040962,0.0030528,0.0039009,0.0067077,0.01759,0.027364,0.1002,0.041406,0.013804,0.0091744,0.0073784,0.0062047,0.0060291,0.0056706,0.001051,0.0017912,0.00045172,0.0030615,0.0023003,0.0015412,0.0020713,0.005091,0.0029851,0.015207,0.0030901,0.0022698,0.0016185,0.00098411,0.00058874,0.00073869,0.00027657,0.0010662,0.0024359,0.0024845,0.0017708,0.0049918,0.0031495,0.0023038,0.013663,0.011186,0.030093,0.0054459,0.0046025,0.0023432,0.0018278,0.00085745,0.00040492,0.00042919,0.015572,0.0087211,0.009255,0.010052,0.011482,0.012445,0.016828,0.044747,0.029582,0.20357,0.069559,0.02952,0.015145,0.013044,0.010331,0.0097392,0.0098383,0.01413,0.0039299,0.0037125,0.010645,0.0029715,0.00534,0.0067405,0.0058183,0.010234,0.037877,0.024538,0.0089818,0.0030355,0.001356,0.002599,0.000636,1.9081e-05,0.0056935,0.0040473,0.0047388,0.0051159,0.0043822,0.0067277,0.010132,0.006941,0.022243,0.024635,0.02536,0.010106,0.0059508,0.0046124,0.0036863,0.0031278,0.0027714
0.00087359,0.0010812,0.0014749,0.0017773,0.0013862,0.0022591,0.0053534,0.0092703,0.033217,0.050199,0.020865,0.0071036,0.0061204,0.0077215,0.0042532,0.0054022,0.0031624,0.0068303,0.0005508,0.00049304,0.0010884,0.00041012,0.002165,0.0021407,0.0033563,0.0099745,0.012945,0.010112,0.0036279,0.0027211,0.0024023,0.0021231,0.0019333,0.0019627,0.0030041,0.0013035,0.0013633,0.0015371,0.0015552,0.0018123,0.0024415,0.0038382,0.011454,0.027223,0.018002,0.0050902,0.0034393,0.0027272,0.0024174,0.002337,0.0019551,0.008959,0.0054315,0.0090301,0.013168,0.018931,0.029355,0.045524,0.079912,0.25622,0.33188,0.11738,0.07809,0.061197,0.052401,0.046967,0.043754,0.042544,0.0052987,0.0013202,0.00062426,0.00095057,0.0015304,0.001682,0.002378,0.0037309,0.013817,0.010733,0.010771,0.0049341,0.003608,0.0028632,0.0027882,0.0034633,0.0022507,0.0034867,0.0045831,0.0046311,0.0050635,0.0057386,0.0066082,0.0087247,0.015312,0.033078,0.0055971,0.012956,0.0066398,0.0044757,0.003546,0.0026277,0.0023034,0.0021935,0.023844,0.0065072,0.0065918,0.0074885,0.0084215,0.010473,0.014792,0.021203,0.059087,0.082544,0.056458,0.026354,0.018463,0.013516,0.013649,0.013415,0.013884,0.0099241,0.0012404,0.0014811,0.0010492,0.001235,0.0014287,0.0015748,0.0025246,0.0078275,0.0069178,0.0070125,0.0017169,0.0012356,0.00073314,0.00043568,4.7898e-05,6.6768e-05,0.0011254,0.00058583,0.00074943,0.00063572,0.0008091,0.00093736,0.0017826,0.0029135,0.010899,0.023909,0.0037025,0.00068549,0.00050149,0.00041274,0.00024943,0.00026687,0.00023651,0.024813,0.011013,0.011015,0.011091,0.01335,0.015835,0.020786,0.029047,0.087105,0.2736,0.024463,0.013216,0.0078823,0.0055024,0.0037841,0.0043205,0.002554,0.0030423,0.0023959,0.0019502,0.0017352,0.0018896,0.0023853,0.0030756,0.0050021,0.0093728,0.048031,0.0080116,0.0049165,0.0025001,0.0023461,0.0017939,0.0014809,0.0014935,0.0035477,0.0054915,0.0056469,0.0060955,0.0068562,0.0082018,0.0097034,0.016236,0.032583,0.038407,0.019667,0.0081059,0.0046611,0.0027653,0.0016691,0.00087695,0.00020218
0.00086023,0.0015857,0.0014965,0.0017437,0.002748,0.0040988,0.0055583,0.012593,0.039419,0.013958,0.031399,0.01095,0.0089727,0.0077903,0.0073441,0.0064512,0.0071927,0.0038739,0.00050842,0.00084847,0.0015376,0.0013314,0.0018708,0.0010132,0.0040486,0.011823,0.0065605,0.012332,0.0043266,0.0030372,0.0026295,0.0022774,0.0021903,0.0019665,0.003233,0.0010615,0.00086358,0.00097853,0.0015311,0.0018975,0.0030154,0.0033011,0.014544,0.013714,0.019063,0.0068966,0.004751,0.0040135,0.0033212,0.0033211,0.0031872,0.0055943,0.010213,0.010875,0.015717,0.021621,0.030728,0.04695,0.086423,0.26296,0.34427,0.11259,0.075593,0.058227,0.050886,0.046091,0.044807,0.043898,0.0053025,0.00072185,0.00097584,0.0016134,0.00077055,0.0012,0.0020783,0.0048605,0.014521,0.015004,0.0060758,0.0037361,0.0029311,0.0028018,0.0021987,0.001894,0.0026131,0.0041505,0.0030036,0.0031106,0.0034453,0.0037572,0.0042542,0.0052314,0.0078815,0.026891,0.063919,0.0021204,0.0031563,0.0019988,0.0014817,0.0013363,0.0011004,0.0010262,0.041386,0.010407,0.010265,0.010815,0.012419,0.013314,0.01746,0.02471,0.053668,0.11308,0.050123,0.019686,0.011015,0.005432,0.0050628,0.0040959,0.0031739,0.0090848,0.0009108,0.00061466,0.00069436,0.0011327,0.0011823,0.0012636,0.0022644,0.005568,0.017926,0.0030605,0.0010278,0.00043206,0.00055058,0.00014298,0.0003023,0.00031853,0.0015564,5.4025e-05,0.00012042,0.00011763,0.00052797,0.00068367,0.00068387,0.0021245,0.0082237,0.025497,0.0089777,0.0034139,0.0023475,0.0020634,0.0016692,0.0015053,0.0013695,0.0015106,0.013261,0.013872,0.01487,0.016048,0.019052,0.024925,0.039392,0.10289,0.14967,0.046862,0.027694,0.019819,0.015281,0.01325,0.011404,0.011551,0.004099,0.00020896,0.00031802,0.00059418,0.001046,0.0010447,0.001584,0.0019721,0.0057931,0.049451,0.0042755,0.0031218,0.002173,0.0023474,0.0016364,0.0020413,0.0019856,0.003336,0.002353,0.0021742,0.0023501,0.0023079,0.0032806,0.003928,0.0049512,0.018107,0.079025,0.0054766,0.0025841,0.0016164,0.0012286,0.00087149,0.00070484,0.00059319
0.0023423,0.003086,0.0023347,0.0024383,0.003933,0.0044047,0.0062408,0.0073672,0.020533,0.029978,0.033084,0.011677,0.0091545,0.0055021,0.0055266,0.0053008,0.0057374,0.0017548,0.0016941,0.0017558,0.0006305,0.0016303,0.0016179,0.002753,0.004415,0.0079405,0.018364,0.013758,0.0042306,0.0026438,0.0021966,0.0017946,0.0018256,0.0015946,0.0051022,0.0020422,0.0022308,0.0025105,0.0026039,0.0032046,0.0040484,0.0065924,0.01315,0.0033966,0.023405,0.0078845,0.0050057,0.0040785,0.003506,0.0028908,0.0028973,0.026883,0.026532,0.028284,0.031259,0.035099,0.043224,0.056827,0.091914,0.25165,0.4295,0.093231,0.059345,0.045451,0.036997,0.032668,0.030769,0.029995,0.0065747,0.0011364,0.00082589,0.00042761,0.0011851,0.001534,0.0022284,0.0032734,0.0091499,0.013075,0.0051168,0.0030072,0.0023525,0.0016349,0.0017852,0.0014679,0.00090598,0.0030308,0.0040369,0.0038333,0.0041337,0.0047185,0.0054756,0.0074975,0.01109,0.027962,0.028555,0.0082392,0.0055218,0.0036573,0.0027683,0.0024936,0.0021854,0.0021496,0.025607,0.0078496,0.0082252,0.0081718,0.0093902,0.010461,0.012298,0.019378,0.035754,0.027597,0.049036,0.016607,0.008267,0.0068593,0.0042091,0.0026418,0.0025578,0.010515,0.00021031,0.0007869,0.00069215,0.00067141,0.00094837,0.0010874,0.0011171,0.0054344,0.013915,0.0034678,0.0014584,0.0010959,0.00083008,0.00072069,0.00063856,0.00078775,0.0024987,0.00067643,0.00089086,0.0011261,0.0014702,0.0017417,0.0025517,0.004451,0.0098239,0.048249,0.019416,0.0074681,0.0051794,0.00418,0.0035584,0.0032629,0.0033341,0.02554,0.012886,0.013674,0.014599,0.016118,0.019138,0.024592,0.036827,0.088711,0.23698,0.0388,0.018711,0.011134,0.0086727,0.0055778,0.004776,0.0050088,0.00090601,0.0014251,0.00076966,0.000803,0.001022,0.0015733,0.0021571,0.00247,0.006123,0.045977,0.0067317,0.0041672,0.002703,0.0025542,0.0019949,0.0017846,0.0012226,0.0001831,0.0020904,0.0022755,0.0024523,0.00313,0.0039921,0.0053854,0.0084872,0.022523,0.035547,0.01518,0.0093779,0.0067483,0.0056976,0.0050302,0.0049113,0.0047456
0.0036908,0.0055485,0.0052162,0.0048929,0.0056093,0.0074075,0.0092102,0.014518,0.047211,0.014857,0.036358,0.013436,0.0090997,0.0090714,0.0060195,0.0070267,0.0065747,0.0067159,0.0016993,0.0020978,0.0016942,0.0026578,0.0026319,0.0036792,0.0046477,0.013641,0.012647,0.012875,0.0050302,0.0031352,0.0026774,0.0021491,0.0021359,0.0018101,0.00045205,0.0034791,0.003351,0.0037223,0.0039772,0.0047248,0.0058671,0.0073861,0.017895,0.019211,0.020734,0.0077021,0.0044248,0.0030176,0.0024921,0.002109,0.0020199,0.036309,0.038163,0.039402,0.042764,0.048185,0.056525,0.072213,0.11313,0.27352,0.29702,0.10393,0.056766,0.038251,0.029826,0.023444,0.019365,0.02034,0.0024624,0.0014115,0.0015468,0.0012398,0.001437,0.0018704,0.0023865,0.0040707,0.0098104,0.015217,0.0031589,0.002015,0.0015744,0.0012222,0.0007188,0.0014211,0.0014897,0.0034085,0.0025432,0.0025861,0.0027597,0.0031296,0.0035653,0.0048814,0.0068482,0.022944,0.060112,0.0035455,0.0033703,0.0026326,0.0021283,0.0021027,0.001703,0.0016957,0.040419,0.0061325,0.00664,0.0057899,0.0074542,0.008208,0.01071,0.014462,0.011362,0.10358,0.043767,0.015448,0.0096595,0.007585,0.0046565,0.0054027,0.0049611,0.0079995,0.00061337,0.00039,0.0005804,0.00062904,0.00089161,0.001174,0.0016245,0.0042554,0.010866,0.0061532,0.0019201,0.001387,0.0013156,0.00099369,0.00088459,0.0008011,0.0011959,0.00020814,0.00040929,0.00062591,0.0012636,0.0015021,0.0026474,0.0041305,0.012989,0.0086738,0.02045,0.0081385,0.0058481,0.004666,0.0041259,0.0038557,0.0038434,0.0080415,0.014158,0.023393,0.021464,0.0093238,0.012953,0.034628,0.056853,0.094434,0.1912,0.055939,0.034724,0.014835,0.0019637,0.0067825,0.0056101,0.0013161,0.0018845,0.0011381,0.0026044,0.0026191,0.0010931,0.0022941,0.004827,0.0081642,0.0081384,0.042312,0.018312,0.012063,0.0070651,0.0036888,0.003259,0.0043854,0.0056458,0.000927,0.0026492,0.0050511,0.0051887,0.0029834,0.0026832,0.0095287,0.01964,0.035808,0.057531,0.026554,0.021154,0.014763,0.006421,0.0029478,0.008617,0.01083
0.0063306,0.0044001,0.0045236,0.0044034,0.0054968,0.0065996,0.0087152,0.013369,0.028228,0.011315,0.032523,0.012867,0.0086261,0.0063188,0.0072737,0.0047113,0.005087,0.0043851,0.0027748,0.0021514,0.0023115,0.002611,0.0034237,0.00387,0.005115,0.011434,0.013135,0.013474,0.0051235,0.0032502,0.0021568,0.0021329,0.0016733,0.0017453,0.0078336,0.0028013,0.0033026,0.0036628,0.0039958,0.0045753,0.0058187,0.0083899,0.016365,0.018586,0.021475,0.0075803,0.004961,0.0036823,0.0026956,0.0024781,0.0022488,0.040066,0.037903,0.039673,0.04208,0.047419,0.055969,0.072804,0.1082,0.279,0.45114,0.079305,0.044993,0.027876,0.01895,0.012484,0.0075107,0.0059777,0.0037881,0.0015669,0.0022625,0.002065,0.0021204,0.0024977,0.0026204,0.0040824,0.010405,0.013571,0.004458,0.0017248,0.001078,0.00060102,0.00049229,0.000762,4.9591e-05,0.0016403,0.00065443,0.00070542,0.0011976,0.0018223,0.0027248,0.004325,0.0069308,0.025206,0.041678,0.010452,0.0072144,0.0056835,0.0049178,0.0041865,0.0039727,0.0040017,0.029131,0.0024271,0.00041014,0.0035647,0.0048615,0.0031156,0.00091584,0.0051525,0.016983,0.063143,0.046847,0.015342,0.0039156,0.0030742,0.0037618,0.0036042,0.0019665,0.0041486,0.0018864,0.00054852,0.0027278,0.002502,0.0008756,0.0026992,0.0064799,0.0047097,0.008739,0.01135,0.0045712,0.0003984,0.0015208,0.0016238,0.0010766,0.0007229,0.0068532,0.0045401,0.0017835,0.0068018,0.0075958,0.0024373,0.0077854,0.016067,0.012566,0.018014,0.03233,0.010902,0.00010454,0.0038986,0.0027686,0.00083499,0.0017071,0.021275,0.010797,0.011874,0.012815,0.014275,0.017099,0.020159,0.034001,0.080754,0.20577,0.021103,0.01148,0.0078391,0.0047085,0.0024582,0.0022299,0.0028839,0.0028687,0.00096917,0.00053821,0.0002629,0.00030488,0.00049449,0.00036157,0.00051139,0.0017167,0.049613,0.0027449,0.00041747,0.00058513,0.00068876,0.00092281,0.0007936,0.00035857,0.0015755,0.0026289,0.0027623,0.0029079,0.0035047,0.0038922,0.0054241,0.0074754,0.020057,0.046913,0.0088912,0.0053831,0.0040616,0.0031095,0.0025427,0.0027817,0.0025101
0.0035096,0.0049406,0.0055005,0.0052679,0.0052321,0.0076777,0.0087476,0.013246,0.036199,0.023072,0.028369,0.012225,0.0077487,0.0072096,0.0045261,0.0046734,0.0046044,0.0064794,0.0027633,0.0026411,0.0027557,0.0031068,0.0028547,0.0040655,0.0057728,0.013273,0.005572,0.012457,0.0055568,0.0034475,0.0028135,0.0023851,0.0019507,0.002039,0.00083352,0.0021208,0.0024702,0.0026408,0.0029307,0.0034635,0.0042358,0.0070656,0.016147,0.0076109,0.017163,0.0064623,0.0040921,0.0028871,0.0024797,0.0024088,0.0021382,0.043502,0.029665,0.037363,0.050003,0.026398,0.071258,0.068031,0.089207,0.38782,0.043749,0.16484,0.066562,0.045006,0.053599,0.024304,0.041101,0.028353,0.0021916,0.0014315,0.0017829,0.002917,0.0012096,0.0034262,0.0032151,0.0043486,0.016529,0.0042257,0.0075403,0.0032019,0.0014064,0.0022044,0.001214,0.0015338,0.0008526,0.0017643,0.0035258,0.0023393,0.0046494,0.0028157,0.0063917,0.0076069,0.0078546,0.042588,0.025416,0.029692,0.0069567,0.010209,0.0081476,0.0045587,0.0083431,0.0018177,0.039544,0.0037165,0.0045756,0.0048781,0.0056603,0.0056334,0.0067074,0.010886,0.011404,0.091405,0.044441,0.014403,0.0070076,0.0045109,0.0042243,0.0037473,0.0024338,0.0088712,0.00083922,0.00081123,0.0010189,0.0013346,0.00087307,0.00084837,0.0015926,0.0051995,0.010766,0.0039977,0.00079541,0.0011155,0.00069448,0.00070622,0.0007272,0.00063133,0.001957,0.0033065,0.0032239,0.0033413,0.0036285,0.0046543,0.0054323,0.0073571,0.018222,0.028672,0.019097,0.006445,0.0036792,0.0024713,0.0018666,0.0015015,0.0012322,0.011179,0.0021948,0.0025862,0.0028999,0.0041078,0.0063242,0.010253,0.017014,0.044829,0.21012,0.038725,0.021107,0.015503,0.014206,0.011038,0.011391,0.011404,0.003109,0.0019692,0.0018977,0.001519,0.0027475,0.0030204,0.0033798,0.0046668,0.0086823,0.046431,0.0098425,0.004439,0.0023059,0.001445,0.0015514,0.0012512,0.001461,0.0035,0.0012538,0.0014059,0.0016341,0.0017871,0.0020457,0.0027416,0.004539,0.012499,0.076949,0.0022183,0.0012832,0.00090148,0.00041139,0.00043395,6.3589e-05,4.7684e-05
0.0053521,0.0024795,0.003719,0.0026662,0.0031838,0.0040276,0.0039659,0.0081006,0.013052,0.050998,0.011643,0.0046076,0.0034109,0.0032891,0.0021052,0.0027185,0.0019875,0.0036812,0.0013398,0.0021043,0.001714,0.0026635,0.0018225,0.0030817,0.0037539,0.0066745,0.010226,0.010306,0.0034278,0.0021464,0.001618,0.0011448,0.0012151,0.00098803,0.0055409,0.00094792,0.0010346,0.0011783,0.0013433,0.0020493,0.0021912,0.003408,0.0055074,0.028251,0.012221,0.0047765,0.0031204,0.0023964,0.0021462,0.0019428,0.0019512,0.032885,0.026547,0.028628,0.030661,0.033502,0.039479,0.049219,0.074191,0.16129,0.40829,0.086521,0.043358,0.029842,0.022142,0.017846,0.015104,0.014261,0.010626,0.0012817,0.001532,0.0016526,0.0015801,0.0019628,0.0024314,0.003796,0.0079267,0.011918,0.0039596,0.0016745,0.00098432,0.00070318,0.00054152,0.00026119,4.3873e-05,0.00080681,0.000388,0.00076036,0.0011939,0.0017467,0.0025378,0.0041407,0.0072756,0.016368,0.012288,0.019736,0.0097732,0.0071796,0.0059381,0.0053429,0.0049368,0.004797,0.02159,0.0057107,0.0058491,0.0055131,0.0062418,0.0064113,0.0080778,0.0086081,0.020051,0.0751,0.059947,0.015555,0.0073298,0.0061476,0.0020969,0.0018668,0.0027104,0.012192,0.00090064,0.00052118,0.00039883,0.0012128,0.00023569,0.00028494,0.00091113,0.0018053,0.0099951,0.00089388,0.00039896,0.00023268,0.00020122,0.00016109,0.00028826,0.00049211,0.0053674,0.0023942,0.002477,0.0026751,0.002972,0.0038646,0.0040537,0.0054749,0.00968,0.018607,0.015742,0.005076,0.0026513,0.0017138,0.00085762,0.00056767,0.00040055,0.019247,0.0026108,0.001892,0.0018407,0.0026003,0.0040321,0.0059665,0.010484,0.028268,0.21316,0.018741,0.013059,0.0096377,0.0083806,0.0075367,0.0064078,0.0070707,0.0041123,0.0014441,0.0014227,0.0010621,0.00088439,0.0014272,0.00196,0.0022958,0.0055064,0.051818,0.0080634,0.0023161,0.0019072,0.0012605,0.0018076,0.0013908,0.0014267,0.0047608,0.0029238,0.0030448,0.0032781,0.0035574,0.0039919,0.0053776,0.008362,0.014575,0.0373,0.012654,0.0062583,0.0040511,0.0030854,0.0027764,0.0022499,0.0023385
0.0033169,0.0032867,0.0024324,0.0027846,0.0030709,0.003432,0.0040687,0.0065477,0.011076,0.031451,0.012738,0.0045506,0.0029179,0.0028095,0.001,0.00083476,2.0981e-05,0.0070802,0.00085042,0.00056394,0.00021302,0.00021956,0.00041666,0.00037058,0.00041224,0.0022084,0.018674,0.0017658,0.000341,0.00016096,0.00033219,0.00016058,0.00010555,0.00011826,0.0057145,0.0014606,0.0016555,0.0015183,0.0016407,0.0019536,0.0022335,0.0028963,0.0072217,0.025083,0.0075789,0.0029937,0.0017155,0.0012897,0.00088902,0.00060522,0.00058365,0.0067197,0.0042589,0.0054479,0.0089826,0.014193,0.020434,0.032129,0.057463,0.1571,0.45368,0.10545,0.06365,0.048564,0.040821,0.037655,0.034794,0.034869,0.008032,0.00065082,0.00052362,0.0010139,0.00021213,0.00090852,0.0009491,0.001891,0.0057558,0.023065,0.0019711,0.0016531,0.0011081,0.001169,0.00093785,0.0012889,0.0015545,0.002079,0.0022569,0.0024641,0.0026909,0.0029368,0.0035835,0.0043751,0.0055451,0.014909,0.060987,0.0092656,0.0040379,0.0025822,0.0020932,0.001649,0.0012261,0.0014076,0.033122,0.0063034,0.005954,0.006029,0.0067336,0.0078187,0.010122,0.011208,0.02784,0.093575,0.0711,0.019987,0.011056,0.0076598,0.0054782,0.0055123,0.0054303,0.010519,0.00021872,0.00041235,0.0004789,0.00029504,0.00049656,0.00053324,0.00085143,0.002303,0.019655,0.0038482,0.0026495,0.00057028,0.0008831,0.00071004,0.00040511,0.00055124,0.0021324,0.00077826,0.0010391,0.00094151,0.0010495,0.0013848,0.0019476,0.0034315,0.0071235,0.034786,0.014345,0.0036471,0.0026049,0.0020053,0.0015436,0.0016594,0.0014077,0.025385,0.0071335,0.0082563,0.0089973,0.0092462,0.011603,0.015429,0.024314,0.051054,0.11244,0.038067,0.020034,0.014302,0.011553,0.0082712,0.0085235,0.0077382,0.0050603,0.0010583,0.00042311,0.00097517,0.00030855,0.0011481,0.0013071,0.0012524,0.00309,0.048936,0.0047661,0.00258,0.0017611,0.0013943,0.0014215,0.00073369,0.00097086,0.0018883,7.6541e-05,0.00019923,0.0004112,0.00057475,0.00065128,0.00093196,0.0016488,0.0072221,0.084469,0.0059694,0.0015335,0.001128,0.0011058,0.0007354,0.0008722,0.00078965
0.0070096,0.0056027,0.0052384,0.0052859,0.0061971,0.006829,0.0088334,0.012725,0.027426,0.018481,0.027863,0.0095252,0.0053198,0.0017908,0.002964,0.0011381,0.00044441,0.0048276,0.0015614,0.0015497,0.0014337,0.0014599,0.002304,0.0025953,0.0032603,0.0075665,0.0080535,0.0075145,0.002967,0.0014248,0.00060933,0.00058125,0.0003772,0.00028802,0.00065804,0.0030252,0.0031102,0.0032891,0.0036984,0.0042714,0.0050357,0.0064185,0.01391,0.0077319,0.017564,0.0060654,0.0031002,0.0021102,0.0011734,0.00052746,0.00034904,0.028939,0.03104,0.032351,0.032821,0.03664,0.043194,0.05411,0.079843,0.17876,0.26537,0.084763,0.043218,0.028368,0.019756,0.014853,0.01196,0.01133,0.0057355,0.00089812,0.0010959,0.00074461,0.0012348,0.0012976,0.0017165,0.0024468,0.0070255,0.015888,1.6066e-05,0.0011152,0.00065844,0.00086177,0.00026798,0.00060694,0.00042534,0.0018463,0.0021991,0.0021789,0.0022462,0.0026336,0.00362,0.0042366,0.0065253,0.014592,0.039077,0.0078831,0.004358,0.0030553,0.0023597,0.0023715,0.0020589,0.0018616,0.032652,0.0019998,0.0014144,0.0023348,0.002303,0.00253,0.0042237,0.0030293,0.0054317,0.011334,0.067621,0.017887,0.010697,0.0080158,0.0068659,0.0058882,0.0046216,0.012169,0.0016152,0.0009521,0.0004279,0.00085999,0.00094273,0.0013831,0.0024851,0.003118,0.00996,0.0094124,0.0024545,0.0013299,0.00094245,0.00077677,0.00067454,0.00067902,0.0020485,0.0008942,0.00098581,0.0013398,0.0014543,0.0016078,0.0026671,0.0034578,0.0075371,0.029867,0.020013,0.0066071,0.0041285,0.0031655,0.0029822,0.0025905,0.0026741,0.0039731,0.015588,0.0094256,0.0052725,0.013948,0.028037,0.042629,0.057757,0.080962,0.21121,0.04775,0.053194,0.048799,0.040741,0.029221,0.016611,0.0058385,0.0016575,0.0021178,0.0016456,0.0013383,0.0028435,0.0047969,0.0064217,0.0064043,0.005241,0.039647,0.011635,0.010742,0.0091331,0.0070403,0.0054016,0.0026413,0.0013142,0.0017319,0.0039508,0.0022442,0.00039297,0.0031366,0.0059084,0.0076681,0.0089583,0.0082871,0.046465,0.011627,0.010769,0.0072655,0.0042543,0.0026343,0.0025723,0.0029107
0.0043317,0.0047128,0.0038899,0.0048866,0.0056369,0.0055197,0.0076724,0.011617,0.012297,0.027598,0.026702,0.0089887,0.0050339,0.0033701,0.001622,0.00069816,6.6765e-05,0.0018502,0.0019485,0.0023051,0.0020814,0.0023738,0.0023968,0.0030417,0.0042433,0.0079382,0.0036487,0.01336,0.0039919,0.0020276,0.0015349,0.00093844,0.00057571,0.00067902,0.0046006,0.0027141,0.0028336,0.0031725,0.0032805,0.0036794,0.0046456,0.0055124,0.010267,0.028698,0.020208,0.0057083,0.0030085,0.0018097,0.001442,0.00087044,0.00055696,0.016339,0.015838,0.017415,0.019261,0.02284,0.02885,0.039409,0.065607,0.16297,0.50284,0.084174,0.055397,0.04103,0.034057,0.030573,0.029995,0.029416,0.0053922,0.0011737,0.00076345,0.00090334,0.0011622,0.0013207,0.0018048,0.0032716,0.0072307,0.014205,0.004578,0.0027389,0.0019414,0.0016822,0.0012755,0.0013529,0.001051,0.001978,0.0022554,0.0023075,0.0024979,0.0028747,0.0037238,0.0044457,0.0068265,0.017647,0.040764,0.011496,0.0052753,0.0037054,0.0029403,0.0024712,0.0025394,0.0022946,0.030722,0.0032676,0.0039018,0.0040939,0.0051,0.0046526,0.0053754,0.0060815,0.012763,0.057421,0.059843,0.010722,0.0052411,0.0029962,0.0033435,0.00049076,0.00077631,0.0096647,0.00074297,0.00058043,0.00092948,0.00063362,0.0011235,0.0015044,0.0015536,0.0027349,0.014438,0.0051653,0.0015825,0.0010509,0.00073733,0.00085929,0.00065544,0.00078011,0.0052644,0.0022878,0.0026237,0.0027196,0.0027291,0.0031917,0.0036674,0.0055766,0.010274,0.02654,0.021848,0.0070946,0.0039665,0.0028155,0.0023486,0.0017354,0.0018273,0.014778,0.0034431,0.0039172,0.0045444,0.0045787,0.0057652,0.0072597,0.012945,0.024148,0.17009,0.019179,0.012673,0.0089516,0.0077932,0.0077686,0.0062132,0.0059854,0.00057603,0.00046252,0.00030462,0.00066088,0.0007763,0.00079253,0.00058744,0.0011896,0.00018005,0.05235,0.0046989,0.001242,0.00074054,0.00049467,0.00062347,0.00071414,0.00059891,0.0042649,0.00094569,0.0009486,0.00099735,0.0016617,0.0017715,0.0028127,0.0041599,0.010912,0.05444,0.0097341,0.0056936,0.0039253,0.0032117,0.00309,0.0027542,0.0027123
0.00062372,0.0011289,0.00013311,0.00041605,0.00058047,0.00097665,0.0018378,0.0032054,0.01701,0.051475,0.0048322,0.0016487,0.0015276,0.00078158,0.0015476,0.0016542,0.0012417,0.0036831,0.001263,0.0012321,0.0011559,0.0019907,0.0011766,0.0021588,0.0030878,0.0074785,0.01666,0.0078483,0.0030281,0.0019313,0.0016187,0.0013727,0.00122,0.001257,0.0010815,0.00064699,0.00054404,0.0007003,0.00057605,0.00096313,0.00089482,0.0015903,0.0048846,0.025343,0.0049609,0.0019225,0.00097588,0.00063455,0.00046778,0.00029458,1.7174e-05,0.014239,0.015112,0.016649,0.019279,0.023554,0.031614,0.044462,0.076492,0.20425,0.39496,0.11114,0.070317,0.053507,0.044786,0.040316,0.038169,0.03678,0.0063573,0.00052879,0.00039884,9.622e-05,0.00045844,0.00084394,0.0017094,0.0029571,0.0084218,0.018233,0.0056877,0.0032996,0.0026222,0.0021373,0.0015314,0.002458,0.002058,0.0033398,0.0032814,0.0034159,0.00344,0.0039734,0.0045149,0.005774,0.0078305,0.019146,0.058922,0.0092981,0.0041777,0.0024663,0.0014545,0.00090235,0.00061124,0.00028801,0.039508,0.0041705,0.0051492,0.0043944,0.0048485,0.0051027,0.0065312,0.00645,0.014313,0.10021,0.067705,0.019705,0.011654,0.0073614,0.0050532,0.0044845,0.0054418,0.010079,0.00096615,0.00030699,0.00015722,0.00068585,0.00028,0.00033287,0.00069315,0.002694,0.02108,0.00035725,0.0016314,0.00069965,5.9371e-05,0.0001009,3.3807e-05,0.00014496,0.00096704,0.0020022,0.002058,0.002118,0.0023914,0.0027549,0.0035547,0.0050217,0.01161,0.032859,0.016888,0.0043978,0.0023122,0.0016293,0.0010422,0.00065633,0.00065422,0.022534,0.0099597,0.010916,0.011442,0.012575,0.014546,0.019077,0.0279,0.062619,0.15988,0.026867,0.013152,0.0074261,0.0038128,0.0038976,0.0016685,0.0004921,0.00081827,0.0012208,0.0010436,0.001005,0.0013119,0.0012369,0.0020469,0.0025298,0.0043588,0.049075,0.0065749,0.0027765,0.0012549,0.0014003,0.00083021,0.0012859,0.0010357,0.0021954,0.00058885,0.00075118,0.00075949,0.00084148,0.0012606,0.0017338,0.0023409,0.0092548,0.083777,0.0027843,0.000955,0.001066,0.00093292,0.00072417,0.00077953,0.00076487
0.0052949,0.0030596,0.0029418,0.0037836,0.0040266,0.0046948,0.0059374,0.0089071,0.024565,0.055841,0.017203,0.0057186,0.0037777,0.0036081,0.0025791,0.00087279,0.0012245,0.0025196,0.0002987,0.00041538,0.00013021,0.00028065,0.00061026,0.00066874,0.0015902,0.0068801,0.015753,0.0039798,0.0010302,0.00079609,0.00041025,0.00059181,0.00070346,0.00054361,0.0014363,0.001771,0.0013671,0.0016789,0.0017383,0.0021708,0.0024945,0.0038475,0.0088145,0.027984,0.01126,0.0033746,0.0019464,0.0011436,0.0010955,0.00083643,0.0006695,0.036084,0.038538,0.040646,0.04262,0.047343,0.054999,0.070808,0.10517,0.23679,0.32887,0.098126,0.050339,0.03165,0.021463,0.015754,0.010811,0.0099756,0.0064546,0.0016797,0.0010293,0.0011163,0.0012384,0.0018471,0.002189,0.003593,0.0098688,0.011041,0.0057198,0.0025534,0.0020231,0.0012421,0.0013729,0.0011951,0.0013771,0.0032502,0.0028604,0.0029908,0.0033318,0.0036646,0.0045663,0.0060578,0.0099352,0.024892,0.0062707,0.01273,0.0072743,0.0054181,0.0043593,0.003614,0.003709,0.0033799,0.032689,0.00079382,0.00085634,0.0011908,0.0012964,0.0015448,0.0023743,0.0054576,0.005968,0.020667,0.071491,0.017734,0.011482,0.0075079,0.0074881,0.0064429,0.0068322,0.012839,0.00047623,0.0007557,0.00027787,0.00083505,0.00033023,0.00072769,0.0015278,0.0023043,0.0070533,0.0073266,0.0016631,0.00085007,0.0007023,0.00034624,0.00059924,0.00024605,0.0031376,0.00055665,0.00063876,0.00063913,0.0008142,0.001111,0.0017213,0.0023715,0.0086369,0.029692,0.017091,0.0051021,0.0033401,0.0025118,0.0022977,0.0022322,0.0021496,0.0076429,0.0072758,0.007929,0.0076827,0.0094629,0.010268,0.013956,0.021213,0.04296,0.27103,0.0077077,0.0066154,0.0053587,0.0029187,0.0039373,0.00084329,0.0022869,0.0012112,0.0010036,0.00022736,0.0011144,0.0011949,0.0011799,0.0013969,0.0026787,0.0053676,0.048851,0.0048981,0.00233,0.0018002,0.0012801,0.0026833,0.00088781,0.001215,0.0053311,0.0031735,0.0032585,0.0033905,0.0039459,0.0043416,0.005582,0.0089456,0.019112,0.034117,0.0057515,0.0038266,0.0025069,0.00155,0.0010159,0.00082906,0.00081826
0.0045586,0.0048447,0.0046089,0.0052515,0.0054625,0.006987,0.0088524,0.011047,0.013598,0.022175,0.025546,0.0097723,0.0045437,0.003458,0.0013971,0.00084463,0.00061036,0.0030632,0.0011937,0.0013416,0.0016647,0.0014033,0.0016401,0.0020759,0.0032448,0.0038202,0.018956,0.0090077,0.0029675,0.0014672,0.0011999,0.00057092,0.00044488,0.00032808,0.0060388,0.0029929,0.0030967,0.0033967,0.0037032,0.0042083,0.0054407,0.0080801,0.011205,0.027344,0.017104,0.0065791,0.0033741,0.0023329,0.0017384,0.0012469,0.0014076,0.063264,0.042467,0.013573,0.05851,0.078113,0.047893,0.043604,0.17452,0.42548,0.26508,0.12418,0.10643,0.045573,0.013998,0.042861,0.034058,0.0078966,0.008566,0.0015354,0.00035725,0.0025781,0.0031541,0.0019939,0.0017126,0.0073164,0.016831,0.011486,0.0070405,0.0050031,0.0018825,0.0012668,0.0022779,0.0014404,0.00057411,0.0028534,0.0037186,0.0051434,0.0060645,0.0046703,0.0030581,0.0089612,0.018877,0.040842,0.044432,0.019371,0.015305,0.010571,0.0044311,0.0031613,0.0060904,0.007496,0.024624,0.009467,0.0091238,0.0094769,0.0095807,0.01218,0.016068,0.020812,0.033685,0.022561,0.072973,0.019022,0.0097335,0.0076514,0.00486,0.0011627,0.0015068,0.0096055,0.00050546,0.0010054,0.0016473,0.00097621,0.00043008,0.0018285,0.003544,0.0039376,0.016294,0.0088146,0.0043067,0.0025827,0.0011133,0.00084791,0.0015749,0.0018044,0.00073625,0.0013799,0.0010425,0.00083532,0.0009932,0.0022027,0.0034532,0.0049892,0.0059517,0.039158,0.016065,0.0048412,0.0028244,0.0015784,0.0013249,0.0017139,0.0020332,0.018952,0.0061199,0.006539,0.0084814,0.010087,0.011844,0.017268,0.030002,0.088957,0.0832,0.040567,0.027339,0.020838,0.018084,0.015453,0.013056,0.012722,0.0010414,0.00075338,3.178e-05,0.00021973,0.00040001,0.0011323,0.00091995,0.0016051,0.0035108,0.049938,0.0044682,0.00039508,0.00014751,0.00025069,0.00055675,0.0004533,3.8333e-06,0.0017071,0.0006593,0.00063539,0.00087802,0.0010591,0.0011602,0.0018267,0.0034058,0.011321,0.082042,0.0042724,0.0015352,0.0016679,0.0014311,0.0014718,0.0011586,0.0011273
0.010201,0.0084598,0.00548,0.005575,0.0049555,0.0069486,0.0093717,0.0096308,0.052164,0.0093921,0.011795,0.0079401,0.0042565,0.0031051,0.0019029,0.0023001,0.00093843,0.0040989,0.0014316,0.0015296,0.0030533,0.0016802,0.0023196,0.0036421,0.0039902,0.012877,0.0070246,0.005133,0.0025141,0.0011035,0.00074935,0.00045196,0.00012033,0.00014307,0.0006409,0.0033303,0.0022588,0.0032736,0.0034489,0.0039751,0.0061243,0.0054899,0.017103,0.0128,0.0066298,0.0035811,0.002054,0.0012531,0.0012457,0.00086612,0.0003395,0.029522,0.031005,0.030963,0.037745,0.039001,0.047997,0.063277,0.087696,0.28151,0.31159,0.11349,0.064687,0.047126,0.037243,0.032853,0.030012,0.029107,0.009863,0.0048352,0.0015977,0.0034993,0.0033718,0.002351,0.0027652,0.0045763,0.011172,0.010322,0.0065481,0.0025305,0.0018087,0.0013823,0.00083675,0.00077573,0.00065805,0.0018292,0.0029091,0.0027321,0.0036028,0.0037812,0.0056363,0.0059704,0.013334,0.01966,0.021675,0.0064144,0.0036432,0.0026688,0.0020426,0.001705,0.0013484,0.0011921,0.027995,0.0058463,0.0058261,0.0058847,0.0081994,0.0083784,0.012206,0.017602,0.046079,0.086271,0.066025,0.028413,0.01903,0.012667,0.013077,0.011643,0.012018,0.014855,0.0035819,0.0029273,0.0014346,0.003013,0.00061416,0.00073919,0.00014006,0.0041789,0.013237,0.0019917,0.00060586,0.0013441,0.0011796,0.0011004,0.0007086,0.0009804,0.0050946,0.0025751,0.0010788,0.0012044,0.0012712,0.0012974,0.0024873,0.0016595,0.0097846,0.021079,0.013625,0.004242,0.0022228,0.0017752,0.001668,0.0014502,0.0014172,0.018717,0.0053754,0.0018524,0.00078559,0.004308,0.005196,0.0096213,0.014244,0.023678,0.26903,0.035765,0.01487,0.012321,0.011322,0.009866,0.0091141,0.011042,0.00032618,0.00099214,0.00061372,0.0023728,0.0010462,0.00079889,0.0013675,0.0032955,0.0061389,0.048514,0.0072566,0.0032748,0.002511,0.002786,0.0022042,0.0015573,0.0020276,0.004324,0.0012636,0.00088886,0.0015861,0.0011616,0.0032216,0.003455,0.011228,0.011646,0.045935,0.01325,0.0068045,0.0048807,0.0044451,0.0039228,0.0034614,0.0037671
0.027985,0.004945,0.0042816,0.0038836,0.0045451,0.0068897,0.0083619,0.020381,0.037163,0.078848,0.0070659,0.0044504,0.0036059,0.0044032,0.0029273,0.0020015,0.0014458,0.023898,0.0090432,0.0039651,0.0040761,0.0030188,0.0013257,0.0027589,0.0043996,0.01522,0.018858,0.0055118,0.003728,0.002959,0.0031401,0.0024687,0.0024928,0.002409,0.0079633,0.0034055,0.0018244,0.0014183,0.0007495,0.00018547,0.0010744,0.0063382,0.0070365,0.027393,0.0074837,0.0020508,0.0009906,0.00062308,0.00057886,0.00055769,0.00031471,0.045048,0.04943,0.054041,0.055564,0.064123,0.07484,0.095936,0.16418,0.35772,0.46676,0.12497,0.066776,0.041605,0.028949,0.019807,0.01559,0.014332,0.043307,0.0048852,0.0039437,0.0057817,0.001303,0.002364,0.0031128,0.0075556,0.014086,0.0079102,0.0059758,0.0038641,0.0024894,0.0029387,0.0025057,0.0023907,0.0022106,0.012894,0.0036012,0.0033678,0.0047519,0.005331,0.0065727,0.009127,0.0062388,0.032042,0.039714,0.0084623,0.0047428,0.0031541,0.0025827,0.0016986,0.0013044,0.0013962,0.038678,0.0085344,0.006735,0.0043,0.0057993,0.010151,0.01505,0.021984,0.067714,0.025359,0.080121,0.03798,0.026188,0.022509,0.020923,0.018509,0.017514,0.04791,0.0073895,0.0033458,0.00053722,0.0030613,0.0031276,0.0026056,0.0064952,0.011255,0.013522,0.0085377,0.0038179,0.0019395,0.0011148,0.0012683,0.00085393,0.0010796,0.018713,0.0015225,0.00055979,0.00090379,0.00035801,0.0012534,0.0025864,0.010831,0.022508,0.044982,0.0036719,0.003959,0.0035781,0.0030574,0.0026762,0.0025489,0.0022679,0.044528,0.029928,0.013771,0.026926,0.029173,0.021116,0.059348,0.018654,0.20345,0.041692,0.074406,0.026089,0.020252,0.019833,0.0067268,0.014928,0.0052854,0.025122,0.012156,0.0038504,0.0058766,0.0054528,0.0075535,0.011199,0.0054432,0.037484,0.010168,0.017945,0.0063713,0.0045731,0.0040402,0.0012325,0.0030571,0.00061991,0.0068132,0.0071038,0.0032258,0.0071931,0.0066629,0.0074158,0.015309,0.0063632,0.041434,0.01488,0.018492,0.0071984,0.0040429,0.0035908,0.0013164,0.0013867,0.00068665
0.036639,0.0046692,0.0036044,0.0033661,0.0035364,0.0051828,0.0061243,0.010615,0.013873,0.065227,0.014696,0.0057174,0.0048878,0.0042751,0.0020059,0.0030431,0.0019207,0.071752,0.005816,0.0030525,0.0022023,0.0016032,0.00136,0.0023192,0.0037518,0.0063136,0.027621,0.0028677,0.00036981,0.00012391,0.00014098,0.00043065,0.00037464,0.00011825,0.01879,0.0011559,0.00067968,0.00071866,0.00039395,0.00045393,0.00046865,0.0016946,0.0086005,0.035338,0.0089525,0.0031142,0.0016857,0.0011478,0.00070719,0.00066675,0.00058175,0.094839,0.053372,0.055929,0.058932,0.064962,0.076809,0.098403,0.13557,0.41378,0.42764,0.11974,0.063282,0.037662,0.023013,0.014513,0.0081805,0.0041009,0.075977,0.0053583,0.0035064,0.0024805,0.0030729,0.0030007,0.0036565,0.0052916,0.015042,0.015725,0.0056247,0.0026058,0.0016516,0.001495,0.000902,0.00084965,0.00074961,0.0087186,0.0026659,0.003309,0.0034666,0.0043866,0.0052292,0.0075729,0.019872,0.034086,0.066675,0.017363,0.010015,0.0075192,0.0061668,0.0056121,0.0055761,0.005312,0.064311,0.0046194,0.0050926,0.0049684,0.0063218,0.0076201,0.010408,0.018708,0.066076,0.093725,0.061699,0.026817,0.018473,0.0161,0.012286,0.011886,0.012213,0.08526,0.0059118,0.0024828,0.0018519,0.0018388,0.00081808,0.0004782,0.00037147,0.0031468,0.028417,0.0029125,0.00081155,0.0007918,0.00066309,0.00096921,0.0008052,0.00085831,0.023508,0.0021597,0.0018438,0.0018618,0.0018372,0.0026079,0.0034408,0.0052524,0.0092252,0.049249,0.01037,0.0033954,0.002286,0.0016569,0.001297,0.0010137,0.00099757,0.048177,0.0050709,0.005515,0.0070651,0.0081729,0.011046,0.014749,0.029082,0.13247,0.0542,0.03435,0.020304,0.016224,0.013554,0.012532,0.011506,0.01033,0.072189,0.005272,0.0025448,0.00203,0.0010074,0.0008605,0.0014741,0.0029857,0.0099645,0.045994,0.0087009,0.0050012,0.0038391,0.0032407,0.0030604,0.0031908,0.0027447,0.012549,0.0032526,0.0032052,0.0033711,0.0039128,0.0051136,0.0068103,0.016634,0.02525,0.081316,0.012802,0.0066984,0.0047119,0.0039506,0.0031172,0.0029422,0.0027104
0.041423,0.0022152,0.002422,0.0033284,0.0032498,0.0047191,0.0060627,0.011151,0.045563,0.049622,0.025306,0.0092773,0.007274,0.0062912,0.0057699,0.0045666,0.0042325,0.098272,0.0031444,0.0014335,0.00073788,0.00087207,0.0010432,0.00085732,0.00193,0.0081699,0.018641,0.008175,0.0019355,0.0011669,0.00082253,0.00077978,0.0006015,0.00046541,0.026125,0.00094472,0.00029855,0.00037753,0.00056933,0.0011177,0.0023742,0.0030455,0.0072458,0.035947,0.017677,0.0066618,0.0046769,0.0036229,0.003206,0.0031903,0.0029965,0.014519,0.043733,0.044865,0.047511,0.053637,0.063022,0.079698,0.12616,0.2754,0.27312,0.11296,0.058361,0.039231,0.027861,0.021736,0.018952,0.016846,0.10305,0.0034116,0.002118,0.0019961,0.001979,0.0021812,0.0027647,0.0051696,0.010625,0.011711,0.0053683,0.0019884,0.0016611,0.00063528,0.00054825,0.00054228,0.00016404,0.016199,0.0015126,0.0013238,0.0017354,0.0022192,0.0032989,0.0050394,0.0068959,0.024612,0.027275,0.011883,0.0075952,0.0060686,0.0049984,0.0047896,0.0043276,0.0043851,0.077899,0.0014949,0.0018326,0.0012468,0.0031018,0.004457,0.0078151,0.012524,0.024971,0.044871,0.066476,0.02354,0.016215,0.012463,0.010605,0.010311,0.010637,0.11212,0.0032634,0.0013015,0.0012065,0.00058243,0.00081706,0.00064474,0.00072798,0.0033114,0.0038398,0.005677,0.0012134,0.00062195,0.00055253,0.00034632,0.00037335,0.00025178,0.033219,0.0016097,0.0013814,0.0013757,0.0014762,0.0017072,0.0015023,0.0023645,0.0066338,0.016172,0.021046,0.006425,0.0041533,0.0032362,0.0028617,0.0025008,0.00243,0.069316,0.0033637,0.0045133,0.0059487,0.0068806,0.008743,0.012222,0.022358,0.056625,0.29022,0.02442,0.014997,0.013642,0.011162,0.0091103,0.0097213,0.0097333,0.10012,0.004646,0.001909,0.0019239,0.0019935,0.0024131,0.0024414,0.0035052,0.0096511,0.047316,0.010713,0.0047775,0.0031935,0.0019211,0.0018304,0.0020594,0.0020962,0.0094511,0.0023135,0.0019679,0.0026251,0.0029007,0.0031803,0.0037861,0.0050492,0.02011,0.047571,0.012074,0.0061615,0.0046708,0.0037855,0.0033623,0.003209,0.0031452
0.040167,0.005331,0.0059782,0.0053357,0.0060217,0.0077278,0.0092384,0.012843,0.031712,0.020476,0.0083792,0.0069371,0.0043979,0.0029035,0.0016682,0.0015047,0.0011997,0.083434,0.0088581,0.003895,0.0025669,0.0031326,0.0027064,0.0026124,0.0036494,0.0090651,0.019709,0.0026957,0.00049896,0.00070402,0.00057538,0.00092191,0.00075977,0.00069619,0.023222,0.0035197,0.0023858,0.0022939,0.0021533,0.0033215,0.0041518,0.0073361,0.016904,0.028965,0.0058613,0.0038786,0.0025319,0.0018772,0.0018539,0.0017042,0.0016156,0.085273,0.043994,0.043886,0.046721,0.053305,0.062217,0.082532,0.12687,0.42171,0.3569,0.093769,0.050411,0.033619,0.023895,0.017526,0.014205,0.012507,0.089607,0.0072218,0.0030077,0.0032016,0.0024131,0.0023931,0.0028399,0.0042658,0.01496,0.016066,0.0014717,0.0012255,0.0012665,0.00077386,0.0011279,0.0017514,0.00029565,0.012804,0.0020712,0.0016602,0.0019423,0.0024796,0.0032971,0.0045669,0.0090921,0.036014,0.060472,0.0087969,0.005589,0.0045246,0.0042148,0.0034167,0.0032273,0.0033703,0.058728,0.0062103,0.0070682,0.0076275,0.007948,0.0091356,0.012685,0.016503,0.037419,0.019448,0.083423,0.025754,0.015813,0.010564,0.0096005,0.0081391,0.0083658,0.099916,0.0086794,0.0043057,0.0030475,0.0032416,0.002596,0.0027574,0.0037556,0.00699,0.016279,0.00912,0.0034747,0.001879,0.0012256,0.0011814,0.0011862,0.0010414,0.028082,0.0025288,0.0011453,0.00073541,0.00036646,0.00040316,0.00047767,0.0017351,0.0029976,0.042414,0.016981,0.0037299,0.0019396,0.0013044,0.0010704,0.00066551,0.00094035,0.060605,0.0076107,0.0064401,0.0079385,0.011288,0.014249,0.02241,0.039553,0.1178,0.060928,0.071678,0.038456,0.029813,0.025564,0.022386,0.023315,0.022129,0.085706,0.0081712,0.0034693,0.0016206,0.0021728,0.0014275,0.001414,0.0013137,0.0027938,0.048559,0.0025239,0.00081106,0.0011209,0.0010878,0.0012972,0.00087338,0.00012588,0.0096838,0.0011269,0.00037611,0.00064868,0.00063657,0.0018222,0.0028386,0.0055672,0.019207,0.077502,0.0075868,0.0036795,0.0030242,0.0024176,0.002616,0.0026887,0.0023099
0.016369,0.0077927,0.0079709,0.0098726,0.010865,0.010419,0.012823,0.013808,0.075477,0.027572,0.032791,0.012129,0.0071544,0.0064697,0.0057009,0.0031032,0.0020485,0.051436,0.0048445,0.0036196,0.002659,0.0013951,0.0044994,0.0052949,0.0064614,0.018282,0.010937,0.01198,0.0038538,0.002006,0.0013701,0.0010283,0.00077472,0.00073052,0.0078965,0.0040335,0.0048105,0.005838,0.0059248,0.0058636,0.0077758,0.012464,0.025019,0.0093881,0.024191,0.0072038,0.0043206,0.0034803,0.0025479,0.002275,0.0016632,0.016276,0.042129,0.044205,0.047939,0.052419,0.06365,0.080632,0.11448,0.34201,0.38453,0.086327,0.048357,0.030781,0.020769,0.014499,0.010256,0.0092336,0.058454,0.0039663,0.002827,0.0038812,0.0036357,0.0025444,0.0043354,0.0047974,0.012593,0.014123,0.0021867,0.0018463,0.0010412,0.0010984,0.00058377,0.0012448,0.00077821,0.0095464,0.0018054,0.0020608,0.00115,0.0024664,0.0039164,0.0079484,0.01722,0.033602,0.02876,0.018361,0.0091287,0.0075988,0.0065507,0.0056006,0.0051611,0.0050984,0.058927,0.0074241,0.0047859,0.0072301,0.0087658,0.0073867,0.009479,0.0058416,0.074649,0.038471,0.082297,0.011138,0.006502,0.0044219,0.0036674,0.003364,0.0024109,0.062072,0.0043673,0.0017327,0.0015601,0.0021767,0.0028113,0.0031605,0.0054343,0.010186,0.019686,0.014544,0.0065243,0.0040021,0.0034057,0.0029751,0.003189,0.0023938,0.018708,0.0015235,0.0017009,0.0030623,0.0030572,0.0020275,0.0020811,0.0078668,0.013394,0.023871,0.023565,0.0052141,0.0045942,0.0034724,0.0031165,0.0029909,0.0023194,0.048148,0.0089058,0.007523,0.008253,0.012083,0.015852,0.024354,0.039152,0.15859,0.25997,0.053929,0.028275,0.023443,0.020568,0.020086,0.01802,0.016207,0.047808,0.0045515,0.0026202,0.0034074,0.0047945,0.0034118,0.0043442,0.0056528,0.010404,0.046329,0.020552,0.0037342,0.0042392,0.002148,0.0017579,0.00085781,0.00173,0.0075132,0.00071886,0.00075251,0.0012723,0.0012522,0.0035263,0.0065539,0.017406,0.035525,0.035282,0.026452,0.012723,0.0097334,0.0079739,0.0070974,0.0066737,0.0067655
0.016138,0.0077523,0.0075301,0.0065164,0.0074833,0.01015,0.013321,0.02466,0.050411,0.013451,0.027481,0.012831,0.0089884,0.0065802,0.0049401,0.0046294,0.0041485,0.025,0.0046462,0.0031006,0.0038317,0.0041366,0.0030061,0.0037072,0.0055743,0.014456,0.005326,0.011893,0.0041069,0.0031498,0.0025624,0.0019882,0.0020342,0.0019284,0.0093843,0.0034107,0.003143,0.0030123,0.0033469,0.0047484,0.0058124,0.007485,0.019259,0.0079498,0.013377,0.005305,0.0035821,0.0024653,0.0019665,0.0017642,0.0017433,0.057113,0.041191,0.042679,0.043772,0.051879,0.060049,0.076825,0.13776,0.27016,0.30477,0.1171,0.062195,0.041788,0.031405,0.024855,0.021292,0.020678,0.031344,0.0051307,0.0023719,0.0059317,0.0012174,0.0020006,0.0025593,0.0068822,0.0097455,0.013367,0.0059203,0.0016952,0.00093936,0.00068375,0.00086213,0.00085535,0.00058175,0.0033436,0.0019143,0.001907,0.0028478,0.0019365,0.0037899,0.0049611,0.0039846,0.021295,0.041515,0.0085584,0.0070039,0.0052626,0.0045987,0.0039524,0.0037783,0.0038281,0.037547,0.0038513,0.0075703,0.0090523,0.0015506,0.012195,0.010492,0.016217,0.030584,0.059598,0.081757,0.030098,0.0030143,0.011781,0.0075283,0.003593,0.0092336,0.039918,0.0038456,0.0026214,0.0022299,0.0020524,0.0034218,0.0026258,0.0058454,0.011163,0.0082462,0.013825,0.0062238,0.0010028,0.0040539,0.0020537,0.0015437,0.0030404,0.011982,0.00091786,0.00022925,0.0012625,0.0016005,0.0019068,0.0051849,0.0082528,0.012438,0.014823,0.021504,0.011476,0.0099894,0.004873,0.0059658,0.0061681,0.0037957,0.029488,0.00841,0.0067842,0.0097318,0.0074797,0.010321,0.013967,0.027795,0.043887,0.26442,0.016049,0.012821,0.0098141,0.0073409,0.0083191,0.007723,0.0052071,0.029351,0.0044763,0.0015702,0.0034049,0.0034537,0.0027624,0.0028548,0.0047102,0.013118,0.043271,0.021158,0.0057419,0.0038299,0.0024403,0.0037657,0.0029126,0.0019341,0.0083734,0.0022022,0.0027068,0.003526,0.0032442,0.0037503,0.0051992,0.0029215,0.021523,0.053937,0.020975,0.0085443,0.0060748,0.0049215,0.0044182,0.0041671,0.0037919
0.0037823,0.004555,0.0025606,0.0056595,0.0039203,0.0063968,0.0088937,0.0091951,0.045378,0.031926,0.028801,0.014685,0.008227,0.0072853,0.006587,0.007024,0.0064565,0.017086,0.0012719,0.0013945,0.0034559,0.0019478,0.0016954,0.0022729,0.0043139,0.013456,0.0064186,0.0087398,0.0047131,0.0028056,0.002776,0.0020227,0.0022428,0.0019531,0.0019074,0.0021356,0.0012169,0.0030569,0.0012308,0.0036217,0.0036596,0.0058594,0.015779,0.013899,0.017993,0.0065727,0.0041682,0.0033896,0.0029654,0.0025945,0.0027848,0.0056935,0.022281,0.042448,0.063961,0.084447,0.1045,0.12843,0.14974,0.30399,0.39904,0.034951,0.036073,0.040023,0.036853,0.031928,0.023271,0.021292,0.024245,0.00095166,0.0025373,0.0029762,0.00455,0.0034804,0.0055932,0.0041669,0.011835,0.012951,0.0054172,0.0013202,0.0012329,0.0018353,0.0016093,0.00043734,0.0017033,0.0027447,0.00090121,0.0026191,0.0014419,0.0035527,0.0054513,0.0049465,0.015827,0.021698,0.050312,0.0090115,0.0065204,0.0057074,0.0054789,0.00544,0.0051018,0.0052319,0.047671,0.0047076,0.004677,0.0088635,0.0052585,0.0094427,0.0090985,0.0099927,0.034674,0.040543,0.084955,0.012487,0.0086325,0.0038679,0.0018176,0.0029305,0.0016079,0.027497,0.0011345,0.0011525,0.0027719,0.0025452,0.00088526,0.0017047,0.0014351,0.0071012,0.011913,0.010394,0.0024411,0.0014405,0.0014308,0.001247,0.0011357,0.0014954,0.0088464,0.0004427,8.5953e-05,0.0017404,0.0011386,0.0015593,0.0027312,0.0043482,0.012923,0.033456,0.017453,0.0051543,0.0024486,0.0022728,0.0019448,0.0015633,0.0017815,0.032694,0.0112,0.010866,0.015092,0.015326,0.018034,0.022714,0.037746,0.064178,0.12698,0.062717,0.028456,0.01974,0.014543,0.01352,0.013214,0.011862,0.017561,0.00026979,0.0017942,0.0046074,0.0030244,0.0014776,0.0032339,0.0017246,0.0052241,0.051249,0.0060114,0.0044893,0.0014174,0.0016527,0.00052661,0.0013545,0.00085261,0.0047131,0.00023034,0.0010806,0.00053773,0.0018396,0.0018265,0.0018412,0.009859,0.012476,0.064026,0.016235,0.0058377,0.0047956,0.0037116,0.0034934,0.0033334,0.0032025
0.0045853,0.00078448,0.0011095,0.00085451,0.0014529,0.0013311,0.0026591,0.0084678,0.010975,0.036724,0.022452,0.0067607,0.0044634,0.0042594,0.0021137,0.0018472,0.0026207,0.0071355,0.0022749,0.001281,0.0012797,0.00020569,0.0015983,0.0022967,0.0026136,0.0046869,0.0080605,0.014698,0.0039478,0.0025458,0.0016503,0.0015341,0.0012102,0.0012417,0.00066566,0.0010066,0.00052713,0.0011644,0.0011396,0.00070956,0.0020327,0.0059197,0.0018018,0.032815,0.017175,0.0050876,0.0032776,0.0025964,0.0021268,0.0017711,0.0020352,0.035138,0.029758,0.031637,0.03216,0.039442,0.046465,0.060553,0.098701,0.19698,0.30728,0.11597,0.061449,0.043428,0.033689,0.028248,0.024979,0.024674,0.014059,0.0027427,0.0020275,0.005373,0.0029994,0.0026449,0.0031988,0.0071778,0.0088372,0.013149,0.0034169,0.0024398,0.0013557,0.0008471,0.00047543,0.00032485,0.0009289,0.0015946,0.00056026,0.0011336,0.0018276,0.0015168,0.0027435,0.0035135,0.010984,0.017188,0.030835,0.018884,0.0093031,0.0070697,0.0062197,0.0050945,0.0048661,0.0048028,0.039164,0.0015438,0.0013488,0.0019022,0.00068619,0.00047702,0.0011986,0.0075044,0.001295,0.013221,0.065719,0.0043924,0.0013272,0.0022638,0.0012706,0.00044154,0.0013447,0.022147,0.0018207,0.0011467,0.00087474,0.0012967,0.0012737,0.0012816,0.0030732,0.0034179,0.013245,0.0046636,0.0020077,0.0013458,0.00097242,0.00088751,0.00068268,0.00058554,0.0043164,0.0016705,0.0019844,0.0028337,0.002561,0.0026852,0.0049934,0.0056597,0.0098631,0.026541,0.026092,0.0054653,0.0028405,0.0019693,0.0010426,0.001147,0.0010815,0.020874,0.0033749,0.0047362,0.0051783,0.0039114,0.0038253,0.0051673,0.0097267,0.025312,0.25489,0.022916,0.0066042,0.0036751,0.0017897,0.0011259,0.00028606,7.2479e-05,0.010765,0.0013418,0.00079898,0.0027979,0.0028287,0.0023829,0.0029968,0.0049586,0.0096488,0.041848,0.011072,0.0066891,0.0037137,0.0038,0.0036014,0.0028182,0.0027962,0.0049897,0.0011347,0.0015246,0.0017926,0.0015417,0.0032738,0.0042168,0.0086739,0.017586,0.04765,0.016668,0.0097732,0.0072989,0.0060215,0.0055986,0.0052879,0.0051003
0.0016861,0.0014686,0.0014069,0.0012054,0.0021949,0.0015299,0.0017551,0.011729,0.01751,0.051555,0.011623,0.0031255,0.0014498,0.0023409,0.00053136,0.00072076,0.00076295,0.0020638,0.002178,0.0016857,0.0019779,0.002742,0.0012539,0.00063247,0.0022158,0.0047008,0.01982,0.0031905,0.0019126,0.00082045,0.00070986,0.00056054,0.00025085,0.00015641,0.00096896,0.001887,0.0019202,0.0021379,0.0014721,0.00032768,0.000893,0.0061657,0.0048761,0.011434,0.0088223,0.0030302,0.0018388,0.0011049,0.0011075,0.0010406,0.00098803,0.0073377,0.00674,0.0093426,0.013356,0.011727,0.018202,0.029665,0.081604,0.15763,0.51899,0.095665,0.057078,0.045285,0.037976,0.033861,0.03176,0.030089,0.010456,0.0021293,0.0031101,0.0057098,0.0017561,0.0019521,0.0015916,0.0061767,0.0062017,0.018299,0.0049171,0.0022834,0.0019974,0.0011742,0.0011848,0.0014281,0.00047303,0.0011196,0.0029562,0.0032363,0.0025301,0.0039377,0.0033798,0.0034947,0.01101,0.011654,0.046854,0.0093586,0.0039299,0.0020585,0.0013201,0.00093929,0.00035278,0.00053598,0.038302,0.002875,0.0016566,0.0015245,0.0017646,0.0041433,0.0049946,0.0017761,0.031965,0.072337,0.084608,0.017048,0.011362,0.0073122,0.0067391,0.0064417,0.005766,0.013684,0.001252,0.0015606,0.00074977,0.0013207,0.0017962,0.0016829,0.0014464,0.0017252,0.020933,0.0064103,0.0036227,0.0019588,0.0010724,0.00045405,0.00050493,0.00090409,0.0036202,0.00091047,0.0017133,0.0019763,0.0011131,0.0010431,0.0015484,0.0087388,0.0068577,0.03624,0.011292,0.0025104,0.0010078,0.00055851,0.00039611,9.113e-05,0.00016786,0.0037213,0.0089771,0.010907,0.012112,0.011148,0.013243,0.017257,0.051739,0.049496,0.097286,0.032385,0.017391,0.011489,0.0073257,0.0062706,0.0061119,0.0057088,0.0041161,0.00080583,0.0011434,0.0032575,0.0042747,0.0046487,0.0055311,0.0050929,0.0046336,0.052049,0.0082756,0.003195,0.0024399,0.001868,0.0011798,0.00042323,0.00016785,0.0045205,0.00088424,0.0013439,0.0011317,0.0015623,0.001542,0.0010912,0.014637,0.0047947,0.065892,0.010627,0.0052916,0.0035499,0.0030169,0.0028714,0.0023329,0.0023346
0.0080262,0.00093196,0.00031972,0.0024435,0.0021416,0.0041158,0.0036237,0.013417,0.015897,0.012384,0.034856,0.0098395,0.0064194,0.0066927,0.0052078,0.0057992,0.0051232,0.0011769,0.0021534,0.00051021,0.0042598,0.0030335,0.00048366,0.0012127,0.0013327,0.003902,0.0081142,0.0086391,0.0017836,0.0013441,0.0010866,0.00075199,0.00042836,0.00074197,0.0011196,0.00083537,0.0012488,0.0022711,0.0004743,0.003528,0.0028158,0.0054876,0.0086354,0.019525,0.025314,0.0072017,0.0046362,0.0035074,0.0026819,0.0026447,0.0022717,0.018925,0.017653,0.018953,0.014074,0.02207,0.025711,0.031708,0.034402,0.067226,0.31591,0.070271,0.031241,0.01836,0.013178,0.0091581,0.0059999,0.0064774,0.01396,0.0013524,0.0013416,0.0076885,0.00076052,0.0010867,0.001487,0.0040107,0.0028314,0.020661,0.004216,0.0014027,0.00075769,0.00045509,0.00070394,0.00016429,0.0013943,0.0041772,0.0017339,0.0029788,0.0023072,0.0031409,0.0031204,0.0033345,0.021118,0.0069988,0.046557,0.0079594,0.0045367,0.0025322,0.00184,0.0011643,0.0010527,0.00090409,0.029522,0.0049291,0.0053567,0.0054069,0.0046583,0.0066791,0.0071669,0.017376,0.028009,0.030634,0.082291,0.013093,0.0053159,0.0049198,0.0038671,0.0028559,0.0028191,0.019699,0.0020066,0.00052084,0.0032643,0.0033434,0.00072951,0.0012255,0.00059574,0.0026606,0.005436,0.0098583,0.0017033,0.0018244,0.00094661,0.00094142,0.0010441,0.00088122,0.0075704,0.00064169,0.001005,0.00070234,0.0020023,0.00084984,0.0026535,0.0078459,0.0012393,0.014901,0.017185,0.0017671,0.00070741,0.00094557,0.00046738,0.00065114,0.00046729,0.012251,0.0081071,0.0076455,0.01377,0.010142,0.011388,0.015218,0.047647,0.033178,0.19315,0.062214,0.023312,0.0139,0.01046,0.010664,0.0092701,0.0084859,0.0053922,0.0020007,0.0010988,0.0073771,0.0020082,0.0029782,0.0028781,0.0077336,0.010403,0.040255,0.017653,0.0052821,0.0035669,0.0049333,0.0026728,0.0025574,0.0037633,0.00049784,0.0037212,0.0045626,0.0032422,0.0052219,0.0045003,0.0072445,0.023772,0.010929,0.058871,0.020604,0.008114,0.003914,0.0025378,0.0017874,0.0012612,0.0011235
0.0018768,0.0038545,0.0030944,0.0034356,0.0055964,0.0055234,0.0070942,0.0043953,0.013764,0.028703,0.034938,0.0083393,0.0051001,0.0052692,0.0046066,0.0029974,0.0023308,0.00029755,0.0013642,0.0015108,0.0015884,0.0017566,0.0014794,0.0022919,0.0040082,0.0055067,0.01468,0.013892,0.0029336,0.0013922,0.0012344,0.00060221,0.00019811,0.00018693,0.0048276,0.0023949,0.0021374,0.0025212,0.0027532,0.0025386,0.0029902,0.0091211,0.0098813,0.0023201,0.026647,0.0054438,0.0028118,0.001562,0.0010581,0.00081869,0.00071527,0.022591,0.020986,0.021811,0.022014,0.02636,0.030997,0.038783,0.037698,0.13788,0.42475,0.06853,0.037527,0.025064,0.019213,0.015883,0.015238,0.01318,0.011542,0.0023173,0.001078,0.0035236,0.0024835,0.0022538,0.0025708,0.0030416,0.0067469,0.013425,0.0028693,0.001191,0.0006428,0.00082083,0.00085499,0.0009888,0.00016595,0.0022393,0.0022791,0.0021259,0.0024339,0.0034171,0.0033661,0.0045939,0.017732,0.013903,0.020899,0.0076511,0.0061125,0.0043659,0.0035094,0.0031631,0.0028893,0.003212,0.029471,0.001988,0.0030777,0.0025508,0.0011701,0.0023499,0.0039537,0.0083872,0.017109,0.021827,0.061195,0.0076098,0.0030404,0.0017439,0.0009404,0.0014798,0.00044442,0.016224,0.0020848,0.00033221,0.00096724,0.0016189,0.00083661,0.0010273,0.0023195,0.0023494,0.016069,0.0084054,0.002673,0.001818,0.0019124,0.0012501,0.001078,0.0014038,0.0053158,0.001919,0.0016847,0.0022201,0.0018494,0.0021146,0.0028505,0.008648,0.0083241,0.040765,0.027427,0.0062821,0.0038627,0.0024351,0.0021073,0.0021172,0.0016728,0.023875,0.0080638,0.0064877,0.0055222,0.0081629,0.0085835,0.0098387,0.010295,0.011269,0.18139,0.043194,0.014873,0.0086095,0.0064225,0.0038553,0.0040249,0.0068151,0.0014706,0.0014959,0.0011388,0.0039394,0.0034371,0.0033913,0.002947,0.0039358,0.0094449,0.048053,0.011794,0.0044369,0.0032118,0.0024246,0.0021842,0.0018682,0.0011463,0.0024014,0.00069691,0.001047,0.0017637,0.0018785,0.0029032,0.0050925,0.014035,0.012351,0.040996,0.012188,0.0090058,0.0066518,0.0055988,0.0050652,0.0048731,0.0044766
0.0029488,0.0024661,0.002384,0.0023197,0.00074266,0.0036901,0.0052455,0.0068127,0.032762,0.01145,0.033749,0.0078177,0.0033655,0.0035825,0.0041994,0.0019179,0.0034142,0.0030938,0.00034657,0.00014009,0.0014533,0.0035972,0.00075426,0.00032094,0.0017287,0.0050573,0.010509,0.014683,0.0024566,0.0016967,0.0014147,0.0016656,0.00064323,0.0011025,0.0023346,0.0007046,0.00023302,0.00052924,0.00076818,0.0024525,0.0032598,0.0075129,0.0042094,0.01582,0.028273,0.0081798,0.0044648,0.0034801,0.0029217,0.0030836,0.0030327,0.019547,0.020095,0.02099,0.01815,0.025946,0.030987,0.040167,0.054809,0.13819,0.41127,0.083103,0.041583,0.029185,0.023197,0.021324,0.017991,0.017353,0.0057221,0.0010934,0.0014377,0.0063368,0.0013185,0.00060251,0.00082208,0.00027081,0.003294,0.022144,0.0010672,0.0013054,0.00085447,0.0008794,0.0013565,0.0005792,0.0014611,0.0015202,0.00081572,0.00048534,0.00094646,0.00020484,0.00092681,0.0016981,0.0076231,0.0061629,0.058943,0.0093034,0.0019033,0.00078207,0.00069912,0.00071539,0.00040065,0.00050164,0.036234,0.002736,0.0038656,0.0036339,0.0063202,0.0028743,0.0027156,0.0074715,0.034792,0.05045,0.075296,0.016927,0.010027,0.0090178,0.0079994,0.0060186,0.0069181,0.011,0.00096345,0.00096405,0.00093557,0.0029948,0.0017295,0.0019225,0.00073257,0.0025571,0.013221,0.0043456,0.00023967,0.00082338,0.00051543,0.00058095,0.00017941,0.00033762,0.0019245,0.00033162,0.00062895,0.0013089,0.0015613,0.0017619,0.0018644,0.0037115,0.0041082,0.025222,0.019458,0.0035344,0.001513,0.001168,0.00089359,0.00092442,0.00079538,0.014048,0.010307,0.0057157,0.0065372,0.012435,0.0074836,0.025195,0.018159,0.11287,0.10354,0.080461,0.02904,0.023488,0.023637,0.011985,0.021202,0.0082494,0.0014153,0.0012108,0.001203,0.0061552,0.0024508,0.0013998,0.0040812,0.0020483,0.013091,0.036761,0.020035,0.0046795,0.0079547,0.0028696,0.0048726,0.0026748,0.0044099,0.0023175,0.0037936,0.004849,0.003439,0.0074969,0.0031955,0.012561,0.0084292,0.028143,0.057389,0.033718,0.0056597,0.011062,0.001839,0.007698,0.00069938,0.0068379
0.00020598,0.0028562,0.0028352,0.0026825,0.0014582,0.0029521,0.0039577,0.0059018,0.024329,0.015151,0.03066,0.0094918,0.0059615,0.0057899,0.0054794,0.0034671,0.0040513,0.0051804,0.0012851,0.001101,0.00077755,0.0014771,0.0017046,0.0020095,0.0026096,0.0070611,0.0098397,0.013334,0.0038739,0.002129,0.0016136,0.0013777,0.0011037,0.0011292,0.00078013,0.0020537,0.0021774,0.0024646,0.0025909,0.0027118,0.003776,0.0053351,0.011173,0.0097322,0.022692,0.0068122,0.0040986,0.0028142,0.0022859,0.0022872,0.0023213,0.021584,0.021732,0.022655,0.022944,0.027895,0.032556,0.04208,0.059412,0.14259,0.30702,0.080299,0.044141,0.031111,0.023998,0.020872,0.017697,0.016957,0.0023385,0.00085962,0.0010382,0.0028589,0.0018705,0.0017978,0.0024081,0.0026529,0.0059858,0.013662,0.0036377,0.0019805,0.0015606,0.00060362,0.00051711,0.0011579,0.00065232,0.00022315,0.0014204,0.0013369,0.0015314,0.0019881,0.0020522,0.0029802,0.005562,0.0086699,0.020659,0.0012,0.0021004,0.0014873,0.0011954,0.0012075,0.00092792,0.0010014,0.04419,0.0089883,0.0078514,0.0083022,0.0076972,0.0077516,0.006858,0.0085118,0.017058,0.048887,0.066455,0.021929,0.014158,0.010905,0.009907,0.0083096,0.0087701,0.0081807,0.00049965,0.00068815,0.0013016,0.0011183,0.0012858,0.0010517,0.0013993,0.002671,0.010798,0.0017019,0.00053294,0.00089952,0.0010156,0.00088245,0.00089051,0.00083353,0.0032578,0.00047844,0.00056473,0.0010567,0.00071064,0.0012307,0.001311,0.0024197,0.0041288,0.029501,0.021748,0.0061629,0.003718,0.0026166,0.0020488,0.0019009,0.001915,0.011782,0.001009,0.0011334,0.0020932,0.00093912,0.0011791,0.0020351,0.0044368,0.016049,0.23656,0.014193,0.0036439,0.0022004,0.001038,0.0028234,0.00051101,0.00097467,0.0018578,0.00066429,0.0011591,0.0030317,0.0014868,0.0011549,0.0018427,0.0026817,0.0051348,0.049675,0.0062874,0.0024967,0.0023392,0.0017289,0.0017089,0.0014362,0.0012245,0.0045968,0.00090488,0.00085983,0.00097116,0.00087483,0.001504,0.0015838,0.0040479,0.0053643,0.0473,0.0058611,0.0033187,0.0023789,0.0018937,0.0018929,0.0014306,0.0015297
0.0031567,0.0033473,0.0032476,0.0033598,0.0039674,0.0044747,0.0060069,0.0060426,0.013622,0.013462,0.027061,0.0070294,0.00328,0.0043952,0.0031994,0.0021818,0.00062372,7.6272e-05,0.0018641,0.0017421,0.0010328,0.0015618,0.0013703,0.0032629,0.0034057,0.0054741,0.014775,0.013757,0.0032842,0.0015882,0.001125,0.00072447,0.0003254,8.0109e-05,0.001997,0.0025185,0.002653,0.002765,0.0032666,0.0034203,0.0037809,0.0049458,0.007193,0.014459,0.023532,0.0061724,0.0031964,0.0018135,0.0014745,0.001007,0.00097086,0.0074026,0.073318,0.027958,0.070678,0.061197,0.065997,0.11719,0.062182,0.39599,0.21509,0.21418,0.038518,0.056827,0.026364,0.021736,0.016991,0.013129,0.0059491,0.0029859,0.0009802,0.0036696,0.0019089,0.0019628,0.0033072,0.0029281,0.013137,0.0056806,0.0067099,0.00016734,0.0020694,0.00085803,0.00092823,0.00062351,0.00062372,0.0013523,0.0049362,0.0018154,0.0049695,0.0039436,0.0045324,0.0073218,0.0052059,0.024856,0.026366,0.014474,0.0030361,0.0040923,0.001594,0.0015437,0.0012391,0.0010891,0.036086,0.00028465,0.001424,0.0021373,0.0032837,0.0041463,0.007496,0.012239,0.017499,0.023188,0.060498,0.023059,0.015246,0.011994,0.0099042,0.010752,0.0099622,0.010658,0.0014699,0.00085041,0.00092498,0.00033617,0.00058772,0.00049576,3.7165e-05,0.0012237,0.017034,0.0033025,0.00078934,0.00063437,0.00040482,0.00032006,0.00042758,0.00028611,0.0064431,0.001665,0.0016771,0.0015647,0.0020811,0.0025301,0.0030967,0.0032557,0.0067765,0.046383,0.018696,0.0060368,0.003741,0.002751,0.0023763,0.0023757,0.0021286,0.015446,0.0035776,0.0035815,0.0052347,0.0048035,0.0054931,0.0072485,0.013252,0.0263,0.17815,0.012371,0.0071798,0.0059156,0.0046774,0.0048897,0.0039986,0.0044823,0.0011559,0.0014686,0.00096837,0.0025376,0.00044867,0.0005583,0.00010705,0.00041639,0.0028851,0.049374,0.0017834,0.00063505,0.00011916,0.00037996,0.00060996,0.00047321,0.00051118,0.0049954,6.4787e-05,0.00029997,0.00051752,0.00069873,0.0007288,0.0016393,0.0025685,0.0060031,0.052155,0.0033176,0.0028196,0.002174,0.0018221,0.0016791,0.0017821,0.0018215
0.0071488,0.0025385,0.0028361,0.0035326,0.0015919,0.0052193,0.005272,0.0073686,0.042555,0.010726,0.032015,0.0094431,0.00609,0.0057266,0.0044319,0.0043293,0.0042229,0.0022793,0.0014511,0.0019839,0.00043244,0.002174,0.001228,0.0026104,0.0023177,0.010037,0.00517,0.014,0.0044348,0.0030181,0.002051,0.0022304,0.0018544,0.0016575,0.00069811,0.00063528,0.00074154,0.0013941,0.00052725,0.0025363,0.0024569,0.0036149,0.0097646,0.0088686,0.029393,0.0080999,0.0060938,0.0045073,0.0038494,0.0035808,0.0036431,0.02167,0.020174,0.021585,0.02419,0.026534,0.031085,0.039494,0.05364,0.15806,0.4401,0.059818,0.039866,0.028629,0.022117,0.018677,0.015846,0.015959,0.01268,0.00091562,0.0014062,0.0025605,0.0016146,0.00041542,0.0011583,0.0027169,0.004696,0.02168,0.0030138,0.0014345,0.0011504,0.00064236,0.0010867,0.0011453,0.00064088,0.0018845,0.00050849,0.00066596,0.00026535,0.00077629,0.0018431,0.0015614,0.0069726,0.0049161,0.061524,0.0041081,0.001211,0.00076874,0.00085712,0.0011402,0.00091663,0.00090409,0.034094,0.0021375,0.0011117,0.002082,0.0033253,0.0021959,0.0071291,0.012879,0.0058441,0.098493,0.056649,0.021088,0.013745,0.013395,0.009132,0.010057,0.0086881,0.017693,0.0012604,0.00082238,0.00084658,0.0015858,0.00041179,0.00032836,0.00051927,0.0026373,0.01342,0.006034,0.00098416,0.0007816,0.00067624,0.00029584,0.00046473,0.00055313,0.0049344,0.0013945,0.0014972,0.0019998,0.00077557,0.0030321,0.0040124,0.0012791,0.011664,0.018608,0.020735,0.0067115,0.0045892,0.0036186,0.0029951,0.0028255,0.0027218,0.027649,0.010146,0.010609,0.012145,0.012736,0.014674,0.019561,0.024589,0.043094,0.14091,0.043277,0.016255,0.0092819,0.0060028,0.0039822,0.0033163,0.0035248,0.0026112,0.0020471,0.0018914,0.0053139,0.0021274,0.0028201,0.0039813,0.0043148,0.0083681,0.046443,0.0097068,0.0052906,0.0021482,0.0022275,0.0019085,0.0015452,0.0007763,0.0054952,0.0014778,0.0017772,0.0015568,0.0010616,0.0027585,0.0044356,0.003214,0.0059478,0.078511,0.011538,0.0029051,0.0017684,0.0011715,0.00041414,0.00027878,3.6236e-05
0.0079557,0.0018964,0.002909,0.0020641,0.0018676,0.0022428,0.0032097,0.006969,0.012037,0.017453,0.030626,0.0082863,0.0061719,0.0035359,0.0034534,0.0022772,0.0027371,0.00036813,0.0005301,0.00045849,0.00053017,0.00032143,0.0012756,0.00099332,0.0016457,0.0043302,0.0062705,0.011242,0.0035926,0.002315,0.0019047,0.0015309,0.0014272,0.0015583,0.00040817,0.0016218,0.0015763,0.0018892,0.0021014,0.0021134,0.0030888,0.0023289,0.0073161,0.011543,0.024647,0.0054375,0.0034088,0.0023012,0.0020158,0.0018554,0.0019112,0.021006,0.022911,0.02461,0.027993,0.028913,0.035484,0.046523,0.077249,0.1536,0.34194,0.087586,0.052471,0.03748,0.030943,0.02716,0.024536,0.023863,0.011191,0.0007921,0.00047804,0.001759,0.0011409,0.0011925,0.0014257,0.0040218,0.0072133,0.013271,0.0011558,0.0022941,0.0015024,0.0017087,0.0014321,0.0017375,0.0021649,0.002903,0.0032799,0.0033839,0.0032665,0.0040885,0.0045658,0.0056529,0.0077122,0.017726,0.0081999,0.0099055,0.0053426,0.0032897,0.0022804,0.0015876,0.0010892,0.00083544,0.030983,0.00093139,0.0012324,0.0019237,0.0022723,0.0031798,0.0043864,0.0077015,0.018455,0.048791,0.061341,0.020812,0.013172,0.010392,0.0099523,0.0079249,0.0076295,0.017775,0.00067673,0.0007629,0.00081811,0.0005924,0.0012554,0.0019371,0.0013941,0.0017588,0.01478,0.010416,0.0028756,0.0019022,0.0012957,0.0012586,0.0010315,0.00081445,0.0036698,0.0010053,0.0010832,0.0012973,0.0015936,0.0022037,0.0026543,0.0039228,0.0080571,0.032854,0.020561,0.0076719,0.0053514,0.0042613,0.0038536,0.0035096,0.0033989,0.018139,0.0017494,0.00054893,0.0012474,0.00024063,0.001141,0.0016793,0.0083716,0.013037,0.24003,0.017901,0.0069501,0.0041396,0.0036074,0.0034632,0.0030603,0.0037881,0.0027867,0.00045159,0.00053976,0.002516,0.000561,0.0011822,0.0019344,0.0035587,0.0061085,0.045605,0.011748,0.0066717,0.0042245,0.0039175,0.0023613,0.002389,0.0023403,0.0044557,0.0017615,0.0016188,0.0017292,0.0023321,0.0024224,0.0032958,0.0062709,0.013898,0.031873,0.015618,0.0079428,0.0056346,0.0049107,0.0042688,0.0038925,0.0036507
0.0052472,0.0044452,0.0054747,0.0056014,0.0069547,0.0071963,0.009784,0.016806,0.029828,0.02615,0.024678,0.0071782,0.006125,0.0018626,0.00088635,0.0018352,0.00031092,0.00032043,0.00085635,0.00095661,0.00055505,0.0014706,0.0020427,0.0024366,0.0039776,0.0078071,0.015615,0.0037083,0.00093201,0.00090655,0.0004254,0.00037647,0.0008577,0.00078584,0.0038186,0.0022206,0.0020095,0.0028986,0.0034478,0.0023376,0.0035385,0.0087003,0.013252,0.012504,0.017212,0.0044103,0.0023305,0.002076,0.0013279,0.0011516,0.0010872,0.036501,0.038311,0.039064,0.040855,0.048824,0.056202,0.073078,0.11231,0.2647,0.41616,0.090167,0.045494,0.026747,0.016603,0.010022,0.004092,0.00090981,0.008217,0.0015718,0.0016284,0.0025913,0.00077771,0.0022089,0.0026259,0.0023105,0.0083957,0.019247,0.0014361,0.0014085,0.00060718,7.0339e-05,0.00061716,0.0010225,0.00011444,0.0011482,0.0012102,0.00096279,0.0010602,0.0023269,0.0031227,0.0024108,0.0055163,0.022532,0.060654,0.0097709,0.006684,0.0051343,0.0043303,0.0039877,0.003589,0.0038644,0.041495,0.0054785,0.0055808,0.0070212,0.0083686,0.008682,0.011185,0.019643,0.041655,0.10663,0.061765,0.025399,0.016691,0.01453,0.010667,0.0091067,0.0097677,0.010777,0.0014782,0.0010112,0.00034238,0.0016089,0.0015991,0.0021935,0.0040155,0.0060022,0.013962,0.0058248,0.0017052,0.0010786,0.00089401,0.00072356,0.00038287,0.00048448,0.0034657,0.00069126,0.00053582,0.001515,0.0017398,0.00026181,0.0027666,0.0059726,0.0082063,0.037352,0.0073378,0.0041514,0.0032861,0.0024982,0.0024348,0.0020756,0.0018521,0.00066949,0.010275,0.01089,0.012275,0.012333,0.015947,0.020005,0.038549,0.11138,0.097043,0.052985,0.028229,0.020235,0.014819,0.016049,0.01371,0.012179,0.0030041,0.00017928,0.0017196,0.003227,0.0019185,0.00072195,0.0008107,0.0011968,0.0011845,0.049796,0.0019926,0.0014805,0.0012852,0.0006734,0.00030515,0.0011129,0.0011158,0.0050355,0.0022272,0.0028595,0.0029441,0.0020614,0.0047262,0.0043972,0.0019107,0.016113,0.083079,0.0052441,0.0032077,0.0019359,0.0011279,0.0011018,0.00077351,0.00056077
0.0011807,0.0048225,0.0037803,0.0036793,0.0038711,0.0057302,0.0036319,0.0097647,0.030684,0.039422,0.016093,0.005153,0.0042743,0.0023656,0.0013209,0.00085766,0.0025693,0.0019036,0.0016769,0.0014429,0.00028004,0.0015912,0.0015905,0.0012714,0.0027937,0.0095219,0.014441,0.0069162,0.0013944,0.0009985,0.00069093,0.00096598,0.00072346,0.00049592,0.0016899,0.00046083,0.0002948,0.00089613,0.00055832,0.0013778,0.0020185,0.0059948,0.0092758,0.028565,0.015447,0.0022303,0.0010385,0.00063893,0.00032749,0.00023222,0.00063708,0.033875,0.032338,0.034663,0.036081,0.043534,0.050873,0.067458,0.096334,0.23761,0.29257,0.12434,0.066414,0.04726,0.037743,0.032242,0.03046,0.029236,0.0027619,0.0025822,0.0026892,0.0040596,0.00088639,0.0017166,0.0036991,0.0022618,0.0092186,0.011331,0.0019013,0.0017387,0.0012018,0.0013579,0.00068666,0.00068874,0.00024416,0.00052645,0.00077885,0.0010011,0.0014008,0.0029767,0.0019805,0.0065964,0.013741,0.030237,0.01609,0.021316,0.011245,0.0087174,0.0070806,0.0061877,0.0060523,0.0058671,0.027447,0.010133,0.010836,0.011439,0.01149,0.013824,0.015808,0.022317,0.048015,0.093701,0.055844,0.020001,0.013301,0.010196,0.0064227,0.0055318,0.0040207,0.01004,0.0010928,0.001399,0.00024561,0.0012138,0.0010244,0.00077787,0.0022508,0.0053814,0.010636,0.0014458,0.0010966,0.00082473,0.00072009,0.00088667,0.00051216,0.00063326,0.0025178,0.00049105,0.00033537,0.0012121,0.00015068,0.0016828,0.0017711,0.0032214,0.0089638,0.0067604,0.0086707,0.0030247,0.0021471,0.0018396,0.0015743,0.0015279,0.0012665,0.020346,0.011473,0.010706,0.014898,0.015845,0.02086,0.026545,0.041807,0.083262,0.23731,0.027228,0.025712,0.029975,0.032794,0.034515,0.036362,0.03488,0.0017471,0.0020122,0.0013183,0.0029662,0.0033614,0.0028647,0.0035285,0.0048491,0.0068908,0.047637,0.014294,0.0085641,0.0049853,0.0040556,0.0051283,0.0043384,0.0040474,0.0063725,0.0034907,0.0050637,0.0069218,0.0076949,0.010293,0.014775,0.015078,0.034313,0.032765,0.020036,0.0071201,0.0048054,0.0038591,0.0034971,0.0029298,0.0027028
0.00013161,0.0013711,0.001857,0.0018942,0.00059234,0.002467,0.0026696,0.0075266,0.017245,0.028423,0.018358,0.0034277,0.0033979,0.00094238,0.00095199,0.0013799,0.0033818,0.004633,0.00097249,0.0014332,0.0018753,0.00026228,0.00088796,0.00048386,0.0016033,0.0014757,0.016153,0.010149,0.0026943,0.0014904,0.0011598,0.0010853,0.00074269,0.00066186,0.003109,0.00078266,0.001144,0.0010929,0.00096654,0.0026267,0.002244,0.0025617,0.0082901,0.021671,0.019783,0.0035833,0.0014853,0.00085965,0.0005867,0.00051824,0.00014495,0.015028,0.01194,0.013954,0.018932,0.019531,0.027535,0.041467,0.082012,0.17862,0.40825,0.12252,0.072571,0.055289,0.046749,0.041207,0.041293,0.039431,0.0047189,0.0010966,0.001048,0.0040543,0.0019576,0.0021704,0.001718,0.0044311,0.0078062,0.018339,0.0054477,0.0021033,0.0017788,0.0014829,0.0011805,0.00045814,0.00097657,0.0019017,0.0013636,0.0018313,0.0013121,0.0021683,0.004325,0.0051635,0.0049988,0.016382,0.057532,0.0088961,0.0041817,0.0026693,0.0024064,0.0018899,0.0018766,0.0019665,0.039464,0.0071429,0.007741,0.0086883,0.0089998,0.008508,0.01108,0.019514,0.018355,0.040004,0.037822,0.015521,0.008623,0.0046113,0.0038185,0.00090156,0.0026436,0.008875,0.0015984,0.0010563,0.0013788,0.0017736,0.00092676,0.0012806,0.0016876,0.004754,0.016756,0.0074902,0.0025841,0.0012651,0.00093843,0.00066054,0.00061097,0.00065423,1.717e-05,0.0017476,0.0020413,0.0016504,0.0025867,0.0042198,0.0037423,0.0062441,0.0082357,0.048365,0.016301,0.005058,0.0027699,0.0015549,0.0010401,0.00070859,0.00035669,0.0040112,0.0078712,0.0079836,0.0073788,0.011704,0.014036,0.017735,0.027536,0.064133,0.11776,0.06914,0.033402,0.025156,0.020348,0.017589,0.016362,0.018828,0.00036621,0.0024383,0.001708,0.0057333,0.0016313,0.0021318,0.0035549,0.0051787,0.0082293,0.043788,0.0088907,0.0040634,0.0023982,0.0013086,0.0014969,0.00073709,0.00034714,0.001276,0.0004804,0.0010327,0.00077657,0.00025221,0.0015389,0.0021819,0.0041372,0.006093,0.070215,0.0046382,0.0022594,0.0010562,0.00063133,0.00048035,0.00045081,6.6772e-05
0.0016594,0.0013943,0.0025296,0.00065455,0.001916,0.0013412,0.002082,0.0074515,0.031884,0.039127,0.017615,0.0003607,0.0016194,0.00060908,0.00097288,0.00080001,0.0018196,0.0078527,7.2479e-05,0.00053828,0.0011728,0.0016982,0.0009583,0.0013293,0.0015655,0.00549,0.014557,0.0054653,0.00063415,0.00071377,0.00032544,0.00032393,0.00049445,0.00056266,0.0024701,0.0012543,0.0014575,0.0017258,0.0018502,0.0013258,0.0015566,0.0054281,0.0064631,0.016019,0.020559,0.0023338,0.0011389,0.00058729,0.00040477,0.00026074,0.00017739,0.025183,0.021287,0.022377,0.022755,0.02841,0.031667,0.040331,0.062761,0.1022,0.414,0.068801,0.031514,0.019347,0.012551,0.0089077,0.0081271,0.0072118,0.0035477,0.0020199,0.0022617,0.005492,0.0012349,0.0013724,0.0017389,0.003914,0.0049129,0.011863,0.0077354,0.002513,0.0015374,0.0013945,0.0021171,0.00089317,0.00028611,0.0017071,0.0024141,0.0025053,0.0034593,0.0025152,0.0038311,0.0045527,0.0043986,0.012106,0.015466,0.017027,0.0070616,0.0047905,0.0035264,0.0032379,0.0030897,0.0030842,0.023022,0.007802,0.0090302,0.0097094,0.011947,0.011458,0.014864,0.018493,0.052184,0.044885,0.060494,0.017737,0.0097989,0.0050661,0.0031243,0.0016424,0.0010185,0.0063935,0.0004658,0.00016589,0.00096782,0.0015103,0.0012735,0.0003931,0.0021036,0.0041304,0.0061739,0.0054221,0.00041938,0.00038146,0.00041081,0.00017239,4.4027e-05,4.5788e-05,0.0021763,0.00050059,0.00043035,0.00037355,0.0010511,0.0010546,0.0016765,0.0023265,0.0027301,0.037208,0.011789,0.0058085,0.0043324,0.0034082,0.0030182,0.0027669,0.0025845,0.011446,0.00042194,0.0018892,0.0014118,0.0054639,0.0080628,0.011136,0.022343,0.040797,0.17371,0.084062,0.03531,0.024691,0.020164,0.016603,0.016489,0.016978,0.0048047,0.00082009,0.00021775,0.0035999,0.0027666,0.0024242,0.0040796,0.0042493,0.008274,0.042386,0.019074,0.008713,0.0057124,0.0040341,0.0048511,0.0044611,0.0035382,0.0021649,0.0048638,0.0049464,0.0056941,0.0056429,0.0060723,0.0074171,0.0088514,0.018455,0.029188,0.024287,0.0091571,0.0053164,0.0030714,0.002011,0.0013975,0.0009823
0.0022889,0.0021527,0.0019276,0.0023868,0.0026353,0.0031948,0.0030166,0.0056456,0.011668,0.0080387,0.01796,0.002547,0.00044347,0.0016947,0.00047726,0.00077892,0.0012703,0.0074884,0.0015786,0.0013837,0.0016249,0.0017285,0.0018613,0.0022931,0.003514,0.0053895,0.00097308,0.014599,0.0030525,0.0019282,0.00086763,0.00096942,0.00074086,0.00086213,0.002182,0.00094934,0.0012062,0.0014184,0.00147,0.0016581,0.0019394,0.0026978,0.0061896,0.0065681,0.017845,0.0019128,0.0013073,0.00052989,0.00035593,0.00025504,7.2476e-05,0.015703,0.027215,0.038914,0.042179,0.028592,0.02532,0.065756,0.12302,0.21471,0.27416,0.10619,0.097257,0.063736,0.02388,0.012998,0.036349,0.044612,0.0020047,0.0014712,0.0019519,0.001522,0.0016161,0.0013007,0.0036213,0.0062749,0.010531,0.013535,0.006677,0.0053832,0.0035654,0.0017545,0.00045091,0.0018172,0.0018788,0.0045548,0.0037449,0.0029256,0.0051977,0.0061581,0.0036079,0.0061998,0.014679,0.024298,0.042463,0.016514,0.014025,0.0061673,0.0025871,0.005227,0.0045062,0.0027275,0.049971,0.00074529,0.019046,0.0012743,0.021976,0.00087565,0.030694,0.0031283,0.061105,0.022849,0.10394,0.0052204,0.021183,0.0035097,0.0072802,0.0018093,0.0032597,0.0069677,0.00042451,0.0015909,0.00083665,0.0021458,0.0009753,0.0025031,0.0007411,0.0067863,0.0054503,0.0075446,0.0019722,0.002258,0.00063619,0.00096571,0.00056697,0.00090981,0.0025883,0.00021969,0.00053927,0.00037186,0.00085388,0.00023493,0.0018613,0.0012387,0.0057566,0.013949,0.01602,0.00082686,0.0041096,0.00017331,0.0029575,0.0002035,0.0026837,0.023472,0.011457,0.011462,0.012265,0.01458,0.017038,0.019737,0.029468,0.044918,0.14187,0.050137,0.019967,0.010772,0.006638,0.0045095,0.0021216,0.0014381,0.0068303,0.0036494,0.0038161,0.0056719,0.003891,0.0047602,0.0056471,0.0077447,0.012525,0.045643,0.018223,0.0062375,0.0035059,0.0025443,0.00078546,0.00087812,0.00021171,0.0041257,0.0019117,0.0020741,0.0019473,0.002061,0.0022942,0.0034252,0.0060289,0.0080486,0.074882,0.016963,0.0071921,0.0047874,0.0035961,0.0032284,0.0028763,0.002779
0.0014305,0.0027206,0.0011144,0.0024134,0.0019445,0.0029305,0.0024843,0.0033474,0.0054025,0.039377,0.022431,0.0048157,0.002543,0.0015094,0.0020255,0.0020819,0.0008049,0.0031529,0.00079236,0.0011232,0.0017102,0.0012469,0.0017571,0.0019092,0.0029579,0.0053534,0.0091834,0.012653,0.0034095,0.0021159,0.001493,0.0011584,0.0017209,0.00070382,0.0044843,0.0023632,0.0021003,0.0022111,0.0022905,0.0025897,0.0032568,0.0038443,0.0061356,0.031677,0.023619,0.0054711,0.0028224,0.0015292,0.001164,0.00071475,0.00063134,0.0081082,0.007486,0.0088087,0.010569,0.015871,0.022167,0.033305,0.056149,0.16108,0.37549,0.10346,0.064488,0.0488,0.04091,0.037081,0.035743,0.035086,0.0054398,0.0010394,0.00078896,0.0016299,0.0010016,0.0011063,0.0016713,0.0028254,0.0074717,0.012028,0.0069473,0.0033072,0.0022254,0.0023639,0.0022752,0.00048108,0.0010796,0.0027123,0.002981,0.0032453,0.0033748,0.0039399,0.0044888,0.0056545,0.009425,0.019312,0.0010759,0.015391,0.0074796,0.0052722,0.0042075,0.0034722,0.0031439,0.0031052,0.027352,0.0059446,0.005332,0.0066748,0.0065884,0.0079229,0.0099356,0.013307,0.02574,0.12886,0.031964,0.013972,0.0089641,0.0059008,0.0074826,0.0054257,0.0043488,0.0091649,0.0010041,0.00061795,0.00088697,0.0011974,0.0016732,0.0013603,0.0021423,0.0038999,0.015515,0.0074979,0.0029297,0.001758,0.0015112,0.0010713,0.001054,0.0010014,0.0042267,0.0011732,0.0013927,0.0015663,0.001876,0.0018055,0.0025073,0.0037254,0.0078866,0.0086256,0.013572,0.004687,0.0030483,0.0024122,0.0018833,0.0017727,0.0018998,0.0085241,0.0041933,0.0032587,0.0052099,0.0045157,0.0053823,0.0071181,0.0081705,0.019063,0.21977,0.021673,0.0088532,0.0058398,0.0049805,0.0052533,0.0032333,0.0035992,0.0016308,0.0008247,0.00027663,0.0018284,0.0012581,0.0015513,0.0022405,0.0035511,0.0072728,0.051047,0.012788,0.006147,0.00487,0.0044674,0.0021659,0.0028802,0.0029278,0.0069734,0.0040315,0.0040574,0.0044326,0.0045338,0.0054914,0.0072382,0.010707,0.019247,0.040447,0.022281,0.0095319,0.0061175,0.0044746,0.0038291,0.0035081,0.0034028
0.00050354,0.0017336,0.0018493,0.0020028,0.0020102,0.0027436,0.0044711,0.0073494,0.020335,0.016305,0.021534,0.0062073,0.0061046,0.0042607,0.0042002,0.0031174,0.0019799,0.0061513,0.00095652,0.00088254,0.00092181,0.0013551,0.0012731,0.0019344,0.0028779,0.0076645,0.0078792,0.011651,0.0032722,0.0023723,0.0018717,0.0013832,0.0017702,0.00036813,0.0048924,0.0012767,0.001302,0.0014388,0.0014826,0.0018698,0.0021657,0.0025704,0.008838,0.011131,0.019122,0.0041784,0.0027293,0.0020254,0.0017887,0.0013485,0.0017414,0.024235,0.019364,0.020824,0.022556,0.026076,0.03148,0.043151,0.068648,0.16569,0.43064,0.082259,0.052268,0.040101,0.032359,0.0282,0.027976,0.026574,0.0060884,0.00095089,0.001286,0.00069347,0.0013597,0.0016284,0.002025,0.0029657,0.0071127,0.01788,0.0049504,0.0019974,0.0012292,0.001552,0.0013656,0.00062344,0.00045015,0.00066378,0.00096624,0.0010627,0.00097607,0.0009698,0.0016213,0.0021424,0.0037529,0.01105,0.063648,0.0044142,0.0012763,0.0011316,0.0008886,0.0010008,0.0010941,0.00094224,0.02793,0.0028074,0.0034897,0.0039727,0.004555,0.0054405,0.0078202,0.012392,0.023105,0.11183,0.038691,0.017183,0.012863,0.01011,0.008266,0.0081408,0.0084859,0.009678,0.00093046,0.00042006,0.00073781,0.00053088,0.00067222,0.00057211,0.0013561,0.0018883,0.016415,0.0040791,0.00092066,0.00052155,0.00042498,0.00035563,0.00023817,0.00032045,0.0026379,0.00030018,0.00011436,0.00027918,8.4426e-05,0.00029829,0.00054136,0.00085925,0.0030871,0.031274,0.0046125,0.00080758,0.00047536,0.00033628,0.00020239,0.00015945,0.00022317,0.016287,0.0062961,0.008551,0.0033944,0.0073287,0.014686,0.009034,0.016596,0.077556,0.091944,0.050124,0.030695,0.015911,0.012686,0.014929,0.013487,0.010126,0.0045072,0.0013149,0.00061011,0.00085307,0.0019902,0.002708,0.0016883,0.0060713,0.010069,0.041792,0.023304,0.0078827,0.003703,0.0066175,0.0038314,0.0034874,0.0055905,0.0045415,0.0060948,0.0065884,0.0022234,0.0077948,0.0090541,0.0028019,0.016782,0.033613,0.054633,0.031213,0.01312,0.0015181,0.0071706,0.0046197,0.0023941,0.0053616
0.0069963,0.0038027,0.0047712,0.0033144,0.0039689,0.0045509,0.0056722,0.0075447,0.009559,0.012398,0.025837,0.0075851,0.0034518,0.0018032,0.00049946,0.00082274,0.0023194,0.0096437,0.0015006,0.0018664,0.0020503,0.0015314,0.0019788,0.0026462,0.0035183,0.0060688,0.0032635,0.012167,0.0027323,0.0014522,0.00097704,0.00044016,0.0002924,0.00045779,0.0019989,0.0022535,0.0021782,0.0023757,0.0024136,0.0029134,0.0037073,0.0044835,0.009653,0.019912,0.023089,0.0045858,0.0022726,0.0017184,0.0011436,0.00039781,0.00019074,0.02295,0.030163,0.030727,0.03587,0.037725,0.044341,0.05771,0.082594,0.20044,0.34361,0.086333,0.050598,0.034607,0.025845,0.021647,0.019388,0.018936,0.003563,0.0011763,0.00065199,0.0014944,0.0015955,0.0016266,0.0019706,0.0033535,0.0075008,0.012952,0.0047747,0.0019135,0.0016102,0.0011496,0.0013027,0.00064911,0.00068286,0.00070573,0.00020513,0.00056801,0.0010522,0.0015897,0.0022373,0.0035992,0.0067469,0.016853,0.0081453,0.010593,0.0075194,0.005616,0.0048155,0.0044271,0.0042351,0.0042153,0.02925,0.001035,0.00044524,0.0013502,0.0013102,0.00141,0.0019776,0.0045071,0.0075448,0.10806,0.016268,0.008809,0.0054819,0.0036738,0.006836,0.0049573,0.0035763,0.0092927,0.00081187,0.00050951,0.00096429,0.00098995,0.0010158,0.0012046,0.00095777,0.0027744,0.018338,0.0064287,0.0017703,0.00084212,0.00061507,0.00042154,0.00049407,0.00040437,0.0008049,0.0015919,0.0018294,0.0018779,0.0020512,0.0024126,0.0030667,0.0037491,0.008074,0.038016,0.011117,0.0034387,0.0019979,0.0014253,0.0012569,0.00084986,0.0007019,0.013943,0.00081506,0.0017093,0.00083782,0.0016924,0.0017695,0.0026904,0.0050087,0.012839,0.26231,0.0043051,0.0010952,0.0014251,0.0016516,0.0019396,0.00070736,0.001873,0.0061322,0.00054164,0.00070869,0.0008906,0.00065639,0.0010948,0.0011336,0.0024485,0.0057972,0.046999,0.0089837,0.0043114,0.0035643,0.0027961,0.0016852,0.0018011,0.00173,0.0038892,0.0013922,0.0016319,0.0018685,0.00235,0.0024696,0.0036264,0.006978,0.013923,0.031139,0.015238,0.0074496,0.0054408,0.0047259,0.0037992,0.0037292,0.0037518
0.0063249,0.00073122,0.0016158,0.0018112,0.0011138,0.0014401,0.002961,0.0035167,0.016614,0.034258,0.024529,0.0077139,0.0054475,0.0046495,0.003428,0.0035198,0.0027695,0.004036,0.0010405,0.00055844,0.00097889,0.00065528,0.00026942,0.00075856,0.0015135,0.0039601,0.019912,0.010138,0.0021314,0.0013377,0.0010273,0.00087479,0.00084433,0.00064468,0.0017243,0.00051136,0.0003341,0.00043282,0.00087446,0.00086889,0.0014938,0.0032996,0.0032431,0.012355,0.023622,0.0055314,0.0036767,0.0027736,0.0025071,0.0021916,0.0022431,0.0070706,0.0034226,0.0068141,0.0096773,0.014799,0.022187,0.036089,0.063883,0.17338,0.50361,0.10236,0.065633,0.050641,0.042483,0.038258,0.038078,0.036429,0.0099107,0.001486,0.00055133,0.00098251,0.00067165,0.0010454,0.0014093,0.0028986,0.006733,0.018405,0.0030154,0.0022864,0.0016682,0.001866,0.0017776,0.00079396,0.00091174,0.00076677,0.0021482,0.0019324,0.0025246,0.0027729,0.0027104,0.0036105,0.0058175,0.015332,0.057771,0.0024683,0.0026778,0.0016897,0.001243,0.00067865,0.00097787,0.00086595,0.032973,0.004688,0.0049372,0.0052454,0.0056598,0.007558,0.0086136,0.01291,0.024959,0.073113,0.019201,0.008287,0.0053818,0.0035552,0.0012882,0.00099413,0.0005474,0.013413,0.001306,0.00086277,0.0004215,0.00035133,0.00033564,0.00050147,0.00048915,0.0015969,0.015707,0.0050411,0.00098689,0.00052342,0.00062661,0.00030046,0.00016678,0.0003357,0.0048505,0.00083359,0.00049041,0.000286,0.0005608,0.00064074,0.0010404,0.00043628,0.0022278,0.054759,0.0083632,0.0021726,0.001537,0.0012562,0.00083606,0.0009701,0.00085641,0.011448,0.0090191,0.0085726,0.0098412,0.01069,0.01268,0.016705,0.024818,0.056776,0.11307,0.038964,0.020962,0.015671,0.011646,0.011334,0.0098035,0.0095522,0.0024109,0.00062214,0.0010024,0.001267,0.00081569,0.00096302,0.00056366,0.0018675,0.0036523,0.046258,0.00095468,0.0011141,0.00055265,0.00047464,0.0013851,0.00077399,0.0004654,0.0049935,0.0015729,0.0012778,0.0016279,0.0017825,0.0020085,0.0029458,0.0034854,0.0082981,0.064201,0.0048022,0.0019251,0.001228,0.00064124,0.00048491,0.0002336,0.00012589
0.0021668,0.0035473,0.00046078,0.0013134,0.0016876,0.002513,0.0034236,0.0054099,0.028397,0.0081436,0.022201,0.0053011,0.006552,0.0040039,0.003707,0.0043438,0.0023118,0.006178,0.0026946,0.0010713,0.00064443,0.001256,0.0010613,0.0021213,0.0029328,0.0085075,0.0011741,0.0046518,0.00094914,0.0011102,0.0011741,0.0010842,0.0011424,0.00097467,0.0028057,0.00092094,0.0008413,0.0010685,0.0011091,0.001367,0.0019914,0.0044095,0.0089365,0.012367,0.018766,0.0025254,0.0015813,0.0011362,0.0007535,0.00066293,0.0008831,0.035302,0.031913,0.032488,0.036349,0.041152,0.049328,0.062809,0.093711,0.22776,0.27692,0.1209,0.063513,0.04388,0.034885,0.028545,0.027355,0.025612,0.0042515,0.0035991,0.0022685,0.0012761,0.0016957,0.0016738,0.0021916,0.0032396,0.0092241,0.014542,0.003924,0.0020412,0.0017488,0.00099811,0.0011008,0.00048504,0.00078775,0.0039769,0.0031201,0.0034133,0.0037568,0.0038647,0.0048032,0.0063946,0.010016,0.023147,0.036273,0.012456,0.0051558,0.0032379,0.0025433,0.0014846,0.0017353,0.0013447,0.034033,0.0030691,0.0029706,0.0018192,0.0031304,0.0039392,0.0051265,0.0070035,0.014541,0.088462,0.035225,0.012008,0.009188,0.0060094,0.0046457,0.0049344,0.0038624,0.0076619,0.0038643,0.00041418,0.00081295,0.00062597,8.8523e-05,0.00038838,0.00050909,0.0023664,0.0058653,0.0059482,0.0017713,0.0013307,0.00096189,0.00078271,0.00087136,0.00081066,0.0019207,0.0020178,0.00128,0.0014516,0.0011628,0.0019516,0.0032938,0.0043047,0.012048,0.040175,0.0046107,0.0042568,0.003097,0.0025393,0.0022062,0.0020661,0.0021725,0.011049,0.0037686,0.00097808,0.0012935,0.0019279,0.0034,0.0058921,0.011801,0.02275,0.25117,0.028946,0.013464,0.0099923,0.0084836,0.0067126,0.0054747,0.006815,0.0015869,0.0023592,0.0024927,0.0027077,0.0024498,0.0026545,0.0032726,0.0040854,0.0075794,0.042824,0.0069686,0.0031326,0.0021979,0.0009267,0.001419,0.00068669,0.00017929,0.00063899,0.0029105,0.0030372,0.0030237,0.0038898,0.0038876,0.0047985,0.007391,0.014831,0.052593,0.0087415,0.0042317,0.0026543,0.0020552,0.0013697,0.0012766,0.0011082
0.020071,0.0041289,0.0043284,0.0026989,0.003322,0.0026149,0.0051722,0.011493,0.016236,0.043929,0.021253,0.0062074,0.0051626,0.0040116,0.0039676,0.0033441,0.0045377,0.033375,0.010225,0.0046898,0.0019772,0.0023401,0.00039292,0.0015035,0.002574,0.0055428,0.017629,0.015235,0.0042535,0.0031317,0.0026318,0.002619,0.0020997,0.0025712,0.012596,0.0038272,0.0024718,0.001288,0.00062881,0.0021859,0.0034376,0.0055075,0.0095729,0.014062,0.019269,0.0028075,0.0013186,0.00088682,0.0008887,0.00082899,0.00051116,0.017828,0.037277,0.038602,0.042703,0.046685,0.05397,0.070765,0.11007,0.27073,0.40819,0.075673,0.042583,0.025808,0.016034,0.0091746,0.0050416,9.346e-05,0.02907,0.0088193,0.003906,0.0018405,0.0020523,0.0027509,0.0034033,0.0044084,0.010017,0.01674,0.0052329,0.0025087,0.0019761,0.0011531,0.0016063,0.0022302,0.00051307,0.0056001,0.0025217,0.0013306,0.0013929,0.0031374,0.0024739,0.002353,0.0033189,0.019977,0.049579,0.011458,0.005584,0.0043202,0.0039125,0.0031326,0.0031123,0.0030556,0.019083,0.0060926,0.0037381,0.0040561,0.0047078,0.0039919,0.0063729,0.014656,0.027373,0.10099,0.016981,0.010364,0.0074751,0.0069859,0.0074517,0.0048831,0.0052434,0.023461,0.0090289,0.0044055,0.0039802,0.0029508,0.0013087,0.00099393,0.002254,0.0025188,0.0097202,0.006991,0.0023575,0.0016837,0.0015013,0.0015424,0.0010465,0.0010376,0.0070039,0.003969,0.0023067,0.0017439,0.0023341,0.0049328,0.0052524,0.0058155,0.0060125,0.048723,0.016494,0.0054489,0.0033412,0.0024054,0.0019481,0.0019088,0.0020752,0.016278,0.0059067,0.0067002,0.009498,0.012584,0.016446,0.024337,0.044395,0.10658,0.04078,0.10856,0.052945,0.039986,0.033026,0.030564,0.027112,0.026284,0.031619,0.010164,0.0038008,0.0029694,0.0020239,0.0019574,0.0015087,0.0030741,0.0068799,0.042185,0.019528,0.0079154,0.0059046,0.0048721,0.0045564,0.0051757,0.0047551,0.0033055,0.0035469,0.0029093,0.0022446,0.0029764,0.0057412,0.0054818,0.0061309,0.011675,0.064804,0.014076,0.0044297,0.0030655,0.0020252,0.0017895,0.0011828,0.0011921
0.025805,0.0019872,0.0031219,0.0028966,0.0035447,0.0019656,0.0033095,0.0061904,0.036126,0.04333,0.020866,0.0037876,0.0049495,0.0017397,0.0030752,0.0020769,0.0025502,0.083137,0.0049088,0.003028,0.0012662,0.0024839,0.0023098,0.0028194,0.0026936,0.0095834,0.017547,0.012457,0.0021051,0.001682,0.0014193,0.00090321,0.0010095,0.00083733,0.027819,0.00096917,0.00068811,0.00055799,0.0015061,0.00065826,0.0024096,0.0026847,0.011155,0.013041,0.024707,0.0054333,0.0039721,0.0029585,0.0029518,0.0024597,0.0027142,0.0808,0.027218,0.029315,0.028956,0.036823,0.044182,0.058054,0.072889,0.23775,0.38543,0.10215,0.060454,0.04489,0.036105,0.031874,0.0295,0.029934,0.05968,0.0033803,0.0029595,0.0035835,0.001345,0.0027053,0.0021242,0.0060134,0.010086,0.010435,0.0085169,0.0035516,0.0026158,0.0020291,0.0010777,0.0023226,0.0017453,0.015351,0.001554,0.0015568,0.0025278,0.0023209,0.0041365,0.0049316,0.018538,0.026145,0.02632,0.018719,0.0097671,0.0075339,0.0064979,0.0055895,0.0051153,0.0052148,0.0079233,0.005027,0.0035305,0.0048691,0.0060419,0.0040255,0.007767,0.009691,0.035426,0.078257,0.04327,0.02442,0.022622,0.021341,0.018739,0.018815,0.018368,0.06454,0.0037641,0.0029818,0.003716,0.0028353,0.0019457,0.0014603,0.002882,0.0072957,0.0053976,0.0076108,0.0035395,0.0017475,0.0018199,0.0015063,0.0012994,0.0012303,0.014738,0.0057262,0.0060611,0.0047316,0.0053822,0.0054235,0.0025749,0.0051343,0.0095117,0.042497,0.013469,0.0092976,0.0071294,0.0069146,0.0059308,0.0061433,0.0058308,0.016327,0.0052594,0.004983,0.0047252,0.0075821,0.010122,0.014721,0.012234,0.073929,0.25861,0.043358,0.027034,0.017191,0.014664,0.011569,0.013125,0.011959,0.084749,0.0060912,0.0045836,0.0064948,0.0022408,0.0042507,0.0032012,0.0064974,0.0082663,0.04384,0.010153,0.0063252,0.0029317,0.0019234,0.001262,0.0013339,0.00035477,0.0028611,0.0028936,0.0028579,0.003845,0.003673,0.006046,0.0052617,0.019632,0.026132,0.020344,0.027477,0.013699,0.0093858,0.0076546,0.0067025,0.0064978,0.0063516
0.025586,0.0035508,0.0031304,0.0028536,0.0038601,0.0033862,0.0040828,0.0088528,0.024001,0.0079962,0.026405,0.0051088,0.001693,0.0012223,0.0011044,0.00035247,0.00042724,0.10988,0.0023405,0.0016812,0.0010131,0.001727,0.0023649,0.0030227,0.0021325,0.0073661,0.0028599,0.011199,0.0023634,0.0018068,0.00089,0.00080755,0.0006628,0.0008583,0.031443,0.0014231,0.0013685,0.001505,0.0017667,0.0023092,0.002147,0.0019211,0.0078122,0.0045528,0.024691,0.0031145,0.0017042,0.0010891,0.0007796,0.00053449,0.00056267,0.063508,0.014977,0.027404,0.040917,0.054192,0.07099,0.092911,0.13978,0.23167,0.28791,0.036227,0.01614,0.03735,0.049734,0.055697,0.061785,0.062398,0.082086,0.0042811,0.0025685,0.0015765,0.0025478,0.0027423,0.0039781,0.006809,0.0088804,0.01652,0.0016899,0.0015579,0.0016897,0.0018772,0.0029113,0.002111,0.0020676,0.011557,0.0040725,0.0042443,0.0040834,0.0050197,0.0059921,0.0068332,0.0063215,0.018649,0.044958,0.0042065,0.0014078,0.002766,0.0034289,0.004174,0.0042972,0.0043469,0.018648,0.003407,0.0036232,0.0036536,0.0042458,0.0043416,0.005753,0.0056529,0.015623,0.099924,0.015143,0.0072108,0.0033717,0.0026463,0.00089189,0.00071177,0.0026532,0.08514,0.0033149,0.0015909,0.0015601,0.0010665,0.00087321,0.0012159,0.0028036,0.0026526,0.0058148,0.0074038,0.0010346,0.00074894,0.00073251,0.00027562,0.00019153,0.00014306,0.028172,0.0032727,0.0029293,0.0026208,0.0031141,0.0033278,0.0051087,0.0069508,0.011737,0.041853,0.01299,0.0043746,0.0025071,0.0016252,0.0010128,0.00075862,0.00056839,0.025042,0.0023861,0.0039135,0.0072968,0.011467,0.015364,0.020084,0.024017,0.039587,0.20648,0.061712,0.039454,0.02898,0.021754,0.015843,0.0085158,0.0025311,0.10792,0.0016156,0.00074034,0.0017923,0.0021832,0.0032131,0.0038927,0.0054085,0.010306,0.038205,0.015161,0.0071577,0.0049786,0.0044699,0.0026513,0.0026191,0.0029126,0.0028286,0.0030846,0.0037137,0.0050917,0.0066401,0.0086541,0.0089476,0.010943,0.0191,0.05619,0.0098418,0.0069157,0.0061201,0.0055017,0.0047542,0.0041339,0.0038701
0.030352,0.0013932,0.0027763,0.0016002,0.002048,0.0011039,0.0031785,0.0024167,0.0089207,0.042643,0.015529,0.0041946,0.0032623,0.0030102,0.0023629,0.001208,0.00062372,0.092353,0.0081089,0.0036963,0.0025194,0.0023537,0.0028061,0.0021765,0.003325,0.0041745,0.01686,0.0098087,0.0010376,0.00015134,0.00054278,7.9407e-05,0.00040038,0.00032618,0.026572,0.00243,0.0010924,0.00070478,0.00043043,0.00056758,0.0010959,0.0034012,0.0026456,0.012147,0.021536,0.0019549,0.0011933,0.0010697,0.00080012,0.00086225,0.00082589,0.055545,0.0059864,0.0037358,0.0063166,0.0099354,0.014828,0.025423,0.045338,0.12208,0.45558,0.091606,0.050794,0.040761,0.033865,0.030433,0.031016,0.029097,0.076762,0.0065862,0.0031997,0.0018441,0.0019497,0.0017535,0.0013784,0.002118,0.0055568,0.011755,0.0013341,0.0020274,0.0013672,0.00094498,0.0021707,0.00060422,0.00013542,0.015476,0.0022622,0.0020978,0.0023991,0.002784,0.0030387,0.0034222,0.0051352,0.0094155,0.01587,0.0090256,0.0034758,0.0025439,0.0019913,0.0019246,0.0014286,0.0014038,0.0011349,0.0049245,0.0023823,0.0031621,0.0022158,0.0024771,0.0024706,0.0033111,0.020069,0.106,0.0063014,0.003133,0.001133,0.0012189,0.0037674,0.0022401,0.000494,0.076316,0.0070317,0.0031032,0.0020529,0.0010021,0.0017412,0.0011714,0.0010805,0.0040684,0.0080598,0.0045599,0.00077634,0.00050751,0.00072586,0.00057565,0.00045947,0.00062372,0.021239,0.002183,0.001292,0.0013453,0.0012323,0.00097383,0.0011527,0.0044445,0.0065693,0.053183,0.0061062,0.0011437,0.00082172,0.00056648,0.00042451,0.00036488,0.00033381,0.028189,0.0032467,0.0016918,0.0023411,0.0032714,0.0041932,0.0054921,0.015799,0.025409,0.22544,0.020109,0.01168,0.0080515,0.006544,0.0072157,0.0058618,0.0049611,0.089321,0.0082729,0.0040745,0.0026499,0.0018671,0.0011158,0.0016016,0.00048758,0.0021798,0.048416,0.0054802,0.0027986,0.00090616,0.0011517,0.0012524,0.0011267,0.00097849,0.0020867,0.0021709,0.0015844,0.0018781,0.0017173,0.0026438,0.0033446,0.0041159,0.008446,0.038673,0.0040863,0.0039469,0.0025507,0.0019347,0.0014028,0.0013901,0.0013428
0.022723,0.0022028,0.0020232,0.0010077,0.0017281,0.0019078,0.0021636,0.00090294,0.010542,0.039107,0.014918,0.0016434,0.0025931,0.0011935,0.00043982,0.00046756,0.0010128,0.053151,0.0045386,0.0020144,0.0011853,0.0013411,0.00098859,0.0010894,0.0011675,0.0025601,0.016846,0.012348,0.00066965,0.00051612,0.00044413,0.00020762,0.00053277,0.00049209,0.017601,0.00083278,0.00095864,0.00088004,0.0011235,0.00097174,0.00083231,0.0027069,0.0062198,0.0081483,0.020162,0.0020517,0.0010993,0.00089942,0.00056589,0.00065317,0.00058366,0.046464,0.019725,0.020092,0.0229,0.024554,0.027588,0.034839,0.04305,0.10303,0.47751,0.053419,0.025727,0.015563,0.0095646,0.0064761,0.0027469,0.0013657,0.043383,0.0035397,0.0018445,0.00098129,0.001718,0.0016667,0.0020068,0.0017857,0.0051437,0.019239,0.0054625,0.00055089,0.00071817,0.00032033,0.00092406,0.0010109,0.00063134,0.0093061,0.00031601,0.00045447,0.00040163,0.0004141,0.0013037,0.0019653,0.0052199,0.0058228,0.050388,0.0094553,0.0027564,0.0022709,0.0018186,0.0019978,0.0016207,0.0017834,0.01437,0.0023527,0.0018458,0.0019749,0.0020712,0.0022501,0.0022925,0.0051228,0.011557,0.11576,0.015235,0.0037635,0.0012531,0.00085909,0.0035871,0.0015119,0.001709,0.040501,0.0035194,0.0023501,0.0017456,0.0011615,0.00080452,0.00085917,0.00047151,0.0024469,0.0087687,0.0068133,0.0010726,0.00049993,0.00044692,0.00055706,0.00042001,0.00061799,0.013327,0.00054438,0.00050018,0.00045589,0.00034378,0.00056151,0.00038473,0.0019411,0.0019318,0.053375,0.0073926,0.0005945,0.0002978,0.00016405,8.6337e-05,0.00014973,0.00017737,0.011769,0.0020024,0.0032238,0.0034662,0.0042231,0.0048645,0.0067205,0.010423,0.024116,0.11944,0.032393,0.018339,0.0137,0.010759,0.010873,0.0098941,0.0091821,0.051225,0.0042469,0.0017053,0.0018936,0.00022632,0.00047638,0.00045677,0.0018405,0.0045263,0.043803,0.0096128,0.0038592,0.0024888,0.0022487,0.0013259,0.0016576,0.0017471,0.00096704,0.0014328,0.0014483,0.0014808,0.0018611,0.0019846,0.0024538,0.0020232,0.0062692,0.068221,0.0028092,0.0025299,0.0013889,0.00075716,0.00068153,0.00033126,0.00021553
0.018477,0.0022119,0.0018705,0.0012713,0.0010177,0.0020349,0.0036707,0.0063452,0.0094563,0.013691,0.023076,0.0036173,0.0045065,0.0032125,0.0023411,0.002054,0.0022183,0.032603,0.0023159,0.0014905,0.00083158,0.00077889,0.00074925,0.0010938,0.0019031,0.0046478,0.0066562,0.012139,0.0020338,0.00086836,0.00078254,0.00082234,0.00074986,0.00063898,0.010958,0.00094823,0.00047991,0.00039028,0.00027626,0.00039311,0.00092462,0.00070891,0.004642,0.0089295,0.023033,0.0012599,0.0010194,0.00076053,0.00074653,0.00064108,0.00070762,0.011481,0.0036966,0.006481,0.0094803,0.014709,0.022336,0.033874,0.060009,0.15607,0.31904,0.10162,0.067026,0.0517,0.043933,0.040525,0.035708,0.036624,0.029019,0.0014573,0.00097503,0.00084386,0.00058029,0.00051045,0.00096601,0.0026394,0.0066771,0.019586,0.0054839,0.0032357,0.0023241,0.0019359,0.0017507,0.0028261,0.0024186,0.0047189,0.0020039,0.0020843,0.0025228,0.0025088,0.0031204,0.0035193,0.0070558,0.014759,0.045144,0.0035079,0.004253,0.0030277,0.0024837,0.0020278,0.0019864,0.0018235,0.025544,0.0041346,0.0030719,0.0047316,0.0050223,0.00569,0.0060429,0.010163,0.023373,0.10352,0.02177,0.0058935,0.0040302,0.0026788,0.0014535,0.0039789,0.0013962,0.023785,0.0021029,0.0010993,0.00070705,0.0010899,0.00038538,0.00085597,0.00042454,0.00059576,0.0088604,0.0056912,0.00084873,0.00037196,0.00039011,0.00026443,0.00046537,0.00038529,0.0099508,0.00090148,0.00041903,0.00040795,0.00040059,0.00029242,7.8344e-05,0.00057408,0.0022187,0.048383,0.0079014,0.00061862,0.00057744,0.0003687,0.00036,0.00021112,0.00035669,0.0049802,0.0053251,0.0046682,0.0056755,0.0059962,0.007655,0.0087177,0.012824,0.037594,0.22743,0.020368,0.01291,0.0092332,0.0081097,0.00571,0.0055698,0.0061933,0.027157,0.0017418,0.00083443,0.00096176,0.0010671,0.0018492,0.0027147,0.0028944,0.0060001,0.037842,0.010108,0.004315,0.0030681,0.0026898,0.0029924,0.0018194,0.0019036,0.0022965,0.0013589,0.0012229,0.0012967,0.0014776,0.0019196,0.00218,0.0046731,0.0098856,0.061229,0.0078847,0.004651,0.0031658,0.0025848,0.0024053,0.0022453,0.0021706
0.011885,0.0011206,0.0014044,0.0015471,0.0010925,0.0021911,0.003366,0.0049781,0.0099889,0.032448,0.018144,0.0034153,0.0019292,0.0012063,0.0022358,0.0020453,0.0019055,0.020691,0.00097325,0.0010581,0.00098159,0.0010608,0.001101,0.0010134,0.0016221,0.003631,0.016516,0.009345,0.0011739,0.0012071,0.00069416,0.00085073,0.00064447,0.00045395,0.0064317,0.00050518,0.00028007,0.00041025,0.00040949,0.00054244,0.0011231,0.0022385,0.0046103,0.0035469,0.020334,0.0015722,0.0011991,0.0011462,0.00096015,0.0009895,0.0011711,0.024077,0.030434,0.031533,0.034877,0.037596,0.043675,0.055667,0.081402,0.19214,0.44286,0.083508,0.039639,0.024571,0.016665,0.011185,0.0079756,0.0068837,0.017842,0.0023703,0.0015358,0.001761,0.0016322,0.0019761,0.0025144,0.003419,0.0079515,0.011943,0.0022371,0.0022844,0.0013448,0.00082366,0.00089113,0.0020339,0.001175,0.0051747,0.0019723,0.0018211,0.0021617,0.0025938,0.0031535,0.0045567,0.0074175,0.017025,0.029736,0.01177,0.00743,0.0054667,0.0044556,0.004399,0.003583,0.0035229,0.029162,0.002139,0.0025719,0.003378,0.003781,0.0036738,0.0047806,0.0073917,0.020729,0.1028,0.018698,0.0080559,0.0049173,0.0039871,0.0033511,0.0044685,0.0039082,0.011843,0.0014911,0.00046608,0.00073361,0.00020449,0.00020992,0.00014648,0.00058148,0.0019666,0.016646,0.0048758,0.00060447,0.00050013,0.00062932,0.00058092,0.00054436,0.00047493,0.0043316,0.00054965,0.00045694,0.00014807,0.00016495,0.00031678,0.00019837,0.0013801,0.002489,0.052529,0.006961,0.00027628,0.00019369,5.0479e-05,8.1658e-05,0.00024468,8.2016e-05,0.010435,0.0089517,0.0086331,0.0093447,0.0098309,0.011145,0.014168,0.020331,0.041619,0.22363,0.031263,0.015898,0.0091101,0.0070168,0.0071574,0.0049433,0.005209,0.015446,0.0012572,0.0011559,0.0013727,0.0016215,0.0019378,0.0018465,0.003809,0.0045388,0.046034,0.0084934,0.0032823,0.0015666,0.0013206,0.0025719,0.000583,0.00082397,0.0010853,0.00068427,0.00076527,0.0012205,0.0017942,0.0022019,0.0033649,0.0050757,0.013938,0.036079,0.0119,0.0079682,0.005691,0.00477,0.0042851,0.0040474,0.0039883
0.013396,0.0034716,0.0032888,0.0041948,0.0051575,0.004325,0.0057293,0.0095191,0.0069938,0.025796,0.0094438,0.0063535,0.0026927,0.0018983,0.00046254,0.00032774,0.00085639,0.013958,0.0016839,0.00090248,0.0012873,0.0013172,0.0022147,0.0023699,0.0024792,0.0035754,0.013056,0.012916,0.0021579,0.0014104,0.0012256,0.0011025,0.00098105,0.00083544,0.0062848,0.0011608,0.0012598,0.0013837,0.0013067,0.0016483,0.0021567,0.003226,0.0077523,0.025525,0.018008,0.0014871,0.00097009,0.00069773,0.00047665,0.0004734,0.00039484,0.030745,0.027647,0.028955,0.030462,0.036498,0.04311,0.055111,0.083385,0.195,0.35925,0.10386,0.058318,0.042435,0.033282,0.028074,0.027088,0.025149,0.0091192,0.0016881,0.0015779,0.0011777,0.0015662,0.0014053,0.0021094,0.0030453,0.0071548,0.018641,0.0061072,0.0014717,0.001154,0.0010438,0.00076576,0.0010625,7.0572e-05,0.0024453,0.00015024,0.00043568,0.00076995,0.00083567,0.0015083,0.0023004,0.0042859,0.010095,0.056862,0.0069817,0.004389,0.0032539,0.0027706,0.0024899,0.0020232,0.0021706,0.032355,0.0017689,0.0018015,0.0028904,0.0028181,0.0033817,0.0037771,0.0075574,0.014382,0.12436,0.016568,0.0060481,0.0044716,0.0033175,0.00028092,0.0026701,0.0032712,0.0041447,0.0016608,0.00088431,0.00040363,0.00021715,0.00016559,0.00034194,0.00097463,0.0008563,0.016832,0.0060554,0.0006089,6.5185e-05,0.00026578,0.00020353,5.7511e-05,4.0062e-05,0.0022965,8.608e-05,8.2856e-05,0.0003893,0.00067146,0.0010459,0.0016833,0.0032235,0.0036186,0.036719,0.011409,0.0038959,0.0025735,0.0023761,0.0019746,0.0021488,0.0020256,0.0054398,0.0041027,0.0031914,0.0030534,0.0091558,0.012875,0.0080014,0.026766,0.096334,0.11258,0.062908,0.050443,0.027855,0.014588,0.024128,0.022202,0.010082,0.012396,0.0016667,0.00077362,0.00088126,0.0022858,0.0013734,0.0018439,0.0055178,0.0071888,0.039558,0.014223,0.011028,0.0052974,0.0037089,0.0059054,0.0047155,0.0033589,0.0013161,0.0045683,0.0042307,0.0028403,0.0059691,0.0060558,0.0038933,0.012954,0.021415,0.055212,0.026887,0.0095741,0.0019474,0.0061085,0.0035174,0.0020544,0.0045548
0.00058938,0.0020679,0.001425,0.0021859,0.0032484,0.002383,0.0044404,0.0068032,0.016341,0.042258,0.023431,0.0038333,0.0034855,0.0029024,0.0029854,0.0030335,0.0019589,0.010904,0.00055417,0.0010031,0.0012675,0.00080939,0.00093115,0.0012329,0.0021835,0.0061939,0.010979,0.012206,0.0013516,0.00071321,0.0006928,0.00064693,0.0004939,0.00051308,0.0036431,0.0013437,0.0013029,0.0012116,0.0017544,0.0018928,0.0027154,0.0030769,0.0078299,0.022453,0.026111,0.0026933,0.002067,0.0014638,0.0011409,0.00129,0.0010147,0.013258,0.009427,0.011743,0.014912,0.018049,0.026173,0.040946,0.073609,0.21621,0.46164,0.092159,0.067068,0.051407,0.044324,0.040556,0.03766,0.036917,0.0016995,0.0010181,0.00015839,0.0010845,0.00060074,0.00088508,0.0014848,0.0034948,0.008984,0.015376,0.005035,0.0034946,0.0028642,0.0023278,0.0022884,0.0029155,0.0024624,0.0025978,0.0042427,0.0043178,0.0047009,0.0054373,0.0062364,0.0079013,0.011743,0.025907,0.031133,0.0080648,0.0056073,0.00341,0.00176,0.0016199,0.00060824,0.00032806,0.031491,0.00083367,0.0007834,0.00095567,0.0014855,0.0030082,0.0035096,0.0085688,0.020145,0.16108,0.014275,0.0079922,0.0059047,0.0040484,0.0037429,0.0057756,0.0044862,0.0034028,0.00086416,0.00078762,0.00094572,5.4181e-05,0.00050576,0.00088491,0.00090048,0.002778,0.011558,0.0061713,0.00083601,0.00016091,0.00032963,0.0001912,0.00018905,0.00011826,0.001236,0.00158,0.001341,0.0012476,0.0018682,0.0022123,0.0027834,0.0033269,0.0097403,0.010746,0.013373,0.0038591,0.0025913,0.0021157,0.0015606,0.0017216,0.0016098,0.0042592,0.0042134,0.005651,0.0060081,0.0069475,0.0090389,0.012376,0.019035,0.043046,0.14447,0.063758,0.027979,0.021248,0.017219,0.016713,0.013078,0.013918,0.0051862,0.0018001,0.0023234,0.0029104,0.0018515,0.0027284,0.0027543,0.0048302,0.0073334,0.051608,0.012146,0.0050306,0.0031481,0.0028996,0.0009033,0.0016878,0.0014286,0.0013828,0.0032925,0.003323,0.0034499,0.0040931,0.0045134,0.0065796,0.009989,0.020152,0.056868,0.021195,0.0089463,0.006319,0.0048189,0.0043787,0.003841,0.0037671
0.0066892,0.0030674,0.0012906,0.0021114,0.0028991,0.0042715,0.0055445,0.0071655,0.039245,0.025396,0.011697,0.007389,0.0044015,0.0047135,0.0028228,0.0032672,0.0021878,0.0072576,0.0011623,0.0014792,0.0017647,0.0025046,0.0015448,0.0025193,0.003876,0.011515,0.011455,0.009209,0.0022258,0.0014311,0.00088752,0.00051757,0.00058014,0.00052835,0.0041981,0.001153,0.00085968,0.00091423,0.0010454,0.0011995,0.0018315,0.0035493,0.010641,0.015126,0.020239,0.0013434,0.00098364,0.00096215,0.00059153,0.00057856,0.0005436,0.017054,0.025721,0.024051,0.017078,0.042263,0.049131,0.010448,0.11723,0.39987,0.11194,0.090582,0.1096,0.054446,0.026072,0.05928,0.04768,0.015169,0.0012455,0.0015072,0.001489,0.000946,0.0016795,0.0023115,0.00078523,0.0045871,0.016175,0.0020065,0.0019859,0.0057822,0.0031375,0.0011419,0.0020363,0.0033031,0.0012417,0.0078317,0.0046318,0.0010088,0.0063427,0.0088681,0.0059466,0.0038772,0.018142,0.048502,0.0095905,0.0057337,0.012425,0.0093128,0.0037918,0.00098207,0.0039997,0.0054894,0.038031,0.0022165,0.00417,0.0068087,0.0055236,0.0025618,0.014978,0.024187,0.036785,0.11028,0.054414,0.025584,0.009233,0.014318,0.01731,0.010608,0.0042592,0.0023804,0.0016922,0.001922,0.0016714,0.001788,0.0020801,0.0021249,0.0030065,0.0054902,0.0014923,0.0050513,0.0021517,0.0017421,0.00098786,0.00040578,0.00012769,6.8653e-05,0.0047646,0.003547,0.0029021,0.0042382,0.0051701,0.0048317,0.006026,0.011021,0.021224,0.024726,0.013924,0.011745,0.0049518,0.0022331,0.0042798,0.0033996,0.0010262,0.00079921,0.0081958,0.0091163,0.0094288,0.010538,0.01221,0.016866,0.026964,0.079832,0.27475,0.035798,0.013145,0.0086515,0.0065465,0.0072333,0.0032434,0.0036565,0.0074578,0.0014697,0.0022093,0.0028728,0.0015645,0.002641,0.0033181,0.0053679,0.011153,0.036981,0.016542,0.0071143,0.0057039,0.0039973,0.0021227,0.0033039,0.0035668,0.0035725,0.0010815,0.0012935,0.0018536,0.0027817,0.0034975,0.0051826,0.0090107,0.024776,0.051258,0.025316,0.012383,0.0088885,0.0074806,0.0065322,0.0063497,0.0061589
0.00036048,0.0057582,0.006361,0.0054948,0.0058199,0.0068768,0.0086375,0.015664,0.032063,0.037331,0.033984,0.0098802,0.0062281,0.0049528,0.0047973,0.0036618,0.0039921,0.010584,0.0021872,0.0022885,0.0017065,0.0023796,0.0023776,0.0030037,0.0049336,0.012714,0.01487,0.014234,0.0027231,0.0017483,0.001148,0.00080545,0.00056562,0.00068476,0.0016671,0.0016025,0.0017734,0.0021334,0.0024703,0.0029995,0.0036307,0.0051379,0.015921,0.021179,0.027878,0.0046482,0.0039373,0.0030021,0.0025127,0.0023587,0.0023041,0.031195,0.032041,0.033966,0.03679,0.041734,0.05128,0.068068,0.11046,0.311,0.34305,0.093165,0.06252,0.045039,0.037074,0.032927,0.030286,0.031127,0.0035763,0.0014185,0.0014084,0.0011031,0.0015024,0.0021578,0.0028352,0.004261,0.011558,0.015234,0.0027897,0.0014405,0.00083479,0.00048204,0.00088674,0.0016205,0.00087929,0.00012588,0.0011425,0.0010879,0.0013727,0.0016524,0.0024152,0.0039058,0.0073975,0.026765,0.055432,0.00095721,0.0048364,0.0036154,0.0031798,0.0033127,0.0032538,0.0028878,0.036191,0.00059467,0.0012812,0.00096776,0.0011351,0.0033114,0.0038574,0.0061492,0.030931,0.083605,0.012645,0.010568,0.0077102,0.0070082,0.0058425,0.0050106,0.0056229,0.0035515,0.00064838,0.00035921,0.00010742,0.00037113,0.00043662,0.0005393,0.0010575,0.0024826,0.018322,0.0053942,0.000421,0.00060759,0.00047534,0.00037085,0.00037689,0.00025558,0.0012055,0.0017997,0.0017868,0.0019419,0.002169,0.0024591,0.0030945,0.0049893,0.011984,0.049549,0.010255,0.0032933,0.0023025,0.0018255,0.0014312,0.0010566,0.0012894,0.030636,0.024065,0.026247,0.026406,0.029221,0.034324,0.042718,0.06295,0.14424,0.081971,0.077009,0.035909,0.020848,0.013573,0.0086351,0.0051261,0.0010071,0.0072766,0.0015939,0.0025887,0.0027895,0.002496,0.003081,0.0036631,0.0048856,0.0076749,0.04255,0.0091007,0.0046959,0.0029785,0.0019425,0.0022242,0.0020634,0.0025845,0.0023957,0.00042614,6.2886e-05,0.00011548,0.00017638,0.00040265,0.00068756,0.0024441,0.011587,0.064858,0.0062024,0.0020119,0.00094209,0.00069224,0.00038243,7.2161e-05,0.00014497
0.002985,0.0046676,0.0041667,0.0037355,0.0048466,0.0063639,0.0080146,0.012535,0.041434,0.03316,0.011589,0.0044425,0.0054777,0.0022402,0.001706,0.002583,0.0032139,0.0026608,0.00081365,0.0010078,0.0012448,0.0012597,0.0018167,0.0023511,0.003109,0.011739,0.006617,0.011554,0.001431,0.0006411,0.00056326,0.00049755,0.00039073,0.00044823,0.0048161,0.0019474,0.001757,0.0017201,0.0019533,0.0026444,0.0032442,0.0050856,0.01838,0.012942,0.016013,0.003239,0.0018939,0.0015197,0.0010488,0.00094148,0.00087931,0.02932,0.028889,0.028433,0.03205,0.036809,0.045805,0.062615,0.10376,0.33284,0.4069,0.091269,0.055792,0.043931,0.036932,0.032631,0.029886,0.029507,0.0069142,0.0017562,0.0017089,0.0014946,0.0015917,0.0021449,0.0027832,0.0043203,0.012291,0.01548,0.0045536,0.0021605,0.0017802,0.0011605,0.0017292,0.001985,0.0011349,0.0034981,0.0027441,0.0029339,0.0032126,0.00384,0.004216,0.0061257,0.011143,0.03118,0.046325,0.016089,0.006727,0.0051145,0.0040198,0.0040414,0.0032685,0.0035019,0.038691,0.0054525,0.005298,0.0058551,0.0069458,0.0084921,0.010253,0.015427,0.04013,0.16609,0.0068973,0.0066316,0.0047042,0.0032312,0.0049046,0.0008983,0.0003643,0.01014,0.0010611,0.00075394,0.00041319,0.00055552,0.00053639,0.00039028,0.00087761,0.0031917,0.011988,0.0062473,0.0011803,0.00068331,0.00067711,0.00052466,0.00044012,0.00046158,0.00072481,0.0013363,0.0014241,0.001465,0.0014095,0.0016471,0.0016711,0.0024127,0.0055691,0.011139,0.013385,0.0029802,0.0014307,0.0011368,0.0007569,0.00033188,0.00016404,0.012366,0.02554,0.0266,0.029097,0.031173,0.037143,0.046554,0.065734,0.16601,0.079971,0.10549,0.045421,0.029839,0.021142,0.01764,0.014043,0.013632,0.00021362,0.00094582,0.0025899,0.0022337,0.0026082,0.0031,0.0039813,0.0049769,0.006583,0.047235,0.021676,0.0080401,0.0055177,0.0039145,0.002644,0.0041744,0.0035325,0.005663,0.0035154,0.0038131,0.0042708,0.0044522,0.005579,0.0068951,0.01178,0.025591,0.06384,0.021909,0.0096639,0.0061845,0.0045855,0.0037968,0.0035304,0.0035611
0.00766,0.0043607,0.0026668,0.0037007,0.0049741,0.006129,0.0078471,0.013161,0.040502,0.063324,0.022634,0.0041452,0.00065645,0.0015441,0.00069626,0.0011127,0.00072481,0.0059243,0.00096654,0.0011666,0.0014965,0.00093418,0.0016906,0.0019998,0.0037942,0.011766,0.024623,0.011389,0.0012212,0.001202,0.00085378,0.00047156,0.0006821,0.00054935,0.0033398,0.0022999,0.0022058,0.0022112,0.0027177,0.0031004,0.0039614,0.005641,0.01625,0.020581,0.023914,0.0026499,0.0016844,0.0011687,0.00099617,0.00094555,0.00078776,0.024193,0.028171,0.029447,0.033372,0.037773,0.046603,0.063902,0.10606,0.3165,0.32717,0.08845,0.063683,0.049078,0.040486,0.035225,0.0338,0.031479,0.0051804,0.0016075,0.0020571,0.0018616,0.0018968,0.0025088,0.0032202,0.005049,0.012895,0.0098451,0.0049655,0.0026328,0.0014224,0.001304,0.0010395,0.0024821,0.0007477,0.00071908,0.0032123,0.003196,0.0035965,0.0043703,0.0054855,0.0078504,0.011464,0.037086,0.029162,0.016333,0.011536,0.0081931,0.0069114,0.0057937,0.0061115,0.0056668,0.027823,0.0018333,0.001751,0.0020946,0.0032987,0.0035826,0.0045058,0.0074674,0.047507,0.086901,0.023438,0.0084886,0.0070048,0.0061133,0.0039782,0.0035431,0.0050488,0.012098,0.00096511,0.0017454,0.0014855,0.0012803,0.0014174,0.0022822,0.0030473,0.0094875,0.010094,0.010043,0.0022602,0.0016737,0.0011519,0.0011714,0.00098385,0.00074197,0.00057411,0.00093096,0.00096743,0.0013463,0.0017367,0.0019615,0.0023923,0.0042362,0.011891,0.050956,0.0144,0.0033077,0.0023853,0.0018548,0.0016086,0.0017118,0.0016651,0.03105,0.017496,0.017712,0.019127,0.021976,0.026364,0.034041,0.054308,0.1466,0.21494,0.090694,0.041699,0.027509,0.019846,0.016185,0.017862,0.015955,0.0015946,0.0013032,0.00098302,0.0017832,0.0014886,0.002455,0.0025887,0.0047596,0.0080617,0.033736,0.023053,0.010457,0.0068817,0.0049868,0.0062886,0.0031704,0.005127,0.006199,0.0067867,0.0068593,0.0072844,0.0080965,0.0095125,0.011936,0.015599,0.037596,0.021129,0.031768,0.011901,0.0065066,0.0042553,0.0028339,0.002442,0.002018
0.0015927,0.004941,0.0032814,0.0040332,0.0048942,0.0060258,0.006988,0.010027,0.048265,0.027783,0.0096978,0.0046515,0.0017354,0.0011401,0.00047253,0.00027702,0.00087549,0.0060712,0.0016112,0.0010921,0.001063,0.0011765,0.0022378,0.0020493,0.003071,0.013866,0.006379,0.0098878,0.0019361,0.00070476,0.00057694,0.00042612,0.00048687,0.00048639,0.006321,0.0015352,0.00159,0.0016863,0.0017544,0.0021503,0.0026465,0.0041485,0.017379,0.013285,0.021639,0.0029031,0.001865,0.0010424,0.00091715,0.00064104,0.00085068,0.040442,0.034486,0.037224,0.03988,0.045223,0.054952,0.073206,0.1166,0.34656,0.3107,0.11948,0.067689,0.04909,0.040558,0.034536,0.032011,0.032973,0.0069047,0.0024087,0.0022831,0.0023026,0.0023503,0.0027346,0.0037259,0.0050019,0.01422,0.0089365,0.007916,0.0026697,0.001489,0.0011131,2.2963e-05,0.002443,0.00090029,0.0023613,0.0013806,0.0013748,0.0020561,0.0029765,0.0040215,0.006492,0.012523,0.039514,0.015476,0.026105,0.012074,0.009222,0.0079127,0.006949,0.0064674,0.0065309,0.034592,0.0060676,0.0053192,0.0058893,0.0064225,0.0074547,0.009443,0.016711,0.030229,0.1315,0.011108,0.0076443,0.004173,0.0025763,0.0026909,0.0033482,0.0023499,0.0078431,0.00016349,0.0012278,0.00098601,0.00093849,0.0014274,0.0013548,0.0025811,0.0084638,0.012405,0.0031045,0.0018822,0.0012707,0.00070508,0.00073523,0.00036886,0.00052264,0.0034524,0.0023681,0.0021201,0.0022711,0.0027249,0.0024803,0.0028042,0.0043675,0.015578,0.029608,0.0042465,0.003327,0.0019576,0.0010968,0.00098611,0.00048818,0.00035477,0.025034,0.012588,0.015232,0.019669,0.025754,0.032538,0.042396,0.059887,0.14165,0.23396,0.044506,0.018371,0.017867,0.019076,0.0166,0.017176,0.014899,0.0078164,0.0033104,0.0026001,0.0022868,0.0026727,0.0024142,0.0038044,0.0060552,0.011308,0.04158,0.018564,0.0057907,0.0028552,0.0020053,0.00048124,0.0029899,0.002491,0.0021878,0.00022811,0.0001786,0.00023697,0.0012899,0.0034392,0.0064457,0.013164,0.036618,0.026789,0.025711,0.0070065,0.0033181,0.0048048,0.0065489,0.0077754,0.0081235
0.0065957,0.0059638,0.0046236,0.0069954,0.0060355,0.0077856,0.0095827,0.014024,0.042417,0.045854,0.027988,0.0078604,0.0037626,0.0036003,0.0026352,0.0012712,0.0012398,0.0076066,0.00049651,0.0010376,0.0017164,0.0014236,0.0015461,0.0019847,0.0033572,0.013362,0.013925,0.011719,0.0017594,0.0014537,0.0012106,0.00095438,0.00083982,0.0010033,0.0027371,0.0010042,0.00094263,0.00099847,0.00099807,0.0016669,0.0020746,0.0025432,0.018384,0.030523,0.020863,0.00092062,0.00056182,0.0003984,0.00049005,0.00050479,0.00017738,0.04036,0.045434,0.0466,0.051131,0.056208,0.066708,0.0864,0.13443,0.38897,0.21768,0.12193,0.065156,0.042732,0.032351,0.025624,0.022954,0.019902,0.002409,0.002216,0.002125,0.0024492,0.0025342,0.002724,0.003351,0.0060736,0.01527,0.0071944,0.0018356,0.0020838,0.001059,0.00071934,0.00028139,0.0017728,0.00029946,0.0024643,0.0017761,0.0022339,0.002686,0.0031822,0.0048362,0.0066487,0.011587,0.037013,0.027198,0.019143,0.010893,0.0082649,0.0071532,0.0062926,0.006088,0.0059739,0.027064,0.0044101,0.0050052,0.0049727,0.0061915,0.0079178,0.01104,0.020765,0.032205,0.11585,0.026471,0.012245,0.0091814,0.0072648,0.0070571,0.0067938,0.0063687,0.007742,0.00074352,0.00040071,0.0005489,0.00082584,0.00067544,0.0012262,0.0013808,0.0058107,0.015282,0.0063983,0.0019621,0.0012924,0.001231,0.0010669,0.0010055,0.0010319,0.0012932,0.00042591,0.00035258,0.00053885,0.00092714,0.0014459,0.0017677,0.0028412,0.013535,0.01133,0.0088496,0.0036108,0.0028646,0.0025463,0.0019905,0.0020546,0.0018959,0.016217,0.0039621,0.0046048,0.0053905,0.0073035,0.0099234,0.015349,0.029239,0.11148,0.26052,0.033947,0.018264,0.013198,0.012588,0.01036,0.011318,0.010472,0.0059625,0.002425,0.0026764,0.0030052,0.0033357,0.0043343,0.0048461,0.0074561,0.015031,0.041697,0.024584,0.0085594,0.0050701,0.0038233,0.0024371,0.0035302,0.0038109,0.0077458,0.0054911,0.0057417,0.0061643,0.0068756,0.0076792,0.0097041,0.013195,0.034247,0.04677,0.021092,0.0099349,0.006366,0.0043482,0.003235,0.0030405,0.0027829
0.008238,0.0048935,0.0046732,0.0048247,0.0067942,0.0086219,0.011676,0.019623,0.054448,0.032044,0.014382,0.010935,0.0065373,0.0070785,0.005807,0.0059226,0.0045033,0.0043984,0.000974,0.0007994,0.00090901,0.0013561,0.0020108,0.0028347,0.0051458,0.014774,0.011414,0.015942,0.0043209,0.0033112,0.0028506,0.0023875,0.0024321,0.0023499,0.0040932,0.0011446,0.0010989,0.0012448,0.0014266,0.0020562,0.0027111,0.0053663,0.01789,0.025562,0.017899,0.0024455,0.0021132,0.0018208,0.0015735,0.0015283,0.0014076,0.046803,0.048057,0.049565,0.053092,0.058503,0.069381,0.088804,0.13276,0.38043,0.24769,0.10479,0.055945,0.034151,0.021384,0.012978,0.0055976,0.0028496,0.00453,0.0017057,0.0013137,0.0012684,0.0020831,0.0022823,0.0031812,0.0046524,0.013794,0.011182,0.0066579,0.0025901,0.001764,0.0016692,0.0013151,0.0012713,0.0011959,0.0016175,0.0026104,0.0025324,0.0028745,0.0032582,0.0043824,0.0059636,0.011655,0.032246,0.050877,0.0081412,0.006378,0.0047372,0.0040393,0.0032508,0.0033372,0.003151,0.034413,0.0026793,0.00274,0.0023929,0.0026665,0.0039732,0.0048697,0.0080565,0.036305,0.15798,0.023882,0.0082419,0.005018,0.0041155,0.0051265,0.0020616,0.0029221,0.0076982,0.00068819,0.00062093,0.00062874,0.00094355,0.00078192,0.0012144,0.0021144,0.0054553,0.014629,0.0072501,0.0012791,0.00078725,0.0005173,0.00044078,0.00016097,6.8665e-05,0.0009823,0.0018646,0.0022684,0.0022366,0.0022922,0.0031288,0.0042285,0.0071926,0.014962,0.00081051,0.015699,0.0051544,0.0033248,0.0023192,0.0020805,0.0017572,0.0018025,0.0066834,0.003673,0.005461,0.0065561,0.0104,0.015329,0.024807,0.045921,0.14682,0.1985,0.097067,0.046031,0.035804,0.029794,0.028101,0.023898,0.024567,0.0024109,0.0045126,0.0039117,0.0046692,0.0040519,0.0049396,0.0059397,0.0083183,0.015755,0.044365,0.022592,0.0075253,0.0042942,0.0028966,0.0015092,0.0015807,0.0014,0.0011387,0.0030881,0.003151,0.0035455,0.0043371,0.0045414,0.0058543,0.010535,0.023847,0.071628,0.019744,0.0072106,0.0044188,0.0032024,0.0024109,0.0022337,0.0021306
0.0014458,0.0027528,0.0034627,0.0035853,0.0052486,0.0049677,0.0096016,0.020997,0.0557,0.03667,0.03739,0.01627,0.011464,0.0099217,0.0074691,0.0086872,0.0086938,0.0035668,0.00067761,0.0010575,0.0013802,0.0022351,0.0021507,0.0031704,0.0049629,0.01564,0.010395,0.0075033,0.0036342,0.0024622,0.0024443,0.0018988,0.0021764,0.001812,0.0020829,0.00094891,0.0006886,0.0010537,0.0025083,0.00080762,0.0045917,0.0051495,0.019763,0.0042779,0.0253,0.0067437,0.0046447,0.0040129,0.0034114,0.0029613,0.0035058,0.02154,0.0086545,0.021746,0.024825,0.014235,0.048795,0.027755,0.10086,0.42331,0.17186,0.14035,0.074474,0.017675,0.063324,0.036896,0.024941,0.054217,0.0022774,0.00073069,0.0011767,0.0020145,0.00052724,0.0020192,0.00076683,0.0034557,0.016904,0.0095153,0.0066435,0.0030412,0.00082309,0.0024204,0.0018184,0.0010868,0.0013047,0.00049784,0.0050502,0.0048009,0.00012303,0.0067864,0.0068803,0.0028824,0.0095048,0.050943,0.027158,0.019839,0.007158,0.0025457,0.0039789,0.0032118,0.0022805,0.002245,0.035834,0.011802,0.0062774,0.0097189,0.014106,0.0078525,0.024609,0.010355,0.065115,0.095829,0.064011,0.017164,0.014212,0.0143,0.0045609,0.014365,0.0032673,0.0063268,0.00081382,0.001065,0.00033858,0.0020842,0.00075208,0.00070481,0.0033487,0.0027357,0.010053,0.0029894,0.00071077,0.0010187,0.00038395,0.00076586,0.0003435,0.00073432,0.0060598,0.0022275,0.0047042,0.0046881,0.0035348,0.0082434,0.0019612,0.01553,0.013554,0.022813,0.018778,0.0041634,0.0053941,0.0035592,0.0015085,0.0032823,1.3355e-05,0.001688,0.010906,0.011306,0.014606,0.016124,0.023107,0.032138,0.047785,0.18567,0.084945,0.11699,0.066061,0.044675,0.037958,0.035038,0.032888,0.031512,0.0018673,0.0015746,0.00095803,0.0018061,0.0022153,0.0014246,0.0030352,0.0039881,0.0069132,0.043147,0.015121,0.0098633,0.0063667,0.0051767,0.0042078,0.0049298,0.0049725,0.0017605,0.00011088,0.00061035,0.000535,0.00048946,0.0016882,0.0027736,0.0076272,0.018056,0.076826,0.014194,0.0032341,0.0013235,0.00082904,0.00048618,0.00013193,0.00016213
0.00071907,0.0012326,0.0044447,0.0040137,0.0060002,0.0055549,0.006944,0.0071116,0.060149,0.065057,0.020618,0.0090753,0.0068347,0.0038365,0.0049611,0.0046133,0.0075475,0.0037156,0.0013817,0.0012694,0.0025986,0.0012778,0.0025586,0.0025328,0.0044406,0.016155,0.021938,0.014638,0.0015611,0.001056,0.0007737,0.00043359,0.00022271,0.00066377,0.00051308,0.00073587,0.00088413,0.0016391,0.0027242,0.0025511,0.001975,0.0091084,0.017672,0.018963,0.019622,0.0039171,0.0024516,0.0026492,0.0020245,0.0020415,0.0019703,0.010527,0.0093196,0.010611,0.018236,0.018905,0.028902,0.046535,0.064927,0.28075,0.39797,0.088384,0.064947,0.052432,0.045454,0.041811,0.039031,0.039103,0.00416,0.0012454,0.001136,0.0041723,0.0016991,0.0016088,0.0019858,0.0027841,0.0096844,0.017169,0.0057254,0.0015389,0.0018839,0.0012303,0.0018998,0.0025731,0.0017758,0.003399,0.0031708,0.003707,0.0030387,0.0037727,0.0039995,0.0064868,0.018945,0.02781,0.04468,0.012042,0.0035369,0.0022462,0.0013843,0.0014284,0.00080941,0.00074006,0.040114,0.003959,0.0037885,0.0049434,0.0046721,0.0044112,0.0061227,0.0048254,0.075519,0.060442,0.018995,0.010276,0.0083694,0.0068767,0.0045288,0.0039894,0.0069257,0.0094759,0.0013035,0.00085557,0.001298,0.001094,0.00086584,0.0010557,0.0026685,0.0065265,0.012867,0.0047206,0.00035711,0.00024709,0.00035999,0.00017742,0.00015771,0.00025558,0.001173,0.0015453,0.0012019,0.0011074,0.002567,0.003353,0.0036901,0.003696,0.010073,0.053328,0.014055,0.0044479,0.0024014,0.0017315,0.0016075,0.0013199,0.0011616,0.031744,0.021992,0.022605,0.022725,0.027644,0.033046,0.043143,0.075789,0.18125,0.063237,0.13762,0.058829,0.043021,0.033455,0.028116,0.027512,0.025423,0.0016537,0.0022656,0.001825,0.0028389,0.0043534,0.0034544,0.0027024,0.0046251,0.0077889,0.036764,0.022724,0.0089581,0.0059225,0.0044095,0.0047392,0.0033596,0.0026989,0.0046254,0.0013121,0.001317,0.002083,0.0021601,0.0036768,0.0058584,0.009232,0.016297,0.053272,0.022227,0.0082555,0.0054049,0.0041733,0.0034296,0.0032197,0.0033169
0.0034772,0.0021317,0.0035095,0.0029269,0.0051984,0.0057897,0.0070026,0.015645,0.018647,0.031503,0.024482,0.0098355,0.0095694,0.0078715,0.0067686,0.0054778,0.0060521,0.004057,0.00091419,0.0014036,0.0029265,0.001899,0.0020535,0.0028773,0.0037873,0.0073873,0.018938,0.0095815,0.0030648,0.0031364,0.0025137,0.0025459,0.0017199,0.0014248,0.0061379,0.0031859,0.002562,0.0029573,0.0039359,0.0056266,0.0072473,0.0055068,0.012509,0.012243,0.023872,0.0080984,0.0066709,0.0053577,0.0041303,0.0042151,0.0046464,0.0098649,0.012119,0.015107,0.020362,0.021866,0.032443,0.050304,0.11245,0.32121,0.32341,0.080292,0.061294,0.050131,0.044005,0.039506,0.037534,0.036057,0.0043088,0.00084721,0.00070131,0.004327,0.001826,0.0019845,0.0017842,0.006994,0.014647,0.010069,0.0047628,0.0021401,0.000677,0.0010924,0.0018188,6.2246e-05,0.0015926,0.0054074,0.003879,0.0040563,0.0045358,0.0046401,0.004124,0.0071077,0.012437,0.045352,0.036361,0.0071033,0.0057867,0.0037393,0.0033394,0.0028994,0.002363,0.0025502,0.03047,0.0057965,0.0042884,0.0063547,0.0066728,0.0057618,0.0090305,0.011431,0.011931,0.10321,0.021468,0.01166,0.010024,0.0085656,0.0064028,0.0066326,0.005087,0.011931,0.0015522,0.0014171,0.0028133,0.0015634,0.0018169,0.0027369,0.002292,0.0027098,0.019324,0.0065177,0.0023398,0.0026224,0.0021068,0.0022232,0.0016634,0.0012074,1.1433e-05,0.00099875,0.0012847,0.0027935,0.0015882,0.0019875,0.0033825,0.001201,0.001233,0.050167,0.0060355,0.0015393,0.0020208,0.0016634,0.00094394,0.0014352,0.0018158,0.00095751,0.013081,0.01432,0.0099714,0.017561,0.02612,0.008723,0.07033,0.14604,0.17879,0.086292,0.02517,0.018137,0.025696,0.012383,0.013093,0.019776,0.00024796,0.0037159,0.0043882,0.0073314,0.0030473,0.0039233,0.0053064,0.0074167,0.015178,0.038558,0.019929,0.0034759,0.0042028,0.0035353,0.00079974,0.0015233,0.00045396,0.0085851,0.00385,0.0054917,0.0067998,0.0021134,0.008576,0.0062653,0.0085828,0.047161,0.036287,0.019062,0.008903,0.0037749,0.0044969,0.0024917,0.0017821,0.0030194
0.0044308,0.00044803,0.00097706,0.0024767,0.00088655,0.0038379,0.0058817,0.028448,0.099908,0.04092,0.0029966,0.0074437,0.003796,0.0046878,0.0051611,0.0042591,0.0023556,0.0046273,0.0023653,0.00066953,0.0016693,0.0013932,0.00020584,0.00054921,0.002969,0.016374,0.012778,0.003794,0.00018574,0.001032,0.0008467,0.00026001,0.00046658,0.00032044,0.0050507,0.00071789,0.0012355,0.00055498,0.0030254,0.001337,0.0032193,0.0085914,0.046583,0.013694,0.0061827,0.0021396,0.002188,0.0012599,0.0016422,0.0010603,0.0016136,0.0018616,0.0052899,0.0017259,0.0027735,0.0029589,0.0033278,0.0097906,0.022902,0.44834,0.11265,0.0077347,0.0048318,0.0018802,0.0014259,0.0015768,0.0010459,0.001255,0.00092316,0.00099091,0.0017544,0.00042236,0.0019427,0.0007849,0.0015248,0.0033485,0.011591,0.0016226,0.00070174,0.00097085,6.8929e-05,0.00026625,0.00071484,0.00017141,0.0013466,0.0016442,0.0058904,0.0043392,0.0058409,0.0042132,0.0066522,0.0068244,0.018346,0.043156,0.038068,0.0084302,0.0055611,0.0031222,0.0024655,0.0018543,0.0019863,0.001545,0.051762,0.015635,0.0145,0.016165,0.01702,0.022667,0.027592,0.047628,0.11562,0.11298,0.025319,0.014753,0.0083633,0.0064806,0.004012,0.0003765,0.0040398,0.0071641,0.001976,0.00015462,0.001561,0.0014539,0.0013668,0.0019116,0.0041697,0.014338,0.012652,0.0031726,0.0021081,0.0024291,0.0023136,0.0013212,0.0016415,0.0011177,0.00027086,0.0018828,0.0010813,0.0015665,0.0014121,0.0019183,0.0029165,0.011248,0.022761,0.019484,0.0060952,0.0033278,0.0030296,0.002268,0.0022999,0.0018389,0.0018387,0.0061799,0.013568,0.0153,0.015622,0.018767,0.023994,0.032641,0.045912,0.31305,0.16681,0.028234,0.020969,0.016376,0.012475,0.010077,0.011411,0.0073014,0.002018,0.0026356,0.0019842,0.0010956,0.0028115,0.0022978,0.0031633,0.0059831,0.0095451,0.042976,0.004871,0.0043022,0.0029257,0.0026443,0.002759,0.0017058,0.0018959,0.005972,0.0072522,0.0058478,0.0075103,0.0062917,0.0084177,0.0087437,0.021913,0.011243,0.057559,0.010076,0.0069907,0.0033847,0.0025824,0.0012905,0.0007603,0.00015448
0.00016785,0.0044374,0.0059725,0.0068347,0.0076334,0.010193,0.018801,0.048537,0.049518,0.077181,0.027369,0.016698,0.01464,0.010803,0.011434,0.0099302,0.011498,0.0019741,0.00020847,0.00018211,0.0010607,0.0013144,0.0013735,0.0020832,0.0047978,0.0062883,0.011356,0.0020699,0.0012414,0.0014993,0.00086193,0.0010922,0.00092304,0.00095941,0.0029488,0.00037141,0.00037732,0.00055746,0.001126,0.00075555,0.0033552,0.012266,0.040342,0.031743,0.0062831,0.0034925,0.0024565,0.0019084,0.0014058,0.0018165,0.0017128,0.0023327,0.0051608,0.010131,0.014081,0.021272,0.033842,0.056265,0.10053,0.10389,0.29997,0.11372,0.076836,0.060806,0.052777,0.048589,0.046693,0.045348,0.0097391,0.00136,0.0012781,0.0016621,0.00094387,0.00061691,0.00027905,0.0031618,0.014898,0.0060884,0.0014949,0.0015595,0.001162,0.0012032,0.0016526,0.00088937,0.0016022,0.00057986,0.00048632,0.0010215,0.0025361,0.0030285,0.0046364,0.0098666,0.029741,0.030911,0.04897,0.01823,0.011536,0.0093386,0.0079623,0.0074503,0.0070049,0.0069581,0.028496,0.0036661,0.0035895,0.0036848,0.0062497,0.0069136,0.0071325,0.0054802,0.27223,0.076838,0.02777,0.017194,0.013231,0.011406,0.010292,0.010716,0.013424,0.011875,0.00081813,0.00089942,0.001199,0.0011644,0.00059362,0.00096134,0.0032049,0.011096,0.0069366,0.00091609,0.0006859,0.00024101,0.00090856,0.00044768,0.00050209,0.000103,0.00067522,0.0021881,0.0023413,0.0023219,0.0034066,0.0027683,0.0037698,0.015833,0.0093179,0.0071654,0.0051975,0.003044,0.0021577,0.0019138,0.001702,0.0016711,0.0011673,0.026448,0.011494,0.011177,0.013258,0.015185,0.019407,0.029342,0.079022,0.13653,0.15132,0.041718,0.025481,0.019364,0.017949,0.015181,0.014288,0.01614,0.00074771,0.0013412,0.0011417,0.00091115,0.0013982,0.0030343,0.0044643,0.0081303,0.021164,0.023407,0.011359,0.0068201,0.0056141,0.0043305,0.0043263,0.0042656,0.0036469,0.0051137,0.0029779,0.0035231,0.0040492,0.0053676,0.0057804,0.0092669,0.030616,0.044375,0.060577,0.019135,0.011637,0.0090883,0.0074039,0.0065304,0.0063395,0.0064832
0.013506,0.000714,0.0016642,0.0011365,0.002126,0.0024673,0.0050607,0.010348,0.089682,0.023564,0.0071511,0.0034152,0.0016492,0.0013621,0.002424,0.0015097,0.00063517,0.0062753,0.00076499,0.00093771,0.00092995,0.00085058,0.00077284,0.00032239,0.00092622,0.013018,0.0082466,0.0034991,0.0020523,0.001194,0.00084147,0.00092776,0.00077807,0.00061418,0.0053082,0.00043395,0.00057531,0.0004282,0.00067072,0.00051817,0.0011942,0.0011229,0.020244,0.027388,0.0041579,0.0020206,0.00088245,0.00031856,0.00011126,0.00045749,0.00018121,0.024453,0.012797,0.013413,0.016204,0.019601,0.024906,0.035825,0.068821,0.45413,0.078795,0.050848,0.034803,0.026531,0.02267,0.021316,0.019982,0.019787,0.013939,0.0012552,0.00070688,0.00074512,0.00056038,0.000682,0.0013069,0.0027924,0.01325,0.0080885,0.002141,0.0011352,0.00039205,0.00072873,0.00032423,0.00034693,0.00017165,0.0011044,0.00047459,0.0007586,0.0011988,0.0021397,0.0026674,0.0043736,0.012002,0.054207,0.033785,0.0097558,0.0069685,0.0052064,0.0045057,0.0041964,0.0040658,0.0038396,0.024079,0.0015185,0.002254,0.0022563,0.0036584,0.0041471,0.0068967,0.013669,0.063826,0.14926,0.0099932,0.0079082,0.0053652,0.0057939,0.0035239,0.0039705,0.006611,0.014586,7.1875e-05,0.0003883,0.00033726,0.00080343,0.00092152,0.00033761,9.2639e-05,0.006172,0.013292,0.0001127,0.00058688,0.0002126,0.00028275,0.00013528,8.2316e-05,1.7181e-05,0.0035706,0.00034995,0.00027485,0.00019166,0.00030023,0.00089998,0.00075903,0.0017127,0.013045,0.036894,0.003705,0.0019751,0.0012298,0.00084813,0.0004469,0.00066841,0.00043488,0.020117,0.0043726,0.0034285,0.0040452,0.0054214,0.0068152,0.0092377,0.0046349,0.17064,0.22836,0.029676,0.016147,0.010683,0.010848,0.0083164,0.0087275,0.01055,0.0049153,0.0013803,0.00078495,0.00082477,0.0010746,0.0012934,0.00081084,0.0011556,0.0038486,0.048055,0.0047438,0.0032339,0.0013378,0.00091562,0.00062009,0.00043427,0.0014439,0.00056076,0.0010614,0.00098175,0.0011631,0.0013598,0.0026294,0.0022596,0.0078697,0.030635,0.072198,0.0042021,0.0036616,0.003099,0.0027163,0.0025793,0.0023324,0.0025292
0.0025731,0.0026994,0.001986,0.0022127,0.0035121,0.0037084,0.006238,0.012773,0.08488,0.055854,0.0076311,0.0044198,0.0040104,0.0060409,0.0032633,0.0039687,0.0034886,0.0054265,0.0015236,0.0018165,0.0023541,0.0020096,0.0025847,0.0033357,0.0048982,0.019616,0.018168,0.0081554,0.0027215,0.0016061,0.00082999,0.00091747,0.00069906,0.00058938,0.0080377,0.0015061,0.0013056,0.0015384,0.0020625,0.0017128,0.0025027,0.005712,0.025181,0.016948,0.010841,0.0029668,0.0015042,0.0010015,0.00070739,0.0004782,0.00059511,0.019919,0.027548,0.029852,0.0317,0.036571,0.04434,0.059681,0.09218,0.38547,0.24523,0.075047,0.048642,0.036445,0.029429,0.024948,0.023348,0.022707,0.0060082,0.0008763,0.0011549,0.0012274,0.0015375,0.0016585,0.002618,0.0039692,0.013264,0.012835,0.0087481,0.0036905,0.0030552,0.0022319,0.0026987,0.0017525,0.0028801,0.0056001,0.0026087,0.0031727,0.0032098,0.0037382,0.0052082,0.0067418,0.013331,0.03764,0.04713,0.0091135,0.0051133,0.0038571,0.0032335,0.0024817,0.0025376,0.0025978,0.022284,0.0059194,0.0076761,0.0066922,0.0063971,0.0084027,0.011862,0.018019,0.079504,0.11237,0.023734,0.0093592,0.0060092,0.004135,0.0035884,0.0051211,0.0048848,0.0083219,0.0012206,0.00033433,0.00030496,0.00037577,0.00087233,0.00051259,0.001703,0.0097802,0.015534,0.0037776,0.0007192,0.00050368,0.00028782,0.00033145,0.00016738,0.0001049,0.0015736,0.0019148,0.0019151,0.0021086,0.0026689,0.0026649,0.0030496,0.0047109,0.017832,0.042662,0.0097045,0.0040638,0.002418,0.0014812,0.00119,0.0010879,0.0011082,0.0075685,0.0087334,0.009169,0.011645,0.015047,0.021678,0.031271,0.066773,0.25874,0.069297,0.091661,0.05326,0.042148,0.034414,0.032359,0.028457,0.028008,0.0045682,0.00066896,0.00074837,0.0013516,0.0012663,0.0015535,0.0017783,0.0020142,0.00052648,0.05172,0.0053182,0.0030265,0.0023296,0.0022298,0.002093,0.0026577,0.0021916,0.00025749,0.00010429,0.00026087,0.00066963,0.00098839,0.0015102,0.0027028,0.0056731,0.026064,0.072736,0.0068376,0.0035569,0.0027708,0.0023699,0.0022925,0.0018806,0.0018444
0.0055047,0.0052617,0.004599,0.005686,0.0068341,0.0067757,0.010377,0.018395,0.048645,0.064422,0.023433,0.0072572,0.0039915,0.0029089,0.0013904,0.0008977,0.00012208,0.0084954,0.0024976,0.0023277,0.0021136,0.0024044,0.0036079,0.0038386,0.0068593,0.015807,0.015837,0.012914,0.0039581,0.0021815,0.0015916,0.0011538,0.00060353,0.00094986,0.0019455,0.0030176,0.0033258,0.0035243,0.0042031,0.0040041,0.0058524,0.009008,0.018146,0.030288,0.022614,0.006591,0.003815,0.0022786,0.0018264,0.0013789,0.0010491,0.029231,0.028076,0.028693,0.031443,0.034944,0.04154,0.053588,0.087911,0.19165,0.42102,0.067443,0.040828,0.029038,0.022803,0.019516,0.016755,0.016409,0.005663,0.0014087,0.001415,0.0024302,0.0021246,0.0024452,0.0034311,0.0062837,0.009832,0.017318,0.0061041,0.0028644,0.00194,0.0019278,0.0022435,0.0014685,0.00077629,0.0013809,0.0031886,0.0032569,0.0038394,0.00398,0.0055207,0.0067014,0.0087546,0.026984,0.032631,0.021337,0.010013,0.0071818,0.0057088,0.0047826,0.0046619,0.0046044,0.047728,0.010156,0.007716,0.016914,0.016415,0.0062327,0.026639,0.04287,0.012513,0.036608,0.093526,0.034608,0.0056359,0.01558,0.016974,0.012295,0.0071736,0.0079881,0.00048119,0.0010889,0.0006741,0.00042486,0.001754,0.0028243,0.0040894,0.0022983,0.0073181,0.0058258,0.0047445,0.0010701,0.0013219,0.0023218,0.0016527,0.00038147,0.00062371,0.0013491,0.0015089,0.00092994,0.00092448,0.0017268,0.0030829,0.00092171,0.0071599,0.027065,0.0076026,0.00061026,0.00084037,0.00049175,0.00015384,0.00015422,0.00050165,0.034159,0.02348,0.022966,0.026125,0.028565,0.034413,0.042837,0.065445,0.15993,0.17466,0.075619,0.032244,0.020918,0.014638,0.010417,0.0078817,0.007887,0.0053349,0.003253,0.0022088,0.0034175,0.0031265,0.003308,0.0036436,0.0063063,0.0075889,0.049831,0.014945,0.0067847,0.004783,0.0034814,0.0026335,0.0021965,0.0031643,0.00074577,0.0022828,0.0020102,0.0028645,0.003514,0.0043746,0.0063558,0.0096726,0.027902,0.044456,0.030895,0.014333,0.010244,0.008557,0.0075889,0.006996,0.0070516
0.0017891,0.0018871,0.0011025,0.0020602,0.0012894,0.0019694,0.0031883,0.0034022,0.0071262,0.046716,0.018123,0.005556,0.0028582,0.0015204,0.002426,0.0015564,0.0018845,0.0030175,0.0019855,0.0017038,0.0019369,0.0023001,0.0021022,0.0031522,0.0033932,0.0057273,0.014726,0.0095285,0.0031608,0.0018776,0.00090455,0.0010627,0.00068238,0.00086595,0.0052815,0.00093778,0.0010271,0.00099481,0.0013907,0.0016262,0.002093,0.0024436,0.0010746,0.039593,0.017532,0.0065127,0.0042409,0.0035517,0.0025568,0.002474,0.0024434,0.041186,0.044933,0.046636,0.048462,0.053798,0.061234,0.07681,0.10701,0.24407,0.26907,0.1048,0.047516,0.027735,0.016911,0.009489,0.0051278,0.0023442,0.0046483,0.0029819,0.0023733,0.0023855,0.0027812,0.003374,0.0039984,0.004935,0.010471,0.011991,0.0051304,0.0017731,0.0010501,0.00052734,0.00021709,0.00023961,0.00082208,0.0022774,0.0015178,0.0030348,0.0046285,0.0060875,0.0083928,0.010926,0.015181,0.026668,0.027876,0.010222,0.0048049,0.0055714,0.0063772,0.0072903,0.0073802,0.0076143,0.025111,0.005996,0.0052747,0.006293,0.0071657,0.0087709,0.010382,0.014787,0.012202,0.06415,0.049736,0.017873,0.011292,0.0069345,0.0066326,0.0061905,0.0066434,0.0099069,0.0015169,0.0012413,0.0014939,0.0013382,0.0019964,0.0020546,0.002459,0.0048932,0.018141,0.006602,0.0026492,0.001794,0.0013028,0.00098795,0.00083548,0.00083543,0.003891,0.00215,0.0023446,0.002509,0.0026172,0.0030761,0.0040616,0.0046955,0.0088285,0.028506,0.013611,0.0051454,0.0030977,0.0020758,0.0016695,0.0012939,0.0013466,0.011376,0.0084639,0.016386,0.023016,0.030163,0.035562,0.040247,0.044519,0.059899,0.22592,0.047435,0.03756,0.031158,0.024129,0.016696,0.0085062,0.0021324,0.0011234,0.00093376,0.00117,0.0017686,0.0018347,0.002474,0.0023192,0.0038037,0.0072879,0.041156,0.016947,0.0086078,0.0061872,0.0050811,0.0046245,0.0040754,0.0040913,0.001812,0.0035511,0.0044925,0.0060035,0.0075156,0.0089313,0.011345,0.015283,0.023503,0.049379,0.01493,0.007365,0.0070811,0.0074593,0.0074954,0.0077012,0.007866
0.00032618,0.0021221,0.0019512,0.0027849,0.0032339,0.0028376,0.0038885,0.0073202,0.017487,0.054856,0.017611,0.0067791,0.0041643,0.004113,0.0017614,0.0024065,0.0018063,0.0023461,0.001034,0.00072223,0.00025596,0.000605,0.00091858,0.0008547,0.00085179,0.0018283,0.026186,0.0079836,0.0023199,0.0013974,0.00061118,0.00035094,0.00057541,0.00048829,0.0037614,0.00017188,0.00018465,0.00070643,0.00079301,0.0012306,0.0015447,0.0019684,0.0052796,0.020758,0.016407,0.0063135,0.0041003,0.0032666,0.0029022,0.0025987,0.0026284,0.028288,0.028297,0.029616,0.032322,0.036868,0.043373,0.056108,0.086377,0.21852,0.47651,0.094784,0.052544,0.036089,0.02818,0.023104,0.021522,0.020682,0.0093385,0.0020354,0.0015609,0.0011839,0.0010401,0.0014833,0.0020344,0.0032129,0.0084975,0.016281,0.0042414,0.0025501,0.0020822,0.0015625,0.0013636,0.001542,0.0011559,0.0026112,0.0031785,0.0028471,0.0034814,0.0039667,0.0047746,0.0058192,0.0080581,0.01872,0.044929,0.0087377,0.0049931,0.0034621,0.0026738,0.0021498,0.0019416,0.0019474,0.040974,0.0072267,0.0072165,0.0077586,0.0085315,0.0090124,0.0118,0.014565,0.029366,0.037624,0.053115,0.015157,0.0090814,0.0053297,0.0054999,0.0039396,0.0034714,0.01211,0.0010624,0.00056514,0.00075669,0.00037742,0.00049503,0.0004824,0.0010795,0.0021606,0.021407,0.0019413,0.00094424,0.00056611,0.0005301,0.00043304,0.00035001,0.00045969,0.00033572,0.001083,0.0015832,0.0019198,0.0021752,0.0019885,0.0019035,0.0032579,0.0026228,0.055706,0.017214,0.0051058,0.0027281,0.001902,0.0014364,0.0010932,0.0010147,0.02602,0.013901,0.012874,0.014224,0.01507,0.017487,0.021859,0.031357,0.074427,0.1312,0.054883,0.022288,0.014264,0.010243,0.0092715,0.0074337,0.0082361,0.0013943,0.001025,0.0011518,0.0020925,0.0013001,0.00148,0.0020686,0.0023042,0.0051373,0.050936,0.0045145,0.0016978,0.0012715,0.00015279,0.00020523,0.00065449,0.00023841,0.0013428,0.0012151,0.0012038,0.0014043,0.0016262,0.0017129,0.0031446,0.0061993,0.014174,0.060463,0.0097802,0.0051785,0.0041149,0.0035522,0.003385,0.0032122,0.0031243
0.019326,0.0044656,0.0022386,0.0041366,0.0044295,0.0049624,0.0060412,0.006951,0.017483,0.019652,0.021483,0.0088793,0.0054245,0.0054754,0.0033802,0.0019043,0.0020943,0.033537,0.0077552,0.0035454,0.002973,0.0026702,0.00081169,0.00078359,0.001935,0.0036978,0.015921,0.0098639,0.0043035,0.0030887,0.0026039,0.0021248,0.0020882,0.0020886,0.010294,0.0023302,0.0017809,0.001982,0.0023099,0.002637,0.0037651,0.0052776,0.0054926,0.028138,0.016839,0.0071225,0.0044556,0.0033475,0.0029212,0.0027191,0.002699,0.047082,0.02228,0.024318,0.025321,0.028213,0.033164,0.04213,0.063558,0.12842,0.36608,0.077135,0.04263,0.027807,0.022256,0.01894,0.016881,0.016518,0.038123,0.0071886,0.003859,0.0023943,0.0019012,0.0015473,0.0012035,0.0019841,0.0044754,0.02181,0.0029478,0.0022707,0.0017775,0.0018312,0.0015177,0.0012692,0.0010891,0.0056153,0.0010462,0.00038423,0.00018057,0.00028377,0.0015011,0.0022653,0.0033284,0.011017,0.069735,0.0055236,0.0038921,0.00315,0.0028031,0.002688,0.0024023,0.002224,0.048878,0.0070231,0.0077167,0.006913,0.0077991,0.0081341,0.009569,0.01312,0.041295,0.096447,0.041987,0.013583,0.0077848,0.0048837,0.0049393,0.0038987,0.003418,0.047665,0.007612,0.0038754,0.0027697,0.0022457,0.0019394,0.0021204,0.0024305,0.0032751,0.0143,0.0047269,0.0018243,0.0010626,0.00026462,0.00015406,0.00025029,6.8672e-05,0.014343,0.001874,0.00078573,0.00068426,0.0011027,0.00093264,0.0019104,0.0040977,0.0052546,0.023074,0.017121,0.0075468,0.0055826,0.0045616,0.0038763,0.0037387,0.0036851,0.030318,0.0031405,0.0021885,0.0033184,0.0038165,0.0059356,0.0092658,0.018008,0.052404,0.19081,0.030228,0.017142,0.013743,0.011384,0.012554,0.0097542,0.01084,0.037125,0.0080151,0.0040868,0.0023141,0.0018431,0.0017739,0.0016715,0.0016458,0.0026491,0.046558,0.0037599,0.0017143,0.0015111,0.0015433,0.0013828,0.0011007,0.0011483,0.0052224,0.0014046,0.00092409,0.0010474,0.0016479,0.00095322,0.0020572,0.0033716,0.010685,0.082688,0.0062256,0.0040336,0.0032649,0.0026998,0.0022623,0.002243,0.0023156
0.027705,0.0030379,0.0014898,0.0020338,0.0017841,0.0018891,0.0019264,0.0037562,0.007378,0.0344,0.015606,0.006409,0.0031558,0.00221,0.0038205,0.0027369,0.0022412,0.063373,0.0022833,0.00095799,0.00054217,0.0013561,0.0011112,0.002328,0.0024656,0.004728,0.012476,0.0098409,0.0040878,0.0025017,0.0020616,0.0016865,0.0015638,0.0016537,0.01379,0.0024215,0.0014804,0.0013827,0.0019416,0.0019524,0.0024935,0.0041767,0.0088089,0.027317,0.013974,0.0056241,0.0037354,0.0029286,0.0028978,0.0025394,0.0022469,0.047137,0.010914,0.011853,0.01572,0.020044,0.025886,0.038626,0.064529,0.16433,0.28028,0.095466,0.059609,0.046309,0.039376,0.035089,0.033219,0.032477,0.067556,0.003156,0.0014386,0.0011776,0.00040489,0.001505,0.00209,0.0029307,0.0086486,0.012092,0.0059119,0.0034972,0.0026007,0.0020064,0.0015404,0.0018584,0.0017395,0.0063573,0.0031052,0.0028378,0.0033431,0.0033989,0.0040062,0.0049438,0.0080246,0.017878,0.024134,0.0067897,0.0033325,0.0020196,0.0014844,0.0013656,0.000581,0.00060846,0.064549,0.0051834,0.0049001,0.0058853,0.0064202,0.0071476,0.0091396,0.01169,0.020081,0.051448,0.068285,0.022389,0.012744,0.010126,0.0091511,0.0071908,0.0072824,0.075441,0.0035575,0.00061993,0.00082405,0.00089065,0.0011162,0.0011633,0.0024585,0.0027315,0.026267,0.011126,0.0046115,0.0028271,0.0022348,0.001694,0.0015509,0.0017853,0.020832,0.0013597,0.00044596,0.00056939,0.00069689,0.0013661,0.002328,0.0033476,0.0087447,0.040842,0.019341,0.0074536,0.0049121,0.0039413,0.0034243,0.0032039,0.0031891,0.045523,0.0048908,0.0027704,0.0022984,0.0021381,0.0030037,0.0039033,0.0031518,0.014191,0.25076,0.0086387,0.0029395,0.0016286,0.0013471,0.0028531,0.00095797,0.00061226,0.062602,0.003059,0.0014426,0.00053648,0.0010138,0.0012652,0.0010485,0.0023126,0.0046528,0.047622,0.0047073,0.0017015,0.001857,0.0010436,0.00015599,0.00062185,0.00061226,0.0089876,0.0016,0.0016517,0.0016654,0.0017943,0.0024422,0.0028824,0.0056028,0.011522,0.050684,0.002544,0.001636,0.0011866,0.00075495,0.00033441,0.00019696,3.051e-05
0.018599,0.0019937,0.0027304,0.002514,0.0027013,0.0037841,0.0050526,0.0086861,0.035926,0.070768,0.010263,0.0047172,0.0032163,0.0015287,0.0027074,0.0018333,0.0024128,0.04247,0.0021703,0.0016335,0.0018232,0.001322,0.0010299,0.0009753,0.002495,0.0098464,0.021222,0.0033325,0.0011681,0.00078285,0.00069156,0.00064425,0.00045638,0.0004425,0.0086881,0.00064219,0.00087379,0.0010517,0.00092733,0.0010249,0.0014312,0.0023202,0.0092425,0.024215,0.0074534,0.0015218,0.00069644,0.0004621,0.00031118,0.00032622,0.00030328,0.013508,0.036958,0.039466,0.042481,0.046247,0.054551,0.070287,0.10797,0.28436,0.47287,0.1011,0.05614,0.037219,0.027765,0.022448,0.019536,0.019314,0.052281,0.0022688,0.0021908,0.0023943,0.0023325,0.00215,0.0030357,0.0047269,0.011746,0.01142,0.0062436,0.0032142,0.0016764,0.0011355,0.0016147,0.0024652,0.0013313,0.0095922,0.0028649,0.0031987,0.0034632,0.0038361,0.0046063,0.005951,0.0091528,0.025852,0.045282,0.0085382,0.0061361,0.0045523,0.0036981,0.002975,0.0025804,0.0027371,0.043099,0.006951,0.0076365,0.0076297,0.0079762,0.0088505,0.010935,0.012826,0.031744,0.08772,0.076372,0.019705,0.0096998,0.0044558,0.0040623,0.0012536,0.00067902,0.058701,0.0034919,0.0019155,0.0019357,0.002639,0.0024435,0.0024656,0.0039351,0.008371,0.032028,0.016954,0.0076297,0.0032891,0.0029561,0.0020688,0.0018927,0.0018501,0.016592,0.00090611,0.00081509,0.0010033,0.00097033,0.0017772,0.0023017,0.0034709,0.010444,0.03783,0.019546,0.0070271,0.0040854,0.0031547,0.0027343,0.0026804,0.0024891,0.038083,0.0019019,0.0016055,0.0037189,0.0050166,0.0066112,0.010363,0.018356,0.057464,0.16267,0.020792,0.017856,0.014494,0.011841,0.0096069,0.0097245,0.010121,0.045256,0.0022575,0.0013153,0.00059112,0.00073553,0.00087089,0.0009499,0.0011935,0.0029084,0.053663,0.0040717,0.00095347,0.00061444,0.00061776,0.00080101,7.0367e-05,7.4394e-05,0.0055696,0.00056101,0.00073222,0.00099206,0.0015629,0.0016605,0.0029098,0.004635,0.014378,0.058845,0.0044871,0.0036306,0.0032367,0.0025193,0.0024799,0.0024302,0.0024224
0.014992,0.0027727,0.00318,0.0032031,0.0036419,0.0039657,0.0050613,0.0090429,0.033152,0.034405,0.012831,0.007548,0.0051745,0.0044677,0.0040259,0.0044867,0.0045243,0.026864,0.0027508,0.0013387,0.00042308,0.00078933,0.00085402,0.0008017,0.0015603,0.0076526,0.01818,0.0051724,0.0015452,0.0014003,0.0012731,0.0010787,0.0012393,0.0011788,0.0079862,0.0019127,0.0021928,0.0025867,0.0026124,0.0025545,0.0032356,0.004916,0.010111,0.032619,0.0083484,0.0033738,0.0021491,0.001705,0.0014998,0.0011882,0.0012112,0.056039,0.042555,0.043494,0.046702,0.052723,0.061535,0.077495,0.1187,0.2799,0.26876,0.098424,0.050955,0.029777,0.019296,0.010533,0.0055615,0.0007477,0.034186,0.0041942,0.0018637,0.0023264,0.001546,0.0024261,0.0030514,0.0047298,0.010434,0.017299,0.0042257,0.0019273,0.0012747,0.0011389,0.00062692,0.0013023,0.00057792,0.0036374,0.0018053,0.001714,0.0023729,0.0028377,0.0035294,0.0051942,0.0072471,0.023194,0.062985,0.0092565,0.0064838,0.0050594,0.004275,0.003991,0.0036813,0.0035573,0.045411,0.0018479,0.0026069,0.0036028,0.0035708,0.0038044,0.0068857,0.012178,0.028188,0.042167,0.087443,0.021478,0.013603,0.011432,0.0099623,0.0091709,0.0088426,0.041547,0.0027608,0.001151,0.00046805,0.0013391,0.0012732,0.0014897,0.0018454,0.005579,0.013921,0.011149,0.0021145,0.00071212,0.00053744,0.00071164,0.00043622,0.00087738,0.010399,0.0021564,0.0015693,0.0014806,0.0020767,0.0019694,0.0017234,0.0036773,0.005244,0.012402,0.022509,0.004616,0.0019764,0.0012273,0.0005299,0.00032266,0.00014878,0.0017338,0.011938,0.021053,0.026578,0.0071978,0.040023,0.025758,0.047094,0.18,0.090501,0.10808,0.036498,0.019363,0.026898,0.014779,0.017316,0.019888,0.035002,0.0015466,0.0046392,0.0058711,0.0010425,0.0072088,0.0045133,0.0088596,0.021542,0.032277,0.022252,0.0036654,0.0053358,0.0036929,0.001528,0.0030551,0.00045586,0.0033856,0.0030922,0.0045987,0.0029429,0.0042819,0.008258,0.0031945,0.013398,0.042133,0.052251,0.037058,0.015074,0.0049923,0.012597,0.0073516,0.0053443,0.010492
0.012816,0.0020798,0.0022328,0.0022996,0.0031566,0.0037282,0.0045115,0.0063926,0.018779,0.022959,0.016613,0.0088473,0.0061818,0.0050528,0.005272,0.0041544,0.0044842,0.044713,0.0067246,0.0029934,0.0014714,0.0022459,0.0017679,0.0019048,0.0020087,0.0065404,0.0067366,0.0062721,0.0036445,0.0027992,0.0025737,0.0022021,0.0019458,0.0020905,0.013689,0.0022955,0.0015303,0.0012354,0.0019824,0.0012012,0.0031502,0.0035716,0.011747,0.030113,0.0079868,0.0037714,0.0027195,0.0024036,0.0023438,0.0019043,0.0019322,0.0037232,0.044185,0.043624,0.045925,0.051303,0.060145,0.077048,0.11199,0.32287,0.39429,0.098606,0.052511,0.034346,0.024537,0.01845,0.015852,0.015076,0.045157,0.0063714,0.0029427,0.0025607,0.0019269,0.0022106,0.0025336,0.0037043,0.01055,0.012306,0.0041302,0.0017525,0.0011629,0.0010291,0.00090283,0.00069946,5.7332e-06,0.0082589,0.0012845,0.0009136,0.00096975,0.0012462,0.0023119,0.0027415,0.0073802,0.018617,0.0082222,0.0063843,0.0043213,0.0031889,0.0027466,0.0022294,0.0021618,0.0022049,0.0647,0.0045898,0.0023532,0.0014483,0.0022511,0.0026863,0.005112,0.0073617,0.031491,0.097373,0.060378,0.020968,0.013334,0.010642,0.0083264,0.007702,0.0087568,0.052628,0.0058259,0.0027963,0.0018151,0.0015113,0.0020677,0.001432,0.0013621,0.0035527,0.023888,0.0014892,0.0024958,0.0008304,0.0011725,0.00044688,0.00048774,0.00073627,0.013592,0.0032052,0.0031812,0.0033312,0.0034032,0.0035867,0.0042243,0.0050434,0.014035,0.018734,0.022444,0.0069399,0.0044906,0.0034604,0.0029825,0.0025916,0.0026017,0.044389,0.015097,0.016748,0.019079,0.020156,0.025142,0.032574,0.050886,0.14418,0.25781,0.076636,0.039499,0.027434,0.022544,0.019166,0.020724,0.018776,0.048501,0.0072454,0.0023727,0.0025345,0.00065324,0.00079279,0.0016825,0.0028919,0.0085938,0.046971,0.0078623,0.0043246,0.0035983,0.003202,0.0021859,0.0026642,0.0027962,0.0076085,0.0010864,0.00044423,0.00031598,0.00081695,0.00060936,0.00042723,0.0036699,0.0096282,0.039118,0.0031217,0.0018629,0.0013192,0.0011529,0.00086184,0.0011364,0.00099373
0.023852,0.0030989,0.0003896,0.0016298,0.0019422,0.0018986,0.0043981,0.0077323,0.019419,0.075585,0.0042993,0.0035888,0.0031117,0.0034384,0.0021035,0.002392,0.00173,0.054988,0.0049004,0.0012654,0.0018659,0.0023511,0.0014403,0.0026133,0.0031834,0.0090269,0.026978,0.0071032,0.0027123,0.001952,0.0013596,0.0014442,0.001433,0.0013523,0.013376,0.0016971,0.00090484,0.0013277,0.0018295,0.001068,0.0015649,0.0030073,0.0050878,0.028618,0.0065607,0.0021802,0.0013267,0.00084745,0.00031721,0.00023328,0.00011635,0.043099,0.088258,0.037041,0.081398,0.07287,0.074515,0.14124,0.071048,0.54421,0.10929,0.21185,0.047308,0.059045,0.031841,0.020692,0.019694,0.0086671,0.058495,0.0021563,0.00072803,0.0024896,0.0022865,0.0022475,0.0035791,0.0019791,0.018242,0.0029371,0.0053936,0.0014378,0.0012098,0.00080937,0.00032684,0.00040607,0.0010147,0.0075437,0.0066861,0.0028637,0.0068984,0.0050977,0.0070418,0.01243,0.0061926,0.052688,0.0098358,0.026519,0.0069606,0.0085117,0.0066042,0.0034351,0.0066833,0.00083734,0.054957,0.0042112,0.0041251,0.0043201,0.0041746,0.0069143,0.0079125,0.015801,0.026785,0.10613,0.067186,0.015761,0.0097554,0.0062016,0.0050271,0.0047048,0.0052357,0.067046,0.0045705,0.00099117,0.0013511,0.0019939,0.0011549,0.0011948,0.0025203,0.0087601,0.028284,0.0041674,0.0041737,0.0021735,0.0015521,0.0014246,0.0014225,0.0014363,0.018198,0.0019238,0.0015864,0.0017952,0.0025258,0.0030522,0.0034576,0.0067913,0.017674,0.043146,0.024741,0.0078127,0.005843,0.0049092,0.0041449,0.0040357,0.0038701,0.038811,0.0016464,0.0028227,0.0036748,0.0045863,0.0071528,0.011448,0.019099,0.045133,0.12561,0.046914,0.022355,0.015874,0.013371,0.013373,0.0098717,0.012036,0.055236,0.0020043,0.0012238,0.001618,0.001897,0.00117,0.0017804,0.0028777,0.0050142,0.053563,0.00020324,0.0010207,0.0014283,0.00086603,0.00095956,0.00026701,8.9653e-05,0.010664,0.0030556,0.0029544,0.0034115,0.0044207,0.0035506,0.0048542,0.0061981,0.024865,0.067214,0.0087482,0.0049612,0.0035744,0.0028186,0.0024404,0.0019762,0.0021344
0.016623,0.0039748,0.0043601,0.0052691,0.0061193,0.0067005,0.0090929,0.013519,0.033035,0.027242,0.022109,0.0093993,0.006675,0.0047766,0.0040741,0.0035186,0.0033284,0.054686,0.0058906,0.0031651,0.0026764,0.0027958,0.0025533,0.0036767,0.0047632,0.011999,0.013983,0.0094014,0.003143,0.0023093,0.0015411,0.0014033,0.0012769,0.0010662,0.010958,0.0027107,0.0024605,0.0024661,0.0029206,0.0031244,0.0041625,0.0064038,0.011824,0.029223,0.011156,0.0044591,0.0031004,0.0023521,0.0016709,0.0016568,0.0014859,0.01133,0.040675,0.042744,0.045935,0.051396,0.059792,0.076741,0.11329,0.30215,0.32348,0.097577,0.049818,0.032869,0.022579,0.015844,0.011657,0.010456,0.060252,0.005241,0.002291,0.0012176,0.0020116,0.0021688,0.002619,0.0037949,0.010648,0.018418,0.0019652,0.0015305,0.0013401,0.00062984,0.00039534,0.0011613,0.00065042,0.011526,0.0029424,0.0028184,0.0028196,0.0039223,0.0045032,0.0059402,0.01014,0.025329,0.068123,0.012815,0.0065892,0.0050948,0.0040954,0.003692,0.0033475,0.0033703,0.055341,0.0023369,0.0014521,0.0013756,0.00094737,0.0013494,0.0022331,0.0054491,0.019797,0.051937,0.081096,0.010808,0.0069369,0.0037118,0.0033321,0.0033616,0.0030365,0.065953,0.0050605,0.0020316,0.0016038,0.00089267,0.0011218,0.0010811,0.0011,0.0026365,0.019452,0.016228,0.0016006,0.00092661,0.00084741,0.00053484,0.00027729,0.0003624,0.021229,0.0033443,0.0031228,0.0031891,0.0031406,0.0040484,0.0052847,0.0067257,0.014717,0.015297,0.024532,0.0055973,0.0029627,0.0018069,0.00085839,0.00051137,1.9088e-05,0.033154,0.0040748,0.0056917,0.0069126,0.0075376,0.010169,0.015186,0.023022,0.064706,0.20479,0.045213,0.022024,0.016994,0.013969,0.010303,0.01105,0.011353,0.056186,0.0065904,0.0023004,0.0026467,0.0014082,0.0016442,0.0019842,0.0025773,0.0064141,0.047071,0.010468,0.001964,0.00099462,0.00024025,0.00072964,0.00089009,0.00026892,0.007536,0.0015844,0.00064981,0.00091671,0.0010877,0.0018214,0.0027485,0.0051336,0.013499,0.081899,0.0031259,0.0032415,0.0029442,0.0024273,0.0024723,0.0021804,0.0022221
0.018681,0.0023266,0.0030713,0.0034454,0.0040307,0.0050891,0.0062528,0.011777,0.029436,0.040564,0.012128,0.007941,0.0061745,0.0058659,0.0039644,0.0042321,0.0045396,0.028813,0.0024609,0.0010893,0.0011632,0.0013223,0.0010485,0.0023186,0.0041696,0.011865,0.00087417,0.0077033,0.0046696,0.0032823,0.0026537,0.0025781,0.0024937,0.0023804,0.0067121,0.0010677,0.0014593,0.0015268,0.0017934,0.0017909,0.002474,0.0047622,0.01234,0.032754,0.0080214,0.0040636,0.0030506,0.0025,0.0020225,0.0019039,0.0018139,0.055161,0.040747,0.042245,0.044456,0.050559,0.058965,0.077009,0.11862,0.2917,0.4325,0.093462,0.051488,0.034903,0.024124,0.01805,0.015172,0.014523,0.038575,0.002028,0.0024142,0.0027334,0.0021832,0.0027469,0.0034207,0.0056023,0.011275,0.0081192,0.0063224,0.0021356,0.0015167,0.00094579,0.00049566,0.00059236,0.00023269,0.0042019,0.00061821,0.0010034,0.0016284,0.0020217,0.0032214,0.0050203,0.0071749,0.026849,0.026107,0.011681,0.0084716,0.0064838,0.0055737,0.0052956,0.0050914,0.0048161,0.040866,0.003553,0.002669,0.0025562,0.0039454,0.0046225,0.0058264,0.0096516,0.02984,0.011387,0.09782,0.022832,0.012724,0.011408,0.0087856,0.008872,0.0089704,0.044379,0.0023445,0.0011479,0.0013707,0.001729,0.0015364,0.0019726,0.0032224,0.005162,0.0091661,0.022327,0.0048547,0.0032796,0.0020346,0.0013598,0.0015143,0.0014401,0.0098783,0.0024234,0.0022715,0.002482,0.0027163,0.0035343,0.0039579,0.0063071,0.013841,0.027553,0.021907,0.0044846,0.0021167,0.001229,0.00068979,0.00038729,0.00018502,0.041016,0.0095291,0.010222,0.010826,0.012795,0.015247,0.019704,0.032297,0.08187,0.24247,0.024133,0.01883,0.014239,0.011415,0.010189,0.011147,0.0099603,0.032292,0.0019149,0.0013069,0.00071375,0.0012926,0.00086782,0.0012766,0.001284,0.0017328,0.049699,0.0052765,0.0013573,0.00046085,0.00053451,0.0014001,0.0008591,0.00073624,0.0028878,0.0019805,0.0023977,0.0024996,0.0030829,0.0033163,0.0048485,0.006973,0.020559,0.041765,0.007319,0.0056629,0.0043362,0.0037134,0.0030664,0.0032512,0.0028763
0.012003,0.0030596,0.0034698,0.0035076,0.0035051,0.0043221,0.0062678,0.010768,0.015472,0.06481,0.010151,0.0058479,0.0040764,0.0040937,0.0022238,0.0030695,0.0023442,0.016737,0.0023283,0.0010172,0.0007545,0.00090516,0.0010299,0.0021852,0.003001,0.0041001,0.030492,0.002662,0.00016113,0.00010972,0.00018883,0.00026884,0.00026759,3.6258e-05,0.0019512,0.00061931,0.00019863,0.00038346,0.00042707,0.00048933,0.00033999,0.0028345,0.01026,0.039559,0.0066407,0.0017224,0.00085097,0.00055664,0.00063354,0.00065996,0.0005703,0.028632,0.034765,0.03621,0.039604,0.044497,0.054336,0.072441,0.11086,0.31281,0.42483,0.12794,0.073076,0.053911,0.043264,0.03815,0.036271,0.034266,0.032574,0.0023606,0.001669,0.0017559,0.0021543,0.002437,0.0033775,0.0039856,0.01246,0.015578,0.0052834,0.0023996,0.001606,0.0014602,0.0010957,0.0012176,0.00029755,0.0032597,0.00056171,0.0010414,0.0016756,0.0024873,0.0039553,0.0060352,0.012069,0.03059,0.064342,0.018095,0.011337,0.0087092,0.007374,0.006697,0.0064444,0.0061818,0.045932,0.0099367,0.0094436,0.0099281,0.010972,0.012591,0.014345,0.020772,0.039745,0.060096,0.091193,0.019638,0.011242,0.0066201,0.002823,0.0031644,0.0013485,0.032498,0.0024432,0.0017844,0.0017812,0.0013132,0.0023774,0.0028548,0.0055177,0.0073264,0.029371,0.015357,0.0045745,0.0026906,0.0019045,0.0015605,0.0013109,0.0015221,0.011231,0.0012601,0.0013364,0.0015033,0.0016368,0.0022339,0.0033669,0.0058636,0.009162,0.050417,0.01409,0.0021583,0.0012205,0.0012317,0.0009379,0.0011557,0.0011101,0.023039,0.0062928,0.0057672,0.0068011,0.007457,0.0087469,0.012168,0.021362,0.065155,0.090693,0.024405,0.011812,0.0082055,0.0062852,0.005592,0.0069777,0.004717,0.016686,0.0023464,0.0026235,0.0022973,0.0028558,0.0030486,0.0033907,0.0050685,0.009976,0.044336,0.011469,0.0033496,0.0015967,0.00107,0.00063404,0.0010648,0.00019455,0.0083391,0.0043677,0.0044581,0.004792,0.0054908,0.0064534,0.0083007,0.012877,0.027747,0.080638,0.021076,0.0092123,0.0061784,0.0046932,0.0040954,0.0037548,0.0034409
0.015745,0.0062647,0.0057346,0.0064939,0.00737,0.0087851,0.011903,0.017856,0.066786,0.010674,0.017085,0.0082353,0.0064917,0.0036084,0.0035044,0.0011619,0.0023518,0.0084134,0.0023036,0.002092,0.0019274,0.0023769,0.0027137,0.0028484,0.004343,0.015094,0.0047052,0.0030886,0.0022255,0.0012163,0.00082894,0.00035511,0.0001064,0.0001011,0.0044423,0.0036254,0.0036595,0.0041192,0.0044649,0.0052841,0.0066764,0.0088415,0.025196,0.013277,0.0092231,0.005073,0.0028231,0.0020061,0.0009918,0.00064341,7.0564e-05,0.027897,0.025471,0.027108,0.028867,0.032947,0.041108,0.056007,0.09075,0.278,0.18447,0.084583,0.053664,0.040453,0.033494,0.029854,0.027864,0.027356,0.021433,0.0020636,0.0013601,0.0016302,0.0016612,0.0016793,0.0022152,0.0037562,0.010781,0.01299,0.002011,0.0016488,0.0012581,0.00090064,0.0014865,0.00094615,0.00063513,0.0052091,0.0027392,0.002911,0.0032574,0.003823,0.0046556,0.0060595,0.011527,0.031558,0.049665,0.012582,0.0066913,0.0050188,0.0040928,0.003562,0.0033402,0.0034314,0.034363,0.0008424,0.0013046,0.0032222,0.0037454,0.0058381,0.0074035,0.013612,0.058092,0.024499,0.099833,0.025012,0.018854,0.013711,0.011457,0.010924,0.010933,0.027749,0.0020413,0.001864,0.0016066,0.0020217,0.0021879,0.0032223,0.0052399,0.011346,0.0084503,0.015895,0.0063013,0.0043246,0.0034769,0.002993,0.0027858,0.0024948,0.0065652,0.0011127,0.0010607,0.001202,0.0011736,0.0015182,0.0025945,0.0038659,0.010394,0.020798,0.014441,0.0014516,0.00053885,0.00078848,0.0005515,0.00085679,0.00064087,0.0093404,0.011873,0.0098574,0.011439,0.019556,0.031253,0.047035,0.065612,0.14637,0.19856,0.045987,0.034847,0.036773,0.034014,0.031384,0.025282,0.022547,0.015425,0.0038014,0.0020113,0.0014064,0.0027459,0.0054577,0.008236,0.012293,0.017436,0.029856,0.0071197,0.0098253,0.0096772,0.008522,0.0064901,0.0040978,0.0028782,0.0016117,0.005287,0.0056814,0.0069234,0.0096023,0.013222,0.017553,0.025733,0.042847,0.048494,0.0019471,0.010648,0.0119,0.011191,0.0095451,0.0074051,0.0064031
0.0015831,0.0031518,0.0034425,0.004162,0.0048543,0.0057316,0.0082063,0.011519,0.038843,0.016237,0.023149,0.010726,0.0076247,0.0058036,0.0065728,0.0056291,0.0055238,0.0087243,0.001517,0.00099703,0.0017288,0.0018515,0.0025353,0.0025802,0.004023,0.011772,0.011115,0.01115,0.0038107,0.002699,0.0019513,0.0017258,0.0016982,0.001709,0.0018616,0.0026911,0.0028301,0.002912,0.0034646,0.0038057,0.0047036,0.0073317,0.014933,0.027156,0.015716,0.0050032,0.0031414,0.002227,0.0014913,0.0014969,0.0013848,0.021525,0.029382,0.030928,0.032689,0.038137,0.04687,0.063711,0.10561,0.28763,0.41889,0.11033,0.068915,0.051465,0.04318,0.037792,0.036412,0.035636,0.013851,0.0012147,0.0013654,0.00099808,0.0012313,0.001492,0.0022858,0.0034674,0.0090441,0.010707,0.0053262,0.0023271,0.0019089,0.0016996,0.00102,0.0024689,0.0022354,0.00022507,0.0012388,0.0012112,0.0011883,0.001688,0.0021233,0.0032545,0.0035232,0.019657,0.01468,0.0045026,0.0034021,0.0027868,0.0023433,0.0019905,0.0023508,0.0022049,0.037804,0.002799,0.0024995,0.0025462,0.0029441,0.0042804,0.0052561,0.0086921,0.028151,0.026546,0.087411,0.016802,0.0096764,0.007347,0.0060492,0.0053491,0.0056191,0.020106,0.0018752,0.0013611,0.0015086,0.0020195,0.0020377,0.0022789,0.0035886,0.0062143,0.019979,0.014094,0.0047275,0.0021143,0.0015609,0.0011547,0.0015099,0.0012646,0.0053731,0.00087829,0.0005746,0.00079116,0.00094214,0.0011329,0.0013903,0.003684,0.011757,0.035731,0.021058,0.0040774,0.0022873,0.0016873,0.0016896,0.0014983,0.0013066,0.0080549,0.0073824,0.0069907,0.0098746,0.012633,0.016719,0.025973,0.045036,0.11342,0.2708,0.05822,0.040529,0.030778,0.026585,0.024679,0.021952,0.019446,0.012154,0.0022426,0.0023085,0.002507,0.0025598,0.0028514,0.0036278,0.0051519,0.011037,0.043186,0.01224,0.0037894,0.0022388,0.0017356,0.0023255,0.00094336,0.0016899,0.003996,0.00040542,0.00042304,0.00052007,0.00067942,0.00086927,0.0010624,0.00040016,0.0081087,0.037952,0.0046952,0.00075134,0.00030185,0.00024312,0.00047333,0.00030718,0.00023081
0.0027733,0.0015549,0.002423,0.0018737,0.0027412,0.0029896,0.00491,0.0075088,0.030888,0.072804,0.0081236,0.0049453,0.0032375,0.0024858,0.0039868,0.0033922,0.0029641,0.0012245,0.0017677,0.0012384,0.00025848,0.00088916,0.0013336,0.0016661,0.0031406,0.011548,0.018086,0.0062156,0.0042432,0.003162,0.0028002,0.0024621,0.0023539,0.0023995,0.0022202,0.0010528,0.0010032,0.0011047,0.0010243,0.0010933,0.0012849,0.0014999,0.0056108,0.025571,0.011369,0.0032006,0.0018748,0.0014077,0.0012958,0.00095793,0.0010224,0.0077039,0.0056349,0.010268,0.01671,0.024221,0.036803,0.05731,0.10354,0.30525,0.56928,0.16861,0.10515,0.081441,0.070152,0.063856,0.058695,0.058803,0.0092851,0.0013815,0.00081132,0.0014446,0.0010827,0.0014562,0.0020078,0.0034753,0.010287,0.010914,0.0061609,0.0035662,0.0026696,0.0022062,0.0019265,0.0016345,0.0018273,0.00346,0.0028017,0.0027866,0.0034061,0.0038544,0.0051712,0.0069281,0.012311,0.030999,0.055151,0.016476,0.0097472,0.0071527,0.0059758,0.0053836,0.0048026,0.0049782,0.029061,0.0070689,0.0068842,0.0073667,0.0080718,0.010234,0.013654,0.020696,0.045077,0.051468,0.11067,0.02921,0.020043,0.015506,0.012456,0.010796,0.012936,0.014086,0.0025176,0.0017741,0.0015192,0.0022806,0.0027392,0.0038273,0.0061829,0.0133,0.016602,0.026181,0.01103,0.0067256,0.0054583,0.0048968,0.004698,0.0045796,0.004139,0.00025206,0.00065986,0.0010464,0.0012553,0.002249,0.003366,0.0047292,0.015581,0.03962,0.01278,0.0034488,0.0028837,0.0024807,0.0025404,0.0022713,0.0022774,0.025036,0.010996,0.012126,0.012738,0.014315,0.015714,0.021334,0.033526,0.066877,0.15834,0.02429,0.014788,0.010784,0.0069835,0.0058154,0.0061588,0.0036584,0.0043984,0.0024798,0.0013383,0.0014353,0.0020352,0.0022058,0.0035373,0.0059343,0.013869,0.045922,0.014259,0.0057239,0.0039883,0.0035283,0.0026586,0.0034526,0.0025978,0.0049973,0.0020365,0.0020377,0.0024056,0.002695,0.0034966,0.0049526,0.010401,0.023164,0.059333,0.020392,0.0094335,0.0067572,0.0055347,0.0049572,0.0048712,0.0045892
0.010943,0.0076289,0.0049056,0.005517,0.0065987,0.00769,0.0098152,0.018883,0.019563,0.055997,0.011174,0.0069079,0.0052116,0.0053282,0.0019912,0.0033914,0.0018826,0.016669,0.0069168,0.003324,0.0025333,0.0018135,0.0031369,0.0024484,0.0035204,0.0071463,0.028631,0.0054063,0.0010091,0.0007162,0.00022401,0.00035216,0.00054072,0.00017358,0.0061284,0.0029042,0.0012162,0.00093394,0.0010927,0.0013413,0.0011678,0.00068426,0.012753,0.035511,0.003299,0.0014192,0.00076392,0.00046675,0.00059858,0.00064527,0.00089075,0.0062162,0.0023567,0.012677,0.02251,0.038381,0.059498,0.091437,0.15275,0.39073,0.39377,0.071176,0.022938,0.035592,0.05222,0.06343,0.071326,0.072204,0.0067502,0.0068175,0.0039272,0.0032648,0.0029325,0.0024919,0.002931,0.0051287,0.011923,0.017287,0.0017156,0.0010987,0.0011736,0.0016052,0.0015529,0.0022825,0.002451,0.0013619,0.0015376,0.0030691,0.0050517,0.0082218,0.010044,0.014334,0.02083,0.044698,0.056513,0.011584,0.0045864,0.0070607,0.0090443,0.0103,0.011476,0.011559,0.022957,0.0081063,0.0071297,0.0061468,0.011499,0.0024089,0.016477,0.011496,0.01313,0.10801,0.068773,0.02945,0.0098112,0.0021046,0.0062458,0.0028322,0.0023651,0.0043107,0.0082761,0.0025376,0.0021595,0.001398,0.0010467,0.0010556,0.0033362,0.0059318,0.035514,0.0093069,0.0080473,0.0014254,0.0018007,0.002537,0.0018212,0.0021134,0.00038912,0.0041395,0.00022683,0.0023878,0.0017981,0.0026286,0.0050617,0.0059001,0.019033,0.036079,0.020263,0.016359,0.0054508,0.0071127,0.00599,0.0041628,0.0064012,0.00038148,0.0080852,0.0049636,0.0049119,0.0059432,0.0074346,0.011537,0.017704,0.040342,0.097257,0.0289,0.014368,0.010351,0.0090095,0.0082726,0.0077352,0.0073815,0.017748,0.0078217,0.004643,0.0031774,0.0031132,0.0034504,0.0038814,0.0054598,0.011208,0.041253,0.010622,0.0030952,0.0018752,0.0012252,0.0011437,0.00054467,0.00030326,0.0063172,0.0034243,0.0039697,0.0041843,0.0042577,0.0063853,0.0076929,0.011662,0.028667,0.084252,0.014367,0.0088618,0.0065318,0.0051249,0.004635,0.0041291,0.0041695
0.019554,0.0083006,0.007236,0.0085635,0.0090368,0.011202,0.013851,0.021923,0.056597,0.013559,0.031887,0.011516,0.006927,0.0057289,0.0030554,0.0027,0.0022011,0.066085,0.0063042,0.0033965,0.0023913,0.0019438,0.0029443,0.0033636,0.0048546,0.014345,0.0098155,0.01182,0.0031456,0.0014638,0.00078376,0.00052519,0.00024381,0.00031473,0.01523,0.0044589,0.0039481,0.0038704,0.0043305,0.0052959,0.0064341,0.0083284,0.027063,0.008358,0.018213,0.00634,0.0038007,0.0026092,0.0018999,0.0013696,0.0014782,0.0029717,0.042154,0.042611,0.04551,0.050546,0.060119,0.078127,0.11923,0.33708,0.20258,0.086416,0.048383,0.031316,0.021546,0.015559,0.013157,0.0091554,0.053389,0.005967,0.0023331,0.0021993,0.0022992,0.002065,0.0025651,0.0046232,0.011033,0.012145,0.004177,0.0014328,0.00078996,0.0006138,0.00027163,0.0015465,0.00065805,0.0088121,0.001193,0.0011511,0.0017426,0.0018129,0.0023177,0.0044728,0.0075643,0.02629,0.037613,0.0067805,0.0063545,0.0051557,0.00447,0.0040275,0.0038766,0.0036927,0.0046903,0.0024411,0.0021864,0.0024615,0.0026453,0.0039145,0.0047741,0.011792,0.02451,0.04277,0.071975,0.0034177,0.0028636,0.0028102,0.0010431,0.0032682,0.0035077,0.05215,0.0057731,0.0026005,0.001682,0.001459,0.00094287,0.0011133,0.0015664,0.005751,0.014002,0.00538,0.0042709,0.0026315,0.0018648,0.001882,0.001843,0.0012341,0.014397,0.0025536,0.0015154,0.0010912,0.0012027,0.001918,0.0016298,0.0016189,0.0098083,0.019271,0.027417,0.0029167,0.0022924,0.0016632,0.0012688,0.00093064,0.0010834,0.0048256,0.018241,0.018203,0.019399,0.022136,0.025117,0.032397,0.051224,0.12651,0.28182,0.036793,0.024012,0.016381,0.011759,0.0088219,0.009409,0.0094949,0.061999,0.005868,0.0021166,0.0014606,0.0011232,0.00071869,0.0011142,0.0011312,0.0026039,0.047185,0.0039723,0.0013863,0.0012458,0.0010665,0.00053465,0.00068998,0.00097086,0.0039082,0.0025253,0.0028752,0.00274,0.0033167,0.0045921,0.0053152,0.0070962,0.020765,0.054413,0.0029299,0.0035281,0.0023738,0.001604,0.0010879,0.00091559,0.00087167
0.024311,0.0058073,0.007022,0.0068851,0.007168,0.0086032,0.01125,0.015456,0.04979,0.0062358,0.023746,0.0098827,0.0064084,0.005572,0.0043321,0.0037145,0.0035286,0.056926,0.0050146,0.0028668,0.002289,0.0031168,0.0022707,0.0025107,0.0038877,0.010366,0.013577,0.0042979,0.0027123,0.0019467,0.0017242,0.0016405,0.0014565,0.0015392,0.01762,0.0032719,0.0027683,0.0026758,0.0025278,0.0035664,0.0044422,0.0071177,0.0083877,0.016075,0.010166,0.003802,0.0021825,0.0012446,0.00073022,0.0005442,0.0001564,0.070499,0.041391,0.041909,0.044903,0.049933,0.059506,0.077548,0.1173,0.28406,0.49075,0.10826,0.062308,0.043434,0.033796,0.027965,0.024688,0.023875,0.045678,0.0057839,0.0024068,0.0021806,0.0020167,0.0021501,0.0028893,0.0034251,0.0083232,0.013467,0.0050554,0.0018771,0.0011122,0.0011074,0.00088654,0.0013478,0.00049973,0.0061952,0.0016096,0.0010951,0.0012415,0.0016246,0.0017869,0.0027376,0.0052843,0.014475,0.022164,0.0045994,0.0031652,0.0025661,0.0020925,0.0018538,0.0018752,0.0017243,0.022063,0.0087593,0.0068137,0.0088924,0.0084959,0.010799,0.014582,0.024208,0.066225,0.085844,0.074007,0.02254,0.011649,0.0072493,0.0032068,0.0031003,0.0026951,0.043622,0.0050195,0.0030542,0.0022856,0.0020496,0.0020802,0.0024395,0.0023007,0.012462,0.018041,0.007536,0.0030046,0.0014064,0.00093215,0.00070282,0.00054082,0.00037768,0.009699,0.0012886,0.0012544,0.0013315,0.0017546,0.0017857,0.0026267,0.0058213,0.019399,0.027869,0.017694,0.0055987,0.0043629,0.0039753,0.0034314,0.0031346,0.0030079,0.050978,0.015412,0.031326,0.039127,0.0092393,0.054158,0.04502,0.055949,0.23946,0.093291,0.092808,0.036561,0.015406,0.02138,0.0014322,0.011688,0.0023861,0.050185,0.0066338,0.0035222,0.0055947,0.0021353,0.007429,0.0063163,0.0090218,0.035667,0.015457,0.016546,0.010489,0.0020524,0.0066925,0.0038873,0.0029939,0.0054532,0.0044766,0.0010526,0.0042083,0.0049312,0.001199,0.0068124,0.0048018,0.0069679,0.026746,0.019755,0.014229,0.0058556,0.0030176,0.0036554,0.0011649,0.0022803,0.0010929
0.0039292,0.0037285,0.0053117,0.0059789,0.0062037,0.0083492,0.0082779,0.010811,0.03748,0.030389,0.029732,0.010204,0.0054431,0.0041088,0.0020385,0.0019569,6.4842e-05,0.032086,0.0049464,0.0033339,0.0034897,0.0026196,0.0033745,0.0042891,0.0054728,0.012654,0.009797,0.010372,0.0039734,0.0017244,0.0017062,0.00070744,0.00072553,0.00062943,0.0052529,0.0037255,0.0023075,0.0026859,0.0023321,0.0032987,0.0031084,0.0047657,0.0089945,0.014467,0.01827,0.0056399,0.0027384,0.0017152,0.0015037,0.001184,0.0011025,0.010014,0.026785,0.026954,0.03165,0.039194,0.051139,0.07329,0.12624,0.35993,0.54846,0.15812,0.10234,0.079384,0.067693,0.061166,0.055921,0.056443,0.023564,0.003554,0.0010291,0.00064309,0.0012432,0.00137,0.0022012,0.0041583,0.011056,0.012939,0.0063902,0.0033978,0.0025103,0.0021329,0.0022681,0.0021559,0.0020905,0.0025654,0.00040168,0.00080213,0.0013482,0.0022611,0.0029033,0.0054257,0.010077,0.031248,0.050391,0.013746,0.0086841,0.0071617,0.0061932,0.0057007,0.0052305,0.0052663,0.019499,0.0057461,0.0068815,0.0078787,0.008217,0.010393,0.013374,0.024577,0.016806,0.087302,0.068408,0.021347,0.013454,0.0094281,0.0090518,0.0089105,0.0092985,0.015547,0.0034617,0.001808,0.0017374,0.0016713,0.002211,0.0032304,0.0032575,0.011081,0.011819,0.010091,0.0049046,0.0028079,0.0023883,0.0018837,0.0018676,0.0018177,0.0076486,0.0039891,0.0040534,0.0043636,0.0047583,0.0056068,0.0068095,0.011051,0.026839,0.026193,0.020471,0.0071736,0.0047813,0.0034437,0.0028496,0.0024061,0.0024338,0.015217,0.014833,0.015692,0.017314,0.019657,0.023671,0.029558,0.043557,0.097543,0.1731,0.044009,0.021402,0.01279,0.0084366,0.0059102,0.0024497,0.0015907,0.028157,0.0054158,0.0030824,0.0019736,0.0016299,0.0018816,0.0029699,0.0050573,0.014944,0.042942,0.0090594,0.0059652,0.0046986,0.0040624,0.0038425,0.0035788,0.0033722,0.0042725,0.0021742,0.0027173,0.0025887,0.0035132,0.0041259,0.0054232,0.0085049,0.02265,0.053961,0.013113,0.0065064,0.00507,0.0043849,0.0039226,0.0036543,0.0036202
0.029635,0.006338,0.0051261,0.0072282,0.0089298,0.010647,0.01278,0.021481,0.066583,0.027342,0.033977,0.011126,0.0070505,0.0049849,0.0034574,0.0027996,0.0025807,0.0077058,0.0019238,0.0021211,0.0025411,0.0025139,0.0035016,0.0037703,0.0066738,0.02003,0.0054691,0.010921,0.004132,0.0026199,0.0015283,0.0011349,0.00097988,0.00089648,0.0058461,0.0037438,0.0037613,0.0038777,0.0043402,0.0049771,0.0065939,0.0073754,0.022744,0.0068157,0.020151,0.0068753,0.0042389,0.0028035,0.0020463,0.0016563,0.0014248,0.0047894,0.01614,0.018452,0.021688,0.028927,0.040957,0.063827,0.12045,0.41357,0.43121,0.12552,0.089618,0.070879,0.060853,0.054953,0.054375,0.051852,0.015305,0.0016992,0.001448,0.0012905,0.001717,0.0019115,0.0021574,0.0043887,0.013326,0.016035,0.0039365,0.0026332,0.0022766,0.0016348,0.0014351,0.00093956,0.0016861,0.0055428,0.0034721,0.0036607,0.004087,0.0046624,0.0053496,0.0078416,0.012436,0.044653,0.070058,0.014139,0.010032,0.0075562,0.0062411,0.0056385,0.0054222,0.0053864,0.050185,0.0027205,0.003244,0.0034084,0.0056777,0.0068517,0.010715,0.019846,0.039285,0.098224,0.065683,0.028425,0.019876,0.01492,0.013952,0.01238,0.012255,0.010676,0.0022229,0.0024165,0.0026767,0.0026038,0.0026991,0.0041816,0.0049502,0.013133,0.008742,0.0099204,0.0039621,0.0021272,0.0012423,0.00062364,0.0001745,0.00036049,0.00058747,0.0035797,0.0036059,0.0038294,0.0043686,0.0044278,0.0053818,0.0088501,0.025521,0.031814,0.016936,0.0050519,0.0031057,0.0018589,0.0011253,0.00076732,0.0001755,0.01861,0.0064475,0.0071004,0.0086775,0.010385,0.01245,0.017321,0.0339,0.12744,0.074998,0.033544,0.016942,0.013537,0.01107,0.011794,0.010324,0.0083257,0.0070859,0.0028945,0.0017174,0.0015932,0.0023601,0.0028184,0.003652,0.0043403,0.010353,0.045133,0.0055253,0.0026788,0.0018959,0.00089428,0.00090038,0.00079652,0.00082209,0.0054818,0.0030746,0.0031299,0.0035607,0.0041749,0.0056782,0.0077977,0.010226,0.03543,0.085726,0.015932,0.0095888,0.0075143,0.0062185,0.0056655,0.0051266,0.0050584
0.0031758,0.0067984,0.0074051,0.0073048,0.0085473,0.010569,0.01421,0.025824,0.044121,0.006505,0.0384,0.016873,0.011395,0.010155,0.0070684,0.007752,0.0078527,0.015213,0.0020164,0.0014696,0.0014475,0.0019373,0.002754,0.0033671,0.0051724,0.01484,0.0099801,0.011577,0.004682,0.0032459,0.0027474,0.0023611,0.0019486,0.0019265,0.0031681,0.003469,0.0036832,0.003922,0.0041345,0.0052707,0.0058884,0.0083109,0.034877,0.010035,0.02245,0.0084661,0.0055111,0.0039536,0.003447,0.0034365,0.0029011,0.032485,0.034608,0.037884,0.039427,0.045293,0.054963,0.072857,0.11802,0.41366,0.19043,0.078148,0.04845,0.035195,0.027264,0.022765,0.022025,0.018194,0.009617,0.0011695,0.0010956,0.0013783,0.00129,0.0014497,0.0023552,0.0042178,0.013658,0.0064949,0.00062077,0.00076379,0.00053173,0.00035636,0.00064407,0.00099491,0.00011443,0.0028343,0.00098912,0.00098486,0.0012421,0.0019259,0.0024461,0.004209,0.0087139,0.036194,0.0098886,0.0063149,0.0049609,0.0039043,0.0034533,0.0033996,0.0030333,0.0029183,0.034789,0.0015798,0.0022058,0.0022229,0.0028648,0.0039809,0.0059443,0.0083201,0.032987,0.027798,0.056185,0.021297,0.014675,0.012149,0.0089706,0.0092851,0.010737,0.0025692,0.00083631,0.0011934,0.0011941,0.0018581,0.0015386,0.0016839,0.0023489,0.0092943,0.015546,0.0063411,0.0019842,0.0010809,0.00056285,0.00060574,0.0002874,2.8618e-05,0.00449,0.00051466,0.00056303,0.00072362,0.0010499,0.00088712,0.0016706,0.0013158,0.0093827,0.044128,0.012547,0.004118,0.0026537,0.0020845,0.001777,0.0016063,0.0018044,0.010904,0.0099715,0.011882,0.013519,0.016621,0.022668,0.033666,0.058736,0.18068,0.31461,0.071558,0.047155,0.036757,0.030852,0.027439,0.026194,0.024893,0.01004,0.00038035,0.0011856,0.00085682,0.0011419,0.001302,0.0011121,0.0016371,0.0037493,0.042529,0.0052722,0.0019721,0.0017282,0.0012871,0.0015308,0.001974,0.0015984,0.0018349,0.0019841,0.0024811,0.0024715,0.0024622,0.003562,0.0045871,0.008537,0.026099,0.038862,0.0079703,0.0036592,0.0023112,0.0017406,0.0011536,0.001132,0.0011521
0.0086729,0.0038414,0.0040563,0.0049347,0.0057076,0.0076384,0.011434,0.017378,0.077509,0.023771,0.042015,0.020364,0.015592,0.011599,0.011727,0.010686,0.0094205,0.017836,0.0011801,0.00075577,0.0014602,0.0016668,0.0023935,0.0031748,0.0058985,0.018393,0.017121,0.012819,0.0069363,0.0047765,0.0041362,0.0038186,0.0034451,0.0033322,0.0078851,0.0011861,0.001734,0.0017963,0.0027793,0.0035619,0.0056102,0.011486,0.020048,0.017348,0.022331,0.010934,0.0073137,0.006505,0.0054706,0.0052115,0.0049096,0.057616,0.048682,0.051863,0.055817,0.061838,0.073628,0.094293,0.14731,0.47536,0.36217,0.10364,0.053689,0.033418,0.021448,0.013714,0.0090409,0.0036908,0.0066205,0.0011521,0.00093263,0.0021054,0.0009531,0.0014636,0.0017365,0.0040516,0.013796,0.013229,0.0027178,0.002327,0.0015611,0.0017888,0.0014454,0.00033335,0.0020314,0.0026989,0.0047064,0.0049331,0.0055686,0.0062134,0.0069935,0.010082,0.016446,0.053104,0.056465,0.011808,0.0083229,0.0058154,0.0048517,0.0039833,0.0040481,0.0036221,0.026905,0.00084433,0.0020377,0.0018691,0.0009179,0.0024983,0.0012524,0.0047925,0.06544,0.1158,0.036589,0.0083376,0.0041305,0.0040011,0.00086097,0.0041868,0.00206,0.0040761,0.0010672,0.00090227,0.00084542,0.0015192,0.0012151,0.0022452,0.0031934,0.011397,0.01793,0.0073728,0.0034065,0.0025097,0.0022353,0.001726,0.0019371,0.0016156,0.0027123,0.00096768,0.0014656,0.0018498,0.0026367,0.0035917,0.0058082,0.010341,0.025509,0.029287,0.021167,0.012646,0.0087605,0.0075315,0.0065388,0.0062094,0.0062562,0.0025482,0.006861,0.0085678,0.0091135,0.010575,0.013564,0.019436,0.033861,0.16222,0.12366,0.032969,0.023836,0.017276,0.015226,0.012842,0.013602,0.012333,0.011732,0.0028309,0.0027246,0.0021498,0.0035893,0.0041985,0.0050924,0.0081845,0.019337,0.039659,0.0094499,0.004567,0.0035184,0.0028156,0.0027059,0.0033657,0.0020161,0.0025463,0.0047252,0.00483,0.005336,0.0058369,0.0068556,0.0095213,0.014945,0.044132,0.067547,0.010103,0.0061496,0.0041048,0.0032345,0.0026766,0.0022119,0.0021229
0.0013008,0.0026882,0.0028101,0.0039411,0.0046634,0.0050349,0.0073066,0.0070479,0.092794,0.0096908,0.034667,0.017002,0.011863,0.011072,0.0097486,0.0081794,0.0080491,0.013502,0.0016783,0.0014135,0.0012511,0.00091067,0.0023413,0.0027858,0.0042506,0.019637,0.0089346,0.012133,0.0055425,0.0042469,0.0033849,0.0028085,0.0026002,0.0027638,0.0064622,0.00092049,0.0011836,0.0016775,0.0022133,0.0030177,0.0043834,0.010929,0.030894,0.021382,0.021046,0.010652,0.0073385,0.0058716,0.0053609,0.0053204,0.0048791,0.0087377,0.019364,0.019952,0.022689,0.025699,0.032788,0.047348,0.085051,0.34676,0.089326,0.071761,0.045621,0.03492,0.029585,0.027235,0.02566,0.023775,3.0503e-05,0.0014728,0.00094665,0.0017856,0.0010669,0.0013064,0.0020529,0.0031026,0.013346,0.0082487,0.0038854,0.0022534,0.0017476,0.0013111,0.0013436,0.00082421,0.0012207,0.0053483,0.0042158,0.0045703,0.0048461,0.0057969,0.0065547,0.0092468,0.012959,0.048809,0.046019,0.010428,0.0063913,0.0046196,0.0037451,0.0030577,0.0030409,0.0028267,0.040311,0.01167,0.012783,0.014905,0.014245,0.018784,0.024879,0.030842,0.035324,0.099783,0.074082,0.023093,0.010696,0.010233,0.0083687,0.0067528,0.0087968,0.0029336,0.0017266,0.0010459,0.00051816,0.00093485,0.0016684,0.001753,0.0070751,0.0047594,0.020039,0.013374,0.0015815,0.0055767,0.0026666,0.0027426,0.0036298,0.00010301,0.0005436,0.0018641,0.0019937,0.0015015,0.0030169,0.003477,0.0040309,0.01049,0.012396,0.033289,0.024993,0.0040049,0.0077395,0.0038043,0.0043355,0.0051502,0.0016308,0.0070516,0.019458,0.020795,0.022108,0.024218,0.029086,0.037343,0.059019,0.18909,0.17053,0.042749,0.022831,0.015215,0.010204,0.0077735,0.0046408,0.0054227,0.011246,0.0017006,0.00066991,0.00055989,0.00097592,0.0011724,0.0014982,0.0031569,0.0072582,0.034717,0.0045167,0.0037295,0.00259,0.0022645,0.0023065,0.0018497,0.0014687,0.0058289,0.0041747,0.0042236,0.0045241,0.0051742,0.0069379,0.009596,0.013673,0.051417,0.073758,0.013109,0.0097841,0.007233,0.0060377,0.0055773,0.0050117,0.0049058
0.0093118,0.0048368,0.004359,0.0050912,0.005742,0.0066864,0.0092418,0.016163,0.062287,0.046461,0.019572,0.0066722,0.0034986,0.002063,0.0012674,0.0014879,0.0014229,0.0032521,0.0007549,0.00042423,0.00050732,0.00061224,0.00031685,0.0011307,0.00095346,0.011755,0.013297,0.0078172,0.0024635,0.0011883,0.00050827,0.00030249,0.00031063,0.00052835,0.0024014,0.00038812,0.00063103,0.00080314,0.00079285,0.0013577,0.0016762,0.0041698,0.021709,0.020829,0.020268,0.0069262,0.0042591,0.0034351,0.0028457,0.0026968,0.0025235,0.00076294,0.011482,0.022381,0.035295,0.048192,0.065112,0.091356,0.14409,0.46658,0.30622,0.086148,0.037672,0.019103,0.012533,0.012366,0.01275,0.012451,0.0093385,0.00013809,0.00037525,0.00048973,0.0019448,0.0024546,0.0034852,0.005297,0.01516,0.0050343,0.0048706,0.0015365,0.00097313,0.0004533,0.00021309,0.0013307,0.00041581,0.0033112,0.0036237,0.0032585,0.0026568,0.001775,0.0010669,0.0020453,0.0081296,0.036464,0.02105,0.010638,0.0058674,0.0035507,0.0024422,0.0014788,0.0010878,0.00055315,0.02462,0.0061081,0.0070373,0.0073094,0.007959,0.009116,0.011685,0.018464,0.042983,0.054679,0.056613,0.019178,0.011989,0.0089208,0.0077759,0.0069153,0.0071946,0.011606,0.0020912,0.0010069,0.0015191,0.001629,0.001703,0.0021142,0.0029953,0.0025327,0.0030563,0.0084409,0.0027251,0.0017135,0.0010931,0.0008448,0.00070813,0.00078014,0.0055943,0.0018184,0.0020734,0.002185,0.0024411,0.0031576,0.0034999,0.0061627,0.0037609,0.034997,0.015946,0.0059689,0.0034963,0.0026308,0.0022937,0.0019154,0.0018711,0.0071908,0.026856,0.042012,0.042987,0.027663,0.014831,0.059898,0.12648,0.30941,0.16556,0.048245,0.059798,0.04756,0.02497,0.006315,0.019798,0.026852,0.0026818,0.0035014,0.0055389,0.0059726,0.0033469,0.0028169,0.0076963,0.013234,0.024871,0.029366,0.010314,0.0068009,0.004081,0.0017469,0.00094709,0.0024023,0.00083543,0.0061189,0.0027132,0.0020754,0.0017771,0.0032423,0.0052447,0.007555,0.0062856,0.0084829,0.03025,0.019074,0.012296,0.0074993,0.0033382,0.0031328,0.0050957,0.0062448
0.0043946,0.00026272,0.0021292,0.0015677,0.0037278,0.0043656,0.0084255,0.021609,0.052125,0.06688,0.0095719,0.0082654,0.0055309,0.0043023,0.0045036,0.0056959,0.0048829,0.0068952,0.0024615,0.0019358,0.0029335,0.0025597,0.0022928,0.0044734,0.0064081,0.01681,0.019348,0.0087929,0.0032204,0.0018512,0.0011787,0.00087009,0.00087346,0.00094798,0.0018768,0.0023121,0.0025485,0.0025071,0.0028389,0.0037888,0.004578,0.0088116,0.021885,0.020775,0.018869,0.0051462,0.0025229,0.0015671,0.00094183,0.00062146,0.00017929,0.027541,0.022661,0.024398,0.026523,0.032311,0.043122,0.06157,0.10933,0.42434,0.32053,0.10882,0.073787,0.057392,0.048476,0.043863,0.040999,0.041751,0.0086442,0.00084494,0.00064408,0.00074479,0.0013479,0.0015182,0.0023742,0.0034613,0.014628,0.011235,0.0074767,0.0038048,0.0027022,0.0020905,0.0025788,0.0021255,0.00053786,0.0056477,0.0062856,0.0066587,0.0070955,0.0079682,0.0089637,0.012181,0.01705,0.050178,0.057863,0.014625,0.0074972,0.0044911,0.0027216,0.0016309,0.00074757,0.00042154,0.041016,0.013437,0.012703,0.015205,0.01567,0.019099,0.023463,0.037789,0.078061,0.023596,0.079366,0.026936,0.015295,0.011827,0.011064,0.008045,0.0053635,0.011681,0.00084999,0.00030786,0.000331,0.0014066,0.00093342,0.0016156,0.0036515,0.011235,0.019289,0.0095573,0.0041409,0.0028265,0.0025881,0.0024547,0.0022982,0.0022049,0.0027828,0.00065656,0.00066887,0.00086418,0.0013801,0.0017618,0.002796,0.0063005,0.016705,0.047367,0.010765,0.004701,0.0033624,0.0025601,0.0020205,0.0021637,0.0025502,0.029871,0.013687,0.013964,0.015325,0.016872,0.021064,0.027823,0.051736,0.17848,0.068274,0.037932,0.0189,0.012425,0.01035,0.0072703,0.0079288,0.0083295,0.0024472,0.0014936,0.001842,0.001972,0.0018146,0.0023858,0.0030091,0.0044918,0.013327,0.044426,0.01036,0.0045626,0.0033402,0.0026505,0.0025568,0.0026468,0.0027523,0.0045777,0.0063597,0.0062742,0.0068669,0.0073201,0.0091455,0.011961,0.016534,0.043445,0.074442,0.019502,0.008825,0.0052751,0.0032108,0.0023674,0.0015492,0.0012436
0.0042763,0.0062815,0.0071923,0.0072216,0.0087215,0.0099405,0.012777,0.023479,0.077668,0.022401,0.033267,0.011255,0.0057893,0.0050378,0.0039426,0.0034255,0.0032349,0.0093481,0.0022047,0.0022686,0.0020827,0.0035638,0.0033585,0.0042397,0.0069172,0.018978,0.0054025,0.01306,0.0038241,0.0020071,0.0015659,0.00096647,0.00042878,0.00019267,0.010727,0.0039932,0.0041023,0.0044966,0.0047797,0.0056909,0.0069487,0.010341,0.02756,0.017525,0.025096,0.0070744,0.0041776,0.0025089,0.0019148,0.0015077,0.001278,0.025452,0.016923,0.01849,0.022381,0.027636,0.037188,0.054952,0.10331,0.36792,0.26994,0.099753,0.069413,0.055392,0.04775,0.043902,0.040931,0.040478,0.0024605,0.00097263,0.00090335,0.00098008,0.00099842,0.0013885,0.0018123,0.0039392,0.012461,0.0079857,0.002115,0.0018369,0.001373,0.0012005,0.0011599,0.0014409,0.0011597,0.0048447,0.0025137,0.0027838,0.0029835,0.0032935,0.0041738,0.0056045,0.0095284,0.034594,0.005068,0.0060218,0.003643,0.0027427,0.0020391,0.0018871,0.0015864,0.0015755,0.018629,0.0073602,0.0076367,0.0081923,0.0088511,0.010288,0.012083,0.016824,0.047537,0.03458,0.058987,0.016128,0.0079514,0.0045551,0.0034163,0.0014362,0.00094033,0.005293,0.00086691,0.00038668,0.00049913,0.00085458,0.00076092,0.00079374,0.0017449,0.0069689,0.015291,0.0079243,0.0028403,0.0018767,0.0014341,0.0013514,0.00090008,0.00090218,0.0021134,0.0023508,0.0023066,0.0022091,0.0023576,0.0029929,0.0038581,0.0055282,0.010975,0.035826,0.017193,0.0044698,0.0023433,0.0014769,0.00086639,0.00056302,0.00016785,0.013891,0.027694,0.030414,0.031308,0.034901,0.041033,0.051703,0.076255,0.21914,0.28603,0.065062,0.03354,0.02055,0.012153,0.0076904,0.004387,0.0042744,0.008526,0.0010982,0.0011864,0.0017965,0.001604,0.0017549,0.0027158,0.0032802,0.0056911,0.043788,0.0050211,0.0022038,0.0010924,0.00041026,0.00039301,0.0018895,0.00037003,0.0030041,0.0024069,0.0024559,0.0027216,0.002943,0.0032845,0.0047746,0.0080333,0.02499,0.040434,0.010774,0.0044436,0.0028999,0.0021383,0.0018513,0.0014709,0.001482
0.015396,0.0093324,0.010346,0.011525,0.011827,0.013659,0.016495,0.022212,0.06752,0.037415,0.039096,0.013485,0.008104,0.0059557,0.0037121,0.0010484,0.0017853,0.014542,0.0024411,0.0033582,0.0030948,0.0027344,0.0042711,0.0051915,0.0071269,0.017139,0.018489,0.012283,0.0040968,0.0023527,0.0011734,0.00099988,0.00054464,0.00025178,0.0027886,0.0041115,0.0038399,0.0040507,0.0047184,0.0051196,0.0071153,0.012318,0.018314,0.011995,0.024494,0.007512,0.0039455,0.0025432,0.0016653,0.0011672,0.0012703,0.019738,0.03234,0.032949,0.037357,0.04404,0.055374,0.076773,0.13136,0.41278,0.46369,0.14718,0.091817,0.069991,0.058997,0.052486,0.04955,0.049001,0.0027409,0.0017617,0.0015859,0.0018526,0.0021071,0.0021295,0.0027236,0.0042352,0.012777,0.014122,0.0019212,0.0015348,0.00087449,0.0010184,0.00041897,0.001713,0.00045585,0.00076866,0.00079468,0.0012054,0.001884,0.0029823,0.0042487,0.0074527,0.012628,0.042979,0.060463,0.015762,0.011217,0.0087304,0.0076516,0.0069469,0.0069582,0.0064603,0.021727,0.0025172,0.0018951,0.0019771,0.0025046,0.0030597,0.0054168,0.0098974,0.0678,0.093338,0.053415,0.014376,0.0090939,0.0075514,0.0076018,0.0064042,0.0062047,0.0077268,0.0018625,0.0014647,0.0015716,0.0015244,0.0024047,0.0031113,0.0039722,0.009914,0.018484,0.0064351,0.001034,0.00061452,0.0005252,0.00042742,0.00027044,5.9124e-05,0.003624,0.004852,0.0051649,0.0052699,0.0062841,0.0068114,0.0088931,0.013725,0.026946,0.032386,0.021579,0.0088623,0.0046558,0.002814,0.0021709,0.0014142,0.0010033,0.03061,0.014143,0.013827,0.015762,0.017764,0.021062,0.027056,0.039427,0.13793,0.14328,0.030965,0.017506,0.010637,0.0069159,0.0042174,0.005071,0.0015488,0.0092622,0.0012773,0.0012277,0.0015958,0.0013524,0.0023482,0.0033528,0.0066578,0.017979,0.041019,0.012532,0.0070923,0.0056432,0.004581,0.004566,0.0051,0.004696,0.00049783,0.00087806,0.0012303,0.001645,0.00244,0.0037665,0.0061735,0.011052,0.035163,0.067956,0.013618,0.0094411,0.0077107,0.0065939,0.0059544,0.0055445,0.0055562
0.00017931,0.006188,0.0068964,0.0075931,0.0074415,0.0096637,0.011999,0.018703,0.066048,0.038918,0.032054,0.012227,0.0073663,0.004973,0.0037292,0.0038037,0.0026284,0.0028439,0.0016433,0.0015031,0.0018803,0.0023243,0.0024189,0.0036962,0.0078173,0.012834,0.020193,0.0095916,0.0028704,0.0017526,0.00083515,0.0006477,0.00042396,0.0003643,0.0069944,0.0030877,0.0029126,0.0028615,0.0035627,0.0040453,0.0061806,0.011604,0.014562,0.028071,0.01782,0.0060793,0.0031719,0.0021682,0.0014266,0.0014099,0.00099375,0.032248,0.026467,0.027465,0.03073,0.035647,0.044745,0.061994,0.10358,0.33441,0.28387,0.11721,0.070004,0.052688,0.044321,0.038862,0.037652,0.036528,0.012181,0.0023399,0.0016676,0.0015954,0.0022207,0.0024338,0.0028607,0.0043099,0.013764,0.011896,0.0052981,0.0018515,0.0012048,0.0010695,0.001084,0.00032135,0.00048066,0.0025578,0.0025294,0.0031834,0.0035378,0.0037726,0.0050812,0.0078013,0.015362,0.042804,0.061018,0.020533,0.011617,0.0091585,0.0080073,0.0071009,0.0068625,0.0065366,0.034304,0.0060193,0.0050031,0.0072546,0.0079322,0.008251,0.011843,0.012962,0.054502,0.086939,0.063407,0.016424,0.012147,0.0072683,0.0076241,0.0059943,0.0082265,0.01132,0.002327,0.001835,0.0016636,0.0022295,0.0027653,0.0032838,0.0053659,0.010015,0.019791,0.0060975,0.0022161,0.0011669,0.00086692,0.0010197,0.0005039,0.00036812,0.006693,0.0032845,0.0040555,0.0045934,0.0046798,0.0057764,0.0070268,0.014845,0.020734,0.032441,0.023904,0.010118,0.006551,0.0048042,0.0041673,0.004155,0.0038167,0.020632,0.0020426,0.0030607,0.0042054,0.0061619,0.0094648,0.014662,0.023932,0.099263,0.1223,0.043405,0.023586,0.018127,0.015741,0.012734,0.015068,0.014002,0.0052625,0.0024051,0.0020662,0.0022619,0.0032812,0.0036953,0.0043729,0.0059845,0.012724,0.034484,0.0086766,0.002973,0.0016036,0.00073685,0.00064214,0.00087848,0.00060464,0.0069505,0.0050536,0.0048843,0.0055331,0.0067895,0.0083687,0.010533,0.018284,0.044656,0.077498,0.021048,0.010933,0.0083826,0.0068847,0.0061226,0.0054723,0.0055085
0.020165,0.0021351,0.0032595,0.0028107,0.0035088,0.0043961,0.006316,0.011163,0.041202,0.038429,0.022997,0.0067684,0.0047628,0.0022445,0.000796,0.0019309,0.0021286,0.02232,0.0068932,0.0033429,0.0024637,0.00083078,0.0031783,0.0030681,0.0039256,0.0078679,0.016349,0.010933,0.0024394,0.0017164,0.00073923,0.0010003,0.0013953,0.00074389,0.0057565,0.0018506,0.0017505,0.0018256,0.0011604,0.0022968,0.0029812,0.0073493,0.012072,0.032823,0.016429,0.002161,0.00029972,0.00026853,0.00024119,0.00022851,4.9587e-05,0.037865,0.023743,0.025219,0.027885,0.030437,0.038303,0.049799,0.082916,0.21571,0.17846,0.069038,0.040407,0.029193,0.023021,0.019865,0.019173,0.017636,0.032523,0.0062344,0.0033273,0.0018679,0.0026408,0.0021548,0.0026374,0.0032641,0.011278,0.0095875,0.0057604,0.0024909,0.0017696,0.0016681,0.00099158,0.00023939,0.0011998,0.008154,0.0036375,0.0041213,0.0035228,0.0057737,0.0048,0.0070426,0.009964,0.030538,0.03872,0.014146,0.007805,0.0053972,0.0044987,0.0037699,0.0037721,0.0036984,0.036843,0.00868,0.0090394,0.0088975,0.010171,0.011218,0.013438,0.016993,0.050067,0.081449,0.054016,0.014554,0.0093107,0.0046788,0.0024256,0.0022136,0.002678,0.039786,0.0058471,0.003752,0.0023325,0.0024593,0.0027184,0.0026659,0.004613,0.0082689,0.016669,0.0044699,0.00083109,0.00046363,0.00027663,0.00014127,0.00027696,1.7148e-05,0.010292,0.0018847,0.0016883,0.0010873,0.0023039,0.0027523,0.0044975,0.0093598,0.015283,0.026826,0.022804,0.0098141,0.006839,0.0053735,0.0049175,0.0045849,0.0043908,0.016232,0.01696,0.016361,0.012796,0.0095497,0.019222,0.042931,0.084726,0.20832,0.11907,0.0063889,0.034682,0.042979,0.040191,0.029717,0.018337,0.0081941,0.028029,0.0081167,0.0045953,0.0032644,0.0021854,0.0034035,0.0054728,0.0088545,0.018208,0.017668,0.0039115,0.0033779,0.0038388,0.0027523,0.0020295,0.0014765,5.7146e-06,0.0047475,0.0060871,0.0073565,0.0085309,0.0042138,0.0017812,0.010815,0.022354,0.057343,0.039774,0.011543,0.011688,0.0097969,0.0059209,0.0030709,0.0045372,0.0055867
0.027474,0.0013142,0.00011815,0.00037803,0.00081135,0.00037093,0.0010057,0.0018465,0.013373,0.026555,0.019726,0.0019439,0.00045392,0.0012374,0.0013137,0.00055466,0.0015831,0.061803,0.005315,0.0026684,0.0010953,0.00089034,0.00061782,0.00025233,0.0014185,0.0027786,0.011611,0.0099899,0.0018075,0.0015662,0.0013274,0.0013667,0.00092407,0.00045395,0.015784,0.0017662,0.0010751,0.0012382,0.0015109,0.0016715,0.002804,0.0044405,0.0096418,0.02814,0.02129,0.0046467,0.0028758,0.0022595,0.0021139,0.0020833,0.0019932,0.017908,0.022028,0.021508,0.023071,0.026302,0.031901,0.041775,0.070104,0.15959,0.23454,0.062942,0.041376,0.030757,0.024937,0.021666,0.02171,0.020941,0.066863,0.0042121,0.0019625,0.0018861,0.0014053,0.0016209,0.0020956,0.0039299,0.0087525,0.010797,0.0055553,0.0020375,0.001356,0.00097513,0.0003436,0.0016479,0.00069237,0.0065232,0.0035991,0.0034307,0.0034761,0.0037169,0.0044776,0.0057244,0.010231,0.019515,0.02897,0.0090525,0.0037739,0.0023684,0.0015,0.00079497,0.000726,0.00031662,0.061152,0.0003901,0.0016584,0.0023585,0.0015751,0.0016292,0.0043384,0.0047776,0.021928,0.094841,0.058181,0.017603,0.0079465,0.001763,0.0027221,0.0048288,0.0037137,0.072599,0.0035952,0.001626,0.0023216,0.0019513,0.0011818,0.0012395,0.0023942,0.0070272,0.014321,0.0075163,0.0013229,0.0016749,0.0014477,0.00094011,0.00063823,0.00053023,0.02495,0.0045631,0.0040257,0.0033734,0.0038355,0.005613,0.006577,0.0059228,0.012609,0.014626,0.026153,0.0060756,0.0030238,0.0026582,0.0014885,0.00029546,0.00032234,0.065768,0.017964,0.020042,0.021675,0.024096,0.028531,0.036517,0.053488,0.12694,0.20766,0.064649,0.030918,0.019621,0.014917,0.011636,0.010495,0.0096494,0.060616,0.0062737,0.0021196,0.0019405,0.0018644,0.0021292,0.0026035,0.0042316,0.011393,0.02551,0.0072045,0.0039382,0.0028945,0.0024815,0.0016967,0.0041704,0.002369,0.010435,0.0022227,0.0025774,0.0029589,0.0035426,0.0044008,0.0062258,0.01114,0.023561,0.052097,0.015535,0.0074856,0.0055043,0.0047127,0.0040405,0.0035705,0.0036336
0.023932,0.00097697,0.00136,0.0021618,0.0022224,0.0025467,0.0045831,0.0076104,0.032589,0.020462,0.027999,0.0086158,0.0063008,0.0064085,0.0041756,0.004786,0.0044347,0.050835,0.004034,0.0021059,0.00091375,3.5495e-05,0.00012727,0.0008684,0.0023025,0.0094065,0.0040093,0.017056,0.0052115,0.0036946,0.0034937,0.0029522,0.0029033,0.0022583,0.012333,0.0019693,0.0017029,0.0017441,0.0019567,0.0024678,0.0034213,0.0059928,0.013091,0.023871,0.024676,0.0070347,0.0046062,0.0036437,0.0031792,0.0031477,0.0030098,0.043772,0.033586,0.052719,0.055544,0.03999,0.022322,0.06687,0.15235,0.39004,0.28027,0.031004,0.058383,0.055299,0.035695,0.015967,0.017798,0.02368,0.05771,0.0035751,0.0022219,0.0014002,0.0012628,0.00089261,0.0021658,0.0047367,0.012274,0.008206,0.00043999,0.0012418,0.0013031,0.00080872,0.001143,0.00062812,0.0006218,0.0058804,0.00054234,0.0002014,0.0010348,0.0015817,0.001938,0.0012844,0.00092545,0.020525,0.020086,0.0050649,0.0023475,0.0009914,0.00062918,0.00063048,0.00082911,0.00097468,0.055062,0.0043519,0.0029648,0.0041572,0.0038458,0.0050884,0.0060703,0.0080374,0.0092035,0.042462,0.069861,0.011357,0.0060861,0.0036827,0.0010795,0.0012704,0.00058367,0.064477,0.003645,0.0021262,0.0014218,0.0011139,0.0008697,0.0012571,0.001151,0.0012637,0.01514,0.0043391,0.00048099,0.00048187,0.00046876,0.00036725,0.00032524,0.00017928,0.015763,0.0014918,0.0015012,0.0014884,0.0017365,0.0023771,0.0024904,0.0049671,0.011759,0.031055,0.025701,0.0071043,0.0041509,0.0032978,0.0028244,0.0025384,0.0025482,0.044051,0.003893,0.0046594,0.0056285,0.0086054,0.01158,0.018997,0.035028,0.082948,0.254,0.060832,0.032872,0.025431,0.021876,0.018872,0.018591,0.017092,0.050372,0.0047696,0.0024452,0.0029465,0.0022012,0.0026408,0.0029649,0.0042317,0.0089942,0.039385,0.0080174,0.0034989,0.0022975,0.0015728,0.001131,0.0025095,0.0025731,0.0060502,0.00055773,0.00019805,0.00020496,0.00034478,0.00023285,0.00083455,9.655e-05,0.0074715,0.039467,0.0057928,0.00044897,0.00033346,0.00046727,0.00015187,0.00011409,7.6298e-05
0.012682,0.0027709,0.0039231,0.0040224,0.0047457,0.0049469,0.0075911,0.012417,0.04879,0.042197,0.025733,0.012667,0.0098207,0.0053223,0.0068153,0.0049661,0.0069638,0.029158,0.0035388,0.0023118,0.0021734,0.0021771,0.0022603,0.0037788,0.0045162,0.016334,0.014317,0.014389,0.0057957,0.0039283,0.0029543,0.0031135,0.0023563,0.0027066,0.0050565,0.0012721,0.0013382,0.00147,0.0019381,0.0022165,0.003014,0.0049905,0.013963,0.0061578,0.017384,0.0068274,0.005007,0.0039721,0.0034282,0.0032662,0.0031224,0.037419,0.052217,0.055366,0.05842,0.065193,0.076902,0.097984,0.14714,0.38495,0.4904,0.11243,0.060446,0.038016,0.023986,0.015057,0.0098552,0.0059625,0.039979,0.0039259,0.0020975,0.0017833,0.0022353,0.002612,0.0032459,0.0052216,0.012363,0.013536,0.0058865,0.0021725,0.0012565,0.00049636,0.00032993,0.0013353,0.0010033,0.0098478,0.0042586,0.0044407,0.0047187,0.005496,0.0064893,0.0083759,0.013326,0.037766,0.059944,0.0073157,0.0071485,0.005088,0.0039975,0.0034927,0.0031051,0.0028248,0.051619,0.0076482,0.008645,0.0087853,0.0098626,0.011214,0.014388,0.020685,0.063017,0.050065,0.095293,0.020628,0.012141,0.009263,0.0096516,0.0071617,0.0079519,0.042433,0.003,0.001969,0.0012618,0.0010349,0.0014445,0.0020084,0.0040498,0.009493,0.014561,0.0069729,0.0052497,0.0034422,0.0030074,0.0023125,0.0022467,0.0023747,0.016714,0.003981,0.0039125,0.0043334,0.0047795,0.005717,0.0074365,0.0096606,0.023182,0.035218,0.015671,0.0046733,0.0032862,0.0021873,0.0014351,0.00095279,0.0010205,0.020295,0.0098288,0.010247,0.010964,0.012567,0.015521,0.020114,0.028819,0.090638,0.13913,0.021631,0.017551,0.011935,0.0092659,0.0082739,0.0088762,0.0076333,0.032956,0.0037782,0.0019106,0.0020675,0.0018465,0.0025541,0.0039246,0.005885,0.015218,0.044085,0.015811,0.006093,0.0046969,0.0040107,0.0041411,0.0037213,0.0030289,0.0029469,0.0031351,0.003295,0.0036705,0.0041353,0.0051176,0.0073764,0.011412,0.02995,0.06617,0.017606,0.0087052,0.0065596,0.0053921,0.0049523,0.0045191,0.0046101
0.012074,0.0026558,0.0049134,0.0045117,0.0051206,0.0070803,0.0091298,0.017221,0.051222,0.04094,0.024153,0.013389,0.010386,0.0087048,0.0065312,0.006836,0.0047913,0.013035,0.0019409,0.0013224,0.0015569,0.0016819,0.0018089,0.0033976,0.0048198,0.016381,0.011899,0.0081134,0.0052167,0.0042784,0.003727,0.0027069,0.0028892,0.0023957,0.0052682,0.0015249,0.0018282,0.0019824,0.0022496,0.0032609,0.0049488,0.0070257,0.019905,0.0068343,0.019874,0.0082071,0.0059535,0.004503,0.0039455,0.0039941,0.0040436,0.04946,0.041693,0.043801,0.047675,0.052987,0.06252,0.079655,0.12417,0.32892,0.35827,0.088027,0.049952,0.032029,0.021137,0.014711,0.014429,0.010695,0.022675,0.0018866,0.0022221,0.0024302,0.0018514,0.0021447,0.0026478,0.0045952,0.011653,0.014323,0.0051886,0.001676,0.0013325,0.00075091,0.001094,0.00029024,0.00010302,0.0017815,0.0025507,0.0028404,0.0033096,0.0038448,0.0051044,0.0077697,0.011835,0.040731,0.070728,0.015252,0.01083,0.0082992,0.0070543,0.0062354,0.0062004,0.0061151,0.029122,0.011252,0.011223,0.011795,0.013886,0.016244,0.019635,0.026804,0.067574,0.051781,0.10203,0.02101,0.010668,0.0075933,0.0086793,0.0047608,0.0058366,0.031115,0.0033142,0.0024718,0.0029315,0.0032215,0.0033515,0.0040811,0.0066406,0.012894,0.012388,0.012951,0.0037507,0.0025045,0.001761,0.0016263,0.00081714,0.0013104,0.0058652,0.0037314,0.0034041,0.0037796,0.0044755,0.0054841,0.0062387,0.011511,0.023995,0.032812,0.007808,0.0044853,0.0025612,0.0014972,0.00055922,0.00057266,0.00031853,0.018359,0.0039822,0.003472,0.0047767,0.0055571,0.0076208,0.010417,0.02002,0.05864,0.091883,0.028362,0.014075,0.010554,0.0084754,0.0061914,0.0082739,0.0084859,0.018877,0.0029696,0.0023466,0.0025443,0.0022984,0.0027449,0.0038349,0.0055084,0.012426,0.037115,0.011976,0.0038994,0.0029264,0.0018289,0.0009663,0.0026263,0.0021611,0.0036221,0.0016733,0.0023951,0.0027184,0.0035033,0.0049703,0.0077158,0.012516,0.038558,0.083189,0.026756,0.013488,0.010391,0.0088582,0.0077833,0.0075195,0.0073339
0.0033265,0.0041018,0.0041315,0.0045889,0.0052115,0.007186,0.010843,0.018877,0.030261,0.017142,0.036404,0.016104,0.010692,0.0088291,0.0087822,0.0069178,0.0090486,0.0076562,0.0017624,0.0014139,0.0016684,0.0016302,0.0017425,0.0028821,0.004032,0.012806,0.0012229,0.014505,0.0050867,0.0025526,0.0021656,0.0018694,0.0016767,0.0016327,0.0025044,0.0025255,0.0028908,0.0032142,0.0036124,0.0042182,0.005265,0.006658,0.02737,0.0065493,0.028867,0.0096836,0.0064413,0.0052821,0.0044474,0.0041851,0.0040494,0.030642,0.032585,0.034742,0.037528,0.040851,0.048075,0.062743,0.096407,0.28683,0.15393,0.060885,0.035449,0.021262,0.01356,0.0080325,0.0043925,0.0006161,0.018236,0.0011318,0.0013428,0.0013299,0.0017063,0.0020902,0.0023779,0.0043224,0.011458,0.010031,0.00062908,0.0012061,0.0006508,0.0006132,0.00029594,8.1377e-05,0.00032616,0.0013218,0.00049891,0.00062315,0.0010199,0.0018168,0.0025683,0.0043175,0.0085325,0.027983,0.041554,0.011553,0.006992,0.0054722,0.0047091,0.0042238,0.0039945,0.0039311,0.036656,0.0019656,0.0012392,0.0017756,0.0023205,0.0041446,0.0062446,0.012352,0.023128,0.051159,0.073834,0.016319,0.011685,0.0081089,0.0092847,0.0071419,0.0090143,0.020241,0.001986,0.0017226,0.0016246,0.0013738,0.0021426,0.0031689,0.0032091,0.010268,0.0092123,0.011681,0.0031167,0.001661,0.0010728,0.00092722,0.0003447,0.00050353,0.0084993,0.0022985,0.0021607,0.0023638,0.002337,0.0030878,0.0034623,0.0034295,0.016229,0.025626,0.022784,0.005146,0.0028203,0.0020793,0.0016184,0.0013861,0.0012284,0.018196,0.0028632,0.0045529,0.0067109,0.0093282,0.014041,0.021896,0.035936,0.11442,0.24122,0.053927,0.039462,0.030412,0.026523,0.024561,0.022763,0.021878,0.0072919,0.0017063,0.00085707,0.00042765,0.0013892,0.0016225,0.002009,0.0034965,0.0076558,0.035832,0.0091667,0.0037923,0.0026415,0.0022913,0.001893,0.0021637,0.001978,0.007887,0.0045246,0.004703,0.004949,0.0056866,0.0061661,0.0081311,0.012831,0.029576,0.05989,0.012049,0.0054868,0.0034851,0.0023853,0.001618,0.0012747,0.00089075
0.0071736,0.0040107,0.0015506,0.0031587,0.0035202,0.0058166,0.0090299,0.014117,0.042164,0.030724,0.026768,0.013736,0.0096772,0.0066093,0.0062313,0.0072579,0.0064794,0.00243,0.0016687,0.0016535,0.00018825,0.00084126,0.0011938,0.001129,0.0027431,0.0083997,0.013115,0.01134,0.0020586,0.0010698,0.0011416,0.00070132,0.00067643,0.00090409,0.00038911,0.0026377,0.0027102,0.0023497,0.0026265,0.0032223,0.0040469,0.0067854,0.017756,0.0069811,0.021587,0.0061908,0.003354,0.0024709,0.0018935,0.0018257,0.001545,0.043671,0.047197,0.047528,0.051613,0.058499,0.069109,0.088114,0.13456,0.37055,0.37222,0.11061,0.058605,0.036739,0.025267,0.018082,0.013969,0.012879,0.0078241,0.0021118,0.0015903,0.001352,0.0015279,0.0016012,0.0021339,0.0035207,0.010652,0.010907,0.0019874,0.0016364,0.0010488,0.00045849,0.00049041,0.0024985,0.0017395,0.0017147,0.0022951,0.0020904,0.0019857,0.0024062,0.0028862,0.0040437,0.0073911,0.024012,0.01157,0.0071929,0.0030135,0.0022962,0.0018871,0.0016937,0.0012741,0.0013066,0.033396,0.0016027,0.0019351,0.0020621,0.0017959,0.0031641,0.0045059,0.0060694,0.029164,0.04983,0.07837,0.012245,0.0067505,0.0074915,0.0050409,0.0046268,0.0049916,0.013661,0.0014242,0.00086313,0.00077427,0.00089405,0.00051709,0.00012655,0.00040176,0.0012803,0.011087,0.0040264,0.0016293,0.00088313,0.00078805,0.00056677,0.00036011,0.00047684,0.0053998,0.0016155,0.0011115,0.00099024,0.0016124,0.0020533,0.0028899,0.0045322,0.010927,0.030434,0.022313,0.0034275,0.0023842,0.0017534,0.0016696,0.0012486,0.0013981,0.038361,0.023325,0.01928,0.03254,0.020013,0.04141,0.051378,0.043411,0.28734,0.076952,0.1186,0.051944,0.035814,0.041571,0.01997,0.03608,0.016606,0.0037652,0.0007595,0.0048754,0.0050249,0.0017585,0.0073158,0.0045733,0.0093375,0.032161,0.022144,0.017503,0.0050093,0.003824,0.0044364,0.0040695,0.0027194,0.0043412,0.0032292,0.0018022,0.0001798,0.0019449,0.0010531,0.002009,0.003522,0.0048633,0.010853,0.023305,0.017822,0.0038273,0.0064041,0.0048743,0.0031197,0.0048407,0.0019436
0.013771,0.0023859,0.0011322,0.0011948,0.0034028,0.004383,0.0080448,0.015451,0.05582,0.060371,0.028161,0.015489,0.011209,0.011432,0.01044,0.0082134,0.0066835,0.03747,0.0090978,0.0043626,0.003199,0.0023527,0.0035208,0.0040022,0.0060723,0.016365,0.024875,0.0035545,0.00056222,0.00062012,0.00024052,0.00028118,0.00012206,0.00017741,0.013472,0.0027287,0.0010595,0.00071714,0.00024864,0.00041393,0.0010502,0.0029795,0.01542,0.027066,0.0064253,0.0026365,0.0017824,0.0011478,0.0013757,0.0010297,0.00085642,0.072845,0.046411,0.050031,0.05291,0.059858,0.070978,0.092841,0.14358,0.48223,0.35844,0.11758,0.063074,0.041213,0.029535,0.023314,0.021908,0.017424,0.022822,0.0089221,0.0044882,0.0031359,0.0028341,0.002786,0.0030308,0.0047449,0.014811,0.010446,0.004547,0.0017587,0.0013727,0.00094177,0.00087031,0.0008018,0.0022412,0.00027848,0.0064733,0.0064423,0.0069617,0.0076596,0.0095677,0.011675,0.01826,0.057967,0.051876,0.018674,0.0088954,0.0057732,0.004049,0.0032128,0.0031121,0.0024567,0.011774,0.0037608,0.0032013,0.0039519,0.0043898,0.0063139,0.0084626,0.016807,0.058361,0.094708,0.066666,0.0059481,0.0065466,0.0053071,0.0038136,0.0031696,0.0034047,0.020338,0.0093105,0.0041748,0.0029436,0.0029208,0.0025766,0.0024159,0.0027838,0.010792,0.022229,0.0078081,0.0039312,0.0021002,0.0024502,0.0017226,0.0018948,0.0011044,0.010231,0.003661,0.0033041,0.0034744,0.0038915,0.0045568,0.0057129,0.0075367,0.026367,0.040924,0.021302,0.0056109,0.0041196,0.0032168,0.0027627,0.0024737,0.0028916,0.0033627,0.011196,0.0090952,0.010147,0.01125,0.014847,0.021191,0.033533,0.13721,0.11881,0.04566,0.022063,0.016703,0.013656,0.01332,0.0094376,0.012404,0.030999,0.0099892,0.0056668,0.0040745,0.0041315,0.0043289,0.0058388,0.0082409,0.017014,0.042391,0.0012052,0.0034568,0.0021098,0.0014744,0.0010062,0.00080954,0.00014497,0.0052548,0.0049277,0.004897,0.0053315,0.0058256,0.0064647,0.0092009,0.013692,0.044099,0.069004,0.0091045,0.0084898,0.0060823,0.0047573,0.004306,0.0041724,0.0034657
0.027735,0.0018615,0.0010704,0.0024922,0.0018242,0.0039847,0.0058158,0.012354,0.061468,0.046444,0.024769,0.0078101,0.0067748,0.0039538,0.0050956,0.0049211,0.0038739,0.066613,0.0033242,0.001076,0.0016461,0.0013521,0.0020232,0.0018259,0.004155,0.011656,0.018364,0.0071209,0.00044778,0.0003244,0.00022138,0.00051317,0.00044184,0.00027467,0.022913,0.00079847,0.0012035,0.0014367,0.0015385,0.0021083,0.0032213,0.0076224,0.019018,0.031459,0.014231,0.0024396,0.00065245,0.00048321,0.00063859,0.00018834,0.00037574,0.02328,0.016823,0.017281,0.018096,0.02179,0.027672,0.040296,0.070524,0.29001,0.082745,0.071029,0.045442,0.034703,0.029452,0.0278,0.026372,0.024443,0.054562,0.0030584,0.00073982,0.00074735,0.00090403,0.0011555,0.0021655,0.0033305,0.013032,0.0056807,0.0091337,0.0044727,0.0031857,0.0028981,0.002361,0.0025933,0.0024796,0.017039,0.0051431,0.0060485,0.0062045,0.0072805,0.0086739,0.011124,0.017514,0.042956,0.038516,0.015091,0.0084054,0.0057229,0.0041294,0.0035061,0.0029417,0.0029278,0.0057336,0.003393,0.0029992,0.0026349,0.0043018,0.0028403,0.0078083,0.015446,0.026578,0.11722,0.052286,0.015097,0.0051476,0.0059084,0.006986,0.0041542,0.0035363,0.055714,0.003226,0.001507,0.0020987,0.0029251,0.0010756,0.0040065,0.004968,0.008235,0.01804,0.0086643,0.0042833,0.0039152,0.001082,0.0021618,0.0027745,0.00024034,0.016384,0.001923,0.0017117,0.0025104,0.0024689,0.0020669,0.0070395,0.0084731,0.014968,0.032167,0.023032,0.0090145,0.0088517,0.0025216,0.0054239,0.0054834,0.0019036,0.027163,0.0055247,0.0071382,0.0096301,0.011242,0.014994,0.02337,0.040656,0.20866,0.15781,0.058437,0.033729,0.025696,0.022551,0.020113,0.020391,0.016802,0.065059,0.0016227,0.00089046,0.0022365,0.0019086,0.0020427,0.0031325,0.0051228,0.010269,0.028043,0.008854,0.0035876,0.0031188,0.0025609,0.0019036,0.0020381,0.0021954,0.0034123,0.007706,0.0076882,0.0086202,0.0090085,0.010634,0.013989,0.022351,0.05433,0.062111,0.021531,0.0088249,0.0055703,0.0039222,0.0027767,0.0019934,0.0015774
0.018107,0.0014355,0.0007206,0.0014217,0.0018389,0.0011157,0.0014508,0.0018826,0.020558,0.027,0.023709,0.0046434,0.0021541,0.0035253,0.0016535,0.0024424,0.0019131,0.051125,0.0019335,0.0022774,0.0010241,0.0025729,0.0011574,0.0016255,0.0030843,0.0044349,0.011859,0.013032,0.0027848,0.0016038,0.00075811,0.00086543,0.00068452,0.00067524,0.014542,0.0021429,0.0023464,0.0024494,0.002567,0.0035507,0.005099,0.0075591,0.015184,0.024202,0.024842,0.0065067,0.0041096,0.0032955,0.0026086,0.002544,0.0023728,0.012804,0.00092078,0.036517,0.00090503,0.045391,0.0021606,0.070719,0.0089365,0.28694,0.028265,0.10181,0.0049848,0.0422,0.0021779,0.027409,0.0017825,0.025935,0.041028,0.0024544,0.0022287,0.0016797,0.0019355,0.00019263,0.0034884,0.00030567,0.016983,0.002201,0.0094348,0.0021001,0.0043963,0.0013399,0.0032682,0.0009037,0.0040017,0.0042439,0.0012622,0.005239,0.0017032,0.0063307,0.002324,0.009075,0.0041985,0.032089,0.0038902,0.012473,0.0028275,0.0036948,0.00091254,0.001325,0.00049626,5.722e-06,0.030467,0.0094681,0.010179,0.0095453,0.012327,0.013509,0.015635,0.02352,0.038738,0.015994,0.078911,0.017582,0.0090269,0.0061278,0.0042584,0.0017989,6.2935e-05,0.036189,0.0023926,0.0020357,0.0010259,0.0014377,0.0012704,0.00204,0.0033504,0.005265,0.013197,0.0066867,0.0017133,0.0014205,0.0009741,0.00067552,0.00076583,0.00066949,0.012814,0.00070828,0.00071933,0.00056453,0.0010266,0.00096998,0.0018238,0.00363,0.0078241,0.031948,0.018333,0.0029852,0.0011391,0.00072756,0.00046286,0.00038393,0.00027848,0.0030671,0.010591,0.010963,0.012933,0.016642,0.022795,0.033628,0.05753,0.16939,0.24269,0.078903,0.050195,0.038566,0.032557,0.028581,0.026724,0.02813,0.045922,0.0033499,0.0023367,0.0024957,0.0023408,0.0027138,0.0036761,0.005725,0.01427,0.021433,0.010917,0.0042124,0.0029315,0.0022608,0.0019838,0.0035101,0.0019722,0.0072118,0.0049132,0.0048424,0.0051507,0.0057912,0.0068417,0.0086889,0.013481,0.026782,0.048299,0.017749,0.0080496,0.0051908,0.00384,0.0033438,0.002689,0.0028019
0.0108,0.0022685,0.00039714,0.00072737,0.00087555,0.0011005,0.0016166,0.0016958,0.011706,0.024451,0.022833,0.0053847,0.0028884,0.0015845,0.002159,0.0023023,0.0017624,0.032849,0.0024702,0.0020606,0.0024297,0.0019916,0.0011738,0.00063485,0.0031618,0.0019375,0.011018,0.012551,0.0029949,0.001837,0.00069788,0.00058438,0.00065978,0.0008278,0.017422,0.0034804,0.0035331,0.0035918,0.0036937,0.0043051,0.0061242,0.0086463,0.012907,0.020073,0.024161,0.0066048,0.0034984,0.0025652,0.0014893,0.0011938,0.00084306,0.03665,0.019817,0.020952,0.022428,0.024543,0.029045,0.037825,0.058502,0.14928,0.2413,0.042585,0.02498,0.016569,0.01206,0.0096644,0.0061921,0.007372,0.021799,0.0029793,0.0015761,0.0019776,0.0014382,0.0020857,0.0023184,0.0040186,0.0099319,0.017183,0.004188,0.0028676,0.0023565,0.0018571,0.0015476,0.0012451,0.001215,0.011995,0.0036667,0.0034889,0.00381,0.0044182,0.0054611,0.006524,0.01043,0.019569,0.025146,0.013013,0.0050621,0.0029717,0.0017541,0.0011242,0.00054721,0.00026513,0.014279,0.009058,0.0098153,0.0098341,0.010968,0.014394,0.018139,0.029214,0.059031,0.018196,0.081066,0.025598,0.01612,0.012107,0.012537,0.010243,0.0093576,0.018276,0.0027167,0.0010245,0.00083862,0.00123,0.00058417,0.0008211,0.0029655,0.0079607,0.0102,0.0069173,0.0024787,0.0022087,0.0014301,0.001392,0.0012905,0.0013199,0.010222,0.0016844,0.0015871,0.0014206,0.0013225,0.0018872,0.0027911,0.0054211,0.017257,0.030246,0.018427,0.0048213,0.0027323,0.0018134,0.0015608,0.001364,0.001257,0.017277,0.016975,0.017051,0.018788,0.02062,0.025009,0.033526,0.052176,0.15569,0.19397,0.049806,0.032606,0.024743,0.019496,0.016293,0.016723,0.014561,0.02788,0.0020763,0.0018314,0.0028106,0.0029801,0.0035027,0.0042716,0.0065827,0.017099,0.015912,0.0097373,0.004129,0.00255,0.0015207,0.0013534,0.00019617,0.00036049,0.0015965,0.0016658,0.0023066,0.0029202,0.0034805,0.0039525,0.0063695,0.011655,0.033664,0.045945,0.02042,0.012022,0.0088005,0.0072057,0.0067234,0.0062683,0.006136
0.018864,0.0023613,0.0018225,0.002617,0.0036007,0.0038872,0.0047634,0.009231,0.022177,0.0529,0.0020713,0.0016545,0.0016316,0.0011747,0.0023226,0.00027569,0.00078964,0.053901,0.0070555,0.0030986,0.0024993,0.0028057,0.0013114,0.0026028,0.0023511,0.0073742,0.019428,0.0059451,0.0013243,0.00061727,0.00046502,0.00013545,0.00027929,0.00013541,0.018977,0.0026748,0.0021037,0.0021457,0.0022313,0.0021315,0.0023503,0.0048513,0.0099131,0.035108,0.0066261,0.0026553,0.0014123,0.00095311,0.00097355,0.00050686,0.00051691,0.033251,0.0040476,0.0010975,0.0043468,0.0060961,0.008993,0.014243,0.01995,0.0772,0.17676,0.048696,0.030236,0.022912,0.019613,0.017978,0.01476,0.015078,0.036414,0.0067583,0.0031118,0.0018409,0.0021629,0.0025399,0.0032191,0.0041046,0.011634,0.014111,0.0061742,0.0035917,0.0024859,0.0018039,0.0017442,0.0027725,0.0022259,0.0069657,0.0042445,0.0039443,0.0042602,0.0047059,0.0065356,0.0083368,0.012135,0.029235,0.03393,0.01559,0.0076076,0.0052555,0.0042292,0.0032975,0.0028705,0.0028763,0.010626,0.0051425,0.0069441,0.0051336,0.0063608,0.0084961,0.012892,0.027014,0.054898,0.07954,0.078715,0.016878,0.010692,0.010672,0.0080222,0.0085966,0.0079213,0.038254,0.0063981,0.0034607,0.0031359,0.0025017,0.0017613,0.0026407,0.0028892,0.011561,0.01616,0.0062918,0.0020274,0.00092488,0.00090865,0.00039009,0.00093047,0.00088885,0.011927,0.0037428,0.0033745,0.0034114,0.0039561,0.0044548,0.0053998,0.0076879,0.023965,0.027026,0.020703,0.0041686,0.0029477,0.0016611,0.001286,0.00085535,0.00096704,0.0069619,0.017888,0.018172,0.019248,0.021739,0.025612,0.032244,0.044941,0.10693,0.16876,0.033919,0.021041,0.013947,0.0092803,0.0056848,0.0045899,0.004902,0.053099,0.0069398,0.004207,0.003579,0.0031147,0.0033488,0.0040555,0.0059172,0.015168,0.019544,0.0057609,0.0022965,0.0014635,0.00092618,0.00072942,0.00053528,0.00037956,0.0034333,0.0020313,0.001837,0.0026051,0.0032821,0.0038023,0.0060935,0.011376,0.036128,0.057905,0.013487,0.011058,0.0090534,0.0077942,0.0067444,0.0064505,0.0064202
0.016815,0.0046061,0.0058932,0.003338,0.0025165,0.0020567,0.0036903,0.012877,0.015986,0.055591,0.029642,0.013821,0.0097354,0.0050318,0.0046917,0.002474,0.0023918,0.075448,0.0037293,0.00091433,0.0012742,0.0019112,0.00084936,0.0012497,0.0038543,0.0099617,0.026428,0.0080442,0.0019844,0.00080484,0.00054719,0.00082592,0.00090301,0.00092697,0.025507,0.0017191,0.00089389,0.00078646,0.00085509,0.0014753,0.0013491,0.0026807,0.002544,0.036026,0.013515,0.0037812,0.0020335,0.0020063,0.0017033,0.0015364,0.0013791,0.034693,0.01401,0.013644,0.012816,0.014401,0.017221,0.022553,0.033289,0.05509,0.24248,0.060402,0.029746,0.021255,0.017194,0.012707,0.0141,0.012976,0.054566,0.0029636,0.0013115,0.00065193,0.00039151,0.00077903,0.00073098,0.0012662,0.0044865,0.018592,0.0029128,0.0007396,0.00039822,0.00062341,0.00029172,8.3447e-05,0.00040055,0.014683,0.0018042,0.0026381,0.0029148,0.0025866,0.0045178,0.0066355,0.011199,0.03339,0.051734,0.013206,0.0088417,0.0069292,0.0058692,0.0051879,0.0049932,0.0047647,0.0072042,0.0055798,0.0074476,0.0080387,0.0081969,0.011257,0.013736,0.021284,0.07741,0.069024,0.066224,0.012717,0.0079731,0.0078328,0.0073085,0.0062648,0.005808,0.05506,0.004347,0.0015821,0.0013358,0.0026863,0.001916,0.0023119,0.0053284,0.013516,0.016356,0.0042497,0.00090059,0.00075246,0.00047091,0.00073063,0.00066762,0.00053979,0.02262,0.0040897,0.0041156,0.0042855,0.0056659,0.0066084,0.0080133,0.013071,0.036411,0.028012,0.020532,0.0070031,0.0031429,0.0019222,0.001142,0.00065053,0.00016975,0.0087549,0.008295,0.010385,0.0086776,0.011277,0.015559,0.023074,0.04929,0.1497,0.078085,0.05587,0.029165,0.023782,0.019891,0.018388,0.015999,0.017876,0.072196,0.0027505,0.0011472,0.00052228,0.0011989,0.001518,0.0019683,0.0045641,0.01601,0.0085256,0.00661,0.0037051,0.0028579,0.0021728,0.0025444,0.0025281,0.0022908,0.00085451,0.0062297,0.0059016,0.006301,0.008357,0.0087371,0.011027,0.016714,0.055201,0.052987,0.013939,0.0073521,0.00503,0.0034459,0.0028275,0.0021717,0.0023041
0.013281,0.006383,0.0023369,0.0038496,0.0055006,0.006814,0.0090197,0.017491,0.080766,0.021915,0.017027,0.013,0.009167,0.0085949,0.0071671,0.0054961,0.0038777,0.046626,0.0048423,0.0029414,0.0016326,0.0014584,0.0027973,0.0024821,0.0045541,0.020472,0.015547,0.0049637,0.00078738,0.00035934,0.00058682,0.0003219,0.0001551,0.00043679,0.015158,0.0014085,0.00065518,0.00020447,0.00031654,0.00047454,0.00077291,0.0027472,0.0069162,0.024715,0.0094186,0.0043145,0.0027837,0.0020406,0.0020292,0.0017322,0.001627,0.034735,0.0059304,0.0073977,0.0095401,0.012931,0.019244,0.030025,0.064559,0.22672,0.46845,0.054638,0.039174,0.031505,0.027951,0.026332,0.023478,0.023173,0.030699,0.0048928,0.0022679,0.0012113,0.0013286,0.0016952,0.0012427,0.0027844,0.0048204,0.018156,0.0030014,0.0018859,0.0010973,0.0008674,0.00064302,0.00036156,0.0001049,0.0038434,0.0030115,0.0028886,0.0031074,0.0033128,0.0048764,0.0058936,0.010835,0.034777,0.016179,0.010678,0.0048856,0.0034138,0.0026632,0.0022945,0.0021278,0.0022717,0.023522,0.011703,0.010836,0.012597,0.013815,0.016822,0.02286,0.037841,0.12967,0.05281,0.098717,0.027312,0.017576,0.013965,0.014067,0.011833,0.011028,0.029528,0.0042726,0.0031786,0.0025365,0.00316,0.002171,0.002138,0.0058309,0.017592,0.012744,0.004658,0.0021613,0.0023962,0.0016446,0.0015307,0.0011133,0.0013714,0.007969,0.0013572,0.00078642,0.00076316,0.0013876,0.0021606,0.0039262,0.010614,0.039331,0.026271,0.011533,0.003117,0.0023763,0.002286,0.0020012,0.0021037,0.0024224,0.022101,0.021658,0.02174,0.02306,0.02567,0.031442,0.040844,0.066927,0.25575,0.14371,0.028774,0.021578,0.013915,0.0082213,0.0062691,0.0047023,0.0023175,0.043078,0.0045972,0.0023243,0.0033615,0.0024475,0.002508,0.0031267,0.0052527,0.018413,0.011806,0.0088449,0.0030073,0.0019351,0.0012346,0.0011232,0.0016192,0.0025654,0.0046616,0.0043284,0.0046825,0.0051316,0.0062378,0.0060922,0.0080279,0.01563,0.048827,0.012726,0.010396,0.0050809,0.0032468,0.002035,0.0013816,0.00083256,0.00078203
0.0066586,0.0064356,0.00648,0.0064657,0.0087203,0.0091659,0.011506,0.022894,0.084517,0.036675,0.024371,0.009863,0.0052612,0.0043868,0.0025828,0.0039729,0.0037328,0.01902,0.0045537,0.0030456,0.0020368,0.0019656,0.0012057,0.0029182,0.0034408,0.02112,0.019217,0.0056654,0.0016296,0.0008729,0.00042325,0.00048968,0.00059392,0.00027085,0.0062466,0.0017323,0.0017067,0.0016232,0.0017633,0.0016494,0.0031631,0.0026485,0.0016724,0.021572,0.011881,0.004228,0.0024311,0.0017204,0.0016247,0.0012969,0.0010357,0.007208,0.018574,0.019012,0.021113,0.024187,0.028862,0.038707,0.064171,0.30368,0.34134,0.041643,0.024384,0.017494,0.014242,0.010665,0.011544,0.0097372,0.0059625,0.0031518,0.0016563,0.00057504,0.00097157,0.00069171,0.00045835,0.00078858,0.0056776,0.02175,0.0034336,0.00088169,0.0007674,0.0010356,0.00070517,0.0015747,0.00036241,0.0043107,0.0015061,0.0015486,0.0016404,0.0021527,0.0022135,0.0037747,0.0019307,0.028617,0.028172,0.0029905,0.0024905,0.0016852,0.0013015,0.0014783,0.0010662,0.0013848,0.027108,0.0029425,0.0055183,0.0033981,0.0044873,0.0057355,0.0076969,0.01628,0.15201,0.074062,0.062027,0.0068232,0.0029174,0.0012762,0.0042279,0.0012454,0.001751,0.0031205,0.0033243,0.0013511,0.0016314,0.00048556,0.00035471,0.0016124,0.0017232,0.016096,0.012664,0.0070708,0.0020058,0.0017276,0.001319,0.0013661,0.0011482,0.0011177,0.00082589,0.0021649,0.0023719,0.0026271,0.0028875,0.0034157,0.0051568,0.0058601,0.046358,0.020359,0.020225,0.0066834,0.0036911,0.0028107,0.0026279,0.0022276,0.0025273,0.022934,0.012052,0.013691,0.015496,0.018561,0.024435,0.036206,0.059409,0.32694,0.12847,0.067753,0.040109,0.031224,0.026373,0.024732,0.021433,0.030812,0.017277,0.0043771,0.002232,0.0023762,0.0016467,0.0019267,0.0019744,0.0041271,0.015831,0.0073193,0.0030909,0.00082745,0.00025683,0.00042592,0.00047171,0.001162,0.0027581,0.00016595,0.00086009,0.0011284,0.0013829,0.0018332,0.0029405,0.0045364,0.0052215,0.047374,0.017637,0.010201,0.0049051,0.0040583,0.0035158,0.0030512,0.0030666,0.0027676
0.0056935,0.0018272,0.005296,0.0058369,0.0043679,0.0081634,0.012809,0.021726,0.09019,0.04224,0.00703,0.0030037,0.00075428,0.0027991,0.0016698,0.00046998,0.0028935,0.00076105,0.0022095,0.0010286,0.0021435,0.001713,0.0011137,0.0024446,0.0054315,0.022596,0.018452,0.007466,0.0023021,0.0013687,0.0022534,0.0013728,0.0012514,0.0013523,0.0019951,0.00027721,0.00026219,0.0015848,0.00077407,0.0025783,0.0049441,0.0086042,0.0080285,0.033605,0.012454,0.0053511,0.0037525,0.0030215,0.0027354,0.0022074,0.002739,0.013941,0.0086794,0.009417,0.011435,0.014291,0.018262,0.029198,0.059119,0.28828,0.22209,0.02661,0.007352,0.0033836,0.0046835,0.0030313,0.0027549,0.00017358,0.0057355,0.00036519,0.0011021,0.0022515,0.0015156,0.00020873,0.0016782,0.001067,0.0047467,0.020902,0.0025392,0.00054934,0.00052782,0.00030819,0.00055376,0.00074099,4.0047e-05,0.0026837,0.0010756,0.0012985,0.0016154,0.0014451,0.0034467,0.0062714,0.016609,0.035988,0.017363,0.0066089,0.0018844,0.00099781,0.0012795,0.00067074,0.0006981,0.00079156,0.0070764,0.015925,0.012157,0.036372,0.029279,0.012601,0.062194,0.094105,0.090903,0.086037,0.12509,0.014244,0.025675,0.030397,0.010577,0.0090303,0.018509,0.018694,0.0032306,0.0014803,0.00036436,0.0024074,0.0011034,0.0026759,0.0047986,0.0069397,0.012035,0.0055497,0.0011965,0.0021218,0.0023349,0.0011677,0.0007221,0.0023365,0.0028229,0.0017847,0.0030201,0.0027834,0.002576,0.004858,0.0092925,0.01043,0.029186,0.032406,0.010126,0.0027293,0.0023253,0.002122,0.0011003,0.0019552,0.0022583,0.018862,0.0050098,0.0054129,0.0068906,0.0075157,0.01023,0.017245,0.076595,0.39238,0.060075,0.0086217,0.0075744,0.0061575,0.0043212,0.0044052,0.0031338,0.0081578,0.0079786,0.003269,0.0024843,0.0025262,0.0016293,0.00070952,0.0021715,0.0017899,0.0097982,0.0036814,0.0053133,0.002331,0.0019046,0.00089777,0.0009335,0.0012796,0.0024395,0.0016175,0.0017445,0.00091481,0.0019537,0.0027379,0.0027331,0.0082487,0.016574,0.054097,0.01756,0.0021871,0.0007678,0.00041756,0.0010673,0.00090158,0.00062811,0.00099566
0.0008297,0.0049274,0.0044808,0.0061469,0.0084405,0.011746,0.024019,0.090819,0.10352,0.019596,0.011595,0.0094099,0.0057307,0.006443,0.0053131,0.0054662,0.0068227,0.0095159,0.0018833,0.0022408,0.00032806,0.0032752,0.0020773,0.0061808,0.026189,0.036234,0.0047851,0.0013922,0.00091955,0.0015885,0.00040233,0.00025461,0.00057307,0.0005169,0.0031701,0.0015926,0.00238,0.0026685,0.0032066,0.0074876,0.021097,0.06028,0.064372,0.011694,0.0068336,0.0055643,0.0047094,0.0050867,0.0047213,0.0042989,0.0037156,0.0022145,0.017593,0.028264,0.03878,0.043833,0.045092,0.029408,0.21891,0.42617,0.12572,0.069935,0.045337,0.032327,0.02482,0.021379,0.019706,0.01813,0.011055,0.0026825,0.0031244,0.0065873,0.0042753,0.0072393,0.013589,0.031067,0.01072,0.0054681,0.0050364,0.0033542,0.0020289,0.0032032,0.0022382,0.00075391,0.0012284,0.0021,0.0072578,0.013642,0.020294,0.027737,0.035464,0.056813,0.11517,0.035617,0.016918,0.020375,0.01737,0.013435,0.01024,0.0076404,0.0072311,0.006632,0.052996,0.00684,0.0067334,0.011346,0.01663,0.019429,0.034161,0.12865,0.20375,0.088211,0.046349,0.032474,0.024711,0.020603,0.019894,0.021053,0.019614,0.018147,0.0014061,0.0016058,0.00036148,0.0036907,0.0030097,0.0064751,0.016462,0.0283,0.0039141,0.0011919,0.00071378,0.0017056,0.00095266,0.00070717,0.0010764,0.00052643,0.0012474,0.0013999,0.0018173,0.0013778,0.0013641,0.0049726,0.012974,0.085194,0.038592,0.0079702,0.0067472,0.0051821,0.0041603,0.0044032,0.0035592,0.0034508,0.0028725,0.0044079,0.01445,0.01744,0.022017,0.025921,0.035724,0.081413,0.29359,0.27891,0.027103,0.017075,0.013082,0.0098972,0.0066425,0.0058812,0.0069081,0.0043202,0.014252,0.0015161,0.0013337,0.0025644,0.0014218,0.0012212,0.0026941,0.016697,0.0046535,0.0017296,0.00066207,0.0014162,0.001967,0.0012514,0.0026935,0.0012841,0.00078584,0.00031281,0.0016467,0.0023041,0.001684,0.0028481,0.0074678,0.02222,0.14344,0.034204,0.013231,0.0067167,0.0059813,0.005313,0.0044888,0.0042479,0.0040539,0.0041771
0.01005,0.010035,0.010326,0.010903,0.011736,0.015289,0.026156,0.1522,0.068461,0.035241,0.0068428,0.0026695,0.0038921,0.0028741,0.0026284,0.0011274,0.0021,0.01281,0.0013759,0.0021265,0.0026934,0.0010621,0.0021413,0.0025586,0.021764,0.012918,0.011904,0.002685,0.0023219,0.00032191,0.00086568,0.00040122,0.00093648,0.00036239,0.00034524,0.00056753,0.0013396,0.0019359,0.0013222,0.0070442,0.014251,0.086631,0.020466,0.0084914,0.0016983,0.0034748,0.002689,0.0024311,0.0019786,0.0027954,0.002161,0.010052,0.010339,0.010276,0.011372,0.011504,0.014611,0.017525,0.42991,0.31012,0.1239,0.023828,0.013792,0.010465,0.00838,0.01043,0.0050017,0.0049859,0.031073,0.0039434,0.0018688,0.0025505,0.0017886,0.0022503,0.0063484,0.049158,0.017079,0.011637,0.001676,0.0018714,0.0022287,0.0011319,0.0054786,0.0024593,0.0045987,0.0031701,0.0056905,0.0063548,0.0071775,0.0078067,0.014136,0.029622,0.18391,0.035444,0.022837,0.010151,0.0063524,0.0053874,0.0042984,0.0035754,0.0035794,0.0028077,0.031256,0.0018724,0.0022736,0.0030323,0.0058754,0.0093677,0.017669,0.058349,0.10142,0.11395,0.018382,0.013889,0.014806,0.013548,0.013132,0.012613,0.010683,0.027281,0.0029496,0.0018871,0.0019314,0.0013169,0.0011037,0.0054511,0.027822,0.0076395,0.0056671,0.00044931,0.0019325,0.00081019,0.0011408,0.00073148,0.00022367,0.00035667,0.0060369,0.0034891,0.0013171,0.0015129,0.00212,0.0021323,0.0068809,0.085758,0.030721,0.021642,0.0078508,0.0038762,0.0014791,0.0015198,0.0011359,0.00070085,0.00058555,0.052518,0.020765,0.012751,0.03815,0.017039,0.067121,0.15541,0.28371,0.19031,0.033457,0.046785,0.045332,0.029549,0.038301,0.026766,0.02665,0.032872,0.0074655,0.002479,0.0022874,0.0018593,0.0037545,0.0028583,0.0069702,0.020756,0.0025699,0.0073832,0.0028792,0.0028736,0.0033657,0.0017584,0.0038145,0.0010002,0.003067,0.020445,0.016897,0.016066,0.024185,0.020365,0.034644,0.07369,0.18868,0.011495,0.021599,0.023867,0.010355,0.0067771,0.008541,0.0019498,0.0048304,0.0045186
0.022814,0.0024723,0.0041431,0.0025565,0.0033315,0.0042129,0.010059,0.032898,0.037559,0.020252,0.014695,0.0076923,0.0020419,0.0021252,0.0015658,0.0017508,0.00060082,0.01157,0.0019085,0.0014699,0.0011443,0.00089198,0.0017,0.00080586,0.0032125,0.0067778,0.0098797,0.012612,0.0046382,0.0012456,0.0009045,0.0005226,0.00063173,0.00042725,0.0025959,0.0025388,0.0028337,0.0023049,0.0031252,0.0054821,0.0069286,0.024864,0.0064758,0.010754,0.018669,0.0057851,0.00185,0.0020375,0.0023368,0.0019536,0.0017414,0.016049,0.010455,0.012059,0.01239,0.011729,0.015771,0.027107,0.13474,0.075099,0.21925,0.14316,0.018827,0.0059689,0.0038167,0.0028383,0.0038582,0.001606,0.033463,0.0027648,0.0036354,0.0011395,0.0028018,0.0026644,0.0039671,0.025527,0.00023118,0.0065848,0.021562,0.0032191,0.0014155,7.4371e-05,0.0013564,0.0015063,0.0010719,0.00048256,0.0029948,0.0022604,0.003662,0.0039365,0.0041037,0.0094207,0.085063,0.01384,0.027535,0.022878,0.0052602,0.0015855,0.00084428,0.00057963,0.00038617,0.00026131,0.030352,0.0060153,0.0078018,0.0060283,0.0083853,0.010925,0.017662,0.039947,0.11934,0.0825,0.020772,0.051834,0.010801,0.00356,0.0024767,0.00015731,0.00013923,0.030371,0.0015513,0.0016889,0.00092653,0.001019,0.0018153,0.004212,0.0099047,0.004149,0.023013,0.0071005,0.0055369,0.0042772,0.0027121,0.001927,0.0017484,0.0018482,0.0097066,0.0018584,0.0017471,0.0016145,0.0029244,0.0035459,0.0063186,0.025791,0.0045146,0.034005,0.0076434,0.017111,0.00089877,0.0025124,0.0023559,0.0022703,0.0025311,0.039694,0.0044967,0.0034761,0.0066275,0.005526,0.009973,0.019988,0.17141,0.10465,0.17823,0.04809,0.008557,0.0030775,0.0040682,0.0013203,0.0012203,0.0030423,0.008114,0.0028779,0.0017041,0.0013702,0.0028676,0.0021703,0.0015205,0.0070555,0.0060285,0.038755,0.018089,0.011118,0.0037772,0.0027113,0.0017885,0.0024068,0.0012207,0.0058843,0.0023228,0.0023155,0.003387,0.0040544,0.0050276,0.0087124,0.073369,0.017397,0.051855,0.012028,0.00739,0.0012661,0.0010451,0.001014,0.00073276,0.0010967
0.001482,0.0036919,0.0020243,0.0018962,0.00054602,0.0012429,0.0020071,0.022107,0.015294,0.014893,0.014366,0.0037383,0.0014393,0.0014226,0.0015014,0.00046274,0.0015698,0.0074998,0.00064375,0.0011075,0.0010569,0.00080556,0.00020037,0.0012045,0.003172,0.002284,0.0078499,0.0074253,0.0032408,0.0010981,0.00093582,0.00071822,0.00045927,0.00038528,0.0012837,0.0010789,0.00081573,0.001174,0.0014315,0.001745,0.0025753,0.016196,0.0014127,0.0079234,0.017873,0.0018739,0.0032163,0.0020615,0.0020503,0.0018598,0.0021878,0.0066434,0.0014417,0.001098,0.0024043,0.0014036,0.0021413,0.0043388,0.079056,0.038775,0.11115,0.15062,0.017569,0.0079395,0.0045926,0.0031752,0.0021497,0.0010738,0.014,0.0034814,0.0025763,0.0027503,0.0017025,0.0013479,0.0027468,0.013669,0.00073092,0.0032191,0.016464,0.0044421,0.00081497,0.0004179,0.00075694,0.0011078,0.00011443,0.0030823,0.0016194,0.0014646,0.0020156,0.0025937,0.0032757,0.0059122,0.045567,0.0054098,0.029983,0.019981,0.0074935,0.0036262,0.0028173,0.002269,0.0024933,0.0021096,0.03695,0.0034819,0.0026667,0.002128,0.0017867,0.0033642,0.0027299,0.0079203,0.014728,0.068609,0.023599,0.059821,0.013427,0.0045459,0.0037973,0.0028427,0.0022202,0.021536,0.0034668,0.0013944,0.00055098,0.0025887,0.00050958,0.0014931,0.0067357,0.0053592,0.020705,0.013463,0.015809,0.0024074,0.0012338,0.0006507,0.00069727,0.00045203,0.0039311,0.0019164,0.0014755,0.0015273,0.0016491,0.0013537,0.0019516,0.016311,0.011181,0.026357,0.010273,0.016234,0.0034505,0.0022463,0.0013681,0.0013298,0.0012455,0.020338,0.0078036,0.0059344,0.0081632,0.0087963,0.01277,0.020528,0.090549,0.058754,0.19559,0.023944,0.021211,0.010874,0.0097525,0.0097861,0.0099792,0.0078565,0.013426,0.0013246,0.00063107,0.0013215,0.0010424,0.00039365,0.0015998,0.0058116,0.0033219,0.047221,0.0054735,0.0053645,0.0011435,0.0009015,0.001234,0.0013023,0.0015927,0.0017147,0.00091756,0.00091348,0.0009153,0.0017339,0.0025267,0.0049039,0.042816,0.0072731,0.058605,0.012593,0.0026227,0.0022187,0.0019647,0.0019656,0.0016854,0.0018063
0.0089876,0.0021273,0.0026549,0.0034834,0.0045528,0.0059221,0.0077574,0.026379,0.044542,0.0473,0.014893,0.014084,0.0095115,0.0083268,0.0046905,0.0071468,0.0063439,0.0037823,0.00014783,0.00075989,0.00085121,0.00093834,0.0018322,0.0025702,0.0039175,0.015909,0.020887,0.0030647,0.0051779,0.0032308,0.0027723,0.002541,0.0023158,0.0024167,0.00038148,0.00083424,0.00063238,0.00064195,0.00096427,0.0014279,0.0019316,0.0078255,0.0052943,0.04005,0.004431,0.0036904,0.0019898,0.0013831,0.0014816,0.0013004,0.001072,0.0057088,0.01705,0.016447,0.018991,0.022738,0.027847,0.039805,0.073073,0.16871,0.26355,0.14242,0.049589,0.032914,0.026811,0.023283,0.020796,0.019202,0.0055791,0.0012671,0.00060357,0.0010892,0.00036084,0.0007116,0.0011056,0.0076539,0.0012968,0.0077371,0.012403,0.0029592,0.0022171,0.0016325,0.0013153,0.00083119,0.0014515,0.0018673,0.0023178,0.0022851,0.0025763,0.0027001,0.0032833,0.0043872,0.01532,0.034787,0.01245,0.015601,0.0076695,0.0052624,0.0041844,0.0036336,0.0030948,0.0033322,0.04237,0.0031698,0.0028395,0.0034978,0.0060336,0.0067657,0.011709,0.030346,0.090092,0.082895,0.081988,0.015503,0.0096708,0.0085514,0.006774,0.006052,0.0069886,0.014567,0.0018825,0.001775,0.001685,0.0015729,0.0024628,0.0035098,0.0068609,0.017795,0.018167,0.0068999,0.0024299,0.00017192,0.0011676,0.00069605,0.00071558,0.00015449,0.0025978,0.0045441,0.0046043,0.0050166,0.0054327,0.0065411,0.0084447,0.017017,0.040176,0.020179,0.01036,0.0086394,0.0047629,0.002349,0.0014465,0.00056473,0.00025178,0.0034428,0.0092179,0.011403,0.012407,0.014402,0.018706,0.025583,0.048841,0.19764,0.10907,0.036854,0.032714,0.024389,0.021067,0.019232,0.017966,0.015627,0.01183,0.0018237,0.002133,0.0011588,0.002251,0.0024004,0.003556,0.0036353,0.020259,0.011631,0.0075461,0.00074442,0.0009777,0.00054356,0.00035346,0.00072433,0.00045013,0.0024147,0.0012804,0.0011596,0.0016267,0.0022975,0.0036026,0.0058881,0.0083038,0.050141,0.028171,0.019066,0.0067681,0.0057601,0.0053349,0.0046897,0.004679,0.004551
0.00010108,0.0007538,0.00074617,0.00061739,0.00054893,0.00082423,0.00061666,0.0090289,0.093248,0.043289,0.013873,0.0022951,0.0018539,0.0016702,0.0020419,0.00015648,0.0012722,0.012047,0.0016011,0.00059166,0.00084336,0.00037889,0.00049302,0.0001848,0.00022873,0.020877,0.017164,0.0063209,0.00064853,0.00058644,0.00056177,0.00026564,0.00034794,0.00013733,0.0047799,0.0013862,0.0017571,0.0020031,0.002444,0.002311,0.0028308,0.0080673,0.012005,0.029052,0.013415,0.0022035,0.0013805,0.0009697,0.00047347,0.00035707,7.2468e-05,0.010229,0.004215,0.0058033,0.0095251,0.011969,0.017658,0.027972,0.030991,0.32678,0.10207,0.1444,0.063939,0.045851,0.038934,0.033981,0.031743,0.029387,0.013054,0.0020974,0.00149,0.0016434,0.0011864,0.0013259,0.0018426,0.00098283,0.0097084,0.016125,0.011793,0.0047328,0.0032707,0.0021412,0.0020407,0.0024985,0.0020638,0.0011692,0.0013716,0.0013345,0.0012686,0.0017169,0.001796,0.0020206,0.012227,0.030582,0.019158,0.0075883,0.0033389,0.0021416,0.0014719,0.0013728,0.0011704,0.0010128,0.047807,0.0010855,0.0023912,0.0015921,0.0016256,0.0030223,0.0059182,0.017812,0.17033,0.016749,0.084477,0.0020625,0.0013285,0.0019824,0.0029809,0.00052362,0.0003853,0.021651,0.0019776,0.00081877,0.00038867,0.0011473,0.0003851,0.00071581,0.0024067,0.017069,0.01332,0.0086157,0.0011074,0.00099875,0.00017321,0.00039707,0.00036676,0.0002804,0.0055905,0.00098602,0.00082719,0.00082544,0.00090075,0.0010318,0.0023621,0.0052633,0.046186,0.016966,0.020147,0.0015336,0.0011494,0.00033583,0.00023345,0.00031094,0.00021933,0.0028096,0.012242,0.013246,0.014762,0.016232,0.019254,0.025568,0.065371,0.3433,0.046742,0.026432,0.017861,0.014311,0.010944,0.0087528,0.0084852,0.0032864,0.015042,0.0013124,0.000895,0.00032448,0.00025962,0.00051103,0.000795,0.0016078,0.013084,0.003477,0.0063764,6.525e-05,0.00036779,6.1244e-05,0.00049037,0.0006791,0.0011063,0.00416,0.00027879,0.00017869,4.8232e-05,0.00038001,0.00037669,0.00075869,0.0074656,0.063092,0.015277,0.0036332,0.0010139,0.00084078,0.0006649,0.0004578,0.00056543,0.0006428
0.0033074,0.00049487,0.00093158,0.0012356,0.0024447,0.0023285,0.0038629,0.0030605,0.11928,0.058299,0.015268,0.0074718,0.0052361,0.00569,0.0036193,0.0064169,0.0038758,0.014483,0.00084934,0.00080635,0.00070331,0.00027289,0.00068827,0.0015927,0.0037156,0.018903,0.017515,0.0093713,0.0027926,0.0021946,0.0021038,0.001747,0.001612,0.0018749,0.0019684,0.00050833,0.00049003,0.00065307,0.0011574,0.0014206,0.0016235,0.0050027,0.001946,0.03586,0.0091587,0.0037611,0.0030296,0.0027553,0.0025546,0.0023337,0.0018959,0.024985,0.013047,0.013903,0.014669,0.015736,0.017612,0.020171,0.028921,0.31971,0.24852,0.075038,0.029221,0.015365,0.0087199,0.0057858,0.0013893,0.0025463,0.017798,0.0012938,0.0013349,0.001755,0.0012846,0.0014611,0.0019858,0.0030949,0.013977,0.01407,0.0066413,0.0021298,0.0012054,0.0015181,0.00083384,0.0008214,0.0027218,0.0023499,0.00096765,0.0010476,0.00095092,0.0011898,0.001736,0.0026154,0.0029123,0.039997,0.010107,0.011003,0.0039067,0.0025062,0.0022779,0.0020114,0.0016198,0.001854,0.053811,0.0091413,0.012103,0.0061103,0.0071975,0.020953,0.036762,0.053852,0.16111,0.083412,0.060776,0.05133,0.032927,0.014901,0.01063,0.018166,0.022461,0.02665,0.0014653,0.0013396,0.0017648,0.0011706,0.0010733,0.0016581,0.0044237,0.013591,0.0074994,0.0045339,0.002736,0.001619,0.00046843,0.00045191,0.00081098,0.0008011,0.0059205,0.0015697,0.002697,0.0023799,0.00069265,0.0028354,0.0063521,0.013424,0.042224,0.0051133,0.010355,0.010082,0.008144,0.0039144,0.0014281,0.0036482,0.0052529,0.020485,0.0020052,0.0031488,0.0039537,0.0060447,0.0078179,0.010616,0.026134,0.34903,0.036995,0.023597,0.013056,0.010249,0.0090171,0.0078034,0.007448,0.0071107,0.017561,0.0002579,0.00037215,0.00099336,0.00043202,0.0006349,0.0006077,0.00066052,0.010357,0.00088718,0.005867,0.0007043,0.000281,0.0003278,0.00021715,0.00050424,0.0041638,0.0021172,0.00080759,0.0010732,0.0011631,0.0019123,0.0018119,0.0016984,0.003596,0.078377,0.005358,0.0045259,0.0028909,0.0021745,0.0019073,0.0016031,0.0013731,0.0021515
9.5353e-05,0.0029729,0.0040266,0.0036136,0.0044342,0.0058722,0.0083213,0.01546,0.1357,0.044737,0.011889,0.010618,0.0066852,0.0062188,0.0048192,0.0043338,0.0036507,0.011809,0.0016167,0.0013031,0.0018191,0.0010562,0.0016957,0.0023339,0.002313,0.032554,0.014226,0.0013255,0.0024543,0.0015384,0.001263,0.00071638,0.00067317,0.00037958,0.0020428,0.0027932,0.0027701,0.0027505,0.0030227,0.0037254,0.005064,0.0065838,0.02634,0.021275,0.0038109,0.0045433,0.002692,0.0019297,0.0014423,0.0015593,0.0015011,0.0014839,0.007337,0.0072499,0.008884,0.011039,0.013585,0.020117,0.034076,0.24381,0.16916,0.10441,0.048602,0.033792,0.027638,0.024503,0.024216,0.02282,0.01735,0.00092972,0.0010826,0.001188,0.0015002,0.0012055,0.0013765,0.003176,0.0069923,0.018584,0.0069457,0.0026928,0.0011942,0.00089312,0.001027,0.0006799,0.0019951,0.0010967,0.0003547,0.0001232,0.00021218,0.00018263,0.0003507,0.0012672,0.00050474,0.039038,0.026617,0.0061362,0.00075158,0.00024571,0.00031963,0.00014685,0.00013595,0.00021935,0.042905,0.0018811,0.0024831,0.000953,0.0025441,0.0027545,0.0062222,0.010935,0.209,0.034695,0.086642,0.0040863,0.0025196,0.0024928,0.0034314,0.0027096,0.0047227,0.02232,0.0011609,0.00062788,0.001214,0.0010144,0.0011751,0.0010841,0.0010466,0.021472,0.01105,0.0065083,0.0013967,0.001213,0.00077311,0.0003105,0.00037497,0.00083927,0.0053464,0.00031197,0.00024533,0.00034046,0.0004429,0.00017435,0.0023312,0.0034226,0.056257,0.01428,0.018663,0.0003802,0.0013417,0.00059786,0.00022967,0.00059959,0.0012722,0.013792,0.018841,0.027649,0.021977,0.003438,0.032728,0.067524,0.093102,0.2625,0.12412,0.059976,0.032777,0.0030592,0.020828,0.025954,0.019661,0.0038434,0.012407,0.00109,0.00075029,0.0007714,0.0012383,0.0021315,0.0026865,0.0034847,0.010208,0.002597,0.0029203,0.003514,0.0025547,0.0020137,0.001533,0.0003021,0.0040913,0.0096323,0.0062516,0.0047383,0.0033211,0.0067253,0.012876,0.019207,0.022779,0.06076,0.027826,0.01572,0.015847,0.0092641,0.0037906,0.004203,0.0068356,0.0086175
0.0079786,0.007479,0.0084414,0.0089316,0.010082,0.011996,0.014441,0.026192,0.086287,0.063011,0.021361,0.0082372,0.005437,0.0035237,0.0015746,0.0016119,0.0013867,0.0033799,0.0016236,0.0021763,0.0020644,0.002863,0.0023491,0.0038073,0.005823,0.019307,0.020249,0.0082103,0.0013577,0.0011856,0.00077682,0.00027952,0.00011475,4.5784e-05,0.0015984,0.0028397,0.0026348,0.0030619,0.0032567,0.0039385,0.0061382,0.008242,0.029145,0.027111,0.012211,0.0033675,0.0018063,0.0011677,0.00075676,0.00038465,0.00019076,0.022763,0.019057,0.022674,0.029482,0.037938,0.045393,0.04863,0.048861,0.34139,0.119,0.13806,0.060411,0.0281,0.013545,0.020653,0.031568,0.034894,0.010245,0.00044364,0.0016535,0.0029112,0.0030412,0.0027515,0.0021785,0.0012233,0.011652,0.017345,0.0079515,0.0039913,0.00046349,0.0010242,0.0012817,0.0016039,0.00065804,0.0019055,0.0013572,0.0017454,0.0025108,0.0040872,0.0060099,0.01034,0.013921,0.031648,0.014734,0.0014959,0.006158,0.0070711,0.006344,0.0046814,0.0025809,2.4792e-05,0.029873,0.0094958,0.0088568,0.011235,0.013061,0.014851,0.024722,0.035394,0.15177,0.047644,0.065094,0.010643,0.0065355,0.0050111,0.0047632,0.0025989,0.0032044,0.017994,0.0019759,0.0017861,0.0013313,0.0023138,0.0020137,0.0013034,0.0042056,0.020639,0.0091469,0.0065947,0.0016262,0.00097433,0.0013394,0.00087247,0.00052104,4.9587e-05,0.0016346,0.0013122,0.0016033,0.0017007,0.0018065,0.0025748,0.003169,0.0069656,0.053655,0.013727,0.023158,0.0025565,0.0021476,0.0011863,0.0010274,0.001073,0.0012341,0.018511,0.0057587,0.0049246,0.0060591,0.006346,0.0077269,0.0098704,0.01319,0.2648,0.021976,0.023249,0.0062742,0.0043465,0.0025898,0.0036651,0.0017189,0.0040074,0.0071641,0.00051308,0.00050866,0.00064378,0.00017995,0.00035218,0.00022752,0.00074472,0.012901,0.0029686,0.0051902,0.0011716,0.00091274,0.0003412,0.00040308,0.00033646,0.0029603,0.0014267,0.0006159,0.00073492,0.0010177,0.00084743,0.0010516,0.0030473,0.0057926,0.084464,0.0027384,0.011434,0.0024941,0.0022368,0.0020667,0.0016531,0.0014405,0.0024071
0.0017968,0.00082222,0.0023746,0.0014961,0.0018606,0.0028019,0.0053518,0.013153,0.15153,0.049987,0.0098647,0.0094847,0.0079246,0.0063515,0.0045905,0.0040915,0.0056687,0.0040265,0.00096385,0.00059455,0.0012237,0.0014231,0.0020456,0.0029797,0.005512,0.018643,0.017046,0.0057253,0.0043532,0.0033574,0.0024351,0.0023227,0.0023743,0.0024739,0.0030251,0.0022103,0.0024487,0.0026516,0.0033078,0.0035621,0.0042497,0.0076052,0.0014851,0.032046,0.003418,0.0045606,0.0033466,0.0027848,0.0023354,0.0022618,0.0025292,0.009947,0.0065274,0.0060303,0.0071337,0.0081704,0.0095864,0.012985,0.022853,0.26309,0.22014,0.10335,0.037345,0.021751,0.016577,0.015203,0.011631,0.012537,0.0096246,0.0009824,0.0015783,0.0013202,0.0012105,0.0017335,0.0021389,0.0021179,0.014183,0.010868,0.013006,0.0036377,0.0028132,0.0023779,0.0015721,0.001806,0.0048486,0.00088693,0.0015963,0.0016272,0.0015837,0.001585,0.0022769,0.002938,0.0035637,0.049499,0.0092322,0.010416,0.0038014,0.0020837,0.001322,0.0013093,0.00079522,0.00015832,0.035199,0.0030506,0.0024416,0.002932,0.0038837,0.0058411,0.012721,0.027866,0.18331,0.041743,0.10033,0.014063,0.011386,0.0094464,0.0074043,0.0085613,0.0084077,0.014176,0.0017329,0.001585,0.0020498,0.0014818,0.0032892,0.0047507,0.0072533,0.0068709,0.012802,0.024156,0.0044696,0.0018153,0.0020652,0.0013661,0.0010369,0.0014496,0.0068208,0.0028669,0.0030589,0.0033379,0.0038116,0.0046752,0.0069111,0.013339,0.040318,0.01571,0.021694,0.0045311,0.0036309,0.0025168,0.0024745,0.002396,0.0011826,0.016161,0.0020993,0.0016668,0.0029869,0.0031244,0.0045892,0.0057889,0.016757,0.26568,0.036777,0.012174,0.0074362,0.0066306,0.0049547,0.0060775,0.0035805,0.0066358,0.0058633,0.00054054,0.00011547,6.0292e-05,0.00042475,0.00036124,0.00023088,0.00042489,0.01294,0.00044654,0.0079812,6.0936e-05,7.2717e-05,0.00038268,0.00058392,0.00033774,0.0019837,0.0038281,0.00074057,0.00074409,0.00096343,0.0011885,0.0007987,0.00075681,0.0035394,0.089853,0.0016679,0.0040376,0.0021803,0.0011013,0.00060607,0.00042754,0.00025812,0.00012397
0.0073453,0.0075758,0.0073934,0.0094471,0.0089398,0.011516,0.017135,0.026822,0.16514,0.032244,0.013757,0.0091588,0.0034479,0.0033259,0.0020518,0.0016087,0.0029469,0.0015621,0.00051728,0.0028086,0.00091805,0.00096888,0.0001451,0.0018003,0.0029035,0.037754,0.0060633,0.0079934,0.0033142,0.0014475,0.0016426,0.00080172,0.0011593,0.0010433,0.00028419,0.0016283,0.001038,0.0021753,0.0016753,0.0024731,0.0048129,0.0086216,0.037252,0.021114,0.011564,0.0050695,0.0029341,0.0028167,0.0027706,0.0018553,0.0027981,0.027876,0.024048,0.024537,0.029226,0.03264,0.038397,0.052053,0.06631,0.17966,0.25617,0.071751,0.037739,0.018958,0.012523,0.0089193,0.0057977,0.0043774,0.0082189,0.0010085,0.0029849,0.0034481,0.0010531,0.0018208,0.0046381,0.0030429,0.0087511,0.013066,0.0086883,0.0062442,0.0040925,0.0032799,0.0027378,0.003491,0.0019665,0.0027352,0.0023297,0.0022792,0.0035343,0.0039496,0.0045215,0.011986,0.011731,0.040845,0.022869,0.012837,0.0050693,0.0049152,0.0039247,0.0038227,0.0031234,0.0037346,0.038382,0.0026891,0.0017171,0.0017252,0.0021381,0.0042161,0.010443,0.017095,0.19644,0.028391,0.086968,0.0065286,0.0033939,0.0015735,0.00071847,0.0023597,0.0058156,0.016541,0.002592,0.0018739,0.0017166,0.0012916,0.00051224,0.0024618,0.0022173,0.019521,0.013765,0.017731,0.0050497,0.0024174,0.0021477,0.0015132,0.001826,0.0015106,0.0058671,0.001197,0.0026951,0.0013993,0.0031744,0.0036808,0.0039691,0.0089511,0.060072,0.010628,0.018774,0.001317,0.0016596,0.0015359,0.0015919,0.0014549,0.0013619,0.016594,0.0026102,0.0063789,0.0040684,0.0089904,0.013028,0.02812,0.07383,0.25238,0.050468,0.015976,0.016888,0.014326,0.013309,0.011971,0.0088267,0.014862,0.0062963,0.0010048,0.0023875,0.0029649,0.00073149,0.00053553,0.0018682,0.00383,0.012046,0.0083969,0.0069399,0.0014886,0.0018869,0.00065396,0.0014496,0.0014233,0.00060082,0.00020218,0.0033114,0.0032611,0.0043792,0.0053351,0.0058843,0.012236,0.016811,0.081123,0.016951,0.016204,0.008508,0.0064858,0.0054242,0.0050098,0.0050811,0.004345
0.014567,0.013908,0.015898,0.018332,0.022436,0.027325,0.04664,0.13463,0.019712,0.031667,0.015465,0.011457,0.010876,0.0052375,0.0050897,0.0056138,0.0055448,0.0013848,0.00068715,0.00065063,0.0012308,0.0022399,0.0019368,0.0071074,0.022348,0.020271,0.00091095,0.0023533,0.0011137,0.0004874,0.00024261,0.00034925,0.00014578,0.00030139,0.0023442,0.0044623,0.0047299,0.0045562,0.0049004,0.0084278,0.017421,0.038933,0.038638,0.0079164,0.0060453,0.0019682,0.0010105,0.0018272,0.0016753,0.0010571,0.0010357,0.0087472,0.013443,0.014991,0.0202,0.021176,0.029613,0.057009,0.1787,0.19961,0.28173,0.057001,0.029439,0.01986,0.017147,0.01613,0.015184,0.018109,0.0057317,0.0026763,0.002553,0.0039319,0.0026789,0.0046335,0.010062,0.017531,0.0077396,0.023235,0.0061077,0.0049024,0.003738,0.0033429,0.0035427,0.0019423,0.00040244,0.0095331,0.0088096,0.0089163,0.0095279,0.011985,0.018131,0.036635,0.072325,0.012433,0.031494,0.013351,0.0090998,0.0073664,0.0059005,0.0052271,0.0053538,0.0055619,0.040267,0.0036256,0.0032522,0.0071182,0.01111,0.014545,0.023119,0.11115,0.049879,0.11066,0.044691,0.021366,0.01508,0.010413,0.012062,0.013411,0.0079824,0.019471,0.002078,0.0023828,0.002909,0.0059182,0.0055134,0.0058107,0.026626,0.018351,0.010001,0.0053642,0.0046255,0.0017705,0.0014859,0.0013219,0.0009609,0.0010414,0.00076103,0.0048812,0.0044966,0.0048032,0.0048835,0.0086878,0.018593,0.07659,0.053439,0.024062,0.0090974,0.0027863,0.0018769,0.0020802,0.0019746,0.0018857,0.0011273,0.021237,0.0084767,0.0099078,0.013999,0.014266,0.02127,0.053556,0.13048,0.039942,0.044446,0.016185,0.011346,0.0079142,0.0081719,0.0079071,0.0047133,0.0049363,0.0057946,0.00036911,0.0011697,0.0043189,0.00090394,0.0017243,0.0042706,0.016703,0.0043244,0.0058367,0.001828,0.0015171,0.0015522,0.00055627,0.0013509,0.00086615,0.0019722,0.0085279,0.006111,0.0063406,0.0069011,0.01025,0.016053,0.031893,0.10147,0.024857,0.036478,0.014741,0.012585,0.010488,0.0095919,0.0086908,0.0082872,0.0077306
0.0061074,0.01031,0.0097773,0.0089888,0.014111,0.013267,0.034091,0.10431,0.11086,0.040539,0.019192,0.012669,0.013046,0.007398,0.0066058,0.0089397,0.0082666,0.004881,0.0040302,0.0027414,0.0023607,0.0038517,0.0044517,0.0048937,0.01674,0.028633,0.0052485,0.0043931,0.0013675,0.0014315,0.0012517,0.00045808,0.00099828,0.0007458,0.00523,0.0027619,0.0035837,0.0054695,0.0047936,0.0081838,0.048185,0.061178,0.057421,0.0085426,0.0056231,0.0053213,0.0037811,0.0030354,0.0033372,0.0029713,0.0029221,0.014105,0.01005,0.0093558,0.0097608,0.017193,0.024582,0.089518,0.22972,0.40834,0.062224,0.017,0.0083033,0.0087835,0.0059421,0.0053872,0.0058611,0.0065137,0.0084268,0.0054369,0.0044458,0.0055804,0.003196,0.0034717,0.024946,0.032433,0.0012894,0.0034306,0.0021152,0.0010165,0.00022801,0.0033355,0.00062579,0.001076,0.0018502,0.0089284,0.0084803,0.0090457,0.012039,0.013734,0.016747,0.084935,0.1042,0.045008,0.017293,0.0054068,0.0041264,0.0039546,0.0019837,0.0022108,0.0025188,0.0020962,0.038804,0.004496,0.0031761,0.0020703,0.0065932,0.010719,0.015179,0.063516,0.2346,0.029772,0.020138,0.012527,0.0054175,0.0051974,0.0056181,0.0047729,0.00067521,0.011627,0.0022258,0.0015674,0.0044383,0.0032053,0.007273,0.011128,0.02687,0.0083744,0.0034734,0.00096377,0.0013524,0.001315,0.0013774,0.0011223,0.00073347,0.00081636,0.0036851,0.00022764,0.0013722,0.0031803,0.0018486,0.003552,0.0067885,0.061389,0.042443,0.01067,0.0097366,0.005791,0.0047786,0.0038304,0.0037633,0.0031787,0.003624,0.0082265,0.022143,0.025912,0.029511,0.048016,0.071542,0.20267,0.20647,0.16824,0.082331,0.049952,0.035629,0.022861,0.017395,0.014287,0.016697,0.018526,0.0054971,0.0028726,0.0041985,0.0058721,0.0045812,0.0040105,0.0069516,0.0086656,0.0076365,0.0040896,0.0025679,0.0017319,0.0019157,0.0018689,0.0014446,0.0022507,0.001648,2.0985e-05,0.0030538,0.0088012,0.014157,0.014843,0.018353,0.032747,0.095999,0.015378,0.024968,0.015072,0.010209,0.0070948,0.0030471,0.0045198,0.0052174,0.0061818
0.028431,0.0036858,0.0033982,0.0024149,0.0056515,0.0058858,0.0099906,0.016874,0.18577,0.056928,0.020227,0.013848,0.0099757,0.0065283,0.0052687,0.0045644,0.0055047,0.014006,0.0025687,0.0023839,0.0037435,0.0073994,0.003722,0.012573,0.0067056,0.044082,0.01599,0.0043307,0.0051001,0.0038312,0.0011554,0.0024645,0.0021286,0.0022335,0.0044385,0.0043075,0.004405,0.0043463,0.0043387,0.0042929,0.008236,0.021579,0.038676,0.016894,0.013825,0.0078833,0.0047373,0.0028569,0.0023263,0.0015186,0.0014439,0.0343,0.026942,0.027385,0.034196,0.035037,0.041861,0.057448,0.11369,0.22332,0.23352,0.15185,0.068325,0.039739,0.028954,0.025475,0.022127,0.021529,0.038561,0.0022583,0.0011529,0.0058539,0.0009616,0.0017472,0.0039377,0.012742,0.00415,0.011274,0.013663,0.0032268,0.0018123,0.0013718,0.0013052,0.00051381,0.00010871,0.0053426,0.0019237,0.001933,0.0028951,0.0016284,0.00023234,0.0013021,0.042762,0.029502,0.0040587,0.014366,0.0046784,0.0017471,0.00081362,0.00055688,0.00044435,0.00020408,0.021696,0.0038119,0.0015373,0.0027469,0.0093201,0.011536,0.017467,0.050188,0.21665,0.059111,0.074738,0.024915,0.021675,0.018364,0.017045,0.015117,0.012819,0.028351,0.0033251,0.0016896,0.0023484,0.0043635,0.0031922,0.0026472,0.0071185,0.023783,0.014811,0.0097852,0.0042175,0.0028943,0.0011303,0.0012972,0.00091727,0.00042726,0.0098955,0.00081196,0.00091872,0.0017493,0.002808,0.0076896,0.01533,0.019982,0.072229,0.0036117,0.017753,0.0055474,0.0067663,0.004985,0.0051309,0.0048345,0.0050088,0.054974,0.014483,0.020333,0.024341,0.024329,0.03045,0.048676,0.039293,0.16982,0.16399,0.045234,0.039778,0.027915,0.022456,0.020779,0.016209,0.020996,0.0047265,0.00084797,0.00078066,0.0053358,0.0035508,0.0042718,0.0078145,0.0052846,0.020437,0.011063,0.0096901,0.0022574,0.0039042,0.002745,0.0032169,0.0038832,0.0039368,0.0027066,0.0013562,0.00096507,0.0020249,0.0016396,0.0055111,0.0097886,0.033997,0.049134,0.003904,0.013733,0.0022034,0.0034652,0.0032192,0.0029235,0.002983,0.0028744
0.0084363,0.0076309,0.0052041,0.0054806,0.0056242,0.006604,0.0088872,0.01662,0.028931,0.027599,0.013331,0.006679,0.0074437,0.0032682,0.0036922,0.0020305,0.0027333,0.0026894,0.0025024,0.0020697,0.0012501,0.00099308,0.0019605,0.0017022,0.0012073,0.0031971,0.012482,0.0094772,0.0034937,0.0042091,0.0021488,0.0012801,0.0014802,0.0013428,0.00053218,0.0026143,0.0025329,0.0035994,0.0028153,0.0044297,0.0053194,0.0095272,0.0078927,0.01499,0.017625,0.0057268,0.0044909,0.0022243,0.00098623,0.00077036,0.00042155,0.0057813,0.014468,0.014739,0.014874,0.015683,0.017296,0.019235,0.047839,0.087115,0.1624,0.053131,0.088928,0.029128,0.014777,0.01085,0.006901,0.0058347,0.013434,0.0079495,0.0021167,0.0063987,0.0015705,0.00084894,0.0012413,0.0075499,0.005151,0.0042988,0.012705,0.013055,0.0042605,0.0017438,0.0021023,0.0010933,0.0010472,0.0015888,0.0015912,0.0018353,0.0009855,0.0021505,0.0032275,0.004548,0.01802,0.0066433,0.034458,0.010187,0.010703,0.0051092,0.0032737,0.0023093,0.0023956,0.002203,0.018965,0.007241,0.0063753,0.0078354,0.0084932,0.011047,0.014345,0.019407,0.047584,0.086218,0.021445,0.02251,0.035765,0.0094435,0.006246,0.0058673,0.0057012,0.019429,0.0032927,0.0022929,0.0013353,0.0012269,0.0010637,0.0030521,0.0053614,0.005649,0.022199,0.0076238,0.0054403,0.0087974,0.0024895,0.0016477,0.0017623,0.0013733,0.003481,0.0014884,0.0021455,0.0018269,0.001199,0.0023971,0.0030537,0.0098828,0.0053799,0.032468,0.0079484,0.0064537,0.012499,0.0042167,0.0030627,0.0026513,0.0025692,0.01298,0.010407,0.01014,0.010264,0.013591,0.015383,0.021446,0.067862,0.10277,0.16748,0.038482,0.016932,0.013787,0.0059227,0.0073053,0.0059627,0.0060559,0.0010872,0.00049783,0.0015992,0.0040365,0.0015616,0.0015307,0.0018978,0.003782,0.0058423,0.048853,0.0048358,0.0029105,0.0038158,0.00095936,0.0018953,0.00059225,0.00096895,0.0035782,0.00078209,0.0012393,0.00043125,0.0012784,0.0016545,0.0027429,0.015239,0.01244,0.060215,0.0086104,0.0058913,0.00338,0.00086252,0.00083172,0.00071063,0.00081637
0.015501,0.0034495,0.0051388,0.004117,0.0056025,0.0062141,0.0076646,0.011185,0.016075,0.032296,0.012969,0.0084649,0.0041351,0.0021592,0.0012073,0.00062146,0.00071527,0.0060101,0.002194,0.0018121,0.0029971,0.0016606,0.0017407,0.0025598,0.0046371,0.010644,0.013113,0.00564,0.0046938,0.001839,0.00074918,0.00060005,0.00049684,0.00042154,0.0059911,0.00087122,0.00099471,0.00097908,0.0012227,0.0014019,0.0033669,0.0013823,0.0075119,0.030409,0.0032901,0.0032977,0.0021913,0.0016969,0.0015508,0.001364,0.0014286,0.0061379,0.023795,0.0062446,0.024788,0.015977,0.03232,0.039615,0.048517,0.21195,0.027106,0.17456,0.08331,0.049178,0.029608,0.040389,0.019254,0.037266,0.0067712,0.0019029,0.00087221,0.0043324,0.00048784,0.0012752,0.00093314,0.0016306,0.0035944,0.007152,0.0098409,0.0088365,0.001635,0.0036964,0.0012057,0.0023619,9.1538e-05,0.0020714,0.00079722,0.0019577,0.00053413,0.0024355,0.0015166,0.0036632,0.0046377,0.041449,0.007004,0.02087,0.0070516,0.0083802,0.0018715,0.0060487,0.00092191,0.0057717,0.046605,0.0054549,0.0077754,0.0085945,0.009274,0.010729,0.014497,0.024291,0.065715,0.031162,0.023081,0.052153,0.006083,0.0037264,0.0028263,0.0028112,0.0024109,0.0019417,0.00068793,0.0016123,0.0020404,0.0021908,0.002352,0.0028867,0.0038589,0.014529,0.0066049,0.0056556,0.0061293,0.00048289,0.00089513,0.0014709,0.0014948,0.0011139,0.0014077,0.0040039,0.0037518,0.003901,0.0046719,0.0054197,0.0056094,0.010317,0.032364,0.012483,0.01031,0.017261,0.0047023,0.0026359,0.0014658,0.00078842,0.0010338,0.0057526,0.0066898,0.0091834,0.0092726,0.013291,0.018198,0.027755,0.062803,0.16764,0.098385,0.049193,0.041809,0.028113,0.023034,0.021916,0.020716,0.021557,0.0016575,0.00059961,0.00050963,0.0030643,0.0017612,0.0019858,0.0033044,0.0057566,0.018614,0.021685,0.0075988,0.003582,0.0039387,0.0034655,0.0035372,0.0024807,0.0031186,0.00383,0.0040663,0.0044829,0.0051815,0.0056039,0.0066048,0.0081034,0.019801,0.04704,0.041505,0.01291,0.0075376,0.0048897,0.0040968,0.0033069,0.0032821,0.0029831
0.0076581,0.0022845,0.0022572,0.0037407,0.0047555,0.0062326,0.0097823,0.017403,0.12893,0.071758,0.02552,0.010711,0.010186,0.0086305,0.006265,0.0085175,0.0081388,0.012245,0.00126,0.00068235,0.00076369,0.00084144,0.0015753,0.002335,0.0029963,0.029091,0.021714,0.0064369,0.0013037,0.001082,0.00022817,0.00073767,0.00052399,0.00040437,0.0011292,0.0012033,0.0015789,0.0017587,0.0023625,0.0024319,0.0038792,0.0053623,0.018788,0.031296,0.014936,0.0024581,0.003034,0.0026877,0.0022164,0.0020434,0.0023652,0.0027276,0.0049777,0.0047818,0.005376,0.0064325,0.0084624,0.012545,0.028613,0.2639,0.04089,0.16672,0.045448,0.026213,0.020801,0.016854,0.016842,0.014569,0.0066777,0.001596,0.00048718,0.00053807,0.00077235,0.0012022,0.0011291,0.0018128,0.0096678,0.007572,0.015261,0.0020554,0.0013733,0.0010174,0.00077344,0.0010951,0.0008984,0.0020485,0.0018609,0.0019937,0.0024026,0.0026616,0.0031909,0.0036324,0.0086091,0.034453,0.015523,0.011228,0.0055559,0.0021335,0.0013999,0.00072818,0.00056464,0.00026702,0.033186,0.0051921,0.0052716,0.0058427,0.0068351,0.0082924,0.011764,0.020384,0.18473,0.040354,0.04005,0.062012,0.026502,0.019015,0.016284,0.014767,0.017023,0.00056839,0.0015895,0.0018613,0.00027797,0.00057155,0.0016349,0.0024078,0.0032035,0.02189,0.017787,0.017343,0.011392,0.003691,0.0032185,0.0025491,0.0021527,0.002121,0.00092699,0.0017204,0.0014186,0.0019824,0.0021146,0.0025985,0.0032293,0.0034511,0.049203,0.018447,0.013268,0.011494,0.004626,0.0028922,0.0026219,0.002301,0.0022011,0.011801,0.01179,0.0096756,0.010157,0.012251,0.014856,0.019784,0.03338,0.33621,0.073499,0.026461,0.007423,0.0065741,0.0047083,0.0032788,0.0040328,0.0054189,0.0056573,0.0023694,0.00053906,0.0015308,0.00026397,0.00065679,0.00070396,0.00019546,0.012173,0.0017162,0.0037985,0.0049999,0.0017738,0.0012032,0.0015188,0.0012763,0.00040817,0.0030709,0.0014325,0.0012889,0.0012626,0.0014935,0.0019601,0.0031587,0.0098091,0.067717,0.0116,0.0081104,0.0015393,0.000815,0.00061969,0.00059377,0.0007615,0.00051882
0.014862,0.0086025,0.0097272,0.011226,0.012456,0.016436,0.02272,0.038265,0.080036,0.063426,0.033438,0.017525,0.013846,0.01212,0.0094062,0.0082439,0.010662,0.0078679,0.00088037,0.00088596,0.001762,0.0017407,0.0020469,0.0035188,0.0080612,0.028306,0.01498,0.0098182,0.0023889,0.0022904,0.0023118,0.0018748,0.0018767,0.0019665,0.0057317,0.0022242,0.0023157,0.0023037,0.0026577,0.0032785,0.0042201,0.0092558,0.043325,0.015413,0.016166,0.0047561,0.0039179,0.003251,0.0031843,0.0029598,0.0022679,0.011507,0.013389,0.011268,0.012161,0.01337,0.014314,0.014749,0.013864,0.33895,0.090306,0.14021,0.035691,0.01638,0.011315,0.0071715,0.0016866,0.00044443,0.0056058,0.0010157,0.0011601,0.0005103,0.00040655,0.00062527,0.00044526,0.00061896,0.012285,0.012964,0.011708,0.0025888,0.0016257,0.0010292,0.00043502,0.0012811,0.0017834,0.0035363,0.0020837,0.0020915,0.0023852,0.0030736,0.0036572,0.0043524,0.0075159,0.038099,0.011092,0.013749,0.0060281,0.0042955,0.0034745,0.0030448,0.0027339,0.0017891,0.040492,0.0057205,0.0056111,0.0052729,0.0093408,0.011326,0.020849,0.042818,0.14127,0.052188,0.071693,0.034364,0.022515,0.017432,0.014751,0.01567,0.013319,0.002987,0.00088141,0.00084674,0.00086777,0.00096289,0.0011767,0.002552,0.0027407,0.024934,0.0054851,0.01638,0.004226,0.0012938,0.0005248,0.00086475,0.00072718,0.000309,0.00074581,0.0012092,0.0012583,0.0013654,0.0015463,0.0016391,0.0046313,0.0083528,0.064803,0.013183,0.019129,0.0029134,0.00051803,0.00085701,0.0005879,0.00078977,0.0011273,0.0010738,0.0069877,0.0052757,0.0073077,0.0075735,0.0091205,0.013695,0.023137,0.27109,0.034982,0.011795,0.0043517,0.0030067,0.0030468,0.0028664,0.0031245,0.00057791,0.0057546,0.0009202,0.0011924,0.00085469,0.00071545,0.00096846,0.0010358,0.0024668,0.011996,0.002419,0.0071867,0.0012705,0.00042949,0.00027478,0.00022239,0.00023137,0.0017491,0.0016728,0.00041099,0.00055795,0.00073622,0.0012905,0.0022257,0.0051595,0.0098013,0.084196,0.013667,0.010363,0.0053442,0.0042184,0.0038164,0.0034031,0.0033076,0.0026226
0.0035363,0.0065558,0.0071107,0.0069692,0.0072926,0.0096939,0.012402,0.029763,0.21136,0.035952,0.0090496,0.008495,0.0053157,0.0038881,0.0032528,0.0029493,0.00053026,0.0085641,0.0023897,0.001769,0.0025515,0.0028459,0.0033072,0.0059222,0.010018,0.027471,0.015562,0.0046172,0.0049278,0.0031435,0.0028548,0.0022518,0.0020073,0.0021363,0.0023632,0.0021822,0.0025161,0.0025937,0.0033069,0.0040195,0.0072191,0.015251,0.0098495,0.022277,0.013064,0.0089277,0.0064972,0.0053712,0.0049758,0.004718,0.0039654,0.03028,0.02916,0.02761,0.031673,0.035259,0.039756,0.051119,0.078023,0.21386,0.027111,0.16647,0.05159,0.030542,0.019246,0.015122,0.010265,0.0083181,0.0018711,0.0014577,0.00096082,0.00086127,0.0010072,0.0012768,0.0021726,0.0022399,0.011552,0.0094471,0.0119,0.0055235,0.0021363,0.0018729,0.0012485,0.0020985,0.00075342,0.0025139,0.00095585,0.00070802,0.00079323,0.00065186,0.00076815,0.0022099,0.0037267,0.053269,0.013682,0.012607,0.0017518,0.00097846,0.00085327,0.0005976,0.00049865,3.8143e-05,0.026972,0.0064159,0.0088171,0.0086242,0.0086835,0.011611,0.019,0.039573,0.19983,0.042841,0.081217,0.014192,0.0077714,0.0057668,0.0036148,0.0038412,0.0071736,0.0069715,0.00078417,0.00036468,0.00064289,0.0014655,0.0014178,0.0021989,0.0065514,0.0084425,0.012281,0.0092307,0.0025947,0.0023053,0.0014262,0.001594,0.0015851,0.0010166,0.0010223,0.0013857,0.001849,0.002438,0.0034212,0.0048888,0.0077858,0.018615,0.041785,0.021342,0.0098386,0.011061,0.0071188,0.0065858,0.0059834,0.0054951,0.0057488,0.025418,0.011275,0.019758,0.011482,0.02657,0.03066,0.028082,0.12927,0.13895,0.08552,0.049778,0.026367,0.036318,0.015415,0.024559,0.021927,0.016945,0.0053216,0.00076528,0.0019922,0.00045398,0.0014163,0.0023908,0.0016919,0.0077575,0.010371,0.0064928,0.0040333,0.0044336,0.0018136,0.0016954,0.0017548,0.0017463,0.00086594,0.0084211,0.006265,0.0083813,0.0056788,0.011513,0.011169,0.014381,0.048218,0.057868,0.041048,0.0099443,0.013259,0.010101,0.0055185,0.008124,0.0052095,0.0070287
0.01075,0.0072678,0.008795,0.0087087,0.011443,0.013878,0.020122,0.031901,0.12618,0.056486,0.023255,0.018886,0.014017,0.012145,0.0093651,0.010613,0.0074388,0.010727,0.0010052,0.0015617,0.0022186,0.0025473,0.0029966,0.004373,0.0082945,0.037486,0.010155,0.0039862,0.0054399,0.0036362,0.0029323,0.0026944,0.0024668,0.0021134,0.0036316,0.0010295,0.001089,0.0012238,0.0017254,0.0025985,0.0029863,0.0089317,0.047203,0.01766,0.0041853,0.0069008,0.0047755,0.0039914,0.0036039,0.0034068,0.0037308,0.0051671,0.013126,0.013874,0.014796,0.017887,0.022598,0.030839,0.04797,0.27645,0.046191,0.17781,0.063309,0.041683,0.032559,0.028555,0.026052,0.027415,0.0041867,0.0012244,0.00068549,0.00056782,0.00079777,0.001288,0.0014157,0.0037347,0.0073986,0.0052997,0.017157,0.0042764,0.0031157,0.002284,0.0020247,0.0019938,0.0027561,0.0024395,0.0018745,0.001783,0.0020675,0.0026371,0.0033715,0.0030068,0.0097702,0.03765,0.018751,0.0058591,0.0022193,0.0014173,0.0015359,0.001139,0.0012699,0.00094414,0.02023,0.0070999,0.0081704,0.0086753,0.0096143,0.012567,0.018485,0.03742,0.16853,0.05625,0.085459,0.0085959,0.0031573,0.0019321,0.0034207,0.0015693,0.00093462,0.0082666,0.0009629,0.00029104,0.00035198,0.0007682,0.00064977,0.0011342,0.0010206,0.029651,0.0056024,0.0059556,0.0015654,0.00078183,0.00050837,0.00046394,0.000516,4.9599e-05,0.0018349,0.00064081,0.00074205,0.00071126,0.001022,0.0010208,0.0037585,0.0087264,0.069984,0.0020672,0.016806,0.0047541,0.0027792,0.0017725,0.0017413,0.001516,0.0010414,0.019505,0.0047506,0.0048122,0.0049357,0.0056875,0.0071093,0.012322,0.029186,0.24045,0.017672,0.0064185,0.0066824,0.004551,0.004668,0.0035048,0.0027354,0.0030899,0.008463,0.00073409,0.001223,0.00088711,0.0010643,0.001344,0.0027021,0.0043759,0.011805,0.0008993,0.0020597,0.0033591,0.0014918,0.0010646,0.00052253,0.00078388,0.0029774,0.0033436,0.0014481,0.0016039,0.0019486,0.0024597,0.0034498,0.006343,0.013719,0.082553,0.015696,0.0025654,0.0063377,0.0047087,0.0040718,0.0037649,0.0035189,0.0040188
0.0047455,0.0013646,0.0041659,0.0038336,0.0063232,0.010424,0.016796,0.042112,0.17807,0.055484,0.028453,0.01942,0.016311,0.01386,0.012527,0.010658,0.012432,0.0004959,0.002417,0.0024188,0.0031294,0.0039575,0.0042702,0.0055072,0.011416,0.013938,0.014985,0.010157,0.0057972,0.0042049,0.0034004,0.0030779,0.0029519,0.0026322,0.0081807,0.0037013,0.0042149,0.0041841,0.0048003,0.0063801,0.0082293,0.014852,0.0104,0.023042,0.0068737,0.0061743,0.0039623,0.0031937,0.0025017,0.0023979,0.0028973,6.4872e-05,0.0030165,0.0024862,0.0028503,0.0034948,0.0058502,0.010053,0.030196,0.28778,0.15792,0.12415,0.027224,0.011733,0.0076851,0.0071356,0.0042909,0.0036278,0.0072938,0.0017398,0.0016511,0.0015059,0.0015608,0.0020505,0.0025366,0.0027884,0.016141,0.007626,0.01405,0.0032947,0.0022893,0.0013112,0.0011995,0.000647,0.0030709,0.0021362,0.00051197,0.0003404,0.00062648,0.00083296,0.0003016,0.0025383,0.0063152,0.056494,0.01213,0.0098657,0.0026016,0.0009421,0.00042936,0.0004724,9.7244e-05,0.00059511,0.037922,0.0074275,0.0089097,0.0088958,0.011562,0.015239,0.024313,0.059773,0.15692,0.049866,0.053808,0.039674,0.024831,0.020605,0.018091,0.016452,0.019352,0.010685,0.0032248,0.0032293,0.0037531,0.0047524,0.0043723,0.0060758,0.011744,0.0087965,0.0075882,0.012963,0.0065871,0.0029291,0.0030845,0.0019251,0.0015609,0.0013237,0.0070363,0.0049112,0.0052207,0.0057431,0.0065397,0.0078199,0.01147,0.025402,0.038623,0.018247,0.018055,0.0092619,0.0059844,0.0045681,0.0038902,0.0038513,0.002924,0.024933,0.0066361,0.0090551,0.0093696,0.01054,0.014242,0.01961,0.046529,0.15626,0.065179,0.025623,0.013729,0.012062,0.010223,0.010622,0.0093079,0.015782,0.00066568,0.0014096,0.0013986,0.00062832,0.00055188,0.00073476,0.00079676,0.0020769,0.014358,0.0023122,0.0070562,0.0013967,0.00036436,0.00022694,0.00087718,0.00034095,0.0021038,0.00067903,0.0013926,0.0016867,0.0020347,0.0023812,0.003353,0.0052926,0.013176,0.093766,0.0118,0.0081869,0.0028971,0.0022547,0.002164,0.0022418,0.0021549,0.0014801
0.011357,0.013139,0.013109,0.014724,0.016935,0.021932,0.029719,0.065684,0.072128,0.056827,0.025667,0.018806,0.013851,0.012486,0.0098114,0.010979,0.0050507,0.008793,0.001049,0.0013662,0.0016099,0.0024146,0.002311,0.0043803,0.0084839,0.027343,0.010975,0.0095931,0.0039452,0.0025932,0.0024463,0.0020874,0.0019781,0.0018959,0.0032921,0.0006358,0.00058241,0.00085836,0.0011921,0.0009005,0.0041056,0.0046143,0.045371,0.011561,0.0044912,0.00349,0.0026984,0.0022136,0.0019818,0.001671,0.002533,0.012856,0.01611,0.019009,0.01797,0.021894,0.02506,0.034626,0.064934,0.2621,0.012614,0.17364,0.024985,0.012327,0.0085275,0.0048211,0.0034253,0.0026627,9.7267e-05,0.00050939,0.00077328,0.001823,0.0012011,0.0020474,0.0017352,0.0042999,0.0089755,0.0010103,0.018189,0.0039649,0.0033249,0.002283,0.0018058,0.0022655,0.0011807,0.00041582,0.00096189,0.0010467,0.0011808,0.0019101,0.001722,0.0057231,0.010189,0.043869,0.011177,0.012181,0.0033213,0.0031071,0.0026566,0.0025074,0.002343,0.0021134,0.016056,0.016618,0.017188,0.019955,0.021069,0.026583,0.035436,0.072546,0.10463,0.037347,0.068126,0.031063,0.017093,0.012553,0.0094925,0.0081006,0.0093118,0.006239,0.00051605,0.00033105,0.00042272,0.00027016,0.0028724,0.00083286,0.0046651,0.029922,0.0043373,0.016576,0.0056558,0.0034003,0.0024611,0.0019807,0.001831,0.0017109,0.0050336,0.0039428,0.0037759,0.0041463,0.0047739,0.005976,0.0084562,0.018461,0.065061,0.0082276,0.017213,0.0067134,0.0032214,0.0026742,0.001687,0.0017152,0.0009327,0.020911,0.010142,0.010502,0.010521,0.012754,0.015239,0.019874,0.035707,0.18363,0.033119,0.022296,0.0052793,0.0040248,0.0028189,0.0026346,0.0017838,0.0027714,0.0055085,0.00033216,0.0006685,0.0010264,0.00063798,0.0010102,0.00019661,0.0025174,0.010957,0.0038485,0.0096547,0.0017109,0.00048692,0.00035018,0.00082886,0.00082415,0.0021553,0.00015831,0.0023267,0.0024754,0.0027389,0.0033915,0.0053298,0.008172,0.017863,0.083571,0.016513,0.0098276,0.0032029,0.0036842,0.0034429,0.0033786,0.0031992,0.0029889
0.0063134,0.0021682,0.0018165,0.0019026,0.0012297,0.0030244,0.0062821,0.024349,0.26122,0.013684,0.0057396,0.0033428,0.002393,0.0021159,0.0022264,0.0030202,0.00046919,0.0046216,0.0011198,0.0012466,0.00075553,0.0010823,0.002487,0.0027936,0.0066102,0.044668,0.011461,0.0066831,0.0010728,0.001239,0.0013928,0.0011038,0.0012194,0.0011425,0.004097,0.00052333,0.00064132,0.0011337,0.0017015,0.0024192,0.0050966,0.012706,0.036639,0.019542,0.017345,0.0053612,0.0046269,0.0040547,0.0038704,0.0035193,0.0040627,0.014645,0.021884,0.023728,0.023061,0.025803,0.031951,0.042496,0.078532,0.15884,0.041103,0.17725,0.026276,0.01797,0.0083892,0.0066049,0.0051387,0.0015564,0.0082265,0.0014006,0.0008357,0.00090872,0.00095415,0.00080497,0.00058388,0.0034556,0.013813,0.0022547,0.019206,0.0014523,0.0015445,0.0011388,0.0010092,0.0011768,0.0014401,0.0011006,0.0014566,0.001456,0.0016023,0.0021729,0.0030046,0.0036941,0.010488,0.051588,0.011908,0.008049,0.0007981,0.0013204,0.0010692,0.001266,0.001102,0.0011158,0.032843,0.0051585,0.0047727,0.0066519,0.0077201,0.010463,0.013261,0.034688,0.25005,0.0099922,0.074125,0.022099,0.011066,0.0065407,0.0093569,0.0038728,0.006899,0.014485,0.0020762,0.0014584,0.0023319,0.0023106,0.0029741,0.0044285,0.0085657,0.017652,0.0074876,0.011258,0.0055493,0.0038861,0.0028426,0.0023572,0.0021036,0.0029793,0.004427,0.00065297,0.0011139,0.0017889,0.0029864,0.0042536,0.0073607,0.021509,0.056152,0.019929,0.024258,0.0040225,0.0037827,0.003883,0.0037051,0.0037094,0.0032177,0.013533,0.0059058,0.0063319,0.0076562,0.0093286,0.011849,0.018992,0.033959,0.20542,0.029668,0.024157,0.015632,0.011381,0.0088268,0.0092197,0.0093696,0.0080129,0.0027275,0.0012603,0.00065783,0.0013012,0.0010132,0.0010083,0.0018043,0.0033381,0.015468,0.001308,0.0030192,0.002941,0.0014968,0.0012759,0.0009567,0.0019142,0.0017167,0.0020466,0.0040675,0.0043779,0.0046228,0.0053816,0.0065636,0.0097449,0.019472,0.088458,0.010068,0.0032596,0.004746,0.0028011,0.0021963,0.0015445,0.0013117,0.00078013
0.015457,0.017469,0.018908,0.019933,0.023349,0.028722,0.036983,0.073975,0.089818,0.071637,0.026228,0.015284,0.0094171,0.0070723,0.0050238,0.0049984,0.0032273,0.0020523,0.0034085,0.0027267,0.0028833,0.0011416,0.0032281,0.0057003,0.0097095,0.028716,0.01429,0.0083803,0.0022235,0.0016663,0.0014338,0.0011278,0.0010419,0.0010452,0.003109,0.0017625,0.0017631,0.0019706,0.0020141,0.0022811,0.0044478,0.0062468,0.046987,0.015907,0.0019007,0.0028282,0.0019372,0.0012582,0.0011851,0.0010572,0.00089265,0.0072271,0.0074539,0.0045183,0.0083755,0.010593,0.015614,0.02354,0.058354,0.25906,0.048553,0.16696,0.02637,0.021856,0.015673,0.014897,0.01393,0.011385,0.0079309,0.00065528,0.0011055,0.0017519,0.0011172,0.0016241,0.0023256,0.0049605,0.0074739,0.0027557,0.016952,0.003782,0.0021753,0.0023035,0.0023361,0.0017799,4.5765e-05,0.0030232,0.0027317,0.0024268,0.0027932,0.0026607,0.0040225,0.0076639,0.016682,0.040377,0.014003,0.018575,0.0061327,0.0044252,0.0037825,0.0035194,0.0031934,0.0039807,0.053336,0.019492,0.018302,0.020595,0.024285,0.02864,0.040144,0.078917,0.097526,0.036005,0.052871,0.045279,0.022296,0.016546,0.013962,0.012457,0.0091001,0.013582,0.0018635,0.00085036,0.0010512,0.0010144,0.001588,0.00064446,0.0036544,0.030649,0.0039941,0.012667,0.0071349,0.0038389,0.0032639,0.0025487,0.0024644,0.0017643,0.00020028,0.0031182,0.0036517,0.0041303,0.0041894,0.0057993,0.0093387,0.021023,0.06655,0.0097081,0.019742,0.0055164,0.0025164,0.0018257,0.0011448,0.00084499,0.001524,0.0085107,0.0067311,0.0078217,0.0087749,0.010087,0.013938,0.018879,0.034851,0.17212,0.035967,0.029411,0.0079581,0.0070279,0.0065159,0.0055715,0.0051832,0.0028038,0.0026723,0.0023848,0.0014207,0.00085427,0.00058877,0.00064252,0.00072001,0.0029895,0.012782,0.0045163,0.0072884,0.0021434,0.0010492,0.0011057,0.0011689,0.00076773,0.002554,0.00077058,0.002162,0.0027309,0.0031082,0.0046104,0.0057771,0.0091057,0.023746,0.083337,0.020374,0.015188,0.0057536,0.0055139,0.0048835,0.0047749,0.0045445,0.0037461
0.010063,0.0054966,0.0057929,0.0074312,0.0091252,0.010748,0.01636,0.041302,0.22466,0.033225,0.015845,0.0065779,0.0049795,0.0038607,0.0034029,0.0029916,0.0053216,0.0051823,0.0024188,0.0026331,0.0028656,0.0027218,0.0048354,0.0056013,0.011028,0.026385,0.014564,0.0085784,0.00058346,0.0008644,0.0011273,0.00065268,0.00066863,0.00047492,0.0040837,0.0030851,0.0031481,0.0035249,0.0043088,0.0056002,0.0070721,0.017855,0.010864,0.021858,0.017596,0.0052412,0.0045146,0.003745,0.0032767,0.0027742,0.002348,0.00068091,0.0052396,0.0037041,0.0088751,0.01073,0.014942,0.025047,0.045082,0.24198,0.052271,0.18984,0.041429,0.030817,0.025633,0.021256,0.019276,0.023196,0.014124,0.0010997,0.00026956,0.00019157,0.00060131,0.00070014,0.00043927,0.0010569,0.014317,0.0020282,0.018181,0.0013708,0.0015028,0.00056128,0.0012421,0.00074029,0.0023785,0.0014115,0.00097399,0.00089661,0.00091237,0.0012118,0.0024275,0.0013394,0.0047972,0.056457,0.0059514,0.01237,0.0029768,0.0012905,0.00099084,0.00052747,0.00061398,7.2479e-05,0.021162,0.014209,0.0073977,0.007209,0.020623,0.032049,0.032741,0.03198,0.16995,0.080933,0.037862,0.059564,0.025922,0.006843,0.0047826,0.01204,0.014826,0.021059,0.00022874,0.00074709,0.00089525,0.0014366,0.0017895,0.0028692,0.0042318,0.014138,0.01468,0.0043685,0.016745,0.0086128,0.0034373,0.0017299,0.0036172,0.0051022,0.0044633,0.0015202,0.0019861,0.0021306,0.003323,0.0063025,0.0062711,0.013927,0.047887,0.0244,0.0056597,0.017335,0.0078588,0.0057805,0.0053897,0.0052751,0.0048981,0.010172,0.0070558,0.0078604,0.007594,0.0098957,0.012499,0.019416,0.031677,0.16858,0.042123,0.026497,0.014193,0.011059,0.0098395,0.007263,0.0083406,0.0040227,0.010155,0.00055884,0.00052751,0.00041315,0.00034333,0.00037369,0.0011681,0.0019622,0.014871,0.002804,0.0048728,0.0036604,0.0016294,0.00072442,0.00075015,0.00074003,0.0028916,0.0053388,0.0011386,0.00153,0.0017242,0.0021941,0.0023133,0.0060962,0.011233,0.09242,0.0048915,0.0071132,0.0061723,0.0040703,0.0034627,0.0030306,0.0029926,0.0034047
0.010653,0.011643,0.011487,0.013507,0.015294,0.019375,0.025285,0.051204,0.13228,0.055567,0.023165,0.013583,0.010954,0.0082496,0.0080877,0.0092,0.0029355,0.0019245,0.0027272,0.0014416,0.0016024,0.0020209,0.0021367,0.0039959,0.0077318,0.039702,0.010107,0.0086018,0.0011014,0.0012591,0.0010826,0.00082577,0.00095792,0.00073053,0.00028229,0.00086428,0.0009741,0.0011105,0.0013409,0.00086149,0.0037473,0.0046556,0.051135,0.012628,0.0042003,0.0013549,0.00068415,0.00069967,0.00063365,0.00053738,0.001133,0.0099832,0.014002,0.013382,0.015576,0.018089,0.021876,0.028708,0.059984,0.21392,0.070405,0.15857,0.028067,0.018804,0.014073,0.01193,0.011034,0.0079118,0.010544,0.00154,0.0014068,0.0018461,0.0024444,0.0020922,0.0033696,0.0052534,0.0045899,0.0030388,0.014145,0.0042931,0.0016927,0.0011385,0.0010403,0.001307,0.00090791,0.0025368,0.0026459,0.0030023,0.0030934,0.0034633,0.0036535,0.0069857,0.013643,0.036166,0.0080395,0.015721,0.0033429,0.0017961,0.0013018,0.0010983,0.00081081,0.00021746,0.0369,0.0020695,0.0031389,0.0064726,0.0086071,0.012768,0.019958,0.046612,0.17634,0.035554,0.054851,0.046441,0.026328,0.022332,0.018235,0.018363,0.018673,0.015932,0.0013152,0.0012023,0.00084795,0.0011414,0.0028781,0.0006994,0.0028496,0.032222,0.00094507,0.0087343,0.0043912,0.0017048,0.0015915,0.0012423,0.00091042,0.0013981,0.0013638,0.0017493,0.001787,0.002226,0.0026537,0.003697,0.0046798,0.012965,0.072711,0.0033571,0.013813,0.008541,0.0044841,0.003821,0.0032839,0.0028281,0.003481,0.0096818,0.010941,0.020645,0.030075,0.038691,0.047465,0.055058,0.067006,0.20946,0.026961,0.028429,0.037743,0.032287,0.02554,0.017895,0.0092488,0.0017243,0.0060559,0.00050603,0.001644,0.001902,0.0029232,0.0035895,0.003502,0.0051009,0.010864,0.0017258,0.0044331,0.003892,0.0025413,0.0014393,0.00058315,4.595e-05,0.0021534,0.0057603,0.004345,0.0065962,0.0092781,0.012413,0.016253,0.019682,0.030802,0.068271,0.0055109,0.01234,0.015225,0.012424,0.0098012,0.0069487,0.0033572,0.00038528
0.0018216,0.0016221,0.00098688,0.0026796,0.0037339,0.0059147,0.0078033,0.022035,0.27617,0.021428,0.01018,0.0031416,0.0029878,0.0041729,0.003737,0.004813,0.0043812,0.0049611,0.0016098,0.0014335,0.0020045,0.0027765,0.0035681,0.0039369,0.0080042,0.044321,0.011688,0.005363,0.00056706,0.00045335,0.00032823,0.00018082,0.0002502,0.00013543,0.0067483,0.0033155,0.0034079,0.0033439,0.0030501,0.0033293,0.0047759,0.012887,0.033462,0.013614,0.011567,0.0037966,0.0025528,0.0018488,0.001328,0.0012325,0.00062561,0.033824,0.019778,0.02049,0.040968,0.028773,0.02683,0.079386,0.12523,0.17055,0.06755,0.10726,0.078652,0.065154,0.029964,0.034787,0.03667,0.02302,0.0039292,0.00058065,0.0021766,0.001801,0.0017372,0.0030053,0.0049934,0.0063415,0.011996,0.0085661,0.011425,0.0073415,0.0057816,0.0035584,0.0028648,0.0044937,0.0048142,0.001442,0.0019477,0.0010557,0.0025469,0.0053462,0.0020625,0.012034,0.028214,0.034919,0.032662,0.0097777,0.0068482,0.0044275,0.0069683,0.0035109,0.0031902,0.0060388,0.031569,0.0003798,0.00088701,0.0049352,0.0070876,0.01064,0.015462,0.03799,0.24644,0.02112,0.061226,0.038225,0.020675,0.017265,0.015182,0.014147,0.013491,0.0078374,0.002334,0.0023468,0.0033972,0.0046523,0.0048977,0.0057603,0.010858,0.011315,0.0052359,0.0076436,0.0066631,0.0032461,0.00090288,0.00062837,0.0008263,0.0002308,0.005848,0.0036019,0.0037655,0.0037499,0.0038419,0.0042514,0.0077945,0.02099,0.048428,0.020043,0.024117,0.0021242,0.0012882,0.0019135,0.0017297,0.0016042,0.00095367,0.014815,0.0022314,0.0017774,0.0027755,0.0055255,0.0079734,0.016648,0.032435,0.19734,0.036873,0.03058,0.014907,0.011459,0.010115,0.010311,0.0099111,0.01459,0.0023537,0.0013104,0.00030715,0.00086084,0.00099882,0.001225,0.0020646,0.0028079,0.017569,0.0020953,0.0021768,0.0042575,0.0025149,0.0018261,0.0017758,0.0016053,0.0010681,0.00033951,0.002103,0.0023076,0.0031234,0.0035927,0.0053113,0.0088154,0.017444,0.095576,0.011848,0.0040793,0.0068735,0.0051398,0.0041734,0.0036877,0.0035791,0.0029602
0.017208,0.017289,0.015554,0.019279,0.024343,0.029149,0.042091,0.089498,0.063933,0.068852,0.032306,0.022474,0.017943,0.015326,0.012879,0.01246,0.018471,0.0052815,0.0041841,0.0037233,0.0020445,0.0050478,0.0046376,0.0068632,0.016324,0.026846,0.0098217,0.0070812,0.0029521,0.0022091,0.0013909,0.00077647,0.00099817,0.00060082,0.0050279,0.0022606,0.0017569,0.0035449,0.0043014,0.0024135,0.0073446,0.013387,0.048385,0.011437,0.0067999,0.0032958,0.0020627,0.0016783,0.0015652,0.00088632,0.0022469,0.014761,0.010656,0.0076112,0.013965,0.017389,0.02665,0.04319,0.093676,0.23292,0.042971,0.18687,0.069177,0.051625,0.042241,0.038151,0.037263,0.037291,0.00068856,0.0033416,0.00057733,0.00063817,0.0040974,0.0025204,0.0030265,0.0065948,0.0078663,0.0031367,0.016586,0.0072032,0.0051274,0.0036211,0.0036736,0.0033455,0.00014687,0.0025978,0.0029376,0.0022905,0.0035686,0.0041939,0.0032617,0.0093332,0.022274,0.045289,0.02228,0.008363,0.0022623,0.0027057,0.0027926,0.0024482,0.0020816,0.0030175,0.038754,0.0097018,0.0088923,0.011435,0.017331,0.021713,0.034753,0.086803,0.087793,0.053442,0.085615,0.037192,0.024583,0.022559,0.01902,0.018769,0.018345,0.0050374,0.0025524,0.002529,7.0187e-05,0.0029446,0.0038036,0.0038808,0.009742,0.030813,0.0044278,0.027511,0.004169,0.0013297,0.00061044,0.00055642,0.00030109,0.00095942,0.0053063,0.0030754,0.0028891,0.0050271,0.0058907,0.0066841,0.014595,0.032206,0.072325,0.01187,0.0086785,0.012639,0.0088624,0.0078582,0.0067649,0.0065662,0.0058747,0.0041485,0.0078828,0.010189,0.010537,0.011517,0.01611,0.022952,0.058179,0.11999,0.044215,0.016609,0.014377,0.0098293,0.0097234,0.0085321,0.0083783,0.0067045,0.0060121,0.00096064,0.0015749,0.0013407,0.0041599,0.0021933,0.0030735,0.0080141,0.010178,0.0054379,0.00865,0.0036665,0.0017515,0.0011071,0.0018387,0.0016806,0.00048449,0.0022068,0.0057577,0.0052415,0.0068591,0.0087078,0.009307,0.017596,0.039529,0.077856,0.026836,0.011025,0.0089943,0.0070498,0.0058478,0.0056286,0.0053132,0.0052815
0.010748,0.0060585,0.0065797,0.0076743,0.01282,0.018805,0.034492,0.10689,0.31722,0.043322,0.036472,0.023821,0.020443,0.017693,0.016467,0.016308,0.013418,0.011353,0.0020767,0.002357,0.00096291,0.0033838,0.0047471,0.0036612,0.014434,0.049547,0.0032003,0.0090784,0.0014684,0.0017158,0.0015053,0.0010734,0.0013798,0.0017205,0.00068665,0.0025345,0.0029781,0.0035207,0.0033948,0.0057145,0.0068393,0.026327,0.053067,0.0097968,0.0051284,0.0025016,0.0024047,0.0021371,0.0016701,0.0017466,0.0014725,0.017643,0.018756,0.015884,0.022464,0.024237,0.03128,0.04568,0.11824,0.12271,0.088288,0.16744,0.057435,0.040966,0.033673,0.029029,0.028048,0.026303,0.0030671,0.0028634,0.0011043,0.0018205,0.0037986,0.003881,0.0036756,0.01091,0.012154,0.0068586,0.011948,0.0045838,0.0028943,0.0018838,0.001756,0.00090424,0.0027962,0.0038758,0.0025532,0.0037187,0.0039478,0.0036953,0.0054974,0.0074493,0.028765,0.049119,0.017507,0.0094481,0.00081462,0.0013296,0.0010878,0.00097822,0.00055667,0.0012017,0.034644,0.0044902,0.0040636,0.006728,0.0082363,0.014337,0.025193,0.082872,0.2338,0.037427,0.092731,0.017144,0.015349,0.014417,0.010038,0.01344,0.010794,0.0029793,0.0027659,0.0023174,0.0018001,0.0036794,0.0044838,0.0064651,0.015413,0.013852,0.0023548,0.0064077,0.003515,0.0030263,0.0027385,0.0023622,0.0027439,0.0023385,0.0049191,0.0055831,0.0059304,0.0061693,0.00754,0.010042,0.014986,0.048506,0.057904,0.016621,0.030721,0.0069322,0.0051367,0.0051127,0.0044821,0.0041367,0.0040493,0.0042726,0.0037229,0.0029426,0.0032738,0.0067434,0.01019,0.018936,0.033643,0.077262,0.025013,0.029844,0.014611,0.012171,0.0098209,0.0098902,0.011059,0.0077134,0.0060864,0.0007961,0.00043077,0.001322,0.0026423,0.002401,0.0022283,0.0079902,0.018797,0.0029071,0.0049368,0.0018983,0.0014727,0.00077471,0.00092445,0.0010397,0.00089839,0.0091878,0.0066613,0.0071028,0.0075662,0.0089382,0.011432,0.014354,0.046929,0.082782,0.018993,0.0039534,0.0049461,0.0038663,0.0030382,0.0025403,0.0020843,0.0022297
0.01606,0.016639,0.016316,0.019351,0.022373,0.030402,0.046215,0.09998,0.089675,0.053566,0.033156,0.024343,0.018204,0.015216,0.014679,0.012909,0.0097772,0.0068246,0.00082733,0.00060424,0.0010859,0.0027839,0.0028635,0.0051553,0.012665,0.015074,0.0068227,0.0059875,0.0049872,0.0043149,0.0033179,0.0030889,0.002709,0.0028001,0.0041161,0.0021622,0.0021008,0.0023661,0.0026788,0.0037551,0.0047967,0.01129,0.03584,0.010383,0.0053005,0.0033497,0.0022566,0.0027268,0.0020469,0.0017857,0.002369,0.016278,0.019445,0.021962,0.021369,0.025824,0.029278,0.040555,0.079797,0.258,0.10585,0.14331,0.042582,0.023624,0.015886,0.012778,0.01048,0.0078927,9.5367e-05,0.0010823,0.0017127,0.0035721,0.0017642,0.0025824,0.0030985,0.0042656,0.012622,0.009223,0.014107,0.0029578,0.0016038,0.0012026,0.00070241,0.00081464,0.0016747,0.00017738,0.00056259,0.00084003,0.00088962,0.0017588,0.0019532,0.0056898,0.022663,0.049862,0.020603,0.003586,0.0027688,0.0024862,0.0024274,0.002196,0.0020536,0.0024777,0.021511,0.010667,0.011467,0.012465,0.016032,0.02105,0.031377,0.080522,0.057358,0.037894,0.086704,0.020414,0.0172,0.014278,0.012947,0.012093,0.01202,0.0054036,0.0027077,0.0029003,0.0023767,0.003009,0.003554,0.0044668,0.010897,0.027052,0.0014338,0.022098,0.002736,0.0018649,0.00075403,0.00052421,0.00026251,6.6765e-05,0.0092451,0.0061892,0.0069027,0.0077176,0.0085138,0.010593,0.014989,0.034663,0.057334,0.010494,0.012726,0.0053031,0.0029528,0.0025993,0.0015744,0.0011704,0.00021934,0.023056,0.01154,0.013646,0.01414,0.015113,0.019572,0.027069,0.077593,0.1605,0.034608,0.008214,0.0075626,0.0061858,0.0030493,0.0019622,0.0028594,0.00041199,0.0042763,0.00036956,0.00088506,0.0021877,0.00060226,0.0014379,0.0019925,0.0051507,0.0085251,0.0036366,0.0079496,0.0018961,0.0019891,0.0017466,0.0016217,0.0018925,0.001442,0.0029755,0.0008532,0.0015611,0.0022162,0.0034936,0.0063955,0.010904,0.033859,0.079647,0.0252,0.013473,0.0073996,0.0069115,0.0060717,0.0057092,0.0053539,0.0060883
0.0064622,0.010965,0.011167,0.012071,0.014116,0.018201,0.029873,0.071896,0.25092,0.038527,0.017795,0.016361,0.013443,0.0099026,0.010041,0.010001,0.0052949,0.0045491,0.00095529,0.00084679,0.0012866,0.0014111,0.0025279,0.0024826,0.0070812,0.052246,0.0025555,0.0081177,0.0013399,0.00054728,0.00070552,0.0004823,0.00052462,0.00011635,0.0033913,0.00024579,0.0003088,0.00024331,0.00062496,0.00065045,0.0025797,0.008963,0.060498,0.0068701,0.0059755,0.00071316,0.00038723,0.00059703,0.00048823,0.00060552,0.0005417,0.0078584,0.0038035,0.0063788,0.0058128,0.0066794,0.0090649,0.016735,0.042416,0.16561,0.15324,0.1144,0.02562,0.009587,0.0048114,0.0033743,0.0032867,0.00047683,0.0070745,0.0011772,0.0008477,0.00089821,0.00051375,0.00050525,0.0012876,0.0012977,0.013699,0.012078,0.0078669,0.0029249,0.0017995,0.0013438,0.00064848,0.00034828,0.0016804,0.0039616,0.00412,0.0042898,0.0047824,0.0052117,0.0066701,0.0081983,0.011992,0.039388,0.012113,0.016364,0.0044174,0.0025535,0.0018671,0.0013209,0.0009572,0.00047875,0.04052,0.010989,0.0096529,0.01213,0.014201,0.019425,0.023551,0.05957,0.23977,0.032618,0.10847,0.0053925,0.0051864,0.0027385,0.0053342,0.0025549,0.0017548,0.01346,0.0021357,0.0022733,0.0026307,0.0030797,0.0039768,0.0033139,0.010149,0.025632,0.0042796,0.018348,0.0045406,0.0021833,0.0023001,0.0016128,0.0012236,0.0012226,0.00032234,0.0033238,0.0035468,0.0041519,0.0050159,0.0071806,0.0097744,0.025856,0.076885,0.011792,0.025635,0.005553,0.0049881,0.0037838,0.0034771,0.0034997,0.0039006,0.012402,0.0047152,0.0038519,0.0051911,0.0067325,0.0094092,0.016005,0.041594,0.20594,0.033461,0.011834,0.0096792,0.0079923,0.0056744,0.0074911,0.0082615,0.0046273,0.0028782,0.0010746,0.0018853,0.0011454,0.0010503,0.0014302,0.0021828,0.0041129,0.016255,0.00059445,0.0058299,0.0018504,0.00082973,0.00054609,0.0014761,0.0016998,0.00011634,0.0031071,0.0054809,0.0056238,0.0062344,0.0073222,0.0091635,0.012054,0.021928,0.081304,0.013961,0.0031542,0.0050829,0.0029295,0.002266,0.0016287,0.00098746,0.00049402
0.0084974,0.0026867,0.0040522,0.00648,0.010778,0.015519,0.026342,0.070576,0.19439,0.057636,0.036261,0.023358,0.020177,0.017985,0.016253,0.017027,0.0083257,0.005087,0.0029747,0.0038246,0.0022455,0.0041399,0.004126,0.0081347,0.013893,0.013804,0.012323,0.0078226,0.0036309,0.0023959,0.0019962,0.001924,0.0016402,0.0021038,0.0029946,0.0042575,0.0045275,0.0052941,0.0057913,0.0069704,0.0097472,0.018294,0.019505,0.0073697,0.0090527,0.0052056,0.0028818,0.0019567,0.0012517,0.0012095,0.00032808,0.0075761,0.011112,0.0083026,0.0097238,0.012546,0.014231,0.019643,0.038371,0.3412,0.12243,0.13193,0.04493,0.026272,0.020376,0.016857,0.015561,0.015328,0.0075856,0.0014533,0.00069771,0.001502,0.00069025,0.00081818,0.0014192,0.0013514,0.01629,0.012198,0.011134,0.0021144,0.00080392,0.00070061,0.00044477,0.00081513,0.0046712,0.00020981,0.0011253,0.0016402,0.0011701,0.0023275,0.0024871,0.0060482,0.014391,0.05417,0.0051649,0.013037,0.0070995,0.0056222,0.0045213,0.004163,0.0039548,0.0025711,0.020119,0.010861,0.013321,0.0088923,0.023021,0.0075687,0.042119,0.032328,0.10654,0.040949,0.014649,0.076827,0.024855,0.028477,0.024281,0.019107,0.023617,0.015522,0.00096106,0.0021822,0.00096451,0.0019628,0.0030365,0.0025579,0.0066483,0.020267,0.0025161,0.0025783,0.010208,0.0038736,0.0023646,0.0022738,0.0012115,0.0019226,0.0061284,0.0064343,0.0027636,0.0058262,0.0051984,0.0058638,0.014958,0.007073,0.048957,0.015195,0.0076857,0.013872,0.001184,0.0047001,0.0012718,0.0026906,0.0020275,0.0089342,0.014583,0.0080657,0.01701,0.011167,0.029341,0.020845,0.099588,0.038652,0.070736,0.027199,0.03147,0.0090789,0.020604,0.0075577,0.018955,0.0062715,0.00074579,0.0015907,0.0013565,0.0022721,0.0010799,0.0026668,0.001316,0.0098163,0.0077759,0.0064808,0.0054595,0.0056139,0.00056064,0.0024174,0.00023046,0.0020058,0.001173,0.0047074,0.0090468,0.0012379,0.010889,0.0015202,0.017574,0.0037175,0.066082,0.046739,0.036565,0.0068469,0.022417,0.0012867,0.014473,0.0014619,0.012463,0.00079728
0.0045758,0.0060685,0.0061955,0.0087267,0.0080808,0.011411,0.01787,0.031402,0.17088,0.047475,0.018349,0.01503,0.011949,0.010674,0.0089571,0.010423,0.0086271,0.0050412,0.0010116,0.0013729,0.00091634,0.0020585,0.0021882,0.0021649,0.0042242,0.046892,0.0076187,0.0067403,0.0032275,0.0024669,0.00204,0.0020356,0.0020856,0.0012798,0.0021611,0.00055093,0.00061348,0.00043034,0.001735,0.002296,0.0022653,0.00327,0.053796,0.013297,0.0074408,0.0027775,0.0019265,0.0018413,0.0017907,0.0015718,0.0023442,0.026066,0.025548,0.024357,0.027031,0.030375,0.035951,0.045874,0.070645,0.14057,0.088449,0.14814,0.04751,0.029828,0.02114,0.015775,0.014079,0.012078,0.0054418,0.0022912,0.0017449,0.0055292,0.0012959,0.0021623,0.0035905,0.0036247,0.0028917,0.0081071,0.012253,0.0038937,0.0015853,0.0016499,0.0011804,0.0014444,8.9653e-05,0.00010109,0.001027,0.0014046,0.0007054,0.001128,0.0020071,0.0044146,0.0044408,0.03607,0.013614,0.0087824,0.0025282,0.0012756,0.00086264,0.0010101,0.00089493,0.00084879,0.038098,0.0034053,0.0042122,0.0044866,0.006816,0.010033,0.0099259,0.023627,0.22407,0.04387,0.09771,0.016179,0.0083688,0.0073468,0.0085226,0.0046053,0.0065843,0.0092088,0.00036328,0.00051662,0.0017625,0.00052568,0.001079,0.0021903,0.0027102,0.033549,0.0019087,0.017579,0.0039066,0.0026193,0.00049806,0.00082251,0.00082739,0.0010986,0.0022602,0.0010808,0.0014247,0.0024639,0.0014265,0.0023192,0.0032097,0.0054063,0.075056,0.0033004,0.016592,0.0035986,0.0019352,0.00084638,0.00064965,0.00049715,0.0011768,0.012634,0.0023583,0.00052184,0.0037298,0.0013005,0.0030896,0.0053385,0.016941,0.28211,0.030913,0.010298,0.0072984,0.0060662,0.0057502,0.0045334,0.0040175,0.007454,0.0022145,0.00072696,0.00043884,0.0039246,0.00066417,0.00075242,0.0008504,0.0010738,0.011912,0.0021466,0.0076597,0.0015958,0.00047882,0.00038207,0.00039016,0.00099442,0.0039273,0.0047074,0.0010204,0.0013259,0.0015356,0.0014488,0.0028222,0.0041384,0.0063418,0.078703,0.011481,0.0023401,0.0046644,0.0029351,0.0025914,0.0022632,0.0022286,0.0025788
0.0021305,0.0046445,0.003892,0.0052645,0.0062944,0.0078792,0.011513,0.017607,0.21657,0.039447,0.020953,0.0092837,0.0064618,0.0063069,0.0043761,0.0029435,0.009802,0.0043145,0.0018231,0.0016428,0.0023468,0.0012339,0.0027356,0.0034368,0.0069195,0.038133,0.011202,0.011643,0.002687,0.002175,0.0019577,0.0014714,0.0016668,0.0019036,0.0034542,0.0026018,0.0029001,0.0029029,0.0035478,0.004006,0.0063781,0.0080292,0.024561,0.020866,0.0092916,0.0022151,0.0017683,0.0015407,0.0012345,0.00087482,0.001173,0.015719,0.019189,0.017459,0.025461,0.030221,0.022187,0.052332,0.12842,0.21985,0.20135,0.11497,0.049015,0.042362,0.042237,0.024245,0.027211,0.036357,0.004139,0.0011021,0.00072007,0.0016586,0.00099273,0.0010251,0.0032865,0.004655,0.013679,0.014021,0.0067675,0.0039728,0.0030155,0.0025956,0.0031136,0.0018441,0.0014763,0.002678,0.0031148,0.0022967,0.0048577,0.0051823,0.0020265,0.0090372,0.019404,0.033007,0.028401,0.0073999,0.0051272,0.00087494,0.0028526,0.0015747,0.0012212,0.0021553,0.027138,0.0041592,0.0026246,0.0051215,0.0056489,0.0081758,0.010196,0.022161,0.22626,0.018938,0.074153,0.024106,0.014885,0.012364,0.006673,0.0097139,0.0054093,0.0081769,0.0015793,0.0016368,0.0020751,0.0016111,0.0031205,0.0032575,0.0044279,0.012428,0.0045018,0.014527,0.0071281,0.0040952,0.0023459,0.0024173,0.0019962,0.0014172,0.0067445,0.001544,0.0017932,0.0017464,0.0022826,0.0028551,0.0039888,0.0088941,0.042625,0.013095,0.027033,0.00077864,0.0010976,0.0016477,0.0015358,0.0015401,0.001442,0.014981,0.0010283,0.00167,0.001733,0.0023598,0.0029863,0.0053137,0.0098937,0.27405,0.027488,0.019038,0.003706,0.0035333,0.0035368,0.0041961,0.0032085,0.0025482,0.0047036,0.00016838,0.00041792,0.0019885,0.00033572,0.00012889,0.00041935,0.00013379,0.014597,0.0033444,0.0062667,0.0017032,0.00043896,0.00018079,0.00026077,0.00064969,0.0038338,0.0058194,0.0011263,0.0011047,0.0010485,0.0014235,0.0013452,0.0018029,0.002659,0.088138,0.0036128,0.0046315,0.0025212,0.0013022,0.0010005,0.00043329,0.00055367,0.00065805
0.006508,0.0058203,0.0060332,0.007238,0.0077058,0.010378,0.013743,0.024241,0.029478,0.052993,0.023909,0.011258,0.0086286,0.007388,0.0069989,0.0089082,0.0036889,0.0082704,0.0021688,0.0010592,0.0012109,0.002538,0.0021167,0.0027237,0.0046664,0.017924,0.013078,0.0096924,0.0023325,0.001701,0.0015818,0.0011851,0.0012966,0.0013276,0.00072481,0.0014368,0.0018101,0.0016676,0.0017487,0.0026459,0.0050255,0.0048653,0.036476,0.021431,0.0090192,0.0025979,0.002124,0.0020885,0.0016053,0.0014378,0.0018769,0.0037003,0.0081094,0.0086896,0.0087315,0.009771,0.010396,0.012791,0.01846,0.33557,0.25104,0.072156,0.023017,0.011638,0.0062515,0.0038427,0.0026707,0.0014916,0.0017987,0.0014222,0.0017251,0.0015202,0.0013353,0.0018292,0.0017047,0.0042511,0.0081665,0.013189,0.0059435,0.0032965,0.0018704,0.0017229,0.0012844,0.001207,0.00035288,0.0044156,0.002365,0.0022283,0.0029069,0.0031408,0.0033126,0.0035849,0.0070152,0.044405,0.012417,0.009709,0.0034022,0.0024307,0.0017,0.0014017,0.001096,0.0009823,0.018545,0.012635,0.013594,0.013469,0.015198,0.017833,0.027079,0.043344,0.092823,0.033787,0.062276,0.020726,0.011784,0.0084546,0.00484,0.0064495,0.0047894,0.0090467,0.0018534,0.0011363,0.0012291,0.0022488,0.0010928,0.00127,0.0021573,0.022374,0.0043376,0.0076449,0.0034694,0.0014866,0.0022463,0.0016127,0.0015498,0.0014591,0.0044747,0.00057123,0.0006723,0.00077428,0.0005554,0.0013838,0.0017377,0.0027943,0.048612,0.0094297,0.022317,0.00074477,0.0012503,0.00046004,0.00068772,0.00061959,2.6692e-05,0.012972,0.00081841,0.0012749,0.0015335,0.0019618,0.0046431,0.0059864,0.010037,0.25674,0.052724,0.0208,0.011147,0.0089855,0.0070026,0.0085391,0.0058855,0.0081464,0.0050698,0.00088765,0.00084868,0.00028846,0.00035058,0.00028758,0.0012314,0.00054432,0.011352,0.003392,0.0048251,0.0017018,0.0010117,0.0005105,0.00070936,0.00048761,0.0018921,0.0035668,0.0013438,0.0016438,0.0018054,0.0019745,0.0028654,0.0045272,0.0060028,0.080943,0.0059136,0.0084905,0.0017068,0.00078417,0.00048647,0.00029463,0.00023926,0.00061037
0.0069562,0.0016577,0.0028923,0.0025743,0.0053751,0.0069989,0.012642,0.024521,0.1587,0.06174,0.026198,0.016554,0.013101,0.01024,0.011254,0.0091414,0.01103,0.0095312,0.001226,0.00141,0.0011187,0.0022339,0.0014726,0.0020975,0.0062023,0.044146,0.01459,0.0083283,0.0049647,0.0035786,0.0031465,0.0029221,0.0029528,0.0024891,0.0014477,0.00058573,0.00070173,0.0011855,0.001406,0.0025296,0.0042231,0.0067992,0.03776,0.029088,0.012532,0.0056099,0.004823,0.004247,0.0036314,0.0034051,0.0033627,0.0051671,0.001537,0.0040356,0.0035662,0.0049408,0.0059222,0.0078007,0.012312,0.21213,0.26219,0.062758,0.025726,0.018258,0.015993,0.012334,0.010904,0.011938,0.002142,0.0014783,0.0011926,0.0015209,0.0012243,0.0014964,0.0025032,0.0020451,0.0084403,0.014462,0.0052727,0.0029785,0.0015595,0.0007028,0.00099141,0.00087048,0.0014019,0.0015106,1.5839e-05,5.8123e-05,0.00012865,0.00020294,0.00027586,0.0013453,0.0025909,0.025944,0.019424,0.0042035,0.002135,0.0012515,0.001034,0.00079485,0.00077192,0.00099566,0.033825,0.002233,0.001207,0.0019834,0.0023409,0.0051411,0.0049333,0.015362,0.24216,0.041222,0.096299,0.013433,0.0075405,0.0081805,0.011438,0.0076371,0.0035935,0.0037041,0.00099923,0.00027148,0.00062992,0.001528,0.0012922,0.0022983,0.0028053,0.029498,0.0081941,0.014644,0.0025985,0.0039015,0.0014036,0.0016923,0.001506,0.0016327,0.0033417,0.0002537,0.00082503,0.00078827,0.00077938,0.0018146,0.0020298,0.0033921,0.062605,0.0074508,0.019695,0.0037386,0.0023392,0.0025568,0.0018509,0.0020562,0.0029869,0.00090981,0.0085934,0.01182,0.011532,0.013016,0.015507,0.019801,0.035226,0.3833,0.066113,0.011471,0.012905,0.0079999,0.0066472,0.0060434,0.0059598,0.0028096,0.0086194,0.00059735,0.00071436,0.00031887,0.00095161,0.001114,0.001576,0.0019623,0.011791,0.0028532,0.0048168,0.0014571,0.00044946,0.0005528,0.00023343,0.00064302,0.0032063,0.0034657,0.00094781,0.00078894,0.00097851,0.001172,0.0014045,0.0020643,0.0029836,0.069357,0.012043,0.0054419,0.0013368,0.0012019,0.0010138,0.00075086,0.0007735,2.8614e-05
0.0083295,0.0034046,0.0046575,0.0061747,0.0065119,0.0089224,0.014918,0.025114,0.10565,0.058167,0.022252,0.016348,0.012734,0.010578,0.010287,0.009834,0.011065,0.010582,0.00099669,0.00070343,0.0006906,0.00054086,0.0012716,0.0022069,0.0051746,0.015753,0.014709,0.0075594,0.003765,0.0029206,0.002298,0.0021221,0.0017605,0.0022469,0.001936,0.00051895,0.00093537,0.0011963,0.0020071,0.0024732,0.004082,0.0070944,0.018169,0.020358,0.010596,0.0064119,0.0049451,0.0043925,0.0039038,0.0039232,0.0036107,0.025441,0.020796,0.023157,0.024156,0.027107,0.031755,0.040912,0.063161,0.33489,0.18335,0.074301,0.034366,0.022694,0.016394,0.014079,0.0102,0.0071946,0.0048695,0.00030108,0.00026302,0.00089371,0.00044923,0.000759,0.0010414,0.0020488,0.010564,0.017166,0.0055478,0.0019615,0.0017815,0.0010811,0.0011086,0.0013029,0.00040246,0.0035859,0.0022627,0.0023646,0.0023909,0.0029727,0.0033929,0.0041129,0.0065798,0.042261,0.033996,0.0064999,0.0020706,0.0011933,0.00096496,0.00044061,0.00033525,0.00073624,0.037457,0.0051875,0.0075645,0.0072967,0.0081996,0.009003,0.011339,0.019723,0.18514,0.046645,0.089868,0.012566,0.0065989,0.0056224,0.0026617,0.0062276,0.0043602,0.00041962,0.00082874,0.0011734,0.0013498,0.00040644,0.0016092,0.0033606,0.0035539,0.0074634,0.011949,0.014508,0.0030519,0.00030243,0.00049495,0.00038114,0.00025946,4.9591e-05,0.0038567,0.001032,0.00068768,0.00095682,0.0010437,0.0012485,0.0022165,0.0045236,0.025909,0.012472,0.023695,0.0041517,0.0029919,0.0019622,0.0018406,0.0016655,0.00095752,0.0071145,0.00050476,0.0014403,0.0037093,0.0053334,0.0081467,0.013823,0.033455,0.32298,0.05582,0.0082581,0.013909,0.012455,0.0099301,0.010059,0.0094939,0.003399,0.0097257,0.00093106,0.00023347,0.00075341,0.00056216,0.00082168,0.0013291,0.0023331,0.01265,0.0017203,0.0059467,0.0012557,0.0010759,0.00090721,0.0010135,0.0011764,0.0011959,0.0017929,0.0030654,0.0032723,0.0037679,0.0039296,0.0044913,0.0062153,0.010041,0.075278,0.026892,0.0063748,0.0027324,0.0018639,0.0013088,0.0008422,0.00058486,0.0004387
0.0022316,0.0059233,0.0035289,0.0040204,0.004929,0.0055236,0.0089235,0.013666,0.044837,0.062105,0.010612,0.0078319,0.0061355,0.0045018,0.0051464,0.0014465,0.0029603,0.010111,0.0011659,0.0021309,0.0028646,0.0015828,0.0023438,0.003552,0.0056422,0.021121,0.022729,0.0010103,0.0025535,0.0023022,0.002005,0.0014275,0.0016934,0.0012684,0.00013543,0.0011157,0.000768,0.00057541,0.001359,0.0030393,0.0045832,0.00741,0.018405,0.040226,0.0069245,0.0052803,0.0046366,0.0039508,0.0034851,0.0034118,0.0035878,0.00935,0.018114,0.019523,0.021311,0.02491,0.030855,0.043556,0.073271,0.3529,0.30007,0.076085,0.040527,0.030087,0.025578,0.020693,0.020691,0.018601,0.002203,0.0014615,0.00088131,0.00085272,0.0004084,0.00081725,0.00087422,0.0012268,0.0061193,0.019043,0.0051203,0.0014731,0.00057638,0.00045391,0.0012402,0.0003524,0.00058175,0.0032368,0.00089841,0.00075001,0.0016491,0.0022687,0.0020446,0.0025628,0.0068496,0.025279,0.011612,0.0037855,0.0039147,0.003388,0.0027952,0.002615,0.0023016,0.0022221,0.029519,0.0043127,0.0047696,0.0035684,0.0070452,0.009806,0.013697,0.017186,0.14172,0.0156,0.11484,0.029649,0.019983,0.01563,0.014238,0.012383,0.013447,0.0091421,0.0023662,0.0022292,0.0014115,0.0038033,0.0031046,0.0044064,0.0064828,0.020702,0.011133,0.028135,0.0069123,0.003504,0.0027924,0.0023274,0.0020692,0.0021687,0.0086137,0.0012527,0.00055987,0.00054109,0.0014359,0.0024037,0.0042015,0.0091976,0.039854,0.027339,0.015124,0.0027404,0.0029562,0.0026403,0.0022855,0.002316,0.0026093,0.028477,0.011449,0.010991,0.013705,0.017262,0.022928,0.033453,0.066698,0.35931,0.13416,0.04614,0.033517,0.025816,0.021899,0.019929,0.017647,0.023461,0.010447,0.00052636,0.0018068,0.0012315,0.0013911,0.0014349,0.0019314,0.0038529,0.014809,0.0013785,0.0091039,0.0018707,0.00099226,0.00070645,0.00026851,0.0014215,0.0024281,0.010845,0.0035645,0.0040519,0.0049059,0.005434,0.0061962,0.0075391,0.01425,0.048131,0.016914,0.0092686,0.0017393,0.00058286,0.00055873,0.0012457,0.0014795,0.0018807
0.005869,0.0059252,0.0097003,0.0086518,0.0088437,0.010346,0.01509,0.024424,0.077795,0.091,0.021197,0.012025,0.0083721,0.0072796,0.0075773,0.0045929,0.0047284,0.030257,0.0034422,0.0026891,0.0019396,0.0025413,0.0030643,0.002852,0.0052343,0.020881,0.028701,0.0077868,0.0044835,0.0030218,0.0030522,0.0023397,0.0028725,0.002348,0.0040913,0.0012783,0.0022168,0.0016407,0.0028365,0.0022089,0.0035794,0.0041538,0.010948,0.032616,0.0064876,0.0030209,0.0018501,0.0013719,0.0015949,0.00073689,0.00091364,0.01343,0.0091043,0.011533,0.014445,0.016925,0.023608,0.035664,0.068383,0.27449,0.40015,0.084067,0.052759,0.041266,0.035097,0.032086,0.029408,0.027777,0.01136,0.0036955,0.0024947,0.0017393,0.0021668,0.0016646,0.002168,0.0037299,0.0080247,0.020872,0.0060197,0.002842,0.0016276,0.0013155,0.0015576,0.0027325,0.00019837,3.0518e-05,0.0013196,0.0014054,0.00085762,0.0018396,0.0023148,0.0020915,0.0014161,0.015038,0.01583,0.0051533,0.0015992,0.0010668,0.00088609,0.00089779,0.00088515,0.00024033,0.0056344,0.0092213,0.017791,0.013803,0.021083,0.02742,0.022257,0.076928,0.042828,0.12625,0.094013,0.037717,0.026435,0.013975,0.022927,0.0044775,0.016991,0.0066052,0.0031596,0.005397,0.0013927,0.005128,0.0026612,0.0056265,0.0087124,0.0082403,0.02486,0.0090546,0.0058158,0.0038156,0.00063534,0.0023511,0.0013269,0.0013905,0.0018406,0.0020367,0.00072513,0.0013181,0.0032703,0.0013145,0.006648,0.010033,0.019395,0.049175,0.017498,0.011042,0.0031216,0.0057536,0.0054301,0.0023031,0.0061132,0.037127,0.027662,0.031906,0.03292,0.038318,0.044526,0.059155,0.089392,0.35333,0.22417,0.075855,0.041595,0.029669,0.022127,0.017322,0.011904,0.019881,0.030262,0.0038557,0.0039025,0.0041823,0.0024335,0.0030646,0.0039187,0.0059736,0.019358,0.016483,0.0024393,0.0019804,0.00087657,0.00040938,7.1511e-05,0.0019974,0.0019379,0.0067941,0.0023162,0.0014595,0.0021288,0.0015136,0.0029462,0.0038544,0.0059647,0.024229,0.010395,0.0039483,0.0038783,0.003212,0.0030151,0.0027587,0.0026354,0.0019646
0.0035344,0.0016889,0.00082402,0.0027118,0.0025199,0.0041056,0.0049047,0.0071698,0.011407,0.040952,0.012111,0.0055713,0.0037765,0.0030399,0.0051628,0.0030257,0.0026303,0.051244,0.00097791,0.0015375,0.0010713,0.0014741,0.0012056,0.001298,0.0023444,0.0062765,0.016507,0.0074305,0.0031788,0.002483,0.0015698,0.0016129,0.001764,0.0013809,0.013397,0.00021354,0.00036583,0.00055831,0.00055074,0.00039525,0.00079,0.00069027,0.0029332,0.038028,0.0068378,0.0021948,0.0014555,0.0011055,0.00093739,0.00072164,0.0010834,0.043042,0.0053888,0.0046717,0.0057623,0.008049,0.010137,0.014013,0.020208,0.079073,0.16036,0.02975,0.020263,0.015359,0.013547,0.013188,0.010471,0.012303,0.027974,0.00013286,0.00084744,0.00058217,0.00058879,0.00072165,0.00068151,0.0015758,0.0024807,0.023616,0.0021952,0.00095408,0.00053547,0.00067019,0.0016692,0.00080028,0.0012321,0.0011082,0.0026133,0.0024102,0.0025309,0.0027376,0.0027251,0.0039839,0.0066109,0.017008,0.04097,0.0049387,0.0030087,0.001802,0.0012394,0.00057415,0.00081509,0.00050547,0.00063132,0.0040853,0.001622,0.0014984,0.0017185,0.0028084,0.0034388,0.010883,0.029069,0.079892,0.046987,0.012047,0.0041173,0.0011222,0.0027613,0.0016901,0.001627,0.027777,0.00038811,0.00055561,0.00040398,0.0010191,0.00051817,0.0013918,0.0014665,0.0087881,0.01001,0.0011365,0.00089129,0.00064392,0.0004411,0.00026822,0.00034294,0.00056268,0.0016537,0.0019321,0.0024863,0.0027352,0.0026739,0.0039479,0.0052721,0.0072253,0.020427,0.012575,0.024844,0.010233,0.0068702,0.0055826,0.0050017,0.0046793,0.004118,0.012198,0.018187,0.017822,0.019748,0.021544,0.02514,0.031684,0.048147,0.082257,0.18964,0.057277,0.025911,0.017529,0.012049,0.010576,0.0097239,0.0091344,0.048903,0.0041329,0.0024214,0.0028634,0.0029899,0.0033331,0.0042891,0.006564,0.017069,0.028886,0.0032488,0.0026271,0.001626,0.0013369,0.00099002,0.0022908,0.00071528,0.00075341,0.0023401,0.0028929,0.0035938,0.0039403,0.0048874,0.0059812,0.0091277,0.025674,0.055613,0.0059938,0.005718,0.0034469,0.0028841,0.0022535,0.0022099,0.0020428
0.0064927,0.0019875,0.0018112,0.0016713,0.00095481,0.001054,0.0017419,0.0014612,0.02829,0.068383,0.0027842,0.0011104,0.00065029,0.0016393,0.0040782,0.0018335,0.0015335,0.051354,0.0010712,0.0007529,0.00054645,0.0007047,0.00081854,0.0014401,0.0022649,0.0086346,0.023853,0.0049189,0.0025474,0.0017205,0.0016163,0.0011106,0.0012241,0.0012055,0.013226,0.00082131,0.00057665,0.00065698,0.00032929,0.00055812,0.00089715,0.0021986,0.0085349,0.034846,0.0039828,0.0018492,0.0013165,0.0011877,0.0015415,0.0011947,0.0012169,0.029387,0.012523,0.01311,0.015339,0.016693,0.018899,0.024606,0.037543,0.10505,0.24805,0.039367,0.021167,0.014663,0.010518,0.0069117,0.0093727,0.0087072,0.023011,0.0015725,0.00069924,0.0019185,0.0011898,0.0012447,0.0016736,0.001579,0.0041887,0.016571,0.0038505,0.0021566,0.0011494,0.00088513,0.0011131,0.00053671,0.00015258,0.0029622,0.0015206,0.0013738,0.0017732,0.0026148,0.0032626,0.004789,0.0076929,0.021472,0.056013,0.014899,0.0090307,0.0067515,0.0057499,0.0049929,0.0048376,0.0048352,0.00012778,0.0032518,0.0013833,0.00090765,0.0011878,0.00082693,0.0020417,0.0054155,0.035002,0.14989,0.039418,0.012238,0.0054489,0.0046242,0.0034163,0.0025809,0.0030308,0.021895,0.0007318,0.00096823,0.001068,0.0011471,0.0010379,0.0015603,0.0035504,0.010147,0.026617,0.0037118,0.0014227,0.0016187,0.0010138,0.0011655,0.00097311,0.00098231,0.003994,0.0033546,0.0034659,0.0036992,0.0040901,0.0048287,0.0063615,0.0099783,0.02402,0.026812,0.018866,0.0084016,0.0051334,0.0041915,0.003238,0.0030122,0.0028534,0.013518,0.0018352,0.0018123,0.0032153,0.0037316,0.0056629,0.0086284,0.012353,0.038078,0.15357,0.031606,0.018637,0.013497,0.011517,0.009139,0.010425,0.009844,0.051787,0.00050651,0.00090055,0.0011579,0.00081559,0.001439,0.0021339,0.0037761,0.010419,0.038501,0.0041101,0.0036484,0.0026381,0.0026076,0.0026138,0.0022906,0.0020619,0.0058995,0.0028597,0.0037178,0.0042335,0.0042866,0.0049486,0.00719,0.010285,0.024407,0.075058,0.0092594,0.0065254,0.0046238,0.0037557,0.0031556,0.0027834,0.0026722
0.010328,0.004007,0.0049767,0.0038184,0.0037972,0.0045929,0.0056319,0.006826,0.017116,0.0090429,0.019794,0.0078884,0.0053556,0.0063114,0.0027654,0.0031779,0.0030842,0.041718,0.0029425,0.00096745,0.0011306,0.0020166,0.0014736,0.0017027,0.0027898,0.0053689,0.0098506,0.005241,0.0020307,0.0012988,0.00041422,0.00060819,0.00057699,0.00051501,0.014851,0.0020353,0.0026029,0.0025287,0.0026736,0.0031615,0.0039967,0.0058717,0.0070234,0.019203,0.013847,0.0052558,0.0033206,0.0026676,0.0021052,0.0017288,0.0016632,0.056525,0.018306,0.020423,0.021505,0.023991,0.027584,0.034754,0.051983,0.10968,0.30038,0.048699,0.025511,0.014944,0.010252,0.0067913,0.0068551,0.0065328,0.011183,0.0022911,0.0019304,0.0012316,0.0010878,0.0011995,0.0014548,0.0022139,0.0045815,0.020529,0.00098145,0.00065903,0.0005054,0.00037343,0.00052479,0.00046706,0.0001583,0.00040818,0.0017352,0.0020181,0.0022623,0.0025671,0.0034183,0.0042509,0.0068552,0.014638,0.064508,0.0096415,0.0057889,0.0044416,0.0034295,0.0032226,0.0030613,0.002945,0.00092126,0.0013816,0.0046378,0.0031234,0.0036512,0.0048918,0.0064633,0.011287,0.011877,0.083541,0.061013,0.024726,0.017403,0.013751,0.01289,0.012702,0.013098,0.013636,0.0032026,0.0018427,0.0018069,0.0020958,0.002305,0.0030963,0.0044698,0.0062229,0.0097843,0.0084201,0.0021462,0.0015577,0.0015089,0.00074915,0.00052088,0.00055887,0.0030079,0.0023967,0.0023707,0.0024673,0.0025825,0.0033527,0.0039861,0.0053993,0.011445,0.029053,0.010365,0.0038347,0.0020221,0.0011726,0.00064739,0.00037076,0.00020028,0.023341,0.0021921,0.0032935,0.0035259,0.0038986,0.0048234,0.0066607,0.0093987,0.027719,0.19472,0.0098382,0.0095939,0.0061598,0.0052416,0.003847,0.0053994,0.0049763,0.044768,0.003023,0.0022024,0.00091188,0.0017581,0.0017169,0.0021243,0.0031253,0.0046913,0.041916,0.0044164,0.0029718,0.001869,0.0013975,0.001768,0.0014388,0.0017796,0.0044556,0.002964,0.0030172,0.0032716,0.0037517,0.0040481,0.0049797,0.0073182,0.015357,0.078999,0.0098512,0.0047498,0.0031518,0.0022044,0.0017809,0.0015657,0.001587
0.015715,0.0023513,0.0022625,0.0024833,0.0026404,0.004364,0.0050442,0.0065457,0.011558,0.015405,0.020239,0.0077303,0.005743,0.0033361,0.0033125,0.0025417,0.0030003,0.03073,0.0022919,0.0013082,0.0010326,0.0014338,0.001178,0.0011303,0.0024186,0.0041654,0.0047457,0.0068751,0.0024532,0.0019905,0.0017499,0.0012206,0.0012046,0.0014248,0.0075589,0.0021995,0.0016745,0.0018331,0.0021795,0.0024255,0.0035311,0.0057541,0.01276,0.01473,0.018036,0.0068988,0.0046688,0.0035018,0.0032801,0.0030317,0.0028287,0.015307,0.015256,0.01594,0.016957,0.02053,0.025358,0.034337,0.055384,0.14661,0.2023,0.067766,0.042585,0.032372,0.027426,0.024186,0.021955,0.02178,0.0031872,0.0014776,0.00016815,0.00070492,0.00045968,0.00094869,0.0017311,0.0027093,0.0098354,0.016969,0.0077028,0.0036023,0.0027854,0.0025354,0.002352,0.0019537,0.002306,0.0013676,0.0019519,0.0021482,0.0021086,0.0022865,0.0031627,0.0035953,0.0061001,0.016403,0.042988,0.0057516,0.0037795,0.0028292,0.002394,0.0020216,0.0021176,0.0019894,0.0055848,0.0017294,0.0003557,0.0025296,0.0036398,0.0052217,0.00817,0.017219,0.035223,0.080774,0.062097,0.028317,0.018918,0.016033,0.012478,0.013335,0.012959,0.0013657,0.0020531,0.00085441,0.0011288,0.0010318,0.0014939,0.001912,0.0021189,0.0043649,0.016248,0.0057567,0.0018972,0.0011561,0.00097914,0.00061693,0.00045234,0.00048066,0.0035878,0.0010996,0.00066945,0.00082635,0.0008715,0.0010698,0.0009128,0.0001847,0.0036048,0.03113,0.003458,0.0018043,0.0010344,0.00085836,0.00069398,0.0006602,0.00071526,0.03473,0.011546,0.0079191,0.012856,0.022957,0.019348,0.012745,0.067384,0.14623,0.12454,0.096446,0.080976,0.031184,0.018385,0.042983,0.033219,0.00094987,0.031643,0.0025995,0.0014342,0.0027444,0.0034662,0.0026826,0.002463,0.010146,0.02075,0.028347,0.019158,0.013233,0.0044486,0.0034323,0.0069329,0.005673,0.00044634,0.0046883,0.0043746,0.0018867,0.00711,0.0086907,0.0045936,0.0061271,0.018228,0.033919,0.04062,0.02149,0.01422,0.0065324,0.0035084,0.0052971,0.0043572,0.0025826
0.015,0.0013104,0.0027597,0.0007878,0.0029671,0.0027159,0.0031429,0.0069986,0.010858,0.022598,0.021265,0.0088022,0.0052831,0.0070361,0.0047049,0.0035977,0.0041733,0.014643,0.0030872,0.0018289,0.00012196,0.0023011,0.0016488,0.0019189,0.0024753,0.0043142,0.012329,0.0092149,0.0025879,0.0013644,0.0011859,0.0011611,0.0010564,0.00088312,0.0033513,0.0010727,0.00084004,0.0013179,0.0011518,0.0017436,0.0023702,0.0041966,0.0065308,0.0089556,0.018625,0.0058924,0.0039582,0.0031705,0.0027086,0.0025815,0.0025692,0.006281,0.0094875,0.012818,0.013865,0.018005,0.025701,0.038461,0.065096,0.18387,0.4097,0.095748,0.064256,0.049326,0.042517,0.03869,0.035968,0.035563,0.004757,0.0025817,0.0011339,0.0010933,0.0019298,0.00217,0.0027652,0.0038004,0.009626,0.01571,0.0058331,0.0029285,0.0020403,0.0018869,0.0023885,0.0004153,0.0012474,0.0011921,0.0025285,0.0029201,0.0027613,0.0033586,0.0037898,0.0047406,0.0078541,0.019198,0.014035,0.0025447,0.00287,0.0017445,0.0013282,0.0010405,0.00046984,0.00058175,0.026099,0.0073572,0.0074728,0.0095729,0.0095936,0.011792,0.013673,0.017739,0.042807,0.085438,0.054299,0.020585,0.012427,0.010227,0.0066326,0.0068175,0.0078069,0.0071889,0.0024356,0.002132,0.0015654,0.0013643,0.001863,0.002075,0.002511,0.0063731,0.016766,0.0088035,0.002936,0.0014233,0.0011171,0.00093031,0.00051949,0.0005436,0.0053635,0.00057906,0.00033549,0.00046741,0.00049381,0.00013637,0.00072605,0.00027603,0.001654,0.040303,0.0044271,0.00139,0.00066431,0.00046427,0.00027363,0.00022879,0.00012587,0.015213,0.0077399,0.0076553,0.0088477,0.010627,0.011977,0.015988,0.022513,0.050338,0.24495,0.019766,0.012365,0.0088095,0.0063568,0.0051479,0.0051995,0.0051919,0.015099,0.0024462,0.0016391,0.0019241,0.00079409,0.0010461,0.0014272,0.0012636,0.0025197,0.048821,0.0042145,0.0015619,0.00035527,0.00031436,0.0024102,0.00063246,9.9182e-05,0.0063821,0.0023977,0.0022623,0.0023511,0.0029487,0.0031102,0.0043775,0.0069083,0.014209,0.041318,0.0086163,0.0041763,0.0025265,0.0020133,0.0014946,0.0014483,0.0013695
0.010077,0.0048474,0.0039187,0.0042321,0.0042437,0.0058174,0.0081897,0.0084984,0.035027,0.0040965,0.026975,0.010658,0.0056968,0.0063264,0.0041895,0.0040554,0.0033436,0.00089266,0.0024009,0.0017185,0.0012439,0.0011476,0.0016093,0.0037918,0.0029553,0.00816,0.010863,0.011503,0.0038199,0.0022997,0.0016601,0.0013931,0.0014121,0.0015145,0.0046521,0.0039638,0.0031615,0.003186,0.0036095,0.0042859,0.0048446,0.0087431,0.010709,0.017673,0.022746,0.0066651,0.0036655,0.002822,0.002336,0.0018895,0.0016957,0.037594,0.03393,0.034018,0.03667,0.041628,0.050189,0.064602,0.10404,0.26398,0.41424,0.09767,0.057465,0.040906,0.031929,0.027416,0.027235,0.02422,0.018788,0.0019406,0.0019964,0.0024094,0.0022686,0.0024749,0.0031631,0.0049082,0.011112,0.016012,0.0034199,0.0019183,0.0012802,0.00091063,0.00030797,0.00040949,0.00038148,0.0046597,0.002798,0.0028014,0.0028258,0.0031208,0.0037283,0.005116,0.0074927,0.024132,0.0665,0.0025413,0.0038661,0.002397,0.0021251,0.0018334,0.0016008,0.0014591,0.021635,0.0076065,0.0060998,0.0061953,0.0067312,0.0083985,0.0094326,0.013561,0.029537,0.13354,0.023352,0.010415,0.0053975,0.0025921,0.0040752,0.0012465,0.0015926,0.020546,0.0018871,0.00079481,0.00089462,0.0012679,0.0007735,0.00084802,0.0024176,0.0050762,0.017904,0.0092011,0.0037223,0.00199,0.0012258,0.0016675,0.001148,0.001175,0.0079862,0.00020119,0.00094844,0.0012217,0.0013399,0.0016985,0.0025142,0.0038222,0.008204,0.024513,0.01461,0.005836,0.0044853,0.0034764,0.0030249,0.0030409,0.0029202,0.036624,0.01015,0.01078,0.012433,0.013341,0.015873,0.020329,0.02869,0.069899,0.099043,0.025564,0.015768,0.010962,0.0078124,0.0029147,0.0048565,0.0047627,0.00070954,0.0016444,0.001507,0.0014026,0.0009721,0.00090318,0.00088671,0.0018305,0.0037122,0.048891,0.0036631,0.00086596,0.00054031,0.00046036,0.0016393,0.00025727,0.0003586,0.0022011,0.0012778,0.0015599,0.0019289,0.0021246,0.002346,0.0032181,0.0045767,0.014393,0.0813,0.0020343,0.0014107,0.00068308,0.00051872,0.00050847,0.0001747,0.00011062
0.018309,0.0040059,0.0055378,0.0049081,0.0060482,0.0076428,0.0091754,0.015151,0.042284,0.029457,0.029151,0.011224,0.0060595,0.0042676,0.0036946,0.002659,0.0035649,0.011896,0.0023962,0.0029743,0.0015842,0.0021017,0.0025364,0.0014641,0.0042575,0.011882,0.010733,0.0079998,0.0020632,0.0016738,0.00077278,0.00094867,0.00044322,0.00062754,0.0030518,0.0028162,0.0030584,0.0021336,0.0035371,0.0046518,0.0030876,0.0085214,0.019448,0.0058327,0.019779,0.0052411,0.0027451,0.0019243,0.0014858,0.00092726,0.0012207,0.047238,0.042079,0.046224,0.047802,0.051667,0.062051,0.079396,0.1266,0.28934,0.30159,0.096695,0.049549,0.030304,0.019275,0.012164,0.0059069,0.0036851,0.023161,0.0027903,0.0023378,0.0033776,0.0030776,0.0020542,0.0043078,0.0053902,0.014352,0.011747,0.0017495,0.002086,0.001075,0.00054014,0.00012815,0.0012042,0.00013923,0.00093652,0.0024239,0.0030658,0.0027957,0.0035695,0.0059418,0.0054187,0.0076972,0.025912,0.0077132,0.013445,0.0082969,0.006098,0.0052229,0.0045498,0.0042874,0.0042859,0.02999,0.0060955,0.0031436,0.0047273,0.0082932,0.012452,0.015813,0.01752,0.0082035,0.059669,0.062462,0.033915,0.018479,0.0061537,0.0049637,0.011255,0.013495,0.031626,0.0016838,0.0018375,0.0012947,0.00052184,0.0016293,0.0027533,0.0027975,0.0026799,0.0074578,0.011048,0.0045006,0.0025015,0.00096053,0.0014924,0.0021855,0.0026074,0.0047398,0.0030172,0.0024374,0.0011239,0.0034936,0.0064904,0.0073846,0.0094421,0.010331,0.025589,0.027164,0.016017,0.0092594,0.0028319,0.0025921,0.0063312,0.0077573,0.024136,0.0048616,0.0045749,0.0046227,0.0035287,0.0061594,0.0071609,0.017026,0.049897,0.28153,0.013531,0.0082608,0.0049219,0.0052974,0.0025732,0.0034563,0.0026894,0.012943,0.0032692,0.00037927,0.0005631,0.0010241,0.00097926,0.0016686,0.0013342,0.0067867,0.04229,0.012256,0.0051592,0.00308,0.0036763,0.0018472,0.0023554,0.0020142,0.0049134,0.0020274,0.0027848,0.0026188,0.0023943,0.0046538,0.005016,0.004494,0.019057,0.028057,0.011123,0.0065444,0.0045215,0.0040143,0.0033935,0.0030702,0.0030175
0.0099603,0.0035397,0.0051065,0.0040373,0.0067237,0.0056814,0.0077879,0.012579,0.018619,0.031185,0.014348,0.0046411,0.0037644,0.00088605,0.0022985,0.00099464,0.0025254,0.021679,0.0017786,0.0019203,0.0001263,0.001243,0.0014198,0.0022178,0.0043623,0.0070536,0.016597,0.0038442,0.0017819,0.0015866,0.0012643,0.0014456,0.00079889,0.0012474,0.0043126,0.0015723,0.0013279,0.001435,0.0022723,0.00058823,0.0029984,0.0059819,0.0055988,0.016641,0.011797,0.0016356,0.00031735,0.00049668,0.00047891,4.3643e-05,0.00022698,0.026131,0.040429,0.043196,0.048268,0.050352,0.059628,0.075459,0.11445,0.29094,0.36489,0.09872,0.048858,0.029725,0.020216,0.013042,0.005967,0.0071298,0.033005,0.00074925,0.0014801,0.0024008,0.0027081,0.0032338,0.0032928,0.0040425,0.013813,0.016394,0.0037807,0.0018022,0.0012998,0.00095192,0.0011548,0.00025533,0.0002594,0.005087,0.00069492,0.00097207,0.0018953,0.0023827,0.003006,0.0077069,0.0094935,0.024288,0.062404,0.013339,0.0075363,0.0056957,0.0051388,0.0044881,0.0040271,0.0043698,0.046885,0.003529,0.0039524,0.0032033,0.0053778,0.005116,0.0093588,0.018421,0.0058742,0.088003,0.061546,0.023407,0.015923,0.013122,0.012964,0.011287,0.010565,0.035487,0.0014174,0.00098858,0.0020297,0.0011689,0.0024806,0.0023607,0.0042791,0.0058459,0.03395,0.01654,0.0046301,0.0034512,0.0023743,0.0020272,0.002049,0.0017758,0.010754,0.00080681,0.0011001,0.00053587,0.0017425,0.0024757,0.0014912,0.0053758,0.010241,0.044563,0.014568,0.0058308,0.004904,0.0039068,0.0033593,0.0031751,0.0031281,0.025557,0.0015688,0.0037298,0.0063339,0.0085176,0.012801,0.017873,0.031536,0.13455,0.089452,0.072084,0.041912,0.029635,0.025308,0.02384,0.021719,0.021357,0.02534,0.0010282,0.0016452,0.0027609,0.0020977,0.0012536,0.0011424,0.0029954,0.0036302,0.046902,0.0052635,0.004265,0.0022376,0.0011679,0.0011505,0.001619,0.0020314,0.0055638,2.3644e-05,0.0011257,0.001118,0.00053302,0.0023579,0.0042049,0.004329,0.012472,0.082368,0.0043303,0.0035187,0.0024221,0.0022272,0.0018956,0.0018047,0.0018979
0.013258,0.0020518,0.0040832,0.00066959,0.0015964,0.0025305,0.0039126,0.0052926,0.037567,0.057566,0.012331,0.00275,0.0015753,0.0023084,0.00020369,0.0017913,0.00041772,0.022955,0.0018264,0.0012261,0.00076238,0.00063197,0.00034713,0.00073659,0.0014781,0.010012,0.017975,0.0091286,0.0033636,0.0016447,0.0017659,0.0013955,0.0015079,0.0013905,0.0040894,0.001429,0.00076786,0.00052222,0.00088992,0.00091821,0.0011467,0.0014886,0.0072982,0.034894,0.017141,0.0037473,0.0017393,0.00073912,0.00048738,0.00048448,0.0003357,0.044345,0.030148,0.034551,0.036651,0.041591,0.049846,0.065622,0.10317,0.27327,0.36917,0.11643,0.066711,0.047771,0.038809,0.033734,0.0315,0.029803,0.029917,0.0011683,0.0017483,0.00097571,0.0025297,0.002354,0.0028246,0.0048176,0.011387,0.0099386,0.0048348,0.0024047,0.001663,0.0014064,0.0011249,0.00042936,0.00039864,0.0057565,0.0015126,0.0015411,0.0020535,0.0025687,0.0040947,0.0063231,0.011645,0.030101,0.013165,0.022465,0.012311,0.0090399,0.0076373,0.006981,0.0066344,0.0065461,0.03624,0.0095679,0.0070127,0.0080482,0.0089971,0.0098071,0.013204,0.017135,0.055576,0.11967,0.022375,0.013243,0.0075522,0.0049271,0.0038997,0.0028651,0.0024949,0.037846,0.0014368,0.0015556,0.0011084,0.0019162,0.0020087,0.0023672,0.0035217,0.0077431,0.031648,0.011542,0.0042082,0.0020564,0.0016316,0.0013927,0.0012555,0.0011559,0.011925,0.0011287,0.001376,0.0013534,0.0017106,0.0015427,0.0017925,0.00205,0.0072839,0.02677,0.015338,0.0051235,0.0029411,0.0021804,0.0019099,0.0017015,0.0015564,0.02385,0.0043024,0.0042037,0.0045592,0.0072611,0.0097255,0.015081,0.024331,0.082339,0.24311,0.045573,0.026641,0.020337,0.016269,0.014884,0.014839,0.013306,0.027132,0.0022611,0.0015751,0.0016683,0.0030765,0.0029941,0.0043321,0.0056211,0.0071687,0.054399,0.0091922,0.0043197,0.0025587,0.0012553,0.0015837,0.00095306,0.00044061,0.0038281,0.0014004,0.0022419,0.0027979,0.0033841,0.0040507,0.006558,0.011395,0.027014,0.035581,0.02185,0.012879,0.0094588,0.0075754,0.0069735,0.0065817,0.0062772
0.014097,0.0023369,0.002517,0.001507,0.0018256,0.0025567,0.0042752,0.0065213,0.028477,0.042162,0.010744,0.0029426,0.0020866,0.0036131,0.0010218,0.0009296,0.00058557,0.015007,0.001268,0.0013026,0.00064626,0.0024145,0.0011583,0.00094977,0.0028227,0.0086259,0.014378,0.0078282,0.0034128,0.0022753,0.0021003,0.0018041,0.0017993,0.0016251,0.0022698,0.00014222,0.00067062,0.00088913,0.0016351,0.00084217,0.00094125,0.0036442,0.011428,0.032044,0.012593,0.0037642,0.002015,0.0014044,0.00089298,0.00072917,0.00079728,0.0020867,0.032474,0.054167,0.055681,0.038961,0.0043183,0.067865,0.16964,0.45065,0.13705,0.05238,0.070566,0.064544,0.042574,0.024077,0.026764,0.034798,0.031788,0.0021014,0.0020672,0.004498,0.0015416,0.0010826,0.003231,0.0056272,0.018116,0.0049285,0.0015467,0.0029465,0.0038192,0.0030865,0.0017588,0.0016363,0.00028229,0.00054933,0.0051938,0.0059721,0.0061717,0.0048215,0.0070147,0.014228,0.019713,0.047507,0.03222,0.010881,0.012575,0.010731,0.0069298,0.0041378,0.0044356,0.0048028,0.038144,0.0034494,0.0042962,0.0041604,0.0037805,0.0051987,0.009066,0.011357,0.039324,0.12408,0.03954,0.019976,0.014734,0.010965,0.013017,0.010136,0.01117,0.034859,0.00015762,0.0013167,0.00087057,0.0010712,0.00047687,0.00098817,0.0013385,0.0038955,0.023638,0.004471,0.0011329,0.0011898,0.0010905,0.00087602,0.00080891,0.00049591,0.010271,0.00068865,0.00072758,0.001074,0.0015284,0.0014772,0.001271,0.0040032,0.0051566,0.028419,0.0031844,0.0014024,0.00086875,0.00050486,0.00030783,0.00012817,0.00016977,0.042239,0.0094649,0.0093749,0.015144,0.0074081,0.024052,0.024542,0.041549,0.14757,0.14539,0.09675,0.023039,0.031089,0.025863,0.011653,0.024301,0.0065671,0.012184,0.0019671,0.0041823,0.0052507,0.0018601,0.006597,0.0037181,0.0066379,0.017303,0.038412,0.022568,0.005157,0.0040073,0.0039953,0.0019245,0.0019936,0.0023957,0.0096265,0.0051764,0.0054006,0.0071476,0.0046104,0.0099185,0.011353,0.0063164,0.050841,0.04556,0.033414,0.011808,0.0072372,0.0086694,0.0032958,0.0065785,0.0033093
0.025448,0.0058764,0.0025374,0.0039873,0.0030055,0.0048341,0.006312,0.014499,0.042962,0.042597,0.016717,0.0043189,0.0055601,0.0058389,0.0035605,0.0037136,0.0043641,0.01327,0.0020265,0.0015429,0.0010657,0.0016208,0.0017253,0.0017777,0.0039883,0.013891,0.011752,0.0094686,0.0037053,0.0029529,0.0018336,0.0017812,0.0018542,0.0016232,0.0031014,0.0016156,0.0013304,0.0018619,0.0016313,0.0025368,0.0028422,0.0042033,0.016001,0.0049412,0.016829,0.0055344,0.0037117,0.0031914,0.0028278,0.0023368,0.0026131,0.030064,0.030259,0.030019,0.035289,0.040018,0.04847,0.065483,0.11454,0.30415,0.4403,0.090559,0.062373,0.045927,0.038832,0.034117,0.0311,0.031064,0.031479,0.0020707,0.0016086,0.0012582,0.0012836,0.0016211,0.00305,0.0055483,0.011618,0.012847,0.0081018,0.0038093,0.0026237,0.0022427,0.0012317,0.0018611,0.0015297,0.0005951,0.0033859,0.0034049,0.0035108,0.004185,0.0047844,0.0070996,0.010155,0.032673,0.047478,0.013545,0.0062554,0.0045488,0.0037008,0.0034055,0.002952,0.0029106,0.034466,0.0058749,0.0054497,0.0051764,0.0057138,0.0080231,0.0093558,0.011508,0.024439,0.095994,0.044074,0.017272,0.011526,0.0071454,0.0091214,0.0064778,0.0077974,0.036702,0.00042737,0.00020407,0.0010378,0.00054576,0.00017065,4.8374e-05,0.00126,0.0040765,0.014489,0.0027999,0.00070057,0.00049787,0.00030557,0.00022926,0.00052948,0.00033188,0.010258,0.0014715,0.0017516,0.0019262,0.0021919,0.002374,0.0026292,0.0024709,0.011091,0.040045,0.0055023,0.002864,0.0014045,0.00082548,0.00058126,0.00027462,0.00024415,0.017996,0.019525,0.019197,0.021119,0.023454,0.026681,0.034177,0.050076,0.12694,0.15792,0.05117,0.02555,0.016008,0.011111,0.0098441,0.00601,0.005251,0.015368,0.0010456,0.001783,0.00028317,0.00097374,0.0012951,0.001377,0.0026399,0.0033574,0.049235,0.0079345,0.0020077,0.0010728,0.001051,0.0011756,9.4669e-05,3.2436e-05,0.0058347,0.0016315,0.0019818,0.0017332,0.002867,0.0025839,0.0052485,0.0086379,0.023063,0.054172,0.010539,0.006822,0.0050262,0.0041656,0.0038695,0.0034611,0.0034543
0.011191,0.0046977,0.0032525,0.0034922,0.0059597,0.0064843,0.0095933,0.015769,0.036671,0.022076,0.034308,0.015304,0.011702,0.0077352,0.0080981,0.0079925,0.0082113,0.013233,0.0031739,0.0018871,0.0015373,0.0015256,0.0024485,0.0027401,0.0058829,0.014897,0.011277,0.014576,0.0054704,0.0032529,0.0027419,0.0024622,0.0022586,0.0023308,0.00081636,0.0017879,0.0020599,0.0019242,0.0023766,0.0032256,0.0037997,0.0073448,0.024759,0.0036328,0.023219,0.0081354,0.0057429,0.0047194,0.0044643,0.0038643,0.0037156,0.029604,0.02978,0.031429,0.034435,0.041471,0.050771,0.069942,0.11117,0.37854,0.25848,0.11159,0.073725,0.055105,0.045489,0.040989,0.03851,0.037482,0.028107,0.0033184,0.0024545,0.0010528,0.0020863,0.0017138,0.0025554,0.0035934,0.014621,0.0064165,0.0052101,0.0027447,0.0020004,0.0020637,0.0018507,0.0015937,0.0020256,0.008154,0.0047975,0.005359,0.0055869,0.0061836,0.0076409,0.0091752,0.017748,0.041629,0.010384,0.0096308,0.0055488,0.0034557,0.0024191,0.0014746,0.0011221,0.00070763,0.025692,0.0065106,0.0072236,0.0074729,0.0081091,0.0096286,0.011704,0.017027,0.024865,0.059714,0.044753,0.013956,0.0087162,0.0056206,0.0039855,0.0034402,0.0024872,0.03229,0.0031316,0.0011842,0.0016418,0.001961,0.0019343,0.0020039,0.0029498,0.0075401,0.016733,0.0043775,0.0023065,0.0012135,0.00078375,0.00080599,0.00067192,0.00079538,0.010769,0.0020304,0.0018231,0.002116,0.0023535,0.0028021,0.0035846,0.0066484,0.020602,0.044858,0.022329,0.0089975,0.0063027,0.0050872,0.0044713,0.0039763,0.0038109,0.035359,0.0066243,0.0061112,0.0066029,0.0087461,0.010523,0.015301,0.030581,0.083288,0.30493,0.0059439,0.0056013,0.0071029,0.0050353,0.0056004,0.005705,0.0052834,0.015068,0.0026204,0.0023477,0.0024874,0.0028249,0.0033085,0.0047138,0.006518,0.012453,0.041538,0.016215,0.0064659,0.0034548,0.0034538,0.0023053,0.0019759,0.0016518,0.00099758,0.0055356,0.0056032,0.0059767,0.0066619,0.0074187,0.0093484,0.017558,0.033997,0.032488,0.01714,0.0073156,0.0044705,0.0031821,0.0021475,0.0016258,0.0014324
0.0069276,0.001881,0.0032305,0.003461,0.0031493,0.005213,0.0080003,0.014791,0.074218,0.017119,0.0372,0.020069,0.010789,0.010567,0.0084513,0.0083914,0.0093385,0.0029011,0.0018081,0.00035351,0.00045641,0.00041908,0.0013346,0.0017763,0.0034311,0.017666,0.013852,0.012206,0.00508,0.0035531,0.0035223,0.0027477,0.0023809,0.0023251,0.0019455,0.0022737,0.0022236,0.0023975,0.0028695,0.0034861,0.0047107,0.0079661,0.021082,0.026992,0.023902,0.01005,0.0066496,0.0048631,0.0043815,0.0040296,0.0042611,0.00011634,0.0077093,0.011899,0.015594,0.022517,0.033654,0.052773,0.10446,0.37809,0.22669,0.12822,0.083169,0.065724,0.057065,0.050999,0.049034,0.047107,0.011612,0.0017414,0.0010333,0.00094817,0.00072653,0.0010529,0.0014969,0.0037779,0.012341,0.013389,0.0024751,0.0023402,0.001961,0.0019584,0.0018881,0.0011264,0.0015106,0.0035954,0.0030497,0.0033797,0.0040223,0.0044607,0.0050135,0.0069602,0.0095804,0.038436,0.052037,0.0083704,0.0044927,0.00358,0.0028988,0.0027134,0.0022202,0.002142,0.035344,0.0063656,0.0070634,0.0059449,0.0070453,0.0083101,0.010763,0.017257,0.043719,0.13385,0.039069,0.015955,0.010355,0.0079218,0.0065262,0.0040775,0.002945,0.013888,0.0019022,0.00042714,0.00060755,0.00066956,0.00062426,0.00086877,0.0018208,0.006949,0.045725,0.0089924,0.0038839,0.0025842,0.0021984,0.001937,0.0017553,0.0019093,0.0045319,0.0013122,0.001592,0.001697,0.0020991,0.0024702,0.0041653,0.0052341,0.019067,0.010586,0.021956,0.0092499,0.006768,0.0053504,0.0048539,0.0043118,0.0041733,0.0021191,0.015157,0.016031,0.018627,0.020041,0.024755,0.034481,0.052341,0.19687,0.19172,0.064118,0.038271,0.028436,0.022948,0.019216,0.018062,0.01887,0.0019341,0.0020867,0.0012922,0.0012935,0.000938,0.0014782,0.0016846,0.0027321,0.0086254,0.052013,0.010998,0.0056751,0.0039671,0.0034223,0.0033049,0.0032355,0.0031968,0.0038624,0.0023392,0.0022066,0.0024741,0.0024678,0.0032489,0.0043422,0.0055209,0.027581,0.076104,0.0088979,0.0040154,0.0027839,0.0023076,0.0018858,0.0019215,0.0018215
0.0027047,0.0031142,0.0023796,0.0011715,0.0013781,0.0034185,0.0058765,0.0051723,0.031417,0.043946,0.026895,0.0094449,0.0078747,0.0081367,0.0076163,0.005392,0.0062982,0.0023404,0.0025534,0.0021072,4.6955e-05,0.0018505,0.00027429,0.00044153,0.0026279,0.0085218,0.020638,0.0091878,0.0021812,0.001505,0.0013346,0.0012844,0.0012955,0.001318,0.003521,0.0010714,0.0013627,0.0012159,0.0014432,0.0025945,0.0039729,0.0071329,0.014739,0.017054,0.020568,0.0075066,0.0044572,0.003911,0.0035357,0.0030769,0.0029259,0.0059033,0.0099261,0.012002,0.01601,0.021503,0.032215,0.048875,0.085764,0.33234,0.4244,0.12511,0.077655,0.06162,0.053381,0.047821,0.044119,0.044696,0.0077134,0.0010918,0.0016739,0.0018333,0.0010858,0.0010927,0.0020487,0.0041535,0.012026,0.014433,0.0034322,0.002791,0.0023481,0.002162,0.0013451,0.0018486,0.0011444,0.0030156,0.0033733,0.0034779,0.0039454,0.0042698,0.0050117,0.0079177,0.014707,0.034021,0.056937,0.0089495,0.0044158,0.0033422,0.0028459,0.0021741,0.0020201,0.0019856,0.036063,0.0034459,0.0027542,0.0025025,0.0030869,0.0028073,0.0048822,0.007896,0.039678,0.13973,0.041042,0.017017,0.011539,0.008378,0.0064773,0.0066427,0.0067578,0.010771,0.0013523,0.0010292,0.0016226,0.0024179,0.0023054,0.0022944,0.0031116,0.0035623,0.044335,0.0075481,0.0043177,0.0020079,0.0013587,0.00044187,0.00035932,0.00026894,0.00041199,0.0020617,0.0022935,0.0023281,0.0033159,0.0040508,0.0045511,0.0066228,0.012542,0.028387,0.014212,0.0069067,0.0041827,0.0030235,0.0028355,0.0025089,0.0023384,0.038497,0.02359,0.023708,0.02653,0.029361,0.034887,0.044478,0.064796,0.18547,0.10565,0.050063,0.02795,0.016368,0.010664,0.0065797,0.0028122,0.0014095,0.00075532,0.0013939,0.00084101,0.00091569,0.0015678,0.0014273,0.0015088,0.003027,0.0018226,0.05247,0.0024306,0.0029773,0.0014295,0.00063755,0.00051628,0.00050711,0.0001297,8.9645e-05,0.0018186,0.0021427,0.0023024,0.0021607,0.0028805,0.0051487,0.010258,0.024176,0.069929,0.0022487,0.002482,0.0017383,0.0014677,0.00059737,0.0009304,0.0010929
0.0028477,0.0019287,0.0016193,0.002054,0.00092657,0.001418,0.0025438,0.0045104,0.042756,0.04683,0.017612,0.0044847,0.0042752,0.0041104,0.0027398,0.0034321,0.0033246,0.0066091,0.0008779,0.0015305,0.00018555,0.0012504,0.0018822,0.0012608,0.0022338,0.011215,0.01325,0.0012483,0.0007659,0.00073484,0.00031082,0.0007029,0.00061311,0.00043679,0.00014498,0.00078603,0.00077671,0.0005425,0.00080292,0.00069686,0.002272,0.0022332,0.0082845,0.023363,0.0093281,0.0020348,0.00077834,0.00076547,0.00069219,0.00032359,0.0005951,0.016707,0.011068,0.013931,0.017557,0.021955,0.032098,0.050105,0.091843,0.24482,0.37487,0.1381,0.08553,0.065837,0.055979,0.050627,0.048446,0.047816,0.013396,0.0012423,0.00058069,0.0021923,0.0012578,0.0017926,0.0014082,0.0040871,0.010098,0.010131,0.00707,0.003822,0.0026575,0.0022957,0.0019651,0.0013866,0.0010548,0.0045663,0.0055324,0.005046,0.00614,0.0064198,0.0077729,0.0096177,0.011888,0.030544,0.010942,0.018787,0.0086691,0.0054598,0.0038337,0.0029601,0.002773,0.002533,0.041907,0.0044411,0.0052605,0.0063681,0.0074441,0.0070809,0.0056173,0.0044311,0.025404,0.067766,0.064131,0.030192,0.019641,0.012942,0.0098479,0.0042381,0.00062371,0.016634,0.0019605,0.002124,0.00096892,0.00085766,0.00089076,0.0019448,0.0027639,0.0065264,0.010643,0.015102,0.0054993,0.0023805,0.0011265,0.00077683,0.0003671,0.00049781,0.0054456,0.0022185,0.0039699,0.0047353,0.0064946,0.0062292,0.0062127,0.0066288,0.010865,0.029421,0.023204,0.013821,0.010009,0.0072313,0.0049715,0.0028667,0.0014515,0.0030614,0.01651,0.018545,0.019274,0.019106,0.020657,0.024278,0.032071,0.074318,0.27147,0.040684,0.023443,0.018912,0.017673,0.018024,0.016907,0.016485,0.0083219,0.0023587,0.0015743,0.0023558,0.0007605,0.0016541,0.0024727,0.0049652,0.0084818,0.038992,0.01614,0.0067872,0.0045072,0.0039105,0.0038464,0.0035754,0.0035458,0.0041524,0.0013298,0.0014228,0.0028427,0.0033363,0.0048546,0.0072487,0.0086801,0.025037,0.018475,0.020551,0.0094637,0.0065033,0.0049144,0.003981,0.0035198,0.0034199
0.0049229,0.0025735,0.0023352,0.0016163,0.00071218,0.00020365,0.0018623,0.004537,0.01361,0.028363,0.011686,0.0021721,0.0033749,0.0044309,0.0017668,0.0020859,0.0017948,0.00054932,0.00030396,0.0013806,0.0013801,0.0006049,0.0010268,0.0023573,0.0031523,0.0061292,0.01288,0.0033992,0.0012696,0.00054687,0.00074338,0.00047518,0.00030492,0.00011063,0.0062505,0.00021771,0.00016472,0.0003247,0.00026547,0.00050931,0.0012507,0.0032146,0.0066293,0.023783,0.0083448,0.0016225,0.00064496,0.00025224,0.00044662,0.00032753,0.00042535,0.025574,0.022062,0.023524,0.027445,0.032579,0.041013,0.057585,0.094716,0.27207,0.34684,0.12198,0.073311,0.055292,0.046685,0.041243,0.039481,0.037022,0.012623,0.0019082,0.0015198,0.00025087,0.001335,0.0014511,0.0020903,0.0029193,0.010501,0.017568,0.0055671,0.0028741,0.002208,0.0017866,0.0010899,0.0020683,0.001667,0.00033187,0.0037493,0.0037696,0.0038748,0.0045746,0.0053796,0.0069098,0.0089937,0.025066,0.056125,0.010411,0.0043411,0.0026836,0.00157,0.0014999,0.0009757,0.00078585,0.03336,0.003314,0.0031549,0.0033941,0.0039779,0.0037879,0.0057588,0.0089656,0.019015,0.11818,0.053976,0.020529,0.013184,0.010176,0.0086075,0.0086081,0.0088197,0.015429,0.0008646,0.0010802,0.00104,0.0015342,0.0012751,0.001627,0.0014729,0.0021979,0.035063,0.01657,0.0047213,0.0029851,0.0023385,0.0021438,0.001935,0.0016346,0.001524,0.0024197,0.0021756,0.0022849,0.0029242,0.0034713,0.0042749,0.0064358,0.011629,0.03299,0.016154,0.0059974,0.0040869,0.0031662,0.0025585,0.0024434,0.0023899,0.031569,0.012812,0.015779,0.015597,0.018093,0.021174,0.027007,0.043628,0.093429,0.16675,0.047949,0.024585,0.016109,0.011112,0.010422,0.0072406,0.008093,0.0001049,0.00020689,0.00193,0.003065,0.0026956,0.0025818,0.0036991,0.0042911,0.0073571,0.048142,0.0080406,0.0032103,0.0016549,0.0013948,0.00066653,0.00097122,0.00065422,0.0012798,0.0007106,0.0007076,0.00040425,0.00052477,0.00054221,0.0011667,0.0017946,0.011069,0.084169,0.0027849,0.00055433,0.00049843,0.0006889,0.0004342,0.00054476,0.00054361
0.00079727,0.0028216,0.0011987,0.0016519,0.0022182,0.0019399,0.0031002,0.0059337,0.032078,0.05542,0.008602,0.0046007,0.0038656,0.0038868,0.0025853,0.0029607,0.0023804,0.0084783,0.00049309,0.00092132,0.00085714,0.001782,0.0010662,0.0020021,0.0022652,0.0091193,0.016159,0.003761,0.0007793,0.00084863,0.00047891,0.00064958,0.00041551,0.0002804,0.0027543,0.00070303,0.00067977,0.00053664,0.00088569,0.00065186,0.0012841,0.0026826,0.0080448,0.026348,0.0037924,0.0011554,0.000601,0.00069536,0.00034221,0.00045168,0.00046922,0.0073529,0.028867,0.035895,0.016887,0.037886,0.064977,0.020584,0.11796,0.38865,0.2055,0.17387,0.10165,0.031687,0.072065,0.048252,0.034304,0.059558,0.014059,0.00051079,0.002221,0.0010757,0.0013154,0.0027452,0.0018094,0.0038019,0.014655,0.003919,0.0041241,0.0035516,0.00026723,0.0020095,0.0015045,0.00079462,0.0019322,0.004427,0.0019265,0.0024319,0.0020704,0.0025841,0.0038703,0.0031946,0.0068777,0.027453,0.024958,0.0044882,0.0035812,0.002569,0.00066341,0.0019205,0.0015599,5.7332e-06,0.036095,0.0069658,0.0077449,0.0064649,0.0076516,0.0076947,0.0092719,0.011862,0.017308,0.10549,0.056017,0.019536,0.011479,0.0079476,0.0062349,0.0053039,0.0048257,0.01924,0.00073629,0.00055049,0.00097553,0.00024509,0.0013579,0.0010949,0.0015129,0.00029447,0.017889,0.006595,0.0020607,0.0010382,0.00063011,0.00050246,0.00025016,0.00030326,0.0026265,0.0023755,0.0020712,0.0024075,0.0025964,0.0031902,0.0040482,0.0050221,0.012614,0.011961,0.013389,0.0049561,0.0032632,0.0024793,0.0019351,0.0016131,0.001772,0.0032654,0.0076944,0.009836,0.010723,0.011419,0.013499,0.017843,0.025517,0.078801,0.24258,0.021446,0.013736,0.009897,0.0078018,0.0065803,0.0054313,0.0064507,0.011965,0.001728,0.00092341,0.00039625,0.00082851,0.00089396,0.00077542,0.0015216,0.0021748,0.053708,0.0054536,0.0018385,0.0015176,0.0015458,0.001459,0.00087215,0.0012913,0.0035325,0.0034711,0.0036208,0.0039044,0.0040351,0.0050774,0.0060592,0.010853,0.022795,0.035926,0.011193,0.0046219,0.0028266,0.0018637,0.0011972,0.00085779,0.00074768
0.013279,0.005164,0.0027068,0.002429,0.0046974,0.0044796,0.0046977,0.0061626,0.021,0.023936,0.021763,0.0096603,0.0074912,0.0077951,0.0023826,0.0039866,0.0037804,0.012911,0.00048707,0.0010307,0.00020378,0.00020489,0.0010958,0.0010483,0.0020248,0.0049815,0.01752,0.005451,0.0026888,0.001722,0.0013434,0.0012246,0.00084935,0.0010853,0.0016632,0.0025871,0.0027167,0.0025233,0.0030708,0.0028551,0.0039087,0.0047334,0.0065578,0.025961,0.012302,0.0047998,0.0024512,0.001682,0.0013672,0.0011682,0.00084687,0.0054761,0.014213,0.014653,0.017785,0.021726,0.028427,0.041599,0.073792,0.19098,0.48115,0.10737,0.067975,0.051287,0.043745,0.039537,0.037173,0.036807,0.0085622,0.0023503,0.0017542,0.0017442,0.0011138,0.0014113,0.0015011,0.0028097,0.0065245,0.023018,0.00013681,0.00098592,0.00088876,0.00091523,0.001147,0.00075507,0.00055123,0.0047055,0.002806,0.0025407,0.0030821,0.0031434,0.0038934,0.0048229,0.007574,0.01738,0.067234,0.0075201,0.0033934,0.0021942,0.0015236,0.0010126,0.00077807,0.00076485,0.055131,0.0055837,0.0051098,0.0038556,0.0039916,0.0060528,0.0057732,0.0094625,0.016381,0.08086,0.079649,0.01638,0.0088967,0.0067123,0.0035914,0.0041125,0.0026627,0.01459,0.0024927,0.0013447,0.00055682,0.0010702,0.0011146,0.0012112,0.0017316,0.0038163,0.024278,0.0090607,0.0032434,0.0015556,0.0013325,0.00077258,0.00087578,0.0011349,0.0034314,0.00034225,0.00049686,0.00061043,0.00091896,0.0011908,0.0020577,0.0027487,0.0085449,0.029619,0.020285,0.0052264,0.0036658,0.0030286,0.0027141,0.0027616,0.0025387,0.013605,0.0087423,0.0093761,0.0091725,0.010401,0.012758,0.015552,0.023955,0.052995,0.11031,0.027577,0.014655,0.009685,0.0077084,0.0045843,0.0053781,0.0041257,0.016865,0.0024374,0.00050911,0.00090927,0.00049544,0.00010484,0.00061433,0.00074391,0.00086244,0.048057,0.0035567,0.00069159,0.0008032,0.00088316,0.00090251,0.000352,0.00058366,0.0030881,0.0016861,0.0011076,0.0014462,0.0016083,0.0018504,0.0024722,0.0040839,0.010812,0.084952,0.0060982,0.0023278,0.0015278,0.0013226,0.0011353,0.0012501,0.0011883
0.020233,0.0021155,0.0039346,0.0026438,0.0013661,0.0034622,0.0041217,0.0047074,0.015409,0.03567,0.020962,0.0088757,0.0053315,0.0062913,0.0020357,0.0021908,0.0027466,0.0091688,0.00044576,0.0011555,0.0009495,0.0016688,0.0018905,0.0023888,0.0029013,0.0062196,0.012233,0.010757,0.0036897,0.0020554,0.001826,0.0012048,0.0010911,0.0010548,0.0064393,0.0016332,0.0017406,0.0015112,0.0017402,0.0019819,0.0028195,0.0031932,0.0070673,0.028797,0.012688,0.0042166,0.0024656,0.0017178,0.0016346,0.001248,0.001091,0.050933,0.025856,0.025069,0.027542,0.031078,0.03568,0.044023,0.065536,0.13763,0.30644,0.069426,0.035352,0.021199,0.013525,0.0091602,0.0082569,0.0060216,0.0058251,0.00081868,0.0012024,0.0010714,0.0012582,0.0015901,0.0019234,0.0025567,0.005743,0.014294,0.0028357,0.0018854,0.00085687,0.00072697,0.0011164,0.00019957,0.00059512,0.00018502,0.0011485,0.0013638,0.0013505,0.0019019,0.0018045,0.0029949,0.0037218,0.0092271,0.032296,0.0089672,0.0042119,0.0031588,0.0026211,0.0021773,0.0020765,0.0021305,0.066453,0.0041666,0.0034263,0.0035446,0.0043691,0.0037081,0.0059687,0.0076477,0.013832,0.032248,0.071978,0.012266,0.0052441,0.0025503,0.0011958,0.0010021,0.00020599,0.0042973,0.0012115,0.0012558,0.00082334,0.0016662,0.0011209,0.0013631,0.0025382,0.0052804,0.023576,0.0071449,0.0025623,0.0014388,0.0011721,0.00074431,0.00061493,0.00049783,0.001648,0.0018606,0.0021296,0.0023461,0.0024746,0.003253,0.0039166,0.0049765,0.0095171,0.039422,0.025264,0.0076179,0.0044585,0.0034919,0.0030385,0.0026347,0.0026589,0.0094873,0.0037951,0.0013609,0.00105,0.0013167,0.00080603,0.0013699,0.00343,0.0090927,0.24188,0.023646,0.0057357,0.0045797,0.0029477,0.0029322,0.0039425,0.00041201,0.015637,0.00091802,0.00083191,0.00075057,0.00089057,0.0012025,0.0019935,0.0039627,0.0063952,0.044237,0.0080512,0.0036806,0.0032322,0.0027354,0.0025134,0.0021317,0.00206,0.0062028,0.0013789,0.0010721,0.0017359,0.0017368,0.0026733,0.0035179,0.0047509,0.010476,0.050409,0.0079538,0.0050351,0.00357,0.0031149,0.0029238,0.002534,0.0026665
0.017794,0.0020937,0.0049727,0.0029984,0.0040686,0.0042487,0.0052377,0.006893,0.022314,0.050435,0.011937,0.0058816,0.0035584,0.0022172,0.0048143,0.0032658,0.0026493,0.012776,0.00033171,0.00065477,0.00030253,0.001392,0.00058821,0.0012452,0.0016765,0.0054684,0.021003,0.0057179,0.0016533,0.0014688,0.001197,0.001069,0.00096186,0.0009613,0.0027619,0.0010617,0.0010648,0.0014581,0.0014876,0.0017729,0.0022491,0.0036689,0.0085806,0.012708,0.0085389,0.0030293,0.0024425,0.0017851,0.001464,0.0017513,0.0016022,0.034407,0.0098753,0.011941,0.012551,0.015639,0.020085,0.027558,0.04503,0.10769,0.42853,0.074494,0.044498,0.032839,0.02736,0.025177,0.023515,0.022654,0.00019646,0.00061063,0.00053989,0.00076679,0.00041703,0.00090628,0.0011527,0.0018809,0.0045465,0.017084,0.0034118,0.0015099,0.0011443,0.0012907,0.0010843,0.0012761,0.0010243,0.0037251,0.0019111,0.0022143,0.0026115,0.00287,0.0030982,0.0042966,0.00569,0.012415,0.014748,0.0099116,0.0037004,0.002153,0.0014695,0.001226,0.00073025,0.00068475,0.054114,0.006161,0.0063774,0.0074836,0.0075977,0.008423,0.011546,0.013873,0.013783,0.11691,0.075932,0.021144,0.011289,0.0096566,0.0061257,0.0043851,0.004839,0.012133,0.0014671,0.0014729,0.0014014,0.0021114,0.0020219,0.0023735,0.0033581,0.0048435,0.041294,0.016705,0.0052747,0.0023634,0.0011459,0.0012319,0.00075565,0.00081827,0.00034905,0.0020106,0.0019724,0.0019975,0.0023444,0.0025118,0.0029826,0.0041722,0.0070883,0.029659,0.0202,0.0052308,0.0028241,0.0019888,0.0013928,0.0010886,0.00098231,0.0097219,0.0042456,0.0032514,0.0034023,0.0037574,0.005158,0.0064597,0.0082973,0.0025507,0.19827,0.009545,0.0078475,0.0045701,0.0031658,0.003064,0.0020548,0.0026951,0.019671,0.00010539,0.0017631,0.0011429,0.0013182,0.001837,0.0019092,0.0030394,0.0036472,0.053706,0.0049977,0.0032723,0.0017821,0.0013798,0.00052557,0.00079531,0.00091744,0.002512,0.00054266,0.00041525,0.00049897,0.00086098,0.0010662,0.0018776,0.003394,0.0082379,0.041701,0.010544,0.0056673,0.0037492,0.00326,0.0032474,0.002754,0.0026722
0.017189,0.0017339,0.0028392,0.0017617,0.0021666,0.0022664,0.0034404,0.0040927,0.0056983,0.07959,0.0094616,0.0026388,0.0015282,0.0015583,0.0039822,0.00069765,0.0012589,0.018891,0.00087146,0.00069806,0.00097353,0.00089365,0.00099337,0.00064666,0.0014262,0.0030097,0.024279,0.0059531,0.0020376,0.0014359,0.00109,0.00082407,0.0009424,0.00089648,0.0026188,0.00049958,0.00062496,0.00095447,0.0008429,0.00070779,0.0012306,0.0011468,0.0014602,0.031183,0.0068787,0.0015572,0.001005,0.00061925,0.0003142,0.00030428,0.00036812,0.012238,0.016171,0.016226,0.019037,0.020149,0.023471,0.030185,0.044849,0.086263,0.46599,0.054395,0.029704,0.020928,0.016018,0.01313,0.012365,0.012005,0.0077039,0.0018246,0.0014721,0.00054019,0.00082933,0.0010967,0.0011182,0.0019808,0.0029252,0.017139,0.0018542,0.00077153,0.00080567,0.00040785,0.00091737,0.00039475,2.0973e-05,0.0014839,0.0010421,0.00092053,0.00074162,0.0013015,0.001752,0.0015516,0.0035799,0.0070824,0.052266,0.0070463,0.003291,0.0024722,0.0020667,0.001945,0.0017141,0.0016327,0.067805,0.0056461,0.0053839,0.0068842,0.0076992,0.009588,0.010552,0.014191,0.023274,0.089529,0.068097,0.019865,0.012832,0.0089958,0.0080869,0.0068573,0.0068265,0.015696,0.0015677,0.0011632,0.0011307,0.00069867,0.0016012,0.0011869,0.0014533,0.0042262,0.025928,0.011603,0.0003848,0.00056828,0.00065317,0.00034863,0.0003322,0.000391,0.00046539,0.00060164,0.00058182,0.00066713,0.00087026,0.0013051,0.0017858,0.002688,0.0061751,0.047146,0.020315,0.0065338,0.0040994,0.0031594,0.0027413,0.0026946,0.0025979,0.0092603,0.0063401,0.0088657,0.0096979,0.0075338,0.012705,0.011603,0.015683,0.033435,0.11507,0.050666,0.012163,0.0081849,0.0077303,0.0018181,0.0061659,0.0040303,0.02023,0.0012728,0.0049472,0.0040483,0.0026729,0.0058834,0.0035206,0.0077413,0.021533,0.038221,0.020731,0.0090048,0.0027174,0.0063366,0.0025021,0.0018605,0.0040169,0.0036069,0.0029158,0.0034742,0.0020933,0.0035857,0.0066766,0.0033471,0.011467,0.034412,0.047939,0.033033,0.018374,0.0024203,0.012691,0.0077721,0.0047114,0.01095
0.012425,0.0029814,0.0049606,0.0052698,0.0065363,0.0066135,0.007885,0.010994,0.024251,0.081328,0.0091807,0.005133,0.0029436,0.0011679,0.0015314,0.0032226,0.00030899,0.022707,0.0030569,0.0016418,0.00098572,0.0019719,0.002096,0.0024783,0.0036439,0.0074543,0.027309,0.0034691,0.0018025,0.00099968,0.0010348,0.00019055,0.00048508,0.00036432,0.0021591,0.001936,0.0023447,0.0022765,0.0025309,0.0032711,0.0041054,0.0057295,0.013078,0.039822,0.0039365,0.0023917,0.0015005,0.0010126,0.00065102,0.00050914,0.00047304,0.012358,0.013197,0.015066,0.015165,0.017053,0.020371,0.025241,0.037846,0.089673,0.34183,0.05507,0.029999,0.020937,0.015745,0.013517,0.013615,0.012766,0.015944,0.00051292,0.0012048,0.0016144,0.0010669,0.00079677,0.0010282,0.0015015,0.003179,0.017243,0.0023058,0.00072695,0.00036633,0.00067056,0.00058436,0.0006322,0.00048257,0.0018826,0.00060258,0.0011746,0.00097739,0.00095455,0.0015577,0.0017695,0.0020888,0.0052879,0.049041,0.0038467,0.0013146,0.00082108,0.0004687,0.00044488,0.00039987,0.00010109,0.050376,0.0045035,0.0090717,0.008028,0.0062778,0.012424,0.0088936,0.014511,0.036341,0.046474,0.076321,0.014506,0.0075879,0.0095777,0.0021243,0.0039069,0.0047551,0.024609,0.0010163,0.000517,0.00019669,0.0007202,0.0017849,0.0014975,0.0023697,0.010433,0.017001,0.0095863,0.0052319,0.0016839,0.0027348,0.0021807,0.0014752,0.002842,0.002203,0.00056286,0.0023264,0.0019994,0.0017067,0.0043374,0.0027754,0.0066912,0.022162,0.039599,0.027307,0.011013,0.0024434,0.0079101,0.0045552,0.0029515,0.0065061,0.0078527,0.0038046,0.0024574,0.0017096,0.0019988,0.0031593,0.0034192,0.0071255,0.0093197,0.19178,0.014972,0.0074283,0.0065764,0.00564,0.0049957,0.0044671,0.0035115,0.027224,0.00255,0.00024968,0.00033037,0.00033513,0.00061591,0.00080936,0.0014881,0.001061,0.044163,0.0032641,0.0009813,0.00031144,0.00078355,0.0013466,0.00046541,0.00060464,0.0027562,0.0013746,0.00072963,0.00091416,0.0010376,0.00088999,0.0011431,0.0016009,0.0028179,0.065415,0.0053128,0.0021139,0.0012077,0.00084998,0.00066192,0.00072857,0.00055504
0.013991,0.0050039,0.0052699,0.0072644,0.0074621,0.0092563,0.011461,0.01829,0.061743,0.074795,0.020927,0.012456,0.0086561,0.0076264,0.005434,0.010949,0.0075437,0.023157,0.0020899,0.0019526,0.0015577,0.0026575,0.0029982,0.0033471,0.0053951,0.017192,0.02679,0.0092052,0.0050894,0.0038132,0.0033191,0.0025983,0.002813,0.0026608,0.0084421,0.0026533,0.0026225,0.002682,0.003059,0.0040805,0.0052175,0.0080978,0.02257,0.041194,0.010773,0.0062328,0.0046676,0.0038158,0.0034299,0.0025982,0.0030137,0.019818,0.0022906,0.0035136,0.0039276,0.0056373,0.0081308,0.013317,0.019999,0.035678,0.21056,0.045708,0.027249,0.020131,0.016398,0.014967,0.014111,0.013645,0.029612,0.0018529,0.00094198,0.00087722,0.00018656,0.00040955,0.00090804,0.0014914,0.003681,0.017222,0.0041137,0.0023805,0.0018898,0.0012288,0.0010249,0.0019429,0.0020619,0.0060922,0.001547,0.0015717,0.0021008,0.0019723,0.0021809,0.0031017,0.0043215,0.010568,0.046405,0.0051464,0.0034875,0.0023027,0.0018777,0.0017786,0.0011343,0.0011788,0.044665,0.0042772,0.0046767,0.0041058,0.0043957,0.0057182,0.0062569,0.010911,0.035993,0.14442,0.046099,0.013216,0.0068595,0.0044593,0.002413,0.0032834,0.0023976,0.036166,0.0023017,0.00069953,0.001142,0.0016125,0.00084616,0.0015498,0.0037123,0.012179,0.032399,0.0051986,0.00086074,0.0018459,0.00096415,0.0016408,0.0009342,0.001215,0.013453,0.0028041,0.0028185,0.0030863,0.0035836,0.0039597,0.0059171,0.0081554,0.020062,0.025093,0.022596,0.010123,0.006815,0.0056501,0.0047374,0.0045686,0.0041981,0.016283,0.0090087,0.0097568,0.0097905,0.010668,0.013099,0.017152,0.024269,0.042532,0.1759,0.039576,0.01696,0.01176,0.0088384,0.010061,0.0039779,0.0040074,0.028349,0.00070758,0.0016045,0.00085188,0.0017477,0.0021628,0.0027764,0.0035063,0.0081845,0.041685,0.00344,0.001887,0.0010893,0.00058954,0.0001876,0.00092481,0.00087168,0.0028935,0.0028402,0.0027215,0.0028585,0.0030757,0.0036189,0.0043492,0.006864,0.016753,0.069587,0.0063256,0.0041574,0.0027394,0.0020698,0.0017795,0.0010379,0.0012493
0.007393,0.0033221,0.0029169,0.0039168,0.0051159,0.005284,0.0088487,0.015093,0.041994,0.058736,0.01843,0.011259,0.0097997,0.0079629,0.007052,0.0076085,0.0074578,0.023062,0.0014327,0.00038955,0.00038748,0.00043046,0.0021656,0.0024666,0.0043007,0.014853,0.020317,0.0087979,0.004368,0.0035935,0.0029663,0.0026004,0.0023219,0.0025769,0.0050984,0.001412,0.0013713,0.0013078,0.001627,0.0022872,0.0034413,0.0066392,0.022591,0.033371,0.012409,0.0066809,0.0052885,0.0046191,0.0041006,0.0038609,0.0036908,0.032668,0.0057445,0.018162,0.0063764,0.023441,0.0078899,0.038606,0.013623,0.12968,0.057471,0.078413,0.0020663,0.033386,0.0010244,0.023211,0.00054038,0.020537,0.027075,0.0015608,0.0026711,0.00066044,0.0025266,0.000454,0.0040406,0.0013781,0.015259,0.0048941,0.0089324,0.00082195,0.003994,0.0004492,0.0025443,0.00024963,0.0035077,0.0071241,0.0038529,0.00417,0.0037965,0.0065752,0.0040873,0.011313,0.0037056,0.04315,0.020388,0.025673,0.0066589,0.0094932,0.0057895,0.0060322,0.0054129,0.00482,0.048531,0.0019496,0.0035966,0.0029869,0.0042068,0.0037736,0.0035437,0.0038057,0.0068815,0.11454,0.062323,0.012821,0.0061108,0.0032679,0.0025482,0.00088075,0.0011139,0.035033,0.0010703,0.0010246,0.00077553,0.0009604,0.00070639,0.00095067,0.0014063,0.0087541,0.030645,0.011481,0.0014193,0.0010565,0.00034118,0.00046106,8.0895e-05,0.0004139,0.0059415,0.0048409,0.0037774,0.0041123,0.0044604,0.0047839,0.005786,0.0079899,0.019897,0.0088266,0.02273,0.0060746,0.0040302,0.0027338,0.0017778,0.0013972,0.0011311,0.017151,0.0077201,0.0062052,0.0073012,0.0075509,0.0092012,0.012207,0.015447,0.024424,0.17209,0.02483,0.012852,0.0094646,0.0068213,0.0078496,0.0034738,0.0046654,0.027728,0.0023902,0.0013212,0.0012504,0.0017772,0.001856,0.0028467,0.0037284,0.0091254,0.03899,0.0028419,0.0021249,0.0013242,0.0010536,0.00076802,0.0010004,0.00066568,0.004963,0.00084959,0.00022628,0.00056316,0.00075178,0.002618,0.0036655,0.0058004,0.020586,0.074786,0.009334,0.0070963,0.0058713,0.0049452,0.004244,0.0044015,0.004242
0.0019284,0.00098909,0.0023158,0.0028224,0.0034007,0.0048979,0.0083061,0.014335,0.029917,0.049503,0.016882,0.010653,0.0080122,0.007931,0.0060117,0.0078209,0.0045224,0.023577,0.00074408,0.00097795,0.001155,0.00078635,0.0013225,0.001973,0.0034526,0.01164,0.013464,0.0065689,0.0031423,0.0022674,0.0019077,0.0018953,0.0017274,0.0014973,0.00081825,0.00087913,0.0019191,0.0016677,0.0019175,0.0026743,0.0034,0.0056021,0.019564,0.021917,0.009345,0.0046451,0.00339,0.002932,0.0025426,0.0019004,0.0023098,0.010742,0.0090178,0.0082826,0.009212,0.010276,0.011679,0.015217,0.023003,0.051446,0.14029,0.023388,0.01221,0.0067686,0.0044999,0.0028858,0.0014491,0.0015679,0.024159,0.0020244,0.0015496,0.0015514,0.0016064,0.0018068,0.0023747,0.0035488,0.0078351,0.016909,0.0034558,0.0018143,0.00090381,0.00098868,0.00080192,0.00022752,0.00024796,0.0023518,0.0016034,0.0021716,0.0024549,0.0032765,0.0039862,0.0055366,0.0091807,0.022768,0.054774,0.01577,0.008729,0.0063947,0.0054505,0.0047126,0.004563,0.004427,0.046141,0.0043317,0.0054456,0.0063416,0.0071536,0.0068778,0.0091228,0.0098012,0.017306,0.065462,0.072693,0.019159,0.0099594,0.0076074,0.0049867,0.0040565,0.0040379,0.030659,0.0014441,0.0010458,0.0005932,0.00084824,0.0011249,0.0013793,0.0017465,0.00061988,0.015998,0.014686,0.003531,0.0020749,0.0011122,0.0011487,0.0011513,0.00088884,0.0059854,0.002665,0.0022484,0.0022229,0.0027644,0.0029426,0.0031695,0.0032471,0.010882,0.017686,0.019901,0.0057752,0.0030664,0.0019726,0.0014099,0.00089077,0.00083924,0.017847,0.0026218,0.0033988,0.0043836,0.0061636,0.0086047,0.01347,0.023892,0.055376,0.19837,0.02871,0.021725,0.016788,0.014712,0.012178,0.014377,0.013685,0.026102,0.0019609,0.00025202,0.00056539,0.00080408,0.0010992,0.0021892,0.0039071,0.010487,0.037244,0.0086102,0.0041321,0.0033326,0.0029754,0.002995,0.001546,0.0019398,0.0062104,0.0054816,0.0053745,0.0055544,0.0055667,0.0070302,0.0089837,0.012979,0.028528,0.069755,0.011117,0.0057658,0.0034235,0.0022438,0.0013947,0.00066823,9.1564e-05
0.012221,0.0031524,0.003392,0.0046447,0.005964,0.0075619,0.011017,0.020802,0.067175,0.042311,0.012062,0.01059,0.0086015,0.0071558,0.0066887,0.0050583,0.007208,0.026684,0.0021688,0.00078667,0.00095508,0.0009283,0.0016781,0.0023657,0.004492,0.014681,0.0064899,0.0015693,0.0019956,0.0012717,0.0011353,0.0011324,0.0010914,0.0011826,0.0090066,0.0014721,0.00157,0.0015292,0.0015582,0.0023182,0.0034168,0.0060346,0.02216,0.0069209,0.0027004,0.0020964,0.001849,0.0016781,0.0013715,0.0014836,0.001339,0.014141,0.014593,0.014591,0.016972,0.017828,0.0212,0.025768,0.037468,0.097915,0.25521,0.043455,0.021261,0.014964,0.010196,0.0087642,0.0070661,0.0067407,0.017878,0.0026238,0.0011346,0.0014134,0.00053459,0.00073969,0.00070821,0.0014308,0.0039655,0.01585,0.0019701,0.001,0.00075811,0.00088623,0.00059405,0.0012114,0.00039101,0.010788,0.0036627,0.0045832,0.0048977,0.0053528,0.0067664,0.0083297,0.012326,0.030485,0.058217,0.013744,0.0059299,0.0035334,0.0022494,0.0014586,0.00074703,0.00066377,0.067594,0.0064586,0.0072393,0.0072537,0.0081687,0.011199,0.014287,0.020105,0.049827,0.034519,0.092192,0.028121,0.018379,0.014554,0.011948,0.01127,0.011658,0.024235,0.0026904,0.002612,0.0029167,0.002703,0.0021948,0.0030506,0.0054896,0.0093088,0.0060493,0.012375,0.0023524,0.0018781,0.0014267,0.0008337,0.00060407,0.00064849,0.010264,0.00151,0.0014032,0.0018419,0.0020467,0.0022109,0.0032438,0.0055386,0.012178,0.021143,0.021425,0.0053293,0.0030378,0.0025473,0.0022349,0.0021373,0.0021611,0.018292,0.013684,0.013296,0.0141,0.015509,0.01826,0.024307,0.038763,0.081696,0.16511,0.029308,0.021847,0.015479,0.011518,0.0091701,0.012123,0.0095407,0.029154,0.0034036,0.00227,0.0021089,0.002628,0.0032997,0.0043583,0.0063775,0.015362,0.027015,0.0071267,0.0038196,0.0029801,0.0021341,0.0023084,0.00091251,0.0011387,0.0065423,0.0026504,0.0021252,0.0025936,0.0034075,0.0042388,0.0061671,0.011155,0.029767,0.073678,0.015346,0.010012,0.0080088,0.0068618,0.0061813,0.0058038,0.0056344
0.0011311,0.0098182,0.0091626,0.010695,0.011824,0.014061,0.017608,0.027392,0.13065,0.063594,0.022729,0.01086,0.006092,0.0028629,0.0027277,0.004125,0.00096705,0.012976,0.0030043,0.0031395,0.0033058,0.0034253,0.0046455,0.0060403,0.0093072,0.035881,0.024197,0.0097267,0.0039069,0.0023808,0.001552,0.00093038,0.00065778,0.00061228,0.0092374,0.0038942,0.0035081,0.0038478,0.00418,0.0050858,0.0064114,0.0098281,0.041918,0.020117,0.011231,0.003934,0.0023759,0.0015083,0.0010936,0.00046973,7.0579e-05,0.028595,0.0082635,0.0086706,0.0087825,0.0116,0.014708,0.019321,0.033536,0.079049,0.41344,0.050276,0.030133,0.022745,0.019245,0.018051,0.015699,0.014733,0.01079,0.00064523,0.0004078,0.0006516,0.000194,0.00054944,0.0009201,0.0014616,0.0037413,0.019316,0.001014,0.0014236,0.0007469,0.00062134,0.00050837,0.0010836,1.7181e-05,0.0037518,0.00098671,0.00071881,0.0010424,0.0013967,0.0013868,0.0021979,0.002835,0.0077331,0.053852,0.010206,0.0052232,0.0038318,0.0033317,0.0030723,0.0026365,0.0024052,0.046439,0.0079994,0.0085731,0.0085128,0.010865,0.013138,0.018404,0.033096,0.11792,0.12105,0.078094,0.025571,0.017831,0.01438,0.009699,0.010496,0.01074,0.021971,0.0037596,0.0027433,0.0031888,0.003475,0.0036202,0.0046112,0.0062242,0.025805,0.025228,0.0091219,0.0040161,0.002296,0.0010335,0.0011057,0.00040577,0.00050545,0.0013485,0.0042484,0.0048366,0.0052065,0.0058531,0.0066903,0.0083796,0.012918,0.042503,0.034317,0.023167,0.0067233,0.0047785,0.003345,0.0022596,0.0023176,0.0018673,0.0023747,0.010522,0.012259,0.0065743,0.018958,0.02193,0.0040524,0.05155,0.15702,0.05688,0.042775,0.049249,0.021531,0.011085,0.027189,0.018879,0.0048505,0.022961,0.003373,0.0028859,0.0021957,0.0038665,0.0040564,0.0028996,0.009728,0.021435,0.018315,0.012873,0.0060858,0.001401,0.002709,0.0027658,0.0031314,0.0020867,0.0016289,0.0028147,0.0011608,0.0043096,0.0064472,0.0044423,0.0040716,0.01773,0.041318,0.039717,0.025886,0.018059,0.0068406,0.0053122,0.010362,0.0080105,0.0021935
0.0040475,0.0046459,0.0062785,0.0065427,0.0069585,0.0095137,0.012886,0.027142,0.057937,0.02793,0.012685,0.0087844,0.0075546,0.0059296,0.0048046,0.0034647,0.011532,0.01227,0.0022195,0.0021394,0.0020483,0.002355,0.0030361,0.0030917,0.0055184,0.017295,0.011139,0.0084045,0.0022492,0.0014413,0.00081341,0.00059892,0.0002861,5.915e-05,0.0018902,0.0019386,0.002147,0.0022873,0.0026754,0.0037164,0.0049785,0.0073176,0.032325,0.021114,0.0076183,0.0041406,0.0032063,0.0026022,0.002379,0.0023885,0.0020581,0.039996,0.030633,0.031926,0.032672,0.037166,0.04278,0.053634,0.07937,0.19788,0.52801,0.085871,0.042244,0.028351,0.018941,0.01287,0.012411,0.010916,0.013827,0.0017485,0.00051958,0.00071456,0.00052378,0.0010079,0.0010331,0.001412,0.0033002,0.016178,0.0011345,0.0013072,0.0012754,0.00085474,0.0014894,0.0021773,0.00020408,0.0002575,0.0041118,0.004001,0.0044344,0.0052036,0.0057511,0.0075146,0.011019,0.029011,0.051414,0.0137,0.0061721,0.0039699,0.0029673,0.0023635,0.0017298,0.0021458,0.048554,0.0032046,0.0037824,0.0040371,0.005669,0.0055555,0.0096939,0.022501,0.058685,0.10801,0.073155,0.0061624,0.0032305,0.0028018,0.001612,0.0013103,0.0015755,0.019244,0.00174,0.0011731,0.0013346,0.0011269,0.0023024,0.0019741,0.0024722,0.015839,0.036492,0.018853,0.0018805,0.0011002,0.00086898,0.00049947,0.00064128,0.00037957,0.011332,0.0041803,0.004337,0.0045329,0.0051654,0.0054337,0.0067424,0.0077138,0.031876,0.017085,0.025412,0.0068262,0.0039893,0.0023664,0.001415,0.00086302,0.00015449,0.022351,0.0090649,0.008022,0.010078,0.011955,0.01509,0.021108,0.033603,0.1129,0.14589,0.055607,0.03005,0.022557,0.018857,0.016827,0.017205,0.013497,0.012177,0.002981,0.0027824,0.0030021,0.0031842,0.0038614,0.0048383,0.0070485,0.016367,0.033207,0.0032517,0.0024352,0.0016705,0.00079963,0.00084839,0.0014711,0.00021743,0.0093061,0.0030653,0.0033913,0.0036538,0.004144,0.005462,0.0068799,0.01002,0.027278,0.056223,0.0071899,0.0065029,0.0049674,0.0039582,0.0034123,0.0030998,0.0033322
0.0080358,0.0029032,0.0031794,0.0044965,0.0043792,0.0058887,0.0089157,0.020467,0.058729,0.056599,0.017339,0.012283,0.0093592,0.0092626,0.0074734,0.0070204,0.007269,0.0036107,0.0012165,0.0009152,0.0009651,0.0016314,0.00054886,0.0010213,0.0023737,0.011108,0.010707,0.0054234,0.001518,0.0011041,0.0013322,0.0011328,0.00086891,0.0009022,0.0021363,0.0011046,0.0010944,0.0013838,0.0016838,0.0022795,0.0039879,0.0068745,0.023849,0.026732,0.0064064,0.0047864,0.0039385,0.0033069,0.0031625,0.0031992,0.0030671,0.00086785,0.006472,0.010304,0.01355,0.019375,0.02661,0.040559,0.073332,0.2129,0.58078,0.11414,0.071579,0.056006,0.047114,0.043129,0.040724,0.039572,0.0037938,0.0022811,0.0014119,0.00028285,0.0010346,0.00097,0.0010862,0.0015774,0.0022187,0.017089,0.00084997,0.0010979,0.0004085,0.00044077,0.00037873,0.00047811,0.00077248,0.0040951,0.0025185,0.0022878,0.0025108,0.0028272,0.0035413,0.0051676,0.0078668,0.023942,0.026759,0.0099906,0.0064007,0.0048911,0.0040831,0.0036937,0.0035193,0.0034695,0.049947,0.0055258,0.0054048,0.0069611,0.0093643,0.0077137,0.011692,0.022628,0.005668,0.035428,0.090105,0.012777,0.012784,0.01004,0.0030574,0.0043651,0.0059701,0.0096265,0.0020092,0.00090066,0.00068643,0.0013576,0.0003392,0.0014815,0.0021767,0.0038057,0.0077962,0.013284,0.0026519,0.0029807,0.0005153,0.0013108,0.0012412,0.00031471,0.0021916,0.0017611,0.00060676,0.0014307,0.00038487,0.0015597,0.00092138,0.0022191,0.011221,0.025393,0.013803,0.0069056,0.0013807,0.0020591,0.0020049,0.0010718,0.0017262,0.00070383,0.0066378,0.0069632,0.0070976,0.0077641,0.008791,0.011311,0.012947,0.016765,0.14813,0.032856,0.011607,0.0068158,0.0052366,0.0035222,0.002582,0.0032101,0.0090562,0.0020483,0.0012799,0.0011284,0.002065,0.0022627,0.0033821,0.0055585,0.015061,0.037074,0.00371,0.0043361,0.0033065,0.0027555,0.0024767,0.0031753,0.0021248,0.00081255,0.004695,0.0046694,0.0051694,0.005538,0.0066614,0.0084226,0.011918,0.031512,0.0485,0.0076138,0.005562,0.0032552,0.0022539,0.0016682,0.0010504,0.00090026
0.0057546,0.0040849,0.0031373,0.0046913,0.0048296,0.0072915,0.010462,0.019695,0.052957,0.054783,0.029477,0.016003,0.012274,0.010744,0.0094044,0.010814,0.0079557,0.0035592,0.0014333,0.0011269,0.0013722,0.0014598,0.0025068,0.003066,0.0051052,0.013162,0.011232,0.0098713,0.0042135,0.003071,0.0024554,0.0024194,0.0022323,0.0020943,0.00083732,0.00072246,0.00083215,0.0010128,0.0014028,0.0019688,0.0031473,0.0059746,0.016199,0.0085766,0.013187,0.0055281,0.0041845,0.003455,0.0031434,0.0027433,0.0030232,0.0024796,0.0083705,0.0090313,0.0098179,0.0114,0.015141,0.02153,0.035684,0.099089,0.17722,0.044589,0.028701,0.02248,0.018452,0.018278,0.014988,0.015751,0.0018635,0.00040106,0.00011758,0.00015851,0.00013334,0.00015034,0.00038665,0.0010338,0.0025308,0.021291,0.0026958,0.0011673,0.00072355,0.00029134,0.0011529,0.00054666,0.00073434,0.00070762,0.00020223,0.00045853,0.00095734,0.0014986,0.0022593,0.0035657,0.0068421,0.018744,0.036985,0.0075697,0.0063308,0.0050028,0.0043711,0.0037688,0.0035977,0.003584,0.040665,0.0018918,0.0030259,0.0022011,0.003426,0.0026974,0.0041443,0.0078021,0.039219,0.091105,0.061185,0.0098094,0.0027258,0.0029329,0.0023627,0.00082831,0.00063706,0.0059148,0.00083698,0.0010997,0.0010292,0.00075684,0.00089724,0.0010817,0.0030946,0.0080116,0.017024,0.0039805,0.0015171,0.00046825,0.00047122,0.00051514,0.00041493,0.00020792,0.00064469,0.0011284,0.0012777,0.0017982,0.002309,0.0029863,0.0046993,0.0085654,0.020075,0.017182,0.028041,0.010579,0.0070939,0.0059326,0.0054268,0.0048424,0.0049859,0.0065633,0.0094472,0.0091653,0.010772,0.012265,0.01545,0.022044,0.033676,0.090998,0.19016,0.053604,0.028778,0.021111,0.017179,0.015646,0.013305,0.012594,0.0030137,0.0011035,0.0016416,0.0017083,0.0017706,0.0023778,0.0035327,0.0056064,0.014076,0.031616,0.0094093,0.0050828,0.0038644,0.0031658,0.0026624,0.003116,0.0030289,0.0057965,0.0029329,0.0029425,0.0033082,0.0038286,0.0047724,0.0067627,0.011566,0.027929,0.052908,0.01552,0.0094647,0.0071034,0.005982,0.0053826,0.0050201,0.0049725
0.014258,0.0018148,0.0053208,0.0047757,0.0052999,0.0073251,0.011659,0.023224,0.069863,0.080838,0.028878,0.018582,0.013713,0.011678,0.011075,0.010864,0.0098096,0.0048543,0.0018727,0.0009113,0.0010153,0.0012987,0.0026099,0.0026657,0.0050574,0.017471,0.01842,0.0081155,0.0044058,0.0032369,0.0027798,0.0026437,0.0021812,0.0021382,0.0019112,0.00033673,0.00029834,0.00057244,0.00082145,0.0017666,0.0033017,0.0048175,0.018957,0.027289,0.011363,0.0056374,0.0041679,0.0035621,0.0032852,0.0033246,0.0030899,0.0021038,0.02139,0.034694,0.03572,0.020772,0.012151,0.058281,0.11863,0.22403,0.18309,0.10103,0.10478,0.075533,0.033414,0.012358,0.04266,0.053603,0.0051366,0.0020046,0.0016402,0.0012846,0.00054564,0.0014162,0.0026501,0.0034327,0.0035105,0.011518,0.006742,0.003799,0.0026087,0.00099129,0.00054476,0.0011707,0.0013256,9.1568e-05,0.0029568,0.0040468,0.0054303,0.0041409,0.0016416,0.0081256,0.018389,0.039699,0.035998,0.015474,0.014018,0.0099989,0.005158,0.0036676,0.0061675,0.0069886,0.047808,0.0080371,0.0075407,0.0083364,0.0095745,0.011377,0.015144,0.023594,0.080559,0.070145,0.08419,0.024016,0.017283,0.012628,0.013106,0.010263,0.010645,0.0013352,0.0012912,0.001643,0.0013924,0.0015609,0.0026648,0.0043594,0.0053338,0.014842,0.012786,0.0050578,0.0037223,0.0018301,0.0014602,0.0011544,0.0011071,0.00092316,0.003809,0.0011216,0.0009216,0.0011485,0.0016743,0.0024764,0.0037262,0.0081294,0.027055,0.03249,0.018729,0.007541,0.0051516,0.0042676,0.0037023,0.0038987,0.0035992,0.016739,0.018476,0.017093,0.018065,0.020373,0.025234,0.031992,0.050856,0.13477,0.11892,0.045447,0.024742,0.015991,0.013151,0.010078,0.011193,0.008835,0.003481,0.0029783,0.0025452,0.0030224,0.0037737,0.0038584,0.0051401,0.0074838,0.018602,0.017866,0.011288,0.0040066,0.0025244,0.0018648,0.0012911,0.00085199,0.0008831,0.0084669,0.0012668,0.0018166,0.0025407,0.0035536,0.0039571,0.0061099,0.011834,0.033203,0.059971,0.021695,0.011297,0.0088295,0.0075823,0.0069744,0.0062819,0.0063725
0.020737,0.0018009,0.0038727,0.0013007,0.0027786,0.0044765,0.0065929,0.011678,0.045217,0.084299,0.015498,0.012165,0.0095876,0.0081363,0.008787,0.0055968,0.0062638,0.0058862,0.00081684,0.00059813,0.00063638,0.00060954,0.0013086,0.0014484,0.0030355,0.010443,0.020822,0.003295,0.0014179,0.0014752,0.0010993,0.0009989,0.0012991,0.0011406,0.0022355,0.0014723,0.0013189,0.0015647,0.0015758,0.0025299,0.0029248,0.0039624,0.0089661,0.03164,0.0075845,0.0026998,0.0017202,0.0012511,0.0012146,0.00092301,0.00095369,0.0071927,0.007304,0.0059818,0.010807,0.014977,0.02239,0.034413,0.062318,0.19773,0.55273,0.10626,0.066035,0.05068,0.043042,0.038796,0.035635,0.036479,0.01203,0.0014193,0.001076,0.00053969,0.0012958,0.0011108,0.0011494,0.0024502,0.0058825,0.016767,0.0050898,0.0018407,0.0014566,0.00085455,0.0011542,0.0014394,0.00072671,0.001812,0.0011636,0.0013693,0.0020014,0.0022065,0.003195,0.0048472,0.0088089,0.021892,0.02929,0.011971,0.0070414,0.0054037,0.0045086,0.0041607,0.0039802,0.003769,0.043595,0.0066086,0.0058,0.0073383,0.0099382,0.01138,0.014739,0.027061,0.085801,0.027345,0.1016,0.038191,0.023756,0.020414,0.014578,0.015979,0.016144,0.0038186,0.0022211,0.0023431,0.0017567,0.0020546,0.0034015,0.0041325,0.0063515,0.013654,0.006807,0.0099627,0.0049589,0.0033971,0.0023419,0.0018942,0.0018942,0.0015869,4.3876e-05,0.0014593,0.0016757,0.0012862,0.0019535,0.0023013,0.0029897,0.0056145,0.021954,0.032922,0.011849,0.0016186,0.00067477,0.00034425,0.00062205,0.00036413,0.00011254,0.024817,0.015726,0.017688,0.01806,0.020837,0.024948,0.031947,0.048928,0.14173,0.16167,0.032846,0.022382,0.015143,0.012138,0.0092371,0.0097453,0.0077153,0.0034352,0.003457,0.0024122,0.0031372,0.003104,0.0038055,0.0048178,0.0074846,0.018451,0.022066,0.01024,0.0038116,0.0025227,0.0016258,0.0014116,0.0019576,0.0010167,0.0038167,0.0036815,0.0041002,0.0046224,0.0053717,0.0058187,0.0081838,0.014013,0.032176,0.035543,0.016211,0.0086643,0.0062143,0.0050188,0.0043243,0.0041447,0.0041142
0.029669,0.0022934,0.0020396,0.0015219,0.001601,0.0021705,0.0021173,0.0067581,0.010683,0.040834,0.009235,0.001989,0.0016269,0.0017225,0.0015899,0.00086453,0.00062372,0.0049077,0.00091347,0.001583,0.0010837,0.00055343,0.0015013,0.0019507,0.002995,0.00836,0.012647,0.0064584,0.0022475,0.0013275,0.0014116,0.00080983,0.00067247,0.00067331,0.0034505,0.00069052,0.00022045,0.0004045,0.00090491,0.0011269,0.0014553,0.0046853,0.0087248,0.03401,0.010782,0.0046585,0.0034126,0.0027483,0.0026268,0.0024032,0.0024357,0.030228,0.014366,0.016316,0.01698,0.020621,0.024659,0.032959,0.053417,0.13149,0.234,0.060133,0.033544,0.024939,0.020592,0.016687,0.017256,0.014908,0.01912,0.00079055,0.00069489,0.0008259,0.00031254,0.0003069,0.00046704,0.00087408,0.0017209,0.020321,0.0015473,0.00054859,0.00053757,0.00028138,0.00066595,0.0011305,0.00044252,0.0012131,0.00078977,0.00074606,0.0012225,0.001486,0.0023691,0.0037902,0.0050737,0.021645,0.033885,0.012726,0.0074528,0.0054577,0.0046392,0.0044236,0.0038284,0.0037423,0.056106,0.00099113,0.00087744,0.0032012,0.0046312,0.0076299,0.010756,0.020834,0.050506,0.065571,0.079361,0.026475,0.019238,0.016393,0.015811,0.013108,0.012388,0.011191,0.0023579,0.0018314,0.0015103,0.0013176,0.0029377,0.0029858,0.0042131,0.013276,0.0094389,0.0053781,0.0013984,0.0023107,0.00086002,0.00061989,0.00061421,0.00061991,0.0019532,0.0024285,0.0028291,0.0030282,0.0034276,0.0038593,0.0048135,0.0068372,0.020743,0.011475,0.018585,0.0051622,0.0025557,0.0017898,0.0012348,0.00093369,0.00090791,0.0051041,0.021246,0.022442,0.022934,0.023993,0.026354,0.029983,0.036351,0.081863,0.16282,0.022992,0.012223,0.0074662,0.0066447,0.0066385,0.0034294,0.008484,0.0036832,0.0052797,0.0043499,0.0043422,0.0050177,0.0054285,0.0065617,0.0083672,0.018142,0.024631,0.0066472,0.0020106,0.00077338,0.00036945,0.00062088,0.0016376,4.7687e-05,0.010311,0.0033776,0.0034651,0.0038912,0.0045289,0.0054403,0.0073253,0.0096984,0.03188,0.053434,0.012908,0.0062121,0.0040411,0.0028217,0.0019481,0.0014953,0.0013886
0.028508,0.0029186,0.0019375,0.0016881,0.0034573,0.003042,0.0036604,0.0046607,0.00977,0.068299,0.010646,0.0034925,0.0021514,0.0020335,0.0012781,0.0014128,0.0018006,0.013476,0.0028753,0.0010023,0.0018516,0.0012091,0.0015243,0.0014924,0.0029404,0.0061132,0.028068,0.0064754,0.0018027,0.0011513,0.0011337,0.0012341,0.00050544,0.00059319,0.0019684,0.0020293,0.0014373,0.0018817,0.0024227,0.0019248,0.0018929,0.0036985,0.0092662,0.038386,0.0083969,0.0025029,0.0013895,0.00089771,0.00073948,0.00064366,0.00040819,0.00017165,0.0098088,0.012599,0.012213,0.01419,0.015949,0.021679,0.035496,0.076324,0.21582,0.029227,0.01796,0.010614,0.0084033,0.0085972,0.0048514,0.0047608,0.024805,0.001831,0.0013668,0.0014131,0.0011023,0.00061817,0.00072795,0.0010806,0.00079683,0.022071,0.0026709,0.00061368,0.00031565,0.00018994,0.00044457,0.00048209,0.00094415,0.0020943,0.0025086,0.003144,0.0029574,0.0028063,0.0042235,0.0057424,0.0086,0.018327,0.05285,0.011307,0.0045332,0.0025785,0.0016174,0.0010681,0.00059086,0.00028611,0.055676,0.007107,0.0054435,0.0064933,0.0062332,0.0087417,0.011377,0.020367,0.02341,0.11094,0.081865,0.020611,0.015698,0.013538,0.0093679,0.0087228,0.0074884,0.015015,0.0027092,0.0019736,0.0022678,0.00055865,0.0020735,0.0026782,0.0052232,0.012439,0.035496,0.016267,0.0013818,0.0025259,0.0021834,0.0020619,0.0019339,0.0019226,0.0066415,0.0027862,0.0027704,0.0030837,0.0034034,0.0031914,0.0033622,0.0079087,0.018888,0.0367,0.018876,0.0060386,0.0033542,0.0023197,0.0021351,0.0018232,0.0015755,0.028258,0.010686,0.0086504,0.0098095,0.010139,0.012256,0.015501,0.016429,0.065752,0.15426,0.011873,0.010354,0.0059483,0.0040623,0.0023857,0.0015738,0.0029126,0.0043259,0.0015297,0.001772,0.0029799,0.0028279,0.0033959,0.0041582,0.0053847,0.011718,0.032628,0.0092411,0.0041192,0.002817,0.00212,0.0015888,0.0020988,0.0014611,0.0016842,0.0035623,0.003666,0.003439,0.0041439,0.0050107,0.00722,0.0099161,0.021036,0.072083,0.010934,0.0059357,0.0038801,0.0029217,0.0023101,0.0019961,0.0019055
0.037432,0.0031125,0.001107,0.00095486,0.0011517,0.0019663,0.0017809,0.00053366,0.021215,0.081845,0.004411,0.0013134,0.00060921,0.0017119,0.0040564,0.0012193,0.00084117,0.027611,0.0036903,0.0025804,0.0014366,0.0022092,0.00048827,0.0015187,0.0020444,0.0064286,0.026433,0.0064659,0.0029896,0.0022182,0.0020856,0.001769,0.0013386,0.0014992,0.0058595,0.0012362,0.0013521,0.00154,0.0013991,0.0014648,0.0005554,0.00135,0.0051442,0.035358,0.0081957,0.0035101,0.0026357,0.0019813,0.001831,0.0018262,0.001709,0.01041,0.011392,0.0082775,0.011563,0.012195,0.015524,0.020996,0.030497,0.098884,0.40307,0.071924,0.039192,0.028987,0.023893,0.022238,0.020887,0.018299,0.040499,0.0027345,0.0014663,0.0032257,0.00099325,0.0013148,0.00048647,0.00060879,0.0026084,0.014578,0.0023136,0.00089309,0.00034498,0.00044101,0.00044261,0.0004207,0.0010968,0.0050526,0.0018414,0.0011141,0.0013445,0.0017692,0.0020483,0.0048075,0.011734,0.016786,0.056988,0.014987,0.0078653,0.0058757,0.0047773,0.0041407,0.0039905,0.0040913,0.031762,0.01021,0.012342,0.013725,0.014863,0.018293,0.023548,0.026951,0.047537,0.068094,0.086658,0.024164,0.012862,0.0087874,0.0043765,0.0035129,0.0014916,0.029612,0.0056651,0.0025286,0.0031348,0.0017937,0.0019624,0.0028808,0.006316,0.012539,0.026608,0.017697,0.0045552,0.0029408,0.0023168,0.0019848,0.0019645,0.0016232,0.0096819,0.0019618,0.00059337,0.00073157,0.0015489,0.0014096,0.0016235,0.0043654,0.013298,0.051334,0.014858,0.0056854,0.0041968,0.0033902,0.0030306,0.0029062,0.0027199,0.029704,0.00178,0.0025141,0.0026365,0.0029528,0.0039231,0.0048284,0.01038,0.037816,0.14786,0.0034844,0.0098005,0.0070829,0.0063527,0.00511,0.0041581,0.0052853,0.020588,0.0046601,0.0027051,0.0049782,0.0022709,0.0019302,0.0027973,0.004104,0.0088578,0.043491,0.0087644,0.0030388,0.0022158,0.0016318,0.0011861,0.0015766,0.001133,0.0032673,0.00096195,0.0016558,0.0018577,0.001358,0.0030112,0.0049682,0.013607,0.017619,0.071579,0.016304,0.0090842,0.0064916,0.0055643,0.0048743,0.0046855,0.0043011
0.0434,0.0022622,0.0019289,0.0029232,0.0037386,0.0042101,0.0056679,0.013936,0.0071389,0.019997,0.010663,0.0064237,0.0049309,0.004761,0.0038249,0.0040508,0.0032731,0.044217,0.0018242,0.0015867,0.0013532,0.0015133,0.00033389,0.00063787,0.00050767,0.0040843,0.0056891,0.0020301,0.001426,0.0014255,0.00084649,0.0012972,0.0011657,0.0011902,0.012999,0.0011631,0.0010362,0.0019215,0.0024512,0.0021443,0.0027958,0.0031963,0.0077893,0.022943,0.0056523,0.0023321,0.0014601,0.0014231,0.00070868,0.0010012,0.00079538,0.0026989,0.0097791,0.010537,0.009,0.010118,0.012008,0.015251,0.0069461,0.053233,0.48014,0.03702,0.012507,0.0080249,0.0037869,0.0013105,0.0010689,0.0002575,0.052008,0.0015886,0.00086874,0.0042816,0.0015397,0.00057098,0.0013032,0.0019402,0.0012411,0.015353,0.0048918,0.001684,0.00043829,0.001101,0.00081543,0.00059404,0.0004902,0.0094301,0.0011944,0.0019194,0.0024219,0.003442,0.0022932,0.0038524,0.012826,0.0086789,0.062054,0.0046541,0.0022608,0.0014117,0.00091,0.0004972,0.00031471,3.8221e-06,0.029784,0.0034074,0.0063219,0.00649,0.0097012,0.0067836,0.0081309,0.0070929,0.048805,0.023234,0.10529,0.036671,0.015974,0.0063898,0.0086152,0.014748,0.018664,0.047021,0.00055913,0.0025617,0.00081563,0.0037376,0.0031767,0.0025095,0.0022854,0.0066117,0.010131,0.011267,0.0051069,0.0015514,0.00040053,0.001761,0.0021571,0.0025483,0.017292,0.0008482,0.0017703,0.0013304,0.0019347,0.0028849,0.0024276,0.0076996,0.010711,0.030675,0.011119,0.0036151,0.0015129,0.0010916,0.00083165,0.00093405,0.001152,0.029025,0.0051834,0.004601,0.0030226,0.0055562,0.0050014,0.0062153,0.025945,0.043241,0.14084,0.02263,0.0098708,0.0078815,0.0053416,0.0058078,0.0060057,0.0067388,0.039796,0.0026731,0.0015454,0.0033087,0.00060164,0.0025707,0.0028678,0.0058644,0.0090306,0.03997,0.011731,0.0048444,0.0038572,0.0024138,0.0029722,0.0024047,0.0024414,0.0028763,0.0033667,0.0028725,0.0041834,0.0030757,0.0041843,0.0057149,0.015541,0.011989,0.069352,0.013173,0.0044708,0.0029805,0.0016545,0.0012894,0.00056173,0.00053405
0.022789,0.0024651,0.0056139,0.0040077,0.0060033,0.0067326,0.0048143,0.0025869,0.035511,0.040477,0.01884,0.0088812,0.0043,0.0036996,0.0046623,0.002636,0.0023194,0.05045,0.0033897,0.00017888,0.0024791,0.0013608,0.00090918,0.00065208,0.0031758,0.0063889,0.023544,0.0058628,0.0023393,0.0015177,0.001134,0.00056734,0.0004712,0.00062562,0.011032,0.0026325,0.0031737,0.0021122,0.0041314,0.004454,0.0035089,0.010608,0.0094536,0.024606,0.014306,0.0052406,0.0029837,0.0019774,0.0010569,0.00050967,9.1568e-05,0.01306,0.0090324,0.011621,0.0071681,0.012489,0.013344,0.016232,0.013075,0.065382,0.48111,0.042236,0.018256,0.012916,0.008781,0.0084145,0.0061081,0.0058652,0.045132,0.00089992,0.00027737,0.0049614,0.0021534,0.0011947,0.00027454,0.0046521,0.0017107,0.020289,0.0018898,0.00099361,0.00070418,0.00028388,0.00086261,0.0004286,1.5251e-05,0.008402,0.0013335,0.0012027,0.001825,0.0019116,0.0026136,0.0024207,0.013428,0.0072268,0.037118,0.0061731,0.0031424,0.0024522,0.0020192,0.0016956,0.0016209,0.0014897,0.028151,0.0085464,0.0082049,0.0080904,0.0083153,0.0098804,0.013459,0.023677,0.020418,0.059794,0.069262,0.020162,0.012008,0.007124,0.0018852,0.0037523,0.0038052,0.041037,0.0022525,0.00038598,0.0013232,0.00086743,0.001448,0.00038228,0.0029907,0.0013897,0.023938,0.005264,0.00075147,0.00036596,0.00029531,0.00039182,0.00018883,5.1502e-05,0.013605,0.0023082,0.0015085,0.001252,0.0017196,0.0033195,0.0034588,0.0059726,0.0084582,0.052155,0.012291,0.003566,0.0023896,0.0016978,0.0012726,0.0014658,0.0013943,0.010019,0.0089399,0.010782,0.012796,0.011568,0.013971,0.017189,0.048573,0.047541,0.15851,0.036959,0.012366,0.0058784,0.0049037,0.0040664,0.0026704,0.00054359,0.046498,0.0030976,0.0022835,0.003431,0.0040351,0.0031868,0.003349,0.0064124,0.011402,0.043873,0.0095135,0.0031059,0.0021401,0.0013049,0.00020548,0.0006601,0.00049593,0.0011769,0.0013649,0.0014165,0.001369,0.0013897,0.00344,0.0035168,0.0121,0.013728,0.057794,0.014879,0.0067335,0.0050408,0.0043565,0.0036788,0.0032758,0.003439
0.014044,0.0023163,0.0027246,0.0023536,0.0020632,0.0030979,0.0032613,0.011391,0.027137,0.03026,0.020154,0.0073949,0.0052526,0.0029555,0.0038519,0.0041561,0.0029698,0.052998,0.0026994,0.0015773,0.0024429,0.0011424,0.0017334,0.0023818,0.0020903,0.0037974,0.0042004,0.010423,0.003357,0.0022325,0.001659,0.0015079,0.0009496,0.0010109,0.016987,0.00099942,0.001417,0.0017039,0.0025055,0.0025777,0.0037007,0.0061199,0.0057175,0.030319,0.014721,0.0058046,0.0037238,0.0028893,0.0025472,0.0025822,0.0025482,0.033144,0.0049441,0.0027168,0.0055506,0.0028157,0.0030179,0.0062344,0.032512,0.0090492,0.43708,0.015621,0.010764,0.0077931,0.0063737,0.0065277,0.0056559,0.0047856,0.038285,0.0015959,0.00092446,0.0056547,0.0021034,0.0012976,0.0016743,0.0052896,0.00094384,0.017401,0.0013308,0.0010993,0.000758,0.0006326,0.00070716,0.00029066,0.00061798,0.007784,0.00098405,0.00037135,0.00082467,0.0011486,0.0002856,0.0015148,0.015013,0.0019725,0.02501,0.004921,0.0010462,0.00052013,0.00022166,0.00021942,7.4195e-05,0.00015068,0.0065309,0.0046014,0.0035812,0.00118,0.0027402,0.0049552,0.0058989,0.0082626,0.046416,0.076587,0.072698,0.023581,0.01546,0.01299,0.0086816,0.0096092,0.0097276,0.036795,0.0013458,0.0016692,0.0029756,0.0016347,0.0013137,0.0016461,0.0040745,0.007272,0.014374,0.0046161,0.0028406,0.00098749,0.00090088,0.00069439,0.0010904,0.0009556,0.0064164,0.003633,0.0035543,0.0043626,0.0048507,0.0056983,0.00683,0.0077434,0.0079453,0.018581,0.021417,0.0072301,0.0033462,0.00221,0.0011673,0.00076758,0.00041199,0.011427,0.0073538,0.010591,0.007981,0.0067546,0.014268,0.031345,0.03971,0.066378,0.14459,0.063264,0.058845,0.041672,0.018154,0.0079025,0.026,0.029696,0.05144,0.00084177,0.001994,0.0075638,0.0018942,0.0031747,0.0064202,0.0085395,0.017124,0.037038,0.017905,0.014488,0.0097386,0.0037126,0.0029523,0.0051276,0.0074788,0.0031128,0.0046027,0.0057259,0.0056028,0.0035406,0.0058754,0.011224,0.0042444,0.020687,0.038728,0.016942,0.011117,0.0069292,0.0024155,0.0013435,0.0040824,0.0050698
0.0098592,0.0022906,0.00044681,0.0028385,0.0024803,0.0023702,0.0045154,0.0090639,0.012256,0.020022,0.010782,0.0052313,0.0028787,0.0030046,0.0025601,0.0025433,0.0013638,0.050555,0.0022079,0.00081134,2.9557e-05,0.00092129,0.00064861,0.00081847,0.00084163,0.0028977,0.014038,0.0031902,0.00088909,0.00030962,0.00023291,0.00027757,0.0001756,0.00018118,0.013563,0.0009119,8.1621e-05,0.00053471,0.00058637,0.00095,0.001121,0.0036176,0.0082814,0.012201,0.0096294,0.0048935,0.0036089,0.0030862,0.0026582,0.0022127,0.0022755,0.085998,0.051707,0.054222,0.055083,0.055995,0.058688,0.064593,0.088273,0.11374,0.40692,0.039006,0.028258,0.030012,0.032544,0.033941,0.033295,0.033274,0.03109,0.0011785,0.0013593,0.0028532,0.0009391,0.001363,0.0015678,0.0037978,0.0030908,0.020147,0.0036866,0.00133,0.0011737,0.00056236,0.00097087,0.0012487,0.00097276,0.00081253,0.0033974,0.0039205,0.0041885,0.0038278,0.0039501,0.0045739,0.003555,0.0076813,0.010331,0.0041101,0.00069749,0.00085171,0.0010968,0.0015351,0.0018275,0.0017357,0.0096189,0.0031523,0.0032426,0.0031038,0.0031648,0.0032567,0.0041648,0.0088354,0.03271,0.11805,0.062263,0.021165,0.01179,0.01027,0.0066222,0.0073756,0.0071012,0.029957,0.0014984,0.00078486,0.0013615,0.00075176,0.0004554,0.0013501,0.0027275,0.0056358,0.020994,0.00089259,0.0014012,0.00042578,0.00070661,0.00028343,0.00038898,0.0002289,0.0059339,0.00058698,0.00036389,0.00076733,0.00088419,0.00165,0.0024841,0.007847,0.01308,0.029654,0.018058,0.0073765,0.0055083,0.0045821,0.0038605,0.0037536,0.0036221,0.0079957,0.0087888,0.010065,0.0097891,0.011979,0.014015,0.017268,0.014517,0.064562,0.20486,0.042625,0.020872,0.013971,0.0096218,0.0083031,0.0084916,0.0074273,0.047471,0.001146,0.0013411,0.0032415,0.002851,0.0025702,0.0021884,0.0026953,0.0096147,0.048855,0.002848,0.0023248,0.0016084,0.0011287,0.0015378,0.00041247,0.00036623,0.00086404,0.00082933,0.00079778,0.0013644,0.001065,0.00149,0.0022623,0.0057655,0.0094978,0.049335,0.0045767,0.003873,0.0029834,0.0024638,0.0022364,0.0022152,0.0022297
0.0028077,0.0025301,0.0009197,0.0024476,0.0019091,0.0020998,0.0036152,0.0040673,0.023235,0.017549,0.014463,0.0051758,0.003106,0.0034745,0.0021445,0.0022079,0.00069047,0.043019,0.00090338,0.00077406,0.00041649,0.0018394,0.00076263,0.0010085,0.001447,0.0043993,0.0038388,0.0048685,0.0016616,0.0011862,0.0013239,0.00097503,0.00087962,0.00077823,0.0090829,0.00056988,0.0011562,0.0010072,0.0011185,0.0009751,0.0010608,0.0029337,0.0032645,0.02813,0.0099647,0.0027094,0.0014684,0.00093357,0.00086524,0.00073007,0.00061034,0.0388,0.010483,0.011248,0.01125,0.014782,0.018738,0.024466,0.045845,0.095606,0.46428,0.072517,0.042804,0.030799,0.026539,0.02283,0.022193,0.022133,0.0231,0.0021767,0.0018851,0.0029167,0.0014155,0.001452,0.0017166,0.0038621,0.0068141,0.014616,0.0058895,0.0025781,0.0018882,0.0016722,0.0016402,0.00096389,0.00042534,0.0013447,0.00034201,0.00036746,0.00083569,0.00036584,0.0011311,0.0012775,0.0024234,0.0017169,0.021213,0.0013554,0.00079663,0.00068002,0.00068634,0.0004418,0.00038618,0.00029564,0.0057012,0.0058394,0.0044161,0.0054391,0.0058595,0.0075613,0.0089228,0.012596,0.022416,0.081966,0.072498,0.027967,0.018023,0.013062,0.013333,0.01238,0.012552,0.021519,0.0018022,0.0017571,0.00097818,0.0019333,0.0016674,0.0023515,0.003255,0.0055321,0.010482,0.0076362,0.002946,0.0016554,0.0011875,0.00066394,0.00046894,0.00048828,0.003994,0.0021681,0.0017361,0.0021436,0.0018592,0.0026546,0.0030023,0.005656,0.010838,0.030392,0.0096236,0.0032664,0.0019063,0.0012137,0.0008065,0.0006873,0.00059512,0.0057069,0.0024353,0.003134,0.0036802,0.0045479,0.005833,0.0084869,0.013908,0.031315,0.21656,0.02152,0.010372,0.0099927,0.0083264,0.0082414,0.0064563,0.0049935,0.040497,0.00080196,0.00067612,0.0006228,0.0012486,0.0014077,0.0014815,0.0037349,0.0047293,0.048592,0.0059632,0.0039771,0.0020799,0.0017588,0.0010555,0.0020945,0.0022393,0.0028916,0.00050243,0.00074822,0.00089452,0.00092572,0.00099602,0.0014631,0.0025686,0.0036726,0.049911,0.0085308,0.0035612,0.0022168,0.0017011,0.0015123,0.0015093,0.0016175
0.0031548,0.0023466,0.0003824,0.0020653,0.001152,0.0014458,0.0010591,0.0039893,0.017421,0.030297,0.011599,0.0020678,0.0019046,0.00073001,0.0014588,0.0013081,0.00046158,0.035357,0.0026233,0.00044651,0.00035125,0.00070844,0.00088194,0.0014891,0.0017465,0.0044011,0.011185,0.0062635,0.0011896,0.001068,0.0003323,0.00050356,0.00029444,0.00023843,0.010052,0.00071704,0.00038414,0.00058917,0.0006851,0.00053157,0.00092639,0.0005915,0.0037306,0.0044623,0.01504,0.0027291,0.0013946,0.00096465,0.00064828,0.00047225,0.00056839,0.010199,0.01724,0.017768,0.019513,0.02152,0.025312,0.034055,0.055158,0.11745,0.48998,0.082065,0.04624,0.032872,0.027535,0.024505,0.02142,0.020979,0.014582,0.0013743,0.0012585,0.0010698,0.00092261,0.0010926,0.0013038,0.0026069,0.0061549,0.016113,0.0069166,0.0025554,0.0019483,0.0015918,0.00068636,0.0018887,0.0013828,0.00077249,0.0010096,0.0010906,0.0012059,0.0015357,0.0016597,0.0024137,0.0022149,0.0085423,0.045626,0.0083997,0.0039304,0.0027958,0.0024327,0.0018334,0.0021071,0.0020161,0.011307,0.0026313,0.0025256,0.0031595,0.0041439,0.0060547,0.00911,0.012478,0.031487,0.038629,0.081003,0.029736,0.020597,0.014716,0.014491,0.013246,0.014675,0.012648,0.0017883,0.00093903,0.00095977,0.00092015,0.0011188,0.0010617,0.0017528,0.0043851,0.015614,0.008152,0.0025029,0.0015711,0.00099167,0.00099766,0.00076428,0.00073052,0.00103,0.00093765,0.00088742,0.0010352,0.0011414,0.0010204,0.0012114,0.0026839,0.0034792,0.043207,0.0037926,0.0016236,0.0011022,0.00080315,0.00065813,0.00035876,0.000618,0.014666,0.0012466,0.0022315,0.0018477,0.0030465,0.0032901,0.004667,0.0075995,0.0063641,0.16192,0.0013492,0.0018728,0.00068962,0.00072712,0.00097415,0.00097801,0.0013676,0.033925,0.001955,0.00076285,0.00076874,0.00099077,0.00044207,0.00065888,0.0016289,0.0035531,0.048724,0.0037084,0.0015494,0.0014079,0.00091668,0.0010983,0.0010911,0.0010758,0.0024949,0.0001662,0.00019043,0.00025536,0.0003956,0.00077836,0.00087655,0.00087306,0.0021047,0.057574,0.0079201,0.002822,0.0018016,0.0014367,0.0013367,0.0013244,0.0011711
0.0010071,0.0011318,0.0002549,0.0013091,0.002888,0.0030011,0.0043021,0.0071096,0.008899,0.019612,0.014871,0.0059413,0.0036795,0.0045468,0.0030919,0.0026674,0.0022698,0.023489,0.001988,0.0014076,0.001437,0.0011804,0.0025488,0.0022958,0.0044941,0.0073246,0.0066131,0.012795,0.0032938,0.0019429,0.0019698,0.0014016,0.0013812,0.0011807,0.0082265,0.0010564,0.0011752,0.0013177,0.0014341,0.00154,0.0024017,0.0035418,0.006938,0.010298,0.017597,0.0029752,0.001817,0.0013844,0.001085,0.0011959,0.0010433,0.0015507,0.015977,0.01736,0.020348,0.023273,0.030766,0.04167,0.066366,0.18309,0.37283,0.091272,0.05878,0.044516,0.036759,0.033755,0.029721,0.029864,0.0093652,0.0012465,0.00094003,0.0018117,0.0014554,0.0015657,0.00246,0.00287,0.0076769,0.016464,0.0065617,0.0024596,0.0017839,0.0015789,0.0013263,0.0014356,0.0013619,0.0044671,0.0031622,0.003205,0.0035488,0.0038866,0.0044907,0.0054597,0.010168,0.019809,0.063588,0.011505,0.004247,0.0027431,0.0018425,0.0012941,0.00091753,0.00099945,0.017235,0.0018173,0.0019275,0.0018242,0.001894,0.0031085,0.0042249,0.0067195,0.0086172,0.1298,0.054912,0.019417,0.012316,0.0093953,0.0093061,0.0077806,0.0082856,0.0057507,0.001121,0.00064825,0.00056141,0.00035374,0.00075116,0.00059824,0.0015108,0.0024348,0.017335,0.0028241,4.2881e-05,0.00069639,0.00042648,0.00053329,0.00041391,0.00039482,0.0018349,0.001386,0.0016354,0.0017639,0.0019869,0.0023538,0.0029832,0.0049889,0.011453,0.021963,0.013438,0.0065156,0.0043876,0.0034395,0.0033632,0.0028432,0.0028267,0.0061131,0.0046455,0.005945,0.0064555,0.0073405,0.0088423,0.011793,0.020409,0.057106,0.13745,0.018068,0.014129,0.0096891,0.0081084,0.0077279,0.0070796,0.006899,0.022482,0.00082113,0.00083341,0.00094349,0.00034546,0.00034875,0.00037905,0.00065936,0.00076377,0.048345,0.0041639,0.0001067,0.00048373,3.0338e-05,0.0009251,0.00048349,0.00045966,0.0038109,0.0013869,0.0014965,0.0017935,0.0019908,0.0024731,0.0031577,0.0054255,0.011338,0.086528,0.002949,0.0017844,0.0013255,0.0012208,0.0010088,0.00078504,0.00077058
0.0012741,0.00077415,0.00095462,0.0012752,0.0025683,0.002974,0.0054281,0.011099,0.023147,0.017102,0.036434,0.012157,0.0092052,0.0070987,0.0063382,0.0064145,0.0042573,0.016756,0.001508,0.00096078,0.0010632,0.00073842,0.0016079,0.0029287,0.0035952,0.0088898,0.0038832,0.016495,0.0047662,0.0035769,0.0031167,0.0026404,0.0025551,0.0022755,0.0054208,0.00051621,0.00064944,0.00095467,0.0013414,0.0020061,0.0026915,0.0043758,0.014088,0.0129,0.029754,0.0077261,0.0057407,0.0044661,0.0040954,0.0037406,0.003521,0.042134,0.034438,0.034953,0.037957,0.043061,0.050407,0.06465,0.10132,0.27077,0.26785,0.079048,0.047357,0.032696,0.024095,0.019376,0.019062,0.017319,0.0045033,0.0019638,0.0017515,0.0013138,0.0018907,0.0020707,0.0026293,0.0042977,0.013093,0.011983,0.0055275,0.0014201,0.0011456,0.00091648,0.0011601,0.00054759,0.00012016,0.0012894,0.0032405,0.003366,0.0036137,0.0041748,0.0050661,0.006715,0.010583,0.02843,0.0068511,0.0092996,0.0063832,0.0046668,0.0039513,0.0037794,0.0033913,0.0032426,0.033555,0.0056342,0.0060863,0.0062365,0.0065266,0.0076371,0.0094892,0.0092218,0.017163,0.072004,0.033683,0.01363,0.007785,0.0044502,0.0041712,0.003028,0.00049591,0.00088693,0.00077067,0.00096873,0.00072657,0.00063963,0.00076764,0.0012923,0.0017724,0.0051004,0.01165,0.0071202,0.0022183,0.0017634,0.00088534,0.0012212,0.00096681,0.00078395,0.0026475,0.0022034,0.0022771,0.002476,0.0028925,0.0033373,0.0048372,0.0054814,0.010102,0.039802,0.017235,0.0056735,0.0033808,0.0026297,0.0020817,0.0017805,0.0018807,0.011559,0.0026449,0.0026598,0.0040379,0.0058829,0.0087247,0.013423,0.022008,0.070211,0.30151,0.025988,0.018791,0.014729,0.012866,0.013385,0.011676,0.010506,0.013676,0.0017355,0.0011699,0.00067866,0.0010593,0.00054332,0.00084509,0.00078155,0.0060606,0.043799,0.0061444,0.00094176,0.0014006,0.0007423,0.0018545,0.00045558,0.00046921,0.00091746,0.00088362,0.001289,0.0013971,0.001836,0.0024396,0.003454,0.0073438,0.019696,0.03196,0.010089,0.0057835,0.0045937,0.0036136,0.0035569,0.0033906,0.0032101
0.00083733,0.00059565,0.00067125,0.00092324,0.0015158,0.0028362,0.0051975,0.0093753,0.037496,0.029787,0.02151,0.0083265,0.0088787,0.0055847,0.0058276,0.0057653,0.0045872,0.0077096,0.00051796,0.00095147,0.00076441,0.00091314,0.0014579,0.0023334,0.0034256,0.010889,0.013631,0.0045988,0.0019461,0.0014151,0.0014213,0.0010856,0.0012915,0.0009804,0.0043736,0.00046438,0.00058285,0.00049439,0.0012333,0.0017827,0.0021314,0.0056689,0.012008,0.010122,0.015684,0.0040242,0.0025585,0.0027115,0.0022025,0.0021485,0.002142,0.033913,0.037368,0.039106,0.040863,0.046457,0.054867,0.070385,0.10979,0.29895,0.3637,0.0922,0.046054,0.030229,0.020428,0.01561,0.01016,0.011135,0.00048446,0.0016123,0.0017755,0.0020883,0.0016242,0.0017488,0.0023116,0.0037067,0.009721,0.015136,0.00096159,0.0016012,0.00085496,0.00088565,0.00026179,0.00030957,0.00015641,0.0040589,0.0027249,0.0028201,0.0029684,0.0035794,0.0044995,0.0059773,0.0087568,0.02869,0.061004,0.011626,0.0063343,0.0048629,0.0038697,0.0033835,0.0032515,0.0031663,0.030688,0.011437,0.012182,0.0016655,0.011803,0.01713,0.0057561,0.018947,0.055249,0.085456,0.079414,0.027446,0.0016388,0.012558,0.0081964,0.0025614,0.0087873,0.0044061,0.0017194,0.00094633,0.00024621,0.0014548,0.00099217,0.0017704,0.0014526,0.0042465,0.016445,0.003745,0.0016491,0.00099049,0.00047645,0.00063114,0.00039239,0.00065998,0.0044213,0.0028237,0.0015988,0.0045741,0.0051565,0.0012254,0.0062835,0.011929,0.0090039,0.030033,0.023134,0.008481,0.0026389,0.0053215,0.0044923,0.0031084,0.0037614,0.0079137,0.0057949,0.0022151,0.0061306,0.0047329,0.0071335,0.0093377,0.011763,0.088634,0.15438,0.034205,0.0098373,0.005976,0.0044798,0.0014962,0.0025195,0.00037957,0.0086462,0.0004375,0.0031864,0.0017622,0.003409,0.0018323,0.0066987,0.0028675,0.02109,0.033622,0.026026,0.0031727,0.0090699,0.0011154,0.0066096,0.00065915,0.0066205,0.0067159,0.0029407,0.0059295,0.0031117,0.0078838,0.0028192,0.013963,0.0027486,0.053714,0.042973,0.039698,0.0062785,0.015639,0.0045791,0.01099,0.0044295,0.010142
0.0084611,0.0021148,0.0016965,0.0020991,0.0023045,0.0034993,0.0050994,0.008988,0.032442,0.052557,0.015799,0.0075375,0.0066116,0.0041054,0.0027928,0.0035785,0.0034066,0.0070115,0.0018724,0.0010712,0.0015925,0.0017717,0.001801,0.0025567,0.0045857,0.012507,0.013267,0.014124,0.003439,0.0022426,0.0012585,0.0012754,0.0012697,0.0012322,0.0037976,0.0018883,0.0017189,0.0018545,0.0016992,0.0022797,0.0031772,0.0055484,0.013436,0.02899,0.023183,0.0042541,0.0021814,0.0018984,0.0014757,0.001373,0.0011349,0.046382,0.040517,0.043513,0.045814,0.050891,0.060207,0.077206,0.11702,0.31646,0.29696,0.085373,0.044834,0.027772,0.017914,0.011688,0.0081188,0.0050183,0.010412,0.0016068,0.0018745,0.0013744,0.0019158,0.0023451,0.0029533,0.0041355,0.013667,0.010462,0.0047402,0.0017373,0.00092391,0.00050413,0.00064931,0.00099329,0.00026894,0.0014553,0.0029888,0.0033449,0.003366,0.0042414,0.0051715,0.0069796,0.011572,0.035535,0.0052969,0.017607,0.008956,0.0065847,0.0053407,0.0049156,0.0046391,0.0044652,0.035866,0.0080099,0.0087623,0.009034,0.010412,0.011712,0.014079,0.019335,0.05442,0.11578,0.034673,0.016212,0.01005,0.0061519,0.0030931,0.0012327,0.001915,0.012554,0.002025,0.00057097,0.00051164,0.0013991,0.00083122,0.0011172,0.0023376,0.0067067,0.0098762,0.006497,0.0021397,0.0015738,0.00082105,0.0012147,0.0011443,0.0010948,0.00081445,0.0014901,0.001421,0.0015153,0.001868,0.0020759,0.0025731,0.0047457,0.013187,0.0027923,0.017995,0.0048,0.0031161,0.0025103,0.0021647,0.0020748,0.0019551,0.031939,0.013622,0.014246,0.014851,0.016439,0.019266,0.025289,0.03932,0.093625,0.26984,0.033671,0.015574,0.0092096,0.0059844,0.0035177,0.00092812,0.0013027,0.0023976,0.0020186,0.00098204,0.0020997,0.0015969,0.0017856,0.0021765,0.0024542,0.0050674,0.052403,0.0052924,0.0037217,0.0018857,0.0017105,0.0015781,0.001109,0.00073815,0.0035992,0.0045845,0.0048827,0.0050848,0.0055343,0.0065489,0.0087133,0.01166,0.029246,0.040852,0.015325,0.0065248,0.0036206,0.0022083,0.0013649,0.00058245,0.00014687
0.0046807,0.0021302,0.0035361,0.0036921,0.0031114,0.0044007,0.0060385,0.0092558,0.046667,0.02671,0.021423,0.008854,0.0051276,0.0058367,0.0054833,0.0042685,0.0045205,0.0040131,0.00099156,0.0011741,0.001087,0.0015951,0.0012172,0.0017643,0.0022868,0.012301,0.010639,0.007671,0.0024157,0.0015432,0.001395,0.0010386,0.00073559,0.00090028,0.005293,0.0013905,0.0015134,0.0016784,0.0018332,0.0020014,0.0035233,0.0039617,0.018227,0.016245,0.019126,0.0054586,0.0034341,0.0027162,0.0022717,0.002346,0.0022297,0.028328,0.033769,0.046401,0.049914,0.039966,0.032101,0.067952,0.14424,0.43032,0.09023,0.055168,0.058013,0.047862,0.026703,0.0024823,0.017909,0.020565,0.0098726,0.0018515,0.0016666,0.0011455,0.00040072,0.00089512,0.0021647,0.0039124,0.013699,0.0092344,0.0038333,0.0012026,0.00084307,0.00049134,5.3396e-05,0.00042799,0.00059511,0.00055504,0.0051742,0.0082044,0.0082145,0.0049694,0.0022214,0.01117,0.022987,0.055366,0.03163,0.011895,0.010766,0.0078386,0.0047697,0.002405,0.0029277,0.0033131,0.021096,0.0078713,0.0086538,0.0084764,0.010171,0.01176,0.015402,0.023759,0.044388,0.0308,0.072595,0.027498,0.019196,0.0157,0.014362,0.011423,0.012276,0.012272,0.0012131,0.00086432,0.00071655,0.00081266,0.0012477,0.0017618,0.0022826,0.0073763,0.01473,0.0084458,0.0027189,0.0022788,0.0017359,0.0012372,0.0013255,0.0012741,0.0038129,0.00073479,0.00077247,0.0008807,0.00084389,0.0015496,0.001334,0.0019902,0.0071945,0.044666,0.0010752,0.0012911,0.00071974,0.00026686,0.00033411,0.00041722,0.00018119,0.00012207,0.01816,0.019726,0.019918,0.02289,0.026537,0.034288,0.050132,0.15608,0.16762,0.045115,0.022773,0.01514,0.0080267,0.0077107,0.0038107,0.0028115,0.0027275,0.0010191,0.00078926,0.00040731,0.00022437,0.00013865,0.00076651,0.0013941,0.0038264,0.046021,0.0033071,0.00037619,0.0001812,0.00088625,0.00041173,0.0010285,0.00051881,0.0049477,0.0034248,0.0036133,0.0035205,0.0041895,0.0043705,0.0062547,0.009419,0.027328,0.07129,0.008999,0.0040018,0.0023338,0.0018261,0.0010048,0.00076351,0.00058747
0.012009,0.0040876,0.0039166,0.0049589,0.0056893,0.0069855,0.0081135,0.014833,0.05847,0.050387,0.0068495,0.00235,0.0020177,0.00195,0.001166,0.0015997,0.00027465,0.015919,0.0026259,0.0011756,0.00057043,0.0015123,0.0014565,0.0026795,0.0032336,0.015202,0.015677,0.011025,0.0036282,0.0025023,0.0017329,0.0016501,0.001341,0.0021782,0.0065499,0.00074244,0.00069346,0.0005889,0.00071297,0.00055957,0.00081102,0.0024259,0.01918,0.015896,0.015896,0.0022318,0.00060741,0.0002968,0.00022852,0.00015004,3.0514e-05,0.018191,0.032335,0.03442,0.037868,0.043321,0.051237,0.068691,0.10907,0.37439,0.33366,0.094812,0.052824,0.037766,0.030244,0.025235,0.024531,0.023703,0.0033036,0.00084967,0.001399,0.00076229,0.0015769,0.0016117,0.0024054,0.003387,0.011934,0.011021,0.0037762,0.0017182,0.0012529,0.00079172,0.00061531,0.00085985,0.00059129,0.00080872,0.00080809,0.00094107,0.0013195,0.0021059,0.0036288,0.0056183,0.011216,0.041692,0.036033,0.018637,0.0098345,0.0075188,0.0063235,0.0055933,0.0055635,0.0052491,0.018164,0.0045293,0.0035422,0.0035154,0.0052353,0.006645,0.0099398,0.017112,0.073508,0.10988,0.05305,0.024158,0.016192,0.012958,0.014373,0.012622,0.012278,0.0064546,0.00068454,0.0010551,0.00080158,0.0010014,0.0016677,0.0011393,0.0027825,0.0095452,0.0096807,0.0018501,0.0015829,0.0003763,0.00058332,0.00016429,0.00019538,8.7723e-05,0.00039101,0.0015248,0.0012912,0.0017204,0.0017011,0.0021952,0.0028919,0.0038478,0.01753,0.029075,0.016041,0.005487,0.0037575,0.0029839,0.0023301,0.0024397,0.0023442,0.035454,0.017753,0.018932,0.02038,0.022719,0.026864,0.03496,0.05405,0.17235,0.20419,0.049836,0.024949,0.016732,0.012043,0.010005,0.0088948,0.0092966,0.01265,0.002391,0.00073418,0.00046194,0.00091076,0.00064454,0.00084829,0.0025401,0.005412,0.051861,0.0022619,0.0010591,0.0010237,0.00045677,0.0010734,0.00094218,0.00032426,0.0011787,0.0030323,0.0036617,0.0035819,0.0042312,0.0049882,0.0066865,0.011268,0.034321,0.055864,0.0095958,0.004903,0.0034338,0.0025696,0.0020027,0.0019546,0.0019341
0.0085164,0.003986,0.0045944,0.0056926,0.0056584,0.0074545,0.010364,0.021567,0.031797,0.027944,0.024871,0.008568,0.0059432,0.0058253,0.0049272,0.0036954,0.0053578,0.024048,0.00061375,0.00087589,0.0016048,0.00083047,0.001889,0.0034774,0.0054127,0.011192,0.010324,0.013915,0.0050029,0.0040604,0.0035442,0.0025027,0.0025245,0.0027352,0.0087968,0.0011649,0.0013836,0.0011084,0.002051,0.0022189,0.0033057,0.0069361,0.024631,0.01799,0.024366,0.0083975,0.0059563,0.0046328,0.0043663,0.0040575,0.0041505,0.05993,0.036706,0.037616,0.04051,0.04535,0.053215,0.069461,0.11132,0.36672,0.1096,0.061046,0.035932,0.022255,0.015127,0.009949,0.0064317,0.0001564,0.0030232,0.0019224,0.0015769,0.0025728,0.0018334,0.0023424,0.0028272,0.0044152,0.013904,0.0048246,0.0048385,0.0019143,0.0010854,0.00069665,0.00081816,0.00024777,0.00026131,0.0017491,0.0016456,0.0018435,0.0024861,0.0029166,0.0037764,0.0061929,0.0097939,0.038066,0.035812,0.013039,0.0083151,0.0064671,0.0054054,0.0049644,0.0047559,0.004633,0.021204,0.0089457,0.0098101,0.01057,0.011739,0.014246,0.018741,0.031301,0.045587,0.024391,0.057709,0.025278,0.016286,0.012807,0.010533,0.010757,0.010218,3.8259e-06,0.0012626,0.00095312,0.0016479,0.0012288,0.0020218,0.0022302,0.0033974,0.010364,0.01599,0.0065531,0.0025695,0.0015632,0.0014154,0.00099399,0.00086948,0.00067139,0.0033074,5.9414e-05,0.0002972,0.00032248,0.0005285,0.0012174,0.0020228,0.0036123,0.0080576,0.044233,0.011333,0.0037099,0.0024728,0.002178,0.001663,0.0017444,0.0015831,0.012486,0.0088107,0.0093481,0.011199,0.013449,0.017929,0.026115,0.049885,0.1751,0.2618,0.058264,0.034564,0.028072,0.023348,0.021231,0.02194,0.019627,0.023388,0.00083109,0.0006167,0.00087808,0.00043879,0.00054635,0.0011527,0.0014295,0.001011,0.041275,0.0063297,0.0024244,0.0012782,0.00089622,0.0017588,0.0012648,0.00077439,0.0058938,0.0032328,0.0035232,0.0032729,0.0041039,0.0042923,0.0063903,0.0092144,0.032572,0.057039,0.012851,0.0071824,0.005073,0.003939,0.0033565,0.0032556,0.0031739
0.01993,0.0023893,0.0018471,0.0025157,0.0037103,0.0048656,0.0084741,0.01736,0.062055,0.032194,0.033432,0.016774,0.011638,0.011151,0.0089401,0.0088117,0.0091192,0.026278,0.00048112,0.00075087,0.0013412,0.0010999,0.0021936,0.0022632,0.0031058,0.015329,0.011311,0.009809,0.0050195,0.0033649,0.003255,0.0031122,0.002373,0.0025006,0.0081846,0.0010597,0.0006357,0.0010903,0.0018325,0.0027317,0.0035079,0.0068301,0.020553,0.0072304,0.022194,0.0084276,0.0060656,0.0047663,0.0041938,0.0040921,0.0040646,0.0030022,0.03581,0.035781,0.039417,0.045287,0.055637,0.074166,0.12281,0.39644,0.39851,0.11245,0.069782,0.051223,0.042176,0.037404,0.033555,0.035542,0.0046044,0.0017891,0.0016352,0.0016067,0.0016592,0.0018958,0.0027014,0.0048822,0.011549,0.012508,0.0019226,0.0013549,0.0010582,0.00091747,0.00029717,0.00074851,0.0010262,0.0036889,0.0046519,0.0049314,0.0054189,0.0060898,0.0067933,0.0092842,0.013232,0.046072,0.043073,0.0085033,0.0050924,0.0029643,0.0019699,0.0011103,0.00051211,0.00016403,0.00039674,0.0053076,0.0044245,0.0056216,0.0067374,0.0063905,0.007766,0.011335,0.070499,0.14218,0.036955,0.013628,0.0069963,0.0036826,0.0047491,0.0028094,0.0039063,0.0032559,0.00098105,0.00064496,0.0010579,0.0014874,0.00083296,0.0015209,0.0026845,0.011314,0.013656,0.0080422,0.0032984,0.0024863,0.0020162,0.0018042,0.0018192,0.0017376,0.008032,0.0028082,0.0031169,0.0032712,0.0038454,0.004198,0.0058453,0.0076357,0.024537,0.018591,0.013864,0.0067126,0.0048793,0.0038286,0.0030324,0.0025797,0.0030614,0.035002,0.0065525,0.0075308,0.0087388,0.011738,0.015502,0.02323,0.040861,0.14736,0.18274,0.055606,0.033461,0.026154,0.022108,0.020496,0.018252,0.019015,0.028277,0.0019411,0.0021116,0.0027257,0.0023062,0.0027653,0.0034779,0.0052131,0.013497,0.047917,0.0063117,0.0036251,0.0017466,0.0013074,0.0014136,0.00092381,0.00027275,0.0049687,0.0016804,0.0020065,0.0022062,0.0021334,0.0033101,0.0045787,0.0078416,0.030634,0.061644,0.0055729,0.004078,0.0033097,0.002835,0.0026158,0.0022454,0.0022641
0.035525,0.0023879,0.0020023,0.0020205,0.0026712,0.0046718,0.0065792,0.009579,0.045323,0.032115,0.018611,0.0088127,0.0078127,0.0071628,0.0055207,0.0071362,0.0069524,0.026543,0.0015272,0.0010432,0.0014516,0.00029141,0.0010957,0.0020116,0.0033048,0.011806,0.015075,0.0032768,0.0010386,0.001207,0.0010776,0.00095334,0.0011024,0.00094225,0.0070726,0.0011113,0.00092939,0.0011316,0.0015316,0.0022564,0.0028753,0.0063207,0.015919,0.023848,0.010691,0.0038564,0.0030619,0.0027949,0.0027222,0.0023712,0.0023652,0.061305,0.022702,0.025418,0.027558,0.033197,0.041657,0.058095,0.096769,0.30846,0.24443,0.10298,0.064011,0.048169,0.040894,0.035878,0.035297,0.034052,0.018883,0.00103,0.00078263,0.0015223,0.001348,0.0012662,0.0017227,0.0030391,0.01224,0.01555,0.001868,0.0017256,0.0013662,0.0017859,0.001195,0.0013477,0.00078584,0.0093137,0.0051421,0.0055201,0.0060658,0.0068465,0.0078347,0.010107,0.016087,0.038474,0.055786,0.015397,0.0070953,0.0042918,0.0027652,0.0021307,0.0014762,0.0011959,0.0015889,0.0073596,0.0064274,0.0070364,0.0065665,0.0088156,0.010614,0.013718,0.020075,0.065482,0.069054,0.024602,0.015786,0.013315,0.0096627,0.010415,0.0094167,0.014178,0.0017589,0.0013279,0.0010264,0.0012861,0.0016872,0.0022439,0.0040996,0.010164,0.013503,0.0075663,0.0032825,0.0027031,0.0020591,0.0018329,0.001608,0.0015469,0.0096914,0.0018839,0.001555,0.0015325,0.001993,0.0019968,0.0032523,0.0047206,0.012716,0.041668,0.0027668,0.0028295,0.0021423,0.0017724,0.0016918,0.0016472,0.0014706,0.055785,0.009314,0.0082331,0.0054328,0.0073861,0.014477,0.02453,0.039791,0.1381,0.18494,0.033934,0.025363,0.019809,0.016914,0.014993,0.0097115,0.010039,0.025849,0.0016032,0.00019936,0.0017364,0.0030264,0.0044888,0.0068195,0.0097234,0.012472,0.033371,0.010354,0.010861,0.010408,0.0092202,0.0066917,0.0037322,0.0011635,0.0044461,0.0081263,0.0053631,0.00091752,0.0047521,0.011277,0.018403,0.028752,0.05028,0.056746,0.011815,0.014223,0.013998,0.011695,0.0085168,0.0045169,0.0010433
0.02389,0.0051256,0.0052188,0.0055766,0.0060221,0.0058644,0.0080227,0.012251,0.046849,0.027766,0.013726,0.006138,0.0037535,0.0029551,0.0016905,0.0024027,0.00028802,0.010893,0.0023605,0.002293,0.0022765,0.0025794,0.0027406,0.0029454,0.0049652,0.015317,0.0011197,0.015131,0.0039703,0.0022897,0.0011031,0.0009544,0.0010011,0.0012074,0.0060559,0.0018775,0.0016535,0.0017585,0.0018113,0.0024443,0.0035331,0.0062067,0.017805,0.021392,0.01435,0.0027722,0.0012376,0.00086989,0.00067539,0.00051232,0.00036813,0.012036,0.011477,0.014502,0.018106,0.024093,0.033577,0.051804,0.096154,0.3125,0.33424,0.11435,0.076424,0.060279,0.051228,0.047155,0.045889,0.043565,0.019291,0.00086744,0.00054089,0.00053169,0.0010237,0.0011086,0.0017139,0.0033599,0.012827,0.012998,0.0045779,0.002671,0.0019713,0.0018005,0.0019661,0.00076685,0.0018387,0.0001278,0.0034038,0.0035791,0.0038027,0.0045054,0.0056207,0.0068482,0.0090572,0.033803,0.01325,0.010556,0.004038,0.0024193,0.001667,0.001113,0.00059703,0.00044442,0.0041905,0.0046734,0.0029257,0.00129,0.00080455,0.0022095,0.0041876,0.0094152,0.024923,0.054193,0.064229,0.013235,0.0045769,0.0011363,0.001482,0.0017529,0.0037556,0.018013,0.001606,0.0011675,0.0013654,0.0015923,0.0010705,0.0014391,0.00080558,0.0029221,0.008206,0.00091553,0.0016546,0.0015052,0.0018181,0.001653,0.0018372,0.0018006,0.015101,0.0043573,0.0045923,0.0043502,0.0044581,0.0040426,0.0039127,0.003516,0.0082266,0.020711,0.022159,0.0094003,0.0070082,0.0059218,0.0054511,0.0051387,0.0048505,0.018839,0.019781,0.020483,0.021664,0.02391,0.028013,0.034689,0.056536,0.11725,0.26057,0.052863,0.025756,0.016568,0.011882,0.0086645,0.0067904,0.0056592,0.011591,0.0027549,0.0018854,0.0012829,0.0021415,0.0023133,0.0023348,0.004048,0.0087974,0.045022,0.0094513,0.0028195,0.0016757,0.00084558,0.00056463,0.00023766,0.00011634,0.0061532,0.0013085,0.0014296,0.0015289,0.001727,0.0020396,0.0030086,0.0034834,0.016014,0.037153,0.0025302,0.00093822,0.00056202,0.00066796,0.00061612,0.00025619,0.00015259
0.024254,0.0070127,0.0070279,0.0071418,0.0088289,0.0098318,0.011482,0.018482,0.06711,0.027714,0.029684,0.010611,0.006513,0.0026794,0.0033752,0.0013517,0.00011062,0.012148,0.002991,0.0025778,0.0023413,0.0037002,0.0030737,0.004697,0.0048698,0.018873,0.0061242,0.014456,0.004567,0.0025982,0.0015451,0.00070659,0.00023778,0.00019644,0.00028037,0.0036191,0.0037302,0.0040645,0.0040221,0.0047529,0.0062205,0.0068296,0.023232,0.0058562,0.020322,0.0061336,0.0037656,0.0020188,0.0013767,0.00066111,0.00055121,0.014372,0.0044989,0.0080777,0.013397,0.020306,0.030538,0.049853,0.096857,0.39361,0.33417,0.10786,0.076223,0.06063,0.052243,0.047256,0.043852,0.045825,0.015908,0.00080234,0.00047517,0.00062681,0.00074379,0.0012125,0.0017358,0.0034117,0.011851,0.0082495,0.0039767,0.0022979,0.0019577,0.0016095,0.0012113,0.0010105,0.0017319,0.006321,0.0040961,0.0043496,0.0047784,0.0054641,0.0061791,0.0085741,0.013529,0.047651,0.061738,0.006525,0.0068928,0.0044625,0.0039594,0.0032413,0.0029529,0.002987,0.013622,0.005131,0.0057352,0.0064287,0.0069381,0.0077556,0.0089652,0.013364,0.056199,0.11163,0.053817,0.014123,0.0074739,0.0046959,0.00062256,0.001992,0.0022889,0.017433,0.0015883,0.0011597,0.00093195,0.0016256,0.0019169,0.0022184,0.0034644,0.010888,0.018337,0.0067231,0.0021417,0.0016497,0.0014185,0.001146,0.0012761,0.0011406,0.0064889,0.0011346,0.0012383,0.001647,0.0021189,0.0030936,0.0039747,0.0058204,0.020446,0.028501,0.025398,0.011063,0.0078647,0.0063215,0.0054465,0.0053557,0.0049439,0.035111,0.0076351,0.0074793,0.0077063,0.0096056,0.01201,0.017196,0.031311,0.14344,0.067494,0.0099928,0.012414,0.010299,0.008803,0.0066689,0.0085399,0.0044518,0.0055047,0.0011767,0.00088216,0.00046944,0.0012642,0.0015402,0.0023882,0.0035756,0.011162,0.045945,0.0088317,0.0040152,0.0029807,0.0020342,0.0025731,0.0022561,0.0020905,0.0024491,0.0012593,0.0017752,0.0020552,0.0024914,0.0038097,0.0059583,0.010672,0.036735,0.080354,0.013011,0.0088136,0.0067678,0.0057942,0.0052321,0.0050619,0.0047875
0.013102,0.0059756,0.0060888,0.0061917,0.0067106,0.0086091,0.011138,0.017749,0.062608,0.028565,0.025975,0.0084128,0.0078242,0.0052129,0.0056146,0.0041356,0.003439,0.013825,0.00222,0.0013443,0.0010238,0.0008026,0.0017066,0.0020782,0.0025494,0.014339,0.012382,0.01222,0.0019644,0.0010977,0.00019894,0.00054478,0.00023679,0.00029755,0.0078355,0.0026306,0.0029706,0.0029966,0.0031725,0.0041417,0.0051093,0.0072141,0.03019,0.010996,0.018401,0.0054111,0.0029078,0.001768,0.00087274,0.00039783,0.00020981,0.040658,0.0024618,0.022493,0.0052765,0.032453,0.012044,0.064002,0.035376,0.44451,0.13388,0.12407,0.029976,0.062743,0.021147,0.048994,0.018705,0.041627,0.013235,0.00044512,0.00099776,0.00036537,0.0011634,0.00087243,0.0021427,0.0026286,0.015512,0.0033803,0.0051471,0.0024864,0.0020274,0.0018457,0.0016659,0.0017807,0.00010109,0.00069238,0.0016155,0.0017198,0.0019012,0.0021547,0.002837,0.0029112,0.0074651,0.03096,0.025509,0.0064172,0.0051695,0.0025208,0.0021889,0.0022773,0.0013325,0.0017452,0.021513,0.01056,0.0086266,0.0096399,0.010269,0.011625,0.015219,0.023276,0.057267,0.069507,0.065688,0.019289,0.010836,0.0080602,0.0053606,0.0040632,0.004057,0.01277,0.00071462,0.00063332,0.00076366,0.00035775,0.00069931,0.0009525,0.0010083,0.0069107,0.0085797,0.0026794,0.00088946,0.00065223,0.0009052,0.00067633,0.00057441,5.7369e-06,0.0057069,0.0016361,0.0018202,0.0022403,0.0021294,0.0026136,0.0033123,0.0039512,0.0065889,0.026142,0.020704,0.0049355,0.0030398,0.0023815,0.0018129,0.0016952,0.0016594,0.028029,0.0038052,0.0048822,0.0074754,0.011254,0.017057,0.026633,0.053539,0.16615,0.30032,0.064047,0.044752,0.033576,0.029439,0.026034,0.027049,0.025904,0.013731,0.0019461,0.0010267,0.001062,0.00081852,0.0007975,0.00095065,0.0027262,0.0050268,0.046749,0.0073223,0.00041545,0.0010207,0.00046502,0.0011084,0.00058721,0.00091745,0.0040207,0.00011269,0.00032575,0.00066025,0.0011041,0.0021152,0.0028186,0.0044577,0.026484,0.039954,0.0060292,0.0044186,0.0031493,0.0028167,0.0025376,0.0026438,0.0025483
0.0245,0.0017094,0.0016177,0.0015089,0.0028099,0.0045748,0.0081393,0.019501,0.054484,0.06109,0.014193,0.0097907,0.0088829,0.0068645,0.0051601,0.0075696,0.0059911,0.017954,0.0023074,0.0012589,0.0011388,0.0014676,0.0013907,0.0020023,0.0045834,0.013697,0.024455,0.0060143,0.0010497,0.00036027,0.00030634,0.00062724,0.00018721,0.00022316,0.0052129,0.00061731,0.00079543,0.0011377,0.0011721,0.0016349,0.0024388,0.0066726,0.018127,0.025622,0.0086973,0.0019702,0.00069125,0.00019545,4.982e-05,0.00024094,0.00013924,0.025708,0.0038726,0.0079821,0.013593,0.019555,0.030027,0.048547,0.08783,0.39184,0.3199,0.12181,0.078645,0.061206,0.053083,0.047936,0.047745,0.044064,0.014141,0.0012516,0.00081951,0.0010272,0.0011611,0.001259,0.0015246,0.0020384,0.011753,0.010482,0.0024757,0.0014062,0.0011289,0.0012241,0.0010729,0.0015205,0.0011635,0.00070382,0.0052886,0.0049543,0.0057436,0.006461,0.007626,0.010445,0.018984,0.051996,0.05568,0.021409,0.011162,0.0076844,0.0061089,0.0053551,0.0050741,0.0048428,0.0036221,0.01107,0.012472,0.014174,0.015776,0.018382,0.023114,0.038493,0.076685,0.069004,0.073699,0.027754,0.019814,0.013163,0.011834,0.0085413,0.010634,0.012238,0.0010749,0.00062534,0.00068968,0.00081512,0.0010546,0.0014043,0.0046683,0.013999,0.019554,0.004984,0.0017193,0.0023043,0.0023282,0.002057,0.0018586,0.001854,0.010981,0.0016931,0.0013018,0.0015761,0.0018967,0.002173,0.0030469,0.0076655,0.017494,0.047958,0.010672,0.0039573,0.0027295,0.0022958,0.0021559,0.0021522,0.0020161,0.027319,0.0059195,0.0064513,0.0068817,0.0096576,0.012151,0.017712,0.034141,0.13747,0.079054,0.031786,0.018923,0.013941,0.012058,0.01185,0.010427,0.011618,0.019388,0.0012761,0.00097308,0.0012319,0.001366,0.002195,0.0029017,0.0048725,0.014731,0.044251,0.011104,0.0053924,0.0039389,0.0033247,0.0025813,0.0032184,0.0027485,0.010744,0.0051661,0.0052523,0.0056406,0.0063662,0.0076047,0.0099314,0.018161,0.04658,0.07504,0.017354,0.0091643,0.0061539,0.0045148,0.0038699,0.0035987,0.0036564
0.039265,0.0034344,0.0029899,0.0041555,0.0041381,0.0054689,0.0067463,0.016277,0.065775,0.029489,0.010848,0.002924,0.0013777,0.00089033,0.0013838,0.00057773,9.9178e-05,0.0082876,0.0029021,0.0014382,0.0016764,0.0010319,0.0023997,0.0026254,0.0049512,0.015366,0.010739,0.010953,0.0038671,0.002407,0.0016733,0.0016992,0.0012433,0.0011044,0.00095369,0.0019895,0.00216,0.0022753,0.0026634,0.0036646,0.0049993,0.009191,0.022087,0.027781,0.011089,0.0038751,0.0024637,0.0018875,0.0014828,0.0016268,0.0012894,0.0067273,0.031173,0.033045,0.035559,0.040278,0.048476,0.064391,0.10606,0.36715,0.1638,0.063467,0.038465,0.026337,0.020208,0.016391,0.01587,0.011873,0.028595,0.0034162,0.0019042,0.0014427,0.0016171,0.0017021,0.0023254,0.0030547,0.014625,0.0048119,0.0036904,0.0019561,0.0013626,0.00093434,0.00040235,0.0012946,0.00060273,0.0064012,0.0011469,0.0010623,0.0013926,0.0023297,0.0023594,0.0039407,0.0054697,0.039888,0.013966,0.010481,0.0058454,0.0042854,0.0037004,0.0032819,0.0032448,0.0031052,0.015387,0.0079689,0.0082466,0.0096432,0.0095063,0.011384,0.012736,0.022129,0.058898,0.024661,0.063302,0.019762,0.010591,0.0077592,0.0055887,0.0043931,0.0039998,0.028971,0.0026442,0.001372,0.00134,0.00050631,0.0012744,0.001158,0.0015065,0.0078327,0.012786,0.001881,0.0012231,0.00094075,0.00049309,0.00038972,0.00048379,0.0004635,0.013556,0.0011708,0.00064653,0.00084889,0.0011015,0.00079314,0.0011006,0.0051349,0.0065961,0.037447,0.013507,0.0041913,0.002532,0.001894,0.0015898,0.0015214,0.0013981,0.072,0.023268,0.017668,0.0062527,0.0089588,0.029905,0.058468,0.1125,0.26008,0.18555,0.02169,0.048926,0.058481,0.054845,0.042536,0.020355,0.0089761,0.013592,0.0047082,0.0024106,0.00083323,0.0035658,0.0067853,0.0099853,0.013967,0.017719,0.025227,0.0066906,0.0085569,0.0083749,0.0069099,0.0045433,0.0027616,0.0013161,0.0047017,0.0013017,0.0015568,0.0022771,0.0033763,0.0046726,0.0056988,0.0055475,0.02415,0.043464,0.012622,0.011235,0.0099105,0.0084478,0.0065019,0.0043927,0.0033627
0.041268,0.0047115,0.002009,0.0020021,0.0027232,0.0056004,0.0089722,0.019088,0.092216,0.039056,0.025088,0.015026,0.01148,0.0091891,0.0067808,0.0090291,0.0076448,0.0042248,0.00071314,0.0011617,0.00054296,0.0011065,0.0014582,0.003518,0.0051461,0.02303,0.0061617,0.011968,0.0068039,0.0047964,0.0039262,0.0035443,0.0032926,0.003294,0.0031491,0.0006788,0.00060235,0.0010479,0.0022099,0.0029716,0.0045337,0.0056134,0.030311,0.0024684,0.013774,0.0063781,0.0045415,0.0035683,0.003173,0.0033748,0.0031872,0.056926,0.032244,0.032793,0.035494,0.039924,0.047605,0.066182,0.11987,0.45234,0.26178,0.064758,0.041199,0.029623,0.023092,0.019687,0.019496,0.016356,0.04007,0.001669,0.0011796,0.00205,0.0025028,0.0027797,0.0025937,0.0042028,0.012338,0.0039827,0.0049569,0.0018884,0.0010519,0.0012427,0.00082683,0.0013456,0.00045777,0.0096819,0.00485,0.0045791,0.0048932,0.0042499,0.0053656,0.0077317,0.012853,0.055093,0.054916,0.0067299,0.0053011,0.003963,0.0027585,0.0023184,0.002053,0.002121,0.00024605,0.0061009,0.0055874,0.0054111,0.0061935,0.0086102,0.01275,0.016673,0.080318,0.099729,0.063125,0.021096,0.014317,0.011866,0.0070593,0.010518,0.0077764,0.037381,0.0025359,0.00063802,0.00081741,0.0020035,0.0014087,0.0015058,0.0033268,0.014702,0.016422,0.0040445,0.0033198,0.0024372,0.0021352,0.0021593,0.0017351,0.0015488,0.017845,0.0019818,0.0024666,0.0021945,0.0022159,0.0035914,0.0063031,0.0094535,0.027771,0.030399,0.017909,0.0090099,0.0067456,0.0055521,0.0049051,0.0044547,0.0044556,0.055592,0.005787,0.0054033,0.0050141,0.0069366,0.0087023,0.013084,0.022756,0.18139,0.1158,0.022482,0.018063,0.013248,0.012556,0.010386,0.012435,0.0071412,0.0012074,0.0032569,0.0027729,0.0025847,0.0028688,0.0030087,0.003975,0.0065337,0.017933,0.039815,0.0084163,0.0035296,0.0024096,0.0014267,0.00063341,0.0014135,0.00096322,0.00030708,0.0052372,0.0057202,0.0058037,0.0064019,0.0060366,0.007849,0.013738,0.047418,0.064696,0.011977,0.0056897,0.0040029,0.0022907,0.0013896,0.0009506,0.0012417
0.031104,0.0068583,0.0045637,0.0065691,0.0060917,0.0077599,0.011726,0.022694,0.071647,0.032928,0.0065202,0.0053945,0.0036033,0.0023974,0.0013879,0.0021771,0.0019703,0.0024357,0.00087788,0.00090906,0.0011853,0.0020246,0.0012353,0.0015893,0.0015492,0.013985,0.010501,0.0039389,0.0015829,0.0015598,0.0013596,0.0011091,0.0010789,0.00068855,0.004511,0.0022333,0.0019677,0.0026123,0.0023457,0.0028549,0.0048305,0.0028476,0.042164,0.012749,0.0060859,0.0029969,0.0016721,0.0011023,0.00055819,0.00038849,0.00041007,0.038981,0.017507,0.018194,0.020206,0.022278,0.025727,0.034018,0.073612,0.43295,0.099901,0.030172,0.016985,0.011192,0.0071987,0.0051551,0.0043613,0.00053977,0.03402,0.0033778,0.00074778,0.0031228,0.0015769,0.00055723,0.00025606,0.0024817,0.01428,0.010658,0.0027289,0.00061626,0.00067753,0.00040128,0.0004089,0.0011198,0.00020219,0.0053216,0.00057281,0.00049992,0.0011416,0.00083067,0.0013171,0.0017231,0.0074406,0.036269,0.022694,0.0050178,0.0030433,0.0023897,0.0021442,0.0018926,0.0017085,0.0016709,0.015202,0.0069695,0.0077109,0.010846,0.010968,0.013368,0.019141,0.032788,0.087033,0.088369,0.078141,0.026463,0.018658,0.013108,0.012966,0.010247,0.0086786,0.031689,0.0023988,0.0015415,0.00078648,0.0026757,0.0010823,0.0013179,0.0026847,0.017666,0.017168,0.0021995,0.0016061,0.0011563,0.0010354,0.00092704,0.0010598,0.0010986,0.011538,0.0030551,0.0030124,0.0029896,0.0033804,0.0047515,0.0042169,0.011005,0.018287,0.023469,0.015024,0.005927,0.0037104,0.0024497,0.0019418,0.0016701,0.0018559,0.04412,0.0021324,0.0048485,0.0077898,0.012318,0.01937,0.033552,0.060886,0.29106,0.1872,0.085075,0.050371,0.040589,0.034975,0.032162,0.030635,0.033259,0.0036545,0.00016159,0.0011303,0.0022999,0.00088617,0.0014594,0.0018109,0.0042948,0.0070443,0.026805,0.0075523,0.0047856,0.0033433,0.0031296,0.0027169,0.0025069,0.0016518,0.0096494,0.004231,0.0045855,0.0042523,0.0048665,0.007169,0.0069971,0.018305,0.044648,0.044012,0.013445,0.0064028,0.0039546,0.0028355,0.0020725,0.0015047,0.0013142
0.019694,0.0024931,0.0040631,0.0044053,0.005534,0.0054317,0.0088539,0.0097933,0.12384,0.0384,0.026657,0.01248,0.0097627,0.0076747,0.0063392,0.0046949,0.0049802,0.00015069,0.0012773,0.0020179,0.0019479,0.0023628,0.001838,0.0031879,0.0042602,0.022947,0.021448,0.0067015,0.0033712,0.0016619,0.0012762,0.0011403,0.00092694,0.00088309,0.0021115,0.0008324,0.001201,0.00075399,0.0017526,0.0013679,0.0042331,0.0051476,0.030525,0.027606,0.012319,0.0063048,0.003634,0.0031198,0.0026866,0.0025561,0.0024663,0.0037327,0.0083501,0.009709,0.012597,0.015913,0.023171,0.035745,0.068038,0.52661,0.1916,0.080302,0.050957,0.040565,0.034295,0.031907,0.030503,0.027552,0.025479,0.0004721,0.0013438,0.0014606,0.00094442,0.00024388,0.00051588,0.001988,0.010561,0.006377,0.0026436,0.00088073,0.00047293,0.00031094,0.00034156,0.0011419,0.00062562,0.0014496,0.002858,0.0029317,0.0037156,0.0045453,0.0051776,0.0089325,0.013748,0.069477,0.035607,0.013231,0.0076042,0.0063179,0.0052822,0.0048353,0.0042966,0.0045472,0.020256,0.0012023,0.0021393,0.0023234,0.0015006,0.0053361,0.0061635,0.014424,0.084914,0.087058,0.061847,0.02038,0.014444,0.0098912,0.010466,0.0070835,0.0098421,0.024891,0.00094485,0.0013367,0.0009474,0.0023366,0.00060876,0.0019371,0.0020422,0.014317,0.021362,0.0035122,0.00049425,0.00016519,0.00054059,0.00012593,7.4958e-05,0.000412,0.015347,0.0043052,0.0045305,0.004278,0.0057074,0.0055737,0.007623,0.010329,0.036672,0.032246,0.015797,0.0079023,0.0036509,0.0024312,0.0016075,0.00084515,0.00094224,0.030957,0.0045032,0.0065755,0.0081272,0.011659,0.016057,0.026244,0.042462,0.29205,0.16987,0.061528,0.037817,0.029336,0.024751,0.022654,0.020211,0.022522,0.0025711,0.0029296,0.0029046,0.0037628,0.00192,0.003591,0.0049753,0.0074439,0.025801,0.027829,0.010751,0.0054939,0.0041541,0.0034738,0.003671,0.0031311,0.00094606,0.0059091,0.00065706,0.00092344,0.0018304,0.0027358,0.0033943,0.0074555,0.0090279,0.04883,0.050926,0.017855,0.0094666,0.0080802,0.0067187,0.0060241,0.0062026,0.0053941
0.027464,0.0057227,0.0040882,0.0037797,0.0060645,0.0070816,0.0067437,0.0093082,0.12375,0.01766,0.01367,0.0074564,0.0041427,0.002921,0.0013585,0.0012623,0.0015087,0.0014267,0.0020542,0.00070497,0.0026785,0.0026158,0.0020653,0.001229,0.0065791,0.018682,0.013423,0.0064632,0.0035107,0.0017302,0.0012406,0.0007905,0.00097283,0.00045013,0.00098418,0.0022345,0.0017669,0.00044096,0.003202,0.0031374,0.0020593,0.0087118,0.035938,0.026743,0.002993,0.0023162,0.0018263,0.00089516,0.00083919,0.00061393,0.00063327,0.0091096,0.0016392,0.0035567,0.0026931,0.0075945,0.01122,0.018587,0.044766,0.41452,0.11374,0.03082,0.022165,0.017954,0.014572,0.014486,0.014601,0.0098802,0.024659,0.0013186,0.0011213,0.0034393,0.0023024,0.001214,0.00039847,0.0063855,0.014793,0.0059242,0.0019286,0.0018846,0.0013646,0.0012746,0.0011388,0.0021013,7.2476e-05,0.0044785,0.00018591,0.00074856,0.00073469,0.002467,0.0017602,0.0017301,0.016689,0.037444,0.027826,0.0044859,0.0024961,0.0018039,0.0018458,0.0015872,0.001114,0.0018845,0.0050946,0.022978,0.010619,0.00487,0.023796,0.037635,0.046093,0.046186,0.10834,0.040128,0.11449,0.046282,0.018933,0.0062642,0.011961,0.012165,0.010409,0.029477,0.0021902,0.00095328,0.0033558,0.0036127,0.0043045,0.0046934,0.00039396,0.016766,0.016606,0.0074216,0.0029416,0.00080721,0.00070035,0.0015607,0.0022216,0.0022278,0.0080758,0.0035252,0.0015614,0.0012583,0.00511,0.0083583,0.007619,0.0057538,0.011174,0.038613,0.013206,0.0054913,0.0032345,0.0025463,0.0025663,0.0020583,0.0012131,0.016726,0.018558,0.019759,0.019854,0.023042,0.026063,0.034881,0.023163,0.27956,0.13031,0.048735,0.023223,0.012917,0.0084288,0.0058004,0.0047507,0.0042477,0.0038891,0.0033997,0.0022965,0.0066332,0.0010591,0.0031224,0.0055375,0.0064442,0.010249,0.022576,0.011224,0.0045673,0.0027698,0.0017494,0.0015582,0.0010676,0.0012532,0.0045357,0.00071442,0.0011854,0.0027054,0.0030966,0.0022778,0.0051634,0.019399,0.045552,0.046683,0.018554,0.009786,0.007262,0.0062642,0.0055682,0.0054122,0.0053559
0.025349,0.0029319,0.0025266,0.003032,0.0040892,0.0043624,0.0068348,0.0075068,0.10145,0.061975,0.0098098,0.0046683,0.0036279,0.0035259,0.0027835,0.0021109,0.0023957,0.0066949,0.00025342,0.0010339,0.0003735,0.00096381,0.00098541,0.0019778,0.0021397,0.018624,0.018165,0.0033972,0.0013689,0.0011109,0.00086501,0.0010387,0.00090963,0.00065232,0.0015602,0.0010871,0.00028095,0.00085891,0.00058275,0.00078396,0.00096105,0.0033484,0.023037,0.022195,0.0056204,0.0023496,0.0015838,0.0010009,0.0009321,0.0011223,0.00080873,0.042029,0.037232,0.043648,0.053218,0.041802,0.06752,0.090225,0.12715,0.57575,0.16314,0.070052,0.054568,0.023224,0.01627,0.016849,0.0081558,0.0050603,0.028717,0.0007467,0.00018356,0.003982,0.00024575,0.0014376,0.0020587,0.0040902,0.010895,0.010895,0.00030806,0.00043922,0.00038275,7.9927e-05,0.0011079,0.00037079,0.00016785,0.000103,0.0038096,0.0053055,0.0066448,0.0045392,0.0083394,0.0075726,0.013355,0.076922,0.010495,0.017961,0.005255,0.0059095,0.0045435,0.0023666,0.0042271,0.0011101,0.029398,0.0043205,0.0040543,0.005996,0.0060791,0.0070641,0.0083902,0.011556,0.07081,0.072055,0.078653,0.021039,0.015632,0.013443,0.010905,0.0092896,0.010138,0.029809,0.001187,0.00062952,0.00057325,0.00084062,0.0012971,0.0015349,0.00079439,0.0082688,0.019782,0.0028405,0.0016345,0.0010353,0.00053903,0.00062829,0.00040447,0.00046539,0.011049,0.002405,0.0019491,0.0022917,0.0028037,0.0033715,0.0047568,0.008841,0.02509,0.037834,0.013037,0.0050505,0.003842,0.0030216,0.0027766,0.0027893,0.0019856,0.055385,0.02084,0.021557,0.024839,0.025593,0.030794,0.040489,0.08097,0.31307,0.1883,0.042111,0.023266,0.015063,0.01028,0.0080541,0.0073741,0.00066185,0.0062486,0.0022536,0.001675,0.0020519,0.0027861,0.0030247,0.0041616,0.0078449,0.022396,0.036351,0.010805,0.0058292,0.0044034,0.0038555,0.003387,0.0038259,0.0016327,0.01117,0.0037316,0.0042734,0.0046802,0.0054258,0.0060204,0.008036,0.020827,0.041301,0.047663,0.014588,0.0070949,0.0048809,0.0037758,0.0029172,0.0029976,0.0022278
0.023329,0.00099386,0.00014637,0.00098694,0.0022996,0.0031057,0.005327,0.014272,0.085651,0.048478,0.01229,0.0050899,0.0036431,0.0040204,0.0030271,0.0028659,0.0037022,0.006857,0.00097468,0.00024242,0.00059213,0.00062483,0.00030427,0.00032237,0.0020988,0.013954,0.02016,0.0077842,0.0018084,0.00087306,0.00067506,0.00039948,0.00032367,5.9113e-05,0.00032615,0.0006948,0.00074612,0.00077494,0.0010884,0.0013566,0.0012514,0.0072247,0.023936,0.036661,0.007846,0.0026493,0.0013546,0.001044,0.00084741,0.00097711,0.00084877,0.012461,0.019168,0.019087,0.020373,0.024453,0.0292,0.039181,0.064076,0.39552,0.077745,0.024438,0.015273,0.0097594,0.0067596,0.0036614,0.0010848,0.0023823,0.028744,0.0012238,0.0015184,0.0021758,0.001089,0.0013474,0.0019587,0.0013093,0.01484,0.0060676,0.0021161,0.0015314,0.0011634,0.00082769,0.00073449,0.00026409,0.00063707,0.0040551,0.00047522,0.00090773,0.0015964,0.0018238,0.0023342,0.00413,0.0083572,0.044466,0.025886,0.0076209,0.0054404,0.0041727,0.0037487,0.0032201,0.0033272,0.0032311,0.026921,0.0043771,0.0039671,0.0049465,0.0051886,0.007707,0.011873,0.021591,0.11426,0.05735,0.08895,0.030472,0.021294,0.01439,0.012584,0.014008,0.016129,0.030961,0.0019422,0.00039497,0.00013367,0.00090986,0.0011304,0.0014474,0.0028402,0.014466,0.021326,0.001824,0.0012084,0.0011492,0.00090769,0.001239,0.00088784,0.0010185,0.013287,0.0021638,0.0023292,0.0024866,0.0028477,0.003261,0.0040261,0.0044898,0.0099903,0.037416,0.016867,0.0051903,0.0029685,0.0017844,0.0015542,0.0012832,0.0013352,0.013451,0.0086841,0.024284,0.010066,0.029648,0.016969,0.046855,0.049363,0.27705,0.14294,0.079654,0.038891,0.026263,0.028602,0.012108,0.024971,0.0052377,0.0087205,0.0021071,0.0022149,0.0018442,0.00408,0.0013744,0.0072932,0.0028807,0.022091,0.018583,0.02045,0.0069315,0.0081331,0.0042781,0.0055297,0.0045805,0.0048905,0.00010489,0.0038453,0.0048959,0.0040157,0.0069457,0.0051993,0.013108,0.0090793,0.05746,0.02611,0.033583,0.0014266,0.014108,0.001535,0.010343,0.0012311,0.0091917
0.021311,0.002643,0.0029352,0.0023697,0.0028905,0.0040268,0.0061503,0.010522,0.093357,0.05953,0.010742,0.0060347,0.0047869,0.0024086,0.0030234,0.0021532,0.0015927,0.0039941,0.0016053,0.0010832,0.0014767,0.0013109,0.0026592,0.0029511,0.0045261,0.02151,0.010733,0.007527,0.003274,0.0018638,0.0011775,0.0012325,0.0010929,0.00066379,0.00056267,0.0012987,0.001604,0.0017606,0.001761,0.0017323,0.0025835,0.0037225,0.029721,0.013331,0.0046837,0.0025002,0.0013012,0.00088054,0.00053002,0.00036773,0.00011634,0.0083715,0.005839,0.0084142,0.010987,0.017254,0.025078,0.040421,0.080415,0.45548,0.26111,0.08646,0.057728,0.04573,0.039856,0.035659,0.034589,0.034991,0.026183,0.00034721,0.00069309,0.0011158,0.00075867,0.0010364,0.0015178,0.0030082,0.01343,0.0019287,0.0061322,0.0029031,0.0024133,0.0016299,0.001678,0.0021584,0.0019665,0.0064317,0.0036993,0.0040569,0.0043342,0.0047493,0.0057654,0.0078924,0.011841,0.057525,0.050013,0.0093922,0.0064778,0.0046579,0.0037244,0.0033999,0.0030746,0.0027733,0.022324,0.0071509,0.0053793,0.0054538,0.0052495,0.0065822,0.0074459,0.0071036,0.085188,0.078192,0.073712,0.01255,0.0080555,0.0037719,0.004531,0.0031495,0.00071715,0.028452,0.00077602,0.0012354,0.0011645,0.00062227,0.0016102,0.0021081,0.0028961,0.012827,0.015592,0.0012296,0.0017581,0.0006666,0.00059582,0.00063505,0.00065099,0.0003109,0.0087625,0.00067686,0.00077599,0.0009872,0.0015354,0.0023357,0.0037328,0.0067359,0.025755,0.029864,0.019364,0.0086865,0.0058712,0.004529,0.0043057,0.0039473,0.0040131,0.041775,0.011489,0.012094,0.01357,0.014799,0.018961,0.027042,0.05017,0.23772,0.15358,0.036706,0.023529,0.018283,0.01538,0.014413,0.015387,0.0093271,0.0088483,0.0020224,0.0017707,0.0021558,0.002975,0.0030688,0.0041653,0.0060626,0.016777,0.042672,0.012077,0.0048567,0.0029383,0.002423,0.0019369,0.0013038,0.0032101,0.00065804,0.0034342,0.0036619,0.0037814,0.0043091,0.0052819,0.0069345,0.010741,0.045214,0.062233,0.014412,0.0076028,0.0056622,0.0045197,0.0040694,0.0034334,0.0039692
0.010721,0.004738,0.004162,0.0041431,0.0040882,0.0058906,0.0086431,0.019787,0.086688,0.041051,0.018144,0.0079796,0.006828,0.0051271,0.0051909,0.0032743,0.0027905,0.0077268,0.00018776,0.0010868,0.00046526,0.00088518,0.0015103,0.0020366,0.0035625,0.01922,0.011612,0.010334,0.0034904,0.0024557,0.002182,0.0017112,0.001525,0.0018368,0.00032616,0.00092566,0.00047502,0.00071455,0.00078099,0.0014778,0.0026063,0.0044263,0.029204,0.031288,0.015955,0.0055132,0.0037815,0.0032137,0.0031177,0.0026103,0.0026188,0.028941,0.029268,0.030564,0.032007,0.036913,0.044431,0.058757,0.10275,0.4241,0.2064,0.047792,0.028538,0.018671,0.012498,0.0090186,0.00756,0.0058766,0.025349,0.0022146,0.00080196,0.0021537,0.0013828,0.0016656,0.0021067,0.0031767,0.01465,0.0091395,0.0027601,0.0010161,0.00063307,0.00029943,0.00091729,0.00084287,0.0004158,0.0040398,0.0013256,0.0013823,0.0016927,0.0019543,0.0027006,0.0038744,0.0057545,0.044364,0.018016,0.0077337,0.003557,0.0028792,0.0024845,0.0027036,0.0020904,0.0022545,0.03661,0.0056512,0.0059145,0.0064314,0.0066717,0.008945,0.0098353,0.017867,0.085674,0.051956,0.083448,0.015426,0.0098234,0.0090258,0.0087177,0.0068662,0.0062295,0.026825,0.0011594,0.00078541,0.00043719,0.00079228,0.00050445,0.00021056,0.00085632,0.011893,0.019362,0.0052426,0.00073474,0.000756,0.00045074,0.00057199,0.00036282,0.00022888,0.007063,0.0015413,0.0015938,0.0015794,0.0016496,0.0015302,0.0020302,0.003845,0.0098368,0.031974,0.02199,0.0044297,0.002625,0.0020234,0.0017086,0.0014335,0.0015011,0.020718,0.0067979,0.0065682,0.011089,0.012881,0.018378,0.027938,0.052618,0.24769,0.2649,0.066115,0.036514,0.02908,0.024726,0.0234,0.022474,0.023373,0.0093767,0.00019587,0.00029943,0.00053386,0.00060874,0.0002743,0.00055158,0.00064305,0.0039737,0.043538,0.0017374,0.00053654,0.00030902,0.00030649,0.0007396,0.00093145,0.00060654,0.0045376,0.00037214,0.00062504,0.00090959,0.0010267,0.0014769,0.0024934,0.0054149,0.035011,0.050218,0.0089271,0.0029021,0.0022497,0.0020693,0.0017706,0.0021499,0.0022869
0.0082799,0.0028986,0.0044551,0.0041649,0.0044806,0.0055707,0.0088747,0.01836,0.096945,0.063192,0.013419,0.0085338,0.0057253,0.0051607,0.005795,0.0052293,0.0049878,0.0045624,0.0023614,0.0021355,0.0025382,0.0026144,0.0032006,0.0034286,0.0052764,0.02194,0.013728,0.0058668,0.0028156,0.001712,0.0014132,0.0012002,0.0011232,0.0014763,0.0045357,0.002341,0.0024214,0.0029999,0.0036145,0.0039306,0.0047899,0.0076251,0.034204,0.014275,0.0041883,0.0029425,0.0021082,0.0013704,0.00078608,0.00085858,4.5769e-05,0.0022965,0.0066616,0.0075362,0.011568,0.015195,0.024293,0.038566,0.079953,0.41044,0.14918,0.070792,0.050752,0.040832,0.036715,0.03344,0.030543,0.03106,0.019236,0.00085509,0.0015922,0.0013063,0.00073536,0.001137,0.0016549,0.0033738,0.013339,0.003264,0.0039903,0.001676,0.0014995,0.0015994,0.0012942,0.00088351,0.00052834,0.0027638,0.0041538,0.0045362,0.0043629,0.0049449,0.0063559,0.0085039,0.013615,0.049312,0.046888,0.0059369,0.0043838,0.0027124,0.0017416,0.0011995,0.00061178,0.00037956,0.034426,0.0042963,0.0073454,0.0065431,0.0071804,0.0095087,0.011514,0.017778,0.09175,0.089751,0.078051,0.012088,0.0094446,0.0041632,0.0046858,0.0040786,0.003748,0.021767,0.00036558,0.00060739,0.00086864,0.00023752,0.0011293,0.002103,0.0030654,0.014871,0.02001,0.001891,0.0025166,0.00079449,0.0013133,0.00080272,0.00082847,0.00064087,0.0065709,0.00034924,0.00075376,0.0010161,0.00086717,0.0013732,0.0028236,0.0046512,0.019826,0.033152,0.018054,0.0067749,0.0045507,0.0038811,0.003259,0.0029391,0.0032635,0.010368,0.013884,0.012931,0.015011,0.017416,0.021199,0.029185,0.046593,0.23215,0.11906,0.018953,0.015901,0.010311,0.0083965,0.0074588,0.0043782,0.0086404,0.0045911,0.00071443,0.00021213,0.0010388,0.00094375,0.0011231,0.0014325,0.0028132,0.0096574,0.046063,0.004359,0.0027403,0.0018677,0.0020454,0.0018466,0.0019174,0.0025959,0.0076143,0.0047976,0.004778,0.0052644,0.006136,0.0067505,0.0087179,0.014663,0.044253,0.070782,0.012442,0.0056379,0.0035385,0.0025767,0.0016168,0.00097644,0.0012245
0.027287,0.0036327,0.0029498,0.0043535,0.0049189,0.0062614,0.0096569,0.017657,0.076612,0.047393,0.022687,0.0092552,0.0066284,0.0064706,0.0056703,0.0059061,0.0050546,0.021086,0.0018172,0.0018197,0.0012301,0.0018717,0.001246,0.0024907,0.0040001,0.018756,0.0058167,0.012724,0.0043331,0.0029085,0.0025426,0.0024709,0.0023795,0.0020352,0.0044842,0.00092793,0.00067043,0.0013119,0.001288,0.0017666,0.0026768,0.0052345,0.023005,0.030166,0.016929,0.0056691,0.0038636,0.0033192,0.002844,0.0027607,0.0029507,0.044114,0.037417,0.040209,0.042143,0.047825,0.058511,0.076658,0.12296,0.4309,0.33367,0.079112,0.046424,0.033021,0.025322,0.019676,0.016505,0.016094,0.037385,0.0036585,0.0016647,0.00073361,0.0013453,0.0019357,0.0025187,0.0034752,0.015002,0.0090611,0.0016207,0.0025605,0.0013043,0.001073,0.001244,0.0012113,0.0014076,0.0032578,0.001844,0.0012484,0.0015448,0.0014969,0.0027137,0.0048275,0.010975,0.043497,0.038225,0.011921,0.0058114,0.0049768,0.0043516,0.0041358,0.0035887,0.0036698,0.032801,0.0016753,0.0080174,0.0057451,0.0068381,0.0074047,0.011025,0.011506,0.070233,0.033261,0.07456,0.012043,0.0094044,0.0066707,0.0056807,0.0052301,0.00031473,0.041894,0.0019564,0.0013079,0.0013245,0.00065789,0.00028507,0.00043334,0.0019684,0.0094276,0.0087849,0.0073441,0.002187,0.0019196,0.0014788,0.00083764,0.0010268,0.00098803,0.014469,0.0015755,0.0014011,0.0018845,0.0015576,0.0026132,0.0032392,0.005184,0.016431,0.015014,0.026,0.0071632,0.0053309,0.003992,0.0034377,0.0033504,0.0030709,0.05984,0.022894,0.02196,0.024978,0.027411,0.03385,0.044386,0.072615,0.22795,0.22837,0.06474,0.029008,0.019318,0.014603,0.011686,0.013485,0.0091726,0.020937,0.0045886,0.00162,0.0020134,0.0022863,0.0022709,0.0031592,0.0046192,0.0091983,0.043739,0.0060026,0.0028678,0.0024146,0.0017574,0.0018461,0.001714,0.00078776,0.0050107,0.00087517,0.00076177,0.00092085,0.0014875,0.0014843,0.0027342,0.0067512,0.029584,0.049979,0.0045084,0.002756,0.0021693,0.0021838,0.0018547,0.0024062,0.0017453
0.017388,0.0020614,0.00051735,0.00266,0.0032051,0.00431,0.0077955,0.014072,0.068498,0.070049,0.0084967,0.0068083,0.0054365,0.0039747,0.003772,0.0034251,0.0036355,0.013079,0.0016772,0.0015117,0.0010004,0.001031,0.0017743,0.0016604,0.003357,0.016701,0.021444,0.0038528,0.0010831,0.00072619,0.00087741,0.00071615,0.00063459,0.00066569,0.0030289,0.0019052,0.0014233,0.0016993,0.0019247,0.0021958,0.0029933,0.0057239,0.031642,0.03427,0.0027913,0.0010551,0.00089581,0.00078165,0.00081535,0.00048508,0.0007477,0.016409,0.018201,0.02175,0.021858,0.02517,0.032267,0.044858,0.08003,0.41465,0.027567,0.049355,0.035011,0.027423,0.022816,0.020429,0.017929,0.018526,0.029574,0.0031005,0.00089186,0.0015927,0.0010695,0.0014643,0.0016799,0.0026455,0.013573,0.0051055,0.0047193,0.0017113,0.001407,0.0014902,0.0011074,0.0011793,0.00037574,0.0062829,0.0028847,0.0033237,0.0038305,0.0040937,0.0052499,0.0066921,0.0094737,0.048349,0.03021,0.0059716,0.0049576,0.0039085,0.0029313,0.0025301,0.0025806,0.0026093,0.041272,0.0034337,0.0082812,0.0077617,0.0072747,0.016038,0.0075457,0.042238,0.0070008,0.089717,0.097048,0.039688,0.024068,0.018084,0.020802,0.015935,0.020447,0.031027,0.0039544,0.0027472,0.0024927,0.0028982,0.0036792,0.0039239,0.0084099,0.0058303,0.022154,0.011167,0.0042732,0.0030585,0.0017019,0.0020892,0.00010022,0.001894,0.010121,0.0039584,0.00039374,0.0046522,0.0020109,0.0054194,0.0042524,0.010313,0.015548,0.044837,0.0076483,0.0032468,0.0047047,0.00070218,0.0031531,0.00025549,0.0027237,0.041609,0.013511,0.012114,0.013635,0.015431,0.019684,0.026219,0.0494,0.22162,0.18779,0.041673,0.023356,0.019432,0.016611,0.016514,0.012037,0.011618,0.013926,0.0028544,0.00144,0.0023225,0.0010291,0.0013732,0.0014782,0.002432,0.0053322,0.044661,0.0049316,0.0017335,0.0007515,0.00061302,0.0016811,0.00067385,0.0015049,0.0021305,0.0016722,0.0019184,0.002306,0.002616,0.0037837,0.0054846,0.0088348,0.042705,0.066092,0.014664,0.0075472,0.0058938,0.0050223,0.0047657,0.004085,0.0041676
0.0041047,0.0055427,0.0059315,0.0052478,0.0063,0.0081624,0.010704,0.015493,0.057326,0.070494,0.0093292,0.0023635,0.001052,0.0030066,0.0029887,0.0019841,0.0011254,0.0048504,0.0029409,0.0034063,0.0022461,0.0013827,0.0014388,0.0034289,0.0030237,0.013159,0.015457,0.010883,0.0026609,0.002192,0.0022087,0.0020819,0.0019011,0.0018711,0.0028267,0.00071533,0.0013436,0.0011223,0.0028584,0.0041432,0.004975,0.00081981,0.015572,0.021131,0.0087266,0.0029417,0.0023103,0.0020786,0.0018391,0.001693,0.0014801,0.053483,0.018643,0.040482,0.055275,0.0088857,0.078336,0.066475,0.10522,0.49916,0.089957,0.14439,0.085439,0.022484,0.055628,0.033184,0.024642,0.044938,0.019442,0.0021404,0.0028062,0.0037292,0.00067473,0.0032308,0.0038479,0.0036597,0.014773,0.0070643,0.001862,0.0021996,0.00034565,0.0016107,0.0018997,0.00075882,0.00039101,0.0077249,0.0027322,0.0062025,0.0076474,0.0033555,0.01106,0.0048639,0.0094199,0.066327,0.013403,0.019217,0.010744,0.0028489,0.0067759,0.0028375,0.0030538,0.0043717,0.033997,0.0033672,0.00030831,0.0016264,0.0040831,0.0046515,0.0082698,0.012543,0.053377,0.052175,0.072909,0.004542,0.0011306,0.0024131,0.0010105,0.0024001,0.0028344,0.021094,0.001943,0.0032296,0.0019151,0.0011861,0.0021725,0.0025688,0.002327,0.0081226,0.013683,0.0023854,0.00095478,0.00077483,0.00083621,0.00080092,0.00048023,0.00050164,0.008154,0.0032596,0.0031114,0.0030426,0.0044522,0.0073429,0.0091462,0.0036447,0.012522,0.035223,0.020724,0.0036228,0.0017954,0.0015689,0.0010575,0.00067251,0.00017737,0.019165,0.0029669,0.0026146,0.005891,0.010367,0.013359,0.024319,0.03085,0.21304,0.18869,0.058251,0.036099,0.027257,0.022527,0.021272,0.018114,0.022213,0.0094358,0.0024531,0.0014885,0.0039402,0.0018512,0.0025153,0.003425,0.0032697,0.0084678,0.048437,0.0090168,0.0021857,0.0013733,0.0013734,0.0010449,0.00019189,0.0007229,0.00039674,0.0028636,0.0036642,0.0030456,0.0021276,0.0043241,0.0068873,0.015313,0.038958,0.057348,0.0020947,0.0061488,0.0041725,0.0035941,0.0034552,0.0032386,0.0034104
0.0013657,0.0034963,0.0026914,0.0015133,0.0023082,0.0051496,0.0033119,0.01231,0.083875,0.060659,0.0020257,0.0050493,0.0035904,0.0033337,0.0035273,0.0025582,0.0036126,0.001688,0.001243,0.0015087,0.0015718,0.0010742,0.00032104,0.00073423,0.0019549,0.01573,0.022413,0.002761,0.0015432,0.0010584,0.00049744,0.00076588,0.00059282,0.00076104,0.00020218,0.0013921,0.0016581,0.00093897,0.0014228,0.0036852,0.0024407,0.005695,0.023463,0.042491,0.0012285,0.0028778,0.0020969,0.0018496,0.0017878,0.0016078,0.0014916,0.020314,0.015271,0.017809,0.01871,0.020944,0.029489,0.043007,0.09653,0.35678,0.082383,0.076581,0.055648,0.042721,0.036538,0.033614,0.032873,0.030255,0.0083486,0.0018364,0.0026161,0.0022587,0.0024271,0.00045385,0.0026363,0.00555,0.012165,0.0056303,0.0057515,0.0033266,0.0025996,0.0022289,0.0022507,0.0021609,0.0021077,0.0045186,0.0045975,0.0051802,0.0046266,0.0052069,0.0081512,0.010787,0.009997,0.038201,0.037865,0.008492,0.006071,0.0041306,0.0031901,0.0025849,0.0022543,0.0021153,0.029658,0.010908,0.01118,0.0098868,0.01243,0.015747,0.016484,0.029727,0.11456,0.052748,0.084344,0.020349,0.0096026,0.0064929,0.0060879,0.0013995,0.0006199,0.014328,0.0021976,0.0029842,0.002259,0.0021252,0.0016188,0.0023389,0.0027921,0.0143,0.01979,0.0030284,0.0013216,0.00072321,0.00090878,7.4821e-05,0.0001057,0.00018312,0.001915,0.00016674,0.00097818,0.001651,0.00031273,0.0035641,0.005923,0.0016275,0.011691,0.03487,0.01666,0.0073167,0.0051678,0.0043008,0.0037498,0.0036522,0.0038338,0.0085775,0.017327,0.019626,0.021718,0.022653,0.027314,0.033836,0.05852,0.19483,0.19795,0.049666,0.024625,0.014451,0.0098903,0.0056853,0.0083162,0.0064221,0.0058995,0.0011822,0.0015693,0.00166,0.0033845,0.0015843,0.0028797,0.004747,0.003289,0.035581,0.0082323,0.0030028,0.00213,0.002073,0.0014259,0.0020929,0.0016766,0.0051556,0.0023047,0.0032278,0.0038373,0.0035628,0.0067181,0.011145,0.013616,0.03351,0.070467,0.019381,0.011105,0.008043,0.006884,0.0059396,0.0059506,0.0059873
0.015078,0.0086607,0.0077049,0.007898,0.0088174,0.0098473,0.015132,0.024031,0.055434,0.050194,0.017485,0.0071909,0.0058539,0.0032967,0.0019552,0.0031376,0.0011501,0.012865,0.0039819,0.0020919,0.0038249,0.00084735,0.0035919,0.0042684,0.0033116,0.016147,0.020534,0.0077463,0.0024946,0.0016572,0.0013968,0.00067598,0.00070636,0.00062754,0.0041581,0.0027504,0.0010163,0.0026903,0.0023173,0.0026422,0.004635,0.0054418,0.020396,0.019097,0.005854,0.0024689,0.0018661,0.0012957,0.0011858,0.0015707,0.00057982,0.026854,0.016839,0.018611,0.028739,0.029103,0.041238,0.063068,0.092432,0.4068,0.39525,0.1435,0.091011,0.072634,0.061875,0.055915,0.0519,0.050925,0.022152,0.004063,0.00088523,0.0058832,0.0024122,0.00089092,0.0019155,0.0062702,0.013371,0.016046,0.0049918,0.0032276,0.0024397,0.002115,0.0023251,0.0011851,0.0024338,0.0039788,0.0010773,0.0022511,0.00087462,0.0014933,0.0045619,0.0036165,0.023745,0.022793,0.017991,0.0090679,0.0049172,0.0040304,0.0032635,0.0030698,0.0026232,0.0028878,0.047576,0.0059276,0.0025857,0.003687,0.0020584,0.0043778,0.0028761,0.007954,0.056289,0.11455,0.056884,0.013861,0.0057883,0.0015664,0.00343,0.0029905,0.0036603,0.029551,0.0030255,0.0027697,0.0019071,0.0027056,0.0021518,0.0014947,0.00042073,0.0069573,0.021506,0.0017309,0.0011555,0.00054376,0.00019717,0.00035781,0.00059986,8.9642e-05,0.0044347,0.0040121,0.0041627,0.0047188,0.0058734,0.0039381,0.0092032,0.0038589,0.025943,0.02975,0.018935,0.0072217,0.0037851,0.0023977,0.0017456,0.00096905,0.0010929,0.046637,0.024312,0.025901,0.024734,0.032209,0.036418,0.049542,0.073738,0.18378,0.22443,0.085513,0.041072,0.027991,0.021972,0.018578,0.017232,0.016703,0.015932,0.0039169,0.0021806,0.0043995,0.0016675,0.0020478,0.0037663,0.0037529,0.016062,0.040548,0.0085581,0.0053185,0.0042609,0.0039274,0.0031274,0.0022939,0.0031033,0.0053616,0.00093063,0.00040961,0.0024208,0.0010847,0.001246,0.004161,0.014898,0.0026714,0.0311,0.006212,0.0017169,0.0010242,0.00088702,0.0003189,0.00044229,0.00021172
0.0063268,0.0096944,0.0079889,0.0077752,0.0094606,0.012054,0.015032,0.025022,0.060819,0.076984,0.022835,0.010155,0.00552,0.0028505,0.0031276,0.0017363,0.00088692,0.031985,0.0043271,0.0019133,0.0025561,0.0039116,0.0040263,0.00531,0.007641,0.020579,0.01094,0.010473,0.0045582,0.002445,0.0017761,0.001851,0.0015324,0.0012646,0.0070916,0.0030911,0.0021149,0.0021487,0.0027841,0.003784,0.0045354,0.0059449,0.018828,0.025865,0.0084591,0.0029344,0.0015044,0.0008636,0.00063961,0.00028224,0.00028992,0.0056382,0.01129,0.014975,0.02048,0.030197,0.043665,0.067583,0.13647,0.40994,0.5204,0.16679,0.10746,0.085406,0.072767,0.066293,0.062412,0.060903,0.036841,0.0016772,0.0020758,0.0028372,0.0018059,0.00183,0.0020606,0.0058598,0.018285,0.010353,0.0043814,0.0025335,0.0020608,0.0018854,0.0013513,0.0019509,0.00098994,0.0042992,0.0028818,0.0035758,0.0047396,0.0050341,0.0051166,0.0080962,0.0063429,0.041677,0.062574,0.01802,0.011657,0.0088891,0.0074533,0.0066336,0.0065985,0.0063363,0.05263,0.0031645,0.0060639,0.0043764,0.0060938,0.0075789,0.010288,0.014836,0.050764,0.10438,0.056068,0.014711,0.0084441,0.0054158,0.0071648,0.0056783,0.0055257,0.041417,0.0043388,0.00094887,0.0012042,0.0032183,0.0021998,0.0034203,0.0058664,0.012898,0.0094672,0.0038541,0.00062955,0.00088778,0.00048635,0.00028892,0.00034714,9.5386e-05,0.019127,0.0048073,0.005079,0.005784,0.0066959,0.0079886,0.0093979,0.014258,0.033939,0.01618,0.022275,0.0088408,0.0046399,0.0030962,0.0022591,0.0016069,0.0013962,0.01841,0.011569,0.012675,0.015024,0.015629,0.019732,0.027377,0.044971,0.1332,0.15682,0.054352,0.029466,0.022182,0.018064,0.016322,0.013066,0.014725,0.031699,0.0027613,0.0022543,0.00048032,0.0019672,0.0029325,0.0039261,0.0060828,0.018077,0.04098,0.0087971,0.0052052,0.003436,0.002619,0.002763,0.0028222,0.0023327,0.010912,0.0032311,0.0032482,0.0034899,0.002987,0.0046388,0.0061563,0.0039939,0.032568,0.063489,0.013508,0.0094682,0.0072018,0.0059692,0.0052572,0.0051594,0.0049039
0.011784,0.005454,0.005129,0.0067937,0.0058311,0.008539,0.010087,0.016582,0.036802,0.055367,0.010554,0.0065171,0.0031942,0.0023202,0.00082806,0.0010665,0.0013466,0.035201,0.0036716,0.0018945,0.0021269,0.0030597,0.0028919,0.0035807,0.0048053,0.013718,0.0238,0.0053455,0.0028513,0.0015156,0.0012956,0.00070884,0.00057836,0.00065042,0.014515,0.0011957,0.0024531,0.0023362,0.0022186,0.002835,0.0040655,0.0052534,0.016634,0.037003,0.0041592,0.0033583,0.0018423,0.0013594,0.0012088,0.00087661,0.00081636,0.046004,0.017458,0.021592,0.024825,0.030787,0.040016,0.059585,0.099203,0.39556,0.25579,0.109,0.071187,0.056643,0.048416,0.044021,0.040754,0.041133,0.035277,0.0026499,0.0024852,0.003966,0.0021628,0.0025746,0.0033177,0.0065437,0.015172,0.012627,0.0049416,0.0025245,0.0020851,0.0018665,0.0010721,0.00059911,0.0021077,0.012461,0.0040478,0.0040964,0.0042787,0.0057723,0.0064616,0.0085668,0.021658,0.048654,0.057365,0.015079,0.0093633,0.0072979,0.006043,0.0055537,0.0046797,0.0050336,0.052138,0.0070555,0.0053819,0.0058065,0.0062095,0.0078284,0.010239,0.017444,0.037794,0.10825,0.062522,0.016694,0.01037,0.0091343,0.0050429,0.0065212,0.0057355,0.0449,0.0019113,0.0017184,0.001777,0.0025724,0.0020724,0.002753,0.0032466,0.0099529,0.022154,0.0024493,0.00097155,0.00025168,0.00073165,0.00039742,0.00047503,0.00061798,0.011952,0.0039004,0.0026976,0.002916,0.0032939,0.0038355,0.0054275,0.009518,0.021961,0.028585,0.019512,0.0089603,0.0056882,0.0046378,0.0038322,0.0035534,0.0033226,0.031489,0.0091963,0.0094631,0.011845,0.011722,0.015037,0.020643,0.020891,0.13221,0.10221,0.037442,0.019523,0.015644,0.01207,0.012877,0.0080254,0.0089399,0.042679,0.0022498,0.0015547,0.0032976,0.0017519,0.0023386,0.0029235,0.0052806,0.011188,0.035659,0.0050002,0.0023797,0.001869,0.00091662,0.0010771,0.0018618,0.00055696,0.0030003,0.0060066,0.0064726,0.0064627,0.0067962,0.0090504,0.011437,0.023585,0.046918,0.079042,0.015283,0.0077848,0.0050752,0.0035967,0.0025855,0.0016832,0.0018711
0.0054703,0.0012331,0.0041671,0.0026982,0.0041835,0.0046912,0.007048,0.011083,0.052938,0.030935,0.0035539,0.0055552,0.0049298,0.0042163,0.0054874,0.0030103,0.0035248,0.030749,0.0026791,0.001175,0.00046872,0.00091381,0.0014309,0.0017501,0.0034444,0.013018,0.0099521,0.001403,0.00122,0.0012367,0.0009463,0.00079996,0.00054834,0.00082971,0.0080034,0.001965,0.0016063,0.001534,0.0020614,0.0019353,0.0029579,0.0056371,0.020744,0.027998,0.0021754,0.0014397,0.0012246,0.0010221,0.0012126,0.00077473,0.00080111,0.011831,0.042328,0.043261,0.046458,0.051602,0.061881,0.080546,0.12733,0.39337,0.35141,0.098134,0.054272,0.036261,0.027672,0.022009,0.017457,0.017969,0.026602,0.0015717,0.0021248,0.0024334,0.0021817,0.002715,0.0031234,0.0043669,0.013701,0.011351,0.004638,0.0021079,0.0012457,0.00066016,0.00050357,0.00061098,0.00017739,0.005087,0.00034105,0.00066414,0.0012409,0.0022918,0.0025737,0.0047433,0.0077024,0.035783,0.020203,0.012227,0.0080226,0.00633,0.0053759,0.0046687,0.0043314,0.00453,0.063254,0.0052935,0.0030801,0.0036489,0.0049798,0.006786,0.0095118,0.015499,0.061849,0.093614,0.074822,0.026734,0.018072,0.014095,0.012384,0.010746,0.0099889,0.034464,0.0019645,0.00058503,0.00044111,0.0014388,0.00068712,0.0006349,0.00033899,0.0052699,0.020029,0.003086,0.0012324,0.00056279,0.00057994,0.000374,6.6004e-05,9.5516e-06,0.0085527,0.0011286,0.00064535,0.00084424,0.00080625,0.00091732,0.0016081,0.0020753,0.0083997,0.030131,0.014074,0.003696,0.0025975,0.0019953,0.0019231,0.0015222,0.0015297,0.018149,0.018973,0.0077496,0.021797,0.018533,0.024113,0.044446,0.029273,0.25433,0.12687,0.1298,0.036042,0.045804,0.039144,0.020626,0.038496,0.00057031,0.03323,0.0047926,0.0012456,0.0053701,0.0043441,0.0048248,0.0089171,0.0025862,0.024839,0.03579,0.016863,0.007533,0.0039918,0.0038942,0.00083213,0.0034263,0.0019341,0.0070668,0.0024603,0.0011943,0.0019833,0.001665,0.0021154,0.0032994,0.0044891,0.013099,0.049827,0.019083,0.0063109,0.0044107,0.0043059,0.0015562,0.0040467,0.00021937
0.004139,0.00067118,0.0023861,0.0012358,0.0018511,0.0040237,0.0061357,0.013595,0.018858,0.082048,0.0065493,0.0058299,0.0057658,0.004849,0.0029215,0.0042811,0.0045777,0.017969,0.0019786,0.0010529,0.00082628,0.00070958,0.0010549,0.0014277,0.0024952,0.0077228,0.027864,0.0021368,0.0016695,0.001295,0.0010236,0.0011014,0.0010953,0.00099374,0.0043049,0.00030307,0.00054547,0.00042609,0.00078772,0.00094588,0.001854,0.0016088,0.015195,0.043175,0.002659,0.0018199,0.0014932,0.0013447,0.0010804,0.00099211,0.0010243,0.059066,0.046828,0.048558,0.05321,0.058061,0.068608,0.086995,0.13527,0.36984,0.28341,0.098946,0.055475,0.03472,0.023526,0.016393,0.011683,0.0098287,0.020096,0.002717,0.0020743,0.0016868,0.0023935,0.0026658,0.0033139,0.0057929,0.013723,0.012514,0.0032306,0.0017832,0.0011234,0.00085366,0.00012593,0.0011986,6.1039e-05,0.0024338,0.0016693,0.0017216,0.0020648,0.002826,0.0035452,0.0053603,0.0094296,0.029243,0.049262,0.012743,0.0080575,0.0063576,0.0055865,0.0052166,0.0048134,0.0046158,0.040396,0.0060226,0.0075263,0.0069226,0.0068193,0.0074788,0.0055038,0.013032,0.043452,0.047447,0.070383,0.014568,0.0069616,0.010166,0.0084994,0.0049241,0.0013294,0.02726,0.0015259,0.002082,0.002375,0.0012651,0.00052328,0.002954,0.0060838,0.0082966,0.023641,0.00271,0.0050685,0.0037321,0.0015085,0.00045417,0.001829,0.0023537,0.012959,0.0038737,0.0024493,0.00068886,0.0029208,0.005703,0.00807,0.0092774,0.01353,0.042425,0.020323,0.011638,0.0084899,0.0058315,0.0038618,0.0021995,0.00065995,0.0036355,0.015125,0.016614,0.017065,0.01897,0.022604,0.030351,0.046339,0.13924,0.16947,0.065682,0.031081,0.022052,0.018092,0.014228,0.014568,0.014889,0.019528,0.0028487,0.0010874,0.0010072,0.00058188,0.0012074,0.00093418,0.0024263,0.0072061,0.045041,0.0043311,0.0016782,0.0013999,0.0019681,0.001853,0.00032839,0.00027847,0.0078679,0.0027495,0.0031036,0.0031791,0.0035638,0.0042353,0.0055264,0.0079204,0.022507,0.072933,0.0087287,0.0034712,0.0023988,0.0015877,0.0011645,0.0008941,0.0011883
0.0014458,0.0016576,0.0021348,0.0028874,0.0035566,0.0044321,0.0064846,0.012928,0.045995,0.034212,0.023817,0.012027,0.0087251,0.0064148,0.0073795,0.0075207,0.0077249,0.0087701,0.00085091,0.00056265,0.00078831,0.0012821,0.0011827,0.0014685,0.002565,0.010345,0.021368,0.0064089,0.0028172,0.0020371,0.0017626,0.0017109,0.0016831,0.0015831,0.0032254,0.00087528,0.000904,0.0010439,0.0014905,0.001741,0.002622,0.0047095,0.013903,0.011983,0.011911,0.0059249,0.0042943,0.0037469,0.0032636,0.0029209,0.0028782,0.016476,0.061205,0.06677,0.011088,0.071895,0.099023,0.025235,0.15304,0.49999,0.1632,0.14853,0.10009,0.014883,0.040287,0.035567,0.015881,0.028737,0.012997,0.0025596,0.0017025,0.0010353,0.0024459,0.0027344,0.00056636,0.0056811,0.016028,0.0065807,0.0067488,0.0034405,0.00094272,0.001575,0.0020982,0.0012296,0.00016403,0.0038167,0.0049409,0.0054144,0.00085394,0.0057264,0.0083952,0.0035286,0.012216,0.045746,0.0084446,0.012186,0.011995,0.0051466,0.00286,0.0053246,0.0040573,0.0016957,0.043841,0.00067084,0.002538,0.0018573,0.0027525,0.0055178,0.0065493,0.0112,0.033214,0.1091,0.093157,0.027959,0.018364,0.0154,0.014134,0.011057,0.011454,0.017035,0.0023079,0.0020093,0.0022536,0.0020746,0.0032262,0.0038978,0.0054695,0.0079397,0.048726,0.023146,0.0069611,0.0045905,0.0029093,0.0022843,0.0022994,0.0020848,0.0078393,0.00052161,0.00063273,0.00079963,0.00088504,0.0010536,0.0020524,0.0027253,0.01073,0.023766,0.018424,0.0054444,0.003567,0.0028061,0.0023351,0.0020248,0.0022126,0.028849,0.014915,0.018418,0.018843,0.020702,0.023956,0.030352,0.044149,0.11002,0.19272,0.040885,0.020191,0.013591,0.0090425,0.0053592,0.0070215,0.0034199,0.011116,0.00080196,0.00089719,0.0011376,0.0013527,0.0017676,0.0015156,0.0023719,0.0032603,0.053499,0.010001,0.0029265,0.001989,0.0017428,0.0023323,0.0015302,0.00077439,0.0047665,0.0016558,0.0018062,0.0023513,0.0029681,0.0034335,0.004859,0.0083014,0.021467,0.049685,0.021209,0.0092275,0.0070411,0.0055924,0.0047629,0.0049491,0.0047246
0.0060044,0.0018693,0.0025767,0.0025854,0.0035496,0.0047302,0.0067856,0.012382,0.025773,0.036669,0.025558,0.014023,0.010269,0.0083384,0.009258,0.0083635,0.0072404,0.0042992,0.0020668,0.00095048,0.0012815,0.001607,0.0018181,0.0026528,0.0043753,0.011565,0.011897,0.012764,0.0061988,0.004527,0.0036605,0.0034476,0.0031672,0.0029526,0.00051309,0.0014234,0.0013297,0.0014905,0.0016702,0.0018852,0.0031085,0.0042698,0.012926,0.025565,0.01343,0.0057221,0.0040485,0.0033689,0.0029452,0.0027255,0.002657,0.036671,0.030958,0.033307,0.034904,0.040997,0.050217,0.067121,0.10683,0.26621,0.34174,0.13464,0.077156,0.057506,0.047727,0.041566,0.038596,0.038254,0.0060483,0.001459,0.00044851,0.00079794,0.0010799,0.0012248,0.0017324,0.0033135,0.0099905,0.01292,0.0059483,0.0035051,0.0028524,0.0025658,0.0020633,0.0014314,0.0020428,0.0035801,0.004628,0.0046471,0.0048138,0.0053919,0.0065765,0.0082866,0.011852,0.02643,0.028492,0.013706,0.0060933,0.0037086,0.0023772,0.0014849,0.00040512,0.0001316,0.042939,0.0029248,0.0023281,0.0023221,0.0029393,0.0036,0.0035832,0.0043911,0.0064196,0.030333,0.060392,0.017956,0.010064,0.0075163,0.0066726,0.0057878,0.0061036,0.014454,0.0020363,0.0011608,0.0011125,0.0013489,0.0014902,0.0020421,0.0026105,0.0057961,0.018753,0.013516,0.0031137,0.0015943,0.0011351,0.0011082,0.00075877,0.00075149,0.0018578,0.0016479,0.0019067,0.0022268,0.0029074,0.0033247,0.0045005,0.006953,0.015595,0.041326,0.029322,0.011354,0.0077329,0.0062117,0.0055422,0.0049424,0.0048638,0.013914,0.0054099,0.0047579,0.0053938,0.0056979,0.0068619,0.0097632,0.01364,0.03244,0.26766,0.035773,0.012301,0.0077586,0.0069874,0.0061862,0.0053616,0.0033207,0.0032902,0.0034231,0.0024186,0.0030787,0.0030856,0.0040214,0.00449,0.0070745,0.012206,0.037108,0.017865,0.0062036,0.0043993,0.0025153,0.0034975,0.002391,0.0019208,0.0074712,0.0038878,0.0041143,0.0042718,0.0048805,0.0053064,0.0067298,0.010564,0.021825,0.039841,0.016146,0.0073909,0.0049521,0.0036599,0.0030433,0.0025409,0.0022908
0.0032521,0.0003901,0.00060734,0.0021718,0.0013047,0.0020993,0.0038086,0.0060372,0.022883,0.075524,0.0053257,0.0035628,0.0028289,0.0020075,0.005484,0.0019922,0.0024434,0.0033093,0.001357,0.00085108,0.0010281,0.0014401,0.0015983,0.001884,0.0032669,0.0088199,0.023912,0.0057124,0.0026908,0.0018988,0.0014732,0.0013505,0.00093836,0.0010014,0.001688,0.00014429,0.00025401,0.00021728,0.00039469,0.00063929,0.0011043,0.0021292,0.0091366,0.02701,0.003464,0.0015869,0.0012626,0.00098427,0.00084864,0.00094338,0.0010052,0.035534,0.03733,0.038231,0.041613,0.046398,0.054476,0.069621,0.10588,0.28072,0.40966,0.087034,0.04944,0.032599,0.022733,0.017654,0.015024,0.013813,0.0051556,0.00080238,0.0010728,0.0016089,0.0012891,0.0016373,0.0022787,0.003376,0.0092956,0.016764,0.0030666,0.0019504,0.0013229,0.00079794,0.0010995,0.001386,0.0010395,0.0019112,0.0017142,0.0017496,0.0021297,0.0026484,0.003043,0.0042248,0.0073488,0.022879,0.054451,0.010051,0.0057311,0.0043574,0.0036119,0.0034576,0.0029129,0.0030823,0.035418,0.0019724,0.0015533,0.0019099,0.0024096,0.0035997,0.0043051,0.0073684,0.012862,0.13572,0.051927,0.017984,0.012302,0.009202,0.0092132,0.0073989,0.0071202,0.0097791,0.00076093,0.00060488,0.00071798,0.00063142,0.00076991,0.0011539,0.0018468,0.0014231,0.045411,0.014966,0.0046103,0.0025148,0.001888,0.0017063,0.0015245,0.0016155,0.0026169,0.0001338,0.00051126,0.0010243,0.0012546,0.0018795,0.0029012,0.0049834,0.012676,0.03716,0.020394,0.0089417,0.0062136,0.0050945,0.0045604,0.0040999,0.0040131,0.00073436,0.0098964,0.010945,0.012651,0.015039,0.019022,0.025947,0.042756,0.10785,0.062949,0.08724,0.045288,0.03276,0.027173,0.024204,0.021369,0.021902,0.0022679,0.0016568,0.002095,0.0018161,0.0022249,0.0028227,0.0036347,0.0047795,0.0077541,0.05001,0.01375,0.0061614,0.0041574,0.0028556,0.0029474,0.0026642,0.0020237,0.0042153,0.0013642,0.0013581,0.0012453,0.0015486,0.001653,0.0023152,0.002821,0.011554,0.080332,0.0093233,0.0030633,0.0016936,0.0010524,0.00072658,0.00067323,0.00052643
0.0033608,0.0021232,0.0023204,0.0019263,0.0026547,0.0042544,0.0058909,0.0093046,0.026986,0.046644,0.018717,0.010653,0.0077011,0.0051821,0.0057903,0.0053349,0.004921,0.0013485,0.0013993,0.0002143,0.00010324,0.00053821,0.00063075,0.0013005,0.0018315,0.0070341,0.019293,0.0018504,0.0015325,0.00097705,0.00092727,0.00072114,0.0010202,0.00066949,0.0017453,0.00062978,0.00049586,0.00070564,0.00071317,0.0012657,0.0020721,0.0025951,0.010799,0.01253,0.0048965,0.0028682,0.0019745,0.0016095,0.0012768,0.0011663,0.0011616,0.0337,0.033735,0.033273,0.037365,0.042349,0.050296,0.063927,0.095892,0.23535,0.37245,0.10588,0.058225,0.03932,0.030663,0.025559,0.022472,0.022351,0.0068895,0.0021402,0.0011234,0.001302,0.0016626,0.0017022,0.0021222,0.0037474,0.0089573,0.014543,0.0021542,0.0019019,0.0012624,0.0010937,0.000596,0.0016317,0.00068283,0.00058366,0.00023464,0.00080086,0.0015544,0.0018895,0.0031469,0.0049593,0.0088806,0.021836,0.011127,0.019326,0.010974,0.0080512,0.0067969,0.0061528,0.0058463,0.0057832,0.027138,0.0079412,0.0087945,0.0085126,0.0088651,0.011273,0.013729,0.020025,0.045565,0.13157,0.057622,0.022987,0.015603,0.011387,0.010543,0.0097513,0.009308,0.015238,0.0031872,0.0024124,0.0023927,0.0028612,0.0032279,0.0040883,0.0045927,0.0098101,0.041555,0.012946,0.0046565,0.0026923,0.0018563,0.0012229,0.001083,0.0010509,0.0038453,0.0010416,0.00082416,0.00094077,0.00089915,0.0011914,0.0017326,0.0024489,0.0092664,0.011564,0.0082419,0.0034409,0.0022124,0.0018792,0.0017134,0.0017032,0.0015488,0.0177,0.0025614,0.0026277,0.0029916,0.0049341,0.0072268,0.011138,0.018898,0.051285,0.22831,0.040143,0.022261,0.0173,0.014334,0.012089,0.013065,0.011563,0.0033131,0.0023687,0.0028421,0.0028038,0.0030697,0.0037473,0.0043167,0.0061619,0.0086394,0.052261,0.015369,0.0063923,0.0042137,0.0031941,0.0016682,0.0019244,0.0016003,0.0016804,0.0051411,0.0052973,0.0057083,0.0064746,0.0073608,0.0091261,0.013339,0.024817,0.032682,0.023371,0.010073,0.0060358,0.0042187,0.0029788,0.0026817,0.0023861
0.0067865,0.0018901,0.0025422,0.0030152,0.0030437,0.0045912,0.0071737,0.012747,0.01891,0.021481,0.027424,0.013724,0.0099637,0.0082985,0.0074099,0.0085106,0.0067903,0.0019207,0.00075369,0.0010456,0.0015525,0.0016999,0.0018102,0.0024418,0.0036493,0.0077891,0.0014202,0.0068744,0.0031912,0.0024046,0.0019476,0.0016744,0.0016617,0.0017185,0.00074579,0.00043618,0.00029327,0.00057317,0.00070098,0.0013524,0.0019748,0.0036189,0.010435,0.0030212,0.0086841,0.0044393,0.0033579,0.0028855,0.002433,0.0023619,0.0023022,0.01821,0.016749,0.021139,0.021607,0.026661,0.034718,0.049679,0.083722,0.22113,0.36003,0.1256,0.077907,0.05825,0.049095,0.044201,0.041936,0.041266,0.015091,0.00076185,0.00047349,0.0013703,0.00074045,0.0010281,0.0019059,0.0032148,0.0083298,0.017577,0.0041852,0.0022777,0.0016458,0.001915,0.0013496,0.0026071,0.0015679,0.0014687,0.00082247,0.001081,0.0012327,0.0017006,0.0023042,0.0029871,0.0048292,0.017269,0.05605,0.0078626,0.0049234,0.0037873,0.0032292,0.0029404,0.0031107,0.0027581,0.043286,0.011977,0.010932,0.012373,0.012795,0.015279,0.018473,0.024704,0.030437,0.10007,0.060502,0.022031,0.011442,0.0064853,0.0042346,0.0026357,0.00072861,0.015967,0.0025891,0.0026872,0.0032327,0.003457,0.0035989,0.0046783,0.0062031,0.010549,0.03229,0.018884,0.0070087,0.0041549,0.0029602,0.0025836,0.0021976,0.0020352,0.0063458,0.00061052,0.00052314,0.00064626,0.00072755,0.0008973,0.0010403,0.0019569,0.0030823,0.026247,0.006753,0.002734,0.0017413,0.0014267,0.0013269,0.001105,0.0012722,0.01174,0.0098334,0.0097852,0.0091093,0.0094008,0.011206,0.0154,0.026584,0.057422,0.18838,0.056347,0.029064,0.017733,0.014635,0.009966,0.0059551,0.007723,0.0062772,0.0037395,0.0034508,0.0035896,0.0042676,0.0052346,0.0064297,0.0074099,0.011929,0.042349,0.014607,0.0074679,0.0049292,0.0038301,0.0027218,0.0012718,0.0012455,0.0043183,0.0018948,0.0037852,0.0053527,0.0069299,0.0089166,0.010297,0.011442,0.021307,0.052745,0.012166,0.0086378,0.0076932,0.0072407,0.0070371,0.0064661,0.0066071
0.0025559,0.0032198,0.0030111,0.0026086,0.003147,0.003061,0.003912,0.0073428,0.029121,0.064909,0.016402,0.0077446,0.0055908,0.0049637,0.003424,0.0029409,0.002388,0.0054799,0.0017162,0.0013371,0.00096363,0.0015765,0.0017997,0.0022716,0.004014,0.010797,0.013595,0.0052483,0.0023731,0.0015675,0.0011719,0.0010411,0.00085844,0.00086404,0.0028267,0.00087835,0.0011509,0.0013748,0.0012687,0.001979,0.0023816,0.0045717,0.012983,0.01879,0.0079599,0.0038091,0.0027288,0.0022289,0.0017226,0.0016443,0.0015641,0.0048047,0.0050963,0.0074712,0.012964,0.019953,0.030188,0.046973,0.086008,0.30114,0.43244,0.10494,0.071029,0.057581,0.048784,0.045661,0.042793,0.04312,0.011978,0.00091122,0.00062776,0.0013379,0.0012758,0.0012156,0.001865,0.0037049,0.012289,0.012071,0.0061055,0.0035268,0.0026444,0.0023454,0.0024744,0.0020875,0.0016136,0.0062009,0.0036636,0.004204,0.0045589,0.0049264,0.0058277,0.007465,0.011658,0.033376,0.04853,0.0094032,0.0044547,0.0026769,0.0016449,0.0011122,0.00067152,0.00014687,0.035369,0.006943,0.0076382,0.0074712,0.0076508,0.009828,0.011698,0.016118,0.034507,0.085806,0.039921,0.017262,0.011354,0.0089206,0.0064177,0.006337,0.0059644,0.018927,0.0012483,0.00073994,0.00067514,0.001396,0.0014993,0.0017871,0.0032493,0.0070585,0.013118,0.0096378,0.005095,0.0035395,0.0026404,0.002538,0.0022141,0.0022602,0.0062219,0.0009459,0.0005867,0.00059261,0.0010119,0.00079564,0.0013161,0.0022843,0.0059951,0.044459,0.0090253,0.0042071,0.0028412,0.002231,0.0019161,0.0017975,0.0017052,0.023528,0.010677,0.012337,0.01188,0.015494,0.0192,0.026707,0.043152,0.11014,0.1225,0.082404,0.04613,0.033376,0.027071,0.023209,0.022919,0.023028,0.0096037,0.0012793,0.00066258,0.0014214,0.00080383,0.0012017,0.001465,0.0031247,0.004505,0.043945,0.011177,0.006332,0.0039669,0.0032397,0.0034393,0.0030966,0.0029011,0.001297,0.0035904,0.0034653,0.0038975,0.0043549,0.0052511,0.0062872,0.0088946,0.022443,0.052177,0.011486,0.0049968,0.0028791,0.0018243,0.0010719,0.00057171,0.00055696
0.00523,0.0018269,0.0015361,0.00080191,0.001424,0.0015374,0.0036848,0.0093848,0.029414,0.073212,0.0069703,0.00074985,0.00066282,0.0020471,0.00071078,0.00067414,0.00068283,0.0016193,0.0017149,0.0011338,0.001259,0.00076329,0.0013212,0.0014843,0.0031891,0.010147,0.019066,0.00083355,0.00085216,0.00064005,0.00040261,0.00080614,0.00043917,0.00060464,0.0028477,0.0010731,0.00073296,0.00091705,0.0015464,0.0010015,0.0017633,0.0045114,0.012387,0.028947,0.0030318,0.0010838,0.00077405,0.00044581,0.00022298,0.00043146,0.00014306,0.01486,0.011352,0.014253,0.019975,0.02474,0.034499,0.052157,0.1022,0.30736,0.36322,0.12785,0.081733,0.063577,0.054787,0.049671,0.046752,0.045558,0.0060349,0.001412,0.00034632,0.0012082,0.00098388,0.001545,0.0015969,0.0048381,0.012174,0.0095798,0.0075705,0.0049678,0.0035146,0.0023729,0.0030868,0.0026321,0.0025406,0.0069257,0.0061218,0.0067697,0.0068321,0.0073758,0.0090581,0.011718,0.013792,0.039938,0.020851,0.020382,0.0085013,0.0049612,0.0029054,0.0017573,0.0011619,0.00048256,0.039235,0.0013151,0.0023056,0.0016598,0.0019685,0.0015892,0.0017136,0.0067587,0.018303,0.11146,0.015403,0.0067794,0.0048517,0.0055386,0.0027226,0.0015144,0.0023919,0.010359,0.0010999,0.00074318,0.0011879,0.00019829,0.00074392,0.00093949,0.0015956,0.006289,0.011245,0.0043826,0.001151,0.00086039,0.00063124,0.00055843,0.00059291,0.00059702,0.0037652,0.0026912,0.0025708,0.0025725,0.003386,0.0029561,0.0045843,0.0059649,0.014679,0.035402,0.015911,0.0054751,0.0037789,0.002954,0.0022127,0.0019099,0.0018578,0.0052854,0.0015877,0.0044657,0.0055368,0.0068927,0.010966,0.016725,0.033505,0.11776,0.24227,0.074525,0.035221,0.025278,0.021553,0.019662,0.017609,0.017725,0.00055696,0.0036288,0.0031977,0.0043743,0.003826,0.0041364,0.005224,0.0076086,0.010778,0.035139,0.025632,0.0076027,0.0038535,0.0026343,0.0025036,0.0017238,0.0015526,0.0077249,0.0054742,0.0061648,0.0064746,0.0069436,0.008742,0.011205,0.012942,0.034569,0.014848,0.030255,0.011765,0.0074322,0.0052056,0.0041901,0.0037646,0.0036851
0.0019665,0.002766,0.0038563,0.0035264,0.0037624,0.0040408,0.0054936,0.0056854,0.017131,0.061659,0.015756,0.0067016,0.0043014,0.0032215,0.0036321,0.0024029,0.0023976,0.0044919,0.00074658,0.00073085,0.00065325,0.00038627,0.00059493,0.0011141,0.0020154,0.0057188,0.020178,0.0032396,0.0016707,0.0011312,0.0010737,0.00062215,0.00090993,0.00076485,0.0060407,0.00049941,0.00070809,0.00062098,0.00092463,0.00096137,0.0010253,0.0034599,0.0051577,0.022211,0.0025264,0.0013284,0.00091046,0.00068722,0.00059942,0.00065619,0.00053597,0.012427,0.018282,0.028161,0.036427,0.033075,0.0054019,0.053525,0.14693,0.35623,0.1934,0.062005,0.12387,0.10692,0.056122,0.016746,0.058998,0.076274,0.0049878,0.0016742,0.0014318,0.00059304,0.0012137,0.00089538,0.0022706,0.0052382,0.01235,0.011163,0.0038786,0.0037462,0.0031927,0.0020871,0.0005679,0.0020851,0.0024357,0.0029984,0.0039018,0.0012937,0.0048134,0.007021,0.0051058,0.0025928,0.016893,0.036674,0.017665,0.0082817,0.0088438,0.007652,0.0045342,0.0026419,0.0038561,0.0045968,0.042687,0.0091348,0.0071838,0.0044254,0.0071627,0.012239,0.018044,0.022643,0.023247,0.11084,0.045222,0.028105,0.020749,0.014704,0.0086669,0.0042762,0.0012283,0.0091878,0.00045684,0.00036914,0.00086343,0.00063018,0.00096632,0.0013742,0.0023918,0.0061112,0.023769,0.009688,0.0051732,0.0038068,0.0028059,0.0022605,0.0014401,0.0010853,0.0037709,0.0033879,0.0024299,0.0019147,0.0034308,0.005797,0.0068482,0.0061075,0.005436,0.013257,0.022867,0.011625,0.0064502,0.0026009,0.0011451,0.0030001,0.0037251,0.010473,0.00031558,0.00047846,0.0011177,0.0013967,0.0023629,0.0043567,0.010868,0.05473,0.24474,0.056151,0.014871,0.0071064,0.0044098,0.0045409,0.0036366,0.0031529,0.0022641,0.0032846,0.0041853,0.0035604,0.0049581,0.0054985,0.0065239,0.0077444,0.012861,0.033465,0.02842,0.0081852,0.0043061,0.002501,0.00080795,0.0015122,0.00085643,0.0048428,0.0054828,0.0056911,0.0063022,0.0067246,0.0077581,0.0098473,0.015429,0.026568,0.0065717,0.032517,0.012226,0.0075855,0.0056972,0.0044448,0.0038164,0.0037251
0.005293,0.0035734,0.0031679,0.0039428,0.0046051,0.006473,0.0066976,0.011281,0.028703,0.013357,0.022825,0.011194,0.0080097,0.0069299,0.0053243,0.0056394,0.0052892,0.013956,0.00044578,0.00018924,0.00070419,0.0009777,0.0013875,0.0017664,0.0027754,0.0069947,0.0053906,0.0070785,0.0036037,0.0026526,0.0021246,0.0017624,0.0017798,0.0017376,0.0047055,0.0019947,0.0015295,0.0015323,0.0018142,0.0020481,0.0029025,0.0035743,0.0089384,0.0032829,0.0073683,0.003531,0.0021724,0.0016518,0.0016614,0.0011834,0.0013447,0.02122,0.010003,0.013984,0.015803,0.020662,0.028833,0.043228,0.075893,0.19894,0.37555,0.13026,0.075942,0.058379,0.049253,0.044228,0.041759,0.041953,0.0027275,0.00148,0.00044724,0.0010363,0.00059285,0.0006448,0.0012103,0.0026237,0.0061375,0.018847,0.003923,0.0023134,0.0020777,0.00095604,0.00092498,0.0022226,0.0022431,0.0020371,0.00075496,0.0007425,0.00085213,0.0013716,0.0019306,0.0027139,0.0037835,0.01384,0.05039,0.010752,0.0050799,0.003805,0.002953,0.0026821,0.0029908,0.0029297,0.022604,0.0022113,0.0041772,0.0043117,0.0048028,0.0062038,0.010223,0.016267,0.032849,0.10397,0.042575,0.021253,0.015047,0.01371,0.010428,0.010464,0.0096761,0.0043984,0.0011381,0.0012026,0.00083905,0.00071315,0.001338,0.00137,0.0024975,0.005764,0.017706,0.0054497,0.0032286,0.0023494,0.0018711,0.0014886,0.0013531,0.0013619,0.0026703,0.0022011,0.001872,0.0020779,0.0025717,0.0025807,0.0031287,0.0051342,0.0076276,0.022606,0.0097321,0.0038092,0.0021485,0.0015011,0.001471,0.00097875,0.00098422,0.015013,0.0024824,0.0040143,0.0040415,0.0057832,0.0079327,0.011984,0.017513,0.04415,0.19191,0.067225,0.033009,0.022399,0.017519,0.016195,0.014318,0.014746,0.013579,0.0024143,0.0036278,0.0042897,0.0043528,0.0052149,0.0057837,0.0075408,0.013866,0.039281,0.021991,0.007663,0.0047591,0.004159,0.0029147,0.0019827,0.0020428,0.0044442,0.0030408,0.0027482,0.0030365,0.0031469,0.0040636,0.0048769,0.005878,0.014031,0.048438,0.020863,0.0084204,0.0052333,0.0041035,0.0032726,0.0032313,0.0030442
0.00077057,0.00072977,0.0026347,0.0014461,0.0022229,0.0020378,0.0028838,0.0038159,0.0083911,0.046852,0.017898,0.0080171,0.0051504,0.0044128,0.0047522,0.0029545,0.0038033,0.0070344,0.0012254,0.00049958,0.00092221,0.00013711,0.0014255,0.0012632,0.0020168,0.0046198,0.009629,0.0049867,0.0027236,0.0019084,0.0017301,0.0014556,0.001409,0.0014153,0.0027275,0.0011283,0.00054461,0.00054654,0.0010948,0.00090895,0.0012833,0.0025913,0.0052415,0.015468,0.0071327,0.0030474,0.0021282,0.0016796,0.0016023,0.0014595,0.0013428,0.022103,0.020154,0.019984,0.022683,0.024979,0.029104,0.038037,0.05643,0.12776,0.46716,0.04972,0.029691,0.019347,0.015053,0.011863,0.011478,0.010151,0.0031453,0.0016911,0.0014624,0.0016764,0.0016713,0.0018358,0.0025569,0.0027579,0.0065453,0.014362,0.0054118,0.0022203,0.0013128,0.00097863,0.00081235,0.0018342,0.0011196,0.00097849,0.00031849,0.00056174,0.001042,0.0011563,0.0016524,0.0028535,0.0035327,0.010869,0.042203,0.014193,0.0072116,0.0050989,0.0044138,0.0036373,0.0031242,0.0033589,0.026389,0.0063981,0.0074991,0.006824,0.0069891,0.0080512,0.010224,0.013216,0.028602,0.12147,0.027616,0.012137,0.007331,0.0059168,0.0017076,0.0027317,0.0027104,0.0070611,0.0015772,0.00030319,0.00025973,0.0013429,0.00012454,0.00092753,0.00060236,0.0028085,0.014127,0.0015745,0.0012454,0.00071193,0.00056406,0.00046938,0.00045397,0.00039671,0.003296,0.00017644,0.00012932,0.00024957,0.00032157,0.00020366,0.00064606,0.0014538,0.0011934,0.029186,0.0041691,0.0017657,0.001075,0.00094981,0.00076516,0.00074848,0.00067521,0.019881,0.0046661,0.0036969,0.0097423,0.0075992,0.0043185,0.015918,0.019968,0.04094,0.13517,0.043123,0.010265,0.018357,0.0093072,0.0083033,0.0094508,0.0081579,0.0069352,0.0025964,0.00409,0.0034575,0.0038898,0.0045173,0.0049101,0.0076414,0.010295,0.046071,0.017863,0.0060163,0.0042729,0.0023403,0.0026755,0.0012771,0.0012169,0.0076009,0.0045301,0.0049987,0.0039598,0.0051301,0.007374,0.0061639,0.010127,0.025526,0.045773,0.017715,0.012036,0.0043371,0.0024287,0.0042254,0.0026876,0.00074959
0.00095559,0.0036901,0.0027361,0.0029747,0.0037522,0.0040683,0.0051715,0.0066261,0.01025,0.043679,0.014585,0.0065774,0.0043121,0.0044872,0.00074386,0.0014577,0.0010815,0.0019646,0.0015156,0.00060951,0.00082296,0.00053243,0.00086204,0.00097209,0.0013813,0.0019856,0.018125,0.0035603,0.001561,0.00085478,0.00066848,0.00037144,0.00022145,0.00024795,0.0047723,0.0014248,0.0017204,0.0019235,0.0021438,0.0025642,0.002738,0.0041257,0.0076677,0.027904,0.0079921,0.0031482,0.0016777,0.00085206,0.00067665,0.00036896,0.00028228,0.013201,0.015085,0.016051,0.018534,0.022514,0.028075,0.038589,0.060298,0.13992,0.30616,0.12043,0.066885,0.049028,0.040229,0.03604,0.033268,0.03213,0.0063001,0.00086355,0.00067676,0.0002258,0.00080954,0.00096923,0.0014621,0.002446,0.0057434,0.018667,0.0037254,0.002154,0.0016032,0.0010875,0.0018203,0.00035403,0.00042914,0.00041772,0.00058026,0.00051842,0.0010633,0.0012856,0.0018718,0.0033574,0.0058492,0.010711,0.036398,0.015844,0.0079157,0.005677,0.0047082,0.0044207,0.0037223,0.0037442,0.031344,0.0018354,0.0025406,0.002583,0.0023885,0.0038478,0.0048063,0.0060727,0.014137,0.12922,0.01768,0.008425,0.0059336,0.0044616,0.0070164,0.0052681,0.0042096,0.012593,0.0009537,0.00041955,0.00017284,0.00103,0.00086503,0.00062212,0.00083245,0.0015634,0.0086422,0.0020785,0.00051732,0.00039932,0.00034381,0.00030481,0.00024845,0.00016784,0.0017872,0.00078832,0.0012008,0.0012967,0.0010954,0.0015833,0.0018196,0.0020431,0.0036202,0.012185,0.0040187,0.001686,0.00088417,0.00073461,0.00047414,0.0001953,0.00023459,0.015484,0.0014169,0.0027323,0.0031304,0.0034139,0.0047635,0.0064239,0.01265,0.02349,0.19964,0.051171,0.022087,0.015455,0.012485,0.01061,0.0097212,0.0088044,0.00013922,0.0011871,0.00037265,0.00031918,0.0016081,0.0019335,0.002991,0.0048988,0.0092833,0.041763,0.021741,0.010123,0.0071732,0.0067459,0.0050225,0.0040004,0.0047017,0.0039979,0.0020349,0.0019001,0.0022384,0.0023615,0.0033848,0.0049575,0.0069848,0.011592,0.041815,0.021793,0.01011,0.0069067,0.0055999,0.0047783,0.004551,0.004551
0.0056248,0.0036224,0.0020396,0.0015996,0.0026113,0.0026786,0.0042522,0.0087963,0.019731,0.03761,0.024262,0.010763,0.0081858,0.0087591,0.0050482,0.0040792,0.0052319,0.0011902,0.00058968,0.0010885,0.00081485,0.00036321,0.0017048,0.0018377,0.0030032,0.0074927,0.0086017,0.0080282,0.0039746,0.0029768,0.0023353,0.0021163,0.0020256,0.0020562,0.0004616,0.001768,0.0017815,0.0020722,0.0023574,0.0026826,0.0036339,0.0045278,0.01085,0.028518,0.013992,0.0064266,0.004286,0.0033839,0.0029709,0.0026948,0.0025978,0.015778,0.016561,0.016382,0.019172,0.01985,0.024855,0.031705,0.051531,0.12246,0.47621,0.042065,0.028598,0.021139,0.016882,0.015252,0.014247,0.013893,0.0086309,0.0013928,0.00086751,0.00055971,0.00097305,0.0011855,0.0017706,0.0027947,0.0057897,0.018497,0.0043719,0.0017948,0.00065974,0.00085508,0.00070475,0.0004435,0.00034904,0.00049971,0.00039535,0.00049159,0.00064292,0.001072,0.0013181,0.0017748,0.0041403,0.0081852,0.054724,0.011844,0.0050922,0.0036093,0.002944,0.0024885,0.0025386,0.0024605,0.036542,0.0024368,0.0031567,0.0026461,0.002313,0.0034244,0.0035521,0.0048033,0.010073,0.13487,0.017498,0.0085785,0.0060131,0.0046041,0.0056317,0.0042138,0.0041314,0.014374,0.00032009,8.9792e-05,0.00046297,0.00047815,0.00011598,0.00020754,0.00061988,0.00075237,0.0084355,0.00016016,0.00019248,0.00019191,0.00032967,0.00050188,0.00023491,0.00029755,0.0039349,0.00035729,0.00056923,0.0004217,0.00042534,0.00093745,0.0010582,0.0010723,0.0040855,0.0059395,0.001937,0.0011779,0.00089348,0.0005564,0.00078943,0.00051243,0.00056651,0.00056839,0.014991,0.015114,0.016951,0.018572,0.021952,0.026476,0.035911,0.075215,0.051947,0.081904,0.033042,0.020664,0.014358,0.012824,0.010097,0.010513,0.0045682,0.0032837,0.0030813,0.0027114,0.0033812,0.00409,0.0050377,0.0062596,0.010678,0.047895,0.019076,0.0078347,0.0052499,0.0041692,0.0026928,0.0022192,0.0017338,0.0003319,0.002532,0.0025223,0.0028777,0.0028011,0.0036733,0.004343,0.0061028,0.0073158,0.068111,0.020469,0.0078897,0.0049931,0.0034996,0.0032147,0.0026605,0.0027428
0.0024586,0.0023824,0.0039397,0.003407,0.0035341,0.0035997,0.0050736,0.0072996,0.0085464,0.07732,0.015205,0.0057201,0.0043774,0.0037912,0.0017139,0.0011044,0.00053217,0.0013752,0.00095098,0.00096611,0.00081846,0.0014085,0.00039899,0.0010865,0.0011608,0.0019049,0.028904,0.0048066,0.0018149,0.001079,0.00065435,0.00043399,0.00061581,0.00041771,0.00010109,0.001724,0.0019024,0.0019756,0.0022598,0.002638,0.0030699,0.0040301,0.0076368,0.047115,0.010542,0.0044238,0.002784,0.0019034,0.0014535,0.0012402,0.0012188,0.0070897,0.0089939,0.0091219,0.01162,0.015133,0.020143,0.028544,0.04747,0.10772,0.31256,0.11099,0.060122,0.045179,0.037069,0.03316,0.031027,0.030329,0.0081559,0.0011929,0.00083018,0.00088465,0.00080925,0.0011095,0.0014009,0.0021314,0.0055045,0.014854,0.004846,0.0024966,0.0018816,0.0017534,0.00074983,0.0017333,0.0016365,0.0010166,0.0010408,0.0013223,0.0014227,0.0018071,0.0022631,0.0034503,0.0051332,0.011078,0.023411,0.017961,0.008669,0.0061456,0.0050744,0.004206,0.0042548,0.0040837,0.03982,0.0038845,0.0038639,0.0047491,0.0046626,0.006079,0.006995,0.009843,0.018529,0.10432,0.018094,0.0080468,0.0054668,0.0047615,0.00088918,0.0015005,0.001688,0.012465,0.00087075,0.00067911,0.0002252,0.00052653,0.00072828,0.00091879,0.0013661,0.0036409,0.0031776,0.004263,0.0020985,0.0016803,0.0015837,0.0013612,0.0010357,0.001009,0.0037537,0.00068303,0.00073938,0.00099911,0.0012721,0.00086318,0.0012903,0.0026376,0.0037454,0.028137,0.0038177,0.0016743,0.0010799,0.00082071,0.00068475,0.00059058,0.00055695,0.021395,0.0087279,0.0083067,0.0091251,0.0096969,0.011238,0.013932,0.016254,0.034727,0.20239,0.054792,0.02008,0.01121,0.0076453,0.0062683,0.005221,0.0051099,0.00021364,0.0031388,0.0032806,0.003213,0.0035839,0.0042323,0.0050737,0.0071592,0.010942,0.046299,0.021555,0.0090179,0.0054449,0.0044973,0.0023304,0.002708,0.0027809,0.0030842,0.0005838,0.00063751,0.0013841,0.0018527,0.0026008,0.0041414,0.0070628,0.013,0.037932,0.028349,0.013347,0.0092513,0.0075665,0.0067096,0.0061165,0.0060979
0.00034333,0.0016868,0.0016746,0.0022292,0.0015127,0.0031108,0.003134,0.0065441,0.01367,0.052093,0.019549,0.0097675,0.0070136,0.0048811,0.005655,0.0050679,0.0046426,0.0056458,0.0011132,0.0010558,0.00088499,0.000855,0.0013747,0.0017247,0.0026661,0.0051001,0.011394,0.006191,0.002836,0.0023804,0.0015763,0.0015889,0.0015421,0.0013085,0.0038319,0.0012563,0.0015096,0.0016303,0.0021542,0.0022259,0.0028416,0.004209,0.0070715,0.035726,0.011249,0.0054131,0.0037012,0.0029524,0.0024414,0.0022996,0.0023098,0.017382,0.01387,0.014486,0.01537,0.017707,0.020889,0.026261,0.037653,0.078261,0.4504,0.03686,0.019677,0.012911,0.0094869,0.0080584,0.0069376,0.0061895,0.0054532,0.0010558,0.00044181,0.00090603,0.0013919,0.0014041,0.0012565,0.0021248,0.0041549,0.019453,0.0029059,0.0011632,0.00082926,9.2426e-05,0.00089936,0.00074683,0.00034523,0.00056267,0.0010629,0.0012426,0.0012087,0.0012408,0.0017814,0.002146,0.0033723,0.0058694,0.052914,0.0075986,0.003117,0.0019105,0.0014369,0.0012882,0.00085594,0.0010128,0.031512,0.00075956,0.00017308,0.00047569,0.00014891,0.00016152,0.00054906,0.00088172,0.0022242,0.11211,0.0065483,0.0025291,0.0010171,0.0010279,0.0015247,0.00073414,0.00058174,0.0085718,0.00087555,0.00019177,0.00056081,0.00036798,0.00055371,0.00034087,0.0004658,0.001589,0.025541,0.0027411,0.0009224,0.00049729,0.00040583,0.00043688,0.00034185,0.000309,0.0024033,0.00092787,0.00074129,0.00091339,0.00089204,0.00095259,0.0015268,0.0022105,0.0053177,0.039502,0.0053357,0.0025248,0.0016977,0.0012748,0.0011429,0.001039,0.0010796,0.016268,0.003923,0.0055644,0.0063971,0.008028,0.010493,0.014363,0.021979,0.05191,0.093805,0.076859,0.038439,0.026637,0.020873,0.019214,0.018733,0.018362,0.003275,0.0011433,0.0010012,0.0011731,0.0020643,0.0023559,0.0034217,0.0041727,0.0082611,0.042403,0.019139,0.0090111,0.0063175,0.0054532,0.004421,0.0038627,0.0035763,0.0061475,0.003066,0.0027611,0.0029012,0.0032453,0.0032867,0.0043166,0.0055597,0.0080535,0.066823,0.015751,0.0060285,0.0032505,0.001845,0.0013321,0.00080508,0.0005474
0.0023651,0.0032815,0.0026679,0.0031501,0.0043385,0.0035939,0.0051456,0.0072852,0.010302,0.048085,0.013705,0.0049339,0.0021325,0.0014425,0.0016715,0.00078582,3.4325e-05,0.0067693,0.00057838,0.00044029,0.00041432,0.00049382,0.00062791,0.00063556,0.00092864,0.0019955,0.015037,0.0026002,0.00077658,0.00043179,0.00036833,0.0002362,0.00019063,9.3456e-05,0.0034219,0.0021539,0.0019375,0.0020429,0.0023705,0.0024932,0.0030707,0.0030496,0.0073093,0.025764,0.010436,0.0040863,0.0024363,0.0017053,0.0013612,0.0011833,0.0011673,0.012671,0.019168,0.02022,0.021914,0.024988,0.029519,0.038123,0.054744,0.11406,0.3113,0.08428,0.037505,0.022584,0.014209,0.0076815,0.0038696,9.5367e-06,0.0055352,0.0014583,0.0011898,0.001047,0.0012996,0.0012856,0.0017976,0.0021549,0.0044878,0.016678,0.0030086,0.001449,0.0013241,0.00066926,0.00098359,0.00084428,0.00088501,0.0038148,0.0018279,0.0021366,0.0024118,0.0027701,0.0034155,0.0042069,0.0053507,0.01189,0.02144,0.014297,0.006336,0.0038539,0.0026517,0.001953,0.0017219,0.0014916,0.031764,0.0031113,0.0049217,0.0035545,0.0044931,0.0084669,0.0042204,0.014512,0.042579,0.069598,0.041496,0.021079,0.0043105,0.014955,0.01071,0.0059952,0.013396,0.010685,0.0014822,0.00026321,0.00068064,0.0010755,0.0015117,0.0011417,0.0018842,0.0056032,0.0087938,0.0057144,0.0036722,0.0008563,0.0021295,0.0014994,0.001029,0.0018425,0.0040131,0.0018958,0.0024559,0.0014626,0.0025288,0.0047679,0.0016891,0.00829,0.019419,0.029094,0.025263,0.011465,0.0022342,0.0081871,0.00483,0.0030504,0.0069581,0.0098993,0.0076309,0.0081352,0.0081436,0.0090966,0.01028,0.012219,0.016234,0.024107,0.23195,0.045525,0.0161,0.0081171,0.0046041,0.0048978,0.002657,0.00065995,0.002348,0.0028762,0.0030301,0.0027584,0.0036461,0.0036404,0.0047146,0.0068245,0.010372,0.040191,0.015496,0.006212,0.0035209,0.0026865,0.00012657,0.0006776,0.00046349,0.0015316,0.0033839,0.0032962,0.0036547,0.0038618,0.0045721,0.0053498,0.006872,0.013863,0.02871,0.021909,0.0093978,0.0062989,0.0048907,0.0043242,0.0037583,0.0035267
0.0070497,0.00375,0.0047392,0.004558,0.0070585,0.0053555,0.005281,0.015267,0.017172,0.005415,0.02733,0.0079221,0.0053506,0.0050438,0.0031007,0.0030487,0.0024567,0.006136,0.0012612,0.0018192,0.0020366,0.0023516,0.0010617,0.00090837,0.002672,0.0046545,0.01092,0.0069492,0.0021538,0.0005154,0.00019506,0.00020423,0.00012312,1.3351e-05,0.0012245,0.0029845,0.002296,0.0024851,0.0041353,0.0038403,0.0017224,0.0060767,0.0093912,0.01583,0.019909,0.0059902,0.0029215,0.0020239,0.0010208,0.00059192,0.00053024,0.0042515,0.0030984,0.0034694,0.003795,0.007181,0.011037,0.016099,0.04057,0.07463,0.43854,0.047289,0.02795,0.021755,0.020267,0.016668,0.015903,0.016001,0.0049878,0.00089182,0.0020093,0.0031701,0.00199,0.00011731,0.0020489,0.0038185,0.0035875,0.021328,0.0048936,0.0017495,0.00092367,0.00064757,0.00055127,0.00035489,0.00037575,0.0020791,0.00017518,0.00081321,0.0015538,0.00027859,0.0014888,0.00313,0.0067528,0.0018732,0.047723,0.011028,0.0038388,0.0024653,0.0014954,0.0019099,0.0014804,0.0013619,0.027863,0.0029257,0.0020784,0.0039663,0.0049154,0.0035965,0.0052335,0.013196,0.016477,0.076262,0.011011,0.007086,0.0055514,0.0037689,0.0036453,0.0038191,0.0043221,0.010096,0.001465,0.0010409,0.0024268,0.0024712,0.00069052,0.00015147,0.0021355,0.0033901,0.0069849,0.0022928,0.00025649,0.00027716,0.0002871,6.6062e-05,0.00035418,0.0003872,0.0061456,0.0011758,0.0015611,0.0019924,0.00065944,0.002094,0.0041583,0.0061568,0.0014006,0.047341,0.0041834,0.0029273,0.0017464,0.0014225,0.00097342,0.00086475,0.0011482,0.018362,0.0069016,0.0093017,0.0083624,0.0090879,0.0044798,0.0093467,0.016475,0.055274,0.11194,0.053433,0.0098069,0.015427,0.016624,0.014925,0.0078766,0.0033932,0.0072004,0.0025438,0.0046229,0.0052353,0.0017439,0.0041305,0.0035745,0.0063484,0.011398,0.038656,0.012765,0.0070853,0.0035856,0.0022642,0.0011535,0.00057009,0.00015067,0.0067845,0.0022705,0.0015658,0.0033772,0.0019336,0.0049848,0.0032355,0.0052162,0.0087828,0.050636,0.022532,0.0086109,0.0039753,0.0020007,0.0025638,0.0035795,0.0039082
0.001442,0.00045325,0.0013294,0.0023089,0.001881,0.0022883,0.00071567,0.0044409,0.015116,0.0096021,0.017229,0.0015213,0.0025465,0.00036352,0.0012378,0.00073429,0.00017167,0.0070649,0.0016192,0.0021405,0.0021477,0.0032285,0.00053039,0.00071213,0.00095697,0.0029267,0.002489,0.011574,0.00065511,0.00032335,0.00045876,0.00053134,0.000357,6.1035e-05,0.0023632,0.0014272,0.0012611,0.0017376,0.0014398,0.0013413,0.0012954,0.0038452,0.0040667,0.02348,0.020711,0.0026753,0.0012812,0.00091907,0.00071901,0.00056431,0.00021172,0.0087739,0.0027518,0.0012277,0.00096286,0.0045399,0.0020654,0.001592,0.0029884,0.031214,0.29306,0.039692,0.0088929,0.0082591,0.0061438,0.0054516,0.0035841,0.0047532,0.010252,0.00070331,0.0031437,0.0013698,0.0035044,0.0003397,0.00053282,0.00062767,0.0013017,0.017293,0.0036714,0.0003683,0.00059817,0.00075726,0.00045465,0.00012008,0.00033761,0.0024109,0.00020984,0.0012626,0.0013026,0.001572,0.0019461,0.0035682,0.0042672,0.0018481,0.014068,0.01462,0.0058094,0.0041696,0.0033497,0.0029238,0.0027021,0.0027962,0.037451,0.0064556,0.0082451,0.0046354,0.009082,0.0075001,0.0094677,0.0085643,0.044652,0.12684,0.046976,0.013855,0.0071259,0.0053322,0.0038516,0.0042708,0.0034009,0.015265,0.0013019,0.0019989,0.0019154,0.0033209,0.001001,0.0011594,0.0023974,0.0048688,0.02803,0.020185,0.0057958,0.0032503,0.0031051,0.0026059,0.0018689,0.0020047,0.0066377,0.00050578,0.0011876,0.0010692,0.0020708,0.00015008,0.0024096,0.0047717,0.0076976,0.019564,0.017726,0.0065453,0.0041992,0.0031431,0.0026887,0.0025321,0.0023575,0.026444,0.012569,0.013469,0.012713,0.016002,0.017091,0.018462,0.018116,0.057882,0.10631,0.11281,0.031214,0.016038,0.011777,0.0047235,0.0023594,0.00046922,0.0045624,0.0049639,0.0074215,0.0042547,0.0016401,0.0048614,0.0056723,0.0055184,0.010734,0.028394,0.035455,0.0097192,0.0052178,0.0032974,0.0015285,0.00071247,0.00054551,0.0080491,0.0028512,0.0025362,0.003692,0.0032355,0.0050283,0.0054701,0.0040653,0.0084506,0.020447,0.04038,0.011253,0.0070798,0.0057077,0.0045551,0.0041911,0.0040742
0.016156,0.0024866,0.0015249,0.0010544,0.0019372,0.0016421,0.0019667,0.002716,0.010915,0.013254,0.03323,0.0069696,0.0048847,0.0040707,0.0024674,0.0035599,0.0034524,0.018217,0.0026989,0.0010719,0.001661,0.0021852,0.00074353,0.00082421,0.0018887,0.0037756,0.0041267,0.015815,0.0028709,0.0022508,0.0016642,0.0012991,0.0010399,0.0011311,0.0081998,0.0010938,0.00068934,0.00031154,0.00093499,0.00069803,0.0019246,0.0032916,0.0059576,0.012341,0.024759,0.0053919,0.0036065,0.003198,0.0025743,0.0026893,0.0024624,0.025584,0.003062,0.0014758,0.0023658,0.0011201,0.00082951,0.0018682,0.0068832,0.018533,0.33952,0.031004,0.0064613,0.0029351,0.0028158,0.0014042,0.0013765,0.00089454,0.0047761,0.00011054,0.00048037,0.0036298,0.00021178,0.00016675,0.00028941,0.00076502,0.0016034,0.020539,0.0026224,0.00023833,0.00037672,0.00069445,0.00019354,0.00051603,0.00054169,0.0037289,0.00026649,0.00028366,0.00046741,0.00065705,0.0013549,0.001594,0.0026802,0.0059141,0.038196,0.018328,0.0058522,0.0037049,0.0029015,0.0027541,0.0024575,0.0022373,0.061055,0.0034774,0.0025944,0.001876,0.0024471,0.0028738,0.0040569,0.0068357,0.021789,0.12881,0.029695,0.013919,0.0096453,0.0077382,0.0086249,0.0073574,0.0060845,0.016106,0.0008779,2.0335e-05,0.00079596,0.0016132,0.0008146,0.0018261,0.0021608,0.003201,0.014931,0.011682,0.0047926,0.0033642,0.0025741,0.0015079,0.0018377,0.0018769,0.0062047,0.0011566,0.0011569,0.0014867,0.00099387,0.0017458,0.0021227,0.0029096,0.0043472,0.00913,0.012093,0.0034332,0.0018996,0.0012912,0.001199,0.00093437,0.0010128,0.014372,0.015445,0.012734,0.015882,0.015454,0.018037,0.02245,0.029235,0.053552,0.051745,0.1097,0.035516,0.020829,0.012347,0.010232,0.0085433,0.0089704,0.027676,0.0062726,0.0048034,0.0070391,0.0041899,0.0048604,0.0051109,0.0087295,0.011332,0.032598,0.035544,0.010252,0.0050022,0.0044646,0.0022874,0.0016517,0.0017395,0.0036278,0.0029028,0.0036419,0.0029661,0.0038384,0.0047451,0.0056912,0.0080011,0.01004,0.054836,0.03334,0.011801,0.0067918,0.0049676,0.0040992,0.0036006,0.0034257
0.016106,0.0031444,0.0014077,0.00071722,0.001636,0.0017591,0.0023789,0.0048244,0.010059,0.023046,0.02462,0.0074771,0.0036783,0.005096,0.0033522,0.0035845,0.0039292,0.02072,0.0019511,0.0013222,0.00067902,0.00070977,0.00075102,0.0010946,0.0014504,0.0022747,0.010381,0.0066164,0.0018279,0.00095333,0.000565,4.1176e-05,0.00024691,1.9073e-06,0.0050259,0.001749,0.0016983,0.0015008,0.0017775,0.0018632,0.0022466,0.0045362,0.0075017,0.0059854,0.025736,0.0065433,0.0038759,0.0029636,0.0026529,0.002283,0.0022831,0.016363,0.010787,0.0091104,0.012677,0.014109,0.018856,0.022814,0.035381,0.086948,0.37686,0.062747,0.034959,0.025598,0.020347,0.018313,0.017027,0.016657,0.0081769,0.00066755,0.0010307,0.00023222,0.0019114,0.0015615,0.0026107,0.0029313,0.0056011,0.012274,0.0082277,0.0037418,0.0021283,0.0021282,0.0016654,0.0010781,0.0014057,0.00016975,0.0021543,0.0021468,0.0028504,0.0030606,0.0035918,0.0049307,0.0056661,0.012521,0.026127,0.022198,0.0083883,0.0056699,0.004851,0.0041404,0.0036715,0.003603,0.06179,0.0022014,0.001125,0.00093011,0.00055736,0.00035578,0.001863,0.0031501,0.0034668,0.10146,0.012732,0.0064888,0.0049402,0.0039115,0.0013997,0.0029621,0.0031987,0.017077,0.0011114,0.0011271,0.00060144,0.0011578,0.00072986,0.00061417,0.0017788,0.0018399,0.0052233,0.0046526,0.0016144,0.00064619,0.00063768,0.0002172,0.00035579,6.6746e-05,0.0045682,0.0006635,0.00048512,0.00060666,0.00032138,0.00024339,0.00043884,0.0012649,0.0011613,0.044012,0.0058587,0.0019275,0.0012866,0.0010427,0.00084594,0.00069523,0.00060464,0.0081388,0.0088111,0.010208,0.0098471,0.0098899,0.011836,0.013828,0.018338,0.032502,0.15014,0.098124,0.032954,0.019844,0.013964,0.010383,0.010251,0.0091344,0.022034,0.0039053,0.00288,0.0023135,0.0039536,0.0042646,0.005285,0.0071543,0.010025,0.029097,0.029037,0.0095252,0.004811,0.0023734,0.0033801,0.0026826,0.0018883,0.0097467,0.0042777,0.0045057,0.0051574,0.0055214,0.0062673,0.0075486,0.0088644,0.014781,0.018099,0.035635,0.011961,0.006865,0.0047528,0.0036782,0.0032903,0.0032273
0.019848,0.0015033,0.0020277,0.0020981,0.0013195,0.001027,0.0021444,0.0062727,0.0016897,0.035271,0.01388,0.00035583,0.0010327,0.0020382,0.0010598,0.00099674,3.4332e-05,0.0099603,0.00085865,0.00086315,0.0014465,0.00083413,0.00043822,0.00043524,0.0015658,0.0018554,0.010532,0.0097029,0.0030636,0.0020465,0.0017208,0.0014477,0.0016835,0.0013962,0.0063821,0.0012458,0.0010349,0.0010249,0.0015686,0.0019598,0.0014011,0.0029029,0.00088838,0.033135,0.017842,0.003703,0.0018053,0.001382,0.00043425,0.00018193,0.00032426,0.0015812,0.020165,0.020721,0.022068,0.025485,0.03029,0.039161,0.063473,0.124,0.3331,0.10757,0.050501,0.035725,0.028523,0.024478,0.023464,0.021239,0.00091746,0.003145,0.0013137,0.0021515,0.0014095,0.0017924,0.0012956,0.0028188,0.0064108,0.015325,0.0073588,0.0029276,0.0020198,0.0015917,0.00088145,0.00089509,0.0013447,0.0045777,0.0026601,0.0029299,0.0033053,0.0028677,0.003369,0.0049458,0.0037629,0.012676,0.028273,0.012636,0.0050312,0.0029584,0.0021345,0.0013144,0.0011492,0.001194,0.057197,0.0024853,0.0012172,0.0012738,0.0023471,0.0023325,0.00043142,0.0020214,0.015219,0.13695,0.012663,0.004131,0.0023095,0.0021465,0.001834,0.00050065,0.000391,0.0097658,0.0033323,0.0021038,0.0014214,0.0015171,0.0019183,0.002717,0.0038807,0.0040198,0.019158,0.010322,0.0041018,0.0021121,0.0014218,0.0013417,0.00093306,0.00085071,3.434e-05,0.0019947,0.0025107,0.0025814,0.0029477,0.0040158,0.004198,0.005826,0.0069161,0.016658,0.015054,0.0064034,0.0038481,0.0027017,0.002275,0.0019483,0.0019493,0.012552,0.0060357,0.0091763,0.008021,0.008676,0.0098383,0.010655,0.0089451,0.01104,0.17193,0.081838,0.023334,0.011122,0.005814,0.0043254,0.0034396,0.0016575,0.020211,0.0050534,0.0037186,0.0030017,0.0043446,0.0047784,0.0066889,0.0084459,0.013173,0.036181,0.028887,0.0083016,0.0046128,0.0044162,0.0029247,0.0023616,0.0021325,0.0012913,0.0045632,0.004969,0.0052514,0.0052428,0.0062125,0.0084053,0.0079733,0.01749,0.039445,0.031754,0.010814,0.0057549,0.0036051,0.0027529,0.0020162,0.0017338
0.022313,0.0022258,0.0012623,0.0014783,0.0023475,0.0012298,0.0026007,0.0038431,0.010423,0.051262,0.018534,0.0023411,0.0016896,0.0023887,0.0015304,0.00090472,0.00094224,0.015753,0.0012339,0.0020288,0.0012877,0.0020093,0.0013284,0.0018699,0.0019299,0.003825,0.018961,0.0098169,0.0027105,0.0017658,0.001124,0.0012234,0.0010495,0.00073815,0.0064317,0.00060775,0.00017095,0.00033023,0.00042241,0.00010041,0.00061384,0.00078679,0.0028567,0.025316,0.012682,0.0025048,0.0011269,0.00083406,0.00059508,0.00054435,0.00034333,0.038424,0.009151,0.010482,0.0097413,0.011572,0.013783,0.018837,0.027986,0.062578,0.41847,0.035135,0.022031,0.015819,0.013309,0.011911,0.010013,0.011633,0.0021668,0.00068244,0.00025237,0.0012716,0.00072466,0.00054561,0.00069793,0.0015961,0.0030766,0.018605,0.0035564,0.00097277,0.0009649,9.8886e-05,0.00081951,0.0011906,0.001236,0.001854,0.0011857,0.00092481,0.0012336,0.00083675,0.0016194,0.0016599,0.0025072,0.0044844,0.035357,0.010109,0.0040054,0.002639,0.0024045,0.0016613,0.0015655,0.0014344,0.071929,0.0046378,0.0045358,0.0057418,0.0056799,0.0076972,0.0080811,0.0091938,0.024073,0.090807,0.030204,0.010071,0.0058586,0.0038056,0.003748,0.0011456,0.0010586,0.0079023,0.0026411,0.0015796,0.0018149,0.0022079,0.0014387,0.0018715,0.0032359,0.0055348,0.027208,0.013515,0.0041979,0.0025347,0.0018615,0.0015726,0.0012125,0.0012417,0.0014916,0.0013995,0.00091606,0.00086056,0.00088782,0.0010523,0.0014585,0.0013402,0.0012871,0.056888,0.010664,0.0029592,0.0015762,0.0010058,0.00051905,0.00036364,0.00045014,0.015303,0.010758,0.0080549,0.0098393,0.013931,0.0065951,0.020256,0.018268,0.024628,0.12744,0.026218,0.031058,0.015376,0.0078782,0.012524,0.005458,0.0090696,0.023108,0.0047429,0.0022738,0.003508,0.0051759,0.0018298,0.0064032,0.0069617,0.0045364,0.043194,0.012729,0.0081932,0.0048306,0.0017188,0.0024426,0.00069923,0.0017109,0.0014973,0.0038147,0.002923,0.0039589,0.0033221,0.0041784,0.0060699,0.0059162,0.012577,0.049563,0.018976,0.0089193,0.0064287,0.0030593,0.0037132,0.0034344,0.0019017
0.03061,0.0019008,0.0034304,0.0022147,0.0035553,0.0010627,0.0036279,0.00093318,0.013358,0.021426,0.028202,0.0074704,0.0044676,0.0050687,0.0040153,0.0027178,0.0034409,0.0056706,0.0043393,0.0029314,0.0014976,0.0022605,0.0016813,0.00124,0.0017766,0.0050059,0.011102,0.0099256,0.0027283,0.0011535,0.00058655,0.00064553,0.00042594,0.00072672,0.00043489,0.0010522,0.001264,0.0015046,0.0016618,0.0016362,0.0017815,0.0046769,0.008748,0.023971,0.020244,0.0057737,0.003498,0.0026437,0.0023751,0.0022547,0.0020905,0.028326,0.005436,0.0055367,0.0063818,0.0083211,0.008246,0.010751,0.023367,0.012219,0.29787,0.033814,0.011344,0.0076046,0.0049673,0.0042416,0.0036628,0.0041676,0.0093671,0.0016048,0.0010448,0.0011704,0.0023643,0.0012951,0.0012015,0.0010539,0.0019183,0.017625,0.0023813,0.0012311,0.00048031,0.00069133,0.0012637,0.0010256,0.0007038,0.0032349,0.0012078,0.0012546,0.0022955,0.0038026,0.0039116,0.0049979,0.0012803,0.0096507,0.016821,0.01679,0.0061354,0.0037021,0.0029866,0.002429,0.0023134,0.0023766,0.05597,0.005565,0.006773,0.0090458,0.01076,0.0032299,0.012314,0.026473,0.058072,0.13522,0.045132,0.032065,0.016995,0.01015,0.013311,0.010624,0.011048,0.0012646,0.001438,0.0012931,0.0021952,0.0028942,8.6587e-05,0.00039297,0.0028599,0.0046388,0.0097994,0.0056041,0.00286,0.00099578,0.0012398,0.00098271,0.0013708,0.00021553,0.0043545,0.0011101,0.00090819,0.00079996,0.0017875,0.0029955,0.0018184,0.0033393,0.0044059,0.015151,0.0099261,0.0018061,0.0022396,0.0018365,0.001124,0.0011702,0.0017033,0.0074598,0.0096913,0.011611,0.0097623,0.012141,0.012971,0.016076,0.028958,0.035596,0.12407,0.097917,0.03442,0.024222,0.014939,0.015992,0.014135,0.0119,0.010332,0.0042945,0.0031619,0.0027908,0.0045452,0.0046415,0.0047025,0.0085152,0.010627,0.03938,0.026928,0.009006,0.0055937,0.00434,0.0034021,0.0029936,0.0029431,0.0063706,0.0039571,0.0036086,0.0046962,0.0054768,0.0079832,0.0088536,0.006417,0.016548,0.032254,0.027092,0.0090553,0.0045576,0.0030112,0.0021847,0.0016713,0.0014534
0.0068132,0.0034774,0.004336,0.0041048,0.0037059,0.0057249,0.006488,0.0049473,0.008393,0.030235,0.025147,0.0066322,0.0041381,0.0022668,0.0016811,0.00077067,0.00064088,0.0027867,0.0028057,0.0031247,0.0022024,0.0024167,0.00058627,0.001846,0.0030906,0.004223,0.0081562,0.0093759,0.0020123,0.0010659,0.00044781,0.00020119,0.00041779,0.00053977,0.0047703,0.0030705,0.0024777,0.0017074,0.0024239,0.0046071,0.0057688,0.0068401,0.008919,0.022365,0.024083,0.0069997,0.0039389,0.0028832,0.0022107,0.0020036,0.0020275,0.03452,0.025998,0.023348,0.02462,0.022051,0.02422,0.026021,0.036226,0.0702,0.2763,0.093238,0.036977,0.022935,0.012777,0.0094244,0.0044713,0.0017243,0.0022335,0.0042305,0.0025161,0.0017729,0.0022406,0.0012503,0.00030913,0.0017659,0.0028247,0.011061,0.0034213,0.0018252,0.0012517,0.00050304,0.0010723,0.0012144,0.0011807,0.0028172,0.00091634,0.001024,0.0020486,0.0024061,0.0029504,0.0027021,0.00081866,0.0034138,0.0065087,0.0072442,0.0013722,0.00058936,0.0011991,0.00085936,0.0010049,0.00086785,0.045024,0.0025934,0.0024102,0.001273,0.00079468,0.00095622,0.0026097,0.0051527,0.022648,0.12858,0.0037067,0.0034234,0.0025286,0.001493,0.0022861,0.00321,0.0034848,0.0065824,0.002779,0.0021783,0.0027129,0.0017459,0.001433,0.0014482,0.0030948,0.0056945,0.016207,0.0049353,0.0024524,0.0012304,0.00096091,0.00073912,0.00021648,0.00032615,0.0026589,0.0017052,0.0015714,0.0008336,0.00040856,0.0021372,0.0034359,0.0057354,0.010375,0.0371,0.0089325,0.0045613,0.0027516,0.0023274,0.0020933,0.0019619,0.0019112,0.0095464,0.015226,0.012803,0.014336,0.012115,0.014874,0.018769,0.021828,0.048292,0.17681,0.049685,0.023064,0.011284,0.0072258,0.0061651,0.003378,0.0006237,0.0068875,0.0038887,0.0029846,0.0019292,0.0051928,0.0049781,0.0039065,0.0052581,0.010761,0.043116,0.016429,0.0063945,0.0024244,0.0030289,0.00084886,0.00063064,0.00044441,0.0041905,0.0017283,0.0015091,0.0024015,0.0033445,0.0031656,0.0029862,0.0030255,0.0083598,0.044134,0.019275,0.0084839,0.0056567,0.004479,0.0036084,0.0033616,0.0033246
0.03035,0.0051701,0.0041242,0.0049374,0.0059261,0.0057106,0.005307,0.011362,0.023603,0.038148,0.022021,0.0075508,0.0038351,0.0020834,0.0012351,0.001015,0.0007515,0.0057221,0.0028372,0.0019047,0.0011117,0.0027677,0.0029133,0.0023676,0.0019976,0.0050644,0.020625,0.0083557,0.0028805,0.0014209,0.0009313,0.00085256,0.0009555,0.00094225,0.00040628,0.0017714,0.0020684,0.0026479,0.0024862,0.0035526,0.0036039,0.0024909,0.006673,0.017328,0.015667,0.0049314,0.0025208,0.0013801,0.00085548,0.00044957,0.00030327,0.0054112,0.0065644,0.0055889,0.0070477,0.0048852,0.0073556,0.010376,0.024373,0.022745,0.38061,0.014905,0.007102,0.0065343,0.0046827,0.0030109,0.0021349,0.0038853,0.016516,0.0052539,0.0029135,0.003887,0.0014273,0.00049281,0.00095207,0.00297,0.0012855,0.017332,0.0029585,0.0009287,0.00065876,0.00049089,0.0014889,0.00090545,0.00061228,0.0019818,0.001536,0.00060314,0.000485,0.00091891,0.002045,0.0015891,0.0043706,0.0051301,0.026722,0.0034009,0.00181,0.0012235,0.00095543,0.00035365,0.00027877,0.00047492,0.050767,0.0028552,0.0038324,0.0031703,0.0030695,0.0032744,0.0031737,0.007864,0.016221,0.090618,0.013249,0.0048362,0.0027182,0.002456,0.0034719,0.0020459,0.0011864,0.01013,0.0041548,0.0030503,0.0017032,0.002194,0.0011369,0.0010567,0.00064345,0.0023507,0.026517,0.0085037,0.0033463,0.0021363,0.0016489,0.0016422,0.0013661,0.0016613,0.00055124,0.0022854,0.0029209,0.0026518,0.0032113,0.0025192,0.003986,0.0022277,0.007406,0.062327,0.0099591,0.0041111,0.002107,0.0013665,0.00074656,0.00040679,0.0002613,0.014469,0.0049222,0.0029335,0.0056649,0.0047935,0.0069701,0.009888,0.023689,0.041783,0.14512,0.048485,0.023924,0.018926,0.014561,0.010503,0.010721,0.010422,0.0011692,0.002508,0.0011057,0.0038635,0.0012426,0.000256,0.00058185,0.0042622,0.005466,0.042781,0.013226,0.0071536,0.0046684,0.0033449,0.0040793,0.0032908,0.0034886,0.0039349,0.0022411,0.0024673,0.0020931,0.0030698,0.0028584,0.0034971,0.0047422,0.009821,0.048277,0.012886,0.0055727,0.0035214,0.0026586,0.0020823,0.001892,0.0018597
0.060103,0.0069527,0.0047328,0.0047469,0.0041885,0.0047649,0.0053914,0.0073889,0.010501,0.023579,0.022883,0.0067694,0.0034701,0.0049313,0.0012198,0.00093357,2.8614e-05,0.027739,0.0033245,0.0022894,0.0011028,0.0025984,0.0016904,0.0015888,0.0016923,0.0033366,0.0038397,0.0074577,0.0024469,0.0010601,0.0007814,0.00039734,0.00014283,1.7159e-05,0.0027046,0.0019878,0.0024816,0.0028413,0.0021363,0.0033317,0.0048379,0.0038753,0.0082357,0.015426,0.01759,0.0051532,0.002833,0.0018528,0.0011771,0.00096777,0.00091173,0.023327,0.0051815,0.0054931,0.005043,0.0068145,0.0062218,0.0069566,0.01262,0.040269,0.40521,0.018514,0.0091526,0.0064383,0.0052193,0.0043246,0.0032908,0.0018273,0.056792,0.0080604,0.0038552,0.0036577,0.001028,0.0011929,0.0013188,0.0016998,0.0028903,0.022716,0.0026476,0.00093159,0.00059662,0.00030465,0.00011068,0.00037394,4.3876e-05,0.0018101,0.001257,0.0005245,0.00046891,0.00089172,0.00066742,0.00077002,0.0020438,0.0024827,0.054374,0.0062764,0.001957,0.00089449,0.0007351,0.00066522,0.00040722,0.00037956,0.061938,0.0027667,0.0013971,0.002165,0.0021042,0.0028507,0.0031828,0.0035957,0.017121,0.093062,0.014498,0.0061015,0.0039117,0.0039034,0.0042383,0.0033238,0.0033131,0.048035,0.0060442,0.0032369,0.0023679,0.00078251,0.0020218,0.001103,0.0019144,0.0019506,0.016942,0.0026732,0.00053781,0.0005229,0.00068932,0.00026338,0.00065724,0.00055313,0.013918,0.0017705,0.0011306,0.00070941,0.00038359,0.00068907,0.0014198,0.0018606,0.0025403,0.047955,0.0061974,0.0026503,0.0020342,0.0015212,0.0014032,0.0013908,0.0013561,0.045619,0.0094327,0.0086852,0.009329,0.010045,0.011171,0.01371,0.018103,0.041067,0.13355,0.035682,0.015791,0.010033,0.0070393,0.0071382,0.0063609,0.0060445,0.016491,0.0026669,0.0019452,0.0023174,0.0016643,0.0021424,0.0026876,0.0037126,0.0050203,0.041956,0.0063976,0.0036435,0.0022055,0.0018969,0.00064031,0.00063936,0.00036241,0.00593,0.00033934,0.00018965,0.00036787,0.00094182,0.00061537,0.001489,0.0032432,0.0063947,0.06625,0.0095645,0.0042289,0.0028067,0.0024993,0.0022718,0.0020729,0.0019741
0.092439,0.0021687,0.00081151,0.0025458,0.002882,0.0034751,0.0048199,0.0047753,0.010578,0.033692,0.013445,0.0048153,0.0032846,0.0029723,0.0019768,0.00038424,0.00040436,0.047311,0.007481,0.0026974,0.0018511,0.0021771,0.0015184,0.0013851,0.0015063,0.0027138,0.013822,0.0074206,0.0030934,0.0021843,0.0016306,0.0014377,0.0013875,0.001442,0.0090658,0.005187,0.0028107,0.002625,0.0028344,0.0032043,0.0040366,0.0054612,0.0089893,0.029488,0.012784,0.0050431,0.0029038,0.0016401,0.001404,0.0011095,0.0009251,0.026663,0.010013,0.010255,0.011644,0.011822,0.013675,0.017216,0.025607,0.040057,0.27598,0.043958,0.017744,0.011548,0.006589,0.0070801,0.0038955,0.0041028,0.091091,0.0023318,0.0018649,0.0013945,0.00079913,0.00017011,0.00013067,0.00074951,0.0017251,0.01958,0.0031795,0.0017526,0.0011906,0.0014967,0.00083576,0.0013528,0.0011654,0.012022,0.0028385,0.0023928,0.0021411,0.0026813,0.0030606,0.0034365,0.0039171,0.0090487,0.03203,0.0091233,0.0039597,0.0024615,0.0016336,0.0013082,0.0011419,0.00094795,0.069633,0.0070846,0.0022807,0.0017768,0.00092565,0.0017736,0.0023987,0.0029341,0.0084497,0.10624,0.016384,0.0074877,0.0051156,0.0031418,0.0023628,0.0033037,0.0024739,0.078887,0.003991,0.0016641,0.0022014,0.0018682,0.0021832,0.002375,0.0030691,0.0049234,0.01314,0.0069406,0.0023923,0.001588,0.00058106,0.00078614,0.00044647,0.00035669,0.025567,0.0025185,0.0012268,0.0012886,0.0012935,0.0017262,0.0020459,0.0022388,0.0052139,0.045856,0.0089782,0.0036742,0.0024629,0.0017017,0.001586,0.0012886,0.0012474,0.076564,0.0087719,0.0082278,0.0078107,0.0090562,0.010143,0.011928,0.016251,0.033724,0.18057,0.059382,0.023959,0.014431,0.010746,0.010606,0.0097697,0.010264,0.03802,0.0082081,0.0045742,0.004421,0.0028266,0.0033697,0.0044493,0.005649,0.0098947,0.034101,0.016469,0.0068718,0.0043384,0.0037067,0.0027313,0.0024818,0.0023556,0.0053025,0.0036125,0.0037487,0.0038976,0.0044072,0.0052107,0.0065568,0.007766,0.015851,0.048338,0.023364,0.0077959,0.004416,0.0028548,0.0020532,0.0013848,0.001133
0.053378,0.0083524,0.0051565,0.0033456,0.00077309,0.00095667,0.0023429,0.0023474,0.0041761,0.033556,0.011749,0.0046969,0.0030825,0.0017924,0.0026077,0.0026919,0.0022717,0.086297,0.0034886,0.001646,0.0013476,0.0016348,0.0015462,0.00196,0.0019224,0.0032212,0.010327,0.0049902,0.0022455,0.0011836,0.00068326,0.00044466,0.00026779,0.00026323,0.024998,0.0027535,0.0009101,0.0011216,0.0011241,0.0016024,0.0017948,0.0023877,0.0026465,0.040082,0.012569,0.0049639,0.003008,0.0022073,0.0022111,0.0020277,0.002018,0.031712,0.0079983,0.0049243,0.0020192,0.0014922,0.0034203,0.0035805,0.0072936,0.021338,0.38468,0.030838,0.014362,0.0091538,0.0084566,0.0069513,0.0066812,0.0065385,0.090076,0.0028242,0.0018994,0.0011728,0.0007464,0.00054108,0.00078592,0.0011004,0.00071003,0.013312,0.0032341,0.0012562,0.0008556,0.0005596,0.0018363,0.000732,0.00066949,0.018217,0.00044442,0.00056123,0.00062325,0.0012061,0.0012214,0.001688,0.0023794,0.0045374,0.015358,0.0079262,0.0032492,0.002272,0.0016484,0.0018538,0.0016255,0.001669,0.021557,0.0097222,0.0045649,0.0051309,0.0062209,0.0077838,0.010321,0.016835,0.042368,0.12984,0.029681,0.017174,0.012522,0.010273,0.010913,0.0086686,0.0082246,0.0851,0.0024224,0.00092114,0.0010697,0.0008148,0.0010794,0.0010989,0.00080355,0.0013656,0.022815,0.0039188,0.0020724,0.0013925,0.0012623,0.0012175,0.00091882,0.00089646,0.031182,0.0017258,0.0019332,0.0018078,0.0019012,0.0021862,0.0024234,0.002908,0.0086938,0.032191,0.0078933,0.0037736,0.0023787,0.0017406,0.0013399,0.0012547,0.0010338,0.046231,0.0013314,0.0078168,0.010684,0.0099944,0.008474,0.013612,0.020061,0.039438,0.1486,0.050133,0.033626,0.022551,0.013435,0.012326,0.013153,0.014431,0.081874,0.0015857,0.0028205,0.0019805,0.0038292,0.0047105,0.0052285,0.0053259,0.0043593,0.047849,0.014613,0.0089622,0.004974,0.0021864,0.0008603,0.0022114,0.0027981,0.0040684,0.0022003,0.0008685,0.00059389,0.0021175,0.0037718,0.0038633,0.0012626,0.0042266,0.046992,0.017207,0.0084061,0.0044168,0.002863,0.0030616,0.0035631,0.0036908
0.029143,0.0042983,0.0049816,0.0029453,0.0018372,0.0016773,0.0024436,0.0037513,0.0085663,0.033861,0.020307,0.0076777,0.0047426,0.0050515,0.0035523,0.00285,0.0030575,0.069873,0.0030605,0.00082721,0.00128,0.0018372,0.0012858,0.00096287,0.0013383,0.0032841,0.012964,0.0081617,0.0034903,0.0020939,0.0015479,0.0015864,0.0015223,0.0016117,0.018202,0.001501,0.00069766,0.00083574,0.0011172,0.0015136,0.0022133,0.0034599,0.0064159,0.023344,0.017861,0.0071506,0.0046269,0.0038206,0.0033934,0.0029497,0.0029583,0.037333,0.0033474,0.0014844,0.0050504,0.0022053,0.0032179,0.0043422,0.0049156,0.016254,0.4281,0.005202,0.0041911,0.0023534,0.0024448,0.000613,0.00010107,0.00011636,0.05779,0.0040691,0.0026766,0.0011538,0.0014118,0.0011453,0.0011262,0.0010388,0.001505,0.016389,0.0020233,0.00051204,0.00031214,0.00026509,0.0016395,0.00050823,0.00014496,0.0081864,0.001138,0.00063962,0.00039275,0.00069578,0.00035329,0.00019607,0.00046515,0.0023472,0.023764,0.0031699,0.0008827,0.00042533,0.00038716,0.0003739,0.00021229,0.00019454,0.012692,0.0013048,0.0020608,0.0035124,0.0034558,0.0045122,0.0061432,0.0091137,0.021944,0.16747,0.016061,0.0076533,0.0057095,0.004208,0.0018059,0.0046905,0.0035706,0.057956,0.0043454,0.0012039,0.0025422,0.0016953,0.0021192,0.0014653,0.0026293,0.0032697,0.014404,0.005636,0.0016558,0.0012853,0.00037557,0.00079743,0.00015554,0.00016214,0.015955,0.0023491,0.0010447,0.0010598,0.0011846,0.0012033,0.00093656,0.0018786,0.004159,0.012777,0.0074908,0.0031215,0.0018106,0.0017489,0.0015641,0.0011986,0.0011234,0.021857,0.0038982,0.0037833,0.0024968,0.0017891,0.0027789,0.0041389,0.006715,0.014685,0.14566,0.011723,0.0075787,0.0048939,0.0043013,0.0051906,0.0037924,0.0033207,0.064382,0.0016439,0.0027584,0.0011091,0.00072417,0.0003431,0.0010916,0.001426,0.0021466,0.055709,0.0043144,0.0026758,0.0017659,0.0017657,0.0016773,0.0013959,0.0015183,0.00022698,0.00072801,0.00067677,0.00056622,0.00019486,0.0001382,0.00061575,0.0010346,0.00096266,0.064056,0.0011907,9.1321e-05,0.00012983,2.4672e-05,0.00013102,7.5824e-05,9.5367e-06
0.015612,0.0022298,0.0048239,0.00078667,0.00030689,0.00032499,0.0018772,0.0036078,0.0081009,0.022043,0.024406,0.0064074,0.0048288,0.00058765,0.0026184,0.0031418,0.0020199,0.050866,0.0058723,0.0025159,0.0022207,0.0010859,0.00075067,0.0017774,0.0019378,0.0022298,0.0018089,0.010458,0.0013743,0.00099479,0.00050105,0.00034786,0.00010722,9.9197e-05,0.013067,0.001511,0.0012686,0.0012258,0.001721,0.0015273,0.0018728,0.002224,0.0032409,0.030293,0.020349,0.0048107,0.0031523,0.0020778,0.0019493,0.0018155,0.0018673,0.028492,0.0053321,0.0043174,0.0014218,0.0016698,0.0018856,0.0022973,0.0034502,0.012493,0.43166,0.0098997,0.002052,0.0012281,0.0010848,0.00047176,0.00060206,0.00020599,0.039502,0.0024019,0.0010846,0.0018514,0.00013713,0.00012256,0.00017712,0.00020441,0.00076098,0.015637,0.0029496,0.00091629,0.00057816,0.0006837,0.0022112,0.00073929,0.00035476,0.0065366,0.00034704,0.00021706,0.00049825,8.96e-05,0.00029602,0.00015214,0.0012037,0.0006935,0.023055,0.004121,0.00090014,0.00051145,0.00053096,0.0003127,0.00014593,0.00024224,0.0051251,0.018129,0.017602,0.017191,0.016897,0.016093,0.014807,0.016858,0.014671,0.16005,0.021392,0.013763,0.011705,0.011054,0.010703,0.0084419,0.0081159,0.036799,0.0028567,0.0016842,0.0004892,0.0013309,0.0016543,0.0012112,0.00070178,0.0016169,0.016976,0.0070683,0.0037272,0.003532,0.0034619,0.0028438,0.0032567,0.0031071,0.011316,0.0011612,0.00092434,0.0012999,0.00088024,0.00095965,0.0013863,0.0017124,0.0055046,0.0085693,0.0082231,0.0027833,0.0016865,0.0012596,0.0010871,0.00096864,0.00097084,0.0091459,0.0023616,0.0018444,0.00041049,0.0014128,0.0016945,0.0022192,0.002869,0.0098198,0.16833,0.0058421,0.0036334,0.0027151,0.0018046,0.0025003,0.0016799,0.0016384,0.048949,0.0061933,0.0024465,0.0010348,0.0016324,0.0011843,0.00080631,0.00025614,0.0012499,0.053649,0.0021515,0.00051583,0.00075806,0.00047924,0.0017013,0.00065882,0.00068856,0.00035859,0.0002316,0.00039584,0.00012036,0.00017482,0.00030474,0.00043359,0.001219,0.0011756,0.064074,0.0024188,0.0012782,0.00081577,0.00073835,0.00045482,0.00057073,0.00064852
0.021407,0.00049981,0.0024258,0.0018159,0.002462,0.0032039,0.003572,0.0036479,0.0050259,0.050291,0.019411,0.0061162,0.0031788,0.0039527,0.003319,0.0023753,0.0018063,0.022745,0.0027873,0.002116,0.0013621,0.0015143,0.000871,0.0014362,0.0016499,0.0024276,0.015511,0.0073737,0.0022532,0.0010703,0.00054921,0.00055225,0.00036038,0.00012017,0.0092374,0.0020537,0.0018397,0.0017362,0.0016966,0.0019481,0.0023098,0.0035289,0.0044619,0.041973,0.015439,0.0045001,0.0022575,0.0014282,0.0013434,0.00085787,0.00086403,0.027337,0.020934,0.017549,0.032242,0.039973,0.024026,0.035111,0.097226,0.15098,0.32333,0.17915,0.10279,0.02783,0.030965,0.051143,0.036812,0.0096818,0.027087,0.0018734,0.001014,0.0022979,0.0016614,0.001585,0.00063289,0.0039167,0.0063726,0.0084913,0.0057484,0.0047395,0.001931,0.00062204,0.0026479,0.0018603,0.00058559,0.0073777,0.0016017,0.00098215,0.0021155,0.0023088,0.0011581,0.0025532,0.0047753,0.0072875,0.021333,0.011209,0.0037065,0.00010767,0.0018119,0.0018717,0.0010881,0.00091555,0.041823,0.0042368,0.0057631,0.005383,0.0052654,0.0060493,0.007763,0.011021,0.013958,0.15088,0.020089,0.0074898,0.004497,0.0033904,0.0032511,0.00034663,0.00022697,0.019411,0.0023246,0.0014541,0.00063628,0.00095743,0.001227,0.0014508,0.001367,0.0024997,0.010621,0.0040068,0.0016698,0.00053942,0.00025311,0.00036241,0.00069711,0.00039102,0.0077821,0.00016459,0.00028241,0.00029713,0.00040064,0.00026668,0.0010109,0.00080194,0.0028716,0.0074933,0.0035911,0.0011184,0.00090393,0.00095277,0.00066125,0.00054131,0.00051881,0.014813,0.0032977,0.0043368,0.0044057,0.0053812,0.0058656,0.0076686,0.013354,0.023192,0.14006,0.025999,0.012719,0.0090677,0.0073388,0.005936,0.0055838,0.005787,0.018122,0.0030859,0.0015572,0.0019488,0.0013079,0.0020443,0.0021806,0.00304,0.0060341,0.053101,0.0073816,0.0031711,0.0019756,0.0018756,0.0023108,0.0016253,0.0013485,0.00030135,6.478e-05,0.00030131,0.00041558,0.00072996,0.00056421,0.0013487,0.001384,0.0031833,0.0635,0.0060351,0.0030105,0.0021612,0.0016832,0.0014663,0.0014139,0.0013771
0.0023022,0.0040984,0.0047283,0.0030827,0.003021,0.0038306,0.0041729,0.0050048,0.013218,0.015913,0.018255,0.0073233,0.0048011,0.0016975,0.0042001,0.0033325,0.0034123,0.018376,0.0012452,0.0012991,0.0011258,0.0015398,0.0014646,0.0017094,0.0024191,0.0045162,0.0069837,0.006955,0.0022856,0.0013736,0.00069143,0.00053464,0.00025262,0.00017167,0.0053159,0.0020896,0.0022582,0.0024927,0.0026064,0.0030788,0.0037289,0.0050032,0.0096458,0.017585,0.017154,0.0063804,0.0039092,0.0027411,0.0024273,0.0022601,0.0021382,0.013045,0.0068314,0.0074812,0.0086365,0.009605,0.012876,0.017847,0.027471,0.066917,0.33221,0.095049,0.04488,0.030979,0.025602,0.02381,0.022624,0.021422,0.0068151,0.0040082,0.00169,0.00071861,0.00066208,0.000462,0.00014784,0.00092407,0.0020088,0.016032,0.0051304,0.002587,0.0016968,0.0013803,0.001579,0.0019333,0.0012837,0.0021935,0.0012943,0.0011392,0.0011453,0.0016884,0.0018931,0.0025058,0.0041145,0.0069811,0.021233,0.011158,0.0049468,0.003289,0.0023693,0.0024974,0.0023681,0.0020523,0.029517,0.0035961,0.0020921,0.0025854,0.0011871,0.0020735,0.0035577,0.0042519,0.01693,0.13311,0.0054023,0.0037438,0.0030217,0.0028271,0.0015803,0.0020862,0.0024052,0.0023594,0.003185,0.0011454,0.0015082,0.0012345,0.00117,0.0018725,0.0023386,0.0055702,0.014223,0.0064947,0.0027838,0.0017437,0.0013302,0.00094659,0.001313,0.00094415,0.0042229,0.0024622,0.0022333,0.0019888,0.0022867,0.0027342,0.0032767,0.0044129,0.008465,0.038032,0.010123,0.0038882,0.0023682,0.0016443,0.0012478,0.0010794,0.0010834,0.0027714,0.010089,0.0080087,0.0084237,0.0097253,0.01096,0.01353,0.018439,0.030682,0.15594,0.040596,0.014503,0.0079806,0.0036838,0.0038894,0.0021632,0.0015965,0.012026,0.0025933,0.0027641,0.0028448,0.0026168,0.0030813,0.0036105,0.0057165,0.0096434,0.040665,0.014028,0.0057248,0.0034876,0.0032539,0.0015749,0.0014789,0.0014363,0.0028363,0.0036855,0.0037838,0.0040564,0.0044247,0.0050598,0.0059699,0.0084832,0.014088,0.051925,0.020488,0.0077551,0.0045195,0.002969,0.0023542,0.0019342,0.0017147
0.0042744,0.0015634,0.0020387,0.0020863,0.0027466,0.0030138,0.0043993,0.0061317,0.012815,0.04105,0.021797,0.0090563,0.0057688,0.0064417,0.0043789,0.0031393,0.0033513,0.01972,0.002179,0.0016961,0.0015336,0.0014713,0.001302,0.0016025,0.0029596,0.0050408,0.025119,0.0082547,0.0029081,0.001848,0.0013117,0.001159,0.0012181,0.0010548,0.0091459,0.00086593,0.00092197,0.0011525,0.0014382,0.0014198,0.0022143,0.0031769,0.006768,0.021339,0.014575,0.0057793,0.003845,0.0032923,0.0027586,0.0023162,0.0024967,0.025093,0.0066637,0.0079589,0.0075139,0.0087005,0.010118,0.012187,0.016261,0.032683,0.35333,0.03526,0.01737,0.010586,0.0089164,0.0061286,0.005374,0.0064584,0.00019266,0.0014075,0.00087762,0.0018258,0.0005063,0.0007525,0.0010728,0.0013285,0.0021719,0.020246,0.0033179,0.001108,0.00085512,0.00057226,8.6749e-05,0.00052037,6.6772e-05,0.00050546,0.0010216,0.0010925,0.0013101,0.0011408,0.001275,0.0012934,0.0028956,0.0035493,0.034942,0.0037645,0.0015457,0.00091371,0.00050153,0.00042762,0.00022996,0.00025368,0.016602,0.00092542,0.0011565,0.00027414,0.0014972,0.0011369,0.0031303,0.0041833,0.0038268,0.079872,0.010394,0.0045539,0.0033579,0.0030127,0.0012995,0.0023634,0.0021363,0.00077822,0.001458,0.00051431,0.00016226,0.00030658,0.00052699,0.00064546,0.0014239,0.0033879,0.017584,0.006561,0.002948,0.0022561,0.0018307,0.0015379,0.0014005,0.0015678,0.0016003,0.00093824,0.00089958,0.00085882,0.0012691,0.0014477,0.001657,0.0035346,0.0068608,0.065071,0.0091822,0.0041431,0.0028507,0.0023371,0.0020685,0.001925,0.001833,0.028969,0.010874,0.0075306,0.0077221,0.011603,0.016217,0.01956,0.023061,0.031621,0.13163,0.050004,0.02252,0.012813,0.0069931,0.00096157,0.0010833,0.00033569,0.021172,0.0047073,0.0028719,0.0020857,0.0027759,0.0041511,0.0059506,0.0075726,0.0091483,0.038023,0.014111,0.0064703,0.00333,0.0012292,0.00084845,0.0014164,0.0016098,0.0061551,0.0039764,0.0026868,0.0020932,0.0037071,0.0058743,0.008002,0.0082507,0.011204,0.048659,0.019151,0.009088,0.0055244,0.0034999,0.0021526,0.0020035,0.001997
0.004221,0.00059102,0.00021433,0.0012483,0.001725,0.002574,0.0028843,0.005296,0.011509,0.049438,0.022355,0.0094673,0.0058925,0.0073095,0.0055534,0.0040591,0.0041791,0.020298,0.0019668,0.0010122,0.00095938,0.0003844,0.0011042,0.0013035,0.0016382,0.0034361,0.015512,0.0080075,0.0032547,0.0020746,0.0016914,0.0016425,0.0013373,0.0013847,0.0049191,0.00085441,0.00021649,0.00031504,0.0007113,0.0013491,0.0019863,0.0025934,0.0059198,0.02288,0.016974,0.0069664,0.0047677,0.0038308,0.0032613,0.0032111,0.0029812,0.023793,0.0097202,0.010922,0.0083392,0.010121,0.012514,0.014639,0.02047,0.036534,0.3742,0.03651,0.014162,0.0078718,0.0052442,0.0036927,0.0024398,0.00087357,0.0026722,0.00076507,0.00078884,0.0013468,0.0002511,9.3963e-05,0.00040275,0.000287,0.0010186,0.017837,0.00069552,0.00029437,0.00034143,0.00046687,0.0010065,0.0007076,0.00014305,0.001257,0.0010871,0.00096459,0.0010758,0.001053,0.0012389,0.0010772,0.0020563,0.0035554,0.042359,0.0044568,0.0019355,0.0013141,0.00079707,0.0011037,0.0008684,0.00068092,0.020418,0.0021945,0.0022381,0.0014339,0.0016692,0.0021972,0.001857,0.003441,0.0020894,0.078311,0.0093234,0.0033928,0.0025277,0.0019198,0.0022823,0.0014777,0.00092127,0.0014553,0.00069545,0.00074038,0.00059927,0.00031573,0.00083878,0.00059971,0.0013564,0.0029468,0.0081545,0.0059061,0.0025176,0.001754,0.0015727,0.0011864,0.0011338,0.0010128,0.0034142,0.0008778,0.0010253,0.00082673,0.0010692,0.001309,0.0014984,0.0020327,0.0038983,0.059473,0.0045661,0.0018635,0.0011095,0.00078781,0.00063306,0.00058873,0.00058367,0.011427,0.0032798,0.0047922,0.0037929,0.0041031,0.0046475,0.0052795,0.0083703,0.018546,0.15431,0.023055,0.011325,0.007064,0.0064511,0.0044463,0.0045162,0.0037861,0.017067,0.0020041,0.00048533,0.00089777,0.0010429,0.0014218,0.0019202,0.0024543,0.0038267,0.041852,0.0060286,0.003444,0.0021494,0.0013901,0.0023699,0.0018175,0.0013237,0.0023518,0.0014456,0.0013814,0.0015933,0.0016589,0.0020379,0.00223,0.0030809,0.0055177,0.05573,0.0046585,0.0022742,0.0014705,0.00076685,0.00043929,0.00023496,0.00015832
0.0022812,0.00064073,0.00042332,0.0016537,0.0014782,0.0016777,0.0010739,0.0015243,0.0022519,0.0028476,0.018539,0.0059967,0.0040459,0.0016492,0.0027476,0.0017337,0.0024567,0.0094987,0.0021028,0.0015713,0.0018534,0.0006094,0.00085692,0.0010315,0.0015785,0.0025045,0.011416,0.0082208,0.0029032,0.0018139,0.0014302,0.0011755,0.001032,0.0012589,0.0017204,0.00028681,0.00068008,0.00086802,0.00057176,0.0010834,0.0014764,0.0024162,0.0051195,0.010811,0.019418,0.0069458,0.0044434,0.0036468,0.0031314,0.002781,0.0028534,0.010931,0.0035355,0.0034637,0.0050924,0.0067001,0.0079777,0.010373,0.018157,0.039774,0.31866,0.059403,0.027429,0.018922,0.016332,0.013672,0.012146,0.012881,0.0013523,0.0010298,0.0011356,0.002097,0.00077022,0.0013248,0.0013286,0.002136,0.0033998,0.023157,0.0056181,0.0020043,0.0013517,0.0011226,0.00062708,0.00080445,0.00030329,0.00084687,0.00095765,0.00072888,0.00098773,0.0012618,0.0017595,0.0023444,0.0034946,0.0074774,0.043111,0.013554,0.0059308,0.0041182,0.0036551,0.0027164,0.0027233,0.0026131,0.027361,0.0010673,0.0007232,0.00081707,0.0012699,0.0019565,0.0017069,0.0030676,0.0004386,0.094897,0.011184,0.0041746,0.0028899,0.0020114,0.0011448,0.0017422,0.0012188,0.0051556,0.0013245,0.00095078,0.00045261,0.0014428,0.0012154,0.001473,0.0015062,0.0026421,0.014415,0.0066443,0.0029705,0.0017322,0.001143,0.0013021,0.001142,0.0011845,0.0056058,0.00099567,0.0012226,0.0011471,0.001527,0.0016388,0.002223,0.0027731,0.0043857,0.051893,0.0054243,0.0022901,0.0012225,0.0010605,0.00079273,0.00055952,0.00065042,0.016159,0.0034847,0.0034913,0.0023146,0.0051958,0.0065881,0.0086272,0.012911,0.023482,0.13398,0.04737,0.021353,0.015432,0.012945,0.011351,0.010581,0.010723,0.0097963,0.0017487,0.0013543,0.0025157,0.0013712,0.001905,0.002582,0.0045359,0.0079779,0.037003,0.011447,0.0047342,0.0029098,0.0027929,0.0022923,0.0024705,0.0017434,0.0038891,0.0015622,0.0018623,0.0016882,0.0018665,0.0024506,0.0036757,0.005169,0.010179,0.054164,0.019523,0.0085708,0.0057102,0.0048505,0.0042057,0.00399,0.0038777
0.0050603,0.0024383,0.00067262,0.0020838,0.00091701,0.0017767,0.0014012,0.001992,0.0019201,0.03232,0.02611,0.0064506,0.0043924,0.0043357,0.0030842,0.0030664,0.0021382,0.0044327,0.0020208,0.00095688,0.00058841,0.00082028,0.0017411,0.0019282,0.0028972,0.0035277,0.013925,0.012159,0.0033078,0.0021348,0.0016523,0.0013677,0.0012159,0.00091554,4.0062e-05,0.00070292,0.00039193,0.00041293,0.0012395,0.0013387,0.0015043,0.0018922,0.0040227,0.024197,0.018618,0.0060309,0.0038879,0.0028811,0.0024396,0.0023132,0.0024815,0.012987,0.0016928,0.003548,0.0039943,0.0030473,0.0043346,0.0059521,0.0085101,0.019292,0.27938,0.017962,0.009872,0.0069156,0.0056204,0.0031751,0.0047428,0.0035801,0.0043603,0.00056486,0.00080735,0.0013867,0.00022289,0.00029238,0.0006543,0.00051471,0.00095793,0.019246,0.0016169,0.0005909,0.00022456,0.00025725,0.00063633,4.5942e-05,0.00027468,0.0021744,0.0016054,0.001383,0.0014633,0.0013781,0.0016096,0.002192,0.0031469,0.0054231,0.038815,0.0058155,0.0024412,0.001439,0.0008837,0.00078997,0.00047781,0.00039291,0.043816,0.0020885,0.00049744,0.0012405,0.0009279,0.0016537,0.0013172,0.0037592,0.009721,0.088504,0.014303,0.0054192,0.004489,0.0029018,0.0035644,0.0029889,0.0035287,0.011215,0.0017122,0.0014351,0.0017572,0.0015725,0.0013265,0.0021492,0.0028425,0.0041959,0.01429,0.0086399,0.0031261,0.0017658,0.0016386,0.00099581,0.00090883,0.00068285,0.002554,0.0011076,0.001097,0.001251,0.0013784,0.0018521,0.0023856,0.0043792,0.0079728,0.048432,0.0172,0.0067664,0.004983,0.0037929,0.0032687,0.0031287,0.0030232,0.018782,0.012221,0.010208,0.011225,0.012816,0.013979,0.016871,0.02324,0.045861,0.14158,0.0718,0.026366,0.016671,0.012065,0.010232,0.0091893,0.0087034,0.0053731,0.0038783,0.0032076,0.0027579,0.0030809,0.0035294,0.0046206,0.0054104,0.0096534,0.033819,0.019898,0.0076392,0.0055001,0.0038549,0.0036323,0.0030195,0.0027791,0.0057622,0.0033471,0.0036536,0.0039319,0.0043883,0.0049659,0.0062527,0.0078818,0.012874,0.046504,0.021254,0.0069867,0.0037913,0.0022216,0.0011139,0.00061587,9.5442e-06
0.0016003,0.0027857,0.0029673,0.0019737,0.0017429,0.0025897,0.0031422,0.0028511,0.015121,0.024936,0.020999,0.0085636,0.0040785,0.0053674,0.0033351,0.0034653,0.0031147,0.0099126,0.0023008,0.0012789,0.0010344,0.00074826,0.0016532,0.0010516,0.00064554,0.0026645,0.009819,0.0082189,0.0027006,0.00099905,0.00082075,0.00070646,0.00076552,0.00059701,0.0009842,0.0021799,0.0013674,0.0018301,0.0015666,0.0019363,0.0025382,0.0031419,0.0038036,0.020364,0.015111,0.0046205,0.0024633,0.0017841,0.0014043,0.001207,0.001091,0.015797,0.0073454,0.0046318,0.0062508,0.0083302,0.010124,0.015407,0.022922,0.054246,0.36122,0.058038,0.030179,0.021994,0.018715,0.01667,0.01443,0.014466,0.010807,0.0010677,0.0011652,0.00072538,0.00071767,0.00089116,0.0013076,0.0013457,0.0029256,0.016386,0.0022084,0.0012197,0.00074268,0.00049085,0.00052659,0.0002531,0.00053025,0.00090791,0.0014268,0.0010127,0.0013429,0.0012064,0.0022779,0.0026306,0.0048862,0.0093426,0.0034208,0.0154,0.0073202,0.0050964,0.0040618,0.003721,0.00338,0.0034447,0.044282,0.0019079,0.0015474,0.00062366,0.00091081,0.0008958,0.00081499,0.00087062,0.0027668,0.14715,0.0076264,0.0019077,0.0015547,0.00068199,0.0030181,0.0007529,5.7232e-05,0.019341,0.0017029,0.00074666,0.00093644,0.00034689,0.00062204,0.00122,0.0010421,0.0013342,0.015807,0.0040312,0.0010659,0.00039058,0.00025951,0.00054273,0.0001845,0.00019455,0.0022507,0.0016959,0.0012338,0.0013549,0.001134,0.0017453,0.001795,0.0028935,0.0055244,0.016527,0.0074794,0.0024677,0.0012026,0.00067578,0.00073319,0.00024362,1.5266e-05,0.0057774,0.0093892,0.0087734,0.0087173,0.0098012,0.010781,0.013241,0.01439,0.028402,0.16535,0.056134,0.020819,0.011937,0.0087786,0.0053158,0.0049537,0.0050259,0.016169,0.004659,0.0030946,0.0036552,0.0037629,0.0040402,0.0050103,0.0063142,0.010697,0.048171,0.018786,0.0065153,0.003466,0.001839,0.002795,0.0015875,0.001173,0.0011692,0.0012736,0.001706,0.0013791,0.0023964,0.0025333,0.0035327,0.0058079,0.010936,0.036189,0.020148,0.0096827,0.0066884,0.0056197,0.0048338,0.0046862,0.004511
0.0014954,0.0023761,0.0043186,0.0031557,0.0024881,0.0026379,0.003441,0.0040693,0.0089302,0.013331,0.023183,0.0075107,0.0043824,0.0017993,0.0018967,0.0020277,0.0019264,0.029902,0.0062698,0.0019823,0.0010274,0.00058959,0.0022594,0.001971,0.0023587,0.0020043,0.0086783,0.0088509,0.0014117,0.00069849,0.00040584,0.00063135,0.00010055,0.00032998,0.011395,0.0018496,0.0027728,0.0029178,0.0033335,0.0036183,0.0041639,0.006315,0.0090696,0.024278,0.022981,0.005907,0.0034187,0.0024389,0.0015329,0.0011339,0.0010605,0.065347,0.010863,0.036427,0.0066767,0.048676,0.0079907,0.081849,0.012113,0.27975,0.237,0.22702,0.018585,0.093123,0.012152,0.066888,0.010981,0.061418,0.01952,0.0021399,0.0025637,0.0013683,0.0034743,0.00054189,0.0052773,0.00065037,0.013849,0.0163,0.010456,0.0020333,0.0039707,0.00090194,0.002852,0.00049207,0.0021058,0.0020886,0.0021893,0.0025303,0.0024933,0.0036231,0.0021829,0.0068735,0.002085,0.028011,0.03617,0.026005,0.0061976,0.0089071,0.0044095,0.0060061,0.0043193,0.0051289,0.063386,0.0043465,0.0019076,0.00054063,0.00060168,0.0011622,0.0013591,0.0026645,0.0028834,0.14665,0.012284,0.005153,0.003084,0.0024372,0.0038681,0.0025178,0.0023079,0.031605,0.0039485,0.0016305,0.00077617,0.00088,0.00093004,0.0011169,0.0018284,0.0019646,0.015664,0.0052714,0.0014815,0.00065859,0.00050327,0.00051887,0.00016591,0.00027465,0.0075418,0.00083881,0.0003035,0.00022986,0.00053185,0.00028556,0.00012913,0.0012094,0.00016348,0.013255,0.0062675,0.0017304,0.00098753,0.00094862,0.00081608,0.00081683,0.00076294,0.0075589,0.0061215,0.0049546,0.0059561,0.0068064,0.0087925,0.012959,0.019171,0.038474,0.084454,0.062885,0.032259,0.022671,0.018646,0.016786,0.014643,0.014651,0.034327,0.0047581,0.0021131,0.001766,0.002249,0.0028195,0.0031608,0.0047592,0.0083439,0.045709,0.013743,0.0077687,0.0048642,0.0037908,0.0038589,0.0035853,0.0032025,0.0028782,0.002275,0.0031397,0.0027316,0.0030656,0.0043527,0.0045346,0.0042248,0.0067789,0.076045,0.016627,0.0070518,0.0039789,0.0027557,0.0018696,0.0017242,0.0015431
0.021759,0.0025832,0.0024021,0.0010665,0.0023111,0.0014257,0.0031772,0.0055769,0.012474,0.040722,0.020328,0.0084208,0.0052373,0.0068353,0.0027705,0.003018,0.0045319,0.030503,0.0020551,0.00091546,0.00055582,0.00074612,0.00014299,0.00022945,0.00069005,0.0019519,0.02128,0.0081753,0.0027224,0.0014984,0.0014269,0.0010158,0.0011014,0.00085452,0.0053483,0.00063119,0.00033575,0.00045514,0.00072245,0.00089748,0.0016779,0.0024511,0.0051547,0.013519,0.015564,0.0049359,0.00329,0.0026949,0.0023931,0.002118,0.0022202,0.0021878,0.01084,0.011076,0.013174,0.017198,0.022468,0.03129,0.053104,0.13497,0.40076,0.081263,0.050316,0.038756,0.031036,0.03085,0.028616,0.028098,0.045144,0.0020727,0.00085867,0.00037054,0.00019426,0.00071242,0.0011691,0.0026384,0.0086774,0.023065,0.0050223,0.0033282,0.0022721,0.0016977,0.0026591,0.0020529,0.0023652,0.002594,0.0029973,0.0030064,0.0031034,0.0034924,0.0045106,0.005253,0.0080554,0.018413,0.021704,0.013021,0.0069533,0.0047829,0.0036613,0.0036552,0.0032594,0.0030976,0.045754,0.0062723,0.0053876,0.0060926,0.0071375,0.0082442,0.010277,0.01463,0.02003,0.11582,0.022516,0.0090031,0.0050755,0.0027615,0.0019381,0.00075623,0.0011864,0.048102,0.0031976,0.0018165,0.0020764,0.001423,0.0023197,0.0026545,0.0033705,0.0059456,0.024171,0.0082417,0.0031587,0.0016596,0.00095224,0.00055001,0.00026768,3.2447e-05,0.014979,0.0005571,0.00073649,0.00076674,0.00080595,0.00094252,0.0012199,0.0017394,0.0023189,0.048203,0.0097641,0.0031517,0.0019743,0.00158,0.0014867,0.0011489,0.0012798,0.040091,0.0018725,0.0028306,0.0036313,0.0047789,0.0073282,0.01107,0.018647,0.04073,0.1812,0.071546,0.034361,0.024224,0.019099,0.018634,0.016529,0.015661,0.030461,0.0031172,0.0028844,0.0035336,0.003066,0.0037627,0.0047882,0.0061196,0.010386,0.046451,0.01879,0.0082375,0.0051856,0.0045838,0.0033945,0.0030555,0.0025445,0.010338,0.005047,0.0052338,0.0056844,0.0064185,0.006948,0.0089354,0.011882,0.022389,0.03776,0.023533,0.0095935,0.0054089,0.0035786,0.0024741,0.0017266,0.0016251
0.01301,0.0011455,0.0012218,0.0011499,0.0020406,0.0031237,0.0047985,0.0091596,0.024587,0.024512,0.033161,0.015337,0.010076,0.0066616,0.0073579,0.0072219,0.0070096,0.018795,0.0019361,0.0010205,0.0011115,0.0011101,0.0013687,0.0016474,0.003142,0.0072915,0.012896,0.0094602,0.0042215,0.0028378,0.0025047,0.0022129,0.0019114,0.0017433,0.0034771,0.0010352,0.001119,0.0011596,0.0017094,0.0021571,0.0026631,0.0042962,0.0092143,0.018811,0.018665,0.0076332,0.005312,0.0043936,0.0037847,0.0034687,0.0035382,0.010243,0.019217,0.020138,0.021601,0.025439,0.032555,0.044237,0.07085,0.16574,0.32293,0.11389,0.065048,0.047157,0.038887,0.035228,0.033235,0.0323,0.029833,0.0025188,0.0018071,0.0011142,0.0017266,0.0018821,0.0021612,0.0037782,0.010961,0.018875,0.0018303,0.001595,0.0013287,0.00043807,0.0010829,0.001386,0.00067713,0.0067712,0.0023658,0.0024326,0.0023146,0.0029531,0.0034799,0.0042765,0.005531,0.014167,0.049003,0.007992,0.0034787,0.0022395,0.0012675,0.0013938,0.0012764,0.0011253,0.038546,0.0012247,0.00089931,0.0018703,0.00099148,0.001868,0.0031305,0.0036904,0.015336,0.11286,0.0059393,0.0040034,0.0035534,0.0025904,0.0040015,0.0026983,0.0030766,0.035351,0.0021761,0.0013431,0.001248,0.0017129,0.0019441,0.0021254,0.0029296,0.0057952,0.00393,0.0063641,0.00269,0.001283,0.00085756,0.00097804,0.00080756,0.00068665,0.0085126,0.0027741,0.0026043,0.0029265,0.0032627,0.0037041,0.004559,0.0066674,0.013565,0.035465,0.011252,0.0041892,0.0024434,0.0017189,0.0011447,0.00055747,0.00044061,0.023405,0.0038006,0.0035193,0.004279,0.0056018,0.0075157,0.0096996,0.015385,0.032629,0.22533,0.055254,0.024847,0.017723,0.015947,0.0123,0.011041,0.010729,0.023655,0.0035787,0.0032358,0.0039353,0.0037147,0.0044744,0.0050925,0.007392,0.011891,0.04192,0.017709,0.0066741,0.003815,0.0018668,0.0021278,0.0020518,0.001915,0.0032845,0.0020931,0.0022624,0.0022481,0.0025217,0.0029826,0.0039582,0.0055405,0.012633,0.061031,0.015133,0.0071422,0.0046754,0.0037002,0.003279,0.0028782,0.0028839
0.0096151,0.0012694,0.0023819,0.00085297,0.001246,0.001945,0.004219,0.0047131,0.014119,0.031322,0.027298,0.0099255,0.0068251,0.0078851,0.0055543,0.005167,0.0048238,0.010222,0.0015351,0.00049106,0.00041819,0.0010874,0.00046774,0.0010636,0.0017202,0.0048162,0.012481,0.0084541,0.0031317,0.0022973,0.0018758,0.0015526,0.0017407,0.0014057,0.0029107,0.0011944,0.0014725,0.0015809,0.0017844,0.0020928,0.0030813,0.0046255,0.00999,0.0096385,0.02107,0.0075833,0.0052618,0.0041274,0.0034274,0.0033808,0.0033265,0.0045434,0.018849,0.03662,0.053973,0.070904,0.086978,0.10741,0.13376,0.24436,0.38625,0.024512,0.036963,0.03925,0.037422,0.034577,0.029541,0.027398,0.021683,0.00047819,0.001494,0.0026379,0.0033778,0.0045853,0.0052463,0.0066588,0.011626,0.015212,0.00327,0.0013562,0.0014707,0.0018369,0.0021927,0.0022669,0.0018959,0.0030842,0.001509,0.002895,0.0044552,0.005902,0.0077342,0.0095638,0.013447,0.023478,0.036777,0.010061,0.0040434,0.0047749,0.00538,0.0057912,0.0061304,0.0062314,0.037207,0.0033792,0.0055328,0.0080096,0.0096984,0.012358,0.01426,0.01482,0.015487,0.076272,0.036224,0.023566,0.019254,0.014607,0.011978,0.006812,0.0053197,0.02674,0.0014834,0.00093678,0.00074656,0.00098265,0.00066716,0.00072041,0.0018512,0.0033523,0.010548,0.0043927,0.00083518,0.00051601,0.00017239,0.00052363,0.00043083,0.00034523,0.0064164,0.001438,0.0014557,0.0020301,0.0034432,0.004743,0.0063797,0.0087166,0.0078112,0.041806,0.01222,0.011541,0.010094,0.0080134,0.0055246,0.0031538,0.0010147,0.021056,0.0034762,0.0035518,0.0070397,0.011165,0.018595,0.028185,0.045076,0.089964,0.096243,0.07144,0.02462,0.019246,0.022116,0.026785,0.028404,0.029398,0.013184,0.002233,0.0022989,0.0021823,0.0027659,0.0028685,0.0036044,0.0051213,0.0076938,0.039913,0.016852,0.0080061,0.0058023,0.0054286,0.0031833,0.0038724,0.0036622,0.0064774,0.001847,0.0017502,0.0013006,0.00089442,0.0004924,0.0016953,0.0041745,0.011868,0.05192,0.022413,0.0091332,0.0056184,0.0036052,0.0020662,0.0011319,0.00064089
0.0034581,0.002473,0.0046255,0.0039556,0.0043191,0.0048712,0.0068779,0.0096019,0.017285,0.0061128,0.02725,0.0074565,0.0049939,0.0033745,0.0026359,0.0026339,0.0023251,0.0016556,0.0034718,0.0025094,0.0022616,0.0023245,0.0030675,0.0034966,0.0048263,0.0094615,0.0091929,0.013182,0.004551,0.0025832,0.001299,0.0010822,0.00061073,0.00067522,0.0010967,0.0012973,0.0019744,0.0022141,0.0020832,0.0025323,0.0032538,0.0044545,0.0099496,0.015543,0.019593,0.0062077,0.0036718,0.0030311,0.0023383,0.0021024,0.0021153,0.036538,0.036202,0.039053,0.04251,0.04636,0.054414,0.069476,0.10273,0.23575,0.31758,0.10466,0.052406,0.034722,0.023882,0.017158,0.01453,0.012604,0.0080244,0.0039257,0.0022501,0.0014587,0.0025253,0.0025249,0.0033365,0.0052475,0.0104,0.011296,0.0068657,0.0030427,0.002195,0.0016753,0.0012071,0.0005619,0.0008526,0.0053254,0.0034908,0.0035677,0.0037795,0.0043007,0.0053223,0.0062898,0.0087293,0.023636,0.01922,0.014544,0.0070917,0.0049191,0.0036221,0.0033515,0.0029697,0.0028382,0.035788,0.0026303,0.00083116,0.001081,0.0016149,0.0014072,0.0021699,0.0048105,0.00041163,0.087484,0.012429,0.0047305,0.0027488,0.0020915,0.0018732,0.0020013,0.0026074,0.0099756,0.0025281,0.0018137,0.0010555,0.0011201,0.0012081,0.0017768,0.0027426,0.0054343,0.010645,0.0091309,0.0039832,0.0026401,0.0022801,0.0018934,0.0016256,0.0016098,0.007702,0.0034169,0.0027992,0.002909,0.0031168,0.0036762,0.0050003,0.0065435,0.013484,0.051121,0.013231,0.0052357,0.0026243,0.0016108,0.0010206,0.00072831,0.00037385,0.010943,0.002418,0.0032912,0.0035305,0.0025582,0.0028311,0.003984,0.0051569,0.015617,0.26967,0.028434,0.0094277,0.005119,0.0048047,0.0010124,0.0016476,0.0020542,0.0030118,0.0018737,0.0012307,0.0012488,0.0011937,0.0019663,0.002751,0.0038536,0.0085047,0.037037,0.017453,0.0080799,0.0054106,0.0036429,0.0051233,0.0041556,0.0038701,0.0013333,0.0033509,0.0034251,0.0036202,0.0043386,0.0049105,0.0062787,0.008914,0.019946,0.0325,0.022924,0.010294,0.0069217,0.0054747,0.0046728,0.004267,0.0040684
0.010452,0.0042429,0.0052656,0.0044864,0.0058001,0.0068998,0.0067482,0.011242,0.02018,0.032926,0.032901,0.0086249,0.005908,0.0024523,0.0016333,0.0020927,0.0019646,0.014645,0.0044699,0.0032516,0.002231,0.0021722,0.003678,0.0037751,0.0052976,0.0092194,0.0088071,0.01366,0.0032662,0.0025517,0.0015088,0.00075602,0.00054307,0.00051499,0.0016499,0.00069459,0.0018869,0.0017268,0.0014842,0.0018924,0.0021828,0.0035422,0.0086843,0.015044,0.017098,0.0031657,0.002006,0.0015543,0.00076809,0.00085932,0.00050929,0.031197,0.029549,0.032285,0.035212,0.038482,0.045283,0.058273,0.086035,0.21394,0.40612,0.081724,0.04747,0.033229,0.023683,0.019756,0.017334,0.016316,0.011633,0.0027106,0.0018839,0.0016013,0.0018317,0.0019432,0.0021603,0.0031747,0.0074469,0.018201,0.003914,0.0013003,0.0012768,0.00076646,0.0005564,0.00072013,0.00098611,0.0013886,0.0012771,0.00088049,0.0011906,0.0012861,0.0013374,0.0025741,0.0036515,0.012813,0.05323,0.0035984,0.0013495,0.0013826,0.00097573,0.0012839,0.0014262,0.0012741,0.031773,0.0076168,0.0065597,0.0056481,0.0062562,0.0075702,0.0093625,0.013408,0.024679,0.083991,0.01858,0.0078326,0.0041824,0.0022814,0.0022641,0.00094897,0.00020219,0.0044499,0.0015387,0.0018655,0.0014355,0.0018767,0.001,0.0014887,0.0025666,0.0036221,0.013923,0.0080262,0.0028682,0.0022029,0.001484,0.0012775,0.0010731,0.0013256,0.00025748,0.0018273,0.0016166,0.0014423,0.0019848,0.00219,0.002947,0.0046106,0.007341,0.042436,0.016858,0.0071204,0.0048772,0.0039316,0.003387,0.0033517,0.0031834,0.016499,0.019407,0.019534,0.020896,0.022929,0.025796,0.032142,0.044408,0.092924,0.094787,0.10222,0.035323,0.020829,0.013281,0.0081834,0.0043402,0.006157,0.012821,0.0056123,0.004336,0.0046016,0.0047741,0.0050106,0.0064863,0.008475,0.013134,0.033891,0.024227,0.0091407,0.0043194,0.003141,0.0017698,0.0017579,0.0024567,0.0081903,0.0026089,0.002251,0.0024548,0.0032536,0.0029821,0.0035886,0.0051612,0.008338,0.054617,0.018146,0.0064433,0.00316,0.0016526,0.0010946,0.00053942,0.00031661
0.00412,0.0059821,0.0044612,0.0031515,0.0032493,0.0046964,0.0060518,0.010257,0.011632,0.019891,0.038918,0.012327,0.008993,0.0053573,0.0053264,0.0047137,0.0064698,0.052628,0.007227,0.0036913,0.0022209,0.001545,0.002404,0.001988,0.0036994,0.0074458,0.0066112,0.017494,0.0052304,0.0035112,0.0026232,0.0023139,0.0020119,0.0022088,0.020535,0.0031629,0.001961,0.0019825,0.0018987,0.0024772,0.0029426,0.0041026,0.0090048,0.017211,0.021135,0.0063758,0.0039588,0.0031681,0.0026971,0.0024549,0.002266,0.039376,0.010835,0.010841,0.010394,0.015174,0.020036,0.028774,0.049947,0.13906,0.42745,0.055315,0.046791,0.036865,0.031046,0.027966,0.027645,0.026223,0.025694,0.0025322,0.00053529,0.0010752,0.00074924,0.0011364,0.0015117,0.0026537,0.0062134,0.018538,0.005284,0.002298,0.0019466,0.0017026,0.0015425,0.00073188,0.0011501,0.0086957,0.001752,0.0018316,0.0020834,0.0022109,0.0023226,0.0034896,0.0051967,0.013555,0.039939,0.015971,0.0041909,0.0026954,0.0017278,0.0015929,0.0014106,0.0013409,0.0019608,0.007719,0.0039181,0.0040391,0.0033498,0.0037623,0.0044369,0.0088204,0.013422,0.14284,0.017342,0.0068809,0.0046204,0.003764,0.0038533,0.0030806,0.0040322,0.026415,0.0025492,0.00063479,0.0007477,0.00071524,0.00034208,0.00099751,0.001753,0.0018992,0.0054719,0.0074911,0.00215,0.0014128,0.00089413,0.00095318,0.00096221,0.00087167,0.0063668,0.0022208,0.0018599,0.0016501,0.0018714,0.00202,0.0023989,0.0047579,0.008559,0.01137,0.018754,0.0056392,0.0034851,0.0027732,0.0021225,0.0023456,0.0023346,0.011183,0.014056,0.014619,0.016469,0.01822,0.019989,0.024484,0.033305,0.053353,0.051773,0.15595,0.040454,0.024529,0.019084,0.01653,0.014322,0.013331,0.052773,0.0087749,0.0044446,0.0040696,0.003943,0.0037083,0.0035925,0.0054789,0.0088599,0.026527,0.044419,0.010166,0.006087,0.0053569,0.0038442,0.0036083,0.0034409,0.0030442,0.0017912,0.0016812,0.0013459,0.0014624,0.0014648,0.0019613,0.0029625,0.0049637,0.049938,0.034695,0.0070728,0.003494,0.002231,0.0017406,0.0015161,0.0013924
0.035172,0.0046948,0.0017074,0.0017207,0.001848,0.00216,0.0030573,0.0056779,0.010335,0.015844,0.0308,0.0070808,0.0048599,0.0038727,0.0036255,0.0032157,0.0037995,0.062039,0.0038231,0.0012109,0.00034406,0.001236,0.0001975,0.00048389,0.001847,0.0028512,0.0099042,0.013258,0.0023718,0.0019933,0.0017793,0.0014869,0.0014505,0.0013733,0.02417,0.0023659,0.0014954,0.001276,0.0011258,0.001792,0.0021664,0.003435,0.0026847,0.0078055,0.027482,0.0053481,0.0033029,0.0028655,0.0023032,0.0021079,0.0021744,0.099966,0.027653,0.032073,0.03274,0.037143,0.043768,0.056318,0.086003,0.19838,0.40806,0.046486,0.032053,0.019683,0.013125,0.0069293,0.0035902,0.00060273,0.0049267,0.0026861,0.0026412,0.0020813,0.0018355,0.0025039,0.0031195,0.0044438,0.0091992,0.015106,0.007218,0.0019934,0.0015198,0.00094749,0.00041365,0.000741,0.00022317,0.0052415,0.0017948,0.0014423,0.0016076,0.0022343,0.0022744,0.0035995,0.0059431,0.020129,0.046293,0.017362,0.0076444,0.005771,0.0052178,0.0045763,0.0042922,0.0042649,0.026415,0.011021,0.0093388,0.0088573,0.0091515,0.010138,0.013639,0.020113,0.032575,0.12785,0.019529,0.011094,0.0054688,0.0033242,0.0012388,0.00094858,0.00056268,0.012526,0.002932,0.0012816,0.0010624,0.00069705,0.00030073,0.00038989,0.00084473,0.00074908,0.015618,0.0027981,0.0007157,0.00054049,8.8455e-05,0.00027314,7.7955e-05,5.722e-06,0.0011215,0.0018468,0.0014086,0.0015544,0.0015515,0.0017912,0.0024982,0.0032487,0.0060895,0.031797,0.0059412,0.0034045,0.0022095,0.0014669,0.0012936,0.0012728,0.0013924,0.045743,0.0038664,0.0061588,0.0085052,0.010052,0.014017,0.019832,0.033621,0.065745,0.085622,0.12347,0.052878,0.037983,0.02982,0.027974,0.025126,0.02327,0.068473,0.0035132,0.0022316,0.0025264,0.0024585,0.0032493,0.004141,0.0059134,0.0094046,0.038927,0.026541,0.010348,0.0073447,0.0058589,0.0048867,0.0040482,0.0043431,0.0016022,0.0044025,0.0043597,0.0043153,0.0046886,0.0055436,0.006865,0.0094414,0.018003,0.055602,0.022931,0.0090585,0.0050257,0.0033719,0.002325,0.0017733,0.0013924
0.031041,0.0061771,0.0050374,0.0052267,0.0069375,0.0084837,0.0095757,0.016108,0.057101,0.059234,0.025665,0.0073254,0.0031957,0.0022767,0.001117,0.0015622,0.00073243,0.041791,0.003267,0.0020923,0.001873,0.0024577,0.0017518,0.0024311,0.0041789,0.015912,0.020904,0.010867,0.0012063,0.00034002,0.00045691,0.0002782,7.6685e-05,5.7213e-05,0.011772,0.001904,0.00209,0.0025186,0.0027637,0.0031154,0.0037219,0.0066657,0.026131,0.023614,0.019187,0.0029243,0.0017203,0.0011337,0.00095601,0.00096676,0.00072479,0.0054093,0.039314,0.041918,0.044917,0.050057,0.059563,0.077451,0.11858,0.36895,0.2832,0.088964,0.050119,0.032483,0.023086,0.017991,0.015524,0.013657,0.0020542,0.0015201,0.0019213,0.0015046,0.0023657,0.0028818,0.0036579,0.0049167,0.015159,0.0076768,0.0011699,0.0022433,0.0013377,0.0010259,0.00088515,0.0012505,7.439e-05,0.0018387,0.0010127,0.0013133,0.0017993,0.0028161,0.0039288,0.0063736,0.01222,0.036927,0.014001,0.020225,0.012095,0.0089459,0.0073355,0.0070339,0.0066936,0.0064431,0.011202,0.0036643,0.0022581,0.0024227,0.0033769,0.003234,0.0039252,0.0061679,0.038974,0.11525,0.02749,0.01115,0.0083864,0.0075358,0.0078461,0.0055654,0.0058537,0.0020313,0.0011814,0.001328,0.0010905,0.0010774,0.0014311,0.0020898,0.0029198,0.010742,0.0033961,0.010247,0.0031409,0.0016198,0.0016561,0.0013791,0.0013168,0.0012951,0.00091171,0.002617,0.0021879,0.0026783,0.0026895,0.0033877,0.0038837,0.0050649,0.025514,0.038079,0.015465,0.00558,0.0035648,0.002851,0.0022738,0.001925,0.0022087,0.040234,0.0083204,0.013128,0.014509,0.01097,0.0096448,0.026677,0.049962,0.10595,0.20901,0.088016,0.031662,0.0055268,0.013631,0.020628,0.013699,0.0011826,0.039969,0.0033152,0.0025755,0.0013309,0.00125,0.0030625,0.0032424,0.0020008,0.010785,0.042232,0.020755,0.0073293,0.008229,0.0074233,0.0032992,0.0032108,0.0045453,0.0020809,0.0014432,0.0016982,0.00094703,0.0023362,0.0038364,0.0023242,0.007407,0.031416,0.039432,0.0172,0.0082107,0.010008,0.0067692,0.0020384,0.005004,0.0070516
0.010121,0.0045415,0.0034206,0.0048415,0.0064292,0.0070182,0.0092772,0.018068,0.066922,0.034051,0.010031,0.0071122,0.0031816,0.0028467,0.0035025,0.0021879,0.00053408,0.02594,0.001041,0.00072835,0.0010082,0.0012693,0.0012748,0.0018639,0.0027386,0.015203,0.0060985,0.011222,0.0022681,0.0014091,0.0012472,0.0011325,0.00082007,0.00095367,0.012243,0.00048151,0.000712,0.00081037,0.0010672,0.0011743,0.0016072,0.0037153,0.019918,0.017295,0.023117,0.0030201,0.0022292,0.0014023,0.001663,0.0014462,0.0012455,0.067933,0.04033,0.041762,0.04443,0.05069,0.059678,0.078783,0.12654,0.44523,0.22854,0.085298,0.047143,0.031272,0.02213,0.016911,0.014387,0.013462,0.0030842,0.0015178,0.0014075,0.0019669,0.0018519,0.0025351,0.0029688,0.0054758,0.016719,0.0063351,0.0079743,0.0027873,0.0020763,0.0017127,0.0017731,0.00081913,0.0025387,0.0014839,0.0043557,0.0047181,0.0050522,0.0056514,0.0069624,0.0087559,0.013265,0.051956,0.0078252,0.020041,0.009567,0.0069766,0.0053299,0.0048735,0.0047699,0.0042916,0.0046158,0.010879,0.012729,0.013382,0.015216,0.017064,0.022502,0.035671,0.093452,0.11822,0.041627,0.019505,0.012461,0.0092996,0.0074741,0.010593,0.0071718,0.0023766,0.0014851,0.00047554,0.00031977,0.00038417,0.00092059,0.0012228,0.0015113,0.0090526,0.010597,0.0057035,0.0017466,0.0010653,0.00095137,0.00070821,0.00062733,0.00052264,0.0022011,0.0020373,0.0013594,0.0014345,0.0017932,0.002331,0.0030321,0.0035404,0.016336,0.021152,0.010353,0.006463,0.0046327,0.0038002,0.0035881,0.003073,0.0030289,0.032994,0.0097295,0.0084407,0.0089995,0.010692,0.013076,0.017862,0.03473,0.16337,0.23909,0.049405,0.01135,0.006003,0.0062501,0.0028823,0.0050651,0.0046883,0.023774,0.003181,0.0033531,0.002972,0.004072,0.0040507,0.0055511,0.0079651,0.015129,0.037712,0.023445,0.0066659,0.0045354,0.0038921,0.0038432,0.0021243,0.0026589,0.007475,0.0073136,0.0072867,0.0078527,0.0085671,0.0097105,0.01218,0.017127,0.047955,0.024669,0.030911,0.011102,0.0061703,0.0039661,0.0021652,0.0013803,0.00051689
0.0087301,0.0046504,0.0055229,0.0050834,0.0057999,0.0071698,0.0095667,0.017347,0.090779,0.047103,0.011283,0.0061997,0.0083873,0.0050838,0.00392,0.0047969,0.0051823,0.017842,0.0026444,0.0012016,0.0017497,0.0015829,0.0020938,0.0029882,0.0041005,0.022669,0.016687,0.0084369,0.0012579,0.00081233,0.00060098,0.00063571,0.00064243,0.00052644,0.010363,0.0020388,0.0024901,0.0025936,0.0031101,0.0035133,0.0037018,0.0068852,0.032927,0.014235,0.015701,0.0034737,0.0021187,0.0011233,0.00065825,0.00071214,0.00049019,0.01705,0.0056306,0.007391,0.011993,0.016542,0.024889,0.041745,0.082292,0.42253,0.175,0.08823,0.055971,0.044564,0.03925,0.035808,0.035523,0.031771,0.0051843,0.00073612,0.00066327,0.0013408,0.00084315,0.0012803,0.0019877,0.00297,0.016913,0.0049594,0.005757,0.0032841,0.002298,0.0017184,0.0015934,0.0010984,0.002903,0.0055829,0.0051023,0.0051136,0.005259,0.0056945,0.0069695,0.0086653,0.014314,0.056049,0.0076738,0.020689,0.0065965,0.0038292,0.0025758,0.0017868,0.0015746,0.0012493,0.030507,0.0054418,0.01852,0.012148,0.016333,0.02386,0.011879,0.061766,0.004023,0.16753,0.031079,0.023617,0.020035,0.0082642,0.012517,0.0067375,0.018368,0.0039788,0.0013929,0.0021862,0.0020967,0.0026889,0.0024799,0.0037455,0.0070783,0.011789,0.010626,0.0053444,0.0053697,0.0020994,0.0015764,0.0020404,0.00063324,0.0012207,0.002184,0.0050154,0.0023267,0.0038599,0.0051162,0.0017427,0.0086899,0.0048247,0.026757,0.02802,0.01874,0.01122,0.0025717,0.0055109,0.0027434,0.0030451,0.0025807,0.014113,0.0086302,0.0095965,0.011362,0.012966,0.016571,0.02392,0.046537,0.22649,0.28971,0.028791,0.008554,0.01038,0.0085232,0.0087417,0.0087763,0.0070401,0.023013,0.0044717,0.0038745,0.0050105,0.0046868,0.0056517,0.0064159,0.0094883,0.017207,0.033165,0.026335,0.0062909,0.0039105,0.0022615,0.0024303,0.0007393,0.0015812,0.0066644,0.0049363,0.0053843,0.0058522,0.0066411,0.007562,0.01009,0.015826,0.051402,0.017973,0.029834,0.013946,0.0096616,0.0076394,0.0065777,0.0062429,0.00589
0.0097104,0.0080326,0.0035866,0.0067843,0.0065819,0.007717,0.011716,0.025581,0.083881,0.048146,0.020703,0.00522,0.0024393,0.0024866,0.0014646,0.0016688,0.00012017,0.030516,0.0083412,0.0030495,0.0015114,0.00090262,0.0021899,0.0016205,0.0014302,0.016914,0.012812,0.012942,0.0012278,0.0012323,0.0008452,0.00093896,0.00094242,0.00086785,0.011006,0.003492,0.0018324,0.0016032,0.0015053,0.001463,0.0026694,0.0049749,0.030874,0.015653,0.015993,0.0029222,0.001853,0.0013467,0.0013492,0.0013105,0.0011711,0.039921,0.0063261,0.0051508,0.014266,0.023,0.032013,0.040218,0.066164,0.44644,0.20027,0.070374,0.052473,0.036773,0.027914,0.027371,0.030024,0.034707,0.0065423,0.0058758,0.0030761,0.001476,0.0017429,0.0020787,0.0024068,0.0030744,0.015314,0.0090208,0.0031158,0.0013163,0.0010504,0.001313,0.0011568,0.001148,0.00063706,5.9135e-05,0.0036756,0.0026695,0.0017199,0.0031461,0.004022,0.0057539,0.0070141,0.045128,0.028817,0.0068029,0.0028277,0.0022507,0.0016613,0.00086543,0.00087876,0.00093271,0.0092775,0.0051353,0.0016602,0.0012322,0.00047737,0.0017211,0.0043948,0.009174,0.03971,0.13864,0.0037932,0.0066605,0.0048381,0.0053037,0.0076413,0.006878,0.0033608,0.0051633,0.0070258,0.0030922,0.0019881,0.0024134,0.0021106,0.0013658,0.0026819,0.012842,0.0080608,0.012674,0.0031122,0.0018514,0.0016486,0.0012758,0.0012788,0.0012913,0.0029965,0.0031227,0.0020806,0.0022536,0.0025453,0.002477,0.0030518,0.0023852,0.016135,0.008645,0.025304,0.0074498,0.0051002,0.0040563,0.0033023,0.0033104,0.0031834,0.0021191,0.014303,0.017666,0.016634,0.019321,0.022971,0.031454,0.058215,0.24124,0.15133,0.11105,0.027166,0.019868,0.015279,0.011824,0.010753,0.010817,0.025412,0.0076858,0.0056078,0.0045091,0.0044451,0.004899,0.0056103,0.0086717,0.012564,0.031754,0.038313,0.0051601,0.0049577,0.0035245,0.0029192,0.0018124,0.0027256,0.00022505,0.00089201,0.00062353,0.0012312,0.0022172,0.0020279,0.0042247,0.0058187,0.039788,0.031175,0.039001,0.012686,0.0094913,0.0076398,0.0067853,0.0062932,0.0060807
0.0038319,0.0059206,0.0047178,0.0043134,0.0051878,0.0070229,0.0072889,0.012779,0.11173,0.020161,0.02812,0.0042848,0.0025049,0.0012455,0.0025817,0.00040407,0.00048638,0.067401,0.00375,0.00045376,7.562e-05,0.0011531,0.0019495,0.0024755,0.0033997,0.022778,0.0074031,0.0091473,0.0026213,0.0015534,0.0016179,0.0011601,0.0012846,0.0011616,0.021143,0.0046636,0.0026614,0.0024244,0.0028129,0.0035266,0.0049074,0.0066345,0.036093,0.014016,0.024484,0.0016208,0.00092215,0.00071644,0.00074993,0.00031349,0.00016212,0.038491,0.019746,0.016145,0.017053,0.019516,0.025007,0.034002,0.063771,0.48236,0.065683,0.052077,0.025413,0.019554,0.016739,0.014946,0.013778,0.013191,0.035082,0.0021285,0.00030217,0.00072949,0.00020849,0.00057469,0.00062615,0.0018959,0.016615,0.0051613,0.00292,0.001077,0.00094942,0.0009099,0.0006094,0.00015257,0.0011349,0.009287,0.00044904,0.00024794,0.00031839,0.00015896,0.0004615,0.001545,0.002342,0.047887,0.023716,0.010079,0.001564,0.00054212,0.00059241,0.00045753,0.00065179,0.00064659,0.0020638,0.012729,0.010363,0.0095129,0.011369,0.012696,0.015173,0.027704,0.087856,0.12245,0.03165,0.01811,0.012636,0.0098074,0.010029,0.0057931,0.0046273,0.037373,0.0036045,0.0014398,0.0010965,0.0014244,0.00071757,0.0013272,0.0017723,0.013011,0.016329,0.0034855,0.0013933,0.0013041,0.00069479,0.0006761,0.00065245,0.00061037,0.011555,0.0016611,0.00021653,0.00085045,0.00041906,0.0001889,0.0012746,0.0038465,0.017741,0.034196,0.0061648,0.0047716,0.0031018,0.0023507,0.0021416,0.002034,0.0024948,0.028138,0.026151,0.024067,0.026795,0.029807,0.035923,0.044779,0.066821,0.33085,0.090206,0.10461,0.046233,0.028702,0.022029,0.017132,0.015999,0.016064,0.066833,0.0022281,0.0024687,0.0029299,0.0029986,0.003022,0.0040309,0.0070455,0.007256,0.040831,0.015324,0.011578,0.0073411,0.0056434,0.0052443,0.0034547,0.0035763,0.0046807,0.00064478,0.00089092,0.001006,0.00089659,0.0019071,0.0030876,0.0058267,0.024067,0.040194,0.021925,0.0098213,0.0068994,0.005212,0.0048346,0.0042218,0.0038529
0.0051099,0.0056082,0.0026252,0.00088671,0.0038589,0.0028339,0.0064263,0.010735,0.089644,0.025268,0.026925,0.004548,0.0058269,0.0053624,0.0042413,0.0030395,0.0040799,0.017916,0.0099064,0.0026162,0.0022487,0.0034037,0.0012259,0.001726,0.0025705,0.016829,0.0077343,0.010548,0.0040195,0.0013546,0.00084972,0.00047542,0.00040873,0.00028422,0.0043755,0.0030173,0.00047995,4.3917e-05,0.0013204,0.0012619,0.0017553,0.0037622,0.019005,0.0041399,0.020318,0.0042008,0.0013758,0.00088196,0.00024758,0.00040962,0.00057603,0.01849,0.018596,0.025677,0.027592,0.033554,0.041714,0.059395,0.10873,0.48244,0.2408,0.083319,0.054363,0.043713,0.035479,0.032509,0.029739,0.029942,0.0090829,0.0057099,0.0028674,0.0012169,0.0013722,0.0025025,0.0022208,0.0038433,0.018626,0.0099859,0.0018377,0.0015388,0.00055572,0.0010355,0.00058192,0.0014081,0.0015068,0.0013085,0.00092041,0.00077717,0.00085271,0.0019261,0.004266,0.0051226,0.011495,0.04598,0.044443,0.009388,0.0047408,0.0048452,0.0040709,0.0038957,0.0037029,0.0031052,0.022116,0.015962,0.010719,0.0096628,0.01171,0.014112,0.018144,0.028173,0.10286,0.14746,0.031951,0.015355,0.010847,0.0088823,0.0059483,0.010889,0.0065289,0.0032616,0.0069864,0.0015859,0.0015816,0.0017082,0.00088889,0.00069476,0.0012198,0.0064557,0.0082601,0.0013555,0.003205,0.002117,0.0016539,0.0011791,0.001481,0.0012627,0.00038148,0.0028598,0.00014081,0.00050359,0.0010619,0.0019371,0.0015637,0.0018995,0.0035741,0.029277,0.0074786,0.0065859,0.004058,0.003583,0.0030513,0.0024038,0.0022622,0.018141,0.0096074,0.015359,0.015057,0.019062,0.024883,0.03679,0.066075,0.28752,0.075968,0.1028,0.063957,0.046689,0.03725,0.033542,0.03189,0.031157,0.013569,0.0074576,0.0026225,0.001723,0.00053798,0.001123,0.0015834,0.0048,0.0066807,0.040553,0.019352,0.014787,0.0092197,0.0076666,0.0063433,0.0057168,0.0050698,0.0018673,0.00090056,0.0017608,0.0011152,0.0026784,0.000763,0.0028807,0.0067378,0.029566,0.065988,0.014133,0.00815,0.0050162,0.0040656,0.0036259,0.0032912,0.0030232
0.01111,0.0076249,0.0088832,0.0069182,0.0078902,0.008568,0.012038,0.01727,0.10807,0.03122,0.041104,0.0078103,0.0042692,0.0023816,0.0022705,0.0018885,0.0013333,0.034705,0.0059427,0.0042756,0.0033048,0.003172,0.0021332,0.0036639,0.0052725,0.023983,0.0068549,0.018428,0.003092,0.0013649,0.0013198,0.0008808,0.00053187,0.00065422,0.017271,0.0031797,0.0014248,0.0011089,0.0010974,0.0011422,0.0019916,0.0041277,0.03238,0.023619,0.022578,0.00041554,0.00056845,0.00032595,0.00024663,0.00045755,0.00024225,0.043214,0.020258,0.017902,0.01826,0.022495,0.027684,0.040959,0.067284,0.48729,0.063061,0.079335,0.043531,0.032798,0.027277,0.024644,0.023205,0.024971,0.016232,0.0030342,0.0022022,0.0015132,0.00087779,0.0019545,0.0020202,0.0033973,0.018611,0.0026033,0.0013873,0.0023231,0.0017119,0.0017471,0.00088384,0.0012795,0.0019303,0.004097,0.0041548,0.0036697,0.0040346,0.0036723,0.0049981,0.0064061,0.014273,0.053483,0.015799,0.014514,0.0044902,0.0029455,0.0019301,0.0016044,0.0011873,0.0016137,0.011332,0.0058225,0.0025545,0.001062,0.00061725,0.0023969,0.0034449,0.0086002,0.051945,0.13032,0.011649,0.010599,0.0066984,0.0060644,0.0040105,0.006162,0.0049344,0.015627,0.0049808,0.0020956,0.0011802,0.0018751,0.0010664,0.000186,0.00071231,0.011317,0.01618,0.0066419,0.0017785,0.0014269,0.0011946,0.0011267,0.0010869,0.0011425,0.0088598,0.002327,0.0013661,0.0012317,0.0010707,0.0028536,0.0029846,0.0073812,0.02327,0.020379,0.020504,0.0081733,0.0062088,0.0050212,0.0042748,0.0042065,0.0043126,0.007042,0.015941,0.015252,0.0066313,0.017315,0.019222,0.0095877,0.063495,0.24208,0.22469,0.045596,0.020556,0.021664,0.012652,0.0055719,0.012634,0.0043259,0.030831,0.0060852,0.0044492,0.0011963,0.0049116,0.0012307,0.0068137,0.0077544,0.0098812,0.044263,0.018283,0.012366,0.0073116,0.0039881,0.0056233,0.0038233,0.0038033,0.0046826,0.0023223,0.0012717,0.0020541,0.0018708,0.0015638,0.0064178,0.0098305,0.037336,0.036887,0.022364,0.012664,0.013252,0.0044602,0.0073989,0.0082437,0.0030576
0.0037289,0.002835,0.0054609,0.0027806,0.0022241,0.0034309,0.0060963,0.012111,0.10105,0.03514,0.024418,0.0043308,0.0060007,0.0022584,0.002997,0.0037397,0.0008297,0.045171,0.0040684,0.0017685,0.0013698,0.0019188,0.0023084,0.0017511,0.0027306,0.01871,0.015156,0.011613,0.0021893,0.0012187,0.0010982,0.00091672,0.00098878,0.0010643,0.015568,0.001411,0.0015891,0.0013844,0.00085416,0.0015119,0.0019655,0.0046608,0.026275,0.014491,0.019927,0.0043858,0.0020526,0.0017379,0.0013371,0.0012106,0.0014916,0.059161,0.027616,0.025982,0.030215,0.03398,0.041255,0.054813,0.089392,0.49735,0.12375,0.056751,0.040363,0.028228,0.022131,0.019463,0.015742,0.020457,0.021792,0.0043041,0.002846,0.0016744,0.0018115,0.0020298,0.0024989,0.0037352,0.019719,0.0024699,0.0017959,0.0018198,0.001056,0.00077821,0.00060197,0.0011427,0.00063515,0.0049115,0.0026624,0.0012015,0.0016193,0.0032119,0.00374,0.0057697,0.01305,0.054184,0.0050146,0.013807,0.011166,0.0081047,0.00702,0.0060826,0.0056306,0.0059262,0.014477,0.0082904,0.0068151,0.0078773,0.0091537,0.010194,0.01322,0.017317,0.10075,0.11074,0.030861,0.0109,0.0083175,0.0065004,0.0039362,0.00046447,0.0034829,0.024754,0.0024372,0.002334,0.001616,0.0018121,0.00099902,0.0018165,0.0021276,0.012298,0.0061479,0.0089186,0.0013664,0.00098704,0.00069536,0.00040151,0.00026347,0.00062562,0.0059663,0.00099016,0.0014076,0.0012284,0.00091141,0.0010193,0.0021713,0.0044818,0.016963,0.04613,0.011681,0.00228,0.0018572,0.0016137,0.0013347,0.0016438,0.00096131,0.0031186,0.0094752,0.0070754,0.0093015,0.01038,0.012985,0.016747,0.041514,0.25778,0.24511,0.033402,0.011063,0.0051852,0.0025808,0.0028485,0.0012876,0.0038701,0.043763,0.0061428,0.0023901,0.0026174,0.0024725,0.0026131,0.0037344,0.0055385,0.015027,0.035718,0.02481,0.0056075,0.0061367,0.0053397,0.0038938,0.0050298,0.0022011,0.0030308,0.0027386,0.0026819,0.0027328,0.0026493,0.0042108,0.0063089,0.011698,0.041037,0.030233,0.027055,0.012803,0.0093409,0.0074806,0.0065551,0.0061424,0.0059071
0.014063,0.0054372,0.0056533,0.0053048,0.007411,0.0074582,0.010905,0.021442,0.087227,0.031179,0.025868,0.0078163,0.0057087,0.0055737,0.0046611,0.0044238,0.0066281,0.0050507,0.0054198,0.0040233,0.0031915,0.0037287,0.002651,0.0030861,0.0042253,0.018363,0.002184,0.012472,0.0013883,0.00036222,0.00059731,0.00019322,0.00032095,0.00017928,0.0044537,0.0010968,0.00074028,0.00047471,0.0010476,0.00068858,0.0014354,0.0044426,0.022199,0.018388,0.020257,0.0017284,0.00049876,8.7387e-05,0.00023175,0.00021256,0.0007725,0.016516,0.024181,0.022562,0.024918,0.030233,0.039191,0.057656,0.10174,0.44669,0.21853,0.090513,0.063004,0.049112,0.041638,0.038038,0.036218,0.032485,0.0090715,0.0063171,0.0034795,0.0024875,0.0020268,0.0026172,0.0031362,0.0038184,0.018935,0.004762,0.0035087,0.0025985,0.0021397,0.0014033,0.0015271,0.0011585,0.0021134,0.0061952,0.0062502,0.0054228,0.0061128,0.0055335,0.0082211,0.010159,0.014796,0.054294,0.010469,0.009461,0.0071716,0.0041239,0.0026139,0.0015643,0.0010805,0.00025177,0.037144,0.010407,0.0071016,0.0087098,0.009242,0.011339,0.014427,0.021085,0.064348,0.12041,0.028334,0.0091197,0.0062231,0.0035214,0.00030933,0.003785,0.0016289,0.012297,0.0044906,0.003749,0.0022351,0.0014668,0.0017131,0.0011125,0.0012199,0.010018,0.014276,0.0068938,0.0019812,0.0011506,0.001113,0.0015307,0.0013122,0.0013294,0.0033303,0.00083206,0.00096975,0.00093254,0.0014845,0.001137,0.0021001,0.0048114,0.015748,0.029281,0.012085,0.0032802,0.0024151,0.0020175,0.0016469,0.0018554,0.0017472,0.013684,0.0069632,0.0071069,0.010295,0.011656,0.014654,0.022836,0.049696,0.22529,0.25618,0.029243,0.011766,0.01052,0.010219,0.0078312,0.0097123,0.0090486,0.0072938,0.007087,0.0045947,0.003402,0.0041033,0.0041835,0.0052536,0.0070287,0.015675,0.039972,0.021654,0.0064133,0.0030232,0.0023792,0.0017587,0.0024339,0.0010224,0.0066605,0.0043625,0.0053315,0.0056978,0.0078715,0.006906,0.0089162,0.012576,0.047142,0.031644,0.02158,0.0079388,0.0051449,0.0035204,0.0028281,0.002226,0.0022088
0.019104,0.0064422,0.0067997,0.0066269,0.0072134,0.0087581,0.013013,0.023654,0.088359,0.043171,0.022457,0.0088873,0.0074287,0.0057735,0.0050254,0.0038576,0.0056191,0.04715,0.0072785,0.0039735,0.00332,0.0023667,0.0018859,0.0026981,0.0053568,0.018219,0.013834,0.014349,0.00065919,0.00083889,0.00044531,0.00046611,0.00049141,0.00051118,0.010571,0.0020076,0.001295,0.0015611,0.0013683,0.0019706,0.0038014,0.0053372,0.026422,0.030601,0.020094,0.0017203,0.00029822,3.1475e-05,4.3413e-05,0.00036315,6.1039e-05,0.063195,0.024727,0.025141,0.03004,0.034461,0.042893,0.058548,0.10171,0.4649,0.094412,0.073445,0.049352,0.036082,0.029695,0.026079,0.024521,0.022137,0.044465,0.0050222,0.0035922,0.002787,0.0024079,0.0026635,0.0025186,0.0044185,0.019367,0.0012398,0.0027335,0.0019969,0.0010663,0.00097602,0.00095044,0.0011742,0.00086214,0.0035897,0.00033534,0.00025515,0.0011786,0.0021693,0.0032672,0.0052865,0.0096295,0.049192,0.015528,0.0092253,0.0093024,0.0074818,0.0064737,0.0059829,0.005779,0.005066,0.053784,0.013808,0.012632,0.014505,0.018032,0.020795,0.025583,0.037006,0.081487,0.13878,0.02029,0.013941,0.015403,0.013579,0.011198,0.0077699,0.0050126,0.055791,0.0046975,0.0016118,0.0014056,0.0017694,0.0021828,0.0021621,0.0016393,0.0099797,0.014389,0.0066497,0.001924,0.0011895,0.00083999,0.0010659,0.0011794,0.001072,0.011303,0.0028576,0.0035308,0.0043816,0.0051249,0.0054191,0.0045739,0.0014192,0.01022,0.005025,0.015161,0.00536,0.0028501,0.0014677,0.00080947,0.0011755,0.0012551,0.043515,0.011887,0.015121,0.014854,0.017559,0.021142,0.027516,0.050525,0.23786,0.23711,0.035736,0.011234,0.010609,0.0080209,0.0057413,0.0035772,0.0046349,0.051869,0.0069508,0.0027473,0.0015552,0.0015463,0.0011253,0.002622,0.0039976,0.012469,0.043636,0.021167,0.008957,0.0053674,0.0040175,0.0047872,0.0036066,0.0032921,0.0038758,0.0013746,0.001628,0.0017249,0.0026669,0.0036494,0.0061259,0.0086136,0.041537,0.052311,0.017639,0.0097113,0.0073602,0.0063554,0.0057207,0.0049826,0.0050622
0.0059014,0.00059931,0.00021448,0.0011274,0.002498,0.0041883,0.0056362,0.01339,0.10866,0.031704,0.013201,0.0080438,0.0049067,0.0059108,0.004272,0.0054215,0.0042916,0.040681,0.0047675,0.0024175,0.001759,0.0017049,0.0022529,0.002043,0.0038334,0.022365,0.012167,0.010883,0.0019875,0.0014883,0.0010009,0.00062326,0.00081419,0.0007477,0.0066415,0.0018204,0.0012979,0.0012039,0.0011726,0.0010011,0.00239,0.0042289,0.031573,0.016131,0.019268,0.0022873,0.0012181,0.0005379,0.00030576,0.00032832,4.1962e-05,0.034756,0.020098,0.014332,0.011742,0.02929,0.020902,0.046644,0.10943,0.41472,0.24809,0.061117,0.023186,0.044981,0.020975,0.026259,0.031517,0.012333,0.041606,0.0039951,0.0026502,0.00019417,0.0016583,0.0017975,0.0010668,0.0049009,0.014313,0.012397,0.0024858,0.0013088,0.00074908,0.00021293,0.00096245,0.00036115,0.0005169,0.0037289,0.0030083,0.0024516,0.0022344,0.0043059,0.0040104,0.0055253,0.013494,0.045843,0.035224,0.012945,0.00084525,0.0044296,0.002138,0.0020165,0.0030602,0.00045205,0.056283,0.0020846,0.0030762,0.0034402,0.0036646,0.0047012,0.007513,0.015891,0.079468,0.12638,0.029239,0.010549,0.0082281,0.0074187,0.004247,0.0077327,0.0068513,0.048823,0.0042194,0.0019593,0.0014004,0.00086938,0.0017693,0.0010457,0.0011982,0.012105,0.0061997,0.0082058,0.001874,0.0016346,0.001111,0.00106,0.00088156,0.0009251,0.0080758,0.0014358,0.00072628,0.0007949,0.0010219,0.0013692,0.0015799,0.0028427,0.022351,0.030403,0.012198,0.0038619,0.002878,0.0023106,0.0021642,0.0019301,0.0019837,0.025622,0.0017798,0.0037392,0.0042191,0.0070309,0.0096904,0.015593,0.035059,0.25793,0.24194,0.041246,0.017025,0.016686,0.012498,0.012791,0.0094077,0.0096304,0.049136,0.0061841,0.0040327,0.0032738,0.0042294,0.0042615,0.0053688,0.0078704,0.017053,0.043577,0.022065,0.0059452,0.0029217,0.0026181,0.0022107,0.001075,0.00053978,0.0024967,0.0042633,0.0050697,0.0052143,0.0058756,0.0062999,0.0083528,0.013335,0.048637,0.046573,0.024491,0.0093135,0.0056151,0.0042917,0.0030774,0.0028326,0.0027791
0.0042039,0.0045676,0.0064271,0.0040795,0.0051903,0.0055338,0.0066045,0.015275,0.11856,0.027415,0.026843,0.0070719,0.002911,0.0036821,0.0033511,0.001786,0.0015068,0.021475,0.0047832,0.0020519,0.0018711,0.0019048,0.0015405,0.00083474,0.0017953,0.019376,0.0092676,0.0084894,0.0021403,0.0010631,0.0013115,0.00079805,0.00067693,0.0010433,0.00038339,0.0020175,0.0014023,0.0007768,0.0011689,0.0011413,0.0016542,0.0031792,0.024995,0.023267,0.01973,0.0045695,0.0026631,0.0018216,0.0016558,0.0014209,0.0014134,0.017874,0.0021248,0.003919,0.0077406,0.01222,0.019373,0.033416,0.071287,0.4655,0.11703,0.077373,0.048138,0.038919,0.034471,0.030447,0.027902,0.030104,0.022257,0.0036958,0.0021245,0.0013017,0.0020574,0.0018466,0.0024003,0.0037748,0.018979,0.0020924,0.0048784,0.00177,0.00078227,0.00049447,0.0010005,0.00090891,0.0013752,0.0024052,0.002958,0.0029919,0.0030675,0.0043852,0.0050392,0.006112,0.010559,0.054158,0.014207,0.012863,0.0067092,0.0044202,0.0033716,0.0032685,0.0029154,0.0025082,0.050219,0.0034761,0.0024947,0.0019084,0.0027843,0.0038076,0.0052254,0.0095671,0.096288,0.12337,0.021442,0.010477,0.008653,0.0056395,0.0080045,0.0036766,0.0037099,0.028548,0.0045484,0.0022239,0.0016697,0.0014654,0.00048043,0.0010163,0.001482,0.011564,0.0066825,0.0046414,0.0015593,0.00062396,9.8777e-05,0.00021198,0.00015428,3.6236e-05,0.0038758,0.0010218,0.00096435,0.00092169,0.00024003,0.00078079,0.0014995,0.0022931,0.014423,0.025476,0.0089285,0.0034826,0.0021941,0.0018175,0.0018077,0.0013327,0.0013237,0.024588,0.0082757,0.010097,0.01015,0.01113,0.013564,0.017781,0.032009,0.27109,0.21828,0.033979,0.018785,0.016797,0.01611,0.015797,0.012012,0.015284,0.026772,0.003328,0.0027,0.0021744,0.001582,0.0020269,0.0030776,0.0051984,0.013556,0.046623,0.015565,0.0046785,0.0025584,0.0022256,0.0013096,0.0020729,0.0012856,0.00065615,0.00022664,0.00034838,0.00087708,0.00061926,0.0015211,0.0037981,0.0074223,0.039307,0.05012,0.017411,0.00992,0.0079725,0.0067858,0.0061813,0.0060303,0.0060197
0.012318,0.0066737,0.006224,0.0070089,0.0075114,0.009271,0.012576,0.019656,0.09883,0.025343,0.019465,0.0055436,0.0035485,0.00322,0.0012554,0.0023518,0.00054932,0.0051957,0.0025775,0.0027505,0.0035576,0.0041025,0.0033153,0.0032715,0.0043799,0.020566,0.0046394,0.0085272,0.0009591,0.0013949,0.00047171,0.00048396,0.00037963,0.00038528,0.0080244,0.0026978,0.0022491,0.0024433,0.0029298,0.0037657,0.004942,0.0074405,0.0297,0.018492,0.016183,0.0038981,0.0021925,0.0014927,0.00070407,0.00046302,0.00043298,0.039158,0.039622,0.042199,0.044244,0.049641,0.059458,0.0774,0.12335,0.478,0.13546,0.069585,0.042415,0.026459,0.017672,0.011844,0.0090151,0.0052911,0.0018635,0.0027944,0.0016932,0.0021478,0.0019766,0.0018005,0.0027223,0.0050585,0.017064,0.0066163,0.0039867,0.0013388,0.00074008,0.00087436,0.00039296,0.00039039,0.0011234,0.00032998,0.0034903,0.0031538,0.0036688,0.0042821,0.0048459,0.0063859,0.012775,0.041899,0.021066,0.0063532,0.005283,0.0041448,0.0035943,0.0031709,0.0031434,0.0027981,0.044497,0.0085638,0.010149,0.00971,0.011123,0.012523,0.015664,0.021672,0.091957,0.12988,0.049491,0.01782,0.0096077,0.0039428,0.0019138,0.004062,0.0021344,0.0035725,0.00071972,0.00024924,0.0010115,0.00091801,0.00043921,0.0010532,0.0015081,0.0098476,0.017465,0.0057936,0.0019455,0.0009881,0.0006403,0.00090726,0.00089427,0.00057794,0.0024243,0.00085311,0.00023202,0.00033552,0.00053054,0.00048873,0.00016982,0.0004366,0.0089802,0.014141,0.0023153,0.00097442,0.00058655,0.00030138,9.5583e-05,0.00012733,0.00025749,0.00064852,0.0069654,0.0074003,0.0088837,0.011682,0.016286,0.024414,0.048982,0.26948,0.24721,0.029626,0.025863,0.020921,0.019432,0.01689,0.01734,0.015679,1.1444e-05,0.0033394,0.0016864,0.0014886,0.00079516,0.0014491,0.0019502,0.0031603,0.009469,0.051391,0.0090098,0.004679,0.0027359,0.0018874,0.0020173,0.0013752,0.00054552,0.0023251,0.0020117,0.0022486,0.0026437,0.0025123,0.0042472,0.005317,0.010046,0.033977,0.057672,0.013776,0.0065252,0.0045805,0.0037382,0.0032292,0.0027724,0.0028325
0.0041142,0.0089526,0.0072631,0.0085524,0.0093444,0.011999,0.014714,0.021281,0.065605,0.039528,0.025016,0.011574,0.0078373,0.004305,0.0032573,0.0038422,0.005808,0.005436,0.00071235,0.0012483,0.0008335,0.0025001,0.0016216,0.0029633,0.0044253,0.012502,0.023585,0.0048374,0.001725,0.0011217,0.00059398,0.00068414,0.00075054,0.00050736,0.00084306,0.0028207,0.0025587,0.0026515,0.0031302,0.0044053,0.0051812,0.008204,0.017794,0.02444,0.011388,0.0045087,0.0025138,0.0016569,0.0011969,0.001026,0.0010872,0.030816,0.030234,0.032171,0.036413,0.041178,0.050785,0.069374,0.11716,0.36993,0.36068,0.11865,0.072435,0.054782,0.045265,0.040358,0.037328,0.037655,0.0029164,0.0010379,0.00020891,0.00054294,0.00045314,0.0011562,0.002277,0.003267,0.011847,0.017365,0.0025447,0.0023846,0.0019708,0.0013507,0.0010506,0.0016264,0.0018406,0.0057431,0.0047502,0.0049903,0.0056585,0.0062814,0.0069967,0.00987,0.014905,0.039284,0.059853,0.012661,0.005456,0.0035661,0.0020824,0.0014426,0.00067782,0.00057793,0.029589,0.0069651,0.0085921,0.0091951,0.0095342,0.013165,0.017281,0.023631,0.078987,0.020529,0.059774,0.028189,0.019913,0.014546,0.014229,0.011047,0.012991,0.0071679,0.0003927,0.0001877,0.00015808,0.0014269,0.0007773,0.0016567,0.0030968,0.010161,0.016816,0.0042779,0.0026937,0.0019103,0.0018643,0.0013663,0.0015531,0.0014573,0.00051881,0.0010316,0.0011418,0.00095337,0.0010181,0.0020175,0.0029895,0.0045748,0.0093612,0.05438,0.0053435,0.0014121,0.00071628,0.00054005,0.00054622,0.00050304,0.0002098,0.0073606,0.015145,0.016728,0.017887,0.020268,0.024307,0.033184,0.055047,0.20743,0.086569,0.045574,0.023666,0.01618,0.013862,0.010959,0.0093622,0.0091001,0.0014,0.0016951,0.0021596,0.0019117,0.0020089,0.0023637,0.0027761,0.0046431,0.011361,0.043907,0.01055,0.0045172,0.0026978,0.0022653,0.001354,0.00086035,0.0012436,0.0061112,0.00428,0.0046371,0.0051755,0.0055123,0.0064452,0.0085363,0.013323,0.035691,0.073136,0.011706,0.0058471,0.0037718,0.0027047,0.001623,0.0012504,0.001133
0.0018215,0.0030445,0.0042703,0.0039589,0.005166,0.0053117,0.0086839,0.013217,0.065424,0.051771,0.020333,0.012856,0.008927,0.0082534,0.0057365,0.0068739,0.0051518,0.027203,0.010231,0.0045551,0.0030196,0.0019172,0.0022438,0.0027692,0.0044853,0.015761,0.022182,0.004813,0.0011698,0.0005188,0.00025656,0.00030494,9.9515e-05,0.00030899,0.013434,0.0034547,0.0019312,0.0016075,0.0017558,0.0025603,0.0035804,0.0059916,0.018591,0.027442,0.007533,0.0043937,0.0033273,0.0028311,0.0026608,0.0024057,0.002142,0.048371,0.026026,0.026348,0.029003,0.034317,0.043084,0.060054,0.10094,0.29137,0.30148,0.1217,0.074163,0.05612,0.047403,0.041999,0.040062,0.039601,0.0045243,0.0045726,0.0019417,0.0017158,0.0016386,0.0017619,0.0018702,0.0035065,0.010754,0.010483,0.0032597,0.0019887,0.001357,0.0016463,0.0013155,0.0016432,0.00034714,0.00096703,0.004764,0.004922,0.0052928,0.0056396,0.0076952,0.0093916,0.013809,0.037568,0.0095467,0.012317,0.0059103,0.0036782,0.0022591,0.0011742,0.00058191,0.00042918,0.0094377,0.010959,0.0074623,0.0074827,0.0089574,0.0097084,0.013572,0.024029,0.073925,0.075832,0.06649,0.029525,0.021042,0.015604,0.013715,0.015526,0.013638,0.0039006,0.0058566,0.0029198,0.0017865,0.0020034,0.0014053,0.00086368,0.0013584,0.008887,0.0057376,0.0024193,0.001677,0.001652,0.0015331,0.0011481,0.001028,0.0010738,0.0019055,0.0017037,0.00065084,0.00075851,0.00099109,0.00063339,0.00059099,0.0020104,0.013009,0.022023,0.0096243,0.0020033,0.0011889,0.00064668,0.00056326,0.00061264,0.00055505,0.024498,0.016101,0.0139,0.016377,0.017473,0.020446,0.027167,0.041057,0.096765,0.28476,0.023519,0.014719,0.0095698,0.0065055,0.0038328,0.0020447,0.0031701,0.022971,0.010112,0.0044395,0.0027745,0.0028664,0.0023087,0.0037527,0.0044696,0.0095876,0.049959,0.011288,0.0056803,0.0042064,0.0033898,0.0020242,0.0026478,0.002142,0.0053655,0.0059344,0.0055622,0.006316,0.0070423,0.0068109,0.009425,0.01445,0.037028,0.035353,0.018761,0.0070863,0.0042119,0.002676,0.0016237,0.00092031,0.00038719
0.017031,0.0017896,0.0013859,0.0013868,0.0019401,0.0047604,0.0055971,0.010904,0.031521,0.020364,0.021337,0.01243,0.010253,0.008786,0.0072011,0.006456,0.0063497,0.06429,0.0028569,0.00035373,0.0011874,0.00054013,0.00085286,0.0020364,0.0033268,0.010917,0.010707,0.0056491,0.0037324,0.0027836,0.0023136,0.0020765,0.0020414,0.0021859,0.020315,0.0014522,0.00020474,0.00038885,0.00050037,0.001649,0.0026378,0.0041276,0.013024,0.0083967,0.0079197,0.0053443,0.0040967,0.0035221,0.0031507,0.0026812,0.0029431,0.03031,0.033489,0.033081,0.03624,0.039718,0.047268,0.062154,0.097121,0.26848,0.41114,0.10583,0.060593,0.044448,0.035599,0.030802,0.027892,0.028048,0.018606,0.00091283,0.00087748,0.0010988,0.0013206,0.0017264,0.0023379,0.0036248,0.0097772,0.018402,0.0041251,0.002329,0.0015632,0.0015821,0.0010916,0.00079057,0.001463,0.008341,0.0045171,0.0046215,0.0047314,0.0058826,0.0065907,0.0088241,0.012924,0.033457,0.070852,0.010586,0.0056593,0.0036365,0.0025618,0.0019539,0.0014139,0.0014401,0.011736,0.012627,0.0093733,0.010435,0.011385,0.014247,0.017549,0.024441,0.060879,0.027181,0.072589,0.029263,0.020592,0.018653,0.01344,0.012394,0.013521,0.025971,0.0006365,0.0011324,0.0012523,0.0017779,0.0017601,0.0032507,0.0039912,0.0093697,0.0098623,0.0057369,0.0023287,0.0014288,0.00066062,0.00047063,0.0002882,0.00037384,0.0015183,0.0021478,0.0012405,0.0010518,0.0017554,0.002277,0.0030917,0.0047194,0.01135,0.041085,0.0015313,0.0024434,0.0020909,0.0015206,0.0015025,0.0016347,0.0015412,0.013609,0.008672,0.0082278,0.0099979,0.010347,0.012179,0.015937,0.025252,0.085727,0.091778,0.011998,0.0072111,0.0047793,0.0022828,0.0018809,0.0011165,0.00027276,0.065747,0.00043946,0.0017065,0.0033346,0.0024717,0.0028944,0.0038227,0.005058,0.0096629,0.042317,0.0095354,0.0041658,0.0024872,0.001669,0.0018387,0.0016507,0.001442,0.0056477,0.0057613,0.0059213,0.0066131,0.006769,0.0084186,0.010322,0.014842,0.034353,0.076552,0.017214,0.0074828,0.0046153,0.0027529,0.0018732,0.0014255,0.00096703
0.020871,0.00074371,0.00031246,0.00085072,0.0011279,0.0015887,0.0029228,0.005871,0.015204,0.05736,0.0081037,0.0032081,0.0033643,0.0034467,0.00092223,0.0020548,0.0018006,0.044356,0.0036455,0.0013877,0.00071643,0.00051406,0.00022867,0.00053898,0.0019663,0.0069279,0.017088,0.0041046,0.0029412,0.0022371,0.0020523,0.0019043,0.0019028,0.0019589,0.011757,0.0011846,0.0011665,0.0014574,0.0019628,0.0020776,0.0033864,0.0055885,0.014097,0.030344,0.0093074,0.0048433,0.0035397,0.0028529,0.0024399,0.0024894,0.0022278,0.072961,0.028352,0.030318,0.032333,0.036198,0.042481,0.054811,0.082996,0.20558,0.2156,0.063779,0.034022,0.02091,0.013377,0.0091072,0.0069209,0.005272,0.0037613,0.0027713,0.002452,0.0024411,0.0021691,0.0025795,0.002959,0.0045732,0.010766,0.0099458,0.00597,0.002795,0.0018016,0.001362,0.00072295,0.0018514,0.00051119,0.0010948,0.0011357,0.0017455,0.0023164,0.0022501,0.0038659,0.0055164,0.0090472,0.028883,0.055887,0.014929,0.0095136,0.0071946,0.0061085,0.0058025,0.0052113,0.0053139,0.013773,0.0065322,0.0061743,0.0061086,0.0067883,0.0075939,0.010577,0.01151,0.049283,0.10146,0.059193,0.021156,0.013469,0.011704,0.0081885,0.010192,0.0076886,0.008772,0.0029417,0.0013762,0.001247,0.0009213,0.0017707,0.0014911,0.0021774,0.0062381,0.022286,0.0017761,0.00050505,0.00083732,0.00048205,0.00037616,9.8907e-05,0.00030709,0.0052148,0.0017528,0.0018628,0.0019555,0.0025718,0.0031075,0.0039884,0.005938,0.013139,0.035387,0.010166,0.0041122,0.0027978,0.0022944,0.0020111,0.001712,0.0017166,0.044862,0.017902,0.017104,0.018494,0.020761,0.024485,0.029417,0.044636,0.096613,0.18119,0.049569,0.022734,0.013312,0.0081357,0.0033769,0.0047199,0.00070191,0.047724,0.0039639,0.0029057,0.002442,0.002525,0.0028791,0.0036022,0.0053241,0.011417,0.035574,0.0079275,0.0036896,0.0027286,0.0019957,0.0012981,0.0015073,0.0015393,0.00084305,0.00225,0.0023254,0.0026607,0.0036136,0.0044323,0.0067007,0.010516,0.030368,0.074007,0.021503,0.012204,0.0092687,0.0078548,0.0068564,0.0066306,0.0063821
0.016434,0.00134,0.00093329,0.0011667,0.00071881,0.00095574,0.00095226,0.0038048,0.022401,0.049312,0.015781,0.0024913,0.0012576,0.0021717,0.00077683,0.0013053,0.00046159,0.026293,0.0018701,0.0014487,0.0011788,0.00074264,0.0013166,0.0019446,0.0018713,0.0070077,0.012792,0.0069576,0.0016575,0.00089179,0.00050202,0.00024914,0.00026154,6.2946e-05,0.010609,0.00092444,0.00048068,0.00058708,0.00050426,0.00052629,0.00085797,0.0011095,0.0054822,0.042067,0.012089,0.0028823,0.0015167,0.0012129,0.00063736,0.00036355,0.00040436,0.0059663,0.010935,0.028258,0.036311,0.0067666,0.054898,0.043251,0.061805,0.32426,0.13286,0.10705,0.056014,0.025837,0.040793,0.023984,0.023231,0.029656,0.00074769,0.00043105,0.001385,0.0014777,0.00020021,0.0023308,0.002024,0.0022929,0.013972,0.0026542,0.0043374,0.0030778,0.00079025,0.002046,0.00048365,0.00052531,0.002327,0.00079729,0.0019867,0.0017027,0.0026438,0.0019285,0.0031279,0.0040183,0.0037347,0.026258,0.01383,0.01054,0.0031066,0.0030923,0.0031042,0.0013113,0.0026088,0.00091554,0.0044099,0.0049498,0.0054113,0.006166,0.0071429,0.0081667,0.0068541,0.0049423,0.0074214,0.061426,0.073702,0.030043,0.021347,0.015075,0.0098949,0.0037205,9.5367e-05,0.0011864,0.00067578,0.00045967,0.00099663,0.0011037,0.0013806,0.0015069,0.0020626,0.00095865,0.016039,0.0066763,0.0019966,0.0010329,0.00039322,0.00036739,0.00012753,6.1035e-05,0.004593,0.0019495,0.0017901,0.0012339,0.00093971,0.0019316,0.0036252,0.0049494,0.0080353,0.014871,0.017914,0.0038526,0.0013974,0.00091785,0.00075977,0.0006556,0.00074388,0.011236,0.013999,0.029762,0.035664,0.0089627,0.053136,0.036013,0.064536,0.20693,0.11289,0.11652,0.048096,0.015453,0.033413,0.016463,0.0118,0.024496,0.021862,0.0036212,0.0034781,0.0055931,0.0005265,0.0076307,0.0054301,0.0087426,0.027988,0.028812,0.018942,0.0082015,0.002562,0.0053508,0.0017735,0.0022456,0.0044938,8.2001e-05,0.0028328,0.0015978,0.0036145,0.002931,0.0047995,0.0066736,0.0063714,0.029581,0.038505,0.025142,0.0070265,0.0080313,0.0067758,0.0034052,0.0065555,0.0019245
0.009123,0.0024106,0.0018469,0.0014661,0.0016669,0.0019555,0.0030345,0.0054641,0.019731,0.06419,0.014905,0.0031473,0.002202,0.0034664,0.00077919,0.0017441,0.00048638,0.019568,0.0013877,0.0011129,0.00091963,0.0014821,0.0011324,0.00090916,0.0017381,0.0042501,0.023007,0.0079346,0.0021774,0.0010025,0.00076512,0.00030513,0.00013892,1.3366e-05,0.0061399,0.00062592,0.00066861,0.00073818,0.00053038,0.0008086,0.00097509,0.00099578,0.0030201,0.022565,0.01721,0.006041,0.0037936,0.0028381,0.0026122,0.0022915,0.0022602,0.047646,0.029161,0.029611,0.033843,0.03816,0.045711,0.05919,0.096529,0.23232,0.50512,0.12379,0.069531,0.050921,0.041006,0.035806,0.034138,0.033463,0.003996,0.00054572,0.00077556,0.0011359,0.00078752,0.0010899,0.0019398,0.0026292,0.0079543,0.013473,0.0046355,0.0027737,0.0021328,0.001913,0.001618,0.0018426,0.0013562,0.0035706,0.003377,0.0036244,0.003876,0.0043726,0.0050453,0.0059844,0.0078788,0.020865,0.033105,0.010617,0.0047261,0.0028015,0.0017006,0.00093559,0.00050101,0.00012589,0.022982,0.006955,0.007149,0.0076378,0.0086499,0.0090731,0.012441,0.017935,0.029216,0.067056,0.063579,0.019594,0.01093,0.0098586,0.0072327,0.0053407,0.0059224,0.0058385,0.0010374,0.0010124,0.0013372,0.001765,0.0014589,0.0017163,0.0023335,0.0056985,0.01303,0.0064942,0.0027944,0.0012531,0.00065402,0.00059229,0.00053122,0.00051308,0.0016346,0.0020994,0.002061,0.0021541,0.0022986,0.002724,0.0036409,0.005261,0.010058,0.045398,0.018482,0.0049981,0.0028714,0.0019631,0.0014918,0.0014116,0.0013409,0.028651,0.007172,0.0085164,0.0091272,0.0097352,0.012597,0.016778,0.030989,0.064664,0.20502,0.033995,0.019262,0.014493,0.012116,0.01107,0.0079759,0.0083906,0.016609,0.0016782,0.0011515,0.00059398,0.00084793,0.0012427,0.001461,0.0021415,0.0052359,0.052399,0.0037596,0.0014198,0.0012092,0.000909,0.00084129,0.0014356,0.00092698,0.00061417,0.0022613,0.0023691,0.0026463,0.0025487,0.0029921,0.0037358,0.0048813,0.014919,0.0498,0.009654,0.0034444,0.0017265,0.0012303,0.00072539,0.00066871,0.0003853
0.0091936,0.0038224,0.0023728,0.003741,0.0032259,0.0040021,0.0054553,0.0075385,0.0030865,0.021209,0.013548,0.0063934,0.0045398,0.0039983,0.0028628,0.0033645,0.0021363,0.013975,0.00057484,0.00065095,0.00017474,0.00043006,0.00012881,0.00049534,0.00099183,0.00083741,0.019899,0.0055593,0.0017689,0.00090201,0.00091155,0.00075646,0.00081144,0.00041007,0.0048505,0.00067178,0.00037961,0.00058819,0.00069868,0.0010818,0.0010003,0.0020533,0.0065185,0.024086,0.0095202,0.0045929,0.0033051,0.0024915,0.0021268,0.0022596,0.0021954,0.020956,0.033825,0.035069,0.036635,0.041575,0.048699,0.061548,0.086319,0.22005,0.48364,0.08804,0.044623,0.029141,0.019141,0.01223,0.010077,0.008444,0.0034409,0.0013446,0.00072443,0.00027591,0.00098984,0.0013245,0.0016513,0.0020503,0.0054716,0.023909,0.003039,0.0012908,0.0011327,0.00098997,0.00062794,0.00049851,0.00073627,0.0014,0.0015186,0.0013726,0.0015836,0.0017057,0.0023267,0.0028837,0.0076044,0.014145,0.068811,0.008006,0.0041865,0.0032417,0.0027795,0.0021192,0.0023294,0.0022126,0.016583,0.0067565,0.0073863,0.0074965,0.0090016,0.0092564,0.01237,0.013375,0.017744,0.028443,0.075978,0.01843,0.011058,0.0074915,0.0073009,0.0052668,0.00383,0.0064507,0.0017252,0.00082924,0.00014619,0.00099919,0.00071174,0.00057968,0.00074973,0.0018755,0.014825,0.0029562,0.0009519,0.00081861,0.00064183,0.00068888,0.000429,0.00045016,0.0031834,0.00077864,0.00025676,0.00038288,0.00029834,0.00040983,0.00058234,0.00097988,0.0011715,0.042699,0.013304,0.0022059,0.0010746,0.00080832,0.00053584,0.00053512,0.00067712,0.017376,0.00044414,0.0013727,0.002504,0.0038915,0.0060651,0.0088076,0.014061,0.048574,0.11365,0.04848,0.020768,0.015306,0.013807,0.010919,0.010308,0.011166,0.013281,0.0010214,0.00038854,0.00083271,0.00089355,0.00076666,0.0011374,0.001096,0.0067256,0.044594,0.0034581,0.00065862,0.00042231,0.00067826,0.00095858,0.00059173,0.00024988,0.0024891,0.00014036,0.00021664,0.0002631,0.0005478,0.0011319,0.0014983,0.0043686,0.0067608,0.082088,0.0083662,0.0029094,0.0021119,0.0017732,0.0017421,0.0015348,0.0016461
0.0095293,0.0032108,0.0032678,0.0026867,0.0028945,0.0034726,0.0044092,0.0067773,0.0076384,0.02097,0.015388,0.0066547,0.0045621,0.0023587,0.0043674,0.0027719,0.0024643,0.002697,0.0036057,0.0012799,0.001304,0.0015038,0.00089639,0.0014683,0.0019997,0.0026917,0.002797,0.0027692,0.0017267,0.0015014,0.0011874,0.00094937,0.00076749,0.00077058,0.0054017,0.0017094,0.0010602,0.0011974,0.0016085,0.0018283,0.0024229,0.0033434,0.00821,0.012217,0.011642,0.0049241,0.0037797,0.0030783,0.0026169,0.002331,0.0024033,0.0054322,0.0020241,0.0033924,0.0063965,0.010302,0.015302,0.025557,0.043099,0.10699,0.27189,0.079808,0.051311,0.039159,0.033253,0.029978,0.028987,0.028176,0.013132,0.0021772,0.0015021,0.0010816,0.0010725,0.0014278,0.0017885,0.002784,0.0065337,0.015626,0.0065824,0.0029248,0.0020284,0.0014537,0.0014801,0.0012812,0.0010128,0.0017834,0.0012766,0.0016668,0.0016478,0.0016933,0.0020814,0.0025973,0.0055242,0.0085022,0.046378,0.0028741,0.0019822,0.0011886,0.00069514,0.00043454,0.00017201,1.9185e-06,0.026415,0.0035427,0.00233,0.002907,0.0034548,0.004115,0.0059394,0.010166,0.0097996,0.067634,0.082823,0.026509,0.01578,0.014972,0.01143,0.01048,0.0090238,0.01639,0.0028358,0.00083048,0.0010751,0.00062607,0.00072638,0.0005008,0.00055786,0.00030388,0.016425,0.006289,0.0013452,0.00061022,0.00053112,0.00041034,0.00014478,0.00054742,0.0041981,0.00076429,0.00015582,0.00017333,0.00045498,0.00027341,0.0002474,0.0015994,0.0033683,0.026043,0.011705,0.0030658,0.0018871,0.001482,0.0010757,0.0010444,0.00096321,0.018919,0.0063825,0.0050779,0.0064536,0.0064384,0.0076717,0.0094022,0.011082,0.03454,0.22562,0.025594,0.0092165,0.005272,0.0035642,0.00213,0.0020388,0.0021496,0.0020638,0.0028123,0.0013166,0.00060086,0.00064308,0.00071749,0.00090928,0.00038072,0.0028198,0.047686,0.0035078,0.0011482,0.00079437,0.00081953,0.00076812,0.0002545,0.00029375,0.0029088,0.0019845,0.001405,0.0014634,0.0020111,0.0022061,0.0025249,0.004911,0.0074661,0.06377,0.010769,0.0028528,0.0016855,0.00099964,0.00064029,0.00033919,0.00028038
0.0065728,0.0032753,0.0012542,0.0017636,0.0005657,0.0022397,0.0019043,0.00445,0.020727,0.029105,0.026985,0.0082901,0.0051841,0.0058862,0.0047748,0.004309,0.0037385,0.021902,0.0078854,0.0047106,0.0015364,0.00020994,0.0011686,0.0010924,0.0018404,0.005641,0.0040752,0.01186,0.0043045,0.003039,0.0031636,0.0021794,0.0020661,0.0020542,0.003809,0.0027452,0.0017244,0.0012231,0.0013693,0.0017483,0.0019116,0.0018421,0.0041165,0.031748,0.019514,0.0048262,0.003087,0.0022017,0.0021699,0.0019326,0.0016995,0.0071737,0.028392,0.029816,0.030203,0.033762,0.040097,0.050651,0.074004,0.17276,0.34276,0.065164,0.033256,0.021074,0.013019,0.0087366,0.0041287,0.0021878,0.023449,0.002981,0.0014761,0.0015949,0.0018061,0.0019997,0.0024479,0.0034639,0.0069779,0.01117,0.0054534,0.0020617,0.0012665,0.00051891,0.0010039,0.00066787,0.00064471,0.0011597,0.0007414,0.00052785,0.00055199,0.00043928,0.00085557,0.0014852,0.003603,0.0065456,0.010547,0.0060678,0.0034068,0.0025667,0.0020757,0.0020582,0.0015346,0.0015183,0.052932,0.01008,0.0058697,0.0030403,0.0024072,0.0013979,0.002519,0.0015486,0.021344,0.06223,0.069366,0.01104,0.0066435,0.0061768,0.0043507,0.0039343,0.0040989,0.030409,0.004224,0.0020778,0.0017323,0.0017115,0.00065184,0.001534,0.0015458,0.0044812,0.013447,0.0085547,0.0013828,0.0010993,0.0010848,0.00065189,0.00038509,0.00045588,0.003027,0.0029844,0.0025785,0.0027978,0.003085,0.0031435,0.003957,0.0057918,0.013994,0.016716,0.024342,0.0057631,0.0028177,0.0019016,0.001319,0.0010177,0.00087932,0.017214,0.0035509,0.002246,0.0034793,0.0055851,0.0077841,0.012564,0.022056,0.057418,0.24267,0.060529,0.029834,0.023109,0.018194,0.018082,0.013285,0.015898,0.0269,0.0097327,0.0034033,0.002347,0.0016291,0.0012752,0.0011282,0.0014783,0.0070776,0.046703,0.0074174,0.004474,0.0035049,0.0028347,0.0024031,0.0030561,0.0033207,0.0039959,0.001792,0.0014963,0.0014827,0.0017787,0.0012917,0.001853,0.0029391,0.0060223,0.046813,0.0068622,0.0021756,0.0013239,0.00068485,0.00060521,0.00018026,0.0001049
0.021902,0.0035745,0.0011612,0.0014731,0.0024518,0.0024454,0.0037934,0.0049248,0.0087919,0.033395,0.024213,0.0081288,0.0054932,0.0036656,0.0023404,0.0028059,0.00090219,0.060361,0.0035838,0.00085825,0.00080868,0.00041858,0.0016923,0.0013545,0.0020689,0.0046003,0.0040561,0.013949,0.0041137,0.0029172,0.0016979,0.0020082,0.0017843,0.0016861,0.015574,0.0024844,0.0013367,0.0010209,0.0015294,0.0012243,0.0014582,0.0027627,0.0035969,0.028779,0.019577,0.0050396,0.003107,0.0025892,0.0021545,0.0018075,0.0017338,0.074502,0.0067606,0.011794,0.013414,0.016951,0.023676,0.033817,0.057658,0.15134,0.49036,0.10576,0.061729,0.04509,0.038435,0.034556,0.031252,0.030858,0.029191,0.0013423,0.00038257,0.00079283,0.000856,0.0010482,0.0011144,0.002454,0.0059716,0.01303,0.0035184,0.0027932,0.0017839,0.0016986,0.0018605,0.0010552,0.0007248,0.0052949,0.0010974,0.0015064,0.0014483,0.0019221,0.0019259,0.0028334,0.0040659,0.0081786,0.020931,0.011314,0.0040829,0.0028597,0.0021779,0.0020031,0.0016022,0.0014954,0.097074,0.0022058,0.002748,0.0017446,0.0023581,0.0022596,0.0038523,0.0086226,0.011872,0.070346,0.065223,0.0074733,0.0046575,0.0020921,0.0026309,0.0011392,0.00032045,0.044306,0.0023662,0.0013511,0.0012403,0.00092943,0.0015876,0.0019486,0.0031195,0.0056798,0.010193,0.0074346,0.0020828,0.001713,0.00099884,0.0010092,0.0005441,0.0005169,0.0082647,0.00087623,0.0013493,0.001483,0.0019624,0.0021348,0.0032006,0.0044694,0.010943,0.021314,0.028788,0.0077548,0.0053475,0.004164,0.003649,0.0035275,0.0031186,0.005911,0.008163,0.0066116,0.0070954,0.0082333,0.0096816,0.013179,0.017286,0.049818,0.20757,0.023038,0.0071413,0.0044205,0.0023825,0.0027619,9.0614e-05,2.4781e-05,0.067193,0.0040475,0.000535,0.00047754,0.00097373,0.00080185,0.00098891,0.0018135,0.0053944,0.050465,0.0016549,0.0016259,0.0016113,0.0013993,0.0013292,0.0010428,0.00093845,0.0051518,0.00095068,0.00058319,0.00085683,0.00032172,0.0011698,0.001255,0.0014916,0.002384,0.045882,0.0065554,0.0019883,0.0015384,0.0011838,0.00076284,0.00084324,0.00090601
0.010618,0.0034545,0.0034719,0.003433,0.0040714,0.003987,0.0048615,0.0084724,0.0046068,0.020069,0.012789,0.0048775,0.002977,0.0017686,0.0014292,0.00047982,0.0004368,0.038724,0.0031402,0.0015505,0.00134,0.00084355,0.0015485,0.0016414,0.0016614,0.0020341,0.018374,8.955e-05,0.0011201,0.00061586,0.00028259,0.00047577,0.00029957,0.00018311,0.01198,0.0022454,0.0021554,0.0021602,0.0023369,0.0024236,0.0027681,0.004102,0.0072373,0.023065,0.0079617,0.0038503,0.0022232,0.0015904,0.00082224,0.00062419,0.00061607,0.054683,0.014778,0.014857,0.015598,0.016926,0.019691,0.025358,0.037235,0.058525,0.48232,0.042131,0.0198,0.012105,0.0074403,0.0044946,0.0032144,0.0026608,0.022818,0.00045427,0.00085547,0.00097586,0.00052284,0.00063398,0.00089235,0.001485,0.0023283,0.022744,0.0026411,0.00020231,0.00024439,0.00038631,0.00070331,0.00044227,0.00026894,0.0026684,5.6865e-05,0.00023513,0.00041289,0.00016433,0.00027927,0.00061712,0.00031708,0.0040561,0.051225,0.0037348,0.0013021,0.00098833,0.0010652,0.0003923,0.00081742,0.00079537,0.069135,0.0046411,0.0040098,0.0041453,0.0047052,0.00424,0.0060335,0.0089372,0.022461,0.077517,0.084589,0.011502,0.0052806,0.0047659,0.0016749,0.0011627,0.0001297,0.034245,0.0012811,0.00073392,0.00040252,0.00036952,0.00062126,0.00067965,0.0011916,0.0010791,0.020714,0.0063603,0.0018272,0.00077729,0.00046512,0.00063682,0.00037028,0.0008316,0.0058499,0.00033447,0.00048003,0.00045165,0.00011979,0.00070379,0.00014629,0.0014148,0.0023923,0.039612,0.015136,0.0010127,0.00054867,0.00044858,0.00014122,0.00022195,0.00010109,0.012556,0.0069555,0.0055036,0.005231,0.0079347,0.012786,0.016371,0.016117,0.033926,0.10132,0.029686,0.0241,0.016621,0.011217,0.0066779,0.0074979,0.0075208,0.041575,0.0024285,0.0011982,0.001909,0.0041311,0.0055996,0.0076696,0.0085254,0.006742,0.043351,0.013762,0.0079492,0.0050968,0.0028568,0.0016096,0.0018042,0.0018215,0.010416,0.0051603,0.0029433,0.00079234,0.004261,0.0076505,0.010784,0.011154,0.013455,0.063002,0.023506,0.012212,0.0084387,0.0049445,0.003524,0.003629,0.0039311
0.0098363,0.0043336,0.0031681,0.0028925,0.0024549,0.0044246,0.0049269,0.0058774,0.011124,0.04547,0.0236,0.006087,0.0034029,0.0018922,0.001202,0.00083583,0.00097467,0.03813,0.0064991,0.0030991,0.0024797,0.0034653,0.0027512,0.0031573,0.0044435,0.0079151,0.0083778,0.014059,0.003592,0.002186,0.0013363,0.00096151,0.00074115,0.00066569,0.0090581,0.0029466,0.0022624,0.0020587,0.0026694,0.0031892,0.004022,0.0054614,0.0082232,0.012061,0.020686,0.0050237,0.0026388,0.0015244,0.00078422,0.00030069,1.7177e-05,0.013006,0.030217,0.026715,0.026164,0.041569,0.024316,0.076178,0.025458,0.25407,0.22561,0.20851,0.04413,0.077729,0.038976,0.052555,0.038282,0.044169,0.024079,0.0013571,0.002776,0.00087414,0.0025031,0.00052486,0.0042535,0.00064435,0.013713,0.0080251,0.0092912,0.0011267,0.0041803,0.0013091,0.0031215,0.0015027,0.0025063,0.0028019,0.006566,0.0032135,0.0071572,0.0064507,0.0069284,0.01197,0.0053681,0.042423,0.030922,0.031561,0.0066889,0.0090595,0.0066838,0.003428,0.0070786,0.00012015,0.075866,0.0079383,0.0060173,0.0065235,0.0062469,0.0072156,0.0079082,0.012491,0.039693,0.037136,0.064257,0.028159,0.0065194,0.010518,0.0048078,0.0072137,0.0047894,0.033774,0.0036718,0.00095848,0.00094132,0.00081968,0.00038674,0.0014528,0.0016667,0.0041423,0.014069,0.0040631,0.0011685,0.00093354,0.00032316,0.00065468,0.00036045,9.5144e-06,0.0089399,0.0025431,0.0011826,0.0025066,0.0016223,0.0036265,0.0029979,0.0063351,0.0093161,0.039015,0.020193,0.0060122,0.0033305,0.0019891,0.0023911,0.0013059,0.0020924,0.013397,0.0035661,0.006176,0.0054467,0.0060691,0.0075354,0.0092242,0.008552,0.032707,0.13617,0.025111,0.0090137,0.0065052,0.0051544,0.0049581,0.0029819,0.0038682,0.04151,0.0057285,0.0028852,0.0018694,0.0016014,0.0011849,0.0017796,0.0025573,0.0053135,0.043698,0.001288,0.0017853,0.0017355,0.0011594,0.0011254,0.00042501,0.00049784,0.0076257,0.0017011,0.0010488,0.001049,0.0019787,0.0026722,0.0033179,0.0050337,0.016426,0.074858,0.0088558,0.0058691,0.0046715,0.0037882,0.0035482,0.0031498,0.0030671
0.024027,0.0030848,0.0027094,0.0016782,0.0021888,0.0013699,0.0017741,0.0027633,0.016172,0.062288,0.0026558,0.001696,0.00087771,0.0013355,0.0017777,0.00051638,0.0008068,0.072724,0.0042586,0.001693,0.00082327,0.0002002,0.00068623,0.00022353,0.0014485,0.0063504,0.02386,0.007919,0.0025645,0.0020136,0.0020545,0.0016935,0.0015364,0.001564,0.027375,0.0017883,0.00084832,0.0012024,0.00084844,0.0015701,0.0017053,0.0019356,0.0039362,0.026146,0.0049102,0.0022941,0.0012933,0.00071392,0.00079627,0.00047549,0.00034332,0.050042,0.031037,0.030366,0.031976,0.035566,0.041881,0.053372,0.079256,0.18827,0.41517,0.092652,0.049028,0.033265,0.024,0.019949,0.019564,0.017895,0.034934,0.000641,0.00046714,0.00054132,0.0003066,0.0011342,0.0016007,0.0028144,0.006793,0.01692,0.0062629,0.0032919,0.0022666,0.0021297,0.0019285,0.0018652,0.0014935,0.015585,0.0050114,0.0052285,0.005569,0.0065,0.0075885,0.0090203,0.01378,0.030287,0.059869,0.01724,0.0074369,0.0045516,0.0030837,0.0021693,0.0018515,0.0015316,0.11112,0.004232,0.0027487,0.0016525,0.0020386,0.0030762,0.0047528,0.014671,0.034527,0.10485,0.068033,0.0060782,0.0025549,0.0036965,0.00076469,0.00083619,0.0023594,0.051472,0.0027347,0.0014329,0.00096916,0.001053,0.0010149,0.001434,0.001975,0.0088687,0.018325,0.0038107,0.00078186,0.00074104,0.00053627,0.00053123,0.00042402,0.00034334,0.016709,0.0029343,0.0031861,0.0035131,0.0037042,0.00448,0.0057683,0.0068979,0.025072,0.034111,0.02083,0.0062073,0.003303,0.0022851,0.0015821,0.0011502,0.00098039,0.0041524,0.003438,0.003944,0.0040011,0.0048256,0.00616,0.0084169,0.015723,0.047684,0.090032,0.027445,0.013717,0.010713,0.007863,0.0083577,0.0072032,0.0062314,0.082549,0.0048587,0.0019231,0.0020793,0.0018147,0.0023892,0.0030616,0.0051562,0.012221,0.033741,0.0032711,0.0045046,0.003532,0.0030212,0.0027712,0.0023051,0.0025616,0.0076867,0.0044078,0.0043068,0.0047734,0.0049068,0.0058992,0.0078262,0.011618,0.02856,0.075261,0.010118,0.0079825,0.0052907,0.004292,0.0035646,0.0033083,0.0031968
0.018046,0.0050807,0.0041271,0.0050417,0.0054413,0.0061074,0.0069472,0.0090741,0.030505,0.037268,0.020237,0.0067076,0.004099,0.0017707,0.0020717,0.00063498,0.0013294,0.058455,0.005267,0.0029941,0.0024428,0.0020681,0.0021933,0.0027001,0.0032718,0.0084417,0.016315,0.0084787,0.0022377,0.0013572,0.00090542,0.00067271,0.00031001,0.00026511,0.020775,0.002883,0.0021123,0.0021378,0.002031,0.0023767,0.0029034,0.0047012,0.0080265,0.028585,0.011504,0.0044467,0.0027367,0.0019571,0.0016177,0.0016582,0.0015679,0.091899,0.030183,0.030466,0.032398,0.035957,0.042579,0.054788,0.081817,0.20246,0.363,0.081794,0.044625,0.030436,0.022518,0.017719,0.015684,0.014662,0.029854,0.0013995,0.0012973,0.0012603,0.0015138,0.0014984,0.0019517,0.0026659,0.0073036,0.021011,0.0026263,0.0013896,0.00096069,0.00063152,0.00057979,0.00037118,0.00047303,0.0068284,0.0014538,0.0010303,0.0012159,0.0017582,0.0025363,0.0039534,0.0058319,0.017725,0.072622,0.0094349,0.0061853,0.0047689,0.0041355,0.0037471,0.0034391,0.003315,0.09214,0.0053695,0.0021063,0.00089873,0.0012833,0.0020228,0.0020114,0.0081226,0.0098266,0.070838,0.071522,0.017023,0.010141,0.0088498,0.0064941,0.0069618,0.0065633,0.044415,0.0020645,0.0013129,0.00041981,0.00016157,0.0012195,0.00029169,0.001207,0.0033638,0.0097181,0.0079964,0.0024784,0.0019802,0.001593,0.0014598,0.0012741,0.001133,0.0081312,0.0015037,0.0016481,0.0018178,0.0021143,0.0024557,0.0032886,0.0043204,0.011929,0.012287,0.021381,0.006813,0.0045391,0.0035069,0.0030247,0.0029301,0.0027791,0.0026818,0.0053284,0.0054458,0.0053563,0.0061436,0.0077787,0.011353,0.017665,0.0633,0.18872,0.019998,0.01552,0.011641,0.0099462,0.011237,0.0073018,0.0069238,0.067235,0.0056818,0.0027394,0.001442,0.0016882,0.0011391,0.0010572,0.00089438,0.0023101,0.045803,0.0060154,0.0016003,0.0013162,0.00071685,0.0012124,0.00099384,0.0013313,0.0070535,0.0011672,0.0012972,0.0014422,0.0013254,0.0018105,0.0026493,0.0045687,0.014747,0.086575,0.0014209,0.0034705,0.0025223,0.0022105,0.0018461,0.0018721,0.0017662
0.0056287,0.0020113,0.0021108,0.0014876,0.0014086,0.0016243,0.0017243,0.0024155,0.0012073,0.048515,0.0026454,0.002279,0.0014813,0.0012662,0.0026934,0.0010441,0.0005665,0.027996,0.0059,0.0032847,0.0021997,0.0017687,0.0014109,0.0015886,0.0019218,0.0033544,0.012305,0.0034664,0.00091799,0.00068628,0.00030949,0.00047835,0.00035975,0.00030516,0.0072023,0.0015516,0.00096041,0.00043267,0.00044319,0.00015422,0.00028655,0.00061349,0.00221,0.04239,0.0034555,0.0010506,0.00066737,0.0006269,0.00032855,0.00047444,0.00041581,0.027653,0.0094953,0.008814,0.011572,0.015879,0.022491,0.03323,0.059061,0.15969,0.32968,0.10518,0.065468,0.049613,0.041597,0.03741,0.035189,0.035008,0.022002,0.002379,0.00059721,0.00021297,0.00028219,0.00065156,0.00099214,0.0025735,0.0062919,0.012004,0.0064869,0.0034863,0.002453,0.0024203,0.0013416,0.001774,0.0019131,0.0015145,0.0024281,0.0024168,0.0026847,0.0029325,0.0036193,0.0048677,0.006236,0.014816,0.015669,0.0068009,0.0038002,0.0025695,0.0019055,0.0010501,0.0014065,0.001339,0.062282,0.008075,0.006031,0.0065865,0.0073794,0.0084207,0.0097167,0.012062,0.019881,0.045658,0.082548,0.017357,0.009157,0.0071202,0.0060151,0.0052258,0.0047437,0.030251,0.0029213,0.0014289,0.00060136,0.00047331,0.00089708,0.00058798,0.0010199,0.0012244,0.01198,0.0067863,0.0018417,0.0016352,0.00095962,0.00095379,0.0012232,0.00093462,0.0072461,0.00039795,0.00048968,0.0002855,0.00044636,0.00010273,0.00041264,0.00073428,0.0023074,0.022254,0.015373,0.0017626,0.0008486,0.00051489,0.0004189,0.00030925,0.00032998,0.0048295,0.004486,0.004379,0.0059334,0.0062585,0.0069186,0.0092096,0.013056,0.017401,0.24477,0.010098,0.0062058,0.0043739,0.0029964,0.00088937,0.001777,8.7745e-05,0.030732,0.0063069,0.0025877,0.0023654,0.0014128,0.0014307,0.001074,0.0010953,0.0041899,0.047494,0.003252,0.0015741,0.00088454,0.00065001,0.0004334,0.00043999,0.00054931,0.0076867,0.0016859,0.0018135,0.0021038,0.0023256,0.0024568,0.0032042,0.0045392,0.0090173,0.050476,0.0066425,0.0028352,0.0016103,0.0011268,0.00062967,0.00046005,0.00039294
0.0017491,0.0049039,0.0040695,0.0044732,0.0050241,0.0055022,0.0072366,0.0088217,0.019378,0.036825,0.021079,0.0074117,0.0043022,0.0035157,0.0015212,0.0014361,0.0001507,0.0057145,0.0021085,0.0013485,0.0008411,0.0009739,0.0013788,0.0012472,0.0018671,0.0029251,0.022006,0.008856,0.0019742,0.00092389,0.00075972,0.00048162,0.00062764,0.00024796,0.0018025,0.0027575,0.0026525,0.0027467,0.0027597,0.0032114,0.0040035,0.0062421,0.011894,0.015065,0.01707,0.0049583,0.0028199,0.0018917,0.0013594,0.0010776,0.00098611,0.028666,0.033102,0.034487,0.035472,0.040079,0.046995,0.059579,0.086345,0.18222,0.49457,0.093213,0.047288,0.030375,0.021241,0.01613,0.013231,0.012957,0.013268,0.0014185,0.0010562,0.00099067,0.0013853,0.001577,0.0020152,0.0028776,0.0057583,0.015761,0.0039721,0.0013734,0.00086944,0.00085009,0.0009757,0.00062736,0.00016404,0.0035592,0.001729,0.0019059,0.0019619,0.0021043,0.0027249,0.0031993,0.0056819,0.011386,0.029092,0.0050369,0.0027165,0.0018082,0.0013734,0.001112,0.00075062,0.00086977,0.033331,0.0040412,0.0034131,0.004401,0.0045214,0.00548,0.0080477,0.010796,0.0155,0.060731,0.08264,0.017482,0.012007,0.0090078,0.0072709,0.0059742,0.0056935,0.01805,0.0016856,0.0008917,0.0010021,0.0011028,0.00049612,0.0013018,0.0022601,0.0028948,0.022408,0.0049906,0.001644,0.0015615,0.0011521,0.00089572,0.00032444,0.00017358,0.0047398,0.0010582,0.00053512,0.00063689,0.00057959,0.0011706,0.0013025,0.0021484,0.0060393,0.048468,0.01658,0.0019747,0.00079691,0.00060209,0.00042507,0.00041306,0.00057031,0.0011979,0.011786,0.0066576,0.016758,0.019665,0.0093912,0.018678,0.053401,0.095474,0.14347,0.068086,0.045661,0.019866,0.012913,0.021057,0.017394,0.0099222,0.014084,0.0031552,0.0019904,0.0060417,0.0072048,0.0036216,0.0053114,0.015562,0.02537,0.033662,0.016438,0.014513,0.0053418,0.0026684,0.0061728,0.0046163,0.00077438,0.0012036,0.0039106,0.0016708,0.0053613,0.0068873,0.0029821,0.0053356,0.015297,0.025686,0.033289,0.018433,0.015581,0.006653,0.0034079,0.0062283,0.0052953,0.0028248
0.0023728,0.0037969,0.0038562,0.0041064,0.0047095,0.0057606,0.0069296,0.012252,0.034852,0.032297,0.017106,0.0093456,0.0067682,0.0056943,0.0036142,0.0024356,0.0028992,0.0089666,0.0020462,0.001368,0.0015572,0.0015535,0.0014927,0.0019518,0.0036288,0.01171,0.0059825,0.004721,0.0031833,0.0025292,0.0019899,0.0017266,0.0014516,0.0015087,0.0038624,0.0014887,0.0012966,0.0012515,0.0012039,0.0017894,0.0020821,0.003063,0.010218,0.016985,0.0091684,0.0037309,0.0024394,0.0018944,0.0017734,0.0016041,0.0015736,0.017046,0.021783,0.022639,0.0271,0.030733,0.039079,0.052643,0.086858,0.23951,0.55587,0.12104,0.073861,0.055497,0.046251,0.041274,0.037729,0.037505,0.0011254,0.00093132,0.0014582,0.00081628,0.0014786,0.0017275,0.0023642,0.0040864,0.0086892,0.016952,0.0066845,0.0030645,0.00227,0.0017852,0.0014277,0.0012094,0.0012207,0.0009747,0.001285,0.001351,0.001612,0.0023261,0.0027543,0.0045792,0.007816,0.022765,0.069896,0.012225,0.0072248,0.0056483,0.0048605,0.004313,0.0040695,0.0039921,0.022751,0.006698,0.0084965,0.0093981,0.010277,0.011467,0.014354,0.020871,0.029642,0.035367,0.089886,0.026589,0.017171,0.011641,0.0073591,0.0078766,0.0077058,0.0054399,0.0019551,0.00088109,0.0015976,0.00066122,0.00044769,0.0015317,0.0027582,0.0066332,0.0074051,0.0095488,0.0037858,0.0029904,0.0024451,0.0023315,0.0020363,0.0018578,0.00013734,0.00054399,0.00050858,0.00073381,0.0011585,0.0015975,0.0023171,0.0046554,0.014178,0.035092,0.0099882,0.0045188,0.0032383,0.002895,0.0026935,0.0024303,0.002266,0.010609,0.00075273,0.00040108,0.0012642,0.0014452,0.0025926,0.0042697,0.0068492,0.022434,0.097021,0.014089,0.0053754,0.0039795,0.0037461,0.0040386,0.0029031,0.0035668,0.0064241,0.0024654,0.002074,0.0020227,0.0019272,0.0021909,0.0027237,0.0037631,0.0094033,0.046898,0.010329,0.0037298,0.0026929,0.0021274,0.0023858,0.0011047,0.0014649,0.0042744,0.0033382,0.0033102,0.0036518,0.0042136,0.0047465,0.0059779,0.0094015,0.02011,0.074181,0.017488,0.0071204,0.0047102,0.0036874,0.003015,0.0027215,0.002657
0.001688,0.00069156,0.0013339,0.0012728,0.0011237,0.0016476,0.0031965,0.0052336,0.021399,0.058719,0.014031,0.0035809,0.0025094,0.0033834,0.00091233,0.0010952,0.00039103,0.013893,0.00081883,0.00059842,0.00059698,0.0006978,0.001728,0.0013,0.0023674,0.0025499,0.023373,0.0086653,0.0029656,0.0018925,0.0015323,0.00092538,0.0010674,0.00085068,0.0085164,0.00030521,0.00019131,0.00048945,0.00022892,0.00082335,0.0018662,0.0030757,0.0049206,0.032147,0.013316,0.0046557,0.0031125,0.0023424,0.0022947,0.0022098,0.0021954,0.004696,0.01697,0.016804,0.02052,0.023892,0.030123,0.043004,0.072147,0.1864,0.40398,0.10568,0.063652,0.047647,0.039838,0.035843,0.034083,0.033021,0.00043679,0.00051543,0.00087428,0.0018521,0.00072838,0.001116,0.0020226,0.0032721,0.0073049,0.018266,0.0053612,0.0033763,0.0024995,0.0018706,0.0018515,0.0013586,0.0013981,0.0077306,0.0041249,0.0044736,0.0049605,0.0053357,0.0056653,0.0072748,0.010558,0.023334,0.060422,0.013915,0.0064317,0.0037153,0.0023097,0.0016556,0.00060452,8.9657e-05,0.029614,0.0058454,0.0065895,0.0065055,0.0079306,0.009168,0.010515,0.017714,0.01616,0.041591,0.081917,0.020244,0.011554,0.0098659,0.007779,0.0088265,0.0067025,0.0028077,0.00018748,0.00024235,0.00022622,0.00049669,0.00061875,0.0017985,0.0017141,0.0041809,0.019713,0.0060129,0.0023138,0.0013385,0.0014003,0.0013219,0.0011375,0.00073243,0.00057221,0.0011443,0.00095094,0.0010548,0.0012564,0.0016385,0.0016174,0.0027155,0.0094937,0.045657,0.01444,0.003173,0.001771,0.001424,0.001288,0.00092099,0.00093843,0.013853,0.0024917,0.0022856,0.0024713,0.0029564,0.0049293,0.0077304,0.016618,0.048161,0.16612,0.036434,0.015481,0.011926,0.0097885,0.0088193,0.0087818,0.0076047,0.014467,0.0011603,0.001367,0.00149,0.0014102,0.0017137,0.0018215,0.0024359,0.0073789,0.042109,0.011006,0.0020601,0.00079988,0.00057992,0.00028702,0.0009819,0.00046348,0.001772,0.0024537,0.0026889,0.0029844,0.0033243,0.004418,0.0054823,0.0081773,0.018612,0.080929,0.017163,0.0081576,0.0056163,0.004694,0.0041913,0.003691,0.0034772
0.0021134,0.0024033,0.0014303,0.0020685,0.0032855,0.0029773,0.0039807,0.0062335,0.011718,0.025922,0.010693,0.0070287,0.0051355,0.0050518,0.003699,0.0025115,0.0033799,0.014948,0.00064214,0.00067038,0.00094136,0.00079694,0.00073088,0.00073697,0.001454,0.00030971,0.013441,0.00092197,0.0013899,0.00076815,0.00049726,0.00040983,0.00031104,0.00020789,0.0098211,0.002135,0.0019003,0.0020384,0.0022435,0.0026776,0.0032386,0.0039995,0.0048193,0.025946,0.0056897,0.00335,0.0021921,0.0014371,0.0011861,0.0011456,0.0011311,0.049163,0.016168,0.030364,0.036882,0.013577,0.053432,0.040702,0.065861,0.21431,0.092295,0.11127,0.056201,0.013153,0.036986,0.018376,0.013899,0.026049,0.0037728,0.0012394,0.0020006,0.0020516,0.00066891,0.0038115,0.0027811,0.0047914,0.013247,0.012091,0.0081031,0.0024264,0.0012947,0.0022343,0.0012683,0.00047276,0.0015831,0.0039235,0.0047303,0.0020046,0.0050273,0.0044192,0.0053045,0.01004,0.0050173,0.035156,0.032871,0.029452,0.0099808,0.0090647,0.0085781,0.003862,0.008065,0.0017491,0.013176,0.0085453,0.0072012,0.0058738,0.0056829,0.0086549,0.014562,0.018959,0.037471,0.021928,0.078494,0.012379,0.0082218,0.0067127,0.0040327,0.0039024,0.0039902,0.0042153,0.00060102,0.00054204,0.00095011,0.0011636,0.00066947,0.00087136,0.0014867,0.002744,0.0081729,0.0060028,0.0027593,0.0019643,0.0018236,0.0011798,0.0010515,0.00045015,0.00023841,0.00041028,0.00055114,0.00077419,0.00082333,0.00067428,0.0012149,0.0021606,0.0023568,0.021832,0.012035,0.00091148,0.00037777,0.00071956,0.0010445,0.0011774,0.0010662,0.020773,0.0063644,0.0066901,0.0066595,0.0082801,0.0091059,0.011501,0.017666,0.03668,0.20995,0.020154,0.009706,0.0052429,0.0027659,0.0023086,0.0015217,0.0011425,0.0152,0.0020455,0.0011333,0.0013204,0.0018072,0.001863,0.0025244,0.002798,0.0073591,0.04363,0.0083473,0.0019661,0.0015171,0.0010856,0.00092609,0.00091914,0.00069619,0.00012397,0.00049395,0.00052322,0.00065276,0.0011712,0.0013065,0.0019271,0.0029234,0.0074559,0.074692,0.012964,0.0053706,0.0036962,0.0031187,0.0028403,0.0026747,0.0025311
0.0088312,0.0020113,0.0010308,0.0013963,0.0013654,0.0018625,0.0016678,0.0017564,0.0091404,0.046127,0.020046,0.0068488,0.0044559,0.0051228,0.0013804,0.0020209,0.0016289,0.021046,0.00051073,0.0011067,0.00080828,0.0013505,0.0011001,0.0014843,0.0020995,0.002506,0.016901,0.010332,0.0028227,0.0015788,0.0014678,0.0010226,0.0008039,0.00077822,0.0084306,0.0023044,0.0020177,0.002259,0.0025037,0.002853,0.0034407,0.0049003,0.0067709,0.033109,0.016155,0.0050257,0.0028029,0.0018647,0.0017546,0.0014271,0.0014,0.0061532,0.013345,0.013155,0.014161,0.016007,0.018912,0.025004,0.035612,0.077454,0.21819,0.034917,0.018882,0.012411,0.0091483,0.0070948,0.0066026,0.0056535,0.00056078,0.0013102,0.0011658,0.0014779,0.0011815,0.0013217,0.001715,0.0020703,0.0054208,0.01345,0.002913,0.0017233,0.0013571,0.0010117,0.0016966,0.00062439,0.00038532,0.0021267,0.0020293,0.0022836,0.002413,0.0026983,0.0031662,0.0040648,0.005286,0.0096005,0.038793,0.010919,0.0045278,0.0029546,0.0023238,0.0020465,0.0018655,0.0018025,0.021941,0.0069418,0.0063987,0.0070759,0.0073902,0.0083154,0.010803,0.014157,0.025755,0.03288,0.07731,0.015842,0.0091326,0.004235,0.0024666,0.0011116,0.00107,0.0021592,0.0004898,0.00060533,0.00052327,0.00019138,0.00049858,0.00084654,0.0016001,0.0022011,0.018558,0.0056837,0.0021058,0.0013479,0.001265,0.00055713,0.00061852,0.00070956,0.0013676,0.00024913,0.00019108,0.00026933,0.00033093,0.0002641,0.00034368,0.0012784,0.0043825,0.040852,0.016951,0.0028048,0.0011933,0.00066579,0.00046471,0.00031084,0.00040627,0.021567,0.0047367,0.0041248,0.0055747,0.006266,0.0083169,0.011618,0.019854,0.056617,0.23123,0.032233,0.01946,0.015039,0.012848,0.011353,0.010931,0.010767,0.019902,0.00054917,0.00056782,0.0011651,0.0012652,0.0013883,0.001799,0.0025204,0.0080206,0.044341,0.010787,0.0037938,0.0027002,0.0025046,0.0024938,0.0022519,0.0018998,0.0036583,0.0027882,0.0028034,0.0031726,0.0035246,0.004017,0.005087,0.0068383,0.012034,0.062943,0.014187,0.0056306,0.0034753,0.0024062,0.0022261,0.001736,0.001812
0.0087892,0.0026616,0.0036974,0.003489,0.003913,0.0048055,0.0058695,0.0088894,0.0029176,0.024925,0.0066101,0.004907,0.0030663,0.0033618,0.00090267,0.00077587,0.00036237,0.02059,0.00089001,0.0012059,0.0013122,0.00085962,0.0011165,0.0016157,0.002174,0.0029353,0.013319,0.0015125,0.0010162,0.00069294,0.00037725,0.00048165,0.000223,3.6236e-05,0.0088789,0.001951,0.0018879,0.0019971,0.0021382,0.0025201,0.0031626,0.0040941,0.0065747,0.031477,0.0054848,0.0024406,0.001681,0.0012817,0.00080377,0.00053748,0.00036811,0.015932,0.0026287,0.0030173,0.0035079,0.0053908,0.0078441,0.012232,0.020597,0.054644,0.18461,0.044285,0.025456,0.01933,0.016415,0.014721,0.01404,0.014014,0.00049783,0.0010048,0.00016427,0.0008492,0.00065849,0.00071074,0.00063003,0.0012952,0.0039497,0.017844,0.0011303,0.0011937,0.0010874,0.00079661,0.0013474,0.00050661,1.7166e-05,0.0052529,0.00097884,0.001066,0.0014558,0.0017734,0.0021648,0.0028369,0.0052591,0.012559,0.047042,0.010295,0.0052728,0.0039939,0.0034817,0.0029705,0.0028518,0.0028077,0.017096,0.001101,0.00078094,0.0018658,0.0040201,0.0060878,0.00823,0.015969,0.034393,0.018201,0.098063,0.028517,0.019466,0.015052,0.012435,0.012722,0.010584,0.0036698,0.0017868,0.0016398,0.0015371,0.0014246,0.0017773,0.0026244,0.0038805,0.0077366,0.0047478,0.0072588,0.0027996,0.0018406,0.0013012,0.0011342,0.0010719,0.00078965,0.0025235,0.00092586,0.0013486,0.0012908,0.0016999,0.002256,0.0028998,0.0049215,0.012259,0.019674,0.0098426,0.0020544,0.0017021,0.0018319,0.0016274,0.0014975,0.0015163,0.0043946,0.012587,0.012707,0.014006,0.015314,0.018221,0.02351,0.034588,0.078046,0.20112,0.036627,0.020717,0.01377,0.010655,0.009168,0.0083315,0.0077172,0.01607,0.002499,0.0027247,0.0030583,0.0031356,0.0034863,0.0044581,0.006603,0.015087,0.034599,0.012086,0.0045578,0.0029867,0.0021736,0.0014862,0.001804,0.0016079,0.0045453,0.0034896,0.0036444,0.0041022,0.0043897,0.0054556,0.0069307,0.010613,0.024268,0.063881,0.015862,0.0075488,0.0049114,0.0038915,0.0033084,0.0028807,0.0029126
0.0002289,0.00099093,0.0019926,0.0012352,0.0012586,0.0023301,0.0034354,0.0086391,0.013482,0.077796,0.0058048,0.0026509,0.0025849,0.0025498,0.0011585,0.00070346,0.0020943,0.016987,0.0011083,0.0013196,0.0014703,0.0015898,0.0013862,0.0023711,0.0028119,0.0076617,0.024478,0.0059688,0.0019905,0.0011151,0.00083983,0.00091286,0.00042753,0.00020982,0.010479,0.0021205,0.0021422,0.0021651,0.0023769,0.0027713,0.0031806,0.0057834,0.010219,0.035993,0.010319,0.0037264,0.0021298,0.0015354,0.0009987,0.0008385,0.00072861,0.012531,0.00089671,0.0019689,0.0017933,0.0025737,0.0039433,0.0059791,0.0094178,0.012717,0.21145,0.027562,0.015249,0.011424,0.0092056,0.0081433,0.0080357,0.0076715,0.0023442,0.00085012,0.00074343,0.00061614,0.00080461,0.0010488,0.0014137,0.0018508,0.0045219,0.013348,0.0020143,0.0013057,0.0010645,0.00097821,0.00010846,0.001663,0.00097848,0.007145,0.0041929,0.0042733,0.0046207,0.0052874,0.0061063,0.0077665,0.01042,0.025263,0.045095,0.014582,0.0070227,0.0043084,0.0031606,0.0023039,0.002266,0.0021248,0.013905,0.0084707,0.0094099,0.0082297,0.0099939,0.013247,0.016979,0.025698,0.049599,0.064612,0.080481,0.024502,0.014944,0.01157,0.0077242,0.0076897,0.0079576,0.0015812,0.00091135,0.0014956,0.0014359,0.0015507,0.0016417,0.0022322,0.0032991,0.010599,0.017382,0.0082241,0.0037894,0.0025245,0.0019127,0.0022545,0.0017569,0.0016842,6.675e-05,0.0014214,0.0014868,0.001723,0.0020704,0.0026187,0.004004,0.0059858,0.02117,0.04032,0.016491,0.0059076,0.0040759,0.0035137,0.0030565,0.0027503,0.0029316,0.021696,0.007333,0.012904,0.010907,0.0097825,0.024814,0.01243,0.042872,0.15786,0.053011,0.077543,0.040623,0.0088231,0.032906,0.019061,0.012671,0.028544,0.018656,0.0013175,0.0020011,0.0018443,0.0018143,0.0043146,0.0027122,0.0072025,0.026022,0.010383,0.013834,0.0071477,0.0025197,0.0054991,0.0032196,0.0024178,0.0047704,0.002493,0.0083773,0.0086267,0.002545,0.010093,0.012555,0.0041656,0.021363,0.059038,0.027983,0.022174,0.013552,0.0025899,0.0042515,0.0055413,0.0031398,0.0012989
0.0029622,0.0013924,0.0014962,0.0022226,0.0020823,0.0027597,0.0041524,0.0070669,0.018185,0.010514,0.016292,0.0070386,0.0059217,0.0033961,0.004815,0.0041165,0.0049382,0.018866,0.00073753,0.00042444,0.00086688,0.0010232,0.001037,0.0011383,0.0026498,0.0062414,0.012834,0.0070527,0.0029129,0.0019329,0.0014385,0.0016986,0.0015182,0.001379,0.0088178,0.00013242,0.00037135,0.00045587,0.000566,0.00054288,0.0015406,0.0020856,0.0062403,0.024195,0.010294,0.0033946,0.0023898,0.0021794,0.0016354,0.0012724,0.0014019,0.023949,0.0075929,0.0084458,0.009711,0.011078,0.013832,0.019642,0.032215,0.074452,0.42549,0.04887,0.028399,0.022108,0.01856,0.01692,0.013974,0.014519,0.001339,0.0004748,0.00021627,0.00052312,0.00012629,0.00041549,0.00037559,0.00071617,0.0015875,0.021673,0.0024006,0.00071367,0.00076465,0.00073818,0.00048926,0.00028829,0.00012589,0.00096514,0.0016962,0.0017822,0.0020517,0.0021785,0.0026673,0.003885,0.0058109,0.015265,0.068542,0.0098508,0.0050484,0.0039057,0.0032561,0.0029787,0.0024303,0.0023804,0.0257,0.0063306,0.00787,0.0072427,0.0080229,0.0094999,0.012868,0.021267,0.032709,0.06702,0.071834,0.011807,0.0059477,0.0046015,0.0016428,0.00047239,0.00049212,0.0001583,0.00069298,0.00062163,0.00063175,0.0008786,0.0021047,0.0022568,0.0033621,0.0089615,0.010819,0.010485,0.0040798,0.0023526,0.0025318,0.0016199,0.0019875,0.0019169,0.0012226,0.001668,0.0019807,0.0021348,0.0023611,0.00292,0.0032922,0.0056123,0.019027,0.024866,0.02225,0.0067866,0.0051922,0.0043269,0.0037814,0.0037085,0.0035039,0.0082132,0.0067583,0.0061452,0.0073967,0.0080928,0.010221,0.013975,0.020969,0.052659,0.12823,0.025611,0.020712,0.015554,0.012731,0.012835,0.007967,0.0086709,0.017794,0.00075456,0.00082709,0.00093131,0.0015507,0.0021981,0.003353,0.0048714,0.012497,0.033205,0.0095296,0.0045581,0.0038775,0.0028296,0.0022264,0.0036862,0.003172,0.0035554,0.0040764,0.0041013,0.0044339,0.0050636,0.0060904,0.0072473,0.010159,0.025254,0.073741,0.010032,0.0048519,0.0034929,0.0023342,0.0017117,0.0013197,0.0011406
0.0030804,0.00094524,0.0010454,0.00093466,0.0015373,0.0014303,0.0022616,0.0042661,0.014017,0.04812,0.0024778,0.0012592,0.0013342,0.00036866,0.0027337,0.00090264,0.00034141,0.019741,0.00092268,0.00044076,0.00083328,0.0011223,0.00086013,0.0011146,0.0018638,0.0047598,0.02265,0.0063854,0.0016991,0.00077014,0.0008154,0.00075479,0.00057863,0.00056458,0.0092183,0.0004983,0.00069797,0.00076163,0.0010562,0.0010251,0.0015955,0.0012306,0.0067534,0.016317,0.0068232,0.0031804,0.0024586,0.0019863,0.0016345,0.0015687,0.0015316,0.025341,0.0083934,0.008999,0.0099378,0.011169,0.014089,0.018347,0.030378,0.059732,0.49325,0.030055,0.018369,0.013846,0.012441,0.010286,0.0093689,0.0090639,0.0022965,0.00031538,0.00034788,0.00068657,0.0004037,0.00060631,0.00072192,0.0011916,0.0023092,0.02073,0.002713,0.0010263,0.00036859,0.00037257,0.00072145,0.00016148,0.00025557,0.00047875,0.0023249,0.0026298,0.0026301,0.0028948,0.0035141,0.0047241,0.0074885,0.017627,0.027227,0.011781,0.0058598,0.0042026,0.0034732,0.0029467,0.0026118,0.0026989,0.01912,0.001809,0.00077552,0.0010493,0.0016896,0.0030777,0.0036361,0.010602,0.018249,0.10346,0.06681,0.0078769,0.003222,0.0029363,0.0017285,0.00056307,0.0011406,0.0020123,0.0011629,0.00099414,0.0018682,0.0011712,0.0010382,0.0024064,0.0019051,0.0091919,0.021686,0.0042404,0.0013289,0.0020816,0.00082737,0.00039939,0.00077767,0.00023077,0.0034638,0.0032891,0.0033596,0.0035206,0.0037154,0.0045657,0.0054024,0.0076781,0.022137,0.039172,0.02127,0.0051356,0.0031312,0.0017284,0.0012023,0.00048601,0.00032045,0.0062467,0.0078373,0.0087246,0.0094252,0.010931,0.013017,0.017777,0.024853,0.075705,0.16347,0.03955,0.020063,0.015207,0.012979,0.011815,0.0091204,0.0092298,0.015307,0.002009,0.0023689,0.0024055,0.0022623,0.0029,0.0037554,0.005575,0.013175,0.040893,0.0022365,0.0030819,0.0022378,0.0016637,0.0016559,0.0011223,0.001833,0.00070002,0.00045962,0.00085617,0.0013877,0.0018163,0.0023102,0.0036896,0.0075138,0.020764,0.054826,0.0093889,0.0083208,0.0064227,0.0053654,0.0050119,0.0048826,0.0047551
0.0088731,0.00048273,0.0002342,0.0007538,0.0013371,0.0021379,0.00326,0.0042817,0.01763,0.021996,0.024329,0.0094531,0.0073381,0.0077716,0.0037474,0.0047121,0.0047952,0.014315,0.001781,0.000955,0.0012046,0.0005569,0.0015288,0.0026374,0.0028529,0.0075226,0.013862,0.011784,0.0040981,0.0029963,0.0024889,0.0022599,0.0021823,0.0019512,0.0068151,0.00061759,0.00031308,0.00012208,0.00054441,0.00059149,0.00043309,0.0015889,0.0037164,0.033205,0.012471,0.0038392,0.0027991,0.0022243,0.0021208,0.0017963,0.001627,0.0026436,0.017492,0.017116,0.019671,0.022074,0.026567,0.034771,0.051776,0.11829,0.12459,0.081939,0.045398,0.032633,0.026276,0.023201,0.02096,0.021168,0.0035401,0.0014158,0.00084922,0.00052375,0.00078732,0.00081939,0.0011941,0.0013752,0.0029296,0.017135,0.0015017,0.0012973,0.0010046,0.00029673,0.0011218,0.00086617,0.00048829,0.0030022,0.0018527,0.0017749,0.0019584,0.0023593,0.0029635,0.0038117,0.0064959,0.014934,0.042909,0.0081251,0.004933,0.003668,0.0028351,0.0025665,0.0025206,0.0023537,0.024172,0.0027006,0.0034014,0.0030917,0.0043442,0.0042871,0.0054884,0.01354,0.021286,0.064938,0.059759,0.0052692,0.0016288,0.0019138,0.0017426,0.0020447,0.00050927,0.0060388,0.0018811,0.0012862,0.0012858,0.0013933,0.0017702,0.0019297,0.0029566,0.0080473,0.010645,0.0071222,0.0032311,0.0019521,0.0017685,0.0016261,0.0012054,0.0011635,0.0034199,0.0012338,0.0016001,0.0018513,0.0025548,0.0032872,0.0046674,0.0071115,0.019873,0.015604,0.029512,0.010268,0.0073763,0.0059025,0.0053078,0.0050069,0.0049458,0.031043,0.011868,0.012941,0.012864,0.014171,0.017114,0.022237,0.033985,0.067959,0.16565,0.044049,0.017748,0.012096,0.007693,0.0059358,0.0067698,0.0052701,0.015179,0.0024017,0.0020038,0.0023198,0.0024919,0.0031514,0.004148,0.0065151,0.014367,0.032973,0.0037964,0.0045078,0.003374,0.0024835,0.0021644,0.001315,0.0020066,0.0054589,0.0040879,0.0042193,0.0047933,0.0051352,0.0059124,0.0074888,0.011334,0.026565,0.059093,0.0063912,0.0056431,0.0030042,0.0019695,0.0010185,0.00080426,0.00029374
0.0041428,0.0015521,0.0019724,0.0013076,0.0016021,0.0015065,0.0023966,0.0039481,0.0086617,0.070616,0.0074288,0.0012764,0.00089346,0.00077711,0.0025595,0.0002403,0.00019837,0.011635,0.00090823,0.00043895,0.00023628,0.0014297,0.00056944,0.001121,0.002097,0.0054987,0.02487,0.004003,0.0016398,0.0013218,0.0010386,0.0011445,0.001075,0.0010872,0.0046063,0.001506,0.0014349,0.0013712,0.001913,0.0016764,0.0020358,0.0032583,0.0081895,0.028416,0.0040032,0.002147,0.0012948,0.00083663,0.00046841,0.00019012,0.00011634,0.023024,0.024449,0.012579,0.029823,0.019237,0.038392,0.051994,0.051965,0.25557,0.23989,0.21192,0.04574,0.070811,0.05513,0.029143,0.058166,0.0029469,0.0035458,0.0024113,0.0012178,0.0012943,0.0017876,0.0011306,0.003013,0.00090112,0.0083488,0.017568,0.0093755,0.0051602,0.002612,0.0026534,0.0015815,0.0022372,0.0011349,0.0018235,0.0042158,0.0016712,0.0042103,0.0035192,0.0048157,0.008527,0.0053776,0.038317,0.017996,0.022595,0.0061982,0.0079242,0.0067425,0.0033185,0.0069141,0.00081255,0.020884,0.0024168,0.003672,0.0034895,0.0038197,0.0050046,0.0084045,0.012586,0.050447,0.08441,0.083839,0.016288,0.010864,0.0093862,0.0072791,0.0078291,0.0069066,0.0072824,0.0014657,0.00070818,0.00091957,0.0008663,0.0010726,0.0016826,0.0026806,0.0086411,0.020851,0.0026651,0.0015565,0.0013846,0.0015282,0.00092336,0.0013262,0.0012017,0.0033436,0.0018465,0.00194,0.002077,0.0022227,0.0031294,0.0041196,0.0084893,0.018665,0.042681,0.017863,0.0064587,0.0047086,0.0037947,0.0034768,0.0033258,0.0031224,0.016648,0.0029179,0.0029485,0.0049285,0.0064728,0.0097929,0.015096,0.028703,0.069335,0.14573,0.055,0.02918,0.022348,0.01885,0.016802,0.016793,0.01664,0.01095,0.00078411,0.0013106,0.0010356,0.0018016,0.0022581,0.0031441,0.0055221,0.014452,0.035696,0.010537,0.0053475,0.0040892,0.0035468,0.0034309,0.0021989,0.0027905,0.00089645,0.002748,0.0030414,0.0032236,0.003965,0.004507,0.0059069,0.0097901,0.024685,0.059106,0.01823,0.0086278,0.0066821,0.0055892,0.0050651,0.0047398,0.0046197
0.0065442,0.0039646,0.0042951,0.0045429,0.0053946,0.006557,0.0083778,0.014158,0.022114,0.025224,0.014694,0.0080514,0.0057011,0.0052838,0.0024246,0.0025128,0.0019398,0.010922,0.00182,0.0011845,0.0012042,0.0016972,0.0021207,0.0024671,0.0043346,0.0091129,0.01717,0.0055105,0.0026134,0.0013876,0.0012629,0.00067695,0.00075695,0.00062941,0.0036335,0.00085119,0.0010501,0.0010955,0.0010917,0.0013498,0.0016665,0.0034811,0.0035509,0.040772,0.0058981,0.0020648,0.0012,0.00077881,0.00096616,0.00066218,0.00062753,0.0037804,0.010848,0.010879,0.013607,0.016968,0.021089,0.029843,0.049592,0.11988,0.3101,0.099067,0.05277,0.039397,0.032391,0.028049,0.026178,0.026459,0.0015278,0.00091631,0.00061627,0.00062698,0.00098176,0.00077801,0.0012614,0.0016268,0.0027874,0.01346,0.0048685,0.0017243,0.0014244,0.00096681,0.001287,0.0017424,0.0011235,0.0019913,0.00094731,0.0010551,0.0013847,0.001908,0.0027418,0.0039209,0.0053986,0.017923,0.029861,0.010361,0.0068709,0.0054194,0.0045221,0.0039007,0.0040392,0.0038758,0.029376,0.0031188,0.00079325,0.0039948,0.0003866,0.0065577,0.0026862,0.011293,0.0060166,0.10324,0.063135,0.012085,0.0062746,0.0023593,0.0032517,0.0033588,0.0027638,0.0083181,0.00032672,0.0020496,0.00054101,0.0021153,0.0021412,0.0027861,0.0038975,0.0061302,0.016481,0.00362,0.0037694,0.00091628,0.001901,0.0011385,0.0012797,0.00096706,0.001957,0.0012822,0.0036415,0.0023687,0.0041028,0.0041848,0.0042901,0.012094,0.010456,0.028294,0.01847,0.011051,0.0027724,0.0059821,0.0023341,0.0044831,0.0024605,0.016173,0.0057715,0.010773,0.01492,0.020141,0.025472,0.033846,0.043549,0.090396,0.15022,0.011447,0.014047,0.018938,0.023415,0.024902,0.024051,0.025755,0.0069906,0.00029703,0.0024073,0.0031347,0.0047623,0.0067479,0.0085302,0.011101,0.021747,0.023897,0.0094761,0.0026885,0.0037421,0.0049785,0.0059231,0.0055594,0.0059873,0.0084039,0.0064769,0.0068406,0.0076298,0.0088595,0.010573,0.012738,0.016083,0.032642,0.047576,0.014889,0.0057469,0.0054423,0.0059071,0.0063179,0.0069091,0.0069581
0.003748,0.0016578,0.002133,0.0022912,0.001764,0.0021322,0.0028576,0.0058679,0.009569,0.066414,0.014333,0.0038731,0.0020763,0.0014422,0.0036338,0.0013633,0.0013752,0.0050946,0.0011396,0.00085689,0.0012118,0.0019536,0.001564,0.0019278,0.0030721,0.0054138,0.021669,0.0065289,0.0019881,0.0011138,0.00055671,0.00076275,0.00019489,0.00021935,0.005827,0.0018744,0.0021086,0.0022361,0.0023354,0.0028459,0.0034673,0.0061909,0.009896,0.023872,0.017381,0.0063725,0.0042772,0.0034683,0.0028611,0.0026879,0.0026799,0.0099108,0.016037,0.016032,0.017815,0.019424,0.023359,0.028817,0.042579,0.080405,0.36735,0.072091,0.032698,0.021936,0.01498,0.013373,0.011721,0.011074,0.0064641,0.00016086,9.6001e-05,0.00011339,0.0010543,0.00063938,0.0012305,0.0014181,0.0037216,0.016832,0.0068895,0.0021371,0.0012158,0.0010226,0.0017338,0.0012099,0.0013905,0.0024357,0.0015123,0.0019345,0.0019874,0.0021118,0.0027875,0.0039488,0.0054415,0.011823,0.045697,0.0089707,0.0043104,0.0032454,0.0027556,0.0021378,0.0021846,0.0020466,0.025315,0.0025989,0.0040276,0.0044447,0.0054798,0.0076491,0.010939,0.018654,0.039831,0.055294,0.09431,0.025855,0.017445,0.013164,0.013345,0.011309,0.011101,0.0095903,0.0016669,0.0010176,0.0013326,0.0015166,0.0024595,0.0027025,0.0047197,0.008022,0.015938,0.0088488,0.0030161,0.0024843,0.0019252,0.0018205,0.0014997,0.0013657,0.0034314,0.00099162,0.00079901,0.0013537,0.0011458,0.0022251,0.0029938,0.0060513,0.011906,0.043079,0.013799,0.0044041,0.003172,0.0025617,0.0024846,0.0022898,0.0021077,0.024538,0.0076412,0.0088432,0.0093989,0.010636,0.013261,0.016562,0.026317,0.047028,0.15677,0.02328,0.018104,0.011362,0.0099773,0.0076517,0.0081354,0.0085775,0.0063268,0.0028359,0.0024761,0.0025334,0.0034858,0.003542,0.0046673,0.0063533,0.01446,0.039749,0.012034,0.0035221,0.0022889,0.0014653,0.00079207,0.00084721,0.00028421,0.0032941,0.0012217,0.0014096,0.0015882,0.0023214,0.003165,0.0048764,0.007925,0.017354,0.06205,0.017797,0.009057,0.0068051,0.0054485,0.0050558,0.0046698,0.0046025
0.00042915,0.0028156,0.0032477,0.003397,0.0029927,0.0038161,0.0052183,0.0094184,0.018171,0.033274,0.0090144,0.0062117,0.004491,0.0040128,0.00090918,0.0019531,0.0021572,0.0062944,0.0010937,0.00073053,0.00090795,0.00076179,0.0014051,0.0010669,0.002269,0.0065921,0.017958,0.0036508,0.001971,0.0014825,0.0011599,0.0012675,0.0011414,0.0010109,0.0043202,9.6516e-05,0.00013766,0.00019924,0.00043378,0.00042957,0.0004752,0.0018898,0.0018452,0.041442,0.0041669,0.00069298,0.00072028,0.00050295,0.00066329,0.00023295,0.0003643,0.026932,0.021368,0.022189,0.023748,0.025866,0.030142,0.038739,0.055891,0.11779,0.27567,0.091557,0.043535,0.029038,0.021071,0.017735,0.016458,0.016342,0.0053998,0.0010317,0.00063547,0.00059905,0.0013636,0.0013705,0.0013353,0.0027128,0.0041724,0.014169,0.0030537,0.0017925,0.0013045,0.00065789,0.00022984,0.00081721,0.00010492,0.0016937,0.0024762,0.0023562,0.0026383,0.0029278,0.0039336,0.005126,0.0064882,0.01631,0.03019,0.013549,0.0063269,0.0045578,0.0035646,0.0032764,0.0027661,0.0027237,0.038491,0.0087594,0.010299,0.010226,0.010757,0.013218,0.015694,0.024084,0.037787,0.065667,0.084053,0.020807,0.010795,0.0077525,0.0034028,0.0024142,0.0024529,0.0071259,0.0004734,0.0005955,0.00094447,0.00094687,0.0015443,0.0020529,0.0037396,0.0075385,0.015719,0.0081925,0.0036416,0.0022994,0.0021149,0.0019004,0.0018512,0.0019302,0.0040398,0.0021815,0.0020414,0.0021382,0.0023637,0.0028812,0.0038563,0.0060507,0.01856,0.028655,0.016796,0.0053665,0.00374,0.0030622,0.0027409,0.002512,0.0025292,0.0065003,0.007047,0.0074821,0.0082463,0.0098896,0.012299,0.016451,0.02477,0.070897,0.17349,0.0212,0.018259,0.013408,0.011188,0.010275,0.0067534,0.0068742,0.0030346,0.0015833,0.0013913,0.0021983,0.0017806,0.0021725,0.0034939,0.0055201,0.014556,0.036049,0.013331,0.006243,0.0042849,0.0037902,0.0038141,0.003585,0.0035115,0.0020771,0.0042476,0.0045294,0.0046645,0.0052464,0.0058406,0.0076056,0.010746,0.024243,0.056149,0.015138,0.0063703,0.0038436,0.0027959,0.0020584,0.0019057,0.0016918
0.0045567,0.00090092,0.0015507,0.0015204,0.0014235,0.0019945,0.0032903,0.0055261,0.004337,0.059811,0.019377,0.0070948,0.005402,0.0045275,0.0031636,0.0036952,0.0031071,0.0057507,0.0012762,0.0011389,0.00085176,0.001327,0.0013212,0.0019788,0.0029157,0.0064281,0.018815,0.011358,0.0033175,0.002625,0.0017262,0.0018059,0.0014919,0.0016118,0.0026665,6.1782e-05,0.00057423,0.00085239,0.0010966,0.0017628,0.0025734,0.0045949,0.0096476,0.021037,0.019089,0.0072747,0.0051723,0.0043818,0.0036238,0.0035644,0.0033913,0.017588,0.013457,0.014963,0.016741,0.016919,0.019896,0.024438,0.034238,0.066507,0.38699,0.065823,0.027695,0.017207,0.01202,0.0072098,0.0065513,0.0070974,0.0056573,0.00097905,0.00053851,0.00028437,0.00069834,0.0010202,0.00090311,0.00068,0.0038892,0.017092,0.0092395,0.0033734,0.0017628,0.0019238,0.0013713,0.0014943,0.0013237,0.00095561,0.00062038,0.00092909,0.001225,0.0013791,0.0017451,0.0028369,0.0039158,0.012862,0.043905,0.0099817,0.0046197,0.0035826,0.002897,0.0029025,0.0025285,0.0025464,0.026953,0.0029709,0.0037375,0.0034193,0.0044452,0.0055543,0.0081377,0.015761,0.031605,0.074852,0.070091,0.0098158,0.0057268,0.0073439,0.0042535,0.0038898,0.0021496,0.01236,0.001381,0.0015236,0.00157,0.0021954,0.0020217,0.002938,0.0037595,0.010349,0.012115,0.0072575,0.0024859,0.0013118,0.0010262,0.00072193,0.00069577,0.00037004,0.00040053,0.0031898,0.003207,0.0034806,0.0036555,0.0041458,0.0051849,0.0071972,0.020978,0.034546,0.022823,0.0043924,0.0028543,0.0015201,0.0010826,0.00035324,2.6703e-05,0.008938,0.0081687,0.0072914,0.0079881,0.0090011,0.01062,0.014236,0.020097,0.052857,0.15376,0.029429,0.018955,0.013509,0.010787,0.010717,0.0080996,0.0080072,0.0011235,0.0021175,0.0023635,0.0018173,0.0027868,0.0032446,0.0041773,0.0060351,0.013578,0.040376,0.006851,0.0036755,0.0021671,0.0016859,0.0016865,0.0017828,0.0019703,0.0029011,0.00027872,0.00068422,0.0010746,0.0017112,0.0023451,0.0036739,0.0061735,0.01873,0.061399,0.0097057,0.0075169,0.0061015,0.0051734,0.0045791,0.0044568,0.0042515
0.0006962,0.0023216,0.0014334,0.0016276,0.0014052,0.0018005,0.0025994,0.0027082,0.013013,0.035527,0.018586,0.0068659,0.0047842,0.0039,0.0042333,0.0023748,0.0028782,0.0036488,0.00063343,0.00026156,0.00039934,0.001031,0.0012409,0.0011245,0.0015043,0.0039561,0.017777,0.0090916,0.0031095,0.0023541,0.0019981,0.0014418,0.0013645,0.001463,0.0017071,0.0010087,0.0008859,0.0010404,0.001018,0.0011851,0.0015342,0.0022215,0.0017036,0.041894,0.010351,0.0024583,0.0014346,0.0010934,0.0011277,0.00089275,0.00082972,0.024386,0.024546,0.025249,0.026169,0.029079,0.034698,0.041903,0.059773,0.11198,0.19203,0.10973,0.046105,0.028133,0.021233,0.015234,0.013562,0.010817,0.00083926,0.0010187,0.0010593,0.00073455,0.0013604,0.0015096,0.0020307,0.002155,0.0038073,0.01373,0.003589,0.0019516,0.0012657,0.00069438,0.0010441,0.00050993,8.0105e-05,0.0025616,0.001538,0.0016319,0.0016643,0.0022418,0.0024034,0.003206,0.0052855,0.011759,0.03598,0.011981,0.0055764,0.0039804,0.0032319,0.0026098,0.002758,0.002554,0.036151,0.0010272,0.00052562,0.00067139,0.00042157,0.0014916,0.0022298,0.0083622,0.0052561,0.080324,0.06787,0.0061768,0.0029328,0.00083206,0.0016689,0.0015849,0.001318,0.0085451,0.00078244,6.6095e-05,0.00042096,0.00052893,2.5817e-05,0.0004168,0.001244,0.0046035,0.01824,0.0073548,0.0019374,0.001698,0.0011384,0.001221,0.0011371,0.0014763,0.00072098,0.00048273,0.00074369,0.0010542,0.0014001,0.0018123,0.0033239,0.0052074,0.013792,0.026947,0.025764,0.0080169,0.0059292,0.0046682,0.0042792,0.0037996,0.0038682,0.014086,0.005547,0.0047834,0.0053846,0.0063197,0.0074004,0.010314,0.016327,0.032882,0.18008,0.028089,0.014684,0.011173,0.0093269,0.0071076,0.0084792,0.0072652,0.0014134,0.00085261,0.0011981,0.0017201,0.0010471,0.0014324,0.0026658,0.0043731,0.010374,0.042961,0.0034146,0.0044757,0.0036703,0.0029724,0.0022724,0.0021884,0.0021382,0.0049592,0.0028781,0.0027882,0.0029559,0.0034272,0.0040291,0.005076,0.0073764,0.017654,0.062352,0.0043066,0.0046181,0.0030641,0.0021503,0.001902,0.0014004,0.001484
0.0014954,0.0008557,0.00091393,0.00065314,0.00076786,0.00078934,0.00088373,0.0026216,0.012927,0.065778,0.0085105,0.0018679,0.0011764,0.0013439,0.0019858,0.0014747,0.00092315,0.0025483,0.00073358,0.0013389,0.00083648,0.0006448,0.0011636,0.0015529,0.0021897,0.004281,0.024286,0.0074074,0.0017511,0.0010995,0.00083627,0.00065979,0.00046232,0.00027848,0.0032769,0.00017013,0.0001341,9.4065e-05,0.00040043,0.00050725,0.00055525,0.0013987,0.005145,0.026789,0.0064632,0.0020057,0.0014522,0.0011798,0.001012,0.00091714,0.00096516,0.011238,0.011499,0.011205,0.012098,0.013024,0.015673,0.018826,0.028939,0.058268,0.37962,0.043612,0.020483,0.013445,0.0096328,0.0096927,0.0067964,0.0065194,0.0055314,0.0013271,0.00062363,0.0013034,0.00074804,0.0012742,0.0015859,0.0019652,0.005223,0.020306,0.0089796,0.0046276,0.0020386,0.0018356,0.0021844,0.0014063,0.0015335,0.0020123,0.00091986,0.0012551,0.0013736,0.0016529,0.0019739,0.0031283,0.0046331,0.011914,0.04279,0.0059731,0.0041573,0.0031162,0.0025743,0.0022479,0.002339,0.0022068,0.034619,0.0021214,0.001501,0.00091336,0.00077064,0.0010797,0.0016464,0.0051071,0.023858,0.11093,0.062864,0.0088514,0.003348,0.0033256,0.0016884,0.00032747,0.00044632,0.0095006,0.001195,0.0012212,0.0016191,0.0012243,0.0011107,0.0017083,0.0032711,0.007805,0.019344,0.0047233,0.001497,0.00097876,0.00066717,0.00056306,0.00046724,0.00032235,0.0053921,0.0039768,0.0040676,0.0043374,0.0049508,0.0050795,0.0069806,0.0097113,0.020748,0.035665,0.021673,0.0071827,0.0035711,0.0024334,0.0015776,0.0010241,0.0010357,0.022658,0.011848,0.012337,0.012649,0.014351,0.016771,0.021129,0.03067,0.061694,0.1503,0.043442,0.019595,0.013359,0.0094691,0.0079796,0.0068197,0.0057698,0.002409,0.0021476,0.0026398,0.0030784,0.0025844,0.0034821,0.0041293,0.0063691,0.013573,0.043936,0.002103,0.0031254,0.0013365,0.0010179,0.00068666,0.0011636,0.00031471,0.0029984,0.0010195,0.0011343,0.0013501,0.0021319,0.002696,0.0043442,0.0070874,0.01855,0.062812,0.0099706,0.0071696,0.0053671,0.0046972,0.0041592,0.0038073,0.0039063
0.0015221,0.001174,0.00062946,0.00070843,0.00089538,0.0013333,0.00189,0.0021332,0.021505,0.042464,0.01415,0.0054553,0.0040442,0.0030257,0.0021581,0.0029304,0.0030327,0.005415,0.0012361,0.0011991,0.0011735,0.0020072,0.0018148,0.0018051,0.0026998,0.0079458,0.011923,0.007484,0.0024116,0.0017193,0.0011983,0.0011437,0.0010687,0.00080683,0.0022431,0.00054263,0.00039538,0.00049428,0.00053103,0.00062645,0.00085007,0.00070531,0.0049064,0.032532,0.0059479,0.00089071,0.00055127,0.00019984,8.1128e-05,0.00026084,0.00028229,0.0035859,0.036881,0.040811,0.010291,0.041945,0.058329,0.020963,0.076232,0.23634,0.16754,0.10662,0.065638,0.012174,0.020143,0.018427,0.004734,0.013096,0.0032025,0.0012129,0.00083709,0.0015624,0.0016284,0.00019937,0.0019923,0.0051631,0.0052774,0.015833,0.0094917,0.0049002,0.0016895,0.00098812,0.0029517,0.0014202,0.00094796,0.0024987,0.0024075,0.0025138,0.0026705,0.0038181,0.0041139,0.0029841,0.010199,0.026387,0.023397,0.010391,0.0070153,0.0024698,0.0022535,0.0038798,0.0029941,0.00048066,0.031168,0.0007416,0.0014344,0.0024993,0.003026,0.003993,0.0042594,0.010658,0.020966,0.069969,0.06191,0.013632,0.0067568,0.0063707,0.0047891,0.0039535,0.0055867,0.011196,0.0017376,0.0014362,0.0012689,0.0012189,0.0011225,0.002115,0.0020862,0.0080752,0.0053406,0.0049581,0.0014157,0.0010498,0.0009342,0.00042072,0.00067706,0.00062943,0.00018311,0.0032198,0.0034514,0.0037662,0.0038741,0.0049806,0.0064732,0.0085433,0.022872,0.0044386,0.024455,0.0082061,0.0055514,0.004205,0.0034894,0.0030306,0.003109,0.0011368,0.016882,0.01607,0.017708,0.022838,0.017534,0.040644,0.021177,0.16702,0.028787,0.084422,0.015512,0.031093,0.014604,0.01822,0.014858,0.014843,0.0013218,0.0017042,0.0041682,0.0017977,0.0050245,0.0020357,0.0085282,0.0030559,0.031952,0.011147,0.015615,0.0033089,0.0069062,0.0024576,0.005042,0.0019238,0.0031987,0.0029755,0.0069381,0.0026011,0.0067701,0.0055478,0.006921,0.012458,0.0080321,0.051682,0.016224,0.02321,0.007447,0.0083838,0.0070367,0.0033874,0.0069799,0.0012207
0.0026245,0.0011661,0.0014676,0.0017473,0.0014795,0.0020701,0.0026083,0.0052885,0.0073555,0.043894,0.0096749,0.0026307,0.0013398,0.001514,0.0020888,0.00020525,0.0002861,0.0072003,0.00082695,0.00020578,0.00028778,0.00053007,0.0010077,0.0007467,0.0017144,0.0015423,0.025859,0.0063578,0.0018553,0.0010072,0.0010455,0.0010436,0.00087588,0.00086406,0.0034886,0.00048929,0.00037778,0.00054327,0.00067912,0.00048571,0.00095055,0.0014572,0.004101,0.035368,0.004539,0.00073477,0.00039592,0.00035171,0.00059451,0.00028641,0.0003071,0.0089361,0.013052,0.014185,0.014852,0.017548,0.021134,0.028239,0.042965,0.090328,0.29675,0.065995,0.038367,0.026452,0.021584,0.018468,0.016845,0.016455,0.0041848,0.00067633,0.00073437,0.0006121,0.00088894,0.00087688,0.0015947,0.0021126,0.0033622,0.023695,0.0087812,0.0022641,0.001953,0.001412,0.0015822,0.0014812,0.0010605,0.0016423,0.0016951,0.0016597,0.0018486,0.0018195,0.0026179,0.0032443,0.0050873,0.01127,0.057134,0.0017799,0.0018772,0.0013488,0.00067452,0.00084864,0.00027263,0.00016213,0.029656,0.00080005,0.0018565,0.0028495,0.0015057,0.0025603,0.0045846,0.008878,0.015138,0.10554,0.052295,0.0073297,0.0053481,0.0016083,0.0023041,0.0021492,0.0012055,0.0067769,0.0015876,0.0028415,0.0016406,0.00079922,0.0020933,0.0037321,0.0040552,0.0078368,0.018007,0.0098589,0.0024675,0.0010339,0.0012861,0.0013915,0.0010244,0.00062754,0.0057927,0.0041849,0.0050997,0.0048626,0.0039931,0.0056623,0.0082851,0.0098321,0.020221,0.029134,0.026468,0.008939,0.0044473,0.0018748,0.0017089,0.0015329,0.0014706,0.022927,0.0099031,0.0098653,0.011007,0.01282,0.014712,0.018443,0.026806,0.044139,0.13978,0.045215,0.018918,0.011642,0.0093335,0.0058591,0.0070928,0.0067254,0.0067369,0.0020071,0.0021721,0.0023464,0.0026201,0.0029554,0.0035807,0.0059624,0.012885,0.03342,0.0067995,0.0042042,0.0031102,0.0027064,0.0025455,0.0017479,0.0019913,0.0061284,0.0032348,0.0033675,0.0036544,0.0042353,0.0044523,0.0053658,0.0091396,0.019159,0.070166,0.0096903,0.0042878,0.0028465,0.002013,0.0011551,0.0011419,0.0011578
0.0010872,0.00092341,0.00088877,0.0010104,0.00099883,0.00087243,0.0013779,0.0045417,0.012606,0.055898,0.0099284,0.0033079,0.00206,0.0011609,0.0026633,0.0015046,0.0014153,0.0080682,0.00065282,0.00067891,0.0005968,0.00059944,0.00093782,0.0012424,0.0023658,0.003886,0.020992,0.0045593,0.0011012,0.00066082,0.00046648,0.00032905,0.00016853,2.2884e-05,0.0031434,0.00015791,0.00039347,0.00040668,0.00048641,0.00062486,0.0011867,0.002047,0.0062127,0.018281,0.0034637,0.0012405,0.0010784,0.00090492,0.0010229,0.00076171,0.00073244,0.011379,0.0047764,0.0044793,0.0050183,0.0073408,0.0082653,0.010072,0.016115,0.036288,0.40945,0.036388,0.017155,0.011966,0.0097808,0.0090695,0.0092171,0.008442,0.00276,0.00093399,0.0010882,0.00061032,0.00091094,0.0011075,0.0011097,0.0017337,0.0034482,0.021808,0.0045938,0.00132,0.00070372,0.00080464,0.0011487,0.00010794,3.6247e-05,0.00015258,0.00024242,0.0005489,0.00095481,0.0012193,0.0018078,0.0029616,0.0054978,0.013173,0.016572,0.0090403,0.0064931,0.0048818,0.0042138,0.0035339,0.0036206,0.0034447,0.035584,0.0064517,0.0073373,0.0074958,0.0080356,0.0087361,0.0099487,0.014322,0.042299,0.093932,0.080043,0.014471,0.0076663,0.0059486,0.0029717,0.0020508,0.0027199,0.0054971,0.001233,0.00096644,0.0009833,0.00080877,0.001496,0.0018068,0.0023918,0.0067987,0.025334,0.0019455,0.0010895,0.00060032,0.00027644,0.00024957,0.0002593,0.00014496,0.0030079,0.00040265,0.00074417,0.0010131,0.0014869,0.0022091,0.0034206,0.0059596,0.012295,0.044844,0.019106,0.0070809,0.0050682,0.0041669,0.0036702,0.0032771,0.0031987,0.019842,0.0068345,0.0065079,0.0081328,0.0093202,0.011547,0.015922,0.0272,0.050972,0.19257,0.044184,0.021296,0.015007,0.013013,0.010402,0.011295,0.0096074,0.0077897,0.0015388,0.0015986,0.0013874,0.0020819,0.0022219,0.0032484,0.0047039,0.011466,0.04655,0.0089957,0.003814,0.0027639,0.0020819,0.0024337,0.0021589,0.0022393,0.0026455,0.00068455,0.00079073,0.0012298,0.0017673,0.0025427,0.0040992,0.0071041,0.017629,0.049429,0.016686,0.0085774,0.0065857,0.0054945,0.0049762,0.0044678,0.0045148
0.004242,0.0011557,0.00094653,0.00081137,0.0014644,0.00040688,0.0018134,0.0017779,0.019331,0.036958,0.0096161,0.002633,0.002918,0.0020135,0.0010632,0.0006605,0.0013504,0.014345,0.00391,0.0021187,0.0013583,0.0021028,0.0017568,0.0010343,0.001849,0.0052112,0.011063,0.0061128,0.00116,0.0010907,0.00058243,0.00048538,0.00055322,0.00049401,0.0046235,0.0015631,0.0012195,0.00074208,0.0010381,5.0467e-05,0.0011643,0.0026476,0.0047317,0.025096,0.0050084,0.00049249,0.00032443,0.00024356,0.00027567,0.00043705,0.00019456,0.025904,0.020912,0.018473,0.019772,0.021073,0.025845,0.031991,0.046464,0.10742,0.054944,0.072697,0.035109,0.021761,0.014851,0.012792,0.01226,0.0098516,0.0022927,0.0019018,0.0015839,0.00078296,0.0012061,0.00099168,0.0016601,0.0022941,0.0038558,0.024028,0.0072375,0.0028166,0.0015326,0.0014518,0.00065278,0.0013967,0.00086594,2.0985e-05,0.0010999,0.0010062,0.0012167,0.0009708,0.0024869,0.0027404,0.0034736,0.0073401,0.053603,0.005085,0.0033791,0.0022178,0.0017605,0.00163,0.0015889,0.0014439,0.02665,0.0050627,0.0033738,0.0025029,0.0038834,0.0050506,0.0071404,0.0086443,0.033093,0.037162,0.08776,0.020649,0.014357,0.01222,0.0080663,0.0098148,0.008156,0.00020409,0.0027753,0.0014145,0.00062606,0.00090527,0.00086169,0.0011092,0.0020348,0.0047161,0.0067345,0.0026483,0.0014516,0.0014493,0.0010064,0.0011713,0.00099116,0.0010662,0.0023308,0.001816,0.0024584,0.0023223,0.0030124,0.002535,0.0035256,0.0054081,0.0099725,0.016659,0.018223,0.004166,0.0020522,0.0014029,0.00081285,0.00065266,0.00037384,0.0044537,0.0036711,0.0022696,0.0029092,0.0036687,0.0051309,0.0059925,0.0087644,0.021587,0.18642,0.030349,0.0092165,0.0072743,0.0049827,0.0063153,0.0032084,0.0037556,0.011049,0.0033165,0.0014998,0.0009203,0.0011395,0.0010898,0.0020142,0.003454,0.0093788,0.044714,0.0097979,0.0048872,0.0040091,0.0031675,0.0027913,0.0028851,0.0024472,7.6219e-06,0.0023946,0.0031834,0.0027133,0.0038172,0.0027506,0.0040408,0.005346,0.011505,0.067402,0.0093291,0.0041793,0.0028967,0.0022263,0.0015811,0.001699,0.0015717
0.00039864,0.0018209,0.00081452,0.00082401,0.0014609,0.00046934,0.0022994,0.0047357,0.0083338,0.042911,0.011819,0.0038958,0.0024522,0.001567,0.0032829,0.0014418,0.0020542,0.035737,0.0053225,0.0020326,0.0021825,0.0013503,0.0018813,0.0012358,0.0018942,0.0026827,0.020191,0.0066768,0.0016031,0.00086239,0.00052161,0.00042696,0.00027319,0.00040055,0.012324,0.0023775,0.0007099,0.00020405,0.00027494,9.252e-05,0.00040716,0.0003804,0.00012863,0.03595,0.0062289,0.0011153,0.00053861,0.00040844,0.00053779,0.00029561,0.00031091,0.033709,0.010146,0.0056768,0.0050605,0.0061372,0.0065065,0.0081893,0.010673,0.030426,0.32944,0.03018,0.013637,0.0090587,0.0062531,0.0051871,0.0050213,0.0050298,0.013724,0.0018088,0.001242,0.00062086,0.00015995,0.000321,0.00066964,0.00057186,0.0017098,0.021408,0.0014521,0.00097236,0.00076256,0.00085694,0.00038605,0.00072012,0.0008526,0.0040074,0.00026548,0.00020327,0.00054856,0.00039143,0.00085259,0.0012943,0.0010441,0.0037648,0.062555,0.0025207,0.00065797,0.00039104,0.00031005,0.00067474,0.0003406,0.00029564,0.0049802,0.008387,0.0057181,0.0064455,0.0051736,0.0056877,0.0087759,0.0074391,0.020747,0.039647,0.076164,0.013803,0.0075392,0.0046523,0.0021958,0.0021902,0.0012684,0.012919,0.0038819,0.0013258,0.00064174,0.00083786,0.0014561,0.00043647,0.00081011,0.0015772,0.016119,0.0035897,0.00040997,0.00089963,0.00045013,0.0002114,0.00052097,0.00039864,0.0024166,0.0013808,0.00068725,0.00058543,0.0013648,0.0012388,0.0017206,0.0035839,0.0049002,0.033746,0.019682,0.0057766,0.0035304,0.0028213,0.0023423,0.0022207,0.0022107,0.0043278,0.0058395,0.0056532,0.0051452,0.0065434,0.0074963,0.0091209,0.013865,0.034568,0.1644,0.03609,0.0092441,0.0057446,0.0039702,0.0044612,0.0031568,0.0023098,0.034491,0.0041909,0.0024323,0.0012045,0.0018378,0.001526,0.0018958,0.0024244,0.0051163,0.044598,0.0063599,0.0010673,0.000816,0.00029571,0.000119,0.00031431,0.00058557,0.00028228,0.00060662,3.663e-05,0.00029108,0.0008782,0.00070604,0.0010917,0.0022106,0.0073128,0.076638,0.006627,0.0015684,0.0012849,0.0010469,0.0010943,0.00094706,0.00077439
0.0072881,0.0023669,0.0025674,0.0022045,0.0013391,0.0024936,0.0025042,0.0043681,0.016675,0.046407,0.010379,0.0018378,0.0020434,0.0014555,0.0030143,0.00065802,0.00053979,0.067945,0.0031038,0.00051028,0.00050148,0.00070379,0.00038894,0.0003464,0.00094835,0.003426,0.018376,0.0061372,0.0013385,0.0010644,0.00048645,0.00024354,0.00052148,0.00033569,0.020964,0.0012598,0.00027968,0.00047426,0.00017603,0.00037792,0.00051407,0.00097842,0.0033199,0.038096,0.0074105,0.0014341,0.00089806,0.00060694,0.00065795,0.00063018,0.00063135,0.055327,0.0079177,0.0063986,0.006299,0.006485,0.0091881,0.013284,0.022356,0.05242,0.39139,0.048554,0.024732,0.017916,0.01396,0.01342,0.012229,0.012034,0.030087,0.00053888,0.00020701,0.00027354,0.00058009,0.00095538,0.0013003,0.0016985,0.0033492,0.021808,0.0054346,0.0016043,0.0012788,0.0010727,0.00068604,0.00073005,0.00086596,0.0061589,0.00043322,0.0001975,0.00042622,0.00053019,0.00072739,0.00057661,0.00026863,0.00067046,0.050756,0.0034952,0.0018561,0.0013578,0.00092034,0.0012273,0.00080551,0.00074197,0.017651,0.0035991,0.0013936,0.0016112,0.0015663,0.0016521,0.003261,0.0048303,0.008547,0.066729,0.075638,0.013004,0.0082606,0.0074043,0.0064617,0.0051299,0.0070382,0.03242,0.0023222,0.00033368,0.00056137,0.00031192,0.0003883,0.00017313,4.1746e-05,0.00030652,0.021787,0.0036768,0.00054918,0.00063763,0.00070934,0.00069526,0.00010708,8.5838e-05,0.0066911,0.00078294,0.0013664,0.0013515,0.0017468,0.0017366,0.0023735,0.0030005,0.0023975,0.035769,0.019226,0.0053422,0.0030048,0.0026192,0.0020593,0.0019423,0.0018044,0.010735,0.004022,0.003116,0.00339,0.0038295,0.0043138,0.0051003,0.010297,0.023097,0.14667,0.026817,0.0060592,0.004327,0.003027,0.002676,0.0012551,0.0029755,0.06755,0.0034642,0.0016723,0.0008662,0.0012994,0.0013811,0.0015862,0.0021695,0.0048589,0.04469,0.0063246,0.0011196,0.0010645,0.0008553,0.00044603,0.00031642,0.00034525,0.00068285,0.00039824,0.0004479,0.00022155,0.0010993,0.00080387,0.00092817,0.0022911,0.0037657,0.071383,0.010985,0.0023171,0.002042,0.0013916,0.0014144,0.001202,0.0011559
0.012882,0.0010392,0.0018564,0.0011594,0.000861,0.0015194,0.0013992,0.0039582,0.01505,0.048521,0.0056344,0.00053988,0.0016644,0.00031852,0.0032766,0.0011757,0.001091,0.052792,0.003058,0.0017956,0.0013338,0.0016449,0.00077174,0.0011254,0.0013157,0.0046046,0.019787,0.0047825,0.0011594,0.00079146,0.0006867,0.00051668,0.00061959,0.00068282,0.014996,0.0013571,0.00093378,0.00087453,0.00091056,0.0011971,0.0017217,0.0031197,0.0067967,0.02063,0.0020832,0.00093214,0.00070944,0.00037009,0.00013847,0.00012916,0.00017929,0.043372,0.0047439,0.0039725,0.0051766,0.0048524,0.0068077,0.0087521,0.016928,0.039945,0.40107,0.031327,0.017488,0.012273,0.010027,0.0090841,0.0080863,0.0082418,0.017517,0.0012548,0.00092316,0.00091199,0.00037487,0.00079039,0.00072605,0.0010993,0.0012907,0.022117,0.0027074,0.00022267,0.00036661,0.00019712,0.0013244,0.00085196,6.8668e-05,0.0019512,0.00055222,0.00034247,0.00059979,0.00085906,0.0015131,0.0024789,0.0030704,0.010214,0.012515,0.0090784,0.0053699,0.0041089,0.0035609,0.0033447,0.0029121,0.0029393,0.0047131,0.0032475,0.0030671,0.0033014,0.0031917,0.0040838,0.0047127,0.0060569,0.022494,0.11398,0.06549,0.011207,0.0056277,0.0053284,0.0008487,0.0026777,0.0012875,0.019257,0.0019983,0.0016092,0.00059283,0.00050667,0.00051577,0.00067163,0.0016139,0.0056676,0.026366,0.0034825,0.0012578,0.0011162,0.0011812,0.00094541,0.001055,0.00099947,0.0018292,0.0023554,0.0025321,0.0025381,0.0029924,0.0035317,0.0045635,0.0065619,0.015475,0.038618,0.02178,0.007422,0.0047142,0.0039379,0.003087,0.0029797,0.0028897,0.011015,0.0085267,0.013414,0.016751,0.020602,0.026226,0.033217,0.043053,0.078501,0.18055,0.023973,0.0233,0.026027,0.029156,0.030436,0.032874,0.031565,0.050465,0.0021493,0.0012984,0.0024869,0.0030438,0.0043927,0.0058888,0.0079289,0.012458,0.045353,0.0022783,0.00467,0.0058009,0.0063671,0.0064784,0.0073383,0.0073281,0.005066,0.002402,0.0034768,0.004525,0.0060411,0.0071057,0.0091523,0.011025,0.020329,0.042675,0.0030711,0.003285,0.0054425,0.0064975,0.0070389,0.007201,0.007538
0.0098421,0.0023829,0.0029356,0.0021645,0.003365,0.0038169,0.0036489,0.0048405,0.020419,0.043272,0.017786,0.0058773,0.003433,0.0036689,0.0014671,0.00057575,1.9062e-05,0.034134,0.0035967,0.001796,0.0014565,0.0018052,0.0017952,0.0020289,0.0028165,0.0065353,0.01444,0.009491,0.0024217,0.0013419,0.00081223,0.00037486,0.00015768,9.153e-05,0.012501,0.0019507,0.0020334,0.0020733,0.0023303,0.0023099,0.0029453,0.0045083,0.0072428,0.028972,0.011864,0.0036144,0.0018507,0.0010504,0.00076173,0.00043782,0.00011062,0.041159,0.01394,0.011604,0.0074563,0.01617,0.017323,0.0090068,0.028633,0.06856,0.12694,0.060902,0.041474,0.012867,0.0093194,0.018624,0.012522,0.0040494,0.0056363,0.002493,0.0013148,0.0011924,0.0017609,0.00099884,0.0022036,0.0040759,0.0058761,0.018057,0.011172,0.004433,0.00089831,0.0022726,0.0022583,0.0017527,0.0010243,0.004633,0.0021618,0.00098619,0.0036367,0.0037766,0.0014303,0.0048948,0.009535,0.017044,0.03103,0.017016,0.0079373,0.0016057,0.0029075,0.004341,0.0031492,0.00042916,0.0024548,0.0032201,0.0026091,0.002236,0.0021183,0.0032454,0.0039518,0.0040165,0.0095597,0.068163,0.059651,0.012844,0.0070382,0.0049459,0.0037451,0.0028519,0.0020619,0.0077516,0.0027612,0.0016302,0.0010699,0.001043,0.0020651,0.0018931,0.003209,0.0053437,0.0048722,0.0062993,0.0021473,0.0013401,0.00091604,0.00074056,0.00061111,0.00048449,0.0048638,0.0029777,0.0030232,0.0031789,0.0033505,0.0038984,0.0044821,0.0073448,0.013527,0.01267,0.02349,0.0067905,0.0040697,0.0028722,0.0024568,0.0020582,0.0018959,0.023962,0.0028007,0.0027022,0.0035224,0.0036145,0.0041533,0.005189,0.0034549,0.014303,0.21209,0.017759,0.0056332,0.0032757,0.0027669,0.0019469,0.0015529,0.0016804,0.036709,0.0030166,0.0017695,0.00090365,0.0017074,0.0015934,0.0021294,0.0031618,0.0028083,0.049716,0.0019029,0.0011172,0.00095773,0.00048704,0.0012806,0.00040492,7.2472e-05,0.003296,0.0011937,0.0011323,0.0011115,0.0015737,0.0018134,0.0024406,0.0029345,0.008019,0.061548,0.0030884,0.0022974,0.0017483,0.0013156,0.0012843,0.0011124,0.0010796
0.015139,0.0022216,0.0019309,0.0018858,0.0017772,0.0020975,0.0027842,0.0051807,0.014352,0.040378,0.0043012,0.0036361,0.0026139,0.0025568,0.0026413,0.0023806,0.0018025,0.021471,0.0019441,0.00098053,0.00038199,0.00026579,0.00086504,0.00093089,0.00091179,0.0021678,0.016111,0.0014275,0.00040935,0.00022402,0.00027232,0.00029041,0.00025474,0.00034522,0.0087186,0.00041502,0.00064548,0.00063767,0.00082156,0.00083607,0.0009146,0.0027573,0.0034306,0.038849,0.0037852,0.0021578,0.0015045,0.0014013,0.0010883,0.00080781,0.00081444,0.025509,0.00054731,0.0018711,0.001077,0.0012551,0.0020004,0.0020207,0.0066031,0.0071764,0.12998,0.0093031,0.0047722,0.0030967,0.0037486,0.0021377,0.0036533,0.0027886,0.0048905,0.0022731,0.0011207,0.0012352,0.00076872,0.00070477,0.0011326,0.0019209,0.0026186,0.024837,0.0040442,0.0010753,0.00072687,0.00071781,0.00084553,0.00056373,0.00011827,0.00038527,0.00018764,0.00033098,0.0002999,0.000112,0.00020147,3.2661e-05,0.0029662,0.001078,0.043807,0.00059728,0.00011681,0.00021922,0.00026759,0.00050469,0.0001259,0.00017929,0.011839,0.00045508,0.0011959,0.0015839,0.0035821,0.003454,0.0059356,0.0092018,0.016247,0.065455,0.077702,0.024251,0.015373,0.012811,0.0096802,0.0091527,0.0095083,0.0056897,0.0025258,0.0013129,0.001317,0.0015492,0.0011978,0.0013572,0.0019424,0.0023776,0.011359,0.0053845,0.0017318,0.00071018,0.00033258,0.00063415,8.7139e-05,7.819e-05,0.0045777,0.00073035,0.00053593,0.00064681,0.000706,0.0010513,0.00086873,0.002553,0.003819,0.02298,0.014943,0.0037055,0.0022053,0.0017634,0.0015537,0.0013653,0.0013581,0.024363,0.0027948,0.0016475,0.0019834,0.0026713,0.0025749,0.0036545,0.0087896,0.014054,0.20954,0.014529,0.0042827,0.0026877,0.001483,0.00052582,0.00084054,0.0013828,0.021826,0.001158,0.0007496,0.0016222,0.00056758,0.00046965,0.00065501,0.00076954,0.0031193,0.047052,0.0033934,0.0015499,0.0012357,0.00041121,0.0016532,0.0004422,0.00060464,0.002409,0.00023853,0.00018061,0.00044731,0.00037272,0.00056406,0.00073404,0.0023861,0.0027057,0.068612,0.0074823,0.0027079,0.0017341,0.0013436,0.0010092,0.0010588,0.0011044
0.017454,0.002306,0.0023816,0.0022487,0.0020787,0.0024817,0.0030913,0.0058819,0.01553,0.054737,0.014827,0.0066434,0.0039973,0.0022749,0.0037139,0.0023185,0.0018979,0.015,0.0013198,0.00072059,0.0014826,0.0015074,0.00067851,0.0017334,0.0015823,0.0030568,0.023064,0.0071196,0.0025301,0.0013156,0.0011516,0.00061047,0.00067882,0.00064851,0.0048104,0.0012161,0.0014709,0.0013677,0.0015409,0.0019022,0.0020299,0.0021981,0.0034238,0.040206,0.010801,0.0034745,0.001944,0.0013314,0.0014123,0.0010505,0.0008774,0.021922,0.0030786,0.0029406,0.0033296,0.0035069,0.0040286,0.0047238,0.0058063,0.017402,0.18083,0.0086919,0.0029366,0.0029327,0.0027828,0.0017887,0.0020539,0.00098994,0.011114,0.00057221,0.00015762,0.00060503,0.00027256,0.00023068,0.00052711,0.00043612,0.0016255,0.022322,0.0007212,0.0009444,0.00057295,0.00054754,0.0011674,0.00017711,0.00020027,0.0014286,0.00066841,0.00062161,0.00079362,0.00086415,0.0012501,0.0017847,0.0028698,0.0038269,0.03979,0.0058437,0.0020605,0.0013738,0.0010806,0.00074291,0.00083289,0.00079919,0.008547,0.0069825,0.0057676,0.0043038,0.0040018,0.0060481,0.010343,0.016184,0.025757,0.034267,0.065274,0.017744,0.010328,0.0073811,0.0075439,0.0058575,0.005808,0.014408,0.0022153,0.0014039,0.00021765,0.0013679,0.0023293,0.0036826,0.0046323,0.0058027,0.01488,0.0086787,0.0049861,0.0035919,0.0024051,0.0018668,0.0013252,0.0010681,0.0015793,0.0034041,0.0022688,0.00062013,0.0025509,0.0052109,0.0076183,0.0083155,0.011405,0.038616,0.02269,0.010009,0.0060762,0.003212,0.0018882,0.0022286,0.002636,0.030453,0.0031259,0.0031165,0.0033137,0.0032595,0.0033332,0.0048409,0.0046367,0.022042,0.22099,0.0079855,0.0046886,0.0019357,0.0024435,0.0013395,0.0010095,0.00080873,0.013596,0.0011748,0.00067961,0.00085112,0.00073598,0.00060611,0.0011386,0.0012596,0.001794,0.046135,0.0030329,0.0017185,0.00059743,0.00076104,0.00060968,0.00021446,0.00094224,0.0027428,0.0001183,0.0001639,0.00014802,0.00018929,0.00049723,0.0013676,0.0016221,0.0029774,0.063194,0.0083349,0.0031934,0.0021711,0.0018744,0.0013928,0.001419,0.0014076
0.017599,0.0022308,0.0012137,0.0013206,0.0012541,0.0030266,0.002718,0.0049175,0.0067994,0.038525,0.0021305,0.0018108,0.0010113,0.0018289,0.0031508,0.00074514,0.00045967,0.013653,0.00023387,0.00036987,0.00055667,0.00047925,0.00030819,0.00081009,0.00054527,0.00083247,0.0079039,0.0024345,0.0012789,0.00080998,0.00082216,0.00076882,0.00057122,0.00052261,0.0043317,0.001276,0.0011751,0.0011309,0.001202,0.00153,0.0016739,0.0031489,0.0052596,0.01161,0.001677,0.0015779,0.0010033,0.00084397,0.00045933,0.00047234,0.0004444,0.01693,0.0022927,0.0012815,0.0018298,0.0019833,0.0022102,0.0029539,0.005214,0.0085744,0.18866,0.001696,0.0025972,0.001045,0.00074062,0.0013126,0.00085551,0.00031282,0.011614,0.00028409,0.0005861,0.00050219,0.00029852,0.00064106,0.00057182,0.0011029,0.0018021,0.02143,0.0034531,0.001004,0.00055745,0.00083263,0.0006641,0.00063807,0.00036051,0.0012684,0.00016276,0.00040709,0.00046692,0.00064646,0.00067234,0.0011417,0.0017923,0.002947,0.049515,0.0017291,0.0015024,0.0012242,0.00088037,0.001074,0.00072989,0.00083734,0.018622,0.0028982,0.0041432,0.0037811,0.0040217,0.0058286,0.0074731,0.012064,0.018564,0.086032,0.074796,0.024472,0.015983,0.011319,0.012174,0.010433,0.011263,0.012755,0.00060528,0.00017077,0.00011381,0.00055645,0.00020412,0.00031826,0.00069778,0.0014341,0.016934,0.003572,0.00069145,0.00021692,0.00053501,0.00024728,8.0904e-05,0.00010491,0.0070058,0.0011008,0.0010204,0.0011878,0.0015256,0.0014817,0.001772,0.0033094,0.0068367,0.025705,0.015325,0.0052722,0.0034214,0.0025843,0.0022762,0.0019536,0.0021534,0.030819,0.0037555,0.0040057,0.004022,0.0049021,0.0055616,0.0066657,0.009663,0.023241,0.21369,0.023362,0.0072699,0.0043525,0.0033022,0.0027157,0.0025885,0.0021286,0.013422,0.00062567,0.00099563,0.00064973,0.0010202,0.001162,0.00163,0.0026782,0.0051141,0.04841,0.0052767,0.0018196,0.0012614,0.0010557,0.00056664,0.0010936,0.00084497,0.0026703,0.00054182,0.00060507,0.00058253,0.0009423,0.00086881,0.0013153,0.0028611,0.004928,0.063833,0.0081559,0.0032441,0.0022488,0.0019054,0.001632,0.0016608,0.0014801
0.013399,0.001012,0.0010845,0.00085369,0.0013744,0.0017517,0.0023435,0.0031753,0.0089719,0.041423,0.018299,0.0070149,0.0048969,0.0046941,0.0049794,0.0034014,0.0030804,0.0089933,0.00041327,0.00026289,0.00053598,0.00052571,0.00055546,0.00087237,0.0014847,0.0026573,0.015433,0.0089772,0.0033743,0.0023819,0.0021498,0.0014205,0.0015613,0.001421,0.003006,0.00087995,0.00079066,0.0010206,0.0011058,0.0014758,0.0017198,0.0025773,0.0040878,0.033515,0.013086,0.0049226,0.0032254,0.0025791,0.0023669,0.002133,0.0021782,0.012675,0.0020146,0.00079282,0.00090494,0.0011661,0.0021605,0.003177,0.005394,0.01109,0.17584,0.013713,0.0057776,0.0045488,0.0035459,0.004647,0.0032003,0.0033245,0.011799,0.00054861,0.00049407,0.00036378,0.00040447,0.00027569,0.00039075,0.00058321,0.0010178,0.024858,0.0020085,0.0009749,0.00038187,0.00029173,0.00031006,0.00092439,0.00065995,0.002327,0.00094802,0.00069406,0.00067646,0.00094026,0.00073182,0.001118,0.0022181,0.0049705,0.057778,0.0025868,0.000899,0.00075771,0.00051585,0.00054292,0.00026503,0.00019455,0.019514,0.0024823,0.002253,0.003205,0.0029248,0.0034032,0.0039693,0.0038618,0.0068864,0.071201,0.058488,0.015439,0.0090164,0.0054015,0.0063007,0.0054985,0.0055791,0.013395,0.00076702,0.00066196,0.0007936,0.00081243,0.0014187,0.0012092,0.0016753,0.0036939,0.0090699,0.0067123,0.0023715,0.0017544,0.0010326,0.00090664,0.00085764,0.00083733,0.008175,0.0020547,0.0023378,0.0022838,0.0025104,0.0030315,0.0038892,0.0052987,0.0095718,0.0047723,0.023,0.0076105,0.0051628,0.004036,0.0034611,0.0033146,0.002945,0.030911,0.0178,0.0086052,0.018093,0.017411,0.018571,0.034605,0.02038,0.10801,0.12584,0.10184,0.020824,0.035014,0.018988,0.020695,0.017496,0.017098,0.0095045,0.0053054,0.0031416,0.0050639,0.004512,0.0046128,0.0083436,0.0051154,0.027849,0.028687,0.02219,0.003076,0.0070733,0.003815,0.0035353,0.0036078,0.0026379,0.00022699,0.0054879,0.0045578,0.0057216,0.0067679,0.0057674,0.012401,0.005096,0.043074,0.040994,0.034371,0.0073247,0.011919,0.0064366,0.0070692,0.006441,0.0057088
0.0086309,0.00091284,0.00036445,0.00064357,0.00023118,0.00053766,0.0012124,0.0029167,0.0097417,0.049892,0.0011193,0.0016953,0.0019308,0.001526,0.0030059,0.00099135,0.0010052,0.0018177,0.00023599,0.0003565,0.0005039,0.00076385,0.00015792,0.0002655,0.00030026,0.0012841,0.021047,0.0044262,0.001203,0.00061542,0.00070835,0.00032961,0.00031832,0.00040627,0.0017262,0.00044079,0.00038123,0.00019234,0.00032976,9.6754e-05,0.0003135,0.00020506,0.0015737,0.039938,0.0027813,0.00041072,0.00027013,0.00017484,0.0004408,0.00038604,0.00023844,0.0025196,0.0032486,0.0037622,0.0039693,0.0053142,0.006157,0.0081387,0.012451,0.032231,0.18703,0.024118,0.013291,0.0105,0.0083505,0.0067871,0.0063461,0.0061513,0.01169,0.001108,0.00071087,0.00085215,0.00061343,0.00066031,0.0010431,0.0010269,0.0018004,0.024196,0.0019878,0.000935,0.00078702,0.00051756,0.00072715,0.00086004,0.00033761,0.0029011,0.0011583,0.0014838,0.0014734,0.0018021,0.0018445,0.0022833,0.0033898,0.0069969,0.04695,0.0073829,0.0030737,0.0020002,0.0015625,0.00087688,0.0012396,0.0010586,0.035498,0.0066652,0.0067683,0.0075716,0.0072534,0.0089563,0.010997,0.014384,0.026519,0.085907,0.07109,0.020073,0.010688,0.0093,0.006864,0.0057615,0.0056325,0.016667,0.0007336,0.00036169,0.00062162,0.00070394,0.00074007,0.00086409,0.00093472,0.0029788,0.016658,0.0048722,0.0025087,0.0013949,0.00099713,0.00069691,0.00086247,0.00065615,0.0046979,0.0015136,0.001588,0.0015909,0.0016982,0.0019373,0.0026331,0.0032767,0.0079834,0.035916,0.01351,0.0032856,0.0017765,0.0010077,0.00063876,0.00036632,0.00029565,0.018618,0.0027666,0.0022845,0.0024825,0.0032673,0.0033971,0.0040386,0.0036816,0.020276,0.21223,0.0039997,0.0026403,0.0015093,0.0011357,0.0012793,0.001699,0.00013924,5.3409e-05,0.00059725,0.0010236,0.00095897,0.0012775,0.0010319,0.0013505,0.0020762,0.0020483,0.045976,0.0063365,0.0015346,0.0011555,0.00074661,0.00035219,0.00082276,0.0003319,0.0032731,0.00071996,0.00056831,0.00045155,0.00072043,0.0011002,0.00080198,0.0015603,0.0043659,0.072963,0.0057788,0.0021597,0.0015575,0.00122,0.0010696,0.00095682,0.00096133
0.00011252,0.003322,0.0034507,0.0030653,0.0043393,0.0041172,0.0049998,0.0070807,0.0078655,0.043624,0.017665,0.0058469,0.0033779,0.0022083,0.0048522,0.0023752,0.0017223,0.00057983,0.00081678,0.0010101,0.001044,0.00071991,0.0017374,0.0018103,0.0024644,0.0028687,0.014152,0.0066893,0.0022617,0.0014605,0.00086735,0.00067282,0.0007022,0.00070953,0.0041485,0.0021158,0.0019244,0.0021213,0.0022086,0.0027473,0.0034886,0.004371,0.0081151,0.023169,0.012939,0.0047092,0.0030957,0.0022732,0.0019816,0.001489,0.0014935,0.0063115,0.006697,0.0076997,0.0080606,0.009292,0.010599,0.013035,0.018019,0.036856,0.20616,0.019709,0.009273,0.0061769,0.0027922,0.0024567,0.0012946,0.0011959,0.0078965,0.0010196,0.00057125,0.00075758,0.00064514,0.00075872,0.0009399,0.0013652,0.0039408,0.021957,0.0028646,0.0013758,0.00080188,0.00075512,0.0017235,0.0011135,0.00042343,0.00035859,0.00031506,0.00024863,0.00049547,0.00078836,0.00063808,0.00087323,0.0024857,0.0048271,0.043651,0.005624,0.0026585,0.0019178,0.001553,0.0016855,0.0015885,0.0013733,0.025334,0.0085626,0.0077151,0.00873,0.00907,0.010445,0.012355,0.016033,0.024866,0.029936,0.064868,0.017819,0.0084262,0.0056474,0.0039622,0.0011328,0.0012551,0.0133,0.00095389,0.00062753,0.00036789,0.0010002,0.00081665,0.0012357,0.00087559,0.0025942,0.019251,0.0064313,0.0022618,0.0016184,0.0012812,0.00077674,0.0008854,0.00092889,0.004881,0.0014104,0.0014108,0.0014817,0.0019241,0.0016835,0.0023529,0.0021702,0.0034424,0.044199,0.014234,0.0040393,0.0021926,0.0014934,0.0010403,0.00080419,0.0007496,0.012583,0.002643,0.0023394,0.0030297,0.0028442,0.0033844,0.0041755,0.006278,0.018058,0.22176,0.013933,0.0043961,0.0030004,0.0020149,0.001241,0.0014185,0.002081,0.00093272,0.00077037,0.00049199,0.00020567,0.00036977,0.00047734,0.00058505,0.00034411,0.0030774,0.047539,0.0017465,0.00058228,0.00028152,0.00029501,0.00080374,0.00025423,0.0001316,0.0031949,0.00051079,0.00056004,0.00078631,0.00051109,0.0011852,0.001544,0.0029233,0.0048236,0.060308,0.0077939,0.0028863,0.0020033,0.0015241,0.0014064,0.0012252,0.0013791
0.0042935,0.0013595,0.00037204,0.0017926,0.00064785,0.0028496,0.0020999,0.0020835,0.0038488,0.046015,0.013289,0.0043976,0.0037113,0.003876,0.00050288,0.0016925,0.0010891,0.0072576,6.8655e-05,0.0010618,0.0014504,0.0013642,0.00068518,0.0013578,0.0015067,0.0027551,0.016199,0.0079969,0.0021072,0.0014757,0.0011247,0.00051943,0.00048969,0.00047493,0.0037633,0.0013483,0.0010812,0.00092242,0.0011357,0.0018484,0.0017369,0.0034324,0.0047126,0.027538,0.0094147,0.0035069,0.0022257,0.0017751,0.0017216,0.0014412,0.00136,0.01331,0.0046415,0.0096069,0.0090132,0.0079008,0.022722,0.010791,0.037539,0.11355,0.11328,0.099436,0.051178,0.012781,0.037975,0.022887,0.016138,0.033082,0.00626,0.0015942,0.0022928,0.00011705,0.0028698,0.0029172,0.00024242,0.0057269,0.012402,0.016751,0.0116,0.0052832,0.0010291,0.0033592,0.0021774,0.0012523,0.0025597,0.002327,0.00096591,0.0017619,0.0010354,0.0015522,0.0033263,0.00045016,0.005844,0.014537,0.02904,0.017784,0.0080468,0.0027412,0.0061316,0.0035516,0.0024489,0.0049172,0.035218,0.0050231,0.0041957,0.0058003,0.0065644,0.0055747,0.0074413,0.0081519,0.021352,0.08186,0.063988,0.017985,0.0099478,0.0077044,0.0052756,0.0044451,0.0048676,0.010592,0.00082144,0.0007397,0.00087857,0.0013715,0.00027044,0.00065375,0.00079485,0.0020321,0.0064828,0.0024711,0.00051244,0.00016639,0.00017278,0.00032947,0.00010867,7.8209e-05,0.0004158,0.0019905,0.0020459,0.002248,0.0021772,0.0032527,0.0031123,0.0048135,0.0079541,0.0082471,0.01796,0.0052928,0.0028783,0.0019029,0.0013616,0.0010048,0.0010147,0.014975,0.00056474,0.00012469,0.00028544,0.00064762,0.00044522,0.00097863,0.0040541,0.0091722,0.21814,0.0093714,0.00043457,0.00034527,0.00076972,0.0013305,0.00045959,0.00021171,0.0037365,0.00073679,7.7969e-05,0.00037015,0.00036365,0.00054488,0.00055856,0.0004866,0.0020103,0.051504,0.0039992,0.00069233,0.00012421,0.00013064,0.0013175,0.00013553,0.00013926,0.0015755,0.00028298,0.00028966,0.00030935,0.00015259,0.00080613,0.00071745,0.0015633,0.0023845,0.056927,0.0061431,0.0014495,0.00079924,0.00073957,0.00067077,0.00061513,0.00056839
0.0056153,0.001635,0.0012165,0.0017444,0.002343,0.0018653,0.0020327,0.0043204,0.0060126,0.043589,0.0096048,0.0037721,0.0021633,0.0011193,0.0041159,0.0034657,0.0018578,0.0019493,0.00074432,0.00027999,0.00019773,0.00060076,0.00079928,0.0009493,0.0011685,0.0018468,0.012767,0.0028111,0.0009599,0.000637,0.00034579,0.00044673,0.00051134,0.00034716,0.0019455,0.00060835,0.00094465,0.0010288,0.00097227,0.0012765,0.0013445,0.0022489,0.0041666,0.041361,0.0065473,0.0024549,0.0016552,0.001045,0.00073145,0.00084466,0.00081636,0.0035096,0.0023992,0.0026435,0.0028067,0.0029549,0.0032061,0.0049985,0.0049695,0.005889,0.22374,0.012935,0.0074486,0.0045259,0.0035749,0.0042748,0.002691,0.0032235,0.0090868,0.00028299,0.00047658,0.00048387,0.00069751,0.00049711,0.00088287,0.0010709,0.0010716,0.023377,0.0030652,0.00062485,0.00066636,0.00024809,0.00073926,0.00012869,5.3391e-05,0.00058365,0.00012803,0.00022336,0.00013289,9.3108e-05,0.00059397,0.00025818,0.0014913,0.0013864,0.028288,0.00057508,0.00048647,0.00036493,0.00026395,0.0007736,0.00028724,0.00038149,0.029547,0.0049533,0.0055784,0.0053595,0.0048926,0.0066358,0.0088252,0.01113,0.017165,0.060022,0.075863,0.023633,0.014589,0.010507,0.0095433,0.0093201,0.0086385,0.014521,0.00056541,0.00079391,0.00057972,0.00068739,0.00091887,0.0010323,0.0019108,0.0023536,0.0096688,0.0057375,0.0023434,0.0015114,0.0009958,0.00081208,0.00084446,0.00048257,0.0027237,0.00052082,0.0004353,0.00065898,0.0007516,0.00090792,0.00083521,0.0022073,0.0036336,0.018136,0.015827,0.0042968,0.0030239,0.0022659,0.0020859,0.0019204,0.0019417,0.01733,0.0013368,0.0023099,0.0020764,0.0016579,0.0021194,0.003089,0.0030277,0.01828,0.21954,0.014312,0.0046164,0.0022493,0.0016547,0.0019548,0.002062,0.00025179,0.0009823,0.00080006,0.00050738,0.00074048,0.00070743,0.00070634,0.00076887,0.00089304,0.0031298,0.049328,0.0019701,0.0016232,0.00064177,0.00063279,0.00097957,0.0003893,5.1495e-05,0.0017719,0.00065671,0.00033679,0.00055939,0.00055721,0.00069731,0.00081916,0.0016799,0.0037245,0.059124,0.0059905,0.0019391,0.0012772,0.00095885,0.00091069,0.00070591,0.00062371
0.00033759,0.0014728,0.0020409,0.00049442,0.00095858,0.0019077,0.0017034,0.003309,0.010221,0.049976,0.0095134,0.0038565,0.0025502,0.0014071,0.0037148,0.0019757,0.0011997,0.0013561,0.00060229,0.00075577,0.00043362,9.5571e-05,0.00044932,0.00094752,0.00090418,0.0036028,0.021009,0.0055703,0.002011,0.0013114,0.00077313,0.00063288,0.00077673,0.00087548,0.0035592,0.00017525,0.00021668,0.00031823,0.00016965,0.00054086,0.0005071,0.001344,0.0016947,0.046385,0.0072458,0.002315,0.0014156,0.0010823,0.001514,0.00099376,0.00081635,0.0021038,0.0070374,0.0075373,0.0075499,0.0082332,0.010046,0.011427,0.01667,0.031979,0.29476,0.018984,0.009227,0.0056887,0.0031631,0.0024541,0.00073955,0.00023841,0.0081178,0.00063537,0.00036737,0.0011353,0.00057073,0.00063385,0.0012358,0.0010699,0.002286,0.021737,0.0010096,0.00057706,0.00068677,0.00054062,0.00042711,0.00024777,3.0529e-05,0.0027371,0.00037003,0.00062019,0.00050375,0.0010035,0.0007721,0.00098478,0.00094955,0.0027804,0.015016,0.004768,0.0020162,0.0013661,0.0010402,0.001195,0.00083356,0.00079536,0.034226,0.0027674,0.0035146,0.0058782,0.0051892,0.0044316,0.0079862,0.009078,0.017449,0.051801,0.067756,0.013041,0.0032801,0.0083813,0.0028719,0.0029989,0.0031395,0.013027,0.00076039,0.00017472,0.0009293,0.0011503,0.00039165,0.0008945,0.0040954,0.0070281,0.017653,0.0059938,0.0042751,0.0012703,0.0014265,0.002527,0.0018016,6.1024e-05,0.0052834,0.0028465,0.0019496,0.004831,0.0052826,0.0025021,0.0057943,0.012721,0.014647,0.028819,0.02789,0.011404,0.0024784,0.0032533,0.0047586,0.0032518,0.00015259,0.0061437,0.0049814,0.004792,0.0055309,0.006206,0.0067847,0.0085816,0.015519,0.033613,0.23095,0.015069,0.008199,0.0050495,0.0034929,0.0023158,0.0021691,0.0030079,0.0066396,0.0012137,0.00054473,0.00062181,0.00098831,0.0011634,0.00088448,0.0014479,0.003424,0.047063,0.0046956,0.0016733,0.0011806,0.0012251,0.0020755,0.00059937,0.00059701,0.00094033,0.00041098,0.00047847,0.00024973,0.00050275,0.00070252,0.0010657,0.00076709,0.0026157,0.050841,0.0076477,0.0029594,0.0019606,0.0015663,0.0010789,0.001278,0.0012417
0.0051804,0.0017489,0.0010131,0.0013526,0.0017307,0.0023062,0.0037514,0.0042784,0.012595,0.064014,0.0094566,0.0044636,0.0041114,0.0032298,0.0056366,0.00089729,0.00091171,0.0010681,0.00097387,0.00057471,0.00049109,0.0007594,0.00043283,0.001014,0.0015479,0.0028764,0.020143,0.0061762,0.0023196,0.0018161,0.0014911,0.0013389,0.0010962,0.0011902,0.0042134,0.0010331,0.00087772,0.0011523,0.0012073,0.0014427,0.0021106,0.002725,0.0056801,0.048009,0.0057903,0.0023183,0.0017212,0.0012754,0.00096958,0.0012374,0.0011921,0.0035058,0.0012842,0.0013214,0.0011437,0.0017028,0.0023534,0.0036284,0.0070403,0.024521,0.30806,0.0090948,0.0071089,0.0054697,0.0040431,0.004415,0.0042303,0.0037995,0.0062715,0.00056276,0.00018497,0.00063832,0.00014971,0.00031415,0.00013867,0.00053061,0.00050289,0.020515,0.0015087,0.00068209,0.00029363,0.00037854,0.00049408,0.00040744,6.4839e-05,0.0017185,0.00029787,0.00024713,0.00050074,0.00032766,0.00031507,0.00089467,0.00063113,0.0024952,0.01464,0.0030209,0.00089031,0.00078467,0.00057106,0.00029858,0.00050819,0.00054742,0.043193,0.0041591,0.0034838,0.0039052,0.0040467,0.005337,0.0064552,0.0098433,0.014502,0.12347,0.062284,0.017986,0.011571,0.0073253,0.0076465,0.0065466,0.0067426,0.012015,0.00048901,0.00045196,0.00041107,0.00045163,0.00049048,0.00068484,0.001197,0.0038706,0.027364,0.0020408,0.0011424,0.0006047,0.00026962,0.0006965,0.000262,0.00039102,0.002348,0.0027074,0.003037,0.0032084,0.0035609,0.0037057,0.0046789,0.0058248,0.011046,0.031469,0.015534,0.0053357,0.0029141,0.0014708,0.0010294,0.00056482,0.00016977,0.0099184,0.0052499,0.0081181,0.011493,0.01473,0.018176,0.022026,0.024766,0.021733,0.18623,0.018905,0.027762,0.031104,0.033229,0.033449,0.034519,0.03497,0.0053178,0.0018914,0.0024494,0.0033801,0.0039243,0.0045838,0.0053668,0.006668,0.0095011,0.046452,0.0049064,0.0057115,0.0067384,0.0071589,0.0071972,0.0076958,0.0073625,0.0063973,0.0050452,0.0052431,0.0053107,0.0054095,0.0053408,0.0053774,0.0058638,0.0064364,0.050021,0.0061052,0.0042818,0.0045832,0.0046143,0.0050972,0.0047346,0.0046998
0.0037098,0.004129,0.0045413,0.0055823,0.0046223,0.0060301,0.0087709,0.012344,0.035274,0.065727,0.019425,0.0084881,0.0058778,0.0047892,0.00457,0.0027737,0.0033169,0.0042687,0.0027387,0.002165,0.0018231,0.0026202,0.0023775,0.0030674,0.0044393,0.011709,0.020346,0.0081084,0.0032937,0.0022657,0.0015179,0.0011711,0.00072624,0.00079346,0.0078565,0.0017851,0.0020372,0.00255,0.002435,0.0030461,0.0042401,0.0057369,0.015947,0.045303,0.01232,0.0054245,0.0036681,0.0028425,0.0024463,0.0026097,0.0023823,0.0023327,0.0069982,0.0061355,0.0072478,0.0080048,0.0098811,0.011887,0.016874,0.032807,0.21365,0.023004,0.012605,0.0092964,0.006718,0.0045098,0.0052626,0.0051594,0.004078,0.00093055,0.00068734,0.00044312,0.0006745,0.00050044,0.00066307,0.00056835,0.0021465,0.023287,0.0018705,0.00098491,0.00051832,7.5337e-05,0.00060869,0.00041481,0.00025178,0.0036755,0.00097275,0.0011308,0.00093978,0.0011804,0.0015105,0.0016514,0.0029674,0.0052726,0.029228,0.0067463,0.0029574,0.0018618,0.0014449,0.0011218,0.0011637,0.0010357,0.026871,0.0038671,0.0047916,0.0051905,0.0053414,0.005224,0.0069011,0.0093354,0.015421,0.11086,0.061103,0.014686,0.00658,0.0055427,0.0047142,0.0028892,0.0033112,0.0080014,0.00098977,0.00054315,0.00085314,0.0014468,0.0012006,0.001802,0.0025078,0.0073091,0.019298,0.0072864,0.0033009,0.0022918,0.001595,0.0016668,0.0015447,0.0015011,0.0010853,0.001658,0.0015948,0.0017166,0.0018433,0.0026138,0.0032937,0.0053493,0.015336,0.029455,0.020694,0.0079582,0.0056447,0.0044364,0.0039572,0.0036796,0.0036297,0.014723,0.0032083,0.0031557,0.0027489,0.0035698,0.0040593,0.0054371,0.0082465,0.028075,0.20426,0.014629,0.0085408,0.0047055,0.0044613,0.0042036,0.0020106,0.0038014,0.0037442,0.0013085,0.0011472,0.0010733,0.00079819,0.0010761,0.0014845,0.0012063,0.0034096,0.049209,0.0027327,0.0010277,0.00079547,0.000555,0.001091,0.0001322,0.00042534,0.0015812,0.0015141,0.0014114,0.0015137,0.0017358,0.0019518,0.0023889,0.0034354,0.0069716,0.062408,0.0064182,0.0020393,0.0010459,0.00058914,0.00017931,0.00033539,8.9664e-05
0.011864,0.0060666,0.0056643,0.0056562,0.0057569,0.0075806,0.0093848,0.012122,0.014048,0.053698,0.020282,0.0092168,0.0061509,0.0048882,0.0024594,0.0075748,0.0052872,0.008957,0.0012483,0.0013139,0.0013476,0.0014831,0.0016983,0.0019973,0.0034964,0.0064368,0.021309,0.0077794,0.0037848,0.0023248,0.001787,0.0014861,0.0016569,0.0015908,0.0039006,0.0026467,0.0026442,0.002998,0.0033385,0.0041889,0.0053993,0.0072611,0.015084,0.031956,0.014046,0.0060698,0.0041156,0.0031706,0.0028284,0.0022383,0.0022412,0.0088541,0.017902,0.018029,0.019717,0.021319,0.024387,0.030822,0.040992,0.075228,0.16982,0.062164,0.027859,0.015661,0.010569,0.0071269,0.003683,0.0040589,0.0079728,0.0015133,0.00077365,0.0011861,0.00055958,0.00069157,0.00062027,0.0011826,0.0025292,0.026463,0.0078111,0.0021322,0.0016797,0.001221,0.0014556,0.0007472,0.00045777,0.0035515,0.0016405,0.0016591,0.0019889,0.0022154,0.0022035,0.002915,0.0048032,0.0084245,0.058368,0.0039221,0.002211,0.001268,0.00089036,0.0002562,0.00061739,0.00047684,0.031867,0.0062052,0.0057681,0.0071908,0.0078314,0.0088645,0.012463,0.016812,0.026541,0.056613,0.078959,0.025851,0.016923,0.013537,0.012176,0.010489,0.0096914,0.010248,0.0017998,0.0017164,0.0015446,0.0019235,0.0020835,0.002401,0.0039729,0.0080653,0.013429,0.0076664,0.0035631,0.0021016,0.0016544,0.0014951,0.0013603,0.0014897,0.0032406,0.0019057,0.0016432,0.0017409,0.0020235,0.002295,0.0034842,0.0044852,0.010962,0.034781,0.014627,0.004638,0.0030713,0.0024054,0.0020934,0.0017854,0.001646,0.022789,0.0043607,0.0051655,0.0043095,0.0057826,0.0068369,0.0086085,0.014079,0.038212,0.1592,0.011335,0.01055,0.0066848,0.0061922,0.0042024,0.0065604,0.0057756,0.0075685,0.002033,0.0015199,0.0017359,0.0023195,0.0026479,0.0031899,0.0047613,0.0087466,0.043239,0.0087318,0.0035327,0.0020093,0.001538,0.00085316,0.0012796,0.00089265,0.0016976,0.0011381,0.0011517,0.0015688,0.0016457,0.0022971,0.0030457,0.0062019,0.010935,0.074074,0.011752,0.0058627,0.0043082,0.0034171,0.0030191,0.0027367,0.0028077
0.014931,0.0025298,0.0013444,0.0018357,0.0039195,0.0033889,0.0068438,0.012286,0.032623,0.050786,0.023844,0.011888,0.0087982,0.0079215,0.0048334,0.010799,0.0084497,0.0022145,0.0022385,0.0019315,0.0015387,0.0017082,0.0019175,0.0020363,0.0039582,0.0064966,0.011948,0.0082922,0.0031979,0.002291,0.0019682,0.0015571,0.0011777,0.0013027,0.002636,0.0018918,0.0012376,0.001203,0.002075,0.0025597,0.0038002,0.0066821,0.018729,0.033768,0.016848,0.0079978,0.0060086,0.0047807,0.004488,0.0041534,0.0040284,0.0060292,0.0036772,0.0029654,0.0042655,0.0079063,0.011976,0.020553,0.036757,0.11359,0.56001,0.054842,0.03406,0.028429,0.024114,0.021249,0.019251,0.020029,0.016867,0.0010087,0.00024391,0.00023422,0.00018368,0.00011753,0.00052649,0.00035707,0.0020453,0.017777,0.0013098,0.00022615,0.00012898,0.0003529,0.0011424,0.0013959,0.00011635,0.0028287,0.002354,0.0027311,0.0030487,0.0030079,0.0037226,0.0056879,0.0086043,0.02174,0.052638,0.012399,0.0070491,0.0051446,0.0041887,0.0038845,0.0032019,0.0032292,0.026787,0.0041238,0.004308,0.0011306,0.0028072,0.0052545,0.0089877,0.014909,0.03867,0.050625,0.093509,0.02668,0.019498,0.014988,0.012883,0.012847,0.01331,0.020464,0.0019999,0.001927,0.0023216,0.002021,0.0024515,0.0031669,0.0054088,0.010602,0.013726,0.0083141,0.002903,0.0018407,0.001482,0.00092544,0.00052942,0.00055885,0.0034943,0.0017425,0.0019828,0.0023534,0.0022728,0.0026114,0.0034581,0.0056149,0.014249,0.030694,0.012828,0.0045181,0.0026622,0.0020834,0.0017268,0.0018705,0.0015259,0.018206,0.0099217,0.0092803,0.010708,0.011342,0.013949,0.019269,0.030215,0.082984,0.11496,0.024478,0.018948,0.015038,0.012722,0.011484,0.007022,0.0083715,0.0013008,0.0037884,0.0025843,0.0024178,0.0025135,0.0029736,0.0040265,0.0062621,0.015107,0.035313,0.013933,0.005733,0.004345,0.0031685,0.0027157,0.003026,0.0027695,0.0032464,0.0054673,0.0052253,0.0056499,0.0067369,0.0079078,0.010049,0.014776,0.030433,0.058089,0.017413,0.0075214,0.0047532,0.0030755,0.0023375,0.001983,0.0016022
0.011397,0.0052829,0.0064381,0.0054539,0.0063736,0.0056943,0.0073477,0.012587,0.017833,0.061848,0.020506,0.0097675,0.0079311,0.0066485,0.0058217,0.0021332,0.0023175,0.014893,0.0024384,0.0028864,0.0029003,0.0036212,0.0024552,0.0027112,0.0037352,0.010747,0.020457,0.0079423,0.0033864,0.0023147,0.0018648,0.001499,0.0008765,0.00091172,1.3355e-05,0.001965,0.0023032,0.0016323,0.0018203,0.0024054,0.0037401,0.0068305,0.01814,0.0378,0.011727,0.003435,0.0020355,0.0020441,0.0021369,0.0026483,0.0025311,0.0048104,0.007705,0.010791,0.017322,0.0032863,0.032272,0.03233,0.043062,0.24224,0.1232,0.090522,0.081778,0.0035584,0.051554,0.037137,0.018227,0.045689,0.0088045,0.00268,0.0001998,0.0010993,0.0012755,0.00080296,0.0015138,0.0019743,0.0019732,0.015646,0.0066919,0.0019074,0.00093619,0.0014363,0.00048855,0.00041228,0.0012322,0.0028687,0.00072548,0.0031891,0.0030808,0.0017105,0.0064538,0.0029729,0.0085532,0.034501,0.02206,0.019951,0.0094777,0.0053743,0.007308,0.0051012,0.0044936,0.0057221,0.047566,0.0059382,0.0041812,0.0044701,0.0056624,0.0068125,0.0089838,0.017502,0.041728,0.080121,0.071624,0.0088046,0.004938,0.0047676,0.003205,0.0036152,0.0030404,0.016499,0.0013073,0.001367,0.0011585,0.0009507,0.001938,0.0023175,0.0036245,0.010565,0.018158,0.0081194,0.0043988,0.0027378,0.0022489,0.0019786,0.0017342,0.0017433,0.0022354,0.00066917,0.00041053,0.00068004,0.00094275,0.0019422,0.0027978,0.0054865,0.019476,0.027107,0.023435,0.0067627,0.0055439,0.0045469,0.0041197,0.0037727,0.0037728,0.0059587,0.0029357,0.00047588,0.0016178,0.0027359,0.0049975,0.0080357,0.010514,0.051761,0.15631,0.024981,0.016753,0.012627,0.011929,0.010731,0.0087734,0.010628,0.019368,0.0018411,0.0024275,0.0023241,0.0027524,0.0032799,0.0044885,0.0062546,0.013803,0.030884,0.0091679,0.0043684,0.003198,0.0025934,0.0027931,0.0020248,0.0017586,0.0027714,0.00056921,0.00098065,0.0011103,0.0020875,0.0026905,0.00424,0.0066886,0.021346,0.063489,0.014675,0.0090108,0.0072311,0.0060426,0.0053047,0.0050801,0.0049077
0.011908,0.0059669,0.0057161,0.0047898,0.0069293,0.0086946,0.011914,0.021383,0.046213,0.061618,0.016827,0.012509,0.0098668,0.0076718,0.0083969,0.0037098,0.0058537,0.0096742,0.0037632,0.0025506,0.0025932,0.0024675,0.0023547,0.0032459,0.0047229,0.015952,0.0079471,0.0066516,0.0025998,0.0018154,0.0013449,0.00081769,0.00090079,0.00081635,0.0026379,0.0020161,0.0021551,0.0024982,0.0026703,0.0032209,0.0044584,0.0054378,0.024774,0.033781,0.0069982,0.0037818,0.0028039,0.0023368,0.0021613,0.0018846,0.0019093,0.019259,0.0077271,0.0056422,0.005047,0.0059438,0.0066278,0.0083568,0.015499,0.02564,0.44824,0.068291,0.022164,0.013483,0.010076,0.0086905,0.008784,0.0078107,0.0086061,0.0014446,0.00048789,0.00088618,0.001167,0.0012241,0.0016424,0.0032916,0.0042301,0.016281,0.0079924,0.0043001,0.0026234,0.001813,0.0018623,0.0020494,0.0019302,0.0012665,0.0003655,0.00077805,0.00080834,0.001347,0.0022277,0.0028647,0.0064072,0.013446,0.053148,0.012172,0.0063358,0.0049222,0.0040258,0.0036353,0.0033282,0.003212,0.046452,0.0047922,0.0037768,0.0027118,0.0035347,0.0035233,0.0059007,0.010456,0.021604,0.072733,0.070861,0.0076116,0.0040801,0.0031967,0.0016113,0.0023829,0.0015717,0.014395,0.00055818,0.000415,0.00037273,0.00059271,0.0010999,0.0010381,0.0013082,0.0090395,0.016354,0.0014386,0.0022925,0.0016441,0.00082021,0.0007872,0.00067756,0.0012951,0.0024586,0.0016739,0.0014523,0.0014582,0.0017223,0.0020718,0.0022386,0.0025422,0.015082,0.019175,0.020387,0.0036757,0.0024686,0.001698,0.001367,0.00097766,0.0011235,0.01623,0.012964,0.010281,0.010601,0.015327,0.011144,0.024872,0.015162,0.067108,0.080539,0.062042,0.010859,0.023816,0.0081459,0.013699,0.010569,0.012461,0.010498,0.0056276,0.0027606,0.0047881,0.0044339,0.0045691,0.0081696,0.0060223,0.029673,0.02796,0.021326,0.0044031,0.0091658,0.0036758,0.0057264,0.0031334,0.0047112,0.0026074,0.0079467,0.0027786,0.0081013,0.006638,0.0081317,0.013501,0.007383,0.050006,0.037692,0.032251,0.0077525,0.010447,0.0081821,0.0041283,0.0079393,9.726e-05
0.0071031,0.0067366,0.006102,0.0067092,0.008718,0.010369,0.013347,0.023793,0.053523,0.064179,0.02431,0.015594,0.011205,0.009131,0.0089235,0.011281,0.0082628,0.0025597,0.0010875,0.00080435,0.00083288,0.002019,0.0022088,0.0032025,0.0053921,0.011288,0.011024,0.0063296,0.0037139,0.0023263,0.0020072,0.0015681,0.0016094,0.0014343,0.0018788,0.002331,0.0031095,0.0027571,0.0032069,0.0038442,0.0049927,0.0082828,0.018256,0.01449,0.0070484,0.0047148,0.0032203,0.002562,0.0022846,0.0020082,0.0020161,0.02051,0.026246,0.027551,0.028735,0.032595,0.037811,0.049091,0.071559,0.15136,0.061466,0.1462,0.070044,0.046602,0.035792,0.031142,0.028017,0.02851,0.009926,0.0012308,0.0007939,0.00083532,0.0006257,0.0010202,0.0015343,0.0016051,0.0036735,0.014316,0.0058773,0.00374,0.0023398,0.0020318,0.0012264,0.0013471,0.002285,0.0026589,0.0021496,0.002042,0.0023836,0.0029448,0.0037851,0.004377,0.0067828,0.017285,0.051428,0.012014,0.0051296,0.003717,0.0031249,0.0026567,0.0023069,0.0025635,0.03967,0.0019135,0.0023802,0.003025,0.003371,0.0038469,0.0051966,0.0076778,0.046116,0.032143,0.090373,0.016155,0.010641,0.0088184,0.0072144,0.0066415,0.0067864,0.014145,0.00058894,0.00025276,0.00022203,0.00061931,0.00098397,0.00099825,0.0017539,0.0055508,0.014166,0.012853,0.0038493,0.0021435,0.001158,0.0011565,0.0013481,0.001236,0.0048924,0.0013417,0.0017422,0.0018167,0.0019531,0.0023452,0.0033859,0.0052644,0.012587,0.012233,0.026531,0.0066684,0.0045716,0.003781,0.0033398,0.0031535,0.0028668,0.0090295,0.0046976,0.0035624,0.0051133,0.0067353,0.0095774,0.013263,0.024231,0.067929,0.16455,0.031622,0.0232,0.017492,0.013966,0.013981,0.010551,0.013184,0.0079423,0.0025471,0.0017977,0.0022429,0.0020201,0.0024137,0.0037866,0.0053238,0.012523,0.04142,0.0048256,0.004146,0.0036556,0.0028405,0.0029034,0.0026034,0.0023118,0.00095179,0.0042363,0.0046298,0.0046797,0.0047513,0.0057766,0.0080157,0.010767,0.024988,0.065262,0.0074275,0.0051784,0.0037932,0.0026626,0.0019079,0.0014941,0.0011883
0.016096,0.0057083,0.0048326,0.0056759,0.0053473,0.0068972,0.0084946,0.010932,0.061349,0.067781,0.019176,0.0088486,0.0049827,0.0046504,0.0028349,0.0028038,0.0034619,0.031683,0.0049639,0.0024475,0.0015181,0.0024039,0.0011591,0.001154,0.0018054,0.009594,0.013502,0.0069489,0.0024501,0.0015256,0.0015859,0.0013706,0.0010911,0.001257,0.0066243,0.0018006,0.0023763,0.0016681,0.0024878,0.0024506,0.0034893,0.0051668,0.0052981,0.027253,0.0099143,0.0024166,0.001282,0.00085078,0.00063554,0.00027456,0.000288,0.042346,0.0092526,0.011893,0.01112,0.012956,0.016453,0.022066,0.036893,0.10953,0.39133,0.078223,0.037783,0.027319,0.022352,0.019605,0.018575,0.016745,0.012428,0.0025651,0.0018473,0.0011758,0.0018146,0.0012871,0.0024284,0.0022326,0.0036034,0.018897,0.006077,0.002224,0.0015564,0.00097343,0.00080293,0.00041114,0.00014877,0.0014038,0.0002844,0.00088683,0.0015361,0.0020582,0.0032941,0.0056415,0.0097195,0.023436,0.027124,0.017723,0.011175,0.0085,0.0071005,0.0063561,0.0058851,0.0057374,0.06342,0.009035,0.0074138,0.0063667,0.0067973,0.0066432,0.0074749,0.0082752,0.051765,0.06726,0.072529,0.007068,0.0061547,0.0068212,0.0054535,0.0065338,0.006363,0.027556,0.0017276,0.0022299,0.0018768,0.0014442,0.0013077,0.0012282,0.0017112,0.0077182,0.0099182,0.0075282,0.0039502,0.0026797,0.0017242,0.002238,0.0022058,0.0023633,0.0058595,0.0021531,0.0020275,0.00244,0.0026151,0.0035748,0.0045629,0.0087343,0.021965,0.016065,0.024431,0.0051629,0.0019386,0.0015983,0.0010639,0.00057738,0.00060654,0.00075534,0.006402,0.0064832,0.0063074,0.0085868,0.01174,0.016764,0.032548,0.1146,0.13917,0.051292,0.026853,0.019751,0.017644,0.015288,0.014459,0.012196,0.036147,0.0063774,0.0035205,0.0032173,0.002326,0.0026198,0.0035338,0.0060005,0.014637,0.025114,0.0087455,0.0049301,0.0039757,0.0033901,0.0025835,0.0031717,0.0026303,0.0058232,0.0018684,0.0024907,0.0024072,0.004063,0.0042975,0.0067603,0.012424,0.030869,0.04873,0.019918,0.012175,0.0091589,0.0076375,0.0070637,0.0065947,0.0066968
0.0285,0.002416,0.00074104,0.0017263,0.0022812,0.002456,0.0044417,0.008989,0.034152,0.050951,0.021726,0.0093083,0.0070328,0.0062146,0.0039724,0.0057533,0.0046693,0.050263,0.0023122,0.0010756,0.00060817,0.0013342,0.0018377,0.0018471,0.0030624,0.010955,0.0047463,0.010113,0.0029492,0.0017692,0.0019782,0.001363,0.0012787,0.00099947,0.012293,0.0014551,0.0010652,0.0011618,0.00094675,0.0016755,0.0028138,0.0037766,0.016611,0.028561,0.013337,0.0044959,0.00322,0.0027858,0.002483,0.0023716,0.0023747,0.069631,0.007235,0.0082045,0.0084426,0.011406,0.014692,0.019514,0.033452,0.072655,0.39206,0.10309,0.036095,0.022294,0.018942,0.015598,0.015186,0.014942,0.018271,0.00042271,0.0012556,0.0013538,0.0014047,0.0016118,0.0017473,0.0027373,0.0055956,0.012091,0.011392,0.0046628,0.0017353,0.0017721,0.0015854,0.0017487,0.0012226,0.00044443,0.0023213,0.0020165,0.002114,0.0028639,0.0028281,0.0035478,0.006774,0.015549,0.054299,0.013296,0.0055467,0.0041735,0.0033565,0.0029523,0.002672,0.0025654,0.091657,0.0035957,0.0013175,0.0011055,0.0015618,0.0022858,0.0028965,0.0039175,0.050821,0.027745,0.090548,0.014093,0.0073501,0.0074861,0.0060421,0.0063547,0.0061532,0.032912,0.00071028,0.00048012,0.00048267,0.001175,8.3106e-06,0.001097,0.0017116,0.0045327,0.012402,0.0098274,0.0038628,0.0026812,0.0017014,0.001358,0.0011588,0.0011387,0.002388,9.8676e-05,0.0003537,0.00024012,0.00012337,0.00044673,0.00099293,0.0017435,0.006555,0.02256,0.021119,0.0030153,0.0012981,0.00076529,0.00044152,0.00050516,0.00044252,0.0091726,0.0029702,0.001782,0.00097665,0.00079031,0.0010311,0.0015602,0.003981,0.019534,0.12667,0.027248,0.007131,0.0029557,0.0024759,0.002958,0.0026641,0.0016156,0.055673,0.004908,0.0023285,0.0021841,0.0021388,0.0027206,0.0034689,0.0049041,0.01093,0.039811,0.013634,0.0039406,0.0030632,0.0025142,0.002019,0.0017128,0.0013542,0.0067178,0.0019575,0.0023118,0.0026399,0.0027162,0.0039085,0.0051342,0.0073868,0.01375,0.071528,0.012604,0.0049529,0.0033189,0.0027156,0.0023647,0.0019879,0.0019341
0.0097372,0.0044636,0.0050346,0.0040249,0.0054876,0.0074695,0.011885,0.022384,0.062421,0.072365,0.022881,0.017968,0.013042,0.012202,0.00992,0.010186,0.0093252,0.026825,0.0024646,0.0016938,0.0013779,0.0014021,0.0024304,0.0025073,0.0056754,0.017335,0.017065,0.0051312,0.0051573,0.0039222,0.0034269,0.0031871,0.0028338,0.0029755,0.008402,0.0020876,0.0019642,0.0021393,0.0025489,0.002956,0.0045829,0.0076606,0.022476,0.01575,0.0067417,0.0049672,0.0039195,0.0031665,0.0027779,0.0026573,0.0024052,0.035145,0.0054107,0.0062992,0.0069591,0.01029,0.014354,0.021206,0.03581,0.078094,0.08351,0.16035,0.06752,0.045874,0.038074,0.033924,0.032129,0.030438,0.013287,0.0008885,0.0017221,0.0018894,0.0014932,0.0021254,0.0023791,0.0032148,0.0061513,0.013612,0.017475,0.0048285,0.0026668,0.0020848,0.0016745,0.0018231,0.00058365,0.0013085,0.00050364,0.00023495,0.00040173,0.00046589,0.00059645,0.00092602,0.0023549,0.0059129,0.045397,0.0032244,0.0014238,0.00099833,0.0010332,0.0009144,0.00094905,0.00059893,0.067487,0.0038775,0.0015158,0.0021132,0.0034906,0.0047442,0.0079396,0.014641,0.055171,0.05171,0.10841,0.023092,0.015099,0.012658,0.010474,0.0097163,0.0098993,0.023495,0.00080205,0.0015865,0.0018211,0.0017572,0.0029746,0.003701,0.0049397,0.011621,0.01512,0.022919,0.005756,0.0027714,0.0020728,0.0015275,0.0014169,0.00070955,0.004612,0.0016579,0.0013669,0.0014292,0.001521,0.0022993,0.0027386,0.0054454,0.018956,0.032817,0.016963,0.0014906,0.0021382,0.0018756,0.0016651,0.0017211,0.0017357,0.011313,0.0104,0.010533,0.011352,0.012824,0.015085,0.019455,0.029217,0.079267,0.20418,0.020011,0.015948,0.010317,0.0076523,0.0057639,0.0077256,0.0037747,0.033062,0.0027968,0.0018599,0.0010342,0.0016346,0.0014222,0.0018077,0.002953,0.00643,0.04799,0.0083001,0.0036057,0.0024931,0.0023083,0.0023728,0.0014212,0.0012779,0.0040761,0.00034132,0.00031917,0.00053413,0.0006961,0.0017812,0.0022697,0.0052663,0.0093811,0.065424,0.012834,0.0054915,0.004003,0.0033728,0.0030813,0.002864,0.003027
0.0069924,0.0025748,0.0039199,0.004194,0.0062366,0.0086321,0.013229,0.027131,0.089934,0.072952,0.036863,0.021575,0.016783,0.013986,0.012645,0.011614,0.012383,0.019688,0.0015201,0.0016071,0.0017874,0.0023934,0.0027189,0.0042568,0.0084642,0.027913,0.024565,0.014646,0.0066739,0.0052473,0.0041886,0.0037711,0.0038692,0.0036622,0.0041791,0.00045177,0.00057203,0.00097341,0.0017461,0.0026775,0.0044233,0.009657,0.034536,0.026339,0.018368,0.0082059,0.0063451,0.0055269,0.0051424,0.0044943,0.0045262,0.023108,0.0030416,0.0030641,0.0032171,0.0039158,0.0061554,0.0076341,0.013175,0.040189,0.3044,0.081744,0.033575,0.022557,0.017984,0.016209,0.014643,0.014322,0.015455,0.0013734,0.000447,0.0010792,0.00099816,0.0011991,0.0015109,0.0025539,0.0025504,0.017352,0.0050253,0.0024595,0.0018987,0.0016703,0.0011607,0.00071927,0.00075721,0.0043603,0.0023314,0.0024685,0.0025952,0.0029847,0.003495,0.0042065,0.0056402,0.0094871,0.014844,0.013987,0.0045331,0.002503,0.0017192,0.0012817,0.00087918,0.00083926,0.057464,0.0054577,0.0061038,0.007374,0.0090648,0.011964,0.017762,0.034801,0.085334,0.094482,0.1016,0.028356,0.020315,0.016424,0.016087,0.015076,0.014998,0.025378,0.0010792,0.0016746,0.002001,0.0028658,0.0032829,0.0043414,0.0081628,0.025177,0.02114,0.025101,0.0094202,0.0069144,0.0057532,0.0045438,0.0042229,0.004572,0.003151,0.0025317,0.0025618,0.0027474,0.003208,0.0043937,0.0064972,0.01136,0.034109,0.044232,0.024454,0.0078361,0.0052325,0.0044209,0.0041418,0.003815,0.0035248,0.021529,0.032102,0.031135,0.033124,0.035308,0.038171,0.045216,0.058623,0.13315,0.16987,0.018465,0.0090083,0.0023072,0.0023164,0.0045764,0.0057167,0.0041524,0.02715,0.0038078,0.0039726,0.0039125,0.0039402,0.0047307,0.0054832,0.0076727,0.016609,0.032495,0.0089983,0.0028325,0.0012357,0.00021758,7.2636e-05,0.00081974,9.9186e-05,0.00243,0.0068618,0.0069025,0.0071654,0.0076438,0.0080929,0.0090655,0.012625,0.02376,0.038323,0.0078658,0.0041252,0.0029049,0.0022388,0.0021096,0.0022114,0.0022812
0.011416,0.00041895,0.001986,0.0031792,0.0056266,0.0057483,0.0097721,0.020412,0.062976,0.062609,0.023608,0.016015,0.011414,0.010311,0.0096714,0.0088079,0.010122,0.012203,0.0028076,0.0022465,0.0016366,0.0016731,0.0031597,0.0032162,0.0051321,0.016547,0.025108,0.008959,0.004549,0.0034232,0.0030722,0.0023524,0.0021019,0.0022392,0.0025387,0.0020476,0.00022415,0.0005634,0.0020288,0.0024114,0.0044576,0.0055634,0.026504,0.029972,0.013677,0.0088034,0.0065917,0.0058261,0.0051591,0.0050432,0.0049611,0.020739,0.0062406,0.012984,0.0032771,0.016314,0.02222,0.013681,0.052584,0.15516,0.23485,0.10478,0.031029,0.044105,0.027304,0.02429,0.027455,0.020132,0.0056363,0.0014225,0.001224,0.0011341,0.0012044,0.0001279,0.0021866,0.0020808,0.0058916,0.017583,0.0063154,0.0067163,0.002918,0.0019974,0.0023759,0.0015379,0.0018788,0.0049153,0.0025769,0.0038101,0.0046181,0.0021207,0.0070348,0.0055745,0.0093338,0.032745,0.02766,0.018973,0.007308,0.0023329,0.0054929,0.002706,0.0020877,0.004057,0.053109,0.0042147,0.0036672,0.0041088,0.0048746,0.0089048,0.012849,0.02868,0.071609,0.10107,0.059416,0.015899,0.013527,0.011623,0.011999,0.011342,0.0098573,0.012856,0.0011352,0.00077547,0.00076516,0.00042888,0.0018505,0.003186,0.0036793,0.018866,0.025113,0.0040683,0.0037847,0.0039009,0.0033983,0.0030115,0.0028981,0.0030556,0.00026133,0.00082857,0.0010983,0.0014859,0.0022502,0.0028996,0.0049011,0.0052408,0.024517,0.035881,0.030614,0.0096414,0.0067438,0.0058499,0.0053038,0.0050137,0.0049497,0.018223,0.016994,0.016957,0.019,0.019922,0.023531,0.029914,0.045055,0.086158,0.15039,0.054478,0.019515,0.013504,0.0074352,0.0054064,0.0041545,0.00317,0.014973,0.0017303,0.0018104,0.0022086,0.0026276,0.0030978,0.0043498,0.0072825,0.015884,0.03331,0.00070171,0.0052227,0.0029759,0.0031131,0.0021183,0.0036533,0.0022088,0.0067216,0.0038946,0.0042636,0.003957,0.005208,0.0053042,0.0073031,0.010722,0.023278,0.055251,0.0057012,0.0049341,0.0027437,0.0020989,0.0015047,0.0009834,0.0011215
0.03254,0.004751,0.0029175,0.0036955,0.0044948,0.0055875,0.0067552,0.0071253,0.039554,0.069968,0.011241,0.0062165,0.0046237,0.0033289,0.0024208,0.0016378,0.0026207,0.053307,0.0070956,0.0039641,0.0029648,0.003039,0.0033699,0.0039432,0.0069487,0.014291,0.030452,0.0031989,0.0025706,0.002022,0.0013202,0.00083412,0.00071189,0.00067521,0.017521,0.0042325,0.0029292,0.0030281,0.003264,0.0040876,0.0057356,0.010416,0.013617,0.036281,0.012842,0.0056852,0.0038857,0.0033042,0.0028598,0.0027718,0.0026436,0.062837,0.0055212,0.0049835,0.0087247,0.015135,0.024175,0.038784,0.068508,0.20104,0.12525,0.22519,0.099826,0.072798,0.058418,0.052564,0.049795,0.048737,0.013869,0.0024347,0.0020366,0.001811,0.0015321,0.0014673,0.0027167,0.0040939,0.0063448,0.010574,0.017561,0.0050318,0.0022144,0.002213,0.0021648,0.0013863,0.0022641,0.0078107,0.0016406,0.0010786,0.0013338,0.0019022,0.0022094,0.0026037,0.0067906,0.015549,0.03595,0.0057442,0.0040336,0.0033655,0.0028108,0.0026156,0.0022618,0.0023022,0.10562,0.0087891,0.0076268,0.0080747,0.0086407,0.010852,0.014739,0.017413,0.062704,0.073748,0.12799,0.019411,0.014911,0.011435,0.011392,0.010125,0.0096838,0.029566,0.003515,0.0020498,0.0025621,0.0029116,0.0033901,0.0038824,0.0091578,0.019578,0.023512,0.031519,0.0039519,0.0040524,0.0037578,0.0030947,0.0028689,0.0029621,0.0096666,0.002703,0.002774,0.0031653,0.0037279,0.0046823,0.0063454,0.016116,0.026163,0.040417,0.010438,0.0078856,0.0067046,0.0053691,0.0047677,0.0044507,0.0045777,0.023079,0.012282,0.014145,0.01523,0.01781,0.021053,0.026697,0.044602,0.1136,0.15273,0.044285,0.027968,0.02013,0.016484,0.012994,0.011889,0.011975,0.06059,0.0074595,0.0048465,0.0040689,0.0032736,0.0038683,0.0046077,0.0068146,0.01795,0.024052,0.016725,0.005185,0.0042939,0.0031653,0.0031016,0.0021494,0.0025978,0.0066815,0.0035322,0.0036423,0.0038034,0.0044274,0.0051857,0.0061302,0.012943,0.026666,0.048976,0.016,0.0059158,0.0050088,0.0040149,0.0036675,0.0033871,0.0033589
0.03299,0.0066557,0.0052346,0.0069803,0.0071358,0.0092684,0.01199,0.019983,0.051777,0.093259,0.022823,0.012289,0.0075977,0.0065629,0.0058847,0.005055,0.0050622,0.074903,0.0031901,0.0024793,0.0021431,0.0021974,0.00301,0.0041659,0.0065118,0.018098,0.033598,0.010417,0.0051561,0.0037412,0.0033759,0.0032166,0.002865,0.0028573,0.034201,0.0037443,0.0031687,0.0034338,0.0036033,0.0046449,0.0057871,0.0085514,0.018926,0.039598,0.01123,0.0036615,0.0021513,0.0014075,0.00090069,0.0006857,0.00072289,0.074554,0.017143,0.017136,0.019878,0.023536,0.029702,0.03963,0.064543,0.14002,0.10307,0.20651,0.081828,0.058521,0.045926,0.04061,0.037917,0.039122,0.024769,0.0027359,0.0016981,0.0019208,0.0014028,0.0020446,0.0022022,0.0030213,0.0053652,0.0085771,0.018373,0.0038684,0.0022244,0.0015148,0.0011068,0.0014174,0.001915,0.013428,0.0014984,0.001256,0.0013569,0.0017608,0.001599,0.0029352,0.0041278,0.015437,0.032165,0.0088554,0.0033026,0.0025618,0.0022543,0.0019836,0.0018272,0.0019951,0.11013,0.01165,0.01395,0.014466,0.015315,0.019522,0.024722,0.045566,0.083518,0.10867,0.070194,0.014,0.0089328,0.0066861,0.0065621,0.0041163,0.0032235,0.045205,0.0028817,0.0021819,0.0024546,0.0030488,0.0028238,0.004287,0.0063949,0.020884,0.02672,0.012714,0.0071185,0.0050194,0.0039055,0.0030323,0.0032598,0.0031777,0.008114,0.0038303,0.0042925,0.0047129,0.0051109,0.0059414,0.0076872,0.011391,0.033615,0.040561,0.030198,0.0074509,0.0059361,0.0046759,0.0039541,0.0037747,0.0034524,0.015799,0.0026083,0.004254,0.0060595,0.0076544,0.011792,0.018499,0.030619,0.074022,0.16383,0.063209,0.034345,0.025496,0.021795,0.020457,0.019078,0.02149,0.090291,0.004266,0.0022239,0.0018271,0.0025048,0.002629,0.0036654,0.0058464,0.015865,0.029617,0.0040531,0.0060458,0.0047651,0.0038139,0.0035087,0.0027351,0.0028763,0.015278,0.00092853,0.00099926,0.0014997,0.0019323,0.003388,0.004555,0.0072869,0.026885,0.049638,0.0068542,0.0074794,0.0060957,0.0049895,0.0045586,0.0044888,0.0041962
0.044474,0.0010721,0.0024561,0.0034793,0.0051817,0.0073973,0.010874,0.018593,0.074535,0.095782,0.0227,0.016753,0.015463,0.011469,0.010654,0.010138,0.0090658,0.084028,0.0047219,0.0016732,0.00068013,0.00064589,0.00072348,0.0025509,0.0056909,0.020816,0.033094,0.011224,0.006307,0.0058988,0.0042407,0.0045593,0.0042463,0.0040284,0.034241,0.0038788,0.0022605,0.0020102,0.0026408,0.0037155,0.0043955,0.0063413,0.022608,0.034841,0.0046843,0.0048553,0.003651,0.0034666,0.0028142,0.0030075,0.002842,0.12632,0.025263,0.028619,0.032539,0.034786,0.040525,0.049768,0.069087,0.16453,0.057962,0.18434,0.061054,0.035638,0.024911,0.018965,0.017075,0.016444,0.026488,0.0030626,0.002527,0.0014427,0.0021319,0.0025697,0.0028166,0.0034599,0.0079488,0.0087541,0.015575,0.0037164,0.0022027,0.0010322,0.00039937,0.00092104,0.00042915,0.013174,0.0032858,0.0025155,0.0027184,0.0027956,0.0028562,0.0041678,0.0061645,0.008688,0.028829,0.011972,0.0033738,0.0020622,0.0011794,0.00050453,0.00041961,5.1495e-05,0.1372,0.0095865,0.0082737,0.0073802,0.0086911,0.015447,0.0095326,0.038986,0.025745,0.11295,0.085005,0.056224,0.029383,0.019218,0.027053,0.0087274,0.025624,0.044013,0.00080161,0.0058064,0.0029837,0.004934,0.0053452,0.0052471,0.011991,0.0071384,0.026424,0.018101,0.012848,0.0056131,0.0033972,0.0043608,0.0012141,0.003275,0.020771,0.0021815,0.004937,0.0032838,0.0050158,0.0054647,0.0058658,0.013166,0.0049685,0.058853,0.015371,0.0083441,0.001224,0.0031996,0.00056077,0.002037,0.00027848,0.0091974,0.012314,0.012133,0.013925,0.014749,0.017452,0.022752,0.035055,0.091989,0.18011,0.050741,0.023837,0.017481,0.013222,0.011119,0.01219,0.01022,0.093996,0.0087498,0.0043436,0.0037953,0.0041272,0.004454,0.0054757,0.0076871,0.016443,0.024795,0.01203,0.0041648,0.0022884,0.0016759,0.0010211,0.00037129,0.00025558,0.021138,0.0022421,0.0033902,0.0030254,0.0038024,0.0053729,0.0059739,0.0094466,0.018256,0.047315,0.010609,0.0053614,0.0036292,0.0029437,0.0024049,0.0022001,0.00206
0.013384,0.005427,0.0048703,0.0048684,0.0052281,0.0074176,0.010119,0.010784,0.080192,0.059894,0.015444,0.012182,0.0091719,0.007459,0.0075892,0.0089306,0.0062925,0.041735,0.0060932,0.0033658,0.0025217,0.003046,0.0026361,0.0033895,0.0080485,0.021104,0.022758,0.0028967,0.0038046,0.0031068,0.0026007,0.0024962,0.0023271,0.002306,0.016245,0.0033844,0.001772,0.0019741,0.0022047,0.0029151,0.0047315,0.010459,0.0285,0.034982,0.0080883,0.0054528,0.0043006,0.0038986,0.0036445,0.003227,0.0035115,0.024697,0.021421,0.023169,0.024308,0.026121,0.029433,0.036372,0.049474,0.07664,0.17653,0.14824,0.044522,0.025902,0.01646,0.013012,0.010241,0.0095178,0.023283,0.0023829,0.0023474,0.0022918,0.0024771,0.0026843,0.0032568,0.004669,0.0067188,0.014576,0.015766,0.0046856,0.0022776,0.0016717,0.00072723,0.00023794,0.00072671,0.0080758,0.0022634,0.0017607,0.001987,0.0023243,0.0028578,0.0038103,0.0061583,0.016298,0.032847,0.015596,0.0075669,0.0055159,0.0046423,0.0042286,0.0037039,0.0037118,0.082326,0.010367,0.0097647,0.0095795,0.01149,0.012496,0.01686,0.020477,0.098057,0.069218,0.1133,0.034806,0.021039,0.01752,0.016003,0.013828,0.014149,0.034485,0.00090329,0.00024396,0.00087734,0.0013643,0.0021615,0.00403,0.0085093,0.017626,0.025938,0.018937,0.010285,0.0076714,0.0060295,0.0048913,0.004859,0.0046922,0.010475,0.0018607,0.0015949,0.0018262,0.0022569,0.0032114,0.0043853,0.012139,0.020209,0.041701,0.0045259,0.0037476,0.0035652,0.0034017,0.0032415,0.003104,0.0033265,0.0060025,0.0080588,0.0072764,0.0079163,0.0083043,0.010342,0.013851,0.017434,0.041284,0.16389,0.018616,0.014327,0.0094676,0.0087074,0.0083095,0.0076566,0.0044194,0.048592,0.0062387,0.003338,0.0020238,0.001092,0.0010498,0.0018394,0.0030701,0.0095076,0.041621,0.014031,0.0060925,0.0043362,0.0040009,0.0036118,0.0025554,0.0035553,0.0056859,0.0030878,0.0031561,0.0035652,0.0039364,0.0047176,0.0066966,0.009652,0.020674,0.056029,0.02031,0.0082533,0.0057335,0.0046372,0.0040325,0.0038829,0.0039845
0.00097849,0.0012687,0.001281,0.0019556,0.0019656,0.003366,0.0057701,0.0087493,0.030869,0.050138,0.020374,0.0099657,0.0077643,0.006443,0.0064751,0.0042794,0.0043279,0.012469,0.0044012,0.0015842,0.00083619,0.0011906,0.00093694,0.0014393,0.0033426,0.0080095,0.013349,0.011797,0.0045729,0.0030505,0.0027012,0.0025083,0.0022975,0.0021916,0.0018883,0.0019606,0.0010188,0.0015239,0.0018944,0.0026262,0.0035328,0.0076393,0.017413,0.036681,0.013507,0.0058243,0.0043593,0.0038283,0.0034887,0.0031484,0.003193,0.0082742,0.0029205,0.0016329,0.0020804,0.0041728,0.0078919,0.013114,0.024984,0.089376,0.41133,0.077935,0.024413,0.017719,0.015355,0.013496,0.012956,0.011994,0.015843,0.0024927,0.0024294,0.0016076,0.0020251,0.0025805,0.0029888,0.0040608,0.0060472,0.014921,0.0081123,0.003478,0.0020311,0.0014009,0.00055856,0.00090728,2.2888e-05,0.0037137,0.00206,0.0020082,0.0023,0.0026834,0.0039685,0.0057148,0.0094039,0.022184,0.038664,0.022978,0.010719,0.0078204,0.006511,0.0056799,0.0054031,0.0052358,0.037339,0.004737,0.0069592,0.0056087,0.0061459,0.0074491,0.0097344,0.013272,0.028543,0.043483,0.09897,0.0092726,0.0042928,0.0030963,0.0027325,0.0012734,0.00085068,0.025692,0.003359,0.002582,0.0021621,0.0022537,0.0028467,0.0034394,0.004681,0.0095793,0.019094,0.024689,0.0036112,0.0016913,0.0013607,0.00091353,0.0010035,0.00047683,0.0048161,0.0014613,0.0014823,0.0015465,0.0016025,0.0028107,0.0037381,0.0059889,0.01078,0.024396,0.02197,0.0057079,0.0039656,0.0028463,0.0025981,0.0026081,0.0025616,0.007124,0.0047262,0.0092045,0.010308,0.0060443,0.019104,0.011265,0.028095,0.09254,0.07676,0.053253,0.032877,0.0060919,0.023188,0.012971,0.0094003,0.020449,0.020874,0.0027378,0.0057041,0.0045817,0.0016549,0.007941,0.0054238,0.0084666,0.033198,0.014248,0.016404,0.01153,0.0015921,0.0056934,0.0043348,0.0023267,0.004963,0.0044842,0.0022499,0.0031293,0.0018284,0.0031872,0.0076804,0.0040321,0.015413,0.050106,0.020265,0.029715,0.021378,0.0041366,0.014238,0.0092314,0.0054975,0.012339
0.0016823,0.002542,0.0037722,0.0036145,0.0051169,0.0053458,0.0078068,0.014865,0.021501,0.05184,0.011536,0.0091729,0.0066579,0.0052922,0.0067914,0.0016762,0.0022469,0.0097715,0.0046764,0.0025039,0.0018393,0.0016129,0.002176,0.0022795,0.0028314,0.0072185,0.010687,0.0077926,0.0015409,0.0012361,0.00064591,0.00036119,0.00026496,0.00016594,0.0090295,0.002682,0.002238,0.0024243,0.0028332,0.0031572,0.0041375,0.0057285,0.016656,0.032971,0.010222,0.0040173,0.0027196,0.0020377,0.0017453,0.0015221,0.0015564,0.010212,0.0026838,0.0019653,0.0033347,0.0065763,0.0098225,0.015983,0.026415,0.06596,0.39814,0.1106,0.042472,0.027141,0.023333,0.020248,0.019006,0.017308,0.0065709,0.0026041,0.0021112,0.0022072,0.0021957,0.0017508,0.0023599,0.002828,0.0050636,0.012251,0.016747,0.0030691,0.0016453,0.0012539,0.00033977,0.00070742,3.2417e-05,0.0050755,0.00305,0.0031544,0.0031417,0.0038471,0.0041667,0.0051983,0.0068179,0.01779,0.054758,0.0098186,0.0037231,0.0025449,0.0015305,0.0010727,0.00078217,0.00061227,0.023877,0.0028057,0.0018594,0.0013692,0.0017227,0.001726,0.0023785,0.0065946,0.01992,0.044337,0.095182,0.0035948,0.00265,0.0026739,0.00079275,0.0020176,0.0024376,0.0079481,0.0027397,0.0011137,0.0014637,0.0009292,0.0011166,0.0013466,0.001636,0.0084122,0.017831,0.026853,0.0023087,0.0014094,0.0010991,0.0012952,0.00072374,0.00060846,0.0023575,0.0016516,0.0012282,0.0011793,0.001699,0.0011142,0.0018156,0.00099317,0.011892,0.01904,0.02455,0.0021493,0.0014718,0.0010924,0.00099997,0.0010589,0.0010414,0.022524,0.0069502,0.007302,0.0086377,0.0094837,0.010357,0.012268,0.018431,0.039581,0.12231,0.019407,0.01259,0.0066843,0.004132,0.0032455,0.0033221,0.00075723,0.0115,0.0050897,0.0033108,0.0034123,0.0030868,0.0033953,0.0044326,0.0062737,0.012698,0.038065,0.0077827,0.0032717,0.0024237,0.001637,0.0012497,0.0011046,0.00077629,0.0020161,0.0014461,0.0015927,0.001796,0.0019852,0.0033939,0.0044371,0.0065128,0.020146,0.071537,0.0066452,0.0078661,0.0063221,0.0051375,0.0047243,0.0042407,0.004469
0.01577,0.0029624,0.0040264,0.0034799,0.0042164,0.0049565,0.0068789,0.0098542,0.0089026,0.046984,0.0082312,0.0051657,0.0029401,0.0013526,0.0028562,0.0035085,0.0025139,0.025525,0.0011293,0.00076604,0.00077771,0.00085478,0.0008258,0.00064707,0.0011417,0.0030098,0.017064,0.0053674,0.0011419,0.00035523,0.00043175,0.00057101,0.00052844,0.00042344,0.011316,0.0017206,0.001949,0.0021161,0.002228,0.0027563,0.0036873,0.0049776,0.011529,0.031332,0.0037862,0.0047964,0.0033514,0.0026172,0.0022971,0.0019842,0.0020313,0.023486,0.015078,0.012349,0.01492,0.025899,0.012734,0.054496,0.020813,0.22543,0.097196,0.10829,0.0952,0.048799,0.058526,0.032633,0.049024,0.029345,0.00058939,0.0012079,0.001495,0.00087551,0.0015768,0.0021229,0.0015341,0.0033999,0.0031231,0.019023,0.0020579,0.0061576,0.0029167,0.0011112,0.001923,0.0012428,0.0022068,0.0047188,0.0032827,0.0015232,0.0039359,0.003767,0.0038926,0.0096602,0.0032746,0.039904,0.03021,0.026485,0.011405,0.0092068,0.0092655,0.0038852,0.0091079,0.00094987,0.0072652,0.0012683,0.0017949,0.0015483,0.0027105,0.0017784,0.0028053,0.0050117,0.015545,0.038946,0.096701,0.008472,0.0043638,0.0045197,0.0039311,0.0035403,0.0040875,0.0014916,0.00062697,0.00062056,0.00032072,0.0010331,0.00075814,0.0014122,0.0027391,0.0070515,0.015089,0.021583,0.0028234,0.0023019,0.0018781,0.0017524,0.0016919,0.0015374,0.00063134,0.0015623,0.0015134,0.0018574,0.0022406,0.0026484,0.0038086,0.0065533,0.011478,0.019665,0.028533,0.0051624,0.0029836,0.002668,0.00215,0.0021778,0.0019589,0.01754,0.004293,0.005322,0.0060434,0.0073824,0.0090291,0.013313,0.023404,0.056816,0.13712,0.05169,0.021175,0.017095,0.014071,0.012997,0.010561,0.010262,0.025053,0.001607,0.00078207,0.00022939,0.0012505,0.0019451,0.0027286,0.0048542,0.012033,0.036637,0.0071086,0.0066545,0.0046374,0.0039994,0.0031067,0.0035539,0.0032788,0.0052625,0.0035328,0.0034688,0.0039124,0.0043874,0.0053802,0.0070572,0.0091499,0.023545,0.069335,0.0072593,0.0069674,0.0040696,0.0033182,0.0027641,0.0027321,0.0026799
0.015772,0.00088337,0.0021731,0.0025296,0.0014197,0.0018528,0.0032442,0.008504,0.0062583,0.05824,0.0040276,0.0022649,0.0026546,0.0018236,0.0050966,0.001473,0.000494,0.032803,0.0021243,0.0010621,0.0013611,0.0021413,0.0023424,0.0022799,0.0043959,0.005835,0.02185,0.0016149,0.0020478,0.0014911,0.0012272,0.0011251,0.00070398,0.00059893,0.013773,0.0013498,0.0017067,0.0017623,0.0021294,0.0023677,0.0035397,0.0063207,0.0065476,0.044132,0.008941,0.0023209,0.0017133,0.001457,0.0011402,0.0008197,0.00068475,0.027077,0.0070676,0.0081086,0.011546,0.013769,0.018604,0.026367,0.043452,0.095633,0.25609,0.16819,0.068094,0.04802,0.038706,0.03445,0.032011,0.033566,0.0027047,0.00075339,0.00092214,0.00084458,0.00117,0.0014455,0.0019129,0.0028593,0.0042509,0.013506,0.014,0.0050863,0.0035579,0.0025437,0.0022526,0.0022021,0.0016213,0.0046616,0.0013068,0.0013869,0.0015937,0.0019841,0.002795,0.0036971,0.0059373,0.015543,0.038426,0.014835,0.0083959,0.0063199,0.0053068,0.0046582,0.0044979,0.0042229,0.0030957,0.0056485,0.0053926,0.0059451,0.0065373,0.007298,0.0085678,0.010945,0.029494,0.056438,0.11294,0.0092958,0.0041443,0.0020516,0.003124,0.0018096,0.0035916,7.0564e-05,0.0014283,0.0019415,0.0017736,0.0023624,0.0033303,0.0042204,0.0066577,0.010004,0.024124,0.032915,0.0047157,0.0025249,0.0017696,0.0012817,0.0012776,0.0012112,0.0046788,0.003373,0.0032151,0.0034335,0.003736,0.0042736,0.0058286,0.010391,0.012488,0.029404,0.014691,0.0028229,0.002207,0.0016514,0.00091881,0.0007046,0.00056649,0.015223,0.0088387,0.0084997,0.0085976,0.0096094,0.011827,0.015116,0.02167,0.04785,0.15688,0.020496,0.014035,0.0099477,0.0081455,0.0076715,0.0054461,0.0064488,0.030762,0.0023864,0.0020506,0.0024323,0.0024173,0.002899,0.0039077,0.0053492,0.012837,0.038379,0.014255,0.0025931,0.0013754,0.00076486,0.0011535,0.00012016,0.00049975,0.0048447,0.0022246,0.0024603,0.0027978,0.00341,0.0038978,0.005746,0.0087607,0.020207,0.063725,0.022568,0.008137,0.0060002,0.005042,0.0043324,0.0043929,0.0042267
0.015421,0.0019666,0.0029958,0.0023569,0.003119,0.0046436,0.005517,0.013419,0.0098836,0.073408,0.025184,0.010792,0.0076797,0.0060712,0.0043628,0.00668,0.0070973,0.042466,0.0007644,0.00049825,0.00045183,0.001149,0.0012571,0.0017056,0.0030596,0.0090932,0.028111,0.012635,0.0039326,0.0028623,0.0025713,0.0022996,0.0019283,0.0022202,0.018355,0.00016175,0.00057613,0.0010602,0.0012198,0.0013573,0.0020967,0.0034872,0.012742,0.039144,0.01569,0.0050239,0.0036531,0.0030863,0.0026051,0.0028216,0.0028134,0.041999,0.00062423,0.00037023,0.00044299,0.0010918,0.0011186,0.0026864,0.007686,0.029735,0.37053,0.072454,0.018732,0.01028,0.0057781,0.0057709,0.0052788,0.0041256,0.007227,0.0014957,0.0016994,0.0012087,0.0014724,0.0018408,0.0021973,0.0031148,0.0049394,0.016515,0.0091656,0.0056576,0.0037176,0.0029296,0.002558,0.0021459,0.0018063,0.010151,0.0032812,0.003185,0.0036032,0.0040057,0.0048854,0.0063641,0.0083908,0.018044,0.030592,0.017145,0.0055889,0.0035817,0.0025967,0.002164,0.0015887,0.0014878,0.0038376,0.0016194,0.001836,0.0029133,0.0036764,0.0066901,0.0096881,0.022823,0.038422,0.091337,0.10209,0.019068,0.014425,0.010402,0.0085634,0.0082603,0.0094377,0.01136,0.00076269,0.002223,0.0020731,0.0029857,0.0035594,0.004132,0.0055472,0.016619,0.030549,0.028485,0.005646,0.0039729,0.0029548,0.0022392,0.0022815,0.0021401,0.0017548,0.0024509,0.0021299,0.0023334,0.0023711,0.0029892,0.004121,0.0061972,0.021558,0.04187,0.02217,0.0053658,0.0035486,0.0030974,0.0028979,0.0027185,0.0027008,0.028655,0.0076015,0.0084997,0.0083359,0.010041,0.012706,0.01722,0.027129,0.07892,0.16795,0.030063,0.023608,0.018247,0.015063,0.012969,0.012994,0.013758,0.043309,0.00069098,0.0012689,0.0015906,0.0018382,0.0024477,0.0034353,0.0052885,0.013819,0.037447,0.010663,0.00552,0.0043358,0.0036333,0.0029236,0.0032377,0.0028229,0.0012493,0.0047534,0.004846,0.0052882,0.0058075,0.0060618,0.007876,0.011502,0.024978,0.052414,0.011215,0.0067567,0.0043568,0.0030551,0.0022846,0.001552,0.0013638
0.015473,0.0047398,0.0040872,0.0040046,0.0043354,0.0059646,0.0067392,0.0090223,0.03109,0.081628,0.0166,0.0053762,0.0030119,0.0033893,0.0022783,0.0024875,0.0016899,0.058248,0.0056677,0.0028484,0.0020867,0.0017837,0.002311,0.0026183,0.0036719,0.008938,0.032302,0.0091663,0.00247,0.0014665,0.0016968,0.0013579,0.0012418,0.0012589,0.025795,0.0022544,0.0020944,0.0022794,0.0021541,0.0031777,0.0030818,0.0048258,0.014768,0.03526,0.0098516,0.0032819,0.0022457,0.0015369,0.0012164,0.00072913,0.00082397,0.04258,0.021118,0.020988,0.021362,0.023406,0.026339,0.031259,0.042296,0.067025,0.22717,0.11879,0.044819,0.025209,0.017993,0.012906,0.010519,0.0082971,0.014691,0.0033184,0.0014918,0.0019999,0.0019573,0.002254,0.0023892,0.0036255,0.0054174,0.015041,0.014549,0.0038721,0.0021639,0.00071676,0.0011196,0.00020545,0.0010605,0.0074922,0.00081789,0.00034689,0.00025922,0.00036502,0.0005207,0.00054534,0.00095946,0.0033802,0.042652,0.0039336,0.00070421,0.0003935,0.00017227,0.00027782,0.00048733,0.00023269,0.023594,0.013056,0.012212,0.0046092,0.0062717,0.015517,0.017454,0.0057449,0.020582,0.098268,0.064591,0.025646,0.022653,0.0095676,0.00096435,0.0060097,0.0082628,0.01668,0.0022766,0.0042658,0.0031815,0.0012269,0.0031585,0.00528,0.0045749,0.013547,0.024973,0.017386,0.0032638,0.0064336,0.0041586,0.00043424,0.0016817,0.0025502,0.0084573,0.0036698,0.001055,0.0036612,0.0052228,0.0031933,0.0039323,0.010723,0.022745,0.046854,0.018407,0.013878,0.0071483,0.0036477,0.0041193,0.004284,0.0038834,0.033261,0.0069258,0.0074204,0.0069121,0.0082495,0.0098614,0.012225,0.016584,0.020029,0.1739,0.036504,0.013206,0.008108,0.0060444,0.0062578,0.0047222,0.0049554,0.064408,0.0062737,0.0031647,0.0028691,0.0027562,0.0035438,0.0040706,0.0056046,0.010694,0.043224,0.0029491,0.0031307,0.0020487,0.0011558,0.00061814,0.00083393,0.00035478,0.0024186,0.0013741,0.0011983,0.0015324,0.0015452,0.0027237,0.0033863,0.0030393,0.010754,0.063704,0.006785,0.0043014,0.0031818,0.0024907,0.0023317,0.002263,0.0020791
0.016232,0.0018462,0.0024557,0.0025001,0.0025692,0.0036641,0.0042055,0.0061278,0.029014,0.079648,0.0090161,0.0063079,0.004906,0.0034511,0.0045787,0.0022062,0.0013771,0.063092,0.0020565,0.0013348,0.00090317,0.0010847,0.00043498,0.0016903,0.0026485,0.0096728,0.022872,0.0045541,0.003204,0.0025095,0.001998,0.002222,0.0017638,0.0017472,0.021408,0.0012031,0.00067763,0.00058799,0.00048032,0.00045596,0.00058689,0.0012349,0.0069117,0.032124,0.0086287,0.00039947,0.00021526,0.00011476,0.00026012,0.00013407,0.00025558,0.091199,0.031732,0.032733,0.034339,0.037963,0.042637,0.052777,0.071824,0.15165,0.094332,0.14734,0.051723,0.02943,0.018559,0.011415,0.0069487,0.0053254,0.01891,0.0017498,0.0013924,0.0018072,0.0016017,0.0021768,0.0021471,0.0030316,0.0050559,0.01735,0.01145,0.0046875,0.002041,0.001303,0.0011078,0.00092315,0.00017167,0.0026741,0.0035751,0.0037307,0.0039806,0.0043816,0.0049039,0.0067259,0.010026,0.019908,0.029337,0.0080615,0.004937,0.0028894,0.001981,0.0012537,0.00095766,0.00069046,0.018189,0.001578,0.0025141,0.0029271,0.0039664,0.0054369,0.0099725,0.011125,0.054869,0.07538,0.11749,0.022433,0.015966,0.012696,0.011005,0.0093441,0.0085718,0.02356,0.0012804,0.00099013,0.0010934,0.00086648,0.0019249,0.0027699,0.006222,0.017201,0.0277,0.023926,0.0065997,0.0037563,0.0037743,0.0035495,0.0030337,0.0033646,0.002287,0.00097267,0.0014033,0.0016758,0.001786,0.0030182,0.0043309,0.0094104,0.022712,0.035675,0.017476,0.0058925,0.0049498,0.0040527,0.0036418,0.0035611,0.0034161,0.015885,0.015308,0.022241,0.023158,0.015208,0.010348,0.033884,0.069942,0.16359,0.10214,0.028734,0.035438,0.031696,0.020172,0.011038,0.012856,0.0149,0.06404,0.0056919,0.0064326,0.0056035,0.0035695,0.0020922,0.0081091,0.016007,0.03106,0.017314,0.0023606,0.010266,0.008453,0.0047176,0.0016675,0.0036804,0.003912,0.0065328,0.0053942,0.0050667,0.0042986,0.0037632,0.0062946,0.012097,0.021158,0.040552,0.032802,0.0047672,0.0098157,0.010333,0.0088991,0.0064249,0.0036519,0.0017491
0.011385,0.0031501,0.00066746,0.00078269,0.0014158,0.00059884,0.0012841,0.0026193,0.017774,0.05351,0.0054631,0.0019035,0.00091537,0.0013076,0.002679,0.00041079,2.8618e-05,0.05856,0.0034354,0.00036521,0.00089405,0.00010126,0.00079176,0.00081935,0.00096385,0.0068601,0.0089861,0.0078775,0.0021939,0.0018062,0.0010885,0.00099491,0.00092644,0.00093464,0.021168,0.001715,0.00075047,0.0010753,0.0011634,0.00095949,0.00053469,0.001485,0.0074597,0.032943,0.0082645,0.0014242,0.00061619,0.000446,0.0003653,0.00023973,0.00016784,0.044816,0.01073,0.010412,0.011622,0.013126,0.015259,0.019562,0.035124,0.10914,0.43965,0.030287,0.012853,0.0069618,0.005937,0.0057085,0.0040789,0.0039139,0.021782,0.0017277,0.0012224,0.00043046,0.00030412,0.00026812,0.00020902,0.0011522,0.00090624,0.018528,0.0010162,0.0018902,0.0012091,0.0011804,0.0017702,0.001209,0.00069047,0.010311,0.0039147,0.0038722,0.0041154,0.0046182,0.0061254,0.0074362,0.010051,0.023143,0.025662,0.016906,0.0070295,0.0045871,0.0034265,0.0027607,0.0025105,0.0024147,0.02133,0.005598,0.0081613,0.0080425,0.0088629,0.010963,0.012726,0.018562,0.032342,0.028218,0.10339,0.014996,0.0075096,0.0048199,0.0017832,0.00084641,0.00034143,0.022026,0.0042642,0.0019414,0.002284,0.0027773,0.0024458,0.0034601,0.0046957,0.011681,0.005211,0.032435,0.0059431,0.0039034,0.0030027,0.0024899,0.0019504,0.0018883,0.004818,0.001689,8.747e-05,0.00014452,0.0010604,0.0017967,0.0026986,0.0041594,0.015049,0.018858,0.022374,0.0053252,0.0031741,0.0026592,0.0026395,0.0022889,0.0023766,0.029355,0.013708,0.013099,0.013502,0.015804,0.018202,0.023027,0.031708,0.080185,0.16614,0.014435,0.014166,0.0084977,0.0056704,0.0046336,0.0011782,0.0011139,0.062018,0.0032639,0.0027847,0.0032271,0.002825,0.0031272,0.0039168,0.0065321,0.016148,0.030643,0.012554,0.0042005,0.0027838,0.0023243,0.0021879,0.00079101,0.0013981,0.0031662,0.0046166,0.0050892,0.0057199,0.0062071,0.0067722,0.0089538,0.013493,0.026867,0.047876,0.014243,0.0073417,0.0047788,0.00364,0.0030768,0.0023935,0.0023995
0.009678,0.0035677,0.0014016,0.001828,0.0017702,0.002713,0.0036802,0.0091479,0.029811,0.05275,0.011394,0.00392,0.0036528,0.0035935,0.0038302,0.0027355,0.0026284,0.066598,0.0049056,0.001964,0.00088038,0.00052356,0.0016958,0.0017486,0.0015672,0.010555,0.022132,0.0086774,0.0019372,0.0015932,0.00090686,0.00029817,0.00082115,0.0007057,0.022171,0.0019475,0.00056404,0.00053781,0.00046732,0.0011416,0.0017486,0.0012103,0.012127,0.032091,0.010006,0.0043375,0.0034195,0.0025801,0.002616,0.0021789,0.0021897,0.040394,0.020939,0.021025,0.021873,0.02564,0.030071,0.038979,0.06015,0.13913,0.2417,0.091678,0.050243,0.035031,0.027723,0.023,0.021327,0.021851,0.027678,0.0033488,0.00098105,0.0014346,0.001477,0.0015286,0.0018443,0.0027103,0.0034573,0.022016,0.0099264,0.0016839,0.0013614,0.00061091,0.00028634,0.00094653,0.00082591,0.008278,0.0018593,0.00097415,0.0015255,0.0020842,0.0020339,0.0025089,0.0051081,0.012051,0.060653,0.0089716,0.0040758,0.0032944,0.0025445,0.0026058,0.0022839,0.002182,0.018006,0.004831,0.0014404,0.0012299,0.0022425,0.0019318,0.0025173,0.0089569,0.040006,0.090438,0.09003,0.011792,0.0067641,0.0041272,0.0038699,0.0020486,0.00086213,0.033032,0.0038435,0.0026854,0.0023121,0.0020404,0.0027595,0.0036233,0.0045436,0.014081,0.030563,0.027166,0.0050429,0.0021854,0.0012141,0.00091497,0.00067401,0.00013733,0.0039158,0.0029082,0.0025091,0.0024735,0.0035552,0.0033881,0.0045107,0.0055291,0.020435,0.026277,0.026486,0.0059815,0.0046091,0.0033177,0.0028613,0.0025434,0.0022221,0.011419,0.0026398,0.0027949,0.0051965,0.0061589,0.0082889,0.011919,0.020245,0.058988,0.13805,0.038976,0.022966,0.016305,0.013396,0.013727,0.011613,0.01203,0.068759,0.0053567,0.0011229,0.00115,0.00078528,0.0009036,0.0019496,0.0046751,0.011446,0.03376,0.0058166,0.0055883,0.0044461,0.0035457,0.0034542,0.0030703,0.0027333,0.0044099,0.0029305,0.0025806,0.0023986,0.0031735,0.0037521,0.0049187,0.0093215,0.019455,0.071888,0.0060155,0.0057013,0.0047405,0.0038511,0.0032015,0.0032962,0.0030365
0.012909,0.0018771,0.00059078,0.0006528,0.00062575,0.000861,0.00047361,0.00086332,0.023829,0.067901,0.014991,0.0052682,0.0027009,0.0023919,0.00085263,0.0020076,0.0033799,0.075507,0.0042054,0.0017401,0.00094816,0.0016101,0.0017257,0.0013997,0.0029288,0.0088394,0.026016,0.01019,0.0033084,0.0021277,0.0019087,0.00194,0.0016086,0.0015965,0.020789,0.0026764,0.0012579,0.00092239,0.0012202,0.0011467,0.0011669,0.0027403,0.010546,0.038352,0.0079488,0.0011525,0.00059028,0.00044016,0.00041603,0.00016249,5.7295e-06,0.065167,0.037877,0.034935,0.0050878,0.047753,0.048866,0.0097639,0.108,0.19387,0.29451,0.16671,0.062084,0.018573,0.041838,0.023744,0.016635,0.031418,0.032334,0.0019696,0.0023013,0.0017502,0.0025434,0.0024994,0.0018354,0.0043205,0.0079012,0.018003,0.0073134,0.0032876,0.0011222,0.00077119,0.0011883,0.00026149,0.0013466,0.0030098,0.0017971,0.0018588,0.0024948,0.0010956,0.0040177,0.0041461,0.0043994,0.027851,0.017643,0.0053848,0.00545,0.0010575,0.0037869,0.0023046,0.0013912,0.0031968,0.029257,0.0072784,0.0042396,0.0055152,0.0055757,0.0064826,0.008085,0.018326,0.027779,0.10254,0.086114,0.0080818,0.0033096,0.0038557,0.0021738,0.0033713,0.0053654,0.035128,0.0025125,0.0016827,0.001289,0.0014624,0.0021026,0.0026576,0.0031391,0.016345,0.040973,0.018018,0.0035284,0.00026081,0.00090369,0.00047443,0.00055424,0.00057032,0.0082418,0.0040945,0.0037587,0.0040162,0.0047251,0.0052207,0.0063795,0.0095961,0.026881,0.032319,0.029266,0.0072717,0.0048613,0.0032298,0.0027313,0.0022806,0.0023327,0.0050908,0.01318,0.013957,0.014217,0.015968,0.019269,0.024426,0.037915,0.097564,0.15891,0.051656,0.021715,0.014677,0.01172,0.0092383,0.0077851,0.0075208,0.072393,0.0048268,0.0031702,0.0029941,0.002864,0.0034224,0.0043862,0.0064323,0.016325,0.034948,0.0082749,0.00387,0.0027942,0.0024129,0.0019098,0.0010464,0.0019379,0.0016976,0.0024982,0.0024267,0.0028827,0.0036394,0.0048855,0.0061558,0.0090555,0.033938,0.044696,0.016321,0.010275,0.0076392,0.0064944,0.0057589,0.0054994,0.0053292
0.0025502,0.00048359,0.0005124,0.0011709,0.00092885,0.0021998,0.0021041,0.0030727,0.01356,0.049172,0.0069652,0.0051024,0.0039922,0.0027721,0.0040113,0.0036917,0.0033436,0.052398,0.0034441,0.0016983,0.0010372,0.0017741,0.0013098,0.001514,0.0029347,0.0070145,0.0035099,0.0039904,0.0022093,0.0016821,0.001479,0.0012525,0.001164,0.0011768,0.014487,0.0010962,0.0011124,0.0011369,0.0012377,0.001135,0.0016166,0.0019028,0.007442,0.021021,0.0032115,0.0011442,0.00065434,0.00047927,0.00061685,8.33e-05,0.0002575,0.014164,0.026139,0.028755,0.030582,0.033714,0.039996,0.049822,0.070976,0.1647,0.27753,0.080774,0.039895,0.024124,0.015728,0.010201,0.0066338,0.0056535,0.025469,0.002402,0.00083021,0.0011397,0.00067198,0.00059115,0.0011035,0.0023795,0.0034521,0.015179,0.0051672,0.0022473,0.0015528,0.0017579,0.0013725,0.0018973,0.0015927,0.0037957,0.001273,0.001712,0.0017349,0.0021945,0.0026351,0.0034932,0.0065839,0.01376,0.058458,0.0013564,0.0029023,0.0023395,0.0020428,0.0017062,0.0015951,0.0015946,0.0095064,0.0090059,0.0099153,0.010603,0.012067,0.012734,0.016486,0.021096,0.057075,0.063821,0.089403,0.020987,0.010537,0.0069306,0.0035323,0.0031838,0.002121,0.0271,0.0029497,0.0021786,0.001913,0.0024528,0.0030931,0.003928,0.0048502,0.014552,0.014575,0.019909,0.0027926,0.0016435,0.00093853,0.00048119,0.00036407,0.0002098,0.00090029,0.0012629,0.0014528,0.001759,0.0021162,0.0030579,0.0036913,0.0088103,0.016831,0.020482,0.024137,0.0093105,0.0061527,0.0051561,0.0042826,0.0040705,0.0039902,0.024378,0.014703,0.013802,0.016295,0.017254,0.020244,0.025575,0.038967,0.090103,0.14174,0.046173,0.020969,0.013461,0.0094223,0.0069244,0.0054204,0.0057431,0.054349,0.0033027,0.0024242,0.0024336,0.0025038,0.0031102,0.0044791,0.0064608,0.015565,0.027969,0.013004,0.0051577,0.0042419,0.0031317,0.0026092,0.0023704,0.0026169,0.006899,0.0044616,0.0046077,0.0046399,0.0048972,0.0064439,0.0080451,0.011996,0.022652,0.060024,0.013431,0.0051792,0.0033898,0.0022457,0.001234,0.00087533,0.00049784
0.0067655,0.0011403,0.0005029,0.00063571,0.0020139,0.0017701,0.0032568,0.0061396,0.0034383,0.042307,0.018588,0.0071647,0.0060323,0.006516,0.0028273,0.0033104,0.0032025,0.033015,0.0024475,0.0014553,0.00075178,0.00054628,0.00066489,0.0013091,0.00082078,0.0012293,0.021564,0.0067753,0.0017524,0.0010882,0.00070094,0.0011363,0.00075999,0.00078012,0.0083104,0.00068881,0.00050267,0.00040846,0.00042668,0.00054156,0.00099304,0.0013377,0.0034201,0.040907,0.01211,0.0043502,0.0026455,0.002135,0.0018631,0.0018644,0.0016384,0.041152,0.013484,0.013843,0.01495,0.017145,0.019941,0.025123,0.038144,0.081125,0.40744,0.065546,0.029019,0.018386,0.013347,0.012237,0.01069,0.010298,0.0092317,0.0022735,0.0014381,0.00033338,0.0007857,0.00036734,0.00069227,0.001169,0.0021439,0.018386,0.0046065,0.002125,0.002066,0.001787,0.0010687,0.0010818,0.00091554,0.0023194,0.0029569,0.0030366,0.0031245,0.003377,0.0040948,0.0050038,0.0065974,0.01523,0.025008,0.0083242,0.0039008,0.0022883,0.001484,0.0012263,0.00048638,0.0003357,0.0050908,0.0045362,0.0044627,0.0052445,0.0055257,0.0063789,0.0086193,0.010965,0.040603,0.075365,0.072923,0.021449,0.015088,0.010648,0.0082093,0.0095527,0.0076047,0.0078164,0.0021884,0.0013023,0.0017272,0.0016817,0.0019439,0.002511,0.0033143,0.0067431,0.030455,0.0066452,0.0045488,0.0018478,0.0010577,0.00068136,0.00054327,0.0005646,0.0041333,0.0022901,0.0023198,0.0027052,0.003255,0.0036116,0.0042104,0.0043227,0.0091443,0.041522,0.018301,0.0062519,0.003457,0.0022516,0.0015105,0.0013245,0.0012989,0.024128,0.01301,0.014229,0.0083282,0.015126,0.024117,0.0086567,0.04224,0.10508,0.097603,0.078056,0.051061,0.011437,0.030063,0.020031,0.013389,0.022801,0.034007,0.0016717,0.0045274,0.0017851,0.0038217,0.0067142,0.0021486,0.010183,0.029194,0.023526,0.022381,0.011378,0.0040083,0.0069025,0.0048365,0.0036127,0.0064832,0.0019303,0.0069241,0.0070014,0.0016061,0.008566,0.010516,0.0034137,0.016332,0.040509,0.032207,0.023644,0.012781,0.0043288,0.0046431,0.0052058,0.0038468,0.0033722
0.013775,0.0020749,0.0029153,0.0029471,0.0030897,0.0034017,0.0042906,0.0059781,0.022944,0.020404,0.012905,0.0057172,0.0039603,0.0050252,0.001706,0.0016607,0.0010567,0.018423,0.0017294,0.00071579,0.00093721,0.00064847,0.0011158,0.0008419,0.0015775,0.0040994,0.0028653,0.0074879,0.0024823,0.002028,0.0020114,0.0014311,0.0011893,0.0013561,0.0032368,0.0010464,0.0015945,0.0015357,0.0016509,0.0019322,0.0024956,0.0037834,0.0060985,0.0083378,0.0096049,0.0035136,0.0024107,0.0016842,0.0014699,0.0010155,0.0010891,0.030573,0.013778,0.013321,0.013605,0.015034,0.017913,0.021354,0.030078,0.052102,0.082073,0.056035,0.024017,0.013992,0.0088681,0.0052838,0.0035436,0.0039235,0.0040799,0.0014761,0.0014035,0.0017671,0.0016713,0.0018635,0.0021982,0.0032291,0.004791,0.022779,0.0075759,0.0025353,0.001566,0.0014045,0.00060155,0.00028417,0.00030709,0.0017414,0.0002516,0.00027343,0.00039294,0.00056916,0.00045526,0.0011904,0.0020327,0.0020576,0.046861,0.011574,0.0037698,0.0024925,0.0020436,0.0016584,0.001629,0.0016918,0.01969,0.007562,0.010705,0.009104,0.0048186,0.0071762,0.015503,0.020536,0.019543,0.066442,0.10294,0.029074,0.010852,0.0066352,0.007539,0.0074408,0.0041676,0.0039959,0.0011435,0.0039384,0.0040816,0.0020776,0.0026392,0.0065284,0.010008,0.0092829,0.024795,0.031247,0.012298,0.0058983,0.0014236,0.001501,0.0032349,0.0036221,0.0031071,0.0021835,0.0002298,0.0016786,0.0027203,0.0026,0.00055466,0.0044319,0.011799,0.015715,0.021905,0.0034705,0.0036644,0.0025747,0.00086886,0.001531,0.0020695,0.024145,0.0015384,0.0026952,0.0027045,0.0033079,0.0034213,0.0055269,0.0066619,0.027321,0.19283,0.0045302,0.0031405,0.0019975,0.0014265,0.0021065,0.0016151,0.0011006,0.0185,0.0019868,0.0012404,0.00040944,0.00028085,0.00016716,0.00071231,0.0007394,0.001905,0.051351,0.0047135,0.001996,0.001138,0.00087547,0.0013181,0.00080358,0.00075722,0.004303,2.8838e-05,6.3643e-05,0.00024867,9.8318e-05,0.00034405,0.00023733,0.001084,0.00086481,0.06243,0.0037728,0.00031866,0.00048689,0.00022603,0.0002396,0.00018661,0.00024033
0.0080663,0.0023925,0.002534,0.002393,0.0034871,0.0040616,0.0041233,0.0070114,0.0070715,0.027138,0.018414,0.0074047,0.0047701,0.0055143,0.0024663,0.0021754,0.0018902,0.011763,0.00090109,0.00084234,0.00069098,0.00095957,0.0011745,0.00079879,0.0012413,0.0013272,0.0107,0.0045101,0.0014275,0.0010303,0.00045649,0.00051426,0.00039452,0.00041009,0.006754,0.0017577,0.0017135,0.001872,0.00188,0.0021518,0.002799,0.0032956,0.0061998,0.028811,0.010413,0.0034969,0.0020006,0.00129,0.00097872,0.00076409,0.0005932,0.015263,0.001872,0.0014833,0.0014044,0.0018118,0.0020338,0.0023071,0.0029064,0.0055173,0.16905,0.008598,0.0023405,0.0010209,0.0013545,0.001077,0.00051495,0.00020599,0.0063897,0.00062317,0.0007147,0.0011362,0.00025051,0.00037366,0.00044214,0.00073735,0.0017681,0.024174,0.0038915,0.0015124,0.0012223,0.00087535,0.0019243,0.00092043,0.0012017,0.00089265,0.00070475,0.00089823,0.0010534,0.0011963,0.0012293,0.0012996,0.002604,0.0040792,0.046428,0.0020867,0.0011088,0.00077953,0.00021168,0.00055497,0.00017815,0.00011062,0.026703,0.0055024,0.005281,0.0069169,0.0076124,0.0081419,0.011329,0.016669,0.027275,0.07462,0.096995,0.028963,0.018639,0.015238,0.012571,0.011534,0.0096361,0.0067483,0.0032455,0.0032128,0.0030543,0.0037944,0.0041162,0.0043527,0.0058414,0.0095429,0.025259,0.031456,0.0069625,0.0033921,0.0019509,0.0011773,0.00059515,0.00011445,0.003378,0.00096756,0.00098689,0.0010296,0.0012208,0.0017815,0.0018407,0.0021373,0.004602,0.024158,0.019267,0.0047977,0.0027916,0.0021775,0.0015484,0.0015092,0.0014477,0.023173,0.003538,0.0047629,0.0039604,0.0050984,0.0060921,0.0080268,0.010494,0.033781,0.19137,0.034468,0.016009,0.010298,0.0083588,0.0054629,0.0064285,0.0077535,0.012575,0.0017988,0.0018488,0.0017763,0.0021136,0.0019955,0.0027725,0.0036148,0.0072093,0.046964,0.0066933,0.0030164,0.0017532,0.0009023,0.0015105,0.00078158,4.3869e-05,0.0043774,0.001729,0.0016846,0.0018966,0.001888,0.0026098,0.0029668,0.004745,0.008138,0.067942,0.012203,0.0048175,0.0031929,0.0023927,0.0019347,0.0018205,0.0018597
0.0092069,0.0021953,0.0032237,0.0024436,0.0031841,0.0027541,0.0038438,0.0061551,0.0072112,0.035159,0.022961,0.0091643,0.0061379,0.0050668,0.0037868,0.0034331,0.0027028,0.010668,0.00028723,0.0011201,0.0012178,0.00065109,0.00076962,0.0017261,0.0021478,0.0027978,0.0135,0.0085961,0.0031417,0.0019274,0.0015501,0.0011741,0.0012132,0.0010929,0.0029698,0.0016604,0.0014229,0.0014387,0.0019061,0.0018332,0.0025004,0.0035407,0.0050266,0.025268,0.016251,0.0059593,0.0038507,0.0025378,0.0027032,0.0022944,0.0021801,0.0095045,0.0019737,0.0019594,0.0019513,0.0020178,0.0027093,0.0054978,0.0090732,0.014469,0.19331,0.014897,0.0081682,0.0060324,0.0060597,0.0058045,0.0038729,0.0048886,0.0060101,0.00034993,0.00032761,0.00049134,0.00021292,0.00018696,0.00064887,0.0012075,0.0021159,0.022465,0.0028911,0.0014809,0.00097325,0.00052612,0.00080727,0.00080139,0.00076487,0.00034905,0.00034552,0.0003155,9.2794e-05,9.5369e-05,0.00077618,0.00054226,0.00016885,0.0012883,0.041377,0.0033722,0.0013218,0.00079193,0.0003348,0.00028202,0.00049381,0.00050164,0.021555,0.0025372,0.0031583,0.0041816,0.0045833,0.0061371,0.0069492,0.012064,0.021845,0.065655,0.066774,0.02511,0.017693,0.014108,0.010633,0.011076,0.010687,0.012112,0.0023153,0.0019594,0.0022268,0.0018603,0.0028244,0.0036065,0.0046771,0.0060724,0.023057,0.0099687,0.0043011,0.00285,0.0019985,0.0012446,0.00098957,0.00086976,0.0048905,0.0011804,0.00086693,0.0010726,0.0014022,0.0018136,0.0023063,0.0034533,0.0064455,0.037057,0.016605,0.0069843,0.0045637,0.0036405,0.0030386,0.0028795,0.002903,0.020991,0.0020533,0.00078908,0.0017404,0.0016644,0.0025198,0.0031609,0.0063869,0.011471,0.22033,0.0086388,0.0029341,0.0025781,0.0021426,0.0018917,0.0015053,0.001894,0.00836,0.00057697,0.0005166,0.0010485,0.00058935,0.00044433,0.00042373,0.00083386,0.0027684,0.048519,0.0025145,0.001837,0.00096738,0.00083513,0.0013702,0.00099769,0.001463,0.0029202,0.00025931,0.00048088,0.00049294,0.00054437,0.00024105,0.00066292,0.00096242,0.0032884,0.059119,0.0077267,0.0030535,0.0020168,0.0016825,0.0012801,0.0012681,0.0013523
0.0059911,0.00088171,0.0019422,0.001395,0.0022513,0.0024794,0.0032074,0.0050324,0.0070974,0.04368,0.020959,0.0088958,0.0058718,0.0040479,0.0048688,0.0049139,0.0041943,0.0073091,0.00030591,0.00060235,0.00020701,0.00045992,0.00075554,0.00090582,0.0012883,0.0017948,0.01542,0.0086047,0.0036043,0.002666,0.002065,0.001583,0.001716,0.0014763,0.0015888,0.00097514,0.0010812,0.0011646,0.0015959,0.0016237,0.0027285,0.0037658,0.006072,0.031798,0.016241,0.0071057,0.0048375,0.0037833,0.003662,0.003145,0.0031376,0.0060998,0.012189,0.01357,0.013528,0.015701,0.018097,0.022412,0.030413,0.060578,0.226,0.043092,0.019612,0.012459,0.0082259,0.0051663,0.0052264,0.0037614,0.0046616,0.0011321,0.00066017,0.0014952,0.00068397,0.0008532,0.0010929,0.0015377,0.0036838,0.024069,0.0024015,0.001443,0.0010161,0.00072621,0.0010309,0.00029734,7.6443e-06,0.00058939,0.00052006,0.00034398,0.00067205,0.00064458,0.00079014,0.0010889,0.0022627,0.0046005,0.032593,0.0028135,0.0018621,0.0012944,0.0010181,0.00072481,0.00096239,0.00084496,0.032618,0.0047147,0.0039765,0.0044717,0.0055012,0.006789,0.007985,0.011686,0.02015,0.081266,0.057455,0.02087,0.013449,0.01123,0.0076479,0.0079191,0.0081044,0.0080263,0.0019,0.0022166,0.0021879,0.0024246,0.0024287,0.0030738,0.0036469,0.0058454,0.023977,0.014389,0.0043934,0.0022471,0.0013211,0.00057744,0.00045988,1.144e-05,0.0024281,0.0021722,0.0021567,0.0023409,0.0027186,0.0030362,0.004458,0.0055818,0.0091572,0.031338,0.02028,0.0078451,0.0049684,0.0037065,0.0032722,0.0030263,0.0028477,0.015778,0.00077862,0.0019519,0.00025803,0.0014315,0.0017495,0.0025402,0.0030823,0.0069105,0.21857,0.013813,0.0063078,0.0043698,0.0035382,0.002899,0.0032096,0.0011902,0.0053921,0.00037796,0.00031471,0.00043667,0.00078786,0.00099526,0.0016196,0.0011885,0.0024261,0.049974,0.0049235,0.0021433,0.0015376,0.0012137,0.0014036,0.0010878,0.0016155,0.0047437,0.00090321,0.001082,0.00116,0.0011643,0.0012522,0.0019461,0.0027702,0.0039233,0.05601,0.0056228,0.0021478,0.0012504,0.00060626,0.00041852,0.00016727,2.8629e-05
0.001812,0.0017279,0.002808,0.0032455,0.0030955,0.0036784,0.0052901,0.0071556,0.013782,0.024962,0.020469,0.0073648,0.0039116,0.0010247,0.0035845,0.0028697,0.0018196,0.0018616,0.0015388,0.0015272,0.0012939,0.0015826,0.0015565,0.0018102,0.0030134,0.0064424,0.0088043,0.012368,0.004683,0.0029665,0.0023879,0.0020374,0.001799,0.001812,0.0031376,0.0025163,0.0025254,0.0027257,0.0031708,0.003511,0.0044332,0.0059835,0.010689,0.038388,0.018866,0.0069011,0.0041231,0.0032756,0.0023721,0.0021848,0.0020581,0.00077439,0.0020837,0.0089176,0.013078,0.0085172,0.0098943,0.043409,0.090318,0.14792,0.29365,0.12363,0.12136,0.087242,0.037256,0.013316,0.052168,0.066567,0.0045739,0.0015767,0.0014662,0.0015387,0.0012436,0.00097892,0.0030478,0.0058375,0.0091119,0.013812,0.0062072,0.0058373,0.0041975,0.0022969,0.00058415,0.0024111,0.0028611,0.00035477,0.0014636,0.0021112,0.0025972,0.0019881,0.00076376,0.002424,0.0068744,0.013309,0.015107,0.0074272,0.0050869,0.0048713,0.0038087,0.0023461,0.0024103,0.0025788,0.028273,0.0070929,0.0062946,0.0079031,0.0078521,0.008799,0.011327,0.013135,0.024025,0.10665,0.048213,0.016496,0.0095603,0.0072066,0.0042108,0.0029242,0.0021611,0.011765,0.0015248,0.0016361,0.0011703,0.0020009,0.0018405,0.0021358,0.0032557,0.0050456,0.038525,0.012077,0.0046219,0.0029289,0.0023083,0.0017998,0.0015451,0.0016671,0.0070287,0.0028737,0.0030986,0.0031985,0.0034159,0.0041005,0.004685,0.0063256,0.011129,0.024231,0.018259,0.0067013,0.0036291,0.0023621,0.0017199,0.0013879,0.0012455,0.0099985,0.0024388,0.0025393,0.0026466,0.0036415,0.0039387,0.0051949,0.0074483,0.017259,0.18603,0.022584,0.011423,0.0088689,0.0060809,0.0059661,0.005858,0.005478,0.00054169,0.0012853,0.0011756,0.0013398,0.0015172,0.0021142,0.0022185,0.0030433,0.006083,0.04808,0.0083301,0.0041372,0.0030257,0.0025046,0.0018244,0.0015107,0.001564,0.0049992,0.0006558,0.00083549,0.0011023,0.0018065,0.001989,0.0031663,0.0047514,0.0094576,0.041108,0.016286,0.0082163,0.0057384,0.004701,0.0045462,0.0039623,0.0039731
0.0083658,0.0031067,0.0022442,0.0024477,0.0024375,0.0034555,0.0033194,0.0068112,0.0088113,0.034609,0.0136,0.0052696,0.0028852,0.0025996,0.0020055,0.0018661,0.0010643,0.00082017,0.0019062,0.0014723,0.0015128,0.0011888,0.0017825,0.0020153,0.0026695,0.0035547,0.023636,0.0083971,0.0025752,0.0015741,0.0010186,0.00083127,0.00060448,0.00072861,0.00065804,0.0023042,0.0022875,0.0023783,0.0026998,0.0030298,0.0036621,0.0048269,0.0086343,0.02639,0.014132,0.0055498,0.0032779,0.0021608,0.0020129,0.0016501,0.0016575,0.011959,0.01056,0.011075,0.011552,0.01306,0.015046,0.018697,0.027604,0.056196,0.38151,0.038477,0.018285,0.010855,0.0080432,0.0064006,0.0048346,0.005108,0.012116,0.0014088,0.0003416,0.00026367,0.00071597,0.0008769,0.0007062,0.0011328,0.002015,0.023939,0.0010653,0.00086266,0.00058922,0.00015376,0.00081183,0.00035212,0.00066759,0.00058939,0.00051046,0.000359,0.00040874,0.0004602,0.00035118,0.00022963,0.0014872,0.001253,0.044678,0.0045385,0.0021248,0.0013081,0.001279,0.00071418,0.00081586,0.00069621,0.039427,0.0059083,0.0068812,0.007625,0.007228,0.0082153,0.0097362,0.012125,0.020506,0.042234,0.042654,0.01487,0.0082766,0.005186,0.0042813,0.002765,0.0030156,0.01619,0.0009325,0.00068286,0.00059482,0.00045214,0.00057764,0.00078771,0.0012791,0.0029919,0.011909,0.0070724,0.0030338,0.0021577,0.0018127,0.0013481,0.0012757,0.0013085,0.0017357,0.0035587,0.0033909,0.003545,0.0039405,0.0045286,0.0053557,0.0067447,0.0115,0.052921,0.021993,0.0079518,0.0045677,0.0033675,0.0022687,0.0020165,0.0020638,0.02273,0.0056476,0.011425,0.012694,0.011741,0.0072237,0.0083038,0.024009,0.052412,0.11331,0.057082,0.0088544,0.011643,0.013009,0.011821,0.0064508,0.0017452,0.00057793,0.0018258,0.0025306,0.0030234,0.0035405,0.0038716,0.0039186,0.0062309,0.011582,0.037238,0.01529,0.0049836,0.0029883,0.00262,0.00039814,0.00014734,0.00040626,0.0068723,0.0037941,0.002994,0.0025644,0.0034968,0.0052642,0.0068887,0.0073101,0.0095339,0.052893,0.021547,0.0092555,0.0049447,0.0024247,0.0021245,0.0028433,0.0031643
0.007641,0.0037346,0.0034784,0.0034448,0.0027802,0.004521,0.0051054,0.005957,0.0091607,0.0088496,0.02053,0.0080531,0.0052126,0.0021723,0.0041859,0.0034857,0.0027542,0.0042897,0.0019538,0.0016488,0.0017402,0.0020397,0.002569,0.0025617,0.0038587,0.0062247,0.010129,0.010555,0.0036841,0.0022824,0.0014371,0.0013357,0.0010806,0.00090602,0.0074102,0.0012847,0.0015121,0.0016003,0.0018012,0.0023237,0.0029543,0.0036902,0.0067261,0.012609,0.014405,0.0050753,0.0033266,0.0026543,0.0022987,0.0021046,0.0019741,0.025027,0.014967,0.016771,0.017052,0.020329,0.02349,0.029005,0.041761,0.091131,0.30721,0.066125,0.035815,0.02496,0.019573,0.015669,0.015113,0.014364,0.012499,0.0016646,0.0012614,0.0016739,0.001393,0.0016335,0.0020666,0.0030151,0.0080816,0.019227,0.0057034,0.0020988,0.0013757,0.0011812,0.0010512,0.00073988,7.0564e-05,0.00064088,0.0025388,0.0024479,0.0025924,0.0028772,0.0034722,0.0041479,0.0063547,0.008987,0.018496,0.0085166,0.0036189,0.0021716,0.0015895,0.00078651,0.00057995,0.00062182,0.016129,0.007015,0.0076756,0.0089701,0.0091862,0.010816,0.012163,0.015873,0.02306,0.057892,0.061141,0.017856,0.0095507,0.0062786,0.0034631,0.0020642,0.0016861,0.016325,0.0018314,0.0020485,0.0018589,0.002,0.0022781,0.002848,0.0038409,0.0066361,0.015136,0.012247,0.0039237,0.002253,0.0015338,0.0010292,0.00082555,0.00070762,0.0035916,0.0012343,0.0014548,0.0015922,0.0020291,0.002683,0.0037449,0.0062513,0.012323,0.043346,0.031153,0.012574,0.008622,0.0069043,0.0059647,0.005639,0.0054646,0.012785,0.0091994,0.0099132,0.010262,0.010975,0.013274,0.015252,0.02284,0.036003,0.19642,0.066254,0.02292,0.013767,0.0095797,0.0072575,0.0061627,0.0070058,0.0018597,0.0027851,0.0031152,0.0030677,0.003742,0.0039853,0.0048568,0.0069245,0.011391,0.038873,0.021345,0.0078439,0.004921,0.0046674,0.0025916,0.0024014,0.0024815,0.0035001,0.0040926,0.0043219,0.0046011,0.0050413,0.0058172,0.0068094,0.0094838,0.013472,0.034037,0.022006,0.008016,0.0042299,0.0024884,0.0016789,0.00091107,0.00071144
0.0021363,0.0021544,0.0011069,0.0016383,0.0019431,0.0025299,0.0024743,0.0042524,0.010895,0.044698,0.0094847,0.0043423,0.00275,0.0022641,0.0023985,0.0015367,0.0016556,0.0087129,0.00065589,0.00078702,0.0012866,0.0013183,0.0017045,0.0017301,0.0026903,0.0056883,0.01204,0.0063217,0.0028346,0.0018179,0.0013814,0.001213,0.00099787,0.00091936,0.0047322,0.00094114,0.00079047,0.00078421,0.00097332,0.00096054,0.0011976,0.0018802,0.0045055,0.015497,0.0059725,0.0020689,0.0011561,0.0010238,0.00073459,0.00050731,0.0005703,0.0089399,0.014679,0.013902,0.016512,0.019617,0.023679,0.031234,0.050347,0.12185,0.42215,0.051551,0.03543,0.024917,0.020598,0.018524,0.017105,0.016314,0.0033875,0.0012886,0.0012075,0.0010283,0.00084387,0.00092281,0.0017101,0.0025991,0.0058776,0.019876,0.00499,0.0020309,0.0018556,0.0014689,0.0016567,0.0014053,0.0013352,0.0001297,0.0019204,0.0020261,0.0022106,0.0022586,0.0026393,0.0035018,0.0046885,0.010858,0.051533,0.0083115,0.003074,0.0019205,0.0013433,0.0011766,0.00067461,0.0007515,0.033274,0.00727,0.013127,0.010881,0.0035644,0.0090254,0.020816,0.027611,0.022101,0.08927,0.10467,0.042153,0.019937,0.0073132,0.0086564,0.013164,0.013941,0.0069047,0.0017327,0.0036164,0.0032399,0.0015408,0.0021867,0.0057252,0.0077814,0.0090562,0.030851,0.029943,0.0072402,0.001985,0.0018454,0.0031709,0.0024459,0.0012894,0.00045779,0.00072531,0.001232,0.0014433,0.0012293,0.00068284,0.0015791,0.0045626,0.0087393,0.02626,0.015991,0.0038386,0.0037523,0.0034366,0.0027422,0.0022608,0.0020218,0.023413,0.012678,0.012701,0.013798,0.014801,0.018416,0.023128,0.033341,0.072466,0.077509,0.069949,0.031088,0.021972,0.017522,0.01363,0.011884,0.013117,0.006651,0.0021831,0.0022759,0.0029396,0.0030203,0.0034639,0.004444,0.0053581,0.0092063,0.050198,0.016177,0.005601,0.0044205,0.0031605,0.0028883,0.0023547,0.002554,0.00030517,0.00075301,0.00083507,0.00085572,0.0010424,0.0015878,0.0019963,0.0040643,0.0057373,0.071247,0.017533,0.0069559,0.0046493,0.0038706,0.0033958,0.003066,0.0029984
0.00026701,0.0026868,0.0029225,0.0025952,0.0030559,0.003775,0.0039913,0.0070434,0.0069206,0.038848,0.0086696,0.0059485,0.0034351,0.0021788,0.0030296,0.0025485,0.0020485,0.0063821,0.00074821,0.00062445,0.0001864,0.0012619,0.00034569,0.00074179,0.0012309,0.0020436,0.014389,0.0019119,0.0011831,0.00093158,0.0006962,0.0005775,0.00055193,0.00064087,0.0043526,0.00093035,0.00079051,0.00087617,0.00088613,0.0014493,0.00184,0.002643,0.0035991,0.014563,0.0026962,0.0017033,0.0012069,0.0008388,0.00071019,0.00075356,0.00070193,0.019945,0.02139,0.021155,0.023716,0.026503,0.030885,0.038774,0.056197,0.11563,0.29177,0.085301,0.043774,0.028241,0.021932,0.018526,0.015356,0.015066,0.00044063,0.0012135,0.0011681,0.0011038,0.0014107,0.0016773,0.0020669,0.0030309,0.0088317,0.02207,0.0027717,0.0015354,0.0011866,0.00067266,3.4385e-05,0.00062085,1.7159e-05,0.0059815,0.0033907,0.0033321,0.0034305,0.0039928,0.0044864,0.0059627,0.0079042,0.014112,0.026935,0.01354,0.005372,0.0029226,0.0015744,0.0013035,0.00046764,0.0003357,0.030066,0.00509,0.0051243,0.0059631,0.0058362,0.0069894,0.010153,0.010475,0.015043,0.079471,0.062231,0.020268,0.012545,0.0092705,0.0082618,0.0073822,0.0061933,0.0077859,0.0014598,0.00081829,0.0005366,0.0013659,0.00092234,0.00067253,0.0022762,0.0028694,0.013964,0.004273,0.0011117,0.00074497,0.00039823,0.00062867,0.00061734,0.00032045,0.00088313,0.00013441,0.00048836,0.00064458,0.00099222,0.0015845,0.0020672,0.0037279,0.0072008,0.021593,0.016561,0.0071082,0.0048203,0.0038051,0.0036906,0.0032349,0.0033284,0.011536,0.0035936,0.0027892,0.0035372,0.0032318,0.0043854,0.0055367,0.0065055,0.018516,0.22869,0.032666,0.012488,0.0090481,0.007398,0.0051879,0.0053611,0.0047684,0.0046216,0.0015686,0.0015804,0.00185,0.0021973,0.0023849,0.0035697,0.0048132,0.0087612,0.044129,0.017034,0.0075422,0.0050311,0.0035816,0.0043177,0.0034465,0.0034123,0.0044347,0.0036002,0.0037349,0.0039356,0.0044035,0.0054164,0.0062799,0.0089723,0.015112,0.033947,0.016895,0.0069155,0.0040717,0.0028626,0.001909,0.0015184,0.0014477
0.0025635,0.0018136,0.00087872,0.0006946,0.0011433,0.001104,0.0017066,0.0031944,0.0074624,0.070573,0.0094068,0.0044329,0.0027393,0.0024889,0.0023559,0.00035343,0.00088885,0.004448,8.9209e-05,6.924e-05,0.00067277,0.00021741,0.00059089,0.0010119,0.0014571,0.0040086,0.018754,0.0057701,0.0026301,0.0018276,0.001444,0.001213,0.0011773,0.0011788,0.0052739,0.00075119,0.00030064,0.00028381,0.00054465,0.00070824,0.00094393,0.0014317,0.002832,0.031904,0.0079906,0.0033267,0.002078,0.0015975,0.0018662,0.0014211,0.0013676,0.012728,0.0093477,0.011206,0.012805,0.014728,0.018751,0.02685,0.045026,0.11682,0.47193,0.071826,0.043221,0.032374,0.027448,0.024258,0.023396,0.023173,0.0080854,0.0012383,0.0010766,0.0018945,0.0010313,0.0015719,0.0021414,0.003053,0.0069578,0.01919,0.0057805,0.003118,0.0023741,0.0020714,0.0019254,0.0013772,0.0012493,0.0043317,0.0021434,0.0023448,0.0022547,0.0026865,0.003285,0.0042083,0.0062259,0.014079,0.048004,0.0072528,0.0038761,0.0027521,0.0021758,0.0017452,0.0016296,0.0015011,0.035075,0.0048078,0.0050732,0.0054186,0.0061482,0.0069181,0.0097894,0.0141,0.02799,0.038353,0.068658,0.023854,0.014785,0.012379,0.010791,0.0093342,0.010443,0.0095865,0.0013538,0.0013583,0.0015415,0.0012995,0.001768,0.0018512,0.0029536,0.0060898,0.016113,0.012874,0.0033364,0.0018059,0.0011226,0.00076563,0.00076912,0.00070573,0.00015833,0.0012217,0.0012017,0.0012524,0.0014939,0.0015865,0.0019216,0.0031286,0.0032638,0.049435,0.016903,0.0068825,0.0045154,0.0033134,0.0028979,0.0026772,0.0025959,0.008032,0.0085146,0.0083725,0.0090368,0.01017,0.012053,0.01524,0.021029,0.04066,0.11155,0.051815,0.025108,0.017224,0.013287,0.012569,0.011602,0.011057,0.0017243,0.0012742,0.00099013,0.00054702,0.0013045,0.0016577,0.0019479,0.002931,0.0050492,0.048444,0.00645,0.0036753,0.0025254,0.0022165,0.0019269,0.0017976,0.0015755,0.0027485,0.0024725,0.002392,0.0025379,0.0029347,0.0030579,0.0038941,0.0063008,0.011383,0.061266,0.0088049,0.003622,0.0022904,0.0014488,0.0012051,0.00093205,0.00086787
0.0048142,0.0004268,0.0002164,0.00045757,0.0013717,0.00076423,0.0015416,0.0026675,0.0082692,0.033572,0.0051975,0.0025498,0.0027795,0.001845,0.0033596,0.0026584,0.0033455,0.0051213,0.0006215,0.00048019,0.00019993,0.00061103,0.00013224,0.00030988,0.00070866,0.0024357,0.013227,0.0025504,0.00026277,0.00026935,0.00026052,0.00015528,0.00021393,0.0002346,0.0048257,0.00081965,0.00080645,0.00076941,0.00090031,0.0011033,0.0014735,0.0023466,0.0032772,0.023537,0.0056759,0.0014798,0.00092256,0.00071104,0.00053871,0.00070629,0.00045776,0.026287,0.022131,0.023108,0.02397,0.027822,0.033498,0.042759,0.064168,0.14344,0.3124,0.089235,0.049804,0.033967,0.02756,0.023513,0.021882,0.020932,0.0098592,0.0013001,0.0010693,0.0019127,0.0016049,0.0016915,0.0022942,0.0028989,0.0091886,0.021279,0.0049504,0.0022698,0.0014653,0.0015629,0.0012451,0.0012763,0.00038338,0.0013351,0.0019077,0.0018814,0.0021579,0.0022486,0.002803,0.0032269,0.0054728,0.011335,0.063988,0.0053131,0.002446,0.0014025,0.00088276,0.00060344,0.00027441,0.00019837,0.028073,0.0022601,0.0019993,0.0025523,0.0040649,0.0058944,0.0076438,0.012982,0.027662,0.052267,0.083023,0.029753,0.019262,0.014522,0.012563,0.012903,0.012619,0.01351,0.0018706,0.0019294,0.0020142,0.0026896,0.0025972,0.0033652,0.0046599,0.0089338,0.013346,0.015759,0.007453,0.0047597,0.0035445,0.0030254,0.002639,0.0022679,0.0037671,0.00095194,0.001174,0.0012416,0.0014132,0.0014314,0.0018238,0.0023725,0.0033757,0.010376,0.019122,0.0064403,0.0038255,0.0026364,0.0022653,0.002128,0.0018673,0.013125,0.022464,0.024379,0.0051275,0.026876,0.034315,0.0081529,0.054489,0.13458,0.13388,0.091632,0.046185,0.0022199,0.02241,0.014487,0.0088188,0.016306,0.00030708,0.0035669,0.0033143,0.0018446,0.0047698,0.0045279,0.0027033,0.0092586,0.016111,0.040074,0.020615,0.008549,0.0015144,0.0040945,0.0035622,0.002083,0.0030117,0.0037842,0.0040476,0.0027635,0.005532,0.0069851,0.0040506,0.0057172,0.016973,0.027366,0.053671,0.030892,0.015511,0.0039702,0.0052214,0.0079405,0.0056485,0.0018158
0.0029221,0.00068126,0.00089622,0.00045888,0.00050217,0.0011024,0.00071483,0.001226,0.0097365,0.065928,0.0065915,0.0015217,0.00058533,0.00093209,0.002203,0.0010392,0.00066759,0.0064183,0.0010973,0.00048913,0.00042122,0.00030175,0.0001098,0.00026581,0.0004432,0.0030435,0.020809,0.0055895,0.0011327,0.00048884,6.6226e-05,0.00019368,0.00014458,0.00010871,0.0051728,0.00030724,0.00011886,0.00019595,0.00031128,0.00019179,0.00013929,0.00076408,0.00073511,0.040241,0.0089336,0.0021659,0.0014277,0.0010687,0.00085688,0.00065444,0.00065231,0.011501,0.016993,0.015962,0.018889,0.022104,0.026913,0.036724,0.058657,0.13351,0.36571,0.090383,0.053589,0.039176,0.032378,0.028249,0.02706,0.026196,0.0047742,0.00097269,0.00092447,0.00070526,0.00088945,0.0010344,0.0015977,0.0025936,0.0047915,0.01337,0.0041056,0.0017455,0.0013242,0.000901,0.00062917,0.00078324,0.00087168,0.00076676,0.00078345,0.001032,0.0010666,0.0016825,0.0019659,0.003034,0.0059148,0.013413,0.006417,0.0089653,0.0058101,0.0044406,0.0036931,0.0033923,0.0030762,0.0030747,0.026072,0.0050348,0.0048883,0.0060758,0.0055392,0.0065557,0.0092512,0.013343,0.028337,0.04105,0.098562,0.025767,0.015739,0.011285,0.010393,0.008972,0.0088102,0.0090543,0.00077847,0.001086,0.0011296,0.00092332,0.0014504,0.0021495,0.0032816,0.0086128,0.012204,0.02953,0.0082645,0.0050253,0.0042042,0.0038048,0.0032949,0.0031796,0.0016823,0.00069454,0.000585,0.00055957,0.00070921,0.0011058,0.00081225,0.0020495,0.0012357,0.02405,0.026142,0.0060606,0.003543,0.0027508,0.0023445,0.002181,0.0021096,0.0086957,0.004082,0.0040173,0.005529,0.0048848,0.0058935,0.0074499,0.009373,0.02226,0.23092,0.020759,0.0080815,0.0043802,0.0036422,0.0022308,0.0016481,0.0023404,0.0041924,0.0010717,0.00033622,0.0012321,0.00075646,0.0013124,0.0014575,0.0023274,0.0051992,0.051308,0.0076302,0.0031591,0.0019821,0.0017561,0.0027187,0.0012356,0.00095369,0.0039406,0.0023999,0.0025062,0.0029166,0.0027825,0.0032334,0.0044499,0.0064015,0.013438,0.039831,0.011873,0.0051161,0.0031284,0.002313,0.0019695,0.0015243,0.0014534
0.0025025,0.0012017,0.0015938,0.0015747,0.0018516,0.0017548,0.0022787,0.0041295,0.011534,0.043496,0.0073626,0.0026759,0.0021081,0.0018539,0.00095913,0.0012698,0.0006714,0.0061036,0.00087795,0.00078226,0.0006606,0.00018473,0.00089922,0.00068488,0.00158,0.0047991,0.0024874,0.005766,0.0012086,0.00081586,0.0006127,0.00042082,0.00041705,0.00039674,0.0061475,0.00027512,0.00028767,0.00031614,0.00049527,0.00063668,0.00085776,0.0009786,0.0027588,0.033777,0.0069434,0.0010221,0.00072226,0.00062144,0.00045837,0.00043324,0.00036811,0.015625,0.013261,0.014001,0.014793,0.01678,0.02032,0.027656,0.043096,0.10243,0.54897,0.068837,0.038842,0.02864,0.022841,0.019194,0.018763,0.018742,0.0027256,0.00071741,0.00031123,0.0011071,0.00088701,0.00095812,0.0015545,0.0021378,0.0041422,0.013738,0.0050484,0.0022542,0.0012897,0.0012809,0.0005592,0.001291,0.0012226,0.0035077,0.00083991,0.00076321,0.00077045,0.0011502,0.0013197,0.0020055,0.0032174,0.0083958,0.050885,0.0044261,0.0029005,0.0022022,0.0018122,0.0015159,0.0016256,0.0016308,0.040045,0.007751,0.0078843,0.0076223,0.0086563,0.009892,0.012093,0.014999,0.017381,0.020675,0.10129,0.020611,0.011537,0.0062282,0.0039689,0.0043564,0.0048123,0.0043011,0.0015946,0.0020424,0.0025081,0.0024631,0.0031602,0.0034203,0.0045263,0.0087982,0.0092982,0.029828,0.0068586,0.0041745,0.0030614,0.0019272,0.001946,0.0018177,0.0011788,0.00021702,0.00036924,0.00050666,0.00035161,0.00065488,0.00050159,0.0010966,0.0035276,0.027317,0.020966,0.0033882,0.0015933,0.00092341,0.00064194,0.00058495,0.00051118,0.0069886,0.0026591,0.0042191,0.0037307,0.0046447,0.0051002,0.0065546,0.01027,0.018194,0.13407,0.02665,0.0089395,0.0074862,0.0054531,0.003485,0.0055764,0.0023957,0.0028363,0.00048033,0.0003709,0.00072931,7.091e-05,0.00038563,0.00038636,0.000659,0.0037064,0.051525,0.0041661,0.00089213,0.0002918,0.00045421,0.0010708,0.00010049,0.00030709,0.0012074,0.0010607,0.0012192,0.0011826,0.0013287,0.0017005,0.0023269,0.00328,0.0070295,0.064828,0.0085874,0.0024314,0.0016322,0.0011932,0.00073687,0.00085479,0.00063515
0.00042535,0.0043681,0.00066395,0.0017268,0.0020142,0.001622,0.0031738,0.0054696,0.019851,0.023529,0.0035426,0.0031949,0.001711,0.0010839,0.002419,0.0013994,0.00080684,0.012018,0.0073424,0.0028254,0.0010168,0.0020221,0.0021615,0.00091638,0.0014549,0.0056969,0.016575,0.0049829,0.000563,0.0002167,0.0005336,0.00024885,5.8333e-05,3.244e-05,1.1448e-05,0.0027853,0.00062688,0.00044749,0.00029253,9.7639e-05,0.00042595,0.00013756,0.0053138,0.034175,0.0065199,0.0018183,0.0010224,0.00092028,0.00059094,0.00067995,0.00075532,0.0059682,0.0089597,0.0066765,0.0075832,0.0075204,0.0085803,0.011241,0.014934,0.027042,0.50894,0.020306,0.0087805,0.0074743,0.0041411,0.0020827,0.0020602,0.0020771,0.015402,0.0048412,0.0020246,0.0012498,0.0011222,0.00093421,0.00069324,0.0010126,0.00083473,0.021369,0.0018616,0.00030401,0.00055592,0.00058399,0.00043795,0.00048536,0.00011636,0.001257,0.0015137,0.0012372,0.0010708,0.0012614,0.0016206,0.0015906,0.0021196,0.0049763,0.058194,0.0072105,0.0017441,0.0011303,0.00079244,0.00019018,0.00047531,0.00041771,0.050084,0.0065538,0.0061189,0.0066193,0.0067249,0.0082197,0.0097908,0.014747,0.010949,0.02449,0.11059,0.020807,0.010776,0.0080566,0.0080465,0.0070336,0.0052911,0.021656,0.0069418,0.0026042,0.0018812,0.0018024,0.0027125,0.0027487,0.0036078,0.0062719,0.019184,0.032025,0.0061019,0.0040893,0.0028389,0.0022566,0.0024824,0.0025063,0.0041447,0.0023251,0.00064296,0.00075051,0.00051998,0.00084524,0.00067272,0.00080512,0.0092856,0.034031,0.019411,0.0022008,0.0010096,0.00044834,0.0004879,0.00026442,0.00022697,0.018183,0.0027733,0.001957,0.0031255,0.0035687,0.0041568,0.0056344,0.0091381,0.046069,0.14067,0.016163,0.0074448,0.0064689,0.0056767,0.0042375,0.0053192,0.0030423,0.014927,0.0070077,0.0031923,0.0032508,0.001643,0.0018556,0.0012748,0.0013991,0.0056714,0.046673,0.010682,0.00072126,0.001139,0.0007382,0.00081048,0.00012505,0.00038529,0.0016327,0.00054991,0.0010441,0.0011962,0.0015333,0.0017456,0.0018341,0.0024864,0.0072751,0.073664,0.010989,0.002708,0.0017062,0.0012845,0.00088852,0.00088613,0.00099567
0.0010109,0.0033964,0.0011813,0.0010939,0.00073751,0.001145,0.001767,0.0020484,0.025319,0.043655,0.0153,0.0048729,0.0027798,0.0034767,0.0019176,0.0013353,0.0012894,0.04725,0.0072737,0.0040235,0.0025531,0.003116,0.0020065,0.00090941,0.00091596,0.0011051,0.024084,0.0090608,0.00077441,0.00067134,0.00050029,0.00016009,0.00024525,0.00013734,0.012428,0.0021348,0.0015369,0.0012085,0.0012941,0.00093101,0.0018231,0.002881,0.0054956,0.016249,0.018652,0.0055971,0.0040279,0.0032805,0.0028369,0.0026835,0.0025864,0.029606,0.017208,0.013759,0.015097,0.016859,0.019361,0.024783,0.033571,0.062625,0.49501,0.047072,0.020783,0.011275,0.0067929,0.0045382,0.0020841,9.919e-05,0.034255,0.0034651,0.00014474,0.00048473,0.0003471,0.00037116,9.317e-05,0.00026517,0.00067856,0.018999,0.0012996,0.0006813,0.00091755,0.00060004,0.00045805,0.00045101,0.00047112,0.0053311,0.0022437,0.0017927,0.0018463,0.0017832,0.0033545,0.0037242,0.00554,0.011126,0.039605,0.0099405,0.0030241,0.0018566,0.0011398,0.00059744,0.00054926,0.00029944,0.070632,0.0068753,0.0035565,0.0031018,0.0035678,0.0045328,0.0057744,0.009432,0.01119,0.07052,0.10912,0.013781,0.010553,0.0077148,0.0065682,0.0059039,0.0062352,0.046857,0.0040374,0.0029056,0.0019752,0.0016272,0.0024568,0.0028882,0.0038502,0.0076549,0.031056,0.026531,0.0016337,0.0012064,0.00097833,0.00037652,0.000861,0.00057603,0.0075971,0.0013208,0.0010105,0.0011273,0.0012986,0.0020504,0.0027368,0.0041672,0.010654,0.041372,0.019448,0.0018121,0.00092238,0.00084084,0.0006248,0.00053184,0.00039103,0.0095178,0.0075997,0.0073101,0.0075133,0.0087521,0.010496,0.012858,0.020205,0.043432,0.14345,0.015829,0.01381,0.0093393,0.0072142,0.006316,0.0051964,0.0045625,0.055331,0.0090288,0.0036867,0.0029497,0.0026611,0.0030751,0.0034832,0.0051224,0.010629,0.046548,0.01312,0.0030619,0.0020353,0.0014671,0.0011622,0.0013873,0.0013714,0.0014172,0.0028399,0.0033315,0.0036326,0.0041967,0.0033749,0.0048227,0.007625,0.014697,0.059341,0.01274,0.0044623,0.0024659,0.001447,0.00073872,0.00048951,0.00016594
0.0069295,0.0041522,0.00053811,0.00052604,0.00036331,0.00069461,0.00019535,0.0008013,0.011316,0.056366,0.0070797,5.9227e-05,0.00057881,0.00013088,0.00052254,0.00079311,0.0003872,0.06198,0.0036895,0.001695,0.0010338,0.0012815,0.00094118,0.00035237,0.00094233,0.0017064,0.011187,0.0070307,0.00057073,0.0004106,0.00015385,0.00013976,0.00028366,0.00030708,0.015492,0.0011714,0.00085137,0.00073824,0.00085,0.0010384,0.0012154,0.0021727,0.0045244,0.032912,0.0079433,0.001021,0.00075927,0.00060884,0.00053569,0.00060681,0.00058366,0.048772,0.0097831,0.0095817,0.0097613,0.011621,0.014192,0.020187,0.029158,0.05383,0.52338,0.0573,0.031599,0.022625,0.018958,0.016147,0.016114,0.016236,0.042041,0.00076384,0.00010818,0.0010208,0.00016181,0.00059942,0.000872,0.00067474,0.0014836,0.012694,0.0021518,0.0012376,0.00074087,0.00055811,0.00029461,0.00097911,0.00070382,0.0059014,0.00067833,0.00076456,0.00090984,0.0010194,0.00055307,0.001052,0.0021863,0.0039337,0.03456,0.0077762,0.0018693,0.0013924,0.0011754,0.0010193,0.0010642,0.0010262,0.074508,0.0084372,0.0086746,0.009146,0.0085159,0.0079007,0.0063852,0.0062045,0.013552,0.045378,0.080653,0.015402,0.015026,0.015175,0.013841,0.014829,0.014807,0.055587,0.0015269,0.001138,0.0017746,0.0011989,0.0018864,0.0016062,0.0017566,0.0046048,0.012534,0.021681,0.0073971,0.0059359,0.0053463,0.0058107,0.0057008,0.0055791,0.014036,0.0033504,0.0026774,0.0025679,0.0025685,0.0028408,0.0023743,0.0034223,0.0062846,0.019482,0.024363,0.00093531,0.00019316,0.00019522,6.5503e-05,0.00013089,3.2425e-05,0.011149,0.0022983,0.0023045,0.0022676,0.0017968,0.0023701,0.0034714,0.0026845,0.0035665,0.16152,0.013548,0.0033781,0.002168,0.0014232,0.0010453,0.001265,0.00053597,0.068236,0.0041897,0.0021139,0.0014867,0.0020629,0.0024739,0.0023557,0.0032647,0.0054154,0.051136,0.0087303,0.0021608,0.0010914,0.00090919,0.00074931,0.00088341,0.00030708,0.004778,0.0012889,0.0013547,0.001557,0.0016107,0.0022478,0.0024903,0.0031647,0.0064116,0.057414,0.0047618,0.0023713,0.0019242,0.001455,0.0010329,0.0011443,0.0010853
0.00048636,0.0024678,0.0017439,0.00090609,0.00076509,0.0016468,0.0022384,0.0044163,0.0069326,0.049069,0.0078978,0.0033661,0.0022812,0.001795,0.0025942,0.0019532,0.0020352,0.038464,0.0049496,0.0021085,0.0016677,0.0011258,0.00093235,0.00044624,0.0010344,0.0025437,0.0038855,0.0074493,0.00035529,0.00056904,0.00044264,0.00057017,0.00024299,0.00028611,0.010769,0.0013107,0.00094992,0.00092394,0.0012039,0.0013326,0.0016954,0.0018407,0.0038838,0.037397,0.0038172,0.0032277,0.0017408,0.0013205,0.0011173,0.00088985,0.00082018,0.032599,0.0024135,0.0040833,0.0067552,0.010683,0.016131,0.026268,0.046926,0.12651,0.56951,0.098165,0.057455,0.042962,0.03645,0.032649,0.031212,0.030257,0.032135,0.0051131,0.002096,0.0015331,0.001244,0.0015662,0.0016082,0.0020756,0.0052339,0.011203,0.0015888,0.002327,0.0011261,0.00098573,0.0017742,0.00088599,0.00053025,0.0071984,0.0005387,0.00050142,0.00080882,0.0011578,0.0013424,0.0018597,0.0023056,0.0073047,0.046135,0.0087798,0.0031591,0.0025558,0.0020894,0.0021482,0.0018015,0.0017166,0.053799,0.006216,0.0056283,0.0060229,0.0062233,0.0073787,0.0092862,0.012891,0.0259,0.019135,0.079244,0.021998,0.007683,0.0053521,0.0028335,0.0024583,0.0018235,0.042163,0.0052871,0.0026343,0.0020062,0.002731,0.0022697,0.0020582,0.0026207,0.0074747,0.011596,0.019376,0.0055169,0.002377,0.0018619,0.0014804,0.0011433,0.0012455,0.010727,0.0015785,0.0011837,0.0013067,0.00119,0.0013707,0.0022575,0.0033821,0.0079472,0.01918,0.026261,0.0015076,0.00028944,0.00033525,0.00036848,0.00033541,0.0002823,0.02046,0.0036149,0.0067957,0.010096,0.0072718,0.0025206,0.01916,0.044438,0.093671,0.099976,0.037767,0.053099,0.038287,0.017992,0.0052608,0.022128,0.027193,0.042924,0.0056741,0.0038144,0.0032584,0.0024377,0.0018655,0.0064489,0.012739,0.022014,0.033327,0.011717,0.013963,0.010392,0.0040815,0.0023013,0.0062854,0.0082742,0.0080243,0.0037338,0.0059463,0.0057138,0.0027946,0.0030889,0.0099499,0.016869,0.025975,0.043753,0.015392,0.015921,0.01065,0.004462,0.0023629,0.0062172,0.0076009
0.0060273,0.0019602,0.0029987,0.0026062,0.0024553,0.0030294,0.0039065,0.0077078,0.016954,0.02569,0.013871,0.0084487,0.0047023,0.0032104,0.0036894,0.0040294,0.0038071,0.037064,0.0073078,0.0031849,0.0019169,0.00099553,0.0019919,0.0020829,0.0020416,0.0044427,0.02049,0.007427,0.0021099,0.0008492,0.00074374,0.00029109,0.00055927,0.00044251,0.016043,0.0029176,0.0018111,0.0015478,0.0017827,0.0021206,0.0025092,0.0020426,0.0049953,0.030043,0.010937,0.0026569,0.0012169,0.0006328,0.00075311,0.00022036,0.00024604,0.067634,0.028509,0.028168,0.030664,0.033623,0.039429,0.048869,0.070677,0.14249,0.57124,0.073235,0.03586,0.022548,0.013575,0.0078548,0.0047862,0.0026417,0.021357,0.0033535,0.0010648,0.0012419,0.00043121,0.00051486,0.00055598,0.0016461,0.0013648,0.018864,0.0036824,0.00045276,0.0001548,0.00038449,0.00080023,0.00019328,0.0001278,0.0049039,0.0026263,0.0029011,0.0029037,0.0032571,0.0042695,0.0052516,0.0065096,0.017355,0.04322,0.0087554,0.0035232,0.0020351,0.0012664,0.00064978,0.00034842,8.5823e-05,0.071788,0.0071361,0.0033724,0.0019334,0.0021752,0.0037997,0.0047348,0.010443,0.022641,0.077555,0.099169,0.013007,0.0051076,0.0027177,0.0020515,0.0012867,0.00047875,0.033246,0.0045621,0.0015687,0.0010337,0.0003253,0.0010119,0.00057502,0.0029085,0.0081389,0.033122,0.02572,0.0043615,0.00087644,0.0004563,0.00064932,0.00071989,0.00049591,0.012058,0.0016578,0.0015881,0.0017449,0.0023674,0.0028078,0.0037195,0.0089702,0.015518,0.033772,0.011455,0.0097065,0.0061603,0.0047835,0.0040055,0.0036592,0.0039559,0.014967,0.0046265,0.0072696,0.0072155,0.0088008,0.010409,0.014984,0.019975,0.051809,0.1345,0.029477,0.024641,0.017335,0.013221,0.011722,0.011499,0.01256,0.041115,0.0075501,0.0038226,0.0034344,0.0034372,0.0030792,0.0041713,0.0052538,0.013229,0.041391,0.014762,0.0023045,0.0014224,0.0011216,0.0008971,0.0011484,0.00049592,0.010397,0.0014427,0.00099734,0.0014364,0.0023903,0.0018361,0.0041533,0.0068371,0.021105,0.061364,0.017667,0.0065789,0.0050908,0.0044356,0.0041666,0.0041998,0.0038472
0.02101,0.0018428,0.00095385,0.0016747,0.0019096,0.0026049,0.0035305,0.0055389,0.014299,0.02954,0.026391,0.0089617,0.0060845,0.0054479,0.00459,0.0043837,0.0054036,0.075664,0.0052677,0.0027151,0.0014976,0.00015279,0.0011884,0.0013538,0.0025843,0.0068244,0.00063171,0.014475,0.0040005,0.0031783,0.0031265,0.0025408,0.0024177,0.0026226,0.028698,0.0022695,0.0016708,0.0014082,0.0015538,0.0018058,0.0027695,0.0034377,0.0054323,0.027554,0.015915,0.0038309,0.0026177,0.0021074,0.001896,0.0016535,0.0015145,0.091049,0.01223,0.012113,0.014396,0.017889,0.022639,0.031997,0.05525,0.12476,0.50108,0.095211,0.055749,0.042708,0.035558,0.033152,0.028579,0.028586,0.035441,0.0023085,0.0012673,0.0011628,0.0011504,0.0012486,0.0013446,0.002296,0.0045613,0.013477,0.0018393,0.002386,0.0018014,0.0014964,0.0013727,0.00035761,0.00044442,0.011513,0.0007592,0.00034279,0.00063199,0.00074324,0.0011449,0.0012901,0.0023918,0.0067941,0.02167,0.0066937,0.0026153,0.0020696,0.0018737,0.0017847,0.0013665,0.0013199,0.11588,0.0078972,0.0060856,0.0057516,0.007355,0.0087654,0.013122,0.02311,0.042451,0.045074,0.061452,0.020931,0.014491,0.012378,0.0088063,0.0095521,0.0093996,0.054086,0.0030334,0.0021361,0.0019483,0.0029295,0.0024072,0.002359,0.0046151,0.012737,0.0084873,0.0064132,0.0072264,0.0046919,0.0036656,0.0035622,0.0030414,0.0032425,0.016453,0.0014492,0.0014006,0.0015166,0.0019619,0.0019713,0.0033784,0.0052475,0.01712,0.021948,0.03273,0.0050829,0.0040104,0.0033628,0.0031027,0.0030756,0.0027962,0.01103,0.012252,0.011947,0.013835,0.01507,0.017483,0.022322,0.031601,0.069607,0.18214,0.045428,0.01666,0.012498,0.008967,0.0075494,0.0063469,0.0068341,0.085191,0.0064961,0.0034625,0.0031867,0.0030089,0.0035295,0.004598,0.0067478,0.014131,0.031636,0.0028967,0.0057988,0.0039269,0.0030543,0.0025065,0.0027479,0.0025292,0.0096323,0.0033944,0.0036292,0.0038019,0.0045302,0.004585,0.0064128,0.009113,0.02029,0.041082,0.0048619,0.0058602,0.0032583,0.0022567,0.0015916,0.0011481,0.00099947
0.024989,0.0009948,0.0014641,0.0016832,0.0022274,0.0018865,0.0022246,0.0024364,0.016973,0.039175,0.01598,0.0040756,0.0024736,0.00091597,0.0017865,0.0014272,0.003069,0.10185,0.0029672,0.0015679,0.00058974,0.00063078,0.001352,0.001231,0.0016382,0.0042764,0.015744,0.0059042,0.0018414,0.0014046,0.0012097,0.00088986,0.0009358,0.00096706,0.037848,0.0026291,0.0022809,0.0022979,0.0024548,0.0027684,0.0029206,0.0046427,0.013352,0.012074,0.016621,0.0057489,0.0040207,0.0031844,0.0029927,0.0027015,0.0025807,0.068629,0.038287,0.040752,0.037038,0.030464,0.0488,0.088583,0.14572,0.221,0.25934,0.078981,0.095448,0.078873,0.054716,0.033053,0.032544,0.033553,0.052228,0.0025237,0.0022026,0.00084927,0.0015426,0.0019359,0.0039038,0.0056167,0.0069518,0.014253,0.0035312,0.0041985,0.003242,0.001763,0.001787,0.0011511,0.0016098,0.018456,0.00095017,0.0003906,0.00091561,0.00071728,0.00047751,0.0013491,0.0058996,0.010002,0.0060458,0.0028112,0.0015958,0.0019578,0.0020177,0.0017027,0.0013614,0.00083925,0.12644,0.0061597,0.0043803,0.0049156,0.0054688,0.0058573,0.0082727,0.0084452,0.0416,0.07132,0.1008,0.0078817,0.0056062,0.0023327,0.001904,0.00090572,0.00029563,0.073083,0.0032767,0.0018297,0.0016548,0.0019662,0.0020911,0.0023061,0.0037365,0.0071911,0.024762,0.020206,0.0056737,0.0022282,0.0020438,0.0013287,0.0014078,0.0013848,0.020962,0.0025617,0.0020773,0.0019137,0.0023212,0.0023257,0.0026541,0.0053927,0.011796,0.035146,0.018433,0.00062127,0.0011516,0.0010046,0.00072241,0.00074001,0.00084688,0.003687,0.0029676,0.0040134,0.0053757,0.0067081,0.0091435,0.013462,0.024136,0.049711,0.207,0.033659,0.022558,0.016033,0.014208,0.013183,0.010793,0.010508,0.11579,0.0029651,0.0025593,0.0028139,0.0019017,0.0022841,0.0036757,0.0048099,0.010373,0.037046,0.011272,0.0030323,0.0022972,0.0018113,0.0014243,0.0018849,0.0018311,0.018969,0.001568,0.0012867,0.0014884,0.0017047,0.0024356,0.0038038,0.0083673,0.013989,0.043408,0.017516,0.006813,0.0056307,0.0046855,0.0042174,0.0040925,0.0039845
0.014591,0.0031287,0.0014476,0.0014146,0.0017278,0.0021645,0.0010385,0.0022823,0.010516,0.051634,0.008984,0.0012484,0.0012644,0.00045203,0.00094856,0.00049456,0.00103,0.084869,0.010603,0.0045615,0.0035591,0.002697,0.00065599,0.00148,0.0017743,0.0042062,0.010501,0.0066215,0.00039108,0.0007064,0.0007155,0.00079345,0.0004892,0.00051308,0.033268,0.0049429,0.0022191,0.0013703,0.0012106,0.001486,0.0013374,0.0034819,0.0059271,0.042699,0.010585,0.0019294,0.0014052,0.0011574,0.0013835,0.0011229,0.0010948,0.083917,0.011344,0.0066113,0.0057525,0.0088848,0.012712,0.018996,0.031936,0.056776,0.36055,0.077574,0.047516,0.033153,0.028283,0.026788,0.02436,0.023674,0.051011,0.0044997,0.002068,0.0022492,0.0013103,0.0014365,0.0018802,0.0028623,0.0058331,0.012955,0.0058746,0.002126,0.001629,0.0015018,0.0022379,0.00033926,0.00063325,0.019423,0.0026101,0.0016201,0.0016815,0.001126,0.0022625,0.0023475,0.0044375,0.010523,0.016767,0.0024968,0.0018379,0.0010131,0.00060667,0.00064527,0.00024722,9.5218e-06,0.10502,0.010183,0.0049689,0.0035976,0.0012388,0.0015387,0.0012715,0.0037466,0.01566,0.011049,0.10741,0.012108,0.008081,0.006913,0.0063817,0.0053643,0.0062409,0.068084,0.0063277,0.0031804,0.0022302,0.0023583,0.001572,0.0020927,0.0028301,0.0041166,0.0050375,0.029991,0.002515,0.0021868,0.0016562,0.00093838,0.001567,0.0010319,0.024775,0.002452,0.00092585,0.00059388,0.0010724,0.00087264,0.0017202,0.0023811,0.0025506,0.015475,0.023617,0.0010174,0.00013442,0.00015397,0.00039215,0.00031781,0.00031853,0.0084402,0.0017051,0.0010638,0.0011889,0.00066346,0.0010434,0.0017496,0.0032282,0.0074634,0.20717,0.017891,0.0014476,0.0019278,0.001666,0.00096438,0.0021668,0.0019551,0.091753,0.011106,0.0052156,0.0026909,0.0031362,0.0023233,0.0019535,0.0016809,0.003669,0.045899,0.011515,0.0014008,0.0012133,0.0010643,0.00078367,0.00036789,0.00078963,0.018231,0.0026584,0.0014945,0.0012396,0.0016378,0.00068598,0.0015235,0.0017593,0.005584,0.050471,0.0059574,0.00069799,0.00064506,0.00063435,0.00041228,0.00053461,0.00049594
0.0058461,0.0037241,0.0034705,0.0036477,0.0045192,0.0056059,0.0072842,0.011499,0.034201,0.0054973,0.011405,0.0092311,0.0062482,0.0054665,0.0040901,0.0050656,0.0052548,0.036009,0.0057125,0.0027711,0.0015297,0.0016031,0.0015007,0.0016451,0.002179,0.0087057,0.014947,0.0026165,0.002872,0.0021597,0.0021041,0.0015922,0.0018827,0.0018063,0.012428,0.0038789,0.0028791,0.0028299,0.0028163,0.0032202,0.0041614,0.0059043,0.014292,0.026198,0.00568,0.0039668,0.0024155,0.0017628,0.0017431,0.0013765,0.0013275,0.058797,0.030859,0.033103,0.034958,0.03974,0.04704,0.061945,0.097358,0.2627,0.47734,0.095307,0.053935,0.039189,0.030829,0.026097,0.023505,0.023381,0.031436,0.0020579,0.0014499,0.0010238,0.001498,0.0020011,0.0024969,0.003686,0.011258,0.019388,0.0033389,0.0022266,0.0016533,0.0018866,0.0011958,0.00019887,0.00061607,0.003109,0.0027627,0.0026184,0.0026809,0.0030846,0.0038802,0.0049478,0.0073069,0.022877,0.061467,0.0038861,0.0031725,0.0022552,0.0017216,0.0018618,0.0017522,0.0016899,0.056746,0.0047389,0.0033408,0.0014985,0.002096,0.0027469,0.0059112,0.008739,0.016601,0.033959,0.10638,0.023432,0.013938,0.011551,0.010381,0.0096723,0.0091344,0.04148,0.003345,0.0024222,0.001837,0.0011208,0.0021266,0.0022321,0.0028008,0.0070154,0.019316,0.023947,0.0066278,0.0038433,0.0028183,0.0024088,0.0019734,0.0019436,0.011011,0.0016625,0.0010166,0.0010367,0.00095903,0.0011742,0.00132,0.0013451,0.0074832,0.035004,0.020198,0.0026083,0.0011155,0.00061676,0.0003614,0.00014136,0.00016975,0.021473,0.0029962,0.003781,0.0022789,0.0053798,0.0047238,0.0033137,0.012401,0.044379,0.12082,0.034206,0.020307,0.0060372,0.0085298,0.0082692,0.0054291,0.0036164,0.035645,0.006849,0.0034219,0.0046011,0.0056209,0.0041946,0.0040006,0.011126,0.019191,0.032624,0.018616,0.014342,0.0039943,0.0036502,0.0069185,0.0048385,0.0011902,0.0098955,0.0070461,0.0061033,0.0036343,0.0086796,0.0094417,0.0037554,0.01944,0.040351,0.041121,0.031708,0.020435,0.0058511,0.0072175,0.0087371,0.0065366,0.0047341
0.005726,0.0015691,0.00089914,0.0019799,0.0031131,0.0044766,0.006804,0.01438,0.03145,0.031724,0.032034,0.015301,0.010774,0.0091609,0.0068985,0.0078337,0.0080415,0.0005722,0.0060648,0.0035158,0.0027598,0.0025314,0.002847,0.0033785,0.0051695,0.012839,0.0092481,0.015681,0.005343,0.0034172,0.0031913,0.0025122,0.0021499,0.0023079,0.0034543,0.0013537,0.00030649,0.00040405,0.00091414,0.0017886,0.0027513,0.0053225,0.017968,0.025847,0.020874,0.0083209,0.0057532,0.0047849,0.0045419,0.004155,0.004057,0.046786,0.040066,0.042261,0.04579,0.051892,0.061227,0.079446,0.12326,0.35448,0.2115,0.097018,0.055578,0.037022,0.027934,0.022563,0.019578,0.018256,0.014664,0.0044416,0.0026251,0.0023563,0.0026193,0.0027411,0.003486,0.0046844,0.013986,0.0068093,0.002316,0.0023305,0.0010697,0.00072137,0.00075469,0.0013564,0.00047683,0.0027409,0.0033245,0.0034004,0.0037516,0.0042015,0.0051523,0.007066,0.011924,0.034653,0.025346,0.015099,0.006931,0.005111,0.0040995,0.0037163,0.0032688,0.0032788,0.02693,0.0084928,0.0065566,0.0036695,0.0046697,0.010948,0.012275,0.0080462,0.038664,0.054309,0.077457,0.022901,0.026916,0.017723,0.0045234,0.011708,0.015585,0.017586,0.0055562,0.0023183,0.00075466,0.00068272,0.0017027,0.0035076,0.0050895,0.0090278,0.033082,0.028672,0.0054876,0.0066719,0.0057084,0.0043345,0.0041975,0.0042802,0.0057355,0.0016666,0.0010456,0.0022723,0.0033073,0.0022177,0.0025527,0.0089541,0.012713,0.0069914,0.033878,0.01634,0.006314,0.0038479,0.0072473,0.0056599,0.001936,0.028866,0.0088904,0.011005,0.011423,0.013883,0.016714,0.023306,0.038818,0.11872,0.29371,0.043702,0.020845,0.016438,0.015373,0.011657,0.012031,0.011547,0.0020886,0.0057776,0.0031035,0.0021453,0.0018586,0.0019506,0.0023238,0.0036179,0.0055706,0.046861,0.0017771,0.0032275,0.00086853,0.00050896,0.0014129,0.00063791,0.0017758,0.0020828,0.0035037,0.0038223,0.0041693,0.0046682,0.0054873,0.0070865,0.010907,0.027166,0.052716,0.010019,0.0053402,0.0034777,0.0023931,0.0019797,0.0015352,0.0014687
0.00080111,0.00159,0.0021733,0.0033866,0.0033749,0.005122,0.0081821,0.013804,0.052076,0.05002,0.022338,0.014372,0.0093954,0.0075903,0.0072982,0.007126,0.0073434,0.022869,0.001869,0.00092496,0.0010622,0.0011905,0.0015299,0.0026855,0.0046059,0.015576,0.011322,0.0091724,0.0056702,0.0038017,0.003307,0.0029488,0.0029131,0.0027809,0.010843,0.00096128,0.0012382,0.0014511,0.0015015,0.0021627,0.0032779,0.0055388,0.019038,0.0093127,0.011839,0.0065894,0.0044171,0.003705,0.0033916,0.0032744,0.0030385,0.020754,0.040849,0.04223,0.045879,0.051216,0.060956,0.078772,0.12186,0.3355,0.45189,0.091209,0.053335,0.036776,0.027523,0.021558,0.017866,0.01787,0.0076696,0.0013624,0.0016976,0.0015458,0.0016358,0.0022349,0.0031018,0.0042568,0.011421,0.014806,0.0076645,0.0030129,0.0021119,0.0015656,0.001259,0.00092532,0.0012074,0.0065099,0.0028913,0.0031205,0.0034122,0.0040826,0.0049397,0.0064974,0.010508,0.032873,0.063745,0.0086761,0.0063643,0.0047731,0.0040798,0.0035707,0.0034658,0.0032673,0.013693,0.0034645,0.00027963,0.0033801,0.0033983,0.0047639,0.0080911,0.011327,0.056453,0.061072,0.10784,0.024312,0.013199,0.012365,0.011518,0.009345,0.0092222,0.0040646,0.0007609,0.0012408,0.00096603,0.0015313,0.0015215,0.0022815,0.0039423,0.010205,0.024701,0.022567,0.0061176,0.0031404,0.0026338,0.0022457,0.0021017,0.0022412,0.0037613,0.0018542,0.0020621,0.0020959,0.0025136,0.0029637,0.0038675,0.0065761,0.012519,0.03206,0.019351,0.0049023,0.0025752,0.0017048,0.0014054,0.0012925,0.0010491,0.003603,0.015191,0.016871,0.017738,0.01989,0.024185,0.031204,0.050112,0.1526,0.089839,0.035012,0.027099,0.018542,0.014498,0.012027,0.0093509,0.011316,0.024077,0.0017427,0.00082478,0.00071533,0.00043335,0.00095948,0.0011121,0.0017166,0.0069313,0.050039,0.0077193,0.00067722,0.00063783,0.00036476,0.0007504,0.00073284,4.0054e-05,0.0026379,0.0028702,0.0031027,0.0031804,0.0035889,0.0044365,0.0057764,0.0089374,0.024994,0.07303,0.0079268,0.0050672,0.0035886,0.0026466,0.0023399,0.0018491,0.002039
0.0042878,0.0028484,0.0020598,0.0033839,0.0046312,0.0063616,0.0085553,0.015174,0.033447,0.038575,0.031297,0.013958,0.010618,0.01053,0.0064807,0.0067249,0.0073243,0.036152,0.0034487,0.0020436,0.0020307,0.002515,0.0027115,0.0036422,0.0055603,0.013781,0.0055505,0.011204,0.0047235,0.003231,0.0025221,0.0019544,0.0019052,0.0018921,0.01173,0.0017951,0.0019574,0.0019875,0.0022422,0.0026575,0.0034343,0.0049293,0.015424,0.029771,0.016506,0.0060053,0.0039617,0.0031355,0.002528,0.0025457,0.0023575,0.074161,0.045161,0.046703,0.050912,0.055522,0.065518,0.083926,0.12898,0.33142,0.26412,0.10473,0.054406,0.033776,0.022659,0.015978,0.012077,0.010008,0.01146,0.0024162,0.0017925,0.0018081,0.0022421,0.0024757,0.0031963,0.0047254,0.012173,0.0081907,0.0045054,0.0021114,0.001349,0.00085689,0.00082921,0.0008988,4.1943e-05,0.001669,0.0035418,0.003581,0.0040689,0.0047094,0.0056281,0.0075093,0.011193,0.031861,0.019455,0.014841,0.008267,0.0060126,0.0047638,0.0045383,0.0040339,0.0041333,0.017866,0.0088187,0.0090097,0.010284,0.010171,0.011297,0.015014,0.021005,0.042267,0.060365,0.10434,0.024498,0.014186,0.010589,0.0075989,0.0065707,0.0039006,0.011517,0.0015411,0.00055707,0.0009389,0.0015717,0.0026787,0.003402,0.0047696,0.01386,0.035763,0.037814,0.011249,0.0075959,0.005797,0.0051625,0.0049132,0.0048257,0.0043221,0.00083061,0.00068098,0.0007374,0.00087897,0.0010238,0.0013743,0.0017906,0.011149,0.010435,0.021096,0.0024078,0.0013679,0.00094959,0.00061011,0.00060053,0.00064088,0.01692,0.0074897,0.0065869,0.0068434,0.0089574,0.010408,0.014837,0.025009,0.054288,0.29543,0.031834,0.015201,0.011267,0.010029,0.0074689,0.0085373,0.0063306,0.032408,0.0033569,0.0022148,0.0014611,0.0014091,0.002274,0.0026005,0.0037528,0.0062542,0.047156,0.0093475,0.0047712,0.0028635,0.0024629,0.0015725,0.0015188,0.0014973,0.0051499,0.0042997,0.0046241,0.0046651,0.0054725,0.0063304,0.0078725,0.011674,0.027087,0.045252,0.021144,0.0081278,0.0052951,0.0041266,0.0032919,0.0028541,0.0026245
0.00050164,0.0038184,0.0040183,0.0047592,0.0054797,0.0063887,0.0089908,0.015345,0.050141,0.037682,0.044803,0.016129,0.011601,0.007368,0.0081206,0.0082573,0.0085737,0.044053,0.0021456,0.0021273,0.0023256,0.0023253,0.0029962,0.0032689,0.0056022,0.017311,0.0087874,0.018166,0.0059183,0.0041065,0.0033058,0.0027905,0.0028977,0.002903,0.019276,0.0019435,0.0020264,0.0021931,0.0026762,0.0030366,0.0035669,0.0062828,0.018312,0.0057186,0.026214,0.0075834,0.0054751,0.0044056,0.0037437,0.003158,0.0033417,0.0010758,0.041641,0.042912,0.04595,0.052006,0.060875,0.078509,0.12061,0.3337,0.39391,0.078937,0.046363,0.029869,0.019163,0.013187,0.0077929,0.0072938,0.019045,0.0013461,0.0014849,0.0016116,0.0012423,0.0018894,0.0025031,0.0038985,0.011919,0.016663,0.0032551,0.0015831,0.0012001,0.0010673,0.000785,0.0010891,0.00023079,0.0085985,0.0021657,0.0022618,0.0027262,0.0032275,0.0042623,0.0060018,0.0098207,0.031888,0.065038,0.011713,0.0070367,0.0055148,0.0046681,0.0039584,0.0039813,0.0038796,0.01067,0.0086161,0.0087463,0.0095362,0.010959,0.012577,0.015623,0.019928,0.03101,0.082419,0.071392,0.019567,0.011388,0.0083309,0.004564,0.002731,0.0013199,0.017489,0.00099623,0.0012517,0.0013411,0.0014501,0.0018833,0.0030008,0.0048153,0.011623,0.010572,0.019665,0.0077753,0.005296,0.0039166,0.0034983,0.0034071,0.0032559,0.0042115,0.0014149,0.001481,0.0016085,0.0018826,0.0020042,0.002864,0.0053829,0.013754,0.034735,0.024945,0.0067899,0.0045292,0.0034671,0.0033215,0.0029117,0.0029641,0.0058824,0.0063853,0.008256,0.0099781,0.012445,0.016093,0.023483,0.04358,0.13063,0.065058,0.064384,0.037022,0.02799,0.022925,0.022515,0.021499,0.02015,0.046891,0.0012663,0.0004259,0.00053935,0.00035697,0.00017983,0.00059721,0.00064725,0.001313,0.048337,0.0021901,0.00077834,0.00088276,0.0010237,0.00060201,0.00109,0.00066758,0.0014992,0.00091916,0.0010246,0.0013532,0.0020139,0.0026795,0.0038179,0.0060826,0.023462,0.082019,0.011217,0.0061557,0.0043582,0.0036924,0.003599,0.0033643,0.0033303
0.013254,0.0061969,0.0066887,0.0061997,0.0069057,0.0089398,0.012855,0.021808,0.045981,0.011827,0.041503,0.017033,0.012281,0.011956,0.0080643,0.0083672,0.0064336,0.047333,0.0026244,0.001985,0.001818,0.0023802,0.0026219,0.0037723,0.0057031,0.016586,0.0061384,0.012743,0.0050353,0.0032235,0.0025374,0.0023699,0.0021456,0.0018921,0.015707,0.0022754,0.0024626,0.0027832,0.0031242,0.0038707,0.0050344,0.0077815,0.027348,0.012392,0.025055,0.0091462,0.0064782,0.0048509,0.0043317,0.0042299,0.0038396,0.044034,0.0075873,0.011354,0.0094896,0.025112,0.014227,0.060328,0.033554,0.44363,0.11265,0.13926,0.025061,0.074271,0.015605,0.058005,0.01213,0.055783,0.015686,0.001196,0.00040568,0.00045986,0.00018899,0.0011529,0.0015391,0.001852,0.014679,0.0030284,0.0033889,0.0023233,0.002133,0.0015339,0.0022288,0.00069128,0.000515,0.0053635,0.0015033,0.0014919,0.0018875,0.002124,0.0025417,0.0038726,0.0055195,0.033052,0.024805,0.0036506,0.0024694,0.00068591,0.00096696,0.00049757,0.00039293,0.00069426,0.0052701,0.0059056,0.0069943,0.0070758,0.0085023,0.0096465,0.011213,0.015224,0.030024,0.076297,0.040677,0.014305,0.0077802,0.0026655,0.0038825,0.0020433,0.00045587,0.016262,0.0014949,0.00084042,0.00066565,0.00075865,0.00058645,0.0012028,0.0016829,0.0063158,0.017776,0.0051851,0.0024599,0.0018013,0.0013876,0.0010761,0.001183,0.0010681,0.0077573,0.0023291,0.0023895,0.0026624,0.0027964,0.0032786,0.0044493,0.0058259,0.013893,0.036175,0.014011,0.0049485,0.0031867,0.0022556,0.001852,0.0014632,0.0015812,0.025738,0.010469,0.010256,0.012579,0.0151,0.020499,0.029173,0.050301,0.15197,0.31914,0.059158,0.038898,0.030163,0.024468,0.023077,0.022436,0.018917,0.045539,0.0016264,0.00073473,0.0009965,0.00030078,0.00033081,0.00023855,0.00070448,0.0016636,0.046174,0.0023223,0.00067772,0.00025877,0.00030913,0.00049246,0.00075296,0.00032616,0.0042458,0.0013184,0.00151,0.0016703,0.0023782,0.0030246,0.0042564,0.0074233,0.027037,0.032636,0.0092997,0.0052777,0.0042633,0.0033946,0.0032191,0.0030149,0.0027542
0.0041295,0.0061344,0.0069912,0.0070423,0.0087181,0.010042,0.013866,0.017845,0.078929,0.028944,0.029324,0.016156,0.0083874,0.0081117,0.0065813,0.0056612,0.0060216,0.039149,0.0019624,0.0020373,0.002245,0.0015254,0.0028648,0.0035296,0.0051552,0.018349,0.014726,0.0056454,0.0027752,0.0013934,0.0010119,0.00068958,0.00079001,0.00074199,0.018982,0.0031766,0.0031279,0.0032424,0.0039234,0.0046038,0.0058316,0.010309,0.025922,0.016329,0.014586,0.0058811,0.0033964,0.0026574,0.0023896,0.0019083,0.0014114,0.073224,0.035615,0.036941,0.039188,0.044624,0.05367,0.070118,0.11798,0.42702,0.28683,0.085634,0.048908,0.034765,0.026889,0.022959,0.019889,0.020676,0.0082017,0.0015206,0.00091706,0.0018854,0.0015396,0.0019464,0.0024066,0.0043148,0.014958,0.012981,0.0025859,0.0010074,0.0010778,0.0005117,0.00054759,0.00082,0.0019608,0.0047703,0.00080474,0.0011732,0.001956,0.0028853,0.0040189,0.0071845,0.012649,0.047964,0.059661,0.016997,0.01052,0.0085474,0.0072886,0.0063616,0.0062476,0.006033,0.00075723,0.0013804,0.00055182,0.0029394,0.0045618,0.0056508,0.010206,0.019394,0.06181,0.14368,0.038831,0.021947,0.014263,0.012877,0.013951,0.010814,0.010645,0.012757,0.0020653,0.0017501,0.0022395,0.0016935,0.0027417,0.0031946,0.0048459,0.016946,0.024145,0.0079741,0.0035775,0.0025084,0.0020745,0.0014407,0.0013508,0.0012207,0.00044823,0.0031216,0.0035559,0.003632,0.0045118,0.0046534,0.0062527,0.0081088,0.02259,0.033269,0.010842,0.0047417,0.002847,0.001901,0.0010653,0.0011763,0.001009,0.02286,0.0049156,0.007154,0.010663,0.013971,0.016539,0.015776,0.01304,0.15124,0.11085,0.053896,0.03853,0.024834,0.014873,0.011419,0.014118,0.016459,0.047061,0.0061147,0.0033569,0.0015166,0.0035507,0.0075724,0.011284,0.015376,0.022681,0.03522,0.0090709,0.0081087,0.0055351,0.003614,0.0014022,0.0010499,0.00097085,0.0064546,0.007328,0.0051221,0.0014328,0.0032706,0.0093001,0.016357,0.025978,0.058693,0.069241,0.008608,0.011902,0.011649,0.010175,0.0076277,0.0040464,0.0013581
0.016709,0.00063884,0.0029607,0.0016838,0.0037326,0.0044148,0.0067581,0.011108,0.084302,0.031325,0.0065371,0.004912,0.0040846,0.0055056,0.0056664,0.0053777,0.0038262,0.033865,0.0027688,0.0019649,0.0014079,0.0015873,0.0012995,0.002177,0.0023148,0.019758,0.0044434,0.010293,0.0030507,0.0020496,0.0013175,0.0011872,0.0010852,0.001009,0.014605,0.00048673,0.00031238,0.00058813,0.00029689,0.0012946,0.0014839,0.0049651,0.028377,0.021892,0.011942,0.0019197,0.0012319,0.00092421,0.00099803,0.00098446,0.0010624,0.0094987,0.025048,0.026344,0.029624,0.033859,0.042539,0.059532,0.10027,0.42756,0.27179,0.084458,0.054482,0.041738,0.034723,0.031924,0.030608,0.029168,0.0036412,0.0013335,0.0007984,0.00050455,0.0011013,0.0010145,0.0019301,0.0028772,0.015131,0.0053614,0.0057006,0.0025161,0.0018133,0.0017402,0.00175,0.0022883,0.00057032,0.0074865,0.0027934,0.0029484,0.0030534,0.0035407,0.004734,0.0063158,0.013038,0.0465,0.023043,0.0092583,0.0038832,0.0024073,0.001744,0.0012875,0.00099366,0.0013829,0.0018807,0.0035628,0.0046596,0.0036139,0.0050663,0.0065218,0.0084641,0.010751,0.077745,0.093384,0.03693,0.017284,0.010394,0.0084923,0.0093585,0.0071189,0.0065118,0.0040112,0.0011958,0.0008258,0.0006088,0.00068869,0.00060827,0.00072921,0.001421,0.009296,0.010348,0.0048831,0.0014365,0.00068113,0.00071971,0.00039396,0.00057907,0.0004444,0.00029184,0.0019585,0.0021513,0.002147,0.002297,0.0028263,0.003763,0.0032877,0.015615,0.026864,0.011314,0.0038725,0.0021818,0.0013165,0.00091012,0.00077353,0.00061607,0.014847,0.008666,0.01035,0.011587,0.016038,0.022377,0.033885,0.064402,0.23505,0.28851,0.080633,0.051168,0.040151,0.034076,0.030349,0.028659,0.028023,0.03488,0.0025003,0.0017184,0.0015879,0.0012289,0.0011,0.0016317,0.0020664,0.0066902,0.044517,0.004804,0.0028527,0.001859,0.0014121,0.0022966,0.0015839,0.001379,0.001112,0.00041603,0.00049172,0.00061795,0.00098598,0.0012302,0.0023165,0.0066053,0.028757,0.040586,0.0029119,0.0025134,0.001853,0.0016972,0.0013804,0.0014877,0.0013562
0.017515,0.0068761,0.0080985,0.0081471,0.0083522,0.01095,0.014302,0.028054,0.092461,0.035466,0.032317,0.012165,0.0097951,0.0090413,0.0067353,0.0064869,0.0065251,0.027443,0.002884,0.0022579,0.0024084,0.0030379,0.0035803,0.0041996,0.006461,0.02484,0.0069772,0.013017,0.0044055,0.003643,0.0019765,0.0014939,0.0011645,0.0011711,0.0072805,0.0039154,0.0041888,0.0046163,0.0049282,0.0054913,0.0070399,0.0090161,0.036655,0.0018381,0.024468,0.0071262,0.0040415,0.0028784,0.0018611,0.001575,0.0014706,0.017254,0.0089465,0.010856,0.013242,0.019002,0.027534,0.043754,0.086702,0.42214,0.18549,0.07129,0.054113,0.044226,0.038236,0.035016,0.033001,0.034905,0.00022126,0.00055045,0.0010886,0.00060673,0.0011681,0.0014348,0.002287,0.0036817,0.01564,0.0093449,0.0025455,0.0013772,0.0013202,0.00092264,0.00058917,0.0010884,0.00028612,0.0005417,0.0037211,0.0038817,0.0044772,0.0049453,0.0062534,0.007996,0.010939,0.049532,0.049064,0.0074659,0.0060932,0.0043572,0.0037063,0.0030709,0.0029979,0.0026322,0.012169,0.00087148,0.0019553,0.0028495,0.004467,0.0063844,0.0098752,0.024537,0.058799,0.11208,0.039807,0.021545,0.014798,0.012653,0.0096868,0.010249,0.01051,0.0014401,0.0018817,0.0018516,0.0017564,0.0025316,0.0030528,0.0037804,0.0048404,0.018121,0.014892,0.0061115,0.0033319,0.0021781,0.0014384,0.0011762,0.00093408,0.00068094,0.0036126,0.0034493,0.0032827,0.0036192,0.0039124,0.004623,0.0058155,0.0083391,0.027086,0.036707,0.01692,0.0053679,0.0029586,0.0021134,0.0016352,0.0011627,0.001091,0.036582,0.016485,0.017216,0.018927,0.020473,0.024547,0.032313,0.054026,0.21939,0.14407,0.027803,0.015589,0.0093958,0.0061901,0.004585,0.0016176,0.00090983,0.02413,0.0010593,0.0010128,0.0012193,0.0010116,0.0013266,0.0015742,0.0022413,0.0071991,0.047527,0.0039216,0.0022237,0.0018032,0.00094517,0.0015122,0.0016625,0.0020504,0.0049611,0.0042112,0.0047794,0.0050469,0.0056845,0.0064462,0.007909,0.011198,0.043364,0.075756,0.011553,0.0046812,0.0030778,0.0018425,0.0014197,0.00051027,0.00038336
0.0010834,0.0087978,0.0092366,0.0086894,0.010151,0.011235,0.015606,0.025124,0.087028,0.037715,0.022609,0.0091568,0.0059955,0.0024677,0.0021579,0.002211,0.0021973,0.021323,0.0013513,0.0011891,0.0017268,0.0017409,0.0021922,0.0025038,0.0043161,0.018986,0.0099249,0.0012668,0.0020738,0.001926,0.0015576,0.0016724,0.0011959,0.001112,0.011915,0.0020153,0.002126,0.0023872,0.0029127,0.0031173,0.0044778,0.0065989,0.02621,0.0018741,0.013747,0.0024017,0.001296,0.0010331,0.00060483,0.00054621,0.00081446,0.060182,0.039449,0.041136,0.043855,0.049821,0.058949,0.077367,0.123,0.41138,0.33554,0.079851,0.041279,0.025645,0.016569,0.011146,0.0052176,0.0051995,0.0015145,0.0012039,0.0014835,0.0020248,0.0017091,0.0022349,0.0025452,0.0045638,0.015438,0.008777,0.0061159,0.0021734,0.0015977,0.0011086,0.0008555,0.00041197,0.0010834,0.0013638,0.0013699,0.001499,0.0019984,0.0025333,0.003734,0.0061677,0.0123,0.043918,0.042944,0.013347,0.0078515,0.0059998,0.0050783,0.0047758,0.0044808,0.0044575,0.016535,0.0028932,0.0011896,0.0014324,0.0031,0.006318,0.0090908,0.01269,0.057149,0.079902,0.062863,0.021692,0.01675,0.012271,0.010662,0.0033658,0.0014134,0.00082972,0.0027268,0.0013348,0.0014037,0.0017629,0.0033222,0.0048397,0.0059548,0.010073,0.012664,0.0083901,0.0039987,0.0024006,0.0012253,9.5357e-05,0.00079765,0.00086784,0.0030785,0.0029803,0.0028534,0.0029409,0.0030665,0.004355,0.0052653,0.0076105,0.018357,0.030701,0.0092783,0.0063578,0.0036739,0.0020101,0.0003569,0.00062739,0.00088884,0.006939,0.012009,0.011245,0.013279,0.01587,0.019469,0.02787,0.04664,0.20373,0.2085,0.046823,0.029597,0.02275,0.01889,0.017595,0.015877,0.016846,0.019715,0.00094996,0.0006176,0.00095237,0.00086306,0.00092203,0.0010959,0.0017169,0.0065827,0.050084,0.0063588,0.0012316,0.00086968,0.00059513,0.00019057,0.00032218,0.00077057,0.0012551,0.0005309,0.00084841,0.0013973,0.002266,0.0020853,0.0041844,0.0087854,0.03382,0.055223,0.0010066,0.0039099,0.003419,0.0029567,0.0028843,0.0026773,0.0026932
0.0082647,0.0011243,0.0023166,0.0030007,0.0037839,0.0040251,0.004614,0.0066124,0.053238,0.040556,0.01348,0.0058265,0.0017354,0.0032745,0.0024604,0.0018536,0.0019551,0.0094205,0.0012615,0.00097693,0.0016406,0.0010021,0.00019422,0.00024605,0.00037855,0.0092279,0.014526,0.0092314,0.0017172,0.00089675,0.00074329,0.00037521,0.00029786,0.00029183,0.0050317,0.0013631,0.0022321,0.00239,0.0021163,0.0030576,0.0035693,0.0063744,0.016021,0.03138,0.014464,0.0041648,0.0024856,0.0014002,0.0011995,0.00097582,0.00073626,0.02849,0.038103,0.04069,0.043961,0.049253,0.05876,0.075851,0.11999,0.33167,0.23359,0.096933,0.053919,0.035759,0.026507,0.021618,0.016032,0.016169,0.0055753,0.0022713,0.00084972,0.00081846,0.0014967,0.0016029,0.002439,0.0034964,0.011744,0.0087019,0.002174,0.0017576,0.0014081,0.0012779,0.0014962,0.0017649,0.00058937,0.0048219,0.0027249,0.0029893,0.0033178,0.003099,0.0043277,0.0062441,0.0091384,0.028482,0.021635,0.0086882,0.0052596,0.003899,0.0032214,0.0028272,0.0024956,0.0027047,0.018,0.0076703,0.0077188,0.0069949,0.007516,0.0089968,0.010671,0.013679,0.036735,0.087627,0.05402,0.017791,0.0089725,0.0077106,0.0042406,0.0043,0.0043355,0.010056,0.0012811,0.00090626,0.00083579,0.00078123,0.0003551,0.0003869,0.001587,0.0031853,0.0084786,0.0036056,0.0017628,0.00095803,0.00099471,0.00063956,0.00072163,0.00076295,0.0023671,0.00093055,0.0019264,0.001945,0.001813,0.0023158,0.0022712,0.0040782,0.0049918,0.0026516,0.020797,0.0075529,0.0046827,0.0037343,0.0032306,0.002959,0.0031262,0.017351,0.0032851,0.0058933,0.006167,0.0098631,0.015175,0.022947,0.037656,0.1075,0.28295,0.076282,0.043674,0.034636,0.028865,0.025428,0.024882,0.023024,0.0082971,0.0020352,0.00084288,0.0011565,0.00067673,0.00061371,0.0010682,0.0015566,0.0061896,0.047008,0.0041183,0.0024274,0.0022119,0.0017365,0.002767,0.0010385,0.0011635,0.00065232,0.00092932,0.0015086,0.0013223,0.0015158,0.0023364,0.0025489,0.0065928,0.018276,0.048063,0.0066041,0.0041089,0.0030977,0.0026704,0.0023993,0.0023456,0.0022316
