6.1816e-06,8.9523e-06,8.4266e-06,6.8186e-06,8.953e-06,4.3074e-06,9.3982e-06,1.2585e-05,1.1763e-05,6.2881e-06,3.3028e-06,4.1886e-06,3.5428e-06,3.7219e-06,4.6341e-06,1.0667e-05,1.3904e-05,1.6923e-07,5.1588e-06,1.2258e-05,1.9777e-05,1.3411e-05,6.7061e-06,2.009e-06,1.0169e-06,1.3292e-06,9.3543e-06,1.2823e-05,8.0075e-06,1.5128e-05,1.0775e-05,1.1443e-05,1.3324e-05,1.6678e-06,1.8824e-06,8.1217e-06,1.0189e-05,1.137e-05,1.255e-05,1.0525e-05,9.7747e-06,5.9354e-06,1.0342e-05,1.152e-05,1.7103e-05,2.0669e-05,8.3901e-06,5.81e-06,9.2325e-06,4.3403e-06,1.0116e-05,1.5492e-05,1.4576e-05,6.5892e-06,7.7806e-06,8.9025e-06,7.0707e-06,5.6501e-06,5.8907e-05,9.4885e-05,3.7545e-05,8.2859e-06,2.2023e-06,6.9075e-06,1.213e-05,4.9629e-06,4.0274e-06,2.4943e-06,5.5463e-06,7.8058e-06,8.0537e-06,8.2043e-07,7.5717e-06,2.4258e-06,9.3026e-06,1.5122e-05,8.0219e-06,6.4394e-06,1.0851e-05,8.3993e-06,7.8451e-06,1.0399e-05,8.1669e-06,3.5435e-06,6.3745e-06,6.4267e-06,6.2428e-06,4.5235e-06,2.5326e-06,5.0501e-06,8.3268e-06,7.1271e-06,1.0787e-05,2.5027e-06,1.0532e-05,8.422e-06,8.1666e-06,4.154e-06,1.748e-06,3.495e-06,1.1087e-05,5.2206e-06,1.3772e-05,6.2001e-06,5.257e-06,1.8413e-06,7.9147e-06,5.4022e-06,1.3279e-05,9.3565e-06,6.3381e-06,1.335e-05,1.2901e-05,1.1319e-05,1.362e-05,1.946e-05,1.1868e-05,9.8494e-06,2.5597e-05,2.4629e-05,1.3272e-05,9.685e-06,1.0096e-05,1.6782e-05,2.7874e-05,1.2664e-05,5.1557e-06,8.7569e-06,5.5379e-06,6.3041e-06,1.1952e-05,1.7549e-05,1.3174e-05,9.2669e-06,9.3187e-06,2.6923e-05,2.3787e-05,1.8041e-05,1.4306e-05,2.3021e-05,1.6169e-05,1.3195e-05,2.1231e-05,6.5744e-06,2.0305e-05,2.1436e-05,4.2445e-06,1.1253e-05,1.1495e-05,6.3149e-06,1.3394e-05,7.4016e-06,9.0173e-06,9.8763e-06,7.936e-06,7.9692e-06,6.5719e-06,1.6839e-05,1.5701e-05,2.0082e-05,2.5423e-05,3.2732e-05,1.826e-05,3.9773e-06,1.3189e-05,1.9855e-05,1.4166e-05,4.02e-06,2.805e-06,9.218e-06,4.002e-06,6.9373e-06,3.9301e-06,1.3787e-05,1.8614e-05,1.2339e-05,1.3155e-05,1.7887e-05,1.5159e-05,1.3845e-05,1.2722e-05,1.3537e-05,8.1895e-06,1.5557e-05,1.5198e-05,1.598e-05,1.7578e-05,1.8954e-05,1.964e-05,3.513e-05,1.5596e-05,1.3963e-05,1.6582e-05,7.2687e-06,4.6014e-06,1.2803e-05,1.4486e-05,3.8327e-06,8.4014e-06,1.3875e-05,4.7759e-06,9.3217e-06,1.1269e-05,3.5882e-06,1.3498e-05,2.3096e-05,1.4875e-05,3.1765e-06,6.4348e-06,7.0034e-06,2.4868e-06,1.2866e-05,1.2778e-05,1.1973e-06,1.1844e-05,5.4959e-06,5.5597e-06,1.9254e-06,3.4647e-06,7.5849e-06,1.0375e-05,1.0407e-05,3.8123e-06,2.8917e-06,6.0655e-06,3.8533e-06,4.237e-06,5.662e-06,4.8263e-06,9.2177e-06,9.9395e-07,4.8747e-06,6.3518e-06,7.0892e-06,2.5754e-06,4.8822e-06,6.4831e-06,6.8432e-06,6.869e-06,6.6941e-06,1.335e-06,3.6941e-06,7.8005e-06,1.7478e-05,1.6431e-05,7.5903e-06,6.6867e-06,7.3282e-06,6.0168e-06,7.3742e-06,1.0872e-05,1.2674e-05,2.4967e-06,4.6237e-05,0.00013803,0.00010245,1.7375e-05,1.199e-05,9.1294e-06,1.8945e-06,8.9331e-06,3.28e-06,6.5568e-06,7.6718e-06,3.3197e-06,1.2441e-05,1.4313e-05,4.7195e-06,9.8424e-06,1.1857e-05,7.4648e-06,1.6234e-06,5.8031e-06,7.3798e-06,1.0836e-05,1.4516e-05,9.9258e-06,2.319e-05,2.3799e-05,1.1352e-05,1.9858e-06,6.5767e-06,1.1332e-05,1.0207e-05,8.2284e-06,4.1405e-06,1.1233e-05,3.3472e-06,7.237e-06,8.7957e-06,5.6599e-06,8.9357e-06,1.0529e-05,4.7124e-06,1.0754e-05,1.1144e-05,4.5577e-06,9.7542e-06,8.7209e-06,9.3234e-06,1.838e-05,1.1434e-05,6.7531e-06,1.1648e-05,1.8028e-05,7.8156e-06,1.6524e-06,3.7286e-07,3.3219e-06,9.22e-06,1.785e-05,1.2961e-05,8.5747e-06,8.8167e-06,5.2341e-06,2.0547e-06,3.2757e-06,1.2644e-05,2.2016e-05,1.7028e-05,1.0489e-05,1.1845e-05,1.1428e-05,8.083e-06,5.328e-06,1.4156e-05,2.7998e-05,2.5125e-05,1.2552e-05,6.595e-06,2.9287e-05,2.3721e-05,7.9069e-06,5.0272e-06,2.2049e-05,2.8693e-05,1.6418e-05,1.7444e-05,1.4891e-05,2.4318e-05,1.4144e-05,1.6151e-05,1.2262e-05,5.8047e-06,1.5866e-05,1.3372e-05,6.6762e-06,6.2005e-06,1.9187e-05,3.2261e-05,3.2755e-05,3.1722e-05,2.3532e-05,3.3935e-06,1.551e-05,1.4416e-05,3.5679e-06,1.2879e-06,6.4743e-06,1.712e-05,9.6872e-06,4.6509e-06,1.0396e-05,3.3348e-06,5.4002e-06,1.9084e-07,2.1734e-06,5.7638e-06,1.2606e-05,1.8107e-05,3.3721e-05,2.5069e-05,1.477e-05,1.1786e-05,6.3457e-06,5.4508e-06,6.0079e-06,1.9635e-06,1.4266e-05,2.5748e-05,2.2747e-05,2.9858e-05,1.323e-05,2.643e-05,6.1254e-05,4.5707e-05,1.9951e-05,1.4622e-05,1.5059e-05,6.2729e-06,1.1761e-05,1.2666e-05,1.0807e-05,9.003e-06,1.3881e-05,1.3042e-05,1.0661e-05,6.1438e-06,6.1276e-06,4.2465e-06,4.6442e-06,1.6002e-06,6.7933e-06,1.2887e-05,1.2193e-05,1.023e-05,3.6725e-06,8.4033e-06,9.8335e-06,1.1348e-05,7.6727e-06,9.4061e-06,1.746e-05,1.1423e-05,9.2449e-06,7.7637e-06,2.8993e-06,6.4739e-06,1.0839e-05,1.3343e-05,1.276e-05,8.2755e-06,2.1661e-06,6.4514e-07,3.0846e-06,9.8269e-06,8.3495e-06,3.7019e-06,3.0298e-06,7.2393e-07,1.8639e-06,9.1768e-06,1.2152e-05,1.6021e-06,1.833e-06,1.1996e-05,1.3914e-05,6.2679e-06,4.095e-06,9.7375e-06,1.2885e-05,8.7331e-07,5.4192e-06,5.3137e-06,7.1736e-06,5.5884e-06,1.1635e-05,2.7412e-05,5.5637e-05,6.4198e-05,2.7317e-05,1.7964e-05,1.8101e-05,1.4685e-05,7.0094e-06,7.7277e-06,2.0174e-05,1.6591e-05,4.7019e-06,4.7597e-06,1.2524e-06,5.7098e-06,4.805e-06,5.8292e-06,3.6028e-06,4.1084e-06,1.3888e-05,1.0766e-05,6.2145e-06,4.8759e-06,1.2057e-05,1.1026e-05,5.7129e-06,2.0749e-06,8.0473e-06,1.0317e-05,8.0141e-06,8.8486e-06,1.2683e-05,8.6396e-06,5.2891e-06,9.9879e-06,9.5873e-06,9.778e-06,1.7195e-05,2.0614e-05,8.733e-06,6.1334e-06,5.1208e-06,9.6487e-06,1.7797e-05,1.7946e-05,1.2205e-05,9.7593e-06,8.1801e-06,3.4939e-06,4.8651e-06,5.5011e-06,9.3364e-06,5.1633e-06,1.103e-05,4.1944e-06,4.7191e-06,5.8933e-06,4.2015e-06,4.0828e-06,1.6798e-06,5.8387e-06,1.2226e-05,1.7705e-05,1.4681e-05,6.5517e-06,7.8116e-06,1.63e-05,1.6772e-05,8.62e-06,4.6478e-06,8.8366e-06,9.4822e-06,1.3124e-05,1.3448e-05,9.6166e-06,1.8677e-05,1.76e-05,1.4605e-05,1.323e-05,1.7555e-05,1.775e-05,1.3196e-05,1.908e-05,3.3948e-05,2.4643e-05,1.2768e-05,1.4613e-05,2.2259e-05,1.8852e-05,5.9148e-06,2.1565e-05,1.6305e-05,1.4718e-05,2.1909e-05,1.4514e-05,1.8091e-05,1.0852e-05,1.1248e-05,2.3398e-05,2.4512e-05,2.224e-05,2.4314e-05,2.2484e-05,1.2903e-05,8.5507e-06,7.8968e-06,4.6067e-06,9.9903e-06,1.1734e-05,2.095e-05,9.6412e-06,1.0742e-05,1.6847e-05,1.4455e-05,9.4791e-06,1.6505e-05,1.3346e-05,1.0949e-05,1.6432e-05,7.5475e-06,9.9013e-06,1.5474e-05,3.9202e-05,4.262e-05,1.7019e-05,1.7505e-05,1.3012e-05,7.8461e-06,2.7293e-05,4.8448e-05,3.8835e-05,4.1907e-05,4.8625e-05,2.9088e-05,1.543e-05,1.1969e-05,2.505e-05,9.0472e-06,8.5067e-06,6.5493e-06,2.268e-05,2.2348e-05,1.4711e-05,1.1513e-05,9.309e-06,4.5833e-06,7.7537e-06,1.2771e-05,1.0908e-05,1.3557e-05,1.8365e-05,2.2298e-05,1.2122e-05,3.746e-06,7.9965e-06,1.59e-05,1.257e-05,1.5237e-05,1.3136e-05,2.8796e-06,5.3062e-06,1.032e-05,1.1924e-05,7.5619e-06,5.8952e-06,2.8613e-06,1.2458e-06,4.3351e-06,9.9772e-06,1.9519e-05,1.846e-05,8.8247e-06,3.456e-06,6.703e-06,2.2945e-06,8.1777e-06,7.9022e-06,5.9858e-06,4.6365e-06,9.9431e-06,3.9451e-06,1.3049e-05,9.259e-06,6.0395e-06,8.2939e-06,1.9957e-06,1.2502e-05,8.7642e-06,7.127e-06,1.083e-05,9.677e-06,1.4698e-05,1.2696e-05,1.6827e-05,1.0024e-05,6.8491e-06,5.5986e-05,0.00013349,0.00010908,3.3733e-05,8.7698e-06,9.0903e-06,1.5798e-05,1.7683e-05,9.0086e-06,1.0051e-05,1.0881e-05,6.5421e-06,7.7947e-06,6.7699e-06,3.1446e-06,1.2468e-05,1.6286e-05,3.9571e-06,1.0012e-05,1.3603e-05,1.6029e-05,7.2764e-06,1.0739e-05,9.9395e-06,8.9773e-06,1.4221e-05,6.964e-06,5.634e-06,8.0114e-06,9.8127e-06,6.2505e-06,1.3877e-05,6.6414e-06,5.6008e-06,7.1978e-06,6.7175e-06,5.8255e-06,8.5238e-06,8.4906e-06,6.619e-06,9.9749e-06,1.0936e-05,2.8711e-06,7.993e-06,1.5105e-06,9.6455e-06,8.7516e-06,1.1098e-05,6.9591e-06,3.753e-06,1.0999e-05,8.6835e-06,1.1965e-06,7.9934e-06,1.3844e-05,1.4392e-05,1.312e-05,1.854e-05,1.892e-05,8.4667e-06,7.6988e-06,1.1644e-05,4.8029e-06,5.3397e-06,8.0014e-07,1.4898e-05,2.4073e-05,2.4573e-05,1.807e-05,4.7467e-06,2.0411e-06,8.5997e-06,1.5461e-05,2.2038e-05,2.6425e-05,1.8548e-05,1.0456e-05,8.242e-06,3.4169e-06,8.144e-06,8.5356e-06,2.7915e-05,3.2678e-05,2.3949e-05,1.6786e-05,9.9415e-06,9.3606e-06,7.4871e-06,1.3631e-05,1.7314e-05,1.8333e-05,7.5983e-06,1.1832e-05,8.0933e-06,1.7322e-05,2.2973e-05,9.0258e-06,2.7839e-05,2.0295e-05,1.6378e-05,1.0905e-05,2.3015e-05,1.5272e-05,9.6731e-06,1.5341e-05,6.5319e-06,2.7057e-05,2.1009e-05,5.5214e-06,1.4354e-05,1.9645e-05,1.4031e-05,8.8461e-06,3.3538e-06,5.8912e-06,1.3511e-05,1.6604e-05,9.4194e-06,2.2824e-05,3.3645e-05,8.5446e-06,1.3077e-05,8.5643e-06,1.1215e-05,1.1684e-05,1.4555e-05,1.8734e-05,2.3144e-05,1.4335e-05,2.5301e-05,2.6841e-05,6.2121e-05,3.3347e-05,1.5027e-05,2.8362e-05,3.1765e-05,1.6239e-05
6.3631e-06,3.0521e-06,9.2013e-06,1.5018e-05,1.5236e-05,1.426e-05,1.5743e-05,9.9803e-06,1.4593e-05,2.2108e-05,8.8892e-06,3.2484e-06,3.9157e-06,9.65e-06,1.6892e-05,1.6791e-05,6.3863e-06,5.1236e-06,7.5607e-06,1.6e-06,6.9998e-06,2.3473e-06,8.9223e-06,1.3995e-05,8.7643e-06,8.2325e-06,1.1426e-05,9.2806e-06,3.9701e-06,5.9029e-06,1.3592e-05,9.2752e-06,5.3203e-06,8.6709e-06,4.24e-06,8.3427e-06,1.3013e-05,8.0205e-06,2.1365e-06,3.4762e-06,9.457e-06,8.7927e-06,5.1435e-06,3.3988e-06,4.7012e-06,7.1768e-06,4.2523e-06,7.5206e-06,9.6057e-06,9.0944e-06,8.968e-06,7.1736e-06,6.1417e-06,3.7936e-06,4.7071e-06,2.8238e-06,5.4598e-06,9.9272e-06,4.7204e-05,8.1098e-05,3.5906e-05,2.8125e-06,4.4857e-06,3.5723e-06,6.9844e-06,1.2422e-05,1.2587e-05,1.1964e-05,4.9478e-06,4.7476e-06,8.3872e-06,1.3087e-05,7.2317e-06,3.5917e-06,4.4459e-06,9.1583e-06,1.4884e-05,1.4319e-05,1.1491e-05,2.3401e-05,3.1531e-05,2.4901e-05,1.5312e-05,4.6264e-06,1.3549e-05,1.4442e-05,1.5803e-05,1.46e-05,1.8391e-05,1.8927e-06,1.4971e-05,1.5994e-05,1.3847e-05,4.1403e-06,1.6175e-05,1.7904e-05,9.5865e-06,6.4077e-06,7.7479e-06,9.3258e-06,6.3208e-06,8.4423e-06,1.1753e-05,5.9309e-06,2.0163e-05,2.1242e-05,1.2979e-05,8.6812e-06,8.2948e-06,3.6127e-06,6.6973e-06,7.1892e-06,7.2374e-06,5.3163e-06,1.0764e-05,7.2359e-06,3.7544e-06,1.5283e-05,1.1369e-05,1.0583e-05,1.6818e-05,8.7518e-06,3.2413e-06,8.1361e-06,1.7432e-05,1.0308e-05,1.2334e-05,1.8551e-05,7.7731e-06,7.8826e-06,2.2156e-05,2.7695e-05,2.3495e-05,2.9009e-05,3.4961e-05,2.3877e-05,6.2121e-06,3.3661e-06,1.8403e-05,2.3231e-05,5.162e-06,7.5947e-06,1.0275e-05,3.0633e-05,3.3148e-05,2.1374e-05,5.4587e-06,8.636e-06,7.306e-06,1.2178e-05,1.0024e-05,6.2559e-06,1.3283e-05,4.614e-06,2.4143e-05,2.3165e-05,1.9009e-05,1.5581e-05,2.3291e-05,2.6913e-05,2.1354e-05,2.974e-05,1.7197e-05,9.1588e-06,1.8105e-05,1.7358e-05,3.3602e-06,1.3219e-05,2.4775e-05,2.1898e-05,1.2812e-05,4.7635e-06,1.1595e-05,9.1422e-06,7.1842e-06,2.3466e-06,1.1155e-05,1.984e-05,2.7223e-05,2.7514e-05,2.6171e-05,4.0558e-05,1.1045e-05,1.6212e-05,7.027e-06,1.64e-05,1.0281e-05,1.5882e-05,3.922e-05,5.1395e-05,1.8149e-05,5.7749e-06,8.03e-06,4.6365e-06,1.6411e-05,7.7363e-06,2.1759e-06,1.0414e-05,6.3997e-06,4.5849e-06,6.0344e-06,1.1567e-05,4.6705e-06,1.2671e-05,1.3495e-05,7.3503e-06,1.0037e-05,1.1e-05,8.7205e-06,5.4056e-06,1.8711e-06,1.1607e-05,1.2328e-05,1.5694e-05,1.3202e-05,6.3742e-06,4.7747e-06,6.6794e-06,4.0685e-06,1.004e-06,8.4859e-06,1.0622e-05,5.3196e-06,8.1625e-06,1.8043e-05,1.5213e-05,1.0579e-05,1.1762e-05,1.2647e-05,1.1136e-05,1.3742e-05,1.591e-05,1.8504e-05,1.8985e-06,2.0978e-05,1.0429e-05,1.3676e-05,9.8456e-06,1.3567e-05,1.6284e-05,9.2695e-06,8.651e-06,8.4192e-06,1.8094e-05,1.5379e-05,1.0259e-05,1.6271e-05,2.0769e-05,1.2986e-05,1.1742e-05,1.5495e-05,2.8453e-05,4.5603e-05,9.5568e-05,8.7791e-05,3.9851e-05,5.9714e-05,3.148e-05,1.8492e-05,1.5259e-05,1.0051e-05,6.9986e-06,1.8123e-06,8.6441e-06,1.8805e-05,1.6361e-05,1.9066e-05,2.4148e-05,2.6336e-05,2.3799e-05,1.0109e-05,9.3689e-06,1.3025e-05,2.2656e-05,4.4397e-05,3.2734e-05,1.1566e-05,2.222e-05,1.7969e-05,3.3333e-05,4.3499e-05,2.5291e-05,1.0198e-05,2.2533e-05,2.161e-05,1.1555e-05,4.9717e-06,7.9846e-06,6.0426e-06,8.7457e-06,9.2329e-06,3.0349e-06,1.1562e-05,1.7173e-05,2.0905e-05,1.1871e-05,5.571e-06,1.7289e-05,2.0151e-05,1.1752e-05,1.0701e-05,1.6353e-05,1.6465e-05,1.4095e-05,5.5746e-06,4.9945e-06,6.1173e-06,9.574e-06,8.0985e-06,1.6185e-05,2.0915e-05,5.6478e-06,3.8896e-06,6.7431e-06,7.5781e-06,1.1308e-05,4.6092e-06,9.8273e-06,3.4509e-06,3.5899e-06,6.5464e-06,8.071e-06,1.1484e-05,8.344e-06,5.9387e-06,5.2501e-06,2.1044e-05,2.1406e-05,1.3139e-05,2.9027e-06,2.1472e-05,2.457e-05,1.9917e-05,8.8998e-06,5.1293e-06,1.7636e-06,1.309e-05,2.7999e-05,2.6919e-05,1.9089e-05,1.4821e-05,1.3544e-05,2.8434e-05,3.3122e-05,1.0889e-05,8.8039e-06,1.1674e-05,6.6018e-06,1.3829e-05,3.4497e-05,3.8931e-05,2.5586e-05,1.0108e-05,3.8604e-05,3.2319e-05,2.7798e-05,2.993e-05,1.1723e-05,1.3629e-05,3.1341e-05,2.1026e-05,2.5734e-05,3.3277e-05,9.5002e-06,2.6787e-05,1.7724e-05,9.5988e-06,1.8617e-05,1.884e-05,1.6821e-05,2.4891e-05,3.4932e-05,3.7196e-05,1.945e-05,2.0064e-05,3.3017e-05,2.9948e-05,1.8064e-05,6.5034e-06,8.8952e-06,1.2867e-05,5.6052e-06,1.2036e-05,2.4814e-05,3.0534e-05,1.108e-05,3.6401e-06,4.2675e-06,2.0651e-05,2.7429e-05,6.5766e-06,1.3662e-05,8.9931e-06,1.4356e-05,1.8625e-05,1.1639e-05,9.8432e-06,3.837e-06,5.1531e-06,1.0656e-05,1.599e-05,8.6446e-06,7.0369e-07,8.1815e-06,1.2817e-05,1.4156e-05,8.311e-06,1.0364e-05,1.4651e-05,3.4807e-06,2.3182e-06,6.6604e-06,6.3276e-06,1.2849e-05,1.9467e-05,1.2531e-05,6.7815e-06,4.6462e-06,2.2653e-06,3.4904e-06,1.2076e-05,2.0594e-05,1.9509e-05,1.1657e-05,6.702e-06,1.2363e-05,5.5332e-06,2.8701e-05,2.1432e-05,5.7742e-06,1.1902e-05,1.7495e-06,6.5957e-06,2.0407e-06,5.1564e-06,5.8672e-06,6.9846e-06,1.4312e-05,1.5911e-05,1.3252e-05,1.1919e-05,2.0601e-06,3.495e-06,3.7698e-06,6.7055e-06,1.3341e-05,2.2037e-05,4.0501e-05,2.2375e-05,4.9184e-05,5.6585e-05,4.0808e-05,2.9116e-05,1.2356e-05,6.282e-06,1.0097e-05,7.0922e-06,1.018e-05,1.13e-05,7.7798e-06,8.5201e-06,1.1763e-05,1.6402e-05,1.7399e-05,1.3126e-05,8.2541e-06,5.0795e-06,1.0965e-05,2.7406e-06,1.1909e-05,1.6646e-05,2.3616e-05,2.0102e-05,1.4091e-05,1.4789e-05,8.7548e-06,1.1278e-05,1.6459e-05,1.0344e-05,7.0206e-06,1.0919e-05,1.9281e-05,1.3969e-05,5.0948e-06,3.0982e-06,1.0784e-05,1.3773e-05,9.3356e-06,4.6489e-06,4.7867e-06,8.7842e-06,2.7677e-06,5.4364e-06,4.5509e-06,1.0591e-05,1.2675e-05,6.8077e-06,1.1142e-05,1.531e-05,1.1232e-05,1.0337e-05,6.3726e-06,5.5972e-06,1.9417e-06,8.9226e-06,8.2142e-06,8.7567e-06,1.2098e-05,1.4032e-05,4.8688e-06,2.8217e-06,7.1761e-06,1.7008e-05,1.6375e-05,1.03e-05,1.2763e-05,1.3423e-05,1.6404e-06,1.8038e-05,1.708e-05,2.078e-05,3.529e-05,1.7072e-05,8.931e-06,1.3174e-05,2.1865e-05,2.1257e-06,1.5602e-05,9.1974e-06,1.3045e-05,1.9135e-05,1.4797e-05,8.2087e-06,2.5866e-05,1.8391e-05,9.6865e-06,8.9029e-06,1.2374e-05,2.3191e-05,8.2138e-06,1.5212e-05,9.6441e-06,5.5408e-06,1.3851e-05,1.9462e-05,2.6871e-05,3.6923e-05,2.633e-05,1.0227e-05,1.0533e-05,1.2785e-05,1.4559e-05,1.5647e-05,5.05e-06,1.3219e-05,2.2704e-05,1.6472e-05,4.1264e-06,6.0202e-06,1.3698e-05,3.9507e-06,1.2227e-05,9.303e-06,9.5117e-06,1.8571e-05,1.3762e-05,1.3534e-05,2.9435e-05,1.2125e-05,2.5183e-05,1.4396e-05,1.347e-05,8.7406e-06,8.8446e-06,1.734e-05,2.2587e-05,2.936e-05,3.9449e-05,3.3932e-05,6.7826e-05,4.5013e-05,3.2461e-05,4.8555e-05,3.8009e-05,2.1439e-05,6.6115e-06,8.1353e-06,6.3119e-06,9.1229e-06,1.5789e-05,9.0191e-06,1.1085e-05,1.0798e-05,5.7801e-06,2.2743e-06,5.9823e-06,3.5826e-06,9.3538e-06,1.6491e-05,2.5807e-05,1.7475e-05,8.2647e-06,5.0411e-06,1.9362e-06,8.5326e-06,7.8283e-06,1.0279e-05,3.3482e-06,9.6996e-06,1.0667e-05,7.7985e-06,1.4083e-05,1.5198e-05,1.0642e-05,7.1494e-06,1.1223e-05,7.8881e-06,9.2654e-06,1.1827e-05,1.1421e-05,1.2741e-05,1.137e-05,5.9627e-06,1.8722e-05,1.5395e-05,1.0926e-05,1.2467e-05,5.5923e-06,8.3955e-06,1.7634e-05,1.8554e-05,4.7198e-06,1.6709e-05,2.1597e-05,1.6536e-05,1.1589e-05,1.3227e-05,1.0942e-05,8.1704e-06,8.9993e-06,8.7273e-06,2.7828e-05,3.1175e-05,5.0737e-05,0.00012731,9.5939e-05,4.0106e-05,1.7675e-05,1.77e-05,1.4479e-05,2.4349e-05,1.8502e-05,2.1804e-05,1.9461e-05,9.4033e-06,9.9269e-06,8.0834e-06,1.3355e-05,1.5027e-05,9.8988e-06,1.4379e-05,1.5129e-05,1.1613e-05,2.8149e-05,6.3787e-05,7.0343e-05,4.5533e-05,2.2916e-05,1.3951e-05,2.8358e-05,3.6017e-05,3.8499e-05,3.0472e-05,1.5382e-05,4.2504e-06,8.2216e-06,6.8947e-06,6.4069e-06,4.496e-06,1.2219e-05,1.3008e-05,1.5074e-05,1.5257e-05,1.0197e-05,5.691e-06,1.1818e-05,2.1456e-05,1.8485e-05,1.4961e-05,1.2981e-05,3.3386e-06,4.0139e-06,3.4486e-06,3.9446e-06,8.7451e-06,1.0609e-05,1.5842e-06,1.4072e-05,1.0658e-05,1.897e-06,5.3849e-06,4.5378e-06,7.8538e-06,9.6914e-06,1.2413e-05,5.7416e-06,8.6031e-06,1.829e-05,1.8355e-05,1.3232e-05,1.1864e-05,8.2075e-06,2.773e-06,5.8835e-06,8.1346e-06,8.9356e-06,1.8723e-06,5.2264e-06,1.5901e-05,1.9589e-05,1.2846e-05,1.3236e-05,6.0707e-06,9.7352e-06,1.6791e-05,1.6394e-05,1.6709e-05,1.9556e-05,3.2471e-05,2.6166e-05,6.5996e-06,3.7849e-06,8.1358e-06,2.7445e-06,1.7414e-05,1.5247e-05,1.2597e-05,6.5229e-06,1.5654e-05,8.3423e-06,1.3185e-05,1.7213e-05,1.513e-05,2.6855e-06,2.6465e-05,2.5158e-05,4.3419e-06,3.5978e-05,3.0705e-05,7.8694e-06,1.025e-05,1.4191e-05,2.039e-05,9.3203e-06,9.5093e-06,1.5476e-05,1.6098e-05,2.6394e-05,2.3624e-05,1.8114e-05,2.0823e-05,1.5357e-05,1.2967e-05,1.1162e-05,1.777e-06,1.019e-06,8.8588e-06,6.7748e-06,2.3834e-06,1.4902e-05,2.9579e-05,2.1197e-05,6.6711e-06,3.1933e-05,5.4187e-05,5.5789e-05,3.5433e-05,2.6756e-05,2.6831e-05,1.2585e-05
5.5415e-06,1.0821e-06,1.8026e-06,4.7286e-06,6.7479e-06,2.3903e-06,2.7485e-06,1.187e-05,1.5863e-05,7.9069e-06,2.7754e-06,7.3077e-06,7.8937e-06,2.5765e-06,4.7456e-06,4.5532e-06,9.5926e-06,5.2369e-06,1.6287e-05,1.7375e-05,6.3434e-06,8.596e-06,7.9831e-06,3.791e-06,5.4873e-06,4.9799e-06,2.1182e-06,9.4154e-06,1.7631e-05,1.4503e-05,4.2033e-06,4.9998e-06,5.6269e-06,9.1341e-06,1.3931e-05,1.1035e-05,7.1433e-06,1.6023e-05,1.0876e-05,1.1952e-05,6.8681e-06,1.2515e-05,2.1247e-05,1.8326e-05,1.6624e-05,7.174e-06,4.7047e-06,6.2283e-06,5.9429e-06,1.8824e-06,4.6021e-06,7.152e-06,1.1604e-05,5.4289e-06,4.3064e-06,5.4106e-06,3.4076e-06,2.6972e-06,6.0035e-05,0.00010035,4.8769e-05,1.0208e-05,8.8324e-06,1.0161e-05,7.9059e-06,7.8825e-07,1.3359e-05,1.2795e-05,3.3561e-06,2.9985e-06,6.6236e-06,1.0663e-05,3.8753e-06,3.0196e-06,8.7038e-06,7.8493e-06,8.16e-06,1.1464e-05,1.215e-05,1.7145e-05,1.3019e-05,9.4303e-06,1.0861e-05,5.4016e-06,8.0811e-07,7.7318e-06,1.1811e-05,8.2129e-06,9.3251e-07,4.3794e-06,1.0238e-05,1.7892e-05,1.3567e-05,3.8836e-06,5.9576e-06,9.4418e-06,1.8791e-05,1.361e-05,6.6986e-06,8.6634e-06,8.3602e-06,9.4279e-06,1.5672e-05,1.1598e-05,1.2124e-05,1.7939e-05,1.2416e-05,1.4087e-05,7.8498e-06,3.8419e-06,3.6716e-06,1.1312e-05,1.1245e-05,2.4711e-06,2.3663e-06,6.9263e-06,7.4428e-06,5.7297e-06,1.3811e-05,1.9187e-05,1.4417e-05,8.1704e-07,7.6339e-06,1.4811e-05,2.3224e-05,1.5889e-05,1.2713e-05,6.6009e-06,8.3578e-06,7.8786e-06,1.0278e-05,1.3917e-05,1.3076e-05,1.8516e-05,1.7517e-05,1.5455e-05,2.0317e-05,2.2142e-05,1.2702e-05,2.23e-05,1.7828e-05,1.162e-05,2.1468e-05,2.115e-05,9.2577e-06,3.4752e-06,1.0121e-05,1.346e-05,1.1118e-05,1.2604e-05,2.4077e-05,2.327e-05,1.3148e-05,1.449e-05,2.8208e-05,2.7768e-05,2.7218e-05,8.2096e-06,2.9033e-05,1.1023e-05,1.5617e-05,2.1221e-05,2.3647e-05,1.6656e-05,2.8828e-05,2.905e-05,1.6983e-05,1.178e-05,1.2336e-05,4.5852e-06,1.3511e-05,7.2937e-06,2.6491e-06,7.4375e-06,2.2861e-06,7.968e-06,7.159e-06,1.7014e-05,1.087e-05,8.2858e-06,3.6372e-06,8.1547e-06,1.3154e-05,1.8101e-05,2.5418e-05,1.881e-05,1.2653e-05,9.4454e-06,2.1193e-05,5.2028e-05,3.5118e-05,7.5414e-06,4.4503e-06,1.5841e-05,1.8651e-05,1.0309e-05,3.7126e-06,3.7525e-06,5.2943e-06,8.46e-06,9.2826e-06,6.6785e-06,4.9396e-06,9.3911e-06,7.8173e-06,3.1486e-06,1.1136e-05,1.6791e-05,8.967e-06,1.943e-06,4.7182e-06,2.587e-06,5.8199e-06,4.0666e-06,1.0271e-05,8.5466e-06,4.0635e-06,3.2257e-06,6.2214e-06,8.4402e-06,9.5798e-06,1.2758e-05,8.1981e-06,5.29e-06,3.5755e-06,6.007e-06,1.6329e-05,1.0143e-05,9.764e-06,1.4813e-05,8.923e-06,5.4079e-06,1.1678e-05,1.0426e-05,2.511e-06,2.1831e-06,8.3179e-06,7.8511e-06,1.2775e-05,1.8256e-05,1.0329e-05,4.488e-06,5.61e-06,6.737e-06,9.7728e-06,1.0755e-05,9.1088e-06,1.2052e-05,1.1135e-05,1.1589e-05,1.1094e-05,1.5773e-05,2.8536e-06,4.6136e-05,0.00012048,9.2519e-05,1.308e-05,1.4649e-05,2.704e-06,1.5562e-05,9.442e-06,8.3977e-06,1.0599e-05,9.04e-06,1.368e-05,3.2705e-06,1.2972e-05,1.5715e-05,1.0034e-05,9.4007e-06,7.3572e-06,7.7836e-06,1.4084e-05,1.6786e-05,3.0052e-06,1.2756e-05,1.4865e-05,1.1913e-05,1.3053e-05,6.5502e-06,1.1022e-05,1.1527e-05,1.0494e-05,4.4757e-06,3.889e-06,7.5375e-06,1.2373e-05,1.5291e-05,1.0654e-05,1.3907e-06,4.403e-06,1.4279e-05,1.0094e-05,4.8613e-06,1.1491e-05,9.5289e-06,3.4307e-06,1.0105e-05,7.1644e-06,2.562e-06,6.2552e-06,6.899e-06,4.0821e-06,4.3597e-06,8.3288e-06,1.0727e-05,1.2377e-05,1.5316e-05,1.6819e-05,1.5767e-05,1.2535e-05,1.5603e-05,1.1e-05,1.057e-05,1.1266e-05,1.1558e-05,1.124e-05,2.3264e-06,5.2884e-06,5.2907e-06,1.2449e-06,4.5423e-06,2.0666e-06,7.5177e-06,1.1613e-05,4.6919e-06,8.1911e-06,7.6802e-06,6.7182e-06,1.4833e-05,7.4585e-06,1.5192e-05,1.3498e-05,1.082e-05,1.2368e-05,1.1291e-05,5.0176e-06,1.1636e-05,1.676e-05,1.1939e-05,6.4752e-07,1.0858e-05,1.7679e-05,9.6573e-06,2.4361e-05,1.1187e-05,3.0679e-05,4.4878e-05,2.6775e-05,3.5826e-06,8.0785e-07,1.064e-05,2.7764e-06,8.434e-06,1.8176e-06,1.2617e-05,1.9588e-05,1.2124e-05,1.2926e-05,1.9309e-05,7.5859e-06,8.6269e-06,1.3731e-05,1.6914e-05,9.5269e-06,8.1368e-06,9.3217e-06,1.7416e-05,1.3748e-05,1.8169e-05,9.9564e-06,1.5169e-05,1.1586e-05,1.758e-05,2.4678e-05,1.3984e-05,1.0067e-05,1.7346e-05,1.3132e-05,2.7059e-05,1.9086e-05,2.3293e-05,2.045e-05,2.9998e-05,3.989e-05,2.5767e-05,4.9229e-06,1.7178e-05,1.1807e-05,2.1529e-05,1.6366e-05,2.3957e-05,1.9609e-05,1.2334e-05,9.7818e-06,1.4102e-05,4.4431e-06,9.9861e-06,1.1858e-05,3.8011e-06,1.3071e-06,3.3939e-06,1.9976e-06,1.0636e-05,8.4183e-06,1.0154e-05,1.0992e-05,8.3975e-06,3.6254e-06,2.172e-06,2.7362e-06,5.1753e-06,1.2291e-05,1.1785e-05,4.9671e-06,6.4589e-06,1.0827e-05,1.0899e-05,1.2179e-05,7.2968e-06,5.0572e-06,7.5616e-06,2.0493e-06,4.5284e-06,1.0902e-05,1.1104e-05,9.844e-06,6.9376e-06,1.143e-05,1.1839e-05,1.7209e-05,1.3872e-05,3.6307e-06,7.4376e-06,9.8575e-06,1.5548e-05,6.092e-06,9.1492e-06,1.0793e-05,8.0675e-06,1.4573e-05,1.3379e-05,8.0002e-06,9.0886e-06,4.078e-06,7.9731e-06,9.756e-06,7.7654e-06,4.3857e-05,5.7063e-05,1.3484e-05,9.3519e-06,1.1363e-05,3.6135e-07,4.0689e-06,6.3657e-06,3.3273e-06,5.2331e-06,6.0863e-06,8.3361e-06,6.5568e-06,6.2786e-06,1.152e-05,1.4148e-05,1.5866e-05,6.1204e-06,4.2107e-06,1.6093e-05,1.9279e-05,7.3981e-06,1.4186e-05,1.7972e-05,1.4831e-05,1.4113e-05,1.4201e-05,8.7884e-06,3.8058e-06,4.6556e-06,4.6643e-07,5.8585e-06,3.8558e-06,9.4e-06,9.8979e-06,7.101e-06,1.5341e-05,1.0795e-05,6.1139e-06,1.7452e-05,2.3562e-05,1.3726e-05,1.0663e-05,8.6392e-06,5.7844e-06,5.0557e-06,7.3991e-06,1.4546e-05,1.3748e-05,5.8349e-06,1.4853e-05,1.132e-05,8.1397e-06,5.2428e-06,4.8058e-06,7.2398e-06,3.8333e-06,7.3867e-06,6.6012e-06,9.5982e-06,7.1175e-06,5.9805e-06,7.9046e-06,9.0015e-06,1.0158e-05,1.2959e-05,9.2077e-06,5.8576e-06,6.7535e-06,2.8373e-06,3.9494e-06,3.8314e-06,1.4131e-05,1.2003e-05,3.8429e-06,7.0402e-06,2.0493e-05,1.0886e-05,6.3463e-06,1.208e-05,8.3743e-06,6.8243e-06,1.0579e-05,1.4843e-05,1.3046e-05,1.2551e-05,1.6482e-05,1.5731e-05,2.0568e-05,8.1833e-06,7.8599e-06,1.9655e-05,1.4891e-05,9.2063e-06,7.5931e-06,5.8543e-06,5.5864e-06,1.5079e-05,3.0979e-05,2.0694e-05,7.0585e-06,1.2654e-06,1.0935e-05,1.9106e-05,1.9752e-05,2.1851e-05,3.0231e-05,3.6821e-05,2.8839e-05,1.5821e-05,8.1128e-06,1.4186e-05,1.5705e-05,6.0608e-06,1.0048e-05,1.8219e-05,2.333e-05,2.1188e-05,9.0146e-06,1.1341e-05,2.5795e-05,1.5419e-05,2.9003e-06,1.2387e-05,2.2749e-05,1.4631e-05,8.3146e-06,1.4001e-05,3.2083e-06,4.7673e-06,3.7931e-05,4.7462e-05,1.6534e-05,1.3925e-05,1.1435e-05,1.7095e-05,1.926e-05,5.7627e-06,3.846e-06,1.7378e-05,1.3301e-05,1.0316e-05,5.9573e-06,9.8392e-06,6.8055e-06,7.2845e-06,5.2145e-06,3.8589e-06,1.4769e-06,5.5343e-06,5.1288e-06,4.2751e-06,8.8479e-06,9.7398e-06,6.512e-06,6.044e-06,5.4387e-06,9.7335e-06,3.3767e-06,5.6368e-06,1.0124e-05,6.8587e-06,5.6046e-06,1.1847e-05,1.8083e-05,6.6786e-06,5.7028e-06,1.273e-06,3.1616e-06,5.4877e-06,3.9009e-06,1.0003e-05,1.5806e-05,1.3471e-05,4.7832e-06,5.9848e-06,1.1006e-05,7.4467e-06,5.355e-06,1.9038e-05,1.9886e-05,9.0694e-06,9.7051e-06,8.2873e-06,3.556e-06,3.6957e-06,9.8799e-07,8.998e-06,1.115e-05,1.8538e-05,1.5862e-05,2.0457e-06,1.4907e-05,2.9682e-05,4.3565e-05,7.9665e-05,0.00012079,8.6916e-05,6.6293e-05,3.1966e-05,2.3127e-05,2.2728e-05,5.6578e-06,3.9463e-06,1.5445e-05,1.2635e-05,4.745e-06,1.1976e-05,1.6647e-05,6.1854e-06,1.5576e-05,8.7172e-06,7.5328e-07,5.5234e-06,8.5807e-06,5.1462e-06,9.3689e-06,5.9059e-06,1.716e-05,1.6478e-05,5.3118e-06,4.3445e-06,1.1653e-05,2.2452e-05,1.6035e-05,4.3353e-06,1.0523e-05,1.5064e-05,1.1044e-05,8.0294e-06,9.3706e-06,3.8201e-06,1.284e-05,9.8274e-06,5.2292e-06,5.3841e-06,2.9375e-06,4.9355e-06,7.4571e-06,7.9103e-06,7.1818e-06,5.3909e-06,8.1413e-06,8.2624e-06,4.6541e-06,9.565e-06,7.3391e-06,4.0463e-06,5.0786e-06,5.7092e-06,7.0028e-06,7.4352e-06,2.3857e-06,1.4068e-05,1.8027e-05,1.1588e-05,1.0572e-05,1.2063e-05,1.9286e-05,1.4231e-05,8.9771e-06,1.7572e-05,1.2088e-05,8.7468e-06,1.1083e-05,1.7463e-05,1.314e-05,5.7681e-06,1.5829e-05,1.1143e-05,1.2976e-05,2.1625e-05,1.4225e-05,8.213e-06,7.1308e-06,7.0963e-06,2.9074e-06,1.4484e-05,1.2026e-05,5.2574e-06,1.0484e-05,7.6631e-06,1.1898e-05,1.5869e-05,3.755e-06,1.8466e-05,1.3687e-05,2.55e-06,3.577e-06,1.254e-05,7.3627e-06,1.21e-05,1.745e-05,2.2369e-05,1.7408e-05,1.4038e-05,1.7521e-06,9.3537e-06,7.2739e-06,9.9367e-06,8.1129e-06,1.0729e-05,8.1104e-06,1.5105e-05,1.185e-05,6.0993e-06,5.9869e-06,1.2841e-05,4.9951e-06,2.81e-06,5.1143e-06,5.0892e-06,8.8887e-06,1.5457e-05,1.0791e-05,2.0716e-05,1.9203e-05,1.26e-05,5.108e-06,1.6164e-05,1.0384e-05,1.1798e-05,5.4252e-06,1.3403e-05,2.6838e-05,3.8554e-05,3.4879e-05,1.4273e-05,1.9765e-05,7.6481e-06,3.6258e-06,1.115e-05
6.1816e-06,9.5495e-06,1.8611e-06,1.9796e-05,2.5358e-05,1.9861e-05,1.5273e-05,6.0286e-06,7.8456e-06,1.3461e-05,3.7562e-06,1.7305e-05,1.6528e-05,7.8776e-06,3.3417e-06,2.2708e-06,1.4896e-05,1.2807e-05,5.1691e-06,4.9519e-06,6.595e-06,6.631e-06,4.4274e-06,1.0166e-06,8.4366e-06,8.751e-06,3.9746e-06,1.2372e-06,1.3252e-05,8.2505e-06,1.3339e-06,5.7317e-06,8.6659e-06,9.7018e-06,7.0783e-06,8.2224e-06,1.3899e-05,5.2114e-06,3.4752e-06,1.1034e-05,1.0663e-05,5.0188e-06,5.5178e-06,1.2881e-05,8.9636e-06,6.62e-06,8.2204e-06,1.2728e-05,3.6619e-06,5.7673e-06,3.1486e-06,2.1174e-06,8.5846e-06,1.4132e-05,1.5752e-05,9.7812e-06,8.279e-06,9.15e-06,4.115e-05,8.6471e-05,4.3111e-05,1.8036e-05,1.165e-05,4.6574e-06,9.5874e-06,2.8052e-06,1.3083e-05,1.1513e-05,3.0884e-06,7.5976e-06,1.1599e-05,7.887e-06,1.0182e-05,6.94e-06,3.5646e-06,2.1665e-06,5.0315e-06,9.0249e-06,1.3338e-05,8.8475e-06,1.6426e-06,1.0228e-05,9.533e-06,8.8158e-06,7.1228e-06,9.2327e-06,2.5149e-06,1.1265e-05,1.4864e-05,8.8327e-06,6.7592e-06,1.1967e-05,1.3942e-05,1.2318e-05,5.4239e-06,8.3556e-06,1.5677e-05,9.6652e-06,4.9548e-06,1.3551e-05,9.6949e-06,5.6065e-06,7.0777e-06,8.8882e-06,1.2892e-05,1.1125e-05,1.4439e-05,1.5269e-05,2.5229e-05,1.8783e-05,6.3106e-06,8.3921e-06,1.1013e-05,1.0698e-05,1.3066e-05,1.2823e-05,1.1452e-05,9.3184e-06,1.1878e-05,5.7732e-06,5.3943e-06,3.6647e-06,9.2222e-06,6.7913e-06,2.417e-05,1.7755e-05,8.1568e-06,9.884e-06,7.7653e-06,7.1867e-06,1.4436e-05,1.1213e-05,5.9369e-06,9.866e-06,1.1709e-05,1.2442e-05,2.0613e-05,2.653e-05,2.5694e-05,1.5002e-05,7.8911e-06,2.3275e-05,1.6871e-05,6.4664e-06,1.0658e-05,2.7979e-06,1.0753e-05,1.6158e-05,2.6955e-05,1.6521e-05,7.2003e-06,2.6324e-06,1.4461e-05,1.7877e-05,2.3672e-05,1.7621e-05,1.6214e-05,1.9419e-05,1.2663e-05,1.8544e-05,2.1977e-05,5.631e-06,1.1899e-05,5.1552e-06,5.7447e-06,1.4204e-05,1.5703e-05,8.6265e-06,4.2233e-06,1.0593e-05,2.6403e-05,2.4132e-05,6.8787e-06,1.1077e-06,8.1094e-06,1.5973e-05,1.4043e-05,1.4756e-05,1.7563e-05,1.2775e-05,1.2309e-05,4.2631e-06,1.6562e-05,1.6767e-05,1.2336e-05,5.2613e-06,1.8867e-05,2.351e-05,4.7675e-05,7.1552e-05,3.5798e-05,5.78e-06,9.6344e-06,3.2168e-06,8.3595e-06,6.0962e-06,1.0467e-05,5.3241e-06,4.5669e-06,5.683e-06,3.1943e-06,5.8174e-06,1.178e-05,9.2293e-06,9.1729e-06,7.6053e-06,3.5874e-06,4.8247e-06,9.9533e-06,8.1963e-06,3.1024e-06,8.9056e-06,8.3483e-06,5.8144e-06,6.8305e-06,1.4536e-05,1.3864e-05,1.1895e-05,1.0927e-05,1.2271e-05,1.0757e-05,7.2697e-06,1.565e-05,1.4034e-05,5.9207e-06,6.802e-06,1.2897e-05,1.861e-05,1.4888e-05,1.9239e-05,1.9015e-05,1.8123e-05,1.4214e-05,8.0176e-06,1.2141e-05,7.1436e-06,5.848e-06,4.4881e-06,7.1221e-06,9.1725e-06,4.2322e-06,6.3747e-06,6.4009e-06,4.9343e-06,9.1973e-06,1.6058e-06,6.5008e-06,5.2301e-06,3.0065e-06,1.2284e-05,1.4949e-05,1.1115e-05,1.0402e-05,3.4095e-05,0.00012254,9.8393e-05,1.6131e-05,7.1108e-06,1.3309e-05,1.8964e-05,9.5604e-06,1.2336e-05,1.3682e-05,4.4497e-06,1.6306e-05,1.7243e-05,1.6389e-05,1.3691e-05,6.5845e-06,1.1697e-05,4.3451e-06,1.2005e-05,5.1221e-06,1.0034e-05,4.608e-06,9.5824e-06,1.213e-05,2.5715e-06,1.137e-05,1.1141e-05,8.8444e-06,1.186e-05,5.4466e-06,5.6341e-06,1.4832e-05,1.497e-05,9.7388e-06,3.7993e-06,2.8658e-06,1.6501e-06,3.6864e-06,2.99e-06,3.196e-06,1.1107e-05,1.606e-05,1.9999e-05,2.1299e-05,1.2769e-05,2.4447e-06,8.2253e-06,7.5721e-06,5.1427e-07,1.0571e-05,1.3103e-05,4.8312e-06,2.3202e-06,2.7693e-06,2.932e-06,1.3535e-05,7.8237e-06,1.1373e-05,1.4462e-05,1.2187e-05,5.9838e-06,7.2298e-06,7.6966e-06,1.2711e-05,5.8214e-06,7.3314e-06,1.0115e-05,4.8507e-06,1.5368e-05,9.6356e-06,1.313e-05,1.6029e-05,8.1381e-06,1.7079e-05,2.3666e-05,1.0032e-05,1.5644e-05,2.0571e-05,1.5049e-05,1.45e-05,1.7393e-05,2.0734e-05,1.6654e-05,1.1368e-05,1.9591e-05,2.6748e-05,2.382e-05,1.7581e-05,1.1775e-05,2.0471e-05,2.0907e-05,1.3981e-05,5.9401e-06,1.031e-06,1.3054e-05,8.3508e-06,5.5286e-06,6.0112e-06,1.0456e-05,2.4976e-06,1.1253e-05,1.9025e-05,8.6333e-06,2.8707e-06,7.3934e-06,2.2523e-05,1.9646e-05,7.2769e-06,1.1793e-05,7.812e-06,1.6304e-05,9.573e-06,9.157e-06,8.5244e-06,9.8249e-06,8.8293e-06,9.612e-06,1.1787e-05,6.661e-06,1.3345e-06,8.2774e-06,1.6824e-05,5.2633e-06,1.4447e-05,1.8034e-05,1.0276e-05,4.3987e-06,1.8294e-05,1.9514e-05,1.2817e-05,6.762e-06,4.3965e-05,3.8843e-05,1.9235e-05,3.4715e-05,2.8057e-05,1.8298e-05,1.4411e-05,2.1137e-05,1.0361e-05,1.6991e-06,4.3051e-06,1.2015e-05,3.6575e-06,9.8395e-06,1.209e-05,4.7086e-06,2.666e-06,2.553e-06,4.2227e-06,7.9461e-06,3.7154e-06,6.0603e-06,1.0304e-05,9.2238e-06,1.0138e-05,8.0636e-06,2.747e-06,7.399e-06,5.1578e-06,9.3918e-06,1.1623e-05,9.1755e-06,6.8136e-06,5.8734e-06,6.1694e-06,4.5899e-06,4.54e-06,5.8526e-06,5.5791e-06,4.354e-06,6.7924e-06,9.8346e-06,1.1349e-05,9.5627e-06,9.8697e-06,5.4765e-06,1.0702e-05,1.5915e-05,5.2997e-06,6.2291e-06,1.1232e-05,1.4473e-05,1.0556e-05,4.9146e-06,7.0422e-06,5.2759e-06,3.2214e-06,8.1433e-06,2.1538e-05,3.1983e-05,2.531e-05,1.7146e-05,8.0937e-06,2.4583e-05,3.6708e-05,5.7883e-05,3.4552e-05,4.7567e-06,2.7434e-06,6.5305e-06,1.0835e-05,6.1827e-06,6.4614e-06,3.1502e-06,4.313e-06,8.2457e-06,1.0468e-05,4.6023e-06,1.3445e-05,1.0242e-05,3.8707e-06,3.0215e-06,1.5999e-05,2.0982e-05,1.5018e-05,8.4786e-06,4.6707e-06,4.9636e-06,6.3189e-06,1.2642e-05,1.4601e-05,1.2814e-05,2.531e-06,1.7429e-05,1.2386e-05,1.083e-05,1.1884e-05,8.5848e-06,1.1861e-05,9.502e-06,5.6952e-06,8.3502e-06,1.006e-05,1.2862e-05,1.1265e-05,6.7529e-06,9.2608e-06,1.0083e-05,8.6581e-06,1.0247e-05,8.2915e-06,9.8911e-06,1.2881e-06,8.052e-06,4.8997e-06,8.659e-06,4.4016e-06,1.0753e-05,1.789e-05,8.625e-06,6.302e-06,5.9873e-06,2.6523e-06,4.7934e-06,1.3143e-05,1.2476e-05,7.1284e-06,1.3306e-05,7.8388e-06,6.4965e-06,9.0286e-06,9.8707e-06,2.0203e-05,1.7905e-05,5.3954e-06,6.3445e-06,6.8904e-06,1.1336e-05,2.0978e-05,2.6471e-05,2.7222e-05,8.548e-06,1.013e-05,3.7904e-06,2.224e-05,3.2513e-05,2.0851e-05,5.1191e-06,6.6166e-06,1.468e-05,1.5473e-05,7.3456e-06,1.2026e-05,1.6536e-05,1.0593e-05,2.516e-05,9.0856e-06,8.3276e-06,2.0162e-05,3.7133e-05,2.6288e-05,4.0938e-06,1.4672e-05,5.4217e-06,1.772e-05,2.2131e-05,9.2744e-06,7.6864e-06,2.2957e-05,2.1702e-05,4.9902e-06,1.1546e-05,4.2322e-06,4.2145e-06,5.1213e-06,1.1458e-05,8.7949e-06,2.1066e-05,1.6173e-05,1.2329e-05,1.9794e-05,1.9166e-05,1.2775e-05,1.92e-05,8.9599e-06,7.6093e-06,1.6372e-05,1.3003e-05,2.8e-06,1.7121e-05,1.5646e-05,1.0698e-05,6.9243e-06,1.8279e-05,2.6497e-05,4.1989e-05,1.7776e-05,1.2786e-05,1.7673e-05,2.725e-05,1.9718e-05,5.1838e-06,2.2445e-06,5.135e-06,8.4693e-06,5.5997e-06,1.6688e-05,5.6242e-06,8.7207e-06,6.3661e-06,6.5948e-06,1.1034e-05,1.0289e-05,1.1204e-05,9.2845e-06,2.5071e-06,2.6685e-06,5.8937e-06,3.6334e-06,8.5046e-06,1.1475e-05,6.0034e-06,3.6859e-06,5.5191e-06,5.769e-06,1.553e-05,1.7348e-05,4.6028e-06,6.1423e-07,3.9992e-06,4.7427e-06,4.6171e-07,8.3594e-06,1.3242e-05,1.5631e-05,1.0349e-05,2.7033e-06,1.0392e-05,1.3117e-05,3.5563e-06,4.3009e-06,7.5931e-06,8.5154e-06,2.1179e-05,1.6076e-05,6.2849e-06,1.1547e-05,4.8609e-06,1.6551e-05,1.6898e-05,7.4185e-06,7.9201e-06,6.0334e-06,8.0332e-06,1.4581e-05,1.0561e-05,1.8121e-05,1.7606e-05,2.9991e-05,9.5041e-05,0.00012318,5.2652e-05,7.2409e-05,2.9742e-05,2.0967e-05,2.0522e-05,6.1635e-06,1.5282e-05,1.7754e-05,7.8797e-06,3.6723e-06,1.2579e-05,4.9522e-06,1.1183e-05,1.1003e-05,7.1377e-06,1.2735e-05,2.3625e-05,1.1098e-05,3.4868e-06,4.9393e-06,7.3292e-06,8.3117e-06,2.5876e-06,2.0411e-05,2.2352e-05,9.181e-06,1.392e-05,1.2004e-05,1.1233e-05,1.1763e-05,3.388e-06,2.3527e-06,2.8835e-06,1.1731e-05,1.5029e-05,1.2432e-05,8.6621e-06,6.8074e-06,1.2137e-05,1.1382e-05,6.0413e-06,1.1417e-05,1.5001e-05,1.4101e-05,1.0366e-05,2.4383e-06,3.5416e-06,6.8775e-06,7.8224e-06,1.0724e-05,8.7666e-06,1.1059e-05,1.7518e-05,9.4174e-06,5.4177e-06,1.4839e-05,1.8509e-05,1.0429e-05,5.0646e-06,5.4312e-06,4.4518e-06,8.5344e-06,1.9663e-06,1.5523e-05,2.1386e-05,1.1051e-05,5.7901e-06,7.4684e-06,1.4982e-05,1.0426e-05,2.3127e-05,2.1285e-05,7.5683e-06,1.7533e-05,6.471e-06,1.1355e-05,1.6602e-05,1.4801e-05,8.3426e-06,9.2525e-06,5.7272e-06,7.0103e-06,1.1871e-05,1.222e-05,1.0456e-05,1.0468e-05,6.2075e-06,9.3304e-06,6.78e-06,1.0045e-05,2.3901e-05,2.3657e-05,2.1862e-05,1.8325e-05,1.3574e-05,1.5427e-05,9.9362e-06,3.3572e-06,2.7011e-06,8.6902e-06,7.7406e-06,3.5678e-06,1.2257e-06,9.2701e-06,9.6353e-06,1.5969e-05,2.8408e-05,1.3459e-05,7.3744e-06,8.3681e-06,8.6132e-06,1.6353e-05,7.4318e-06,1.3813e-05,1.9224e-05,2.1317e-05,1.3417e-05,4.8666e-06,9.1798e-06,5.4753e-06,3.0877e-06,5.4681e-06,1.2185e-05,2.793e-05,2.8072e-05,1.7963e-05,5.3743e-06,1.956e-05,3.5725e-05,2.483e-05,2.8044e-05,4.5981e-05,2.8476e-05,4.7625e-06,1.7878e-05
6.5191e-06,3.6986e-06,1.4196e-05,6.656e-06,6.7845e-06,1.7936e-06,2.6169e-06,3.1008e-06,9.1294e-06,1.5238e-05,1.1111e-05,1.1716e-06,9.8846e-06,1.8306e-05,2.2753e-05,1.6166e-05,4.7264e-06,8.134e-06,5.1829e-06,4.9832e-06,8.9007e-06,9.9329e-06,9.7679e-06,1.3612e-05,1.0584e-05,1.1218e-05,1.3049e-05,8.8808e-06,1.5097e-05,2.3288e-05,1.5371e-05,6.0276e-06,2.5397e-06,4.3634e-06,6.6941e-06,1.5532e-05,1.2951e-05,9.7648e-06,8.8092e-06,1.1166e-05,8.1597e-06,8.1659e-06,1.0439e-05,1.0248e-05,1.0373e-05,1.4507e-05,1.4136e-05,9.7031e-06,1.5646e-05,1.1878e-05,3.774e-06,5.4643e-06,7.2981e-06,3.8663e-06,2.8822e-06,1.1355e-05,2.2871e-05,1.6545e-05,3.7729e-05,6.6168e-05,6.1836e-05,2.7527e-05,1.9437e-05,1.0188e-05,5.8737e-06,4.2778e-06,4.8962e-06,3.3774e-06,1.0529e-05,1.3883e-05,5.9858e-06,9.2978e-07,6.8955e-06,9.9417e-06,6.3433e-06,5.7892e-06,8.127e-06,8.1448e-06,8.0707e-06,1.1302e-05,1.0721e-05,2.1947e-06,2.5041e-06,2.2531e-06,3.7059e-06,1.383e-05,1.2637e-05,1.1203e-05,6.197e-06,2.257e-06,8.8288e-06,1.8738e-05,1.7642e-05,5.903e-06,4.798e-06,1.2054e-05,1.6102e-05,9.7101e-06,9.0374e-06,9.9216e-06,1.0312e-05,2.714e-06,9.4817e-06,3.6315e-06,8.3323e-06,1.9688e-06,1.1731e-05,9.0728e-06,6.6806e-06,7.7167e-06,1.1804e-05,7.2048e-06,3.2219e-06,2.306e-06,6.6439e-06,6.1814e-06,2.9239e-06,7.1507e-06,1.9482e-05,1.7306e-05,6.4942e-06,7.6118e-06,8.1213e-06,1.6016e-05,2.1751e-05,2.3808e-05,1.1078e-05,4.1132e-06,7.226e-06,9.4848e-06,2.8749e-05,1.8741e-05,1.0743e-05,1.6051e-05,1.3162e-05,1.4071e-05,9.6171e-06,4.8167e-06,9.4208e-06,2.3158e-05,1.9721e-05,3.5419e-06,1.5928e-05,8.7187e-06,2.3269e-05,1.435e-05,7.9719e-06,1.2119e-05,1.26e-05,2.617e-05,2.7647e-05,2.3409e-05,4.7276e-06,4.1085e-06,1.8757e-05,9.0641e-06,2.5618e-05,2.6799e-05,2.3276e-05,2.6329e-05,2.1465e-05,9.2284e-06,4.9989e-06,7.715e-06,3.218e-06,1.3695e-05,6.9616e-06,5.8344e-06,2.0414e-05,2.0704e-05,1.2793e-05,1.2856e-05,1.0408e-06,1.1409e-05,7.4246e-06,4.9981e-06,7.6371e-06,1.2298e-05,2.7121e-05,1.9182e-05,6.4778e-06,3.5346e-06,1.0755e-05,1.4864e-05,1.5538e-05,6.0988e-06,1.7233e-05,1.2363e-05,1.6026e-05,3.8046e-05,3.4411e-05,1.7139e-05,5.0755e-06,2.0944e-05,1.3645e-05,4.4031e-06,9.1754e-06,1.3191e-05,1.662e-05,1.125e-05,1.1433e-05,5.8184e-06,9.1737e-06,7.9858e-06,1.3394e-05,2.134e-05,1.9154e-05,9.1281e-06,7.6692e-07,6.2429e-06,4.7286e-06,6.1406e-06,7.5045e-06,4.3397e-06,7.8636e-06,2.7471e-06,6.9741e-06,7.2581e-06,1.5421e-05,2.283e-05,1.368e-05,1.1622e-05,1.7975e-05,1.3486e-05,1.1893e-05,7.1142e-06,9.1572e-06,8.8592e-07,7.5684e-06,5.9701e-06,4.2552e-06,2.8406e-06,1.2375e-05,1.1569e-05,1.1416e-05,1.4186e-05,9.8161e-06,1.1308e-05,1.4141e-05,9.5945e-06,6.0835e-06,7.6864e-06,1.0263e-05,9.0943e-06,3.9159e-06,3.4491e-06,5.2565e-06,8.2601e-06,1.7159e-05,1.0877e-05,1.0704e-05,1.8469e-05,6.3324e-06,4.3286e-05,0.00011574,9.0604e-05,2.5731e-05,4.5054e-06,9.8896e-06,8.004e-06,4.8882e-06,9.1313e-06,1.5224e-05,7.8854e-06,6.4447e-06,9.4045e-06,2.7359e-06,1.1575e-05,2.0628e-05,1.7059e-05,9.3586e-06,3.6399e-06,9.755e-06,1.6222e-05,1.5363e-05,5.1378e-06,5.8751e-06,4.7837e-06,3.8006e-06,1.2721e-05,8.0655e-06,5.091e-06,9.5212e-06,8.6095e-06,1.293e-05,6.8712e-06,9.5504e-06,1.1844e-05,1.0603e-05,1.806e-05,1.3654e-05,6.6177e-06,2.9406e-06,1.458e-05,1.4067e-05,9.6281e-06,5.5665e-06,4.2482e-06,1.0186e-05,5.1094e-06,9.3249e-06,9.3235e-06,1.9492e-06,7.5158e-07,7.6374e-06,9.0315e-06,3.7303e-06,1.1357e-05,9.9172e-06,9.0185e-06,1.2508e-05,2.0685e-06,5.7076e-06,3.2956e-06,7.8978e-06,1.2664e-05,1.3691e-05,9.0443e-06,4.4132e-06,9.7298e-06,8.1053e-06,8.2687e-06,1.0113e-05,1.3643e-05,1.1777e-05,2.6738e-05,3.1465e-05,1.9777e-05,5.0906e-06,2.3453e-05,3.7367e-05,2.1923e-05,1.1649e-05,6.8615e-07,1.6279e-05,1.179e-05,4.0612e-06,1.4507e-05,2.1483e-05,2.1748e-05,1.9008e-05,1.0876e-05,5.1288e-06,8.4837e-07,1.1848e-05,1.99e-05,3.3681e-06,8.989e-06,1.2288e-05,2.345e-05,1.673e-05,1.4299e-05,1.2086e-05,1.4311e-06,9.2351e-06,4.886e-06,5.2436e-06,1.3228e-05,4.3313e-06,8.2348e-06,5.6228e-06,1.4448e-05,1.4243e-05,1.1342e-05,5.7697e-06,1.1227e-05,1.1266e-05,5.6391e-06,1.0168e-05,2.7246e-05,2.3485e-05,1.2271e-05,1.8707e-06,1.4615e-05,1.1963e-05,6.7064e-06,9.5238e-06,1.4128e-05,2.02e-05,1.8199e-05,1.24e-05,8.7741e-06,5.5359e-06,1.0344e-05,2.9823e-05,8.9747e-06,2.212e-05,1.4689e-05,1.0766e-06,6.0563e-06,2.0619e-05,2.0071e-05,1.116e-05,1.0559e-05,1.1234e-05,1.0352e-05,1.483e-05,1.6066e-05,9.6873e-06,8.1642e-06,8.483e-06,1.5034e-05,1.4035e-05,8.0309e-06,1.7768e-05,9.5588e-06,7.0199e-06,2.2344e-06,2.5625e-06,1.2936e-05,1.5822e-05,1.4991e-06,1.0178e-05,1.375e-05,8.4395e-06,6.47e-06,1.1152e-05,2.0793e-05,1.8247e-05,9.1884e-06,7.8477e-06,1.0069e-05,6.4374e-07,6.0857e-06,1.1545e-05,1.0379e-05,7.3757e-06,9.2784e-06,4.245e-06,1.1601e-05,1.4797e-05,1.0986e-05,1.0557e-05,1.3057e-05,2.2111e-06,9.9728e-06,4.0605e-06,1.1677e-05,1.0098e-05,9.3282e-06,8.4238e-06,8.0636e-06,4.9605e-06,8.3238e-06,1.5515e-05,1.5377e-05,1.8415e-05,2.9346e-05,1.41e-05,4.4488e-05,5.3515e-05,3.3492e-05,1.8528e-05,1.2769e-05,1.4626e-05,1.253e-05,7.8358e-06,9.51e-06,1.1855e-05,1.4573e-05,1.7197e-05,1.2863e-05,1.0077e-05,1.9773e-05,1.5245e-05,1.7464e-06,9.0167e-06,7.0806e-06,8.5625e-06,1.6666e-05,1.9902e-05,1.9022e-05,1.8172e-05,8.6284e-06,5.5251e-06,3.2635e-06,5.4942e-06,1.4985e-05,1.5475e-05,8.6009e-06,5.8262e-06,4.3906e-06,4.1015e-06,2.5153e-06,5.5418e-06,1.3185e-05,1.473e-05,7.0708e-06,1.7677e-05,1.044e-05,5.9752e-06,4.5576e-06,3.0675e-06,4.1833e-06,6.4558e-06,5.5455e-06,9.752e-06,4.532e-06,8.9737e-06,6.2253e-06,3.5828e-06,3.7921e-06,1.9738e-06,1.0258e-05,9.6308e-06,7.8068e-06,4.5837e-06,4.8456e-06,4.7276e-06,9.4118e-06,1.5674e-05,4.1172e-06,1.1346e-05,1.5643e-05,2.0879e-05,1.1585e-05,6.9643e-06,4.5546e-06,8.1745e-06,1.2212e-05,3.3402e-06,2.1772e-05,1.2427e-05,8.9276e-06,9.2148e-06,4.4248e-06,1.1225e-05,1.845e-05,1.5122e-05,1.5927e-05,2.5616e-05,1.6112e-05,1.2199e-05,2.8326e-05,2.0921e-05,2.4786e-05,2.0065e-05,2.4533e-05,3.1053e-05,2.723e-05,2.5577e-05,1.0944e-05,8.3865e-06,6.4408e-06,7.4732e-06,7.0091e-07,1.4416e-05,1.5803e-05,1.3171e-05,6.1277e-06,5.732e-06,7.0554e-06,1.8303e-05,9.7489e-06,1.5944e-05,1.3453e-05,1.2619e-05,3.0139e-05,3.249e-05,1.7134e-05,7.5161e-06,9.0413e-06,4.7462e-06,3.2187e-06,2.8717e-06,7.2897e-06,2.3143e-05,1.8525e-05,1.0957e-05,3.5008e-06,1.8589e-06,9.9606e-06,3.1139e-05,2.4209e-05,3.4863e-06,2.0972e-05,3.0094e-05,9.2173e-06,1.3147e-05,3.6592e-05,3.9569e-05,2.3957e-05,2.2983e-05,2.1628e-05,2.2785e-05,4.5197e-06,5.5543e-06,8.9087e-06,5.9636e-06,3.1677e-06,4.0373e-06,1.5562e-05,1.7462e-05,1.1787e-05,1.281e-05,1.1669e-05,2.4171e-06,3.1518e-06,1.1945e-05,1.1177e-05,1.1652e-05,1.7554e-05,1.5836e-05,9.429e-06,5.6741e-06,1.0675e-05,1.8521e-05,1.3404e-05,8.7771e-06,1.072e-05,3.7488e-06,1.3276e-05,6.7645e-06,4.4916e-06,7.8253e-06,1.1192e-05,1.4731e-05,1.4775e-05,1.0568e-05,4.0024e-06,4.6044e-06,3.7806e-06,7.4735e-06,4.5492e-06,7.1137e-06,8.7525e-06,2.9497e-06,4.0719e-06,6.596e-06,1.7649e-06,1.6857e-05,1.7321e-05,8.7833e-06,8.2731e-06,1.3349e-05,1.114e-05,8.9406e-06,1.6964e-05,1.319e-05,9.9058e-06,1.712e-05,2.9155e-05,4.6509e-05,9.7666e-05,0.00010084,3.0339e-05,7.3603e-05,3.1632e-05,1.8809e-05,1.1589e-05,1.1038e-05,6.9446e-06,8.5924e-06,8.058e-06,9.3541e-06,1.1689e-05,3.6836e-06,1.2897e-05,1.6497e-05,1.3211e-05,5.2986e-06,2.1675e-06,5.4744e-06,1.3824e-05,1.1687e-05,5.8966e-06,7.2492e-06,9.4515e-06,7.4398e-06,6.6968e-06,1.637e-05,2.014e-05,1.3835e-05,4.8697e-06,7.5785e-06,8.6479e-06,1.1298e-05,8.8011e-06,6.6709e-06,8.8663e-06,9.174e-06,2.4555e-06,3.6881e-06,4.0036e-06,6.5404e-06,1.4173e-05,8.3805e-06,2.1573e-06,8.6855e-06,1.5306e-05,4.8435e-06,1.2133e-05,1.8337e-05,1.1292e-05,9.0445e-06,1.249e-05,4.3341e-06,9.8369e-06,9.5052e-06,5.8535e-06,4.7136e-06,9.1114e-06,1.4041e-05,1.4037e-05,1.5105e-05,1.5076e-05,1.5088e-05,1.3137e-05,1.8083e-05,2.4634e-05,1.5818e-05,8.9595e-06,5.8572e-06,5.1335e-06,5.2593e-06,1.5196e-05,1.5406e-05,1.6302e-05,5.912e-06,1.9416e-05,2.2192e-05,2.9735e-06,1.2959e-05,5.2882e-06,1.2178e-05,2.197e-05,2.6471e-05,2.5049e-05,3.1798e-05,2.0909e-05,1.2409e-05,1.9353e-05,1.7316e-05,1.9918e-05,1.9645e-05,1.7438e-05,1.273e-05,2.5797e-05,3.2524e-05,1.3836e-05,4.924e-06,2.0961e-06,1.6823e-05,3.6186e-05,2.6499e-05,1.5039e-05,2.5351e-05,3.0105e-05,1.2846e-05,1.1664e-05,2.825e-05,1.9283e-05,5.2567e-06,7.7671e-06,1.6202e-06,8.306e-06,1.038e-05,7.1632e-06,5.3431e-06,1.0816e-05,1.5407e-05,1.7183e-05,8.0251e-06,4.337e-06,8.5227e-06,9.286e-06,1.3285e-05,1.7519e-05,1.5864e-05,2.8079e-05,2.2384e-05,2.525e-05,3.7942e-05,4.2726e-05,2.8445e-05,1.8598e-05,4.1728e-05,2.8986e-05,1.3633e-05,8.6376e-06
7.9187e-06,6.7291e-06,9.7235e-06,6.3769e-06,3.6147e-06,2.0077e-06,6.4538e-06,6.4569e-06,6.3428e-06,1.1185e-05,1.1229e-05,1.1117e-05,7.7119e-06,1.6984e-05,1.1245e-05,2.2328e-06,1.9832e-06,7.7891e-06,1.3622e-05,5.1713e-06,7.8116e-06,1.2254e-05,9.472e-06,6.4328e-06,7.0091e-06,1.1086e-05,1.3437e-05,1.7487e-05,1.1274e-05,6.0077e-06,3.7014e-06,1.749e-05,1.0105e-05,3.5224e-06,1.025e-05,1.0353e-05,1.1642e-05,1.3976e-05,8.0854e-06,5.7222e-06,5.4094e-06,1.1936e-05,5.4386e-06,8.3201e-06,1.7339e-05,1.4544e-05,1.4036e-05,8.3069e-06,4.4964e-06,7.1804e-06,8.715e-06,1.1185e-05,1.2403e-05,1.1076e-05,7.9625e-06,1.2538e-06,8.0715e-06,1.6276e-05,3.8568e-05,9.7877e-05,5.8382e-05,3.6685e-06,1.2334e-05,6.5383e-06,1.6897e-06,1.2791e-05,1.4457e-05,9.3761e-06,6.3365e-06,8.0247e-06,2.477e-06,3.7632e-06,6.2567e-06,1.3827e-05,5.8896e-06,1.5587e-05,9.7905e-06,6.5478e-06,6.9309e-06,5.7561e-06,2.5455e-06,1.0172e-05,1.9456e-05,1.6919e-05,9.5953e-06,6.2311e-06,2.3366e-06,4.0308e-06,5.1532e-06,6.5541e-06,1.1528e-05,1.1542e-05,5.2718e-06,2.62e-06,9.0289e-06,1.1105e-05,5.7516e-06,5.1168e-06,3.436e-06,8.9602e-06,1.196e-05,9.1334e-06,5.6176e-06,1.1425e-05,7.9541e-06,2.9538e-06,7.1081e-06,2.6912e-06,1.188e-05,1.3004e-05,4.1271e-06,8.0151e-06,3.4124e-06,6.0021e-06,6.3226e-06,9.0215e-06,3.1623e-06,9.7101e-06,6.144e-06,7.2307e-06,1.2588e-05,1.5034e-05,1.184e-05,2.0904e-05,1.2192e-05,2.8612e-06,4.8235e-06,5.8951e-06,4.941e-06,3.217e-06,2.3693e-05,9.2732e-06,1.3542e-05,1.2941e-05,9.4229e-06,7.4598e-06,2.0761e-05,1.0443e-05,3.7041e-06,1.1045e-05,2.5917e-05,2.4944e-05,1.4553e-05,3.1126e-05,2.5584e-05,3.6106e-05,3.0188e-05,6.5358e-06,1.5901e-05,1.1335e-05,2.0199e-06,1.5959e-05,1.975e-05,6.504e-06,1.4996e-05,1.4853e-05,1.1893e-05,1.3645e-05,1.6463e-05,1.8086e-05,1.3465e-05,2.6374e-06,9.9447e-06,1.747e-05,1.8053e-05,5.8065e-06,1.6572e-05,9.595e-06,2.394e-05,1.7972e-05,1.3069e-05,7.8784e-06,1.0269e-05,1.0208e-05,6.3832e-06,1.8207e-05,1.8986e-05,2.219e-05,3.3068e-05,2.4922e-05,1.6433e-05,1.2259e-05,9.1646e-06,1.857e-05,7.0485e-06,6.1117e-06,7.1847e-06,1.2172e-05,2.5014e-05,4.9448e-05,1.7561e-05,1.0392e-05,2.0941e-05,1.3606e-05,1.2807e-05,1.5417e-05,1.5638e-05,5.9465e-06,2.522e-06,6.9808e-06,5.1687e-06,5.5388e-06,8.0713e-06,6.4331e-06,5.4414e-06,5.4159e-06,7.8894e-06,6.0922e-06,3.6435e-06,9.1294e-06,2.4798e-06,3.9829e-06,1.2745e-05,1.4822e-05,1.2627e-05,9.4939e-06,1.0938e-05,1.4255e-05,1.1291e-05,1.3642e-05,1.6569e-05,7.1825e-06,6.759e-06,7.1016e-06,5.7654e-06,1.5965e-05,2.0778e-05,1.6723e-05,1.6377e-05,1.2977e-05,1.5344e-05,1.5076e-05,1.0412e-05,4.2675e-06,8.5122e-06,7.3717e-06,7.5391e-06,3.615e-06,6.8493e-06,1.0022e-05,1.4552e-05,1.4032e-05,1.2177e-05,1.0496e-05,8.4681e-06,3.5575e-06,2.5362e-06,1.2291e-05,2.6342e-05,2.6274e-05,1.9681e-05,2.2725e-05,3.1742e-05,8.2364e-05,9.0716e-05,2.9e-05,6.285e-05,4.0033e-05,2.9825e-05,1.8729e-05,9.1909e-06,4.0985e-06,2.5912e-06,5.7467e-06,4.6774e-06,1.1005e-05,1.901e-06,1.2897e-05,1.4826e-05,8.8059e-06,7.5376e-06,7.1056e-06,1.6182e-05,2.2708e-05,1.6654e-05,8.6739e-06,3.5642e-06,9.5382e-06,1.5627e-05,6.4235e-06,8.1652e-06,1.3021e-05,1.2189e-05,1.7236e-05,1.3794e-05,8.2543e-06,3.2533e-06,1.2975e-05,9.5526e-06,7.3237e-06,1.3933e-05,8.0086e-06,7.6641e-06,1.6756e-05,8.3337e-06,3.074e-06,8.6769e-06,1.1264e-05,4.9719e-06,6.9311e-06,7.6732e-06,4.7792e-06,3.0822e-06,2.7219e-06,1.0363e-05,4.7852e-06,9.8439e-06,9.9364e-06,4.1078e-06,7.3888e-06,1.4511e-05,6.5082e-06,1.1415e-05,1.7002e-05,9.2876e-06,4.7539e-06,9.1107e-06,1.6176e-05,1.5942e-05,1.0495e-05,1.06e-05,9.1667e-06,4.9533e-06,6.9921e-06,1.4117e-05,2.5246e-05,2.9686e-05,1.5943e-05,1.9983e-05,1.6935e-05,2.4065e-05,2.0955e-05,2.0582e-05,2.1583e-05,1.8163e-05,1.9996e-05,6.9314e-06,2.0492e-06,5.1651e-06,9.0308e-06,3.701e-06,1.4999e-05,2.3074e-05,1.2336e-05,7.0232e-06,4.958e-06,1.6763e-05,2.4692e-05,1.0397e-05,2.3912e-05,2.929e-05,1.3613e-05,1.8089e-05,1.4946e-05,1.2793e-05,9.3762e-06,2.8701e-06,1.3578e-05,1.5774e-05,1.1899e-05,1.1552e-05,5.2193e-06,8.5691e-07,4.2237e-06,1.5164e-05,1.7478e-05,1.0679e-05,9.7621e-06,8.7093e-06,7.6005e-06,9.7135e-06,1.3854e-05,1.7265e-05,2.2451e-05,1.3244e-05,1.4564e-06,1.2015e-05,4.9661e-06,1.3507e-05,1.3634e-05,2.0676e-05,1.607e-05,1.2345e-05,3.4979e-05,4.4666e-05,2.3904e-05,2.5278e-05,6.908e-06,1.2321e-05,2.2143e-05,1.7224e-05,6.2412e-06,8.8971e-06,9.9865e-07,1.3648e-05,1.6417e-05,9.4914e-06,2.8825e-06,4.8821e-06,1.1901e-05,1.1315e-05,9.458e-06,8.2225e-06,2.5306e-06,7.0146e-06,6.0003e-06,6.7502e-06,1.3222e-05,1.3344e-05,7.3447e-06,2.1678e-06,5.88e-06,3.9732e-06,7.7326e-06,1.455e-05,2.5592e-05,1.5769e-05,9.8508e-06,6.6967e-06,3.5697e-06,1.0442e-06,2.6279e-06,7.2184e-06,4.949e-06,1.9941e-06,2.836e-06,6.5247e-06,8.0202e-06,8.7777e-06,2.5837e-06,7.8123e-06,8.1898e-06,2.5165e-06,1.5212e-05,1.7421e-05,7.4684e-06,2.931e-06,9.5584e-06,1.0778e-05,1.1001e-05,8.3704e-06,1.3001e-05,8.1186e-06,6.8415e-06,9.073e-06,5.0902e-06,3.4281e-06,1.367e-05,5.2295e-05,6.537e-05,1.8938e-05,1.4351e-05,7.5809e-06,1.8515e-05,1.1137e-05,3.7798e-06,1.1669e-05,1.4511e-05,5.959e-06,8.2777e-06,9.2846e-06,5.1389e-06,1.2713e-05,8.8607e-06,3.9555e-06,8.5561e-06,6.0134e-06,9.1691e-06,7.8983e-06,1.239e-05,8.1915e-06,7.858e-06,7.4513e-06,4.6835e-06,5.0641e-06,5.4731e-06,2.0113e-06,6.5425e-06,9.0479e-06,9.1578e-06,4.6808e-06,5.1259e-06,1.0479e-05,1.1151e-05,9.9612e-06,1.326e-05,8.5464e-06,9.2129e-06,1.9018e-05,1.8844e-05,2.8035e-06,1.5135e-05,1.3909e-05,1.0783e-05,1.2683e-05,8.707e-06,7.7717e-06,6.5722e-06,1.4603e-05,1.3778e-05,6.9135e-06,5.2635e-06,1.0201e-05,6.7517e-06,7.6518e-06,6.962e-06,4.0302e-06,8.1724e-06,8.4794e-06,1.0651e-05,1.3396e-05,1.5514e-05,1.4935e-05,5.8589e-06,1.1172e-05,4.3383e-06,1.4701e-05,1.2903e-05,1.2065e-05,1.3112e-05,9.1724e-06,7.8805e-07,1.9655e-05,8.3969e-06,2.5589e-05,3.2834e-05,2.0268e-05,7.2413e-06,1.929e-05,1.9775e-05,1.0784e-05,9.0782e-06,2.9287e-05,2.5614e-05,6.9077e-06,7.8868e-06,1.5093e-05,1.5626e-05,6.5424e-06,1.0383e-05,1.5163e-05,1.4059e-05,1.8535e-05,1.0492e-05,2.456e-05,2.5162e-05,2.1946e-05,2.8255e-05,2.1075e-05,1.44e-05,2.5857e-05,1.0992e-05,9.0001e-06,1.1974e-05,4.1618e-06,3.9242e-07,8.9398e-06,2.4512e-05,3.0962e-05,3.3974e-05,1.8522e-05,2.5756e-05,1.9922e-05,7.7741e-06,1.2103e-05,1.1351e-05,1.5665e-05,3.1743e-05,3.3491e-05,1.5663e-05,8.4095e-06,7.1782e-06,1.5507e-05,2.6573e-05,2.1766e-05,6.0206e-06,1.1145e-05,3.6396e-05,5.0674e-05,4.1643e-05,1.895e-05,2.7605e-05,1.248e-05,1.9901e-05,2.9943e-06,4.4456e-06,3.9738e-06,1.0363e-05,1.4253e-05,1.2893e-05,8.6766e-06,1.4643e-05,2.2205e-05,5.8584e-06,1.2014e-05,8.1717e-06,7.369e-06,8.7715e-06,3.1619e-06,1.1468e-05,1.0738e-05,1.0824e-05,9.9052e-06,3.5649e-06,2.9242e-06,5.7563e-06,7.3045e-06,8.9983e-06,1.172e-05,1.8799e-05,1.6339e-05,4.6381e-06,8.0203e-06,6.1392e-06,3.1754e-07,7.5561e-06,1.3739e-05,1.8522e-05,1.5739e-05,3.2801e-06,6.9272e-06,5.476e-06,9.78e-06,1.178e-05,9.6714e-06,7.3685e-06,1.0653e-05,1.2867e-05,5.7881e-06,2.6593e-06,3.933e-06,1.2393e-05,9.7158e-06,9.9268e-06,7.5274e-06,4.5397e-06,1.1566e-05,1.298e-05,5.3496e-06,8.6131e-06,2.0082e-05,2.7513e-05,3.6972e-05,9.1628e-05,0.00011645,2.0284e-05,8.353e-05,4.8587e-05,2.1481e-05,1.2012e-05,1.0195e-05,8.7019e-06,5.9871e-06,2.5848e-06,1.4184e-05,1.8342e-05,1.2126e-05,6.2664e-06,5.7699e-06,1.3548e-06,5.546e-06,9.5818e-06,1.0187e-05,1.5629e-05,2.327e-05,1.7312e-05,1.2308e-05,1.3309e-05,6.1679e-06,7.8412e-06,1.3161e-05,1.0497e-05,8.4331e-06,9.2558e-06,1.2751e-05,8.1159e-06,7.2109e-06,4.2638e-06,8.2264e-06,6.7354e-06,5.5298e-06,8.0351e-06,1.6125e-05,1.8999e-05,2.0828e-05,1.38e-05,1.3835e-06,5.2257e-06,6.3779e-06,1.181e-05,1.5357e-05,9.0845e-06,3.7771e-06,8.0335e-06,1.0055e-05,1.3177e-05,1.1349e-05,8.7217e-06,1.8756e-05,1.7891e-05,5.8719e-06,5.8935e-06,1.4336e-05,1.2712e-05,3.9708e-06,1.0748e-05,5.3564e-06,8.3873e-06,2.0706e-05,2.1961e-05,6.2472e-06,2.4916e-06,1.0775e-05,1.5259e-05,1.0252e-05,1.2801e-05,3.4726e-06,1.5679e-05,2.5891e-05,1.7004e-05,1.6992e-05,8.9813e-06,1.1323e-05,6.9141e-06,1.4458e-05,1.5742e-05,1.4447e-05,8.1853e-06,6.9976e-07,1.5987e-05,1.8211e-05,1.4616e-05,9.9303e-06,4.3957e-06,5.6125e-06,3.4004e-06,1.4873e-05,1.0149e-05,1.1432e-05,1.6206e-05,7.8408e-06,5.7328e-06,1.3516e-05,1.5638e-05,1.8053e-05,1.2966e-05,1.5793e-05,1.5207e-05,2.6861e-06,2.0668e-06,1.6714e-05,8.1428e-06,2.5388e-05,3.6211e-05,2.0856e-05,8.1091e-06,1.0303e-05,1.1533e-05,2.9113e-06,1.6198e-05,1.5763e-05,7.6972e-06,7.1251e-06,1.3621e-05,1.2457e-05,1.7343e-05,1.1134e-05,9.785e-06,1.559e-05,1.1004e-05,6.0751e-06,4.3877e-06,9.5682e-06,2.0113e-05,2.8976e-05,2.2536e-05,3.7732e-05,6.8066e-06,1.2294e-05,1.6946e-05
7.5947e-06,5.4777e-06,1.6008e-05,1.4362e-05,1.3713e-05,1.3108e-05,1.3147e-05,1.8012e-05,1.7806e-05,1.2688e-05,1.0271e-05,2.7434e-06,7.2576e-06,2.3591e-06,2.6741e-06,1.5932e-06,2.6256e-06,4.5449e-06,4.8143e-06,6.0591e-06,5.6097e-06,5.1488e-06,1.5588e-05,1.5225e-05,1.3084e-05,5.0645e-06,9.9482e-06,1.0679e-05,1.2658e-05,8.0453e-06,1.0464e-05,7.6891e-06,1.5521e-05,2.2538e-05,1.8602e-05,1.0521e-05,3.6119e-06,7.7924e-06,7.5481e-06,6.8307e-06,8.4547e-06,4.1928e-06,3.8791e-06,6.4734e-06,7.6278e-06,1.4862e-05,1.978e-05,1.372e-05,1.1843e-05,1.1693e-05,5.7195e-06,7.1104e-06,8.2857e-06,3.1184e-06,7.8041e-06,5.1449e-06,6.7458e-06,5.2698e-06,3.2895e-05,8.0743e-05,4.8634e-05,8.8191e-06,6.6232e-06,4.1434e-06,4.7616e-06,6.4668e-06,5.3934e-06,9.2345e-06,1.0867e-05,9.8555e-06,9.567e-06,5.1883e-06,6.0781e-06,1.6145e-05,1.3329e-05,4.4174e-06,1.5577e-05,1.619e-05,7.3161e-06,1.6997e-06,8.2586e-06,1.5043e-05,1.2083e-05,5.2273e-06,5.5737e-06,1.7831e-06,3.4066e-06,1.2208e-05,1.4804e-05,1.2641e-05,4.9499e-06,6.6807e-07,6.6966e-06,6.5285e-06,8.1544e-06,6.2866e-06,1.7672e-06,7.3851e-06,6.7615e-06,3.9433e-06,5.3699e-06,3.9184e-06,4.5543e-06,1.0871e-05,1.4991e-05,1.0057e-05,1.0808e-05,1.1652e-05,1.5087e-05,1.7245e-05,8.1939e-06,2.1305e-06,1.0742e-05,8.0688e-06,1.4019e-05,1.4705e-05,1.1785e-05,1.163e-05,1.8943e-05,2.0588e-05,4.8317e-06,7.8402e-06,7.7848e-06,8.2319e-06,2.328e-05,1.5429e-05,7.0991e-06,1.4505e-05,5.5636e-06,1.1597e-05,7.4082e-06,1.2834e-05,5.1892e-06,1.4294e-05,1.2273e-05,1.9457e-05,2.5756e-05,2.4272e-05,2.0541e-05,2.2531e-05,3.4297e-05,2.0716e-05,2.4486e-05,1.3089e-05,1.62e-05,3.3091e-05,2.8842e-05,1.9367e-05,2.2067e-05,1.5569e-05,1.3609e-05,1.7363e-05,2.4624e-05,9.1204e-06,1.7896e-05,2.28e-05,1.9537e-05,2.4978e-05,2.1867e-05,1.4358e-05,3.9818e-06,4.3657e-06,5.8402e-06,1.2512e-05,9.9956e-06,8.4172e-06,8.0907e-06,1.1081e-05,7.8285e-06,2.5115e-06,1.0447e-05,1.3486e-05,1.4366e-05,9.4541e-06,2.9973e-05,4.055e-05,2.1135e-05,4.3172e-06,3.298e-06,1.1704e-05,1.7521e-05,3.21e-06,9.4928e-06,6.9378e-06,1.0849e-05,1.8184e-05,9.0198e-06,8.0086e-06,2.0676e-05,4.529e-05,2.3492e-05,1.5471e-05,1.1283e-05,1.3796e-05,1.8163e-05,1.1695e-06,5.908e-06,6.6661e-06,3.4582e-06,6.2316e-08,5.6914e-06,5.7718e-06,3.616e-06,1.082e-05,1.1218e-05,1.2588e-05,1.3557e-05,8.4733e-06,8.1265e-06,6.3052e-06,1.0788e-05,1.4784e-05,7.9492e-06,3.6072e-06,6.976e-06,6.6207e-06,6.853e-06,5.5608e-06,7.4772e-06,7.4707e-06,1.6514e-06,4.3775e-06,7.3287e-06,5.4122e-06,5.6968e-06,1.1659e-05,1.0727e-05,1.2116e-05,1.144e-05,5.7977e-06,1.7484e-05,8.9899e-06,9.999e-06,8.1435e-06,5.5973e-06,9.082e-06,9.8079e-06,1.1323e-05,6.6453e-06,8.037e-06,1.6296e-05,1.7416e-05,1.5799e-05,1.1887e-05,6.2428e-06,4.8589e-06,8.2729e-06,1.3035e-05,1.5099e-05,1.3395e-05,2.0033e-05,1.1832e-05,8.8769e-06,3.6667e-05,0.00011112,0.00010567,1.6918e-05,1.3993e-05,7.9597e-06,9.6671e-06,8.9935e-06,8.8469e-06,1.2036e-05,8.4689e-06,4.6428e-06,4.3666e-06,1.8809e-06,8.0739e-06,7.7321e-06,1.2762e-06,7.394e-06,1.4677e-06,9.8342e-06,1.3853e-05,8.9156e-06,5.1994e-06,7.353e-06,1.0837e-05,5.369e-06,4.8737e-06,6.5319e-06,5.281e-06,5.8506e-06,1.0566e-05,7.654e-06,1.529e-05,7.5821e-06,1.052e-05,1.1123e-05,8.692e-06,1.4624e-05,1.5897e-05,9.1775e-06,3.356e-06,5.937e-06,5.0178e-06,1.4786e-05,1.6641e-05,9.7309e-06,1.0521e-05,9.8234e-06,8.9264e-06,1.056e-05,1.2467e-05,9.8251e-06,6.0713e-06,8.1349e-06,2.6899e-06,6.6508e-06,2.2175e-06,9.957e-06,8.5702e-06,2.7486e-06,5.2109e-06,6.408e-06,8.8194e-06,1.1146e-05,1.2097e-05,6.3e-06,5.4745e-06,4.8611e-06,1.5751e-05,1.7466e-05,1.5482e-05,1.0394e-05,1.1291e-05,9.7976e-06,1.9458e-05,9.4761e-06,1.9874e-05,4.3925e-05,3.254e-05,2.7123e-06,1.281e-05,2.3205e-06,5.4592e-06,8.4609e-06,9.0983e-06,6.6429e-06,1.154e-05,8.2141e-06,1.1943e-05,1.1805e-05,1.1081e-05,4.0744e-06,1.0603e-05,1.6183e-05,1.0701e-05,5.4732e-06,1.0457e-05,1.1783e-05,1.1272e-05,2.0805e-05,2.5435e-05,1.0135e-05,1.0725e-05,6.9013e-06,2.0355e-05,3.5995e-05,3.6568e-05,4.1785e-05,2.5238e-05,2.0108e-06,1.4493e-05,1.5234e-05,2.6707e-05,2.904e-05,1.7406e-05,1.0476e-05,2.3057e-05,2.4263e-05,1.5992e-05,1.3405e-05,1.5777e-05,2.7509e-05,1.1805e-05,9.3015e-06,1.3671e-05,1.4316e-05,3.1739e-06,9.7904e-06,6.3162e-06,3.7653e-06,1.3566e-05,2.9012e-05,9.1349e-06,1.1821e-05,7.6109e-06,5.2079e-06,1.08e-05,1.1217e-05,8.9224e-06,7.3684e-06,1.6017e-05,9.0942e-06,4.7249e-06,9.0067e-06,6.5013e-06,1.161e-05,1.521e-05,3.615e-06,6.108e-06,7.0637e-06,1.2447e-05,1.288e-05,1.2774e-05,1.309e-05,1.7791e-05,1.384e-05,1.0842e-05,3.5155e-06,9.4804e-06,2.8446e-05,3.267e-05,1.3002e-05,1.2368e-05,2.6242e-05,2.8512e-05,1.2566e-05,1.4389e-05,1.7581e-05,1.4934e-05,1.0138e-05,2.2946e-06,7.5316e-06,6.5006e-06,1.1178e-05,1.3663e-05,1.0232e-05,1.1322e-05,9.0436e-06,4.9228e-06,8.3888e-06,7.4724e-06,9.7834e-06,1.732e-05,1.5904e-05,1.4967e-05,1.116e-05,1.197e-05,7.3476e-06,1.0434e-05,1.7488e-05,1.3465e-05,9.4164e-07,8.5601e-06,1.3175e-05,3.0248e-05,4.9258e-05,4.8375e-05,3.6035e-05,1.7089e-05,7.1017e-06,9.3674e-06,1.6956e-05,1.261e-05,6.8837e-06,4.6628e-06,6.0549e-06,5.8245e-06,6.4544e-06,4.0075e-06,9.5352e-06,1.1412e-05,1.4929e-05,1.4747e-05,1.563e-05,1.1772e-05,1.8556e-06,1.1604e-05,8.3768e-06,4.8125e-06,5.9899e-06,1.169e-06,2.191e-06,1.8968e-06,1.5194e-06,2.1989e-06,8.4329e-06,1.4581e-05,9.5654e-06,1.1906e-05,7.1739e-06,6.4212e-06,3.0633e-06,5.2904e-06,7.1672e-06,1.9262e-05,1.4294e-05,7.112e-06,4.8553e-06,2.4902e-06,1.8763e-06,4.728e-06,4.9908e-06,3.6077e-06,5.1093e-06,3.4028e-06,4.3593e-06,8.1471e-06,8.7174e-06,1.14e-05,1.0162e-05,1.6556e-05,1.9011e-05,1.4797e-05,7.2182e-06,1.201e-05,5.6786e-06,7.1724e-06,7.452e-06,5.4775e-06,8.6691e-06,2.3758e-05,3.2643e-05,1.3302e-05,8.5961e-06,5.801e-06,5.0116e-06,6.8096e-06,1.2058e-05,1.7081e-05,1.4879e-05,5.435e-06,1.278e-05,1.5675e-05,1.394e-05,1.4384e-05,1.0975e-05,9.3905e-06,1.6222e-05,1.591e-05,1.0943e-05,6.4289e-06,8.0238e-06,1.804e-05,1.964e-05,1.049e-05,3.81e-06,2.0345e-05,1.7677e-05,8.8473e-06,1.2986e-05,7.6173e-06,8.3291e-06,1.8858e-05,2.6952e-05,1.1209e-05,1.2039e-05,1.0586e-05,1.8034e-05,1.6163e-05,2.0251e-06,8.8522e-06,6.4024e-06,3.5326e-06,7.5695e-06,1.6914e-05,8.1862e-06,1.4714e-05,1.9839e-05,1.6674e-05,2.3712e-05,2.787e-05,3.0157e-05,2.1379e-05,4.822e-06,1.2206e-05,2.2943e-05,2.569e-05,2.5061e-05,2.0735e-05,1.2917e-05,1.7116e-05,2.9005e-05,3.252e-05,3.3551e-05,2.625e-05,2.9763e-05,5.2391e-05,4.6101e-05,1.3481e-05,8.0662e-06,1.5595e-05,1.9221e-05,6.2399e-06,9.098e-06,1.6013e-05,1.5033e-05,2.9019e-06,4.7547e-06,4.4231e-06,5.8712e-06,8.2232e-06,1.4132e-06,4.7862e-06,5.5091e-06,5.2165e-06,1.6778e-05,6.6731e-06,4.6405e-06,4.8096e-06,6.6916e-06,4.8423e-06,1.1573e-05,9.8095e-06,4.3472e-06,5.4673e-06,1.0522e-05,1.6695e-05,1.2679e-05,6.4361e-06,6.7178e-06,5.891e-06,6.7925e-06,5.4721e-06,7.0564e-06,4.2897e-06,1.0023e-05,4.1011e-06,4.0818e-06,7.043e-06,6.6466e-06,9.3126e-06,7.0693e-06,5.2303e-06,4.7156e-06,6.5509e-06,1.6696e-05,2.4853e-05,2.4706e-05,1.6367e-05,1.4111e-05,1.0638e-05,1.7125e-06,1.1625e-05,2.2243e-05,2.2922e-05,1.9941e-05,1.9266e-05,1.2716e-05,1.1279e-05,3.0535e-05,7.5813e-05,0.00011186,2.6151e-05,6.9449e-05,3.7061e-05,2.9689e-05,2.9871e-05,6.5447e-06,2.7054e-06,8.923e-06,6.6779e-06,5.8163e-06,2.6296e-06,1.2908e-05,9.654e-06,6.3436e-06,1.0036e-05,1.0043e-05,5.9274e-06,6.2122e-06,6.1845e-06,1.9306e-05,1.2661e-05,5.8696e-06,5.5833e-06,1.507e-05,1.3515e-05,5.0869e-06,7.5998e-06,1.4242e-05,1.512e-05,1.0411e-05,4.3352e-06,1.4941e-06,6.2999e-06,9.3402e-06,3.3976e-06,3.1887e-06,2.4356e-06,6.6277e-06,8.8983e-06,1.2661e-05,1.3e-05,4.215e-06,7.9175e-06,8.5232e-06,7.5064e-06,1.132e-05,5.2291e-06,1.0227e-05,1.4894e-05,1.1485e-05,1.6976e-05,2.1428e-05,1.4588e-05,7.4044e-06,8.7963e-06,1.246e-05,6.4338e-06,2.6169e-06,4.3222e-06,6.7595e-06,1.4642e-05,1.6693e-05,1.487e-05,1.5327e-05,1.3816e-05,3.0391e-06,3.0458e-06,5.3992e-06,6.8483e-06,6.19e-06,2.4459e-05,1.7277e-05,2.737e-05,2.8394e-05,1.5752e-05,6.8429e-06,1.6707e-05,1.5414e-05,1.55e-05,1.2557e-05,8.1676e-06,3.059e-05,2.4524e-05,6.0173e-06,1.0466e-05,1.0451e-05,1.9545e-05,2.1195e-05,1.6842e-05,8.9208e-06,1.4869e-05,1.0395e-05,1.3846e-05,1.859e-05,7.3568e-06,1.666e-06,5.5751e-06,1.7753e-05,3.3312e-05,3.7088e-05,1.6715e-05,1.2709e-05,2.9753e-05,1.4782e-05,1.4684e-05,1.8149e-05,2.586e-05,2.0113e-05,2.0698e-05,1.5028e-05,1.1633e-05,1.9968e-05,1.6678e-05,9.6433e-06,1.4812e-05,1.3585e-05,1.6255e-05,1.7336e-05,4.6519e-06,3.7932e-06,3.0775e-06,1.1475e-05,2.7809e-05,2.9588e-05,2.0487e-05,1.8442e-05,2.014e-05,5.126e-06,3.5138e-05,3.7216e-05,1.8281e-05,3.5921e-05,2.1447e-05,1.7469e-05,9.0228e-06
1.2169e-05,5.0314e-06,5.653e-06,1.2072e-05,1.0236e-05,8.6867e-06,1.1264e-05,1.5319e-05,1.244e-05,1.3349e-05,1.3482e-05,1.4506e-05,1.8727e-05,1.3774e-05,7.9058e-06,2.2174e-05,1.4295e-05,6.7928e-06,1.0219e-05,1.4607e-05,6.1895e-06,1.2026e-05,8.6681e-06,5.4752e-06,6.0358e-06,8.8175e-06,7.8221e-06,6.9066e-06,6.2155e-06,9.187e-06,1.1521e-05,1.2885e-05,7.6364e-06,8.4454e-06,1.0998e-05,7.7226e-06,9.3895e-06,4.7077e-06,8.2863e-06,7.7097e-06,1.0514e-05,4.2862e-06,1.1957e-05,1.2813e-05,1.4699e-05,5.8621e-06,4.0649e-06,5.6715e-06,1.0959e-05,5.495e-06,1.4391e-05,1.2532e-05,2.9141e-06,9.9851e-06,9.5045e-06,4.614e-06,7.9291e-06,1.1568e-05,3.4384e-05,9.3179e-05,5.6303e-05,9.7234e-06,1.0829e-05,6.7949e-06,6.1136e-06,2.2016e-05,1.5179e-05,7.596e-06,6.8958e-06,2.8632e-06,8.9234e-07,2.9291e-06,2.7601e-06,7.4832e-06,9.7102e-06,1.1918e-05,6.978e-06,6.8132e-06,7.3407e-06,1.6252e-06,4.9945e-06,4.6258e-06,4.4959e-06,1.5299e-05,2.0718e-05,8.3387e-06,1.2247e-05,1.2547e-05,5.5398e-06,5.5565e-06,6.934e-06,1.9518e-06,5.5692e-06,2.9065e-06,1.0628e-05,1.6214e-05,1.2399e-05,1.3822e-05,1.1335e-05,2.7629e-06,8.6311e-06,1.4393e-05,1.172e-05,1.6826e-05,8.0809e-06,5.8578e-06,1.1817e-05,1.8667e-05,9.2222e-06,4.8517e-06,1.1043e-05,4.9652e-06,1.3143e-05,1.433e-05,8.0642e-06,2.9018e-06,1.058e-05,7.2749e-06,2.6577e-06,6.3693e-06,3.348e-06,1.2815e-06,1.1624e-05,2.7332e-05,3.6315e-05,1.9898e-05,3.1987e-06,1.0319e-05,2.0243e-06,9.4109e-06,7.3034e-06,1.5303e-05,1.4504e-06,1.5848e-05,1.357e-05,3.8109e-06,1.0153e-05,1.5417e-05,2.7832e-05,2.7057e-05,1.8803e-05,1.2825e-05,1.22e-05,2.0717e-05,1.7668e-05,6.3527e-06,1.5356e-05,9.6934e-06,1.4568e-05,6.4759e-06,1.5069e-05,1.3327e-05,9.5197e-06,1.8851e-05,2.306e-05,1.5925e-05,1.3612e-05,7.8753e-06,1.3222e-05,1.3408e-05,1.8099e-05,2.1325e-05,2.2481e-05,1.3743e-05,1.2008e-05,1.5198e-05,4.5299e-06,2.0149e-05,2.5157e-05,2.3859e-05,1.1393e-05,5.7302e-06,3.7648e-06,5.3849e-06,1.6399e-06,1.1195e-05,1.7959e-05,2.229e-05,1.8467e-05,1.4247e-05,1.2872e-05,1.9875e-05,1.4089e-05,1.5193e-05,1.599e-05,9.6595e-07,7.5327e-06,1.0801e-05,2.4302e-05,3.674e-05,1.5312e-05,7.309e-06,4.6795e-06,5.5189e-06,1.2959e-05,4.2855e-06,1.4018e-05,1.2401e-05,1.3207e-06,1.041e-05,6.426e-06,1.4214e-06,2.2702e-06,7.5784e-06,1.1556e-05,2.0526e-05,1.0062e-05,1.0418e-05,1.5511e-05,1.5873e-05,4.5631e-06,1.1198e-05,5.7852e-06,3.1979e-06,4.6508e-06,9.65e-06,1.3249e-05,9.8456e-06,1.3183e-05,6.2618e-06,6.3465e-06,6.0762e-06,6.2796e-06,8.7891e-06,5.4714e-07,2.9719e-06,3.7803e-06,1.1716e-05,1.053e-05,1.3103e-05,3.0587e-06,6.8909e-06,1.1706e-05,1.461e-05,7.8121e-06,2.4033e-06,4.0154e-06,5.1128e-06,1.0816e-05,1.5177e-05,1.172e-05,4.9705e-06,1.1129e-05,4.9934e-06,2.6324e-06,3.3749e-06,5.8242e-06,9.2669e-06,6.2007e-06,4.3711e-06,7.8104e-06,5.8819e-06,1.3547e-05,1.1129e-05,9.9965e-05,9.7961e-05,2.2439e-05,1.5096e-05,1.3383e-05,1.1314e-05,5.0653e-06,3.6291e-06,1.1732e-05,7.47e-06,9.359e-06,1.0026e-05,4.5369e-06,4.7834e-06,2.3251e-06,5.2211e-06,1.3077e-05,1.9087e-05,1.6977e-05,1.567e-05,6.2912e-06,1.4349e-05,1.1251e-05,1.4565e-06,9.5118e-06,1.4801e-05,8.3151e-06,9.8283e-06,1.4817e-05,7.9227e-06,7.0227e-06,1.3459e-05,1.4124e-05,1.0697e-05,5.8205e-06,5.1623e-06,7.2176e-06,1.4787e-05,1.8263e-05,1.3422e-05,1.0529e-05,2.7273e-06,7.5715e-06,9.5873e-06,9.6636e-06,1.2324e-05,1.3483e-05,5.9129e-06,4.4667e-06,6.4525e-06,2.1891e-06,2.3423e-06,2.8351e-06,3.596e-06,2.5079e-06,4.9174e-06,5.5101e-06,5.333e-06,7.1109e-06,1.1479e-05,1.1297e-05,7.3286e-06,6.0911e-06,3.0631e-06,8.1264e-06,1.9021e-05,1.3456e-05,4.9092e-06,1.0111e-05,6.6942e-06,9.8481e-06,1.6363e-05,3.0662e-05,2.5344e-05,8.6093e-06,1.7233e-05,2.7733e-05,2.621e-05,2.5767e-05,3.0007e-05,1.1874e-05,1.3921e-05,6.5739e-06,9.0732e-06,8.4319e-06,2.985e-05,2.8661e-05,8.4606e-06,5.2882e-06,2.9019e-05,3.7202e-05,1.2349e-05,7.7078e-06,1.2761e-05,1.7435e-05,1.157e-05,8.7724e-06,2.0174e-05,2.2224e-05,1.1442e-05,1.6181e-05,2.7881e-05,2.5744e-05,1.8912e-05,3.2837e-06,7.0534e-06,2.4576e-06,1.3822e-05,1.8982e-05,1.7032e-05,1.068e-05,5.3978e-06,7.6772e-06,8.8407e-06,5.0043e-06,3.4338e-06,7.5094e-06,1.6904e-05,9.8238e-06,1.4431e-05,7.0775e-06,7.6653e-06,1.8056e-05,2.0747e-05,1.479e-05,8.9038e-06,1.0176e-05,1.3842e-05,6.3785e-06,1.4649e-05,3.0333e-05,2.1515e-05,9.4502e-06,1.654e-05,2.0584e-05,1.0757e-05,1.4589e-05,1.8386e-05,1.2054e-05,1.2306e-05,1.2425e-05,4.5332e-06,7.4731e-06,4.3028e-06,3.1043e-06,1.0656e-05,9.5154e-06,3.9438e-06,5.7901e-06,1.4923e-05,2.4308e-05,2.3481e-05,8.4683e-06,2.3534e-06,6.8721e-06,4.7603e-06,1.2086e-05,1.0144e-05,4.1307e-06,4.3754e-06,3.7377e-06,1.6039e-06,8.1194e-06,1.51e-05,2.2887e-06,9.8428e-06,8.3862e-06,6.314e-06,1.842e-06,1.0114e-05,1.8122e-05,1.6295e-05,7.0147e-06,3.9772e-06,6.4704e-06,2.3645e-06,4.1054e-06,8.2883e-06,8.7385e-06,7.0319e-06,9.7111e-06,9.6049e-06,1.4185e-05,1.0613e-05,2.9707e-06,2.5724e-06,6.0806e-06,1.2011e-05,1.4926e-05,1.6517e-05,1.823e-05,1.2369e-05,1.8042e-05,4.4121e-05,2.7957e-05,4.9215e-05,6.6962e-05,3.6425e-05,1.9734e-05,8.8704e-06,4.4261e-06,7.5526e-06,1.3612e-05,8.8619e-06,1.3938e-05,1.2342e-05,6.4522e-06,9.0158e-06,5.2975e-06,1.5818e-05,2.0667e-05,1.7982e-05,1.2045e-05,8.6208e-06,1.0379e-05,1.5718e-05,1.9927e-05,7.4809e-06,3.5677e-06,4.6524e-06,1.4816e-05,2.0329e-05,1.8378e-05,6.9203e-06,5.5423e-06,1.5142e-05,1.7516e-05,1.5664e-05,9.6449e-06,1.4725e-05,1.2406e-05,1.1849e-05,8.3416e-06,7.38e-06,1.5629e-05,1.0448e-05,7.6824e-06,6.8989e-06,8.9338e-06,9.5016e-06,4.4199e-06,5.2591e-06,4.3905e-06,3.5723e-06,4.1582e-06,7.8732e-06,1.0766e-05,1.3775e-05,2.3367e-05,2.1357e-05,7.0324e-06,5.4665e-06,2.595e-06,3.9228e-06,2.4271e-06,7.815e-06,1.1692e-05,1.0944e-05,9.5003e-06,6.8884e-06,8.2702e-06,1.2428e-05,7.9493e-06,1.0467e-05,1.0101e-05,7.0397e-06,3.6881e-06,1.6873e-05,2.5402e-05,1.1958e-05,9.5207e-06,9.0659e-06,1.3258e-05,7.6835e-06,1.2398e-05,2.8146e-05,2.3616e-05,1.0966e-05,1.1345e-05,1.4311e-05,9.9235e-06,1.0117e-05,1.3352e-05,1.5056e-05,4.4002e-06,4.4683e-06,2.2321e-05,2.644e-05,1.0603e-05,9.7699e-06,1.6269e-05,1.849e-05,1.2364e-05,7.2695e-06,6.9904e-06,1.3383e-05,1.6019e-05,1.9093e-05,2.344e-05,2.6686e-05,9.3622e-06,1.1505e-05,1.1134e-05,2.2106e-05,2.721e-05,1.0692e-05,7.4564e-06,1.7916e-05,9.6366e-06,1.1579e-05,1.2684e-05,1.1122e-05,1.2516e-05,1.8535e-05,1.3719e-05,2.7787e-05,2.298e-05,1.9812e-05,1.3362e-05,9.639e-06,7.0138e-06,9.4129e-06,1.6494e-05,3.5212e-05,3.3565e-05,4.6748e-05,5.5995e-05,2.8825e-05,4.2813e-06,2.1821e-05,1.1326e-05,5.8275e-06,6.1656e-06,7.8973e-06,1.0464e-05,3.5375e-06,1.1656e-05,1.6863e-05,7.981e-06,5.7707e-06,1.045e-05,1.2723e-05,8.4455e-06,1.3028e-05,1.6685e-05,1.6768e-05,1.0994e-05,2.8767e-06,4.1617e-06,4.5141e-06,8.9661e-06,3.9557e-06,4.6262e-06,2.9334e-06,6.3826e-07,4.1872e-06,5.8665e-06,9.2723e-06,7.1825e-06,4.4505e-06,4.6188e-06,6.7592e-06,4.5508e-06,1.0376e-05,8.206e-06,1.2644e-05,1.3246e-05,8.1461e-06,8.0191e-07,8.9619e-06,1.019e-05,5.7363e-06,1.0796e-05,1.4312e-05,1.4819e-05,1.1279e-05,3.2755e-06,6.1646e-06,5.1865e-06,1.1637e-05,1.3535e-05,9.6482e-06,2.2815e-06,1.0437e-05,1.9523e-05,1.8349e-05,2.0447e-05,2.3407e-05,3.4432e-05,7.4121e-05,0.00011566,5.7629e-05,7.1209e-05,3.1836e-05,3.6965e-05,2.0645e-05,7.3333e-06,1.4513e-05,1.6952e-05,1.2228e-05,6.7317e-06,7.3561e-06,1.3474e-05,1.1722e-05,4.6207e-06,8.8381e-06,1.473e-05,7.2887e-06,3.6799e-06,4.2011e-06,1.0284e-05,1.6722e-05,1.5851e-05,8.978e-06,1.9513e-05,8.5949e-06,1.7881e-05,1.7128e-05,2.0893e-06,5.7794e-07,6.3201e-06,5.3831e-06,4.067e-06,5.3224e-06,1.3146e-05,1.5378e-05,1.2179e-05,4.812e-06,8.9645e-06,1.1977e-05,1.6883e-05,1.7822e-05,1.519e-05,1.7821e-05,1.4674e-05,1.5492e-05,1.0317e-05,1.3766e-05,7.7187e-06,7.0208e-06,5.4793e-06,2.6177e-06,7.9239e-06,7.7018e-06,9.1343e-06,1.1521e-05,1.5119e-05,1.2259e-05,2.9213e-06,5.3806e-06,1.0122e-05,1.0063e-05,8.5623e-06,2.0159e-06,5.7517e-06,9.9421e-06,1.739e-05,1.2457e-05,1.985e-06,3.6001e-06,7.0708e-06,2.3034e-05,1.6387e-05,2.4102e-06,2.8593e-06,8.6691e-06,1.5091e-05,6.2641e-06,4.9588e-06,1.6392e-05,2.1326e-05,1.0113e-05,8.7173e-06,5.9461e-06,1.7846e-06,8.737e-06,7.8474e-06,2.8483e-05,2.5748e-05,1.3813e-05,1.1645e-05,8.4741e-06,3.3386e-05,4.9111e-05,3.861e-05,1.7506e-05,9.1134e-06,2.9805e-05,2.487e-05,2.211e-05,1.8543e-05,2.0023e-05,3.2294e-05,1.6697e-05,6.6006e-06,2.095e-06,6.3528e-06,1.7961e-05,2.5386e-05,1.4788e-05,4.9993e-06,2.0145e-05,3.1794e-05,2.5729e-05,1.065e-05,2.6812e-05,1.9377e-05,1.0712e-05,1.8249e-05,9.7209e-06,1.6827e-05,1.5493e-05,8.0023e-06,2.0865e-05,3.0728e-05,2.5309e-05,2.2906e-05,1.2034e-05,9.8019e-06,1.623e-05,3.1063e-05,2.2611e-05,1.4532e-05,1.281e-05,1.0456e-05,3.0324e-06
9.5355e-06,2.9226e-06,1.6606e-05,1.4499e-05,6.4285e-06,5.6656e-06,7.8394e-06,8.938e-06,9.8269e-06,9.4523e-06,2.2546e-06,8.8904e-06,1.208e-05,1.102e-05,4.1732e-06,1.2245e-05,1.0095e-05,1.4526e-06,3.7659e-06,4.1271e-06,4.0784e-06,1.3527e-05,6.879e-06,6.5284e-06,8.3419e-06,7.468e-06,2.4784e-06,3.3491e-06,1.5313e-06,4.8054e-06,5.3775e-06,9.8168e-06,3.4329e-06,7.9841e-06,1.1588e-05,5.3151e-06,3.3836e-06,9.0142e-06,1.0632e-05,5.3842e-06,1.5001e-05,1.5024e-05,6.5913e-06,3.2536e-06,8.1354e-06,4.6178e-06,1.3257e-05,1.0871e-05,5.8541e-06,1.0305e-05,4.5992e-06,1.5021e-05,8.7762e-06,7.6001e-06,1.3186e-05,1.9608e-05,1.202e-05,7.9286e-06,4.3809e-05,6.2759e-05,6.7073e-05,2.1331e-05,1.3256e-05,1.3129e-05,1.0443e-05,1.0203e-05,8.0561e-06,2.0589e-06,1.0309e-05,1.0189e-05,6.6768e-06,6.1523e-07,3.7468e-06,6.0415e-06,8.9567e-06,9.0417e-06,3.501e-06,8.5159e-06,1.8882e-06,1.3438e-05,1.1853e-05,3.7286e-06,3.3741e-06,1.0286e-05,1.099e-05,6.9528e-06,4.2541e-06,3.1419e-06,3.2812e-07,3.5311e-06,7.6923e-06,2.7055e-06,9.0603e-06,4.4103e-06,4.2852e-06,7.3306e-06,1.6054e-05,1.0263e-05,9.9517e-06,1.9728e-05,2.2505e-05,9.7619e-06,6.0789e-06,1.0295e-05,7.9117e-06,1.5825e-05,2.5909e-05,1.9324e-05,4.0783e-06,1.6308e-05,1.1709e-05,6.7538e-06,1.6296e-05,9.994e-06,6.5874e-06,6.0101e-06,1.1337e-05,1.7114e-05,8.5551e-06,5.0423e-06,6.0291e-06,2.7223e-06,6.7414e-07,4.0122e-06,1.5503e-05,1.615e-05,5.8969e-06,1.462e-06,9.8201e-06,1.6878e-05,7.2495e-06,9.799e-06,1.4387e-05,2.5196e-05,2.1069e-05,5.6348e-06,3.9779e-06,1.3404e-05,1.6801e-05,1.5063e-05,2.9662e-06,1.893e-05,2.8367e-05,1.5579e-05,1.7067e-05,1.7759e-05,4.6763e-06,1.2082e-05,8.4883e-06,6.8028e-06,2.0963e-05,2.9506e-05,1.0697e-05,1.9702e-05,3.2714e-05,2.9376e-05,1.9014e-05,1.5254e-05,1.6746e-05,1.5341e-05,1.8757e-05,1.3761e-05,2.5768e-06,1.8631e-05,2.0903e-05,3.2069e-05,3.5088e-05,2.1007e-05,1.6435e-05,2.8448e-05,2.2461e-05,9.0615e-06,1.934e-05,5.8471e-06,4.4947e-06,5.6143e-06,1.5953e-05,1.3336e-05,2.5397e-06,3.1587e-06,1.1611e-05,1.3728e-05,1.0547e-05,8.6613e-06,5.8668e-06,1.8509e-05,9.6627e-06,8.4492e-06,1.684e-05,2.5854e-05,2.8622e-05,1.2224e-05,3.6748e-06,1.0959e-05,1.897e-05,7.0685e-06,3.7825e-06,3.0125e-06,4.3356e-06,9.3876e-06,9.0729e-06,2.1398e-06,2.8776e-06,7.0677e-06,7.5149e-06,4.6406e-06,6.3301e-06,2.5369e-06,3.9292e-06,3.9116e-06,6.1945e-06,1.6981e-05,1.0071e-05,9.1935e-06,1.0226e-05,7.9093e-06,2.2659e-05,2.4629e-05,5.9894e-06,1.503e-05,8.7908e-06,1.1816e-05,1.2965e-05,7.8838e-06,6.7714e-07,8.8918e-06,1.3802e-05,1.0547e-05,2.7823e-06,1.9598e-06,3.7022e-06,9.8138e-06,7.3671e-06,6.3351e-06,4.9944e-06,2.3388e-06,2.7697e-06,1.0597e-05,1.1913e-05,1.054e-05,6.3496e-06,1.2275e-05,1.6809e-05,1.5524e-05,4.4936e-06,1.4457e-05,1.2211e-05,1.5512e-05,1.9609e-05,1.4348e-05,1.3463e-05,2.7604e-05,3.9774e-05,7.8441e-05,0.00011422,6.5319e-05,4.6715e-05,1.3051e-05,2.7113e-05,2.0811e-05,6.7528e-06,1.6986e-05,1.6075e-05,9.3495e-06,1.6077e-05,1.5553e-05,8.8697e-06,5.6548e-06,5.6209e-06,1.0592e-05,1.0529e-05,1.3933e-05,1.1124e-05,6.7097e-06,1.4425e-05,1.1527e-05,5.6978e-06,9.3983e-06,1.1299e-05,1.4954e-05,1.8033e-05,2.1152e-05,1.2328e-05,9.7633e-06,1.171e-05,7.7723e-06,1.1618e-05,2.1007e-05,1.0393e-05,1.5369e-06,1.0039e-05,7.5117e-06,1.4471e-06,4.8695e-06,2.2957e-06,4.4988e-06,7.7688e-06,1.6632e-05,1.2679e-05,4.5812e-06,2.5042e-06,2.961e-06,1.1993e-05,9.9492e-06,5.7439e-06,1.2018e-05,1.0047e-05,4.3696e-06,6.5959e-07,1.901e-06,4.1034e-06,4.6658e-07,9.7378e-06,1.4439e-05,1.2567e-05,4.4077e-06,7.6866e-07,8.2541e-06,3.7983e-06,9.1765e-06,9.8185e-06,5.5758e-06,1.1356e-05,1.8294e-05,1.9496e-05,4.5387e-06,1.4409e-06,1.5244e-05,1.7901e-05,7.6057e-06,1.052e-05,1.0897e-05,8.4835e-06,1.9198e-05,1.8668e-05,1.3744e-05,7.2995e-06,6.9354e-06,1.8294e-05,2.4818e-05,1.5313e-05,4.3345e-06,8.9359e-06,3.0526e-06,3.6441e-06,6.1646e-06,6.8939e-06,1.1301e-05,1.7193e-05,3.7382e-06,1.4406e-05,1.7458e-05,1.4775e-05,1.1023e-05,6.5093e-06,1.3615e-05,9.0186e-06,1.2377e-05,9.6257e-06,1.0718e-05,1.1904e-05,3.2381e-06,8.9633e-06,2.3574e-05,3.2459e-05,2.2428e-05,5.922e-06,8.0986e-06,1.2668e-05,1.5873e-05,2.016e-05,1.1891e-05,9.5577e-06,1.4681e-05,4.4056e-06,2.0817e-05,2.4374e-05,1.9673e-05,1.3506e-05,7.2019e-06,3.6652e-06,1.8115e-05,2.4817e-05,1.6798e-05,9.9613e-06,1.8442e-05,1.5841e-05,2.5602e-06,7.4206e-06,1.1963e-05,1.0689e-05,1.2318e-05,1.7512e-06,9.8428e-06,8.4374e-06,1.1241e-05,7.6262e-06,1.0684e-05,9.408e-06,3.2831e-06,1.4868e-06,9.0642e-06,1.1337e-05,3.8613e-06,1.1555e-05,1.2366e-05,8.5522e-06,4.5321e-06,3.474e-06,5.4608e-06,2.1288e-06,8.7599e-06,1.383e-05,1.4391e-05,9.9671e-06,9.0901e-06,9.8048e-06,1.2875e-05,8.8752e-06,4.9341e-06,7.68e-06,8.0222e-06,1.8509e-06,9.8829e-06,1.9229e-05,5.7303e-06,4.8453e-06,6.6486e-06,1.0088e-05,1.4964e-05,2.4633e-05,2.6005e-05,1.1152e-05,1.0402e-05,5.6082e-06,6.9966e-06,1.627e-05,1.4011e-05,7.5573e-07,7.9926e-06,1.2421e-05,9.8009e-06,5.6374e-06,1.2962e-05,1.1063e-05,1.7829e-06,1.4935e-05,1.894e-05,5.7653e-05,8.2973e-05,4.572e-05,2.0113e-05,1.6703e-05,1.2364e-05,7.6787e-06,1.6095e-05,5.6851e-06,7.9257e-06,7.4416e-06,9.8929e-06,6.7777e-06,1.1559e-05,1.136e-05,5.2252e-06,7.6491e-06,9.3031e-06,1.3587e-05,1.4683e-05,7.8371e-06,4.1389e-06,1.0408e-05,6.465e-06,1.1437e-05,2.0137e-06,7.6984e-06,8.1218e-06,8.2697e-06,9.3142e-06,8.0407e-06,5.8273e-06,9.782e-06,4.2229e-06,5.1705e-07,2.1433e-06,1.176e-06,2.9182e-06,1.1982e-05,1.6159e-05,4.3872e-06,1.0886e-05,9.3279e-06,2.8937e-06,5.2161e-06,1.8109e-06,6.5174e-06,1.3369e-05,8.4784e-06,5.8129e-06,5.3917e-06,2.2483e-06,7.2528e-06,7.4073e-06,2.1684e-06,9.889e-06,8.411e-06,1.0172e-05,1.3901e-05,4.3651e-06,8.7298e-06,8.3205e-06,5.9186e-06,1.1223e-06,1.1552e-05,1.9693e-05,1.1179e-05,4.6284e-06,6.227e-06,1.3842e-05,1.7239e-05,1.5118e-05,1.7845e-05,1.755e-05,2.0152e-05,7.1759e-06,1.3604e-05,7.3635e-06,3.5361e-06,1.374e-05,9.2698e-06,1.4738e-05,3.3647e-06,1.4012e-05,4.6973e-06,8.4501e-06,5.0125e-06,9.0739e-06,4.3741e-06,6.5081e-06,8.4383e-06,6.4129e-06,1.9642e-05,2.6313e-05,3.2022e-05,1.4662e-05,4.1511e-05,4.7873e-05,2.9388e-05,6.213e-06,1.764e-05,2.4575e-05,1.47e-05,1.0597e-05,2.8388e-05,2.1539e-05,3.7726e-06,4.8874e-06,7.7386e-07,1.7366e-05,1.874e-05,7.875e-06,2.2869e-05,2.2614e-05,1.8455e-05,2.2505e-05,7.756e-06,7.6789e-06,1.7168e-05,1.5396e-05,1.2313e-05,1.0256e-05,3.0545e-06,1.1465e-05,1.0935e-05,4.7662e-06,1.2894e-05,2.3786e-05,2.5568e-05,2.5681e-05,1.3602e-05,1.3162e-05,8.5465e-06,2.9809e-05,1.524e-05,1.1386e-05,1.4722e-05,4.6844e-06,4.5276e-06,1.2323e-06,3.3957e-06,1.5744e-05,2.7885e-05,1.9474e-05,5.8997e-06,9.1163e-06,7.3397e-06,4.8504e-06,4.4304e-06,4.0524e-06,4.5251e-06,6.5982e-06,1.7634e-05,1.7197e-05,4.5218e-06,1.2215e-05,1.9177e-05,8.4205e-06,7.2791e-06,1.1937e-05,2.1148e-05,2.3139e-05,1.2943e-05,9.5907e-06,7.3703e-06,5.6109e-06,1.3851e-05,8.2819e-06,5.3067e-06,1.014e-05,1.2541e-05,1.1842e-05,1.3968e-05,6.7453e-06,4.3097e-06,3.1818e-06,8.4964e-06,1.0479e-05,4.069e-06,8.3046e-06,4.149e-06,4.9308e-06,5.6069e-06,1.5307e-05,1.6987e-05,1.2534e-05,7.2089e-06,2.1473e-05,2.3919e-05,1.6407e-05,7.5361e-06,7.9983e-06,2.0433e-05,1.5605e-05,2.8081e-05,8.0189e-05,0.00012679,7.1185e-05,7.5373e-05,4.47e-05,3.2408e-05,1.6031e-05,2.0724e-05,9.1301e-06,4.0435e-06,9.4362e-06,1.8625e-06,1.2755e-05,8.3303e-06,3.7456e-06,7.4837e-06,1.6361e-05,1.24e-05,1.1533e-05,1.8127e-05,1.1342e-05,1.2552e-05,1.7007e-05,1.0326e-05,8.136e-06,1.0036e-05,1.0475e-05,3.3422e-06,5.3532e-06,5.8046e-06,1.1093e-05,6.4008e-06,3.8647e-06,8.8867e-06,1.2734e-05,9.7264e-06,7.6085e-06,5.1708e-06,8.8853e-06,1.1387e-05,8.8024e-06,1.1929e-05,1.7348e-06,5.9679e-06,9.4457e-06,1.5517e-05,1.0752e-05,5.7569e-06,4.6292e-06,7.3063e-06,7.15e-06,4.4025e-06,8.0657e-06,1.4768e-05,9.337e-06,1.2685e-05,1.8936e-05,2.0307e-05,1.6804e-05,6.5215e-06,1.4489e-05,1.4843e-05,7.9078e-06,1.17e-05,9.8629e-06,4.7433e-06,1.7532e-05,1.4962e-05,6.0099e-06,4.8607e-06,4.9683e-06,1.488e-05,1.2871e-05,8.3917e-06,1.1819e-05,2.1269e-05,1.3752e-05,1.3863e-05,1.2819e-05,1.3583e-05,2.8173e-05,2.0667e-05,2.48e-06,8.3465e-06,1.4717e-06,1.0519e-05,1.3941e-05,9.4601e-06,1.5004e-05,5.3056e-06,1.4354e-06,1.1244e-05,1.5491e-05,1.8485e-05,1.7378e-05,4.7658e-06,1.027e-05,4.4847e-06,6.9054e-06,1.2844e-05,2.1676e-05,2.1192e-05,1.2095e-05,1.2209e-05,5.3807e-06,1.6011e-05,1.6148e-05,1.2176e-05,1.0794e-05,1.3405e-05,7.9094e-06,1.2716e-05,1.6811e-05,1.5154e-05,9.7666e-06,8.1073e-06,1.3267e-05,9.9993e-06,9.1923e-06,6.5326e-06,1.5232e-05,2.7372e-05,1.5685e-05,1.2838e-05,2.4007e-05,2.321e-05,1.8267e-05,1.2785e-05,1.1245e-05,1.5194e-05,2.7257e-05,4.1104e-05,3.0245e-05,4.4587e-05,1.9507e-05,9.742e-06,1.3526e-05
5.416e-06,1.1617e-05,1.3417e-05,1.076e-05,5.4181e-06,4.9234e-06,6.6971e-06,5.4102e-06,1.0161e-05,5.372e-06,1.3724e-05,1.0275e-05,3.5516e-06,5.9236e-06,8.8351e-06,1.4869e-05,6.8369e-06,4.5626e-06,3.0223e-06,1.8273e-06,9.05e-06,1.0547e-05,1.3084e-05,8.7484e-06,5.167e-06,3.2455e-06,5.3499e-06,9.2758e-06,9.8261e-06,1.5707e-05,1.7295e-05,9.3162e-06,5.0203e-06,6.1651e-06,1.2132e-05,5.6725e-06,1.1517e-05,1.8921e-05,1.1717e-05,2.2559e-06,5.086e-06,9.1476e-06,1.1762e-05,8.3386e-06,4.1342e-06,3.3752e-06,9.1927e-07,9.3619e-06,1.0746e-05,6.4005e-06,3.1046e-06,3.9459e-06,1.2075e-05,1.0951e-05,5.8134e-06,1.1895e-05,2.7051e-06,1.2869e-05,3.1975e-05,9.3529e-05,6.3043e-05,5.3874e-06,7.6527e-06,7.1766e-06,8.1229e-06,9.9016e-06,1.1605e-05,5.7984e-06,6.7269e-06,1.4756e-05,1.0291e-05,2.3174e-06,7.9286e-06,1.3767e-05,8.8294e-06,4.2777e-06,7.813e-06,1.0184e-05,9.736e-06,4.8372e-06,2.0415e-06,5.0555e-06,3.5816e-06,8.2998e-06,7.9165e-06,7.1012e-06,9.4067e-06,3.8438e-06,1.3196e-06,7.4495e-06,9.4934e-06,1.5317e-05,1.518e-05,6.4212e-06,8.3345e-06,7.7172e-06,7.0974e-06,4.9865e-06,4.3719e-06,7.9158e-07,7.7562e-06,9.1291e-06,1.4288e-05,2.1741e-05,1.2082e-05,3.7276e-06,6.9917e-06,7.1306e-06,9.2621e-06,1.9158e-05,2.0111e-05,1.2682e-05,4.7798e-06,1.3164e-05,7.4865e-06,1.6918e-05,1.9895e-05,1.4872e-05,4.7248e-06,1.837e-06,1.2351e-05,1.5652e-05,5.3224e-06,9.6586e-06,1.5913e-05,4.4795e-06,1.8616e-05,1.3585e-05,8.4193e-06,4.2406e-06,1.7559e-05,1.4512e-05,2.7778e-05,1.0187e-05,4.0665e-06,1.2683e-06,8.1268e-06,1.4865e-05,1.9923e-05,2.4894e-05,2.5234e-05,4.9962e-06,1.341e-05,1.6207e-05,1.6762e-05,1.7615e-05,9.337e-06,1.1396e-05,1.5698e-05,2.4789e-05,2.1771e-05,1.1735e-05,1.3375e-05,8.9698e-06,2.0806e-05,2.274e-05,1.2638e-05,2.3945e-06,2.5279e-06,1.0627e-05,1.6158e-05,2.2484e-05,3.233e-05,3.1388e-05,1.5328e-05,1.5439e-05,8.2534e-06,1.3842e-05,1.7978e-05,1.162e-05,1.157e-05,2.1942e-05,2.2333e-05,1.3871e-05,1.5223e-05,1.2335e-05,9.564e-06,1.9102e-05,2.5412e-05,1.3135e-05,1.0043e-05,2.0639e-05,2.1882e-05,2.9973e-05,3.7274e-05,2.3857e-05,9.1366e-06,1.3018e-05,1.3866e-05,5.7676e-05,3.3682e-05,1.2346e-06,1.178e-05,9.7314e-06,8.3463e-06,4.3865e-06,8.0697e-06,4.2904e-06,4.7611e-06,4.9433e-06,1.4972e-06,8.4343e-06,5.1982e-06,1.5772e-06,2.5765e-06,9.1077e-06,6.7948e-06,1.3301e-05,9.114e-06,2.0043e-05,1.5656e-05,9.242e-06,2.3098e-06,8.9749e-06,7.6315e-06,8.727e-06,1.2104e-05,6.8072e-06,1.3072e-06,1.8301e-06,5.8388e-06,9.6045e-06,9.4055e-06,7.4443e-06,4.8686e-06,9.5627e-06,8.3854e-06,5.1872e-06,9.9143e-07,2.804e-06,6.4674e-06,1.6151e-05,1.6349e-05,5.4558e-06,5.9527e-06,2.9387e-06,8.0831e-06,1.1639e-05,1.0206e-05,8.0209e-06,8.6495e-06,2.2441e-05,1.1675e-05,1.0732e-05,5.6192e-06,1.3235e-05,8.0181e-06,1.1436e-05,6.0462e-06,1.7279e-05,1.774e-05,2.0887e-05,2.6094e-05,4.1054e-05,0.00011297,0.00010879,5.3372e-05,2.5176e-05,3.0631e-05,1.4715e-05,6.7163e-06,8.01e-06,9.8057e-06,7.7796e-07,4.1235e-06,1.016e-05,8.7997e-06,6.3902e-06,1.1702e-05,1.3221e-05,6.1931e-06,3.2908e-06,7.5708e-06,1.1347e-05,1.0722e-05,9.8915e-06,7.7242e-06,4.3512e-06,8.3151e-06,3.1804e-06,5.3741e-06,6.8345e-06,8.2113e-06,1.1293e-05,1.0256e-05,8.6184e-06,1.4709e-06,1.306e-05,1.0655e-05,1.1159e-05,9.3853e-06,8.1298e-06,6.8167e-06,1.5268e-05,1.2958e-05,1.6724e-05,1.0879e-05,4.1349e-06,8.0049e-06,7.9959e-06,5.1562e-06,1.1129e-05,1.5532e-05,1.7595e-05,1.0837e-05,7.8842e-06,6.4431e-06,9.017e-06,6.8889e-06,3.8249e-06,7.9875e-06,5.341e-06,1.1439e-05,8.8645e-06,8.012e-06,7.9978e-06,1.0295e-05,1.6422e-05,8.3632e-06,9.9777e-06,6.2178e-06,8.4146e-06,5.4163e-06,4.4444e-06,3.9594e-06,1.0262e-05,5.2238e-06,1.342e-05,2.0073e-05,1.8313e-05,1.7164e-05,1.5378e-05,1.6304e-05,1.0313e-05,1.4214e-05,1.4182e-05,1.5302e-05,1.5762e-05,2.8308e-05,2.036e-05,1.0829e-05,2.7599e-06,1.5714e-05,2.0634e-05,1.7574e-05,1.4206e-05,1.0421e-05,7.2779e-06,9.5319e-06,1.0867e-05,9.0038e-06,2.3025e-06,1.2453e-05,1.5202e-05,1.3013e-05,1.704e-05,1.5795e-05,2.1301e-05,1.1465e-05,8.611e-06,1.0268e-05,1.4034e-05,9.6894e-06,1.4387e-05,9.5767e-06,2.1127e-05,1.8584e-05,1.3622e-05,2.8925e-05,2.3922e-05,2.1035e-05,2.8235e-05,2.0157e-05,8.0721e-06,1.2635e-05,1.4661e-05,5.3344e-06,8.7749e-06,2.0017e-05,1.9686e-05,1.4713e-05,5.6439e-06,3.0857e-05,4.0963e-05,4.7096e-05,4.4947e-05,3.3236e-05,1.747e-05,2.9793e-06,8.0179e-06,1.259e-05,8.7987e-06,1.0548e-05,1.4838e-05,1.5278e-05,1.0511e-05,1.0809e-05,9.9273e-06,4.993e-06,2.6806e-06,4.5226e-06,6.0619e-06,1.9339e-05,1.3194e-05,1.1373e-05,1.6417e-05,1.156e-05,1.3556e-05,1.0222e-05,7.4384e-06,1.5328e-05,1.6731e-05,8.8054e-06,5.1481e-06,9.0428e-06,7.1457e-06,8.1981e-06,3.7522e-06,5.7846e-06,1.3486e-05,1.2327e-05,1.3372e-05,1.3056e-05,2.2374e-06,9.0802e-06,2.9087e-06,9.1369e-06,9.2074e-06,1.1679e-06,1.145e-05,9.5276e-06,1.5253e-06,7.1896e-06,1.509e-06,2.0072e-06,1.5078e-05,1.5908e-05,1.7704e-05,6.0057e-06,4.4362e-06,2.6319e-06,5.3803e-06,5.7993e-06,5.0535e-06,8.2253e-06,6.4781e-06,5.1051e-06,1.9816e-05,5.3158e-05,6.3223e-05,2.4178e-05,1.0347e-05,3.8029e-06,3.042e-06,5.6423e-06,7.6691e-06,4.3972e-06,3.2315e-06,6.2825e-06,1.1639e-05,8.8806e-06,1.5299e-06,1.0416e-05,1.3859e-05,8.065e-06,3.3625e-06,2.18e-06,4.3892e-06,4.148e-06,4.6728e-06,1.0399e-05,1.0846e-05,8.6662e-06,8.6141e-06,1.3936e-05,1.5343e-05,3.3899e-06,1.1779e-05,9.4837e-06,1.0033e-05,3.6984e-06,2.9637e-07,6.6656e-07,6.0162e-06,1.1142e-05,9.3511e-06,8.6327e-06,8.0169e-06,7.8366e-06,7.3886e-06,1.2612e-05,1.8756e-05,1.1926e-05,3.1963e-06,3.6072e-06,5.6265e-06,1.1511e-05,8.0268e-06,2.3274e-06,1.0042e-05,1.4131e-05,6.4513e-06,1.0899e-05,4.771e-06,4.6814e-06,1.0341e-06,5.1355e-06,1.0161e-05,1.1459e-05,7.7247e-06,1.0404e-05,4.3297e-06,8.4417e-06,1.0533e-05,6.7908e-06,6.478e-06,1.0036e-05,6.3921e-06,1.2739e-05,8.3587e-06,2.8525e-05,2.3727e-05,2.2285e-05,3.2763e-05,3.3499e-05,2.5095e-05,2.3986e-05,1.8131e-05,2.0846e-05,8.0297e-06,1.3679e-05,1.1089e-05,2.8095e-06,6.058e-06,5.4702e-06,1.1594e-05,1.7444e-05,1.7615e-05,1.1839e-05,1.1589e-05,1.6083e-06,1.8907e-05,3.0416e-05,1.775e-05,1.718e-05,2.2324e-05,1.4412e-05,2.1597e-05,2.3986e-05,3.1309e-05,1.7284e-05,2.814e-05,3.0853e-05,1.4535e-05,5.1272e-06,1.9399e-05,1.8928e-05,1.3628e-05,1.888e-05,2.1488e-05,2.0758e-05,3.2669e-05,2.8723e-05,2.2931e-05,1.0646e-05,1.3004e-05,3.3434e-05,3.723e-05,1.8951e-05,1.2735e-05,8.355e-06,1.5643e-05,1.3521e-05,6.69e-06,3.2072e-06,9.0222e-06,2.1116e-05,1.7358e-05,6.0692e-05,6.8369e-05,1.5971e-05,2.1473e-05,1.1202e-05,6.548e-06,6.7289e-06,8.3761e-06,2.2213e-06,1.1037e-05,1.3084e-05,1.9229e-05,1.7114e-05,1.0888e-05,8.594e-06,1.4308e-05,1.8404e-05,1.7575e-05,1.29e-05,3.5573e-06,1.0448e-05,1.4007e-05,1.552e-05,1.1078e-05,9.3357e-06,7.3386e-06,9.7533e-06,3.4632e-06,1.62e-05,1.6218e-05,1.3728e-05,1.2858e-05,1.0137e-05,3.1667e-06,8.0805e-06,1.4418e-05,1.3811e-05,1.2611e-05,1.4441e-05,1.3678e-06,6.3948e-06,5.1562e-06,5.912e-06,4.4468e-06,1.2968e-05,6.9668e-06,6.2755e-06,3.3333e-06,4.3363e-06,9.7045e-06,4.7432e-06,7.0389e-06,1.1397e-05,5.4736e-06,4.1049e-06,5.7227e-06,5.6798e-06,4.893e-06,1.9165e-05,2.4029e-05,2.1502e-05,1.0917e-05,1.4745e-05,2.1043e-05,3.0044e-05,6.3962e-05,0.00012423,0.00010001,7.5823e-05,3.991e-05,3.9064e-05,2.5085e-05,4.3761e-06,2.9834e-06,1.1436e-05,1.0177e-05,4.3073e-06,8.9778e-06,1.6143e-05,2.0757e-05,1.5552e-05,9.8964e-06,8.8082e-06,6.8651e-06,1.4905e-06,5.1516e-06,2.8493e-06,2.8172e-06,8.4976e-06,7.2285e-06,7.8032e-06,1.3041e-05,8.2218e-06,2.8907e-06,5.8647e-06,5.416e-06,5.0195e-06,4.5402e-06,8.2147e-06,4.8836e-06,5.116e-06,7.2009e-06,4.9981e-06,8.1413e-06,4.9275e-06,5.8689e-06,6.7274e-06,6.7143e-06,1.0036e-05,7.9579e-06,6.9618e-06,1.2019e-05,1.4456e-05,1.0056e-05,1.7192e-06,6.5878e-06,1.8044e-05,1.2764e-05,8.7272e-06,6.3498e-06,7.9146e-06,9.3585e-06,9.737e-06,4.1327e-06,5.7542e-06,4.6462e-06,1.084e-05,3.7242e-06,5.5614e-06,8.4424e-06,1.1029e-05,1.4102e-05,1.6505e-05,1.1922e-05,3.0659e-06,1.5738e-05,1.3128e-05,3.9664e-06,4.7704e-06,1.2363e-05,5.1105e-06,1.9646e-05,7.877e-06,1.7028e-05,2.621e-05,2.2652e-05,1.0157e-05,1.53e-05,1.794e-05,5.8681e-06,7.165e-06,7.2162e-06,3.0756e-06,1.5394e-05,1.6895e-05,1.193e-05,8.3727e-06,8.1026e-06,1.516e-05,1.3678e-05,1.1938e-05,7.8337e-06,5.5608e-07,2.5458e-06,2.3521e-06,7.7779e-06,7.7467e-06,9.0575e-06,1.7148e-05,3.6417e-06,8.4082e-06,4.1447e-06,2.3288e-05,3.4581e-05,2.4324e-05,1.2854e-05,1.2034e-05,5.5919e-06,3.8971e-06,4.9681e-06,3.1069e-06,1.1256e-05,2.0647e-05,1.9674e-05,1.8334e-05,2.5595e-05,1.5512e-05,4.4172e-06,8.6385e-06,1.1083e-05,2.2913e-05,8.0393e-06,1.7613e-05,2.2402e-05,1.2894e-05,2.8267e-05,5.7332e-05,4.5838e-05,2.8449e-05,1.6284e-05,1.0515e-05,1.6272e-06
0.0012205,0.0013404,0.0012308,0.0010053,0.00074296,0.00045688,0.00024516,0.00033571,0.0003569,0.00028215,0.00039014,0.00041143,0.00034573,0.00019401,5.9058e-05,0.00026779,0.00035771,0.00031052,0.00013465,0.00020752,0.00034264,0.00027617,0.00014927,0.00014235,0.00028129,0.00049977,0.00060411,0.00051293,0.00043836,0.0005676,0.00064892,0.00055769,0.00035782,0.00014535,0.00013979,0.00035201,0.0004312,0.00036926,0.0002728,0.00024593,0.00031645,0.00032682,0.000307,0.00029013,0.00030295,0.00033899,0.00031909,0.00026953,0.00022619,0.00018405,0.00017366,0.00015595,0.00014621,0.00016909,0.00016048,0.00015628,0.00013123,0.00011029,8.4558e-05,0.00023502,0.000224,0.0002869,0.00026116,0.00018153,0.00016829,0.0013393,0.0015773,0.0016745,0.0016378,0.0014902,0.0011693,0.00074975,0.00042646,0.00035285,0.00061041,0.00086743,0.00097283,0.0009052,0.00081007,0.0014167,0.0020824,0.0021765,0.0020062,0.0019266,0.0016171,0.00084723,0.00052355,0.00081601,0.00084263,0.00099548,0.00087853,0.0010505,0.0016344,0.0015455,0.0010806,0.0011697,0.0012172,0.00084203,0.00047244,0.00040077,0.00027182,0.00027513,0.00045875,0.00054726,0.00049275,0.00039625,0.00032675,0.0002503,0.00019438,0.00013572,9.8723e-05,6.3823e-05,0.0001106,0.00018379,0.00022837,0.00027053,0.00032409,0.00033069,0.00029618,0.0002318,0.00021668,0.00027506,0.00038335,0.00044486,0.00039749,0.00032138,0.00025898,0.00025515,0.00018712,7.6278e-05,0.0024044,0.0028096,0.002715,0.0021956,0.0016289,0.0013966,0.0013264,0.0010473,0.00071817,0.0010306,0.0012102,0.00098429,0.0012488,0.0010945,0.0012234,0.0017292,0.0015328,0.0013253,0.0011592,0.00096787,0.00056746,0.00018088,8.1308e-05,0.00032002,0.0007851,0.0011302,0.0012853,0.0012968,0.0011721,0.00085969,0.00067213,0.00061006,0.000638,0.00079872,0.00085335,0.00073056,0.00061843,0.00066154,0.00077266,0.00071396,0.00055087,0.00023808,6.1438e-05,0.00010472,0.00018969,0.00033891,0.00045409,0.00043697,0.000357,0.00032492,0.0003759,0.00043177,0.00045382,0.00046681,0.00046329,0.00049447,0.00051371,0.00060201,0.00075806,0.00076485,0.00080059,0.00070758,0.00062948,0.00038791,8.7294e-05,0.0017062,0.0020092,0.0019531,0.001608,0.0012181,0.00097264,0.00077763,0.00052998,0.00026143,0.00013759,0.00024837,0.00027845,0.00016294,0.00014918,0.00026975,0.00046108,0.00056185,0.00042877,0.00033599,0.00043123,0.0004376,0.00029475,0.00012856,0.00014924,0.00017105,0.00013928,0.00018521,0.00022052,0.00027754,0.00023619,5.9658e-05,0.00016068,0.00022672,0.00021662,0.00032446,0.00033845,0.00016076,5.3412e-05,0.00017738,0.00017679,9.4816e-05,5.8035e-05,4.3627e-05,6.673e-05,9.9527e-05,0.00011632,9.4395e-05,8.4249e-05,7.3012e-05,6.9294e-05,8.689e-05,0.00012305,0.00017467,0.00017844,0.00013752,7.5779e-05,9.712e-05,0.00011653,0.00011022,8.5317e-05,0.00025287,0.00019097,8.4291e-05,0.00020645,0.00025318,0.0026784,0.0031135,0.003178,0.003232,0.0032413,0.0027162,0.0017158,0.00079875,0.00052171,0.00078321,0.00098149,0.00090466,0.00038188,0.00076592,0.0020357,0.0026333,0.0021844,0.0012656,0.0014296,0.0016112,0.00068865,0.00060624,0.001155,0.00072715,0.00051856,0.0009397,0.001035,0.0010592,0.0012097,0.0013521,0.0011961,0.00084208,0.00065601,0.00045355,0.00035746,0.00056191,0.00051602,0.00021755,0.00019228,0.00026645,0.00012854,0.00022074,0.0003313,0.00032838,0.00050997,0.00067983,0.00064812,0.00040765,0.00028366,0.00028888,0.00013954,0.00016011,0.00039359,0.00042213,0.00030137,0.00018353,0.00010526,0.00016583,0.00037438,0.00047747,0.00048061,0.00063807,0.00080633,0.00073141,0.00051458,0.0023,0.0026846,0.0025781,0.0022419,0.002388,0.0025336,0.0019737,0.00085483,0.00058822,0.0015618,0.0020239,0.00176,0.00012462,0.0026858,0.0042277,0.0032003,0.0011979,0.00045861,0.0010124,0.00060255,0.001001,0.0018017,0.0016375,0.0014907,0.003277,0.0042524,0.0041408,0.0035775,0.0033251,0.0027607,0.0017618,0.0011467,0.0011435,0.0011563,0.0016157,0.0018425,0.0011562,0.00040232,0.00092077,0.00088553,0.00057255,0.00055542,0.00042413,8.5305e-05,0.00032053,0.00040798,0.00022051,0.00020064,0.00037231,0.00029977,7.4335e-05,0.00021287,0.00024633,0.00025637,0.00031644,0.00022883,0.00015327,0.00024052,0.00028916,0.00032907,0.00034043,0.00019076,0.00017258,0.00041138,0.00042632,0.0011503,0.0012719,0.0011828,0.00094041,0.00072287,0.00063663,0.00052348,0.0003174,0.00015116,0.00039767,0.00054909,0.00049498,0.00025634,0.00052404,0.00086285,0.00080926,0.00052138,0.00038677,0.00056277,0.00055764,0.00035704,0.00020965,0.00019873,0.00021496,0.00030315,0.00032046,0.00022116,0.00016408,0.00032162,0.00055089,0.0006698,0.00060112,0.00036044,0.00022875,0.00030774,0.00034046,0.00031938,0.00031064,0.00025031,0.000149,0.00020131,0.00025358,0.00019515,0.00015234,0.00016315,0.00017848,0.00010848,3.7036e-05,9.541e-06,8.4265e-05,0.00014547,9.5727e-05,1.8696e-05,4.9879e-05,3.0371e-05,4.0074e-05,7.7617e-05,8.6378e-05,6.3805e-05,9.9933e-05,5.7865e-05,3.7431e-05,3.0105e-05,4.8403e-05,2.3955e-05,0.0014659,0.0015158,0.0010726,0.00039171,0.00041572,0.00078343,0.00075747,0.0004487,0.0001852,0.00028522,0.00071555,0.0011089,0.0013479,0.0015863,0.0015458,0.0012867,0.0015684,0.0019453,0.0021299,0.001709,0.00088403,0.00081573,0.0011174,0.0011313,0.0008519,0.00029136,0.0011127,0.0015704,0.0013457,0.0019957,0.0026382,0.0023511,0.0013341,0.00053655,0.00063018,0.00087036,0.0010061,0.00092199,0.00068933,0.0004064,0.00070949,0.0010364,0.00097397,0.00063194,0.00032949,0.0002711,0.00013965,0.00021991,0.00035452,0.00032686,0.00030618,0.00039747,0.00045158,0.00042873,0.00041601,0.00036486,0.00032576,0.00028238,0.0003546,0.00042632,0.00053126,0.0005641,0.00054503,0.00072943,0.00054995,0.0025621,0.0027342,0.0024661,0.0018529,0.0011984,0.00077316,0.00065336,0.0008135,0.0010146,0.0010519,0.0012254,0.0017217,0.001509,0.0017663,0.0024438,0.0019169,0.0019747,0.0024008,0.0024297,0.001779,0.00069144,0.00021608,0.00034937,0.0010993,0.0019456,0.0020726,0.0017813,0.0015192,0.0019764,0.0029361,0.0031871,0.0025176,0.0015207,0.0012035,0.0010821,0.00081753,0.00072212,0.00068644,0.00051713,0.0001879,0.00058184,0.00092683,0.00081225,0.00043207,0.00020509,0.00038101,0.00049191,0.00042681,0.00015936,0.00018865,0.00037005,0.00037719,0.00023001,1.8467e-05,0.00015681,0.00015643,0.00024682,0.00040237,0.00051491,0.00056604,0.00039202,0.0002819,0.00047719,0.00063476,0.00063749,0.0013927,0.0016282,0.0015904,0.0013276,0.0010515,0.00091195,0.00078609,0.0005728,0.00028374,0.00020993,0.00034573,0.00031806,0.00030464,0.00031356,0.00030571,0.00064527,0.00074688,0.00052451,0.00042112,0.00052544,0.00050695,0.00028457,7.2601e-05,6.5155e-05,7.6398e-05,3.7501e-05,0.00012846,0.00018393,6.2347e-05,0.00029812,0.00058386,0.00060511,0.00038607,9.5453e-05,0.00015838,0.00029576,0.00031761,0.00020816,9.2209e-05,8.8303e-06,0.00010367,0.00013958,0.00013084,0.00010868,0.00014594,0.00015855,0.00010762,3.663e-05,0.00017436,0.00022436,0.00019872,0.00015813,0.00011519,6.4588e-05,5.8681e-05,0.00010182,0.00013964,7.1842e-05,7.8519e-05,9.7123e-05,0.00013036,0.00010897,0.00010932,0.00023506,0.00020582,0.0020432,0.0024287,0.0023968,0.0018208,0.00089391,0.00064321,0.0010503,0.00099545,0.00056724,0.00027683,0.00042449,0.00055182,0.00089288,0.0012926,0.0012075,0.00055373,0.00040774,0.0010974,0.0016321,0.0015492,0.00090905,0.00061946,0.0011036,0.00091225,0.00033498,0.00040716,0.00053166,0.00048434,0.00052043,0.00074979,0.00093333,0.00081156,0.00055351,0.00038384,0.00029656,0.00049319,0.00057569,0.00034661,9.6427e-05,0.00033024,0.00041001,0.00030361,8.2707e-05,0.00016543,0.00018357,0.00010052,0.00012684,0.00025059,0.00028951,0.00024483,0.00021921,0.00032959,0.00039905,0.0003167,0.00022031,0.0002824,0.00033134,0.00035019,0.00028509,0.00011358,0.00024201,0.00013078,0.00011953,8.074e-05,7.6168e-05,0.0024122,0.0027241,0.0024631,0.001769,0.0011871,0.00095527,0.00082824,0.00093636,0.00074293,0.00067384,0.0014364,0.0020072,0.0025814,0.0017682,0.00081169,0.0028589,0.002841,0.0018074,0.00086257,0.0011826,0.0012755,0.00086379,0.00093746,0.0010095,0.00074646,0.00058996,0.00066698,0.00071771,0.00035272,0.00042352,0.00096817,0.00068794,8.11e-05,0.00049228,0.00083096,0.0015038,0.001758,0.0013893,0.00079308,0.00050164,0.00054109,0.00047979,0.0002682,0.00018756,0.00023034,0.0003667,0.00046906,0.0005049,0.00042728,0.0002992,0.00031868,0.00048805,0.00053553,0.00043389,0.00033355,0.00027269,0.00029473,0.00043216,0.00042893,0.0005581,0.00047755,0.00028135,0.00023752,0.00012095,0.00029302
0.0028636,0.0048747,0.0034503,0.0022096,0.0013782,0.0010808,0.00051697,0.0027231,0.0027253,0.0016472,0.0034437,0.0034675,0.0019271,0.0010669,0.00093214,0.0011325,0.0013228,0.0029423,0.0022153,0.0017819,0.0017747,0.0012838,0.0013309,0.0015795,0.0019373,0.0024454,0.0024211,0.0022323,0.0024307,0.0025466,0.0014979,0.0013392,0.0022381,0.0023852,0.0017486,0.0013612,0.000606,0.00032994,0.00018772,0.0010585,0.0019893,0.0023064,0.0020713,0.0015782,0.001037,0.00031603,0.00056725,0.0013533,0.0018467,0.0020768,0.0021898,0.0024103,0.0019427,0.00062722,0.00051816,0.00071472,0.0010044,0.0013662,0.0014871,0.0022291,0.0028708,0.0025488,0.0020739,0.0023599,0.0022912,0.0019499,0.00088977,0.0021517,0.0027829,0.0031445,0.0023429,0.00080752,0.00081937,0.0025443,0.0029354,0.0014678,0.00091351,0.0029793,0.0034506,0.0020712,0.0010058,0.0014805,0.0028758,0.0017793,0.0014756,0.0032143,0.0030444,0.0022415,0.0024126,0.0015245,0.0018713,0.0020962,0.0019254,0.0016174,0.0008584,0.0018934,0.0029207,0.0041426,0.0033316,0.0038269,0.0045428,0.0037228,0.0025567,0.0014538,0.0011219,0.0020196,0.003295,0.0045134,0.0048067,0.0035241,0.001898,0.0016943,0.0014987,0.0013389,0.001235,0.0024202,0.002493,0.0020455,0.0014708,0.0012188,0.0016851,0.0023293,0.0028907,0.0033217,0.0040353,0.004623,0.0036026,0.0035331,0.0039295,0.0024029,0.00039765,0.00041039,0.0011032,0.0012118,0.0010236,0.0013508,0.0023063,0.0014466,0.00067224,0.00063878,0.0015962,0.0013447,0.00043114,0.00048244,0.0012607,0.0023393,0.0016654,0.00081404,0.0011823,0.0013328,0.00088303,0.0013448,0.0033831,0.003493,0.0026983,0.0020312,0.0017575,0.00083743,0.001046,0.0015303,0.0016636,0.0012099,0.0010136,0.00033494,0.0029537,0.0031768,0.0028445,0.0051236,0.0053892,0.002957,0.0025508,0.0027394,0.0019987,0.0013938,0.00050918,0.003246,0.0037581,0.0023933,0.0021793,0.0026496,0.0022409,0.0027949,0.0032015,0.0021916,0.00092985,0.0010247,0.00032505,0.0014077,0.0022266,0.0019972,0.0026834,0.0040782,0.004597,0.0045372,0.0040539,0.00012303,0.00018159,5.1867e-05,0.00044201,0.00069728,0.00069648,0.00010557,0.00061089,0.00080434,0.0006599,0.00020377,0.00034144,0.00013976,0.00024845,0.00034266,3.8257e-05,0.00078358,0.00074913,0.00032121,0.00043626,0.0007026,0.00041616,0.00064909,0.00060194,0.00037498,0.00033644,0.00062152,0.00093596,0.00068517,0.00087378,0.00064974,0.00068735,0.00068889,0.00028392,0.00069458,0.00021235,0.00057502,0.0011524,0.00028967,0.00043126,0.00033187,0.00061851,0.00045524,0.00018183,0.0002451,0.00040858,0.00061729,0.00065822,0.0005581,0.00022075,0.00029667,0.00035007,0.000409,0.00049572,0.00040737,0.00061111,0.00080524,0.00079146,0.00079627,0.0012265,0.0017724,0.0018143,0.0010145,0.0003902,0.00021181,0.0015207,0.00022898,0.00045095,0.0007465,0.0019917,0.0033711,0.0028255,0.0030997,0.0033127,0.0010637,0.0010222,0.00082481,0.0023094,0.0020921,0.00045639,0.0012947,0.0025724,0.0014716,0.0036066,0.0025971,0.0028723,0.0013882,0.0024759,0.0030111,0.0025125,0.0024433,0.0022432,0.0018607,0.0022074,0.001944,0.0014244,0.0021617,0.0039975,0.003057,0.0020898,0.0018019,0.0016019,0.0013362,0.001805,0.0016654,0.0015209,0.0014203,0.0017436,0.0025358,0.0025931,0.0039795,0.0030646,0.00029315,0.0017539,0.0016769,0.0023267,0.0032752,0.003333,0.0038061,0.0039571,0.0036906,0.0028675,0.00078562,0.0041473,0.0036413,0.0038891,0.0066198,0.0064851,0.0044116,0.0047702,0.00042355,0.0010974,0.00090649,0.00017846,0.00069208,0.0014221,0.00057223,0.0011094,0.00065202,0.00059638,0.00056505,0.00092429,0.00094192,0.0009943,0.0011499,0.00040382,0.00099991,0.00061874,0.00043192,0.0008166,0.00050788,0.00059554,0.00058424,0.0011379,0.0011829,0.00092348,0.002097,0.0016792,0.001255,0.00087173,0.0016851,0.0016677,0.0011573,0.0010371,0.00053144,0.00046651,0.00052552,0.00038129,0.0011953,0.0013962,0.001425,0.00058067,0.0013344,0.0015591,0.00071206,0.0015748,0.0030938,0.0028948,0.0020651,0.00058928,0.0011612,0.0016772,0.001638,0.002238,0.0030195,0.0034729,0.0050483,0.0048717,0.0033401,0.0031196,0.0015601,0.00054579,0.0010468,0.0014401,0.0025435,0.00046069,0.0003333,0.00037017,0.00041427,0.00076138,0.00068904,0.00045892,0.00074307,0.0010983,0.0010503,0.00048323,0.00044707,0.00062771,0.000407,9.1261e-05,0.00016226,0.00049611,0.00011653,0.00046021,0.00041076,0.0002734,0.00055734,0.00096633,0.00105,0.00033111,0.00022722,0.00073675,0.00070794,0.00066686,0.00043806,0.00026565,0.00064412,0.0001529,0.0003526,0.0010933,0.0013445,0.0012913,0.00098888,0.00071707,0.00054245,0.00064302,0.00018352,0.00077336,0.00061807,0.00060695,0.000866,0.0011206,0.0010627,0.0014606,0.0011669,0.00037377,0.00023405,0.00030213,0.00083433,0.0011337,0.0010203,0.00046205,0.00060381,0.00054087,0.00067089,0.0014624,0.0017886,0.0014864,0.0013901,0.0011323,0.0010363,0.0018626,0.00062202,0.00087392,0.0004665,0.00082255,0.00094303,0.001179,0.0014753,0.0016422,0.001708,0.0014538,0.0023252,0.0014776,0.00042988,0.0012932,0.0010006,0.0015356,0.0013875,0.0035299,0.0024918,0.002226,0.0027537,0.0015271,0.002138,0.0017674,0.0011357,0.0020303,0.002837,0.0035841,0.0044061,0.0018796,0.00039759,0.00056186,0.0021006,0.0013519,0.0017689,0.0025348,0.0013553,0.0019252,0.0045196,0.0035614,0.0026505,0.0041846,0.0034526,0.00077988,0.00029948,0.0006911,0.0013955,0.002376,0.0016703,0.0019698,0.0014082,0.0017988,0.0027435,0.0016046,0.0024167,0.0028915,0.0014296,0.0018362,0.0034248,0.0026899,0.0012389,0.00019499,0.0028607,0.00086031,0.0017606,0.0013471,0.00123,0.0013581,0.0011152,0.00047641,9.3294e-05,0.00051813,0.00050686,0.00069723,0.0017149,0.001168,0.00049593,0.0012047,0.001902,0.0024814,0.0016166,0.001377,0.0014164,0.00093053,0.002658,0.0030513,0.0020084,0.0013585,0.00092957,0.00076942,0.0012169,0.002403,0.00086538,6.2324e-05,0.0012698,0.0021629,0.0035954,0.0036274,0.0040159,0.0041268,0.0034642,0.0020137,0.0011102,0.0020093,0.0014912,0.0022121,0.0022292,0.0019812,0.0029035,0.003647,0.0038738,0.00283,0.0016255,0.00086658,0.0013505,0.0011167,0.0028928,0.0035203,0.0020019,0.00072142,0.0023113,0.0025709,0.0032753,0.004415,0.0037635,0.0029321,0.0043835,0.0038999,7.9431e-05,0.00015386,0.00030806,0.00028594,0.0003333,0.0002647,0.00012671,0.00015786,0.00025411,0.0004087,0.00023069,0.00049849,0.00027107,2.7916e-05,0.00021125,0.00061177,0.00047225,0.00080147,0.0012021,0.00081001,0.00093668,0.00052872,0.00029039,0.0005496,0.0010957,0.00099636,0.00069751,0.00050528,0.00018121,0.00033894,0.00071618,0.00057616,0.00046135,0.00020655,0.00064563,0.00074598,0.00059323,0.00070001,0.0006199,0.00067916,0.00079856,0.00085874,0.00075258,0.0011853,0.0012852,0.00051053,2.6146e-05,0.00046476,0.00022789,0.0007069,0.00098391,0.0015196,0.0011439,0.00063929,0.00034447,0.00035425,0.00051688,0.00077122,0.00083843,0.00079241,0.0010328,0.0011839,0.00024587,0.0012065,0.0015858,0.0018333,0.0027623,0.0031873,0.0022627,0.0020955,0.002364,0.0021757,0.0024647,0.00084334,0.0023264,0.0032884,0.0015462,0.0034195,0.0027983,0.001184,0.001174,0.0032941,0.0037873,0.0021338,0.004537,0.004157,0.0028331,0.0025942,0.0037359,0.0044958,0.0026157,0.0010032,0.0031252,0.0026716,0.0009886,0.0012815,0.0020091,0.0034476,0.0047876,0.0037988,0.0030921,0.0036587,0.0030672,8.1108e-05,0.0028203,0.003764,0.0036735,0.0038915,0.0037898,0.0026049,0.00079277,0.0025936,0.00083998,0.001532,0.00046925,0.0027145,0.0027891,0.0024857,0.002106,0.0024992,0.0041625,0.0039963,0.002993,0.0042161,0.0043626,0.004753,0.0041828,0.0033726,0.0033812,0.0016445,0.00035712,0.00080359,0.0011177,0.0010798,0.00090481,0.00077342,0.00093059,0.001068,0.0010985,0.00073238,0.0015305,0.0011011,0.00047018,0.00040109,0.00069614,0.00037831,0.00016837,0.00066459,0.00062782,0.0011036,0.00049988,0.00080976,0.00059616,0.0012483,0.0016689,0.00023816,0.0012132,0.0012775,0.00037808,0.0011539,0.0013291,0.0007268,0.0010396,0.00077648,0.0014331,0.001272,0.0014089,0.0017107,0.0018474,0.0015852,0.0026215,0.00090194,0.0017556,0.0022441,0.0027374,0.0029765,0.0014153,0.0014533,0.0013875,0.001012,0.0021896,0.0022191,0.0011341,0.0029834,0.00055621,0.0025085,0.002806,0.0012555,0.002233,0.002626,0.0033183,0.0027372,0.0016463,0.003718,0.0049572
0.0047814,0.0051179,0.0038136,0.0038206,0.0061188,0.0052852,0.0045464,0.0062957,0.0057205,0.0055252,0.0053895,0.0034228,0.0030409,0.0021621,0.0018718,0.00080175,0.0012541,0.0004732,0.00055791,0.0012647,0.0012247,0.0014423,0.00085413,0.00012167,0.001251,0.0019238,0.0022505,0.0017084,0.00044304,0.00052112,0.0011662,0.0018459,0.0018744,0.00085282,0.00016259,0.00083313,0.001805,0.0020585,0.0014106,0.0013752,0.00084186,0.0016877,0.0023655,0.0028147,0.0014626,0.0013442,0.0025052,0.0021261,0.0025168,0.0011117,0.0017243,0.0016016,0.0004112,0.0011411,8.8889e-05,0.0017812,0.0014205,0.0019974,0.0024194,0.0012373,0.0013917,0.00024531,0.00044848,0.00042071,0.0011891,0.0024377,0.0054221,0.0084536,0.011795,0.014392,0.01638,0.01817,0.019152,0.02041,0.020572,0.019689,0.019353,0.017227,0.012646,0.0094076,0.0064779,0.0052414,0.0034462,0.0033595,0.00033889,0.0017506,0.0011377,0.00080796,0.0014853,0.0014856,0.0016445,0.0015105,0.00085715,0.00081157,0.0010402,0.0012488,0.00056262,0.00027396,0.0006797,0.0019672,0.0023668,0.00090709,0.0019205,0.00082192,0.00086678,0.00065579,0.00073144,0.00099485,0.00087557,0.00085422,0.0016284,0.00052509,0.0018476,0.0019127,0.00072759,0.0014509,0.00051576,0.00036743,0.0016008,0.0024448,0.0024566,0.0016834,0.0010988,0.00042468,0.00097988,0.0012685,0.0016482,0.0016886,0.0033208,0.0016587,0.004835,0.0053142,0.0077776,0.008993,0.0098352,0.0088215,0.0087981,0.0077105,0.0070133,0.0060181,0.0052408,0.0037743,0.0013752,0.0015001,0.0014798,0.0016445,0.0016699,0.0013114,0.00094727,0.00099445,0.00096963,0.0013091,0.00047718,0.00049159,0.0010418,0.0011731,0.0010201,0.0015065,0.0010511,0.001149,0.0010683,0.0014424,0.0013045,0.001668,0.0024415,0.0046311,0.0042633,0.0032466,0.0026463,0.0016775,0.0019821,0.0024037,0.0029357,0.0017702,0.0012507,0.003312,0.0043951,0.0031099,0.0035809,0.0024767,0.001573,0.0027538,0.0019071,0.0034098,0.0010836,0.0029623,0.0017157,0.00091903,0.0029046,0.0033348,0.0010673,0.0039028,0.0031767,0.0012794,0.00057132,0.0027869,0.0028119,0.003611,0.0040886,0.0042208,0.0035161,0.0033626,0.0038406,0.0049341,0.0055515,0.0046588,0.0045851,0.0039221,0.0034476,0.0016226,0.0021336,0.0011296,0.00075104,0.0010401,0.00032104,0.00032221,0.00034226,0.00037829,0.00038468,0.0002074,0.00043363,0.00076982,0.00078072,0.00026192,0.00040715,0.00060358,0.00064139,0.000324,0.00012922,0.0004292,0.00039414,0.00091835,0.00084154,0.00046098,0.00092539,0.00046979,0.0010349,0.0013802,0.0012857,0.0017315,0.0019372,0.0012522,0.00050436,0.00060256,0.00063686,0.00075927,0.00080241,1.7061e-05,0.00038541,0.0014471,0.0016372,0.0012288,0.00014519,0.0013755,0.00076987,0.0013249,0.0018521,0.0004525,0.0012018,0.001371,0.013565,0.016076,0.017417,0.020628,0.023902,0.024598,0.02523,0.023785,0.021388,0.02074,0.020497,0.020974,0.016014,0.013191,0.011803,0.0038078,0.0055231,0.0029634,0.0018899,0.0024016,0.00014829,0.00084056,0.0015538,0.0019107,0.0021096,0.00094686,0.0011086,0.00048461,0.0005722,0.0012584,0.0019878,0.001415,0.0011725,0.0021462,0.0018347,0.00051818,0.00046579,0.001149,0.0014722,0.0018708,0.0018621,0.0011218,0.00113,0.0016686,0.0010355,0.0014183,0.0010862,0.0010795,0.00097081,0.00050344,0.0016817,0.0015879,0.001452,0.0017279,0.0015687,0.0011367,0.0016866,0.0022071,0.0012915,0.0017674,8.689e-05,0.0024248,0.0024933,0.00072856,0.0023446,0.0043619,0.0052885,0.0068546,0.0064532,0.0032216,0.0019377,0.0011827,0.0013317,0.0021533,0.0018963,0.00079275,0.001725,0.002452,0.0013518,0.00060612,0.001586,0.0013534,0.0012079,0.0010718,0.00059838,0.00041484,0.00071616,0.0011426,0.00078755,0.0012502,0.0014763,0.0005084,0.0016213,0.0010136,0.0011304,0.0025237,0.0036274,0.0016194,0.0012426,0.00029779,0.0030148,0.0030017,0.0026051,0.0019194,0.00064146,0.0011188,0.0012596,0.00096716,0.00037906,0.002441,0.002879,0.0013752,0.00084975,0.0011504,0.002399,0.0011342,0.0017767,0.0023032,0.0023575,0.0023472,0.0027979,0.0027635,0.0036096,0.0038044,0.0024698,0.0005406,0.0030005,0.0025414,0.00084489,0.00095935,0.0030851,0.003183,0.0028489,0.0029315,0.0039337,0.0039887,0.0038335,0.0034603,0.0028673,0.0029746,0.0025164,0.002556,0.0023218,0.0017059,0.0017585,0.0017177,0.00049591,0.0013357,0.00058682,0.00052376,0.00044461,0.00037652,0.00073926,0.0006895,0.00062044,0.0005106,0.0006394,0.0004854,0.00036051,0.00071348,0.00031479,0.000664,0.0002175,0.00031461,0.00044771,0.00054705,9.7668e-05,0.00036091,0.00035249,0.00027024,8.5108e-05,0.00028252,0.00053815,0.00051571,0.00064048,0.00028096,0.00031894,0.00017211,5.3915e-05,0.00034248,0.00056081,0.00032419,0.00056365,0.001147,0.0010227,0.00064451,0.00032138,0.00053381,0.00022555,0.00089764,0.0011042,0.00054918,0.0001697,0.00067719,0.00068369,0.0092225,0.011163,0.012753,0.012869,0.013725,0.013013,0.011842,0.012294,0.009748,0.007876,0.0051433,0.004833,0.0048874,0.0044944,0.0060204,0.0050802,0.0033755,0.0046379,0.00067513,0.0029661,0.00063172,0.001052,0.00030385,0.00038942,0.0012558,0.0025467,0.0019144,0.0029175,0.0014156,0.00029316,0.0010438,0.0016758,0.0028554,0.00079411,0.0011791,0.0012963,0.00036121,0.00024354,0.0011558,0.0019399,0.0015593,0.00049231,0.00086728,0.0014036,0.0022043,0.0021534,0.0013437,0.0024344,0.00243,0.0002287,0.0011224,0.0016944,0.0010777,0.00096555,0.00081532,0.00077041,0.0014573,0.0013317,0.001637,0.0023326,0.0013313,0.0023144,0.00096229,0.00080638,0.00020101,0.0097434,0.010174,0.0082824,0.0073723,0.0070605,0.0057142,0.0054014,0.0037145,0.0026419,0.0021947,0.0014687,0.00067699,0.0022583,0.0026492,0.0020719,0.0012319,0.00074589,0.00093802,0.001668,0.00093108,0.0017884,0.00114,0.001015,0.0015093,0.0012145,0.0003586,0.0006833,0.0013099,0.0010769,0.0012494,0.0016271,0.00097471,0.0024885,0.0027867,0.0018893,0.001683,0.0019138,0.0020424,0.0013971,0.0015528,0.0009521,0.0010758,0.00039341,0.0020785,0.0036267,0.003198,0.0017297,0.0016569,0.00061681,0.0005369,0.00050532,0.0011689,0.00088011,0.00060606,0.0014055,0.0010365,0.00028644,0.0010738,0.0008625,0.00065259,0.00043703,0.0009935,0.0016595,0.0015181,0.00011603,0.0032708,0.0030548,0.0029836,0.0031546,0.0032485,0.0038786,0.0036632,0.0040106,0.004772,0.0057563,0.0057247,0.0042343,0.0029822,0.0030296,0.002152,0.00043537,0.0014603,0.00092225,0.00029275,0.00057096,0.00057193,0.00025719,0.00072867,0.00093898,0.00034302,4.8951e-05,0.00032285,0.00094513,0.00095448,0.00099627,0.001349,0.00071311,0.00052621,0.00087058,0.001388,0.0014423,0.00049735,0.00091954,0.0010903,0.0012474,0.00086924,0.0011745,0.0017909,0.0021479,0.0013258,0.00062927,0.0013604,0.00069818,0.00075466,0.00091132,0.00065108,0.0002521,0.00092546,0.0017033,0.0016901,0.0011563,0.00077434,0.00075384,0.00053093,0.00088201,0.00028642,0.00079744,0.00039965,0.0012698,0.0001581,0.019161,0.021421,0.022073,0.022145,0.021185,0.018089,0.015141,0.015316,0.015844,0.015464,0.01704,0.017606,0.017777,0.015039,0.012549,0.0079314,0.0077768,0.0045746,0.0030746,0.0012352,0.0024449,0.00088538,0.001493,0.00074874,0.0015261,0.001572,0.001863,0.001451,0.00068946,0.0014783,0.0022298,0.0018906,0.0018464,0.0016104,0.0017757,0.0011584,0.002593,0.0022053,0.0015736,0.00018598,0.0013115,0.0016932,0.0010374,0.0014564,0.0023636,0.0020991,0.0022265,0.0018165,0.0025146,0.0023625,0.0021612,0.0029441,0.002949,0.0032952,0.0037743,0.0049169,0.0042701,0.0032041,0.0036642,0.0042397,0.0039659,0.0037153,0.0032197,0.0032736,0.0035044,0.0056444,0.0063464,0.0061734,0.003771,0.0035262,0.0033874,0.0021349,0.0019531,0.0030236,0.0021974,0.00051475,0.0006961,0.00050464,0.00080739,0.00034878,0.00093174,0.00086053,0.0010278,0.0020144,0.0014221,0.00043892,0.0010238,0.0021918,0.0023298,0.002062,0.0015045,0.0010054,0.0014136,0.0018601,0.0029116,0.0015957,0.001236,0.0026294,0.004094,0.0028899,0.0041228,0.0043592,0.0033734,0.0023507,0.0032218,0.0018086,0.00089705,0.0015688,0.00091624,0.0016213,0.0022065,0.0036199,0.0015102,0.00056452,0.0020069,0.0038182,0.0034855,0.0031757,0.0017406,0.00061155,0.00093792,0.0010148,0.0012954,0.0014965,0.0014025,0.0010865,0.0018129,0.0036305,0.0035106,0.0028167
0.00029178,0.00051504,0.00090691,0.0012146,0.00085775,0.0026919,0.0021596,0.0022281,0.0027975,0.0011141,0.00041349,0.0014785,0.0019238,0.0015194,0.0015269,0.0011051,0.0015945,0.002096,0.0019279,0.0038749,0.0050891,0.0018443,0.0039621,0.0055224,0.0068266,0.011754,0.0098882,0.0045178,0.0053338,0.0079014,0.012572,0.013583,0.011468,0.0085854,0.0025819,0.0064381,0.0030525,0.0034562,0.0010828,0.00162,0.00033069,0.0013413,0.00046287,0.00048993,0.0014541,0.0015046,0.0029524,0.0029705,0.0034568,0.0025833,0.0010932,0.0011065,0.00088681,0.00054188,0.0012952,0.0012799,0.0014881,0.0010661,0.0024273,0.002325,0.0024961,0.0024074,0.0024364,0.0034643,0.0012119,0.0016258,0.0011739,0.0034285,0.0032288,0.00077983,0.0024691,0.0027819,0.0033253,0.003059,0.0034511,0.0020324,0.0012484,0.0050207,0.0084513,0.012474,0.019372,0.030965,0.019295,0.012416,0.005723,0.011411,0.019996,0.012203,0.015396,0.018115,0.010722,0.0087027,0.009894,0.0042429,0.008315,0.023659,0.020788,0.0067143,0.02266,0.013642,0.0048303,0.0054398,0.0030086,0.00013968,0.0013316,0.0010837,0.001187,0.0018891,0.00056396,0.00090776,0.0020906,0.0016222,0.0010945,0.0006923,0.001261,0.00022025,0.00093653,0.00078911,0.0025922,0.0023772,0.00097178,0.001203,0.00058144,0.0016385,0.00073348,0.001525,0.001501,0.0021287,0.00014148,0.0015445,0.00093403,0.0025066,0.0011945,0.00096506,0.0011769,0.0017315,0.0023129,0.0022176,0.00013269,0.0013985,0.0016413,0.0022649,0.0026487,0.0012472,0.0012271,0.0025445,0.0058184,0.005708,0.0014721,0.0047721,0.0079442,0.0091311,0.0038626,0.0066641,0.018345,0.023142,0.018401,0.014894,0.0053765,0.010322,0.018999,0.016678,0.006098,0.015595,0.014582,0.0042184,0.0060852,0.0018692,0.0029365,0.0027279,0.0023482,0.0012458,0.0023573,0.0021251,0.0011274,0.0013578,0.0030096,0.0041551,0.0046818,0.0022934,0.003322,0.0057083,0.0031017,0.0018824,0.001158,0.0025061,0.0035916,0.0023939,0.0026992,0.0038052,0.0011605,0.0015319,0.0015374,0.0022834,0.003037,0.00029507,0.00037333,0.0009608,0.00070784,0.00034617,0.00018178,0.00053154,0.0016719,0.00088111,0.00064334,0.00036133,9.2183e-05,0.0011223,0.00055932,0.0011441,0.0026308,0.0054533,0.0022603,0.002426,0.0040445,0.0040673,0.0042497,0.0051667,0.011612,0.01234,0.0079595,0.0036055,0.0066378,0.0096431,0.011222,0.025272,0.030497,0.024604,0.010228,0.0068076,0.0071058,0.0058052,0.00053776,0.0036411,0.0013201,0.002035,0.0013106,0.00069231,0.00048189,0.0010724,0.001477,0.00135,0.00019446,0.0016777,0.0011812,0.001492,0.0017523,0.0012755,0.0015324,0.00099589,0.0013154,0.00062441,0.00099404,0.00077276,0.0004064,0.0012887,0.0023667,0.0021979,0.0022025,0.00077549,0.001976,0.00068683,0.00055004,0.00052083,0.0007107,0.0020403,0.0014048,0.0020601,0.001997,0.00054362,0.0013521,0.0018096,0.0024331,0.0060551,0.012519,0.034677,0.075936,0.063118,0.017127,0.0053966,0.002922,0.029109,0.056887,0.054899,0.044623,0.045627,0.027052,0.014797,0.032152,0.036399,0.039818,0.031481,0.024562,0.023257,0.020884,0.0080171,0.0036815,0.0042122,0.0022231,0.0034905,0.0020488,0.0012373,0.002023,0.0023147,0.001056,0.0019113,0.0016934,0.0032232,0.0015348,0.0012336,0.0021564,0.0023391,0.0014732,0.0011446,0.00072171,0.0008861,0.0018988,0.00071847,0.0024908,0.002139,0.0007773,0.00085909,0.00094196,0.0017797,0.0014954,0.0010021,0.00093227,0.0017687,0.0015144,0.00068602,0.00037005,1.42e-05,0.00077961,0.0023872,0.0020675,0.0009339,0.00091049,0.0010073,0.00045303,0.002138,0.0011977,0.0064185,0.0040703,0.0010445,0.0014654,0.005422,0.0073344,0.0096998,0.011128,0.016455,0.033559,0.047434,0.035704,0.013996,0.010891,0.02295,0.022537,0.015459,0.0061238,0.0048839,0.0011499,0.00064121,0.0022721,0.001757,0.00068378,0.0024242,0.00047544,0.0027795,0.0028193,0.0016693,0.0021022,0.0020124,0.0015852,0.0015229,0.0021278,0.0028402,0.0014665,0.0016506,0.002671,0.0011095,0.00069041,0.00075047,0.001233,0.0013697,0.0023124,0.0022671,0.0033934,0.001616,0.0011335,0.0028827,0.0010386,0.0017686,0.0013016,0.00036213,0.00085193,0.00040194,0.00075054,0.00070371,0.0012564,0.001326,0.00026954,0.0022731,0.002922,0.00062009,0.0010266,0.0025194,0.0046321,0.0012431,0.0018613,0.0059314,0.0046575,0.0048439,0.0065201,0.007122,0.0096049,0.0058048,0.0099094,0.010446,0.015425,0.016095,0.024359,0.028076,0.015079,0.010983,0.016129,0.0084924,0.0070173,0.0023158,0.00077672,0.0035589,0.0028661,0.0030577,0.0030207,0.0001896,0.0026638,0.0025542,0.0021739,0.0022024,0.0024844,0.0016107,0.0026103,0.001765,0.0016229,0.0012866,0.00053103,0.0018014,0.0018909,0.0005138,0.0011561,0.00052904,0.0011084,0.00092154,0.0010194,0.001892,0.0014304,0.0039503,0.002523,0.0024795,0.0030022,0.0013822,0.0016475,0.0035273,0.0042055,0.0015606,0.00010396,0.0046352,0.0087175,0.0083042,0.0028286,0.009958,0.031121,0.05172,0.016307,0.015373,0.018581,0.026307,0.02853,0.021826,0.0564,0.074889,0.023284,0.038671,0.020452,0.061354,0.11015,0.13576,0.15706,0.10347,0.056557,0.076624,0.038879,0.028712,0.013095,0.011841,0.014387,0.015336,0.010224,0.014778,0.0049659,0.0063415,0.0059659,0.0076894,0.0069897,0.009031,0.0063321,0.0067341,0.0069113,0.0070823,0.0083455,0.010306,0.007753,0.0051097,0.006892,0.0071811,0.006563,0.0043666,0.0045751,0.0055525,0.0047779,0.0026905,0.0019923,0.0036932,0.0068589,0.0054098,0.0042839,0.0031114,0.0052041,0.0061533,0.0054393,0.0032913,0.0029265,0.0067582,0.0054134,0.0052405,0.0065225,0.0055311,0.0063441,0.0035065,0.0078852,0.011953,0.0061081,0.026208,0.023386,0.015138,0.01567,0.028719,0.055358,0.029922,0.025954,0.070078,0.091849,0.10651,0.086749,0.04016,0.039606,0.038364,0.019068,0.0091495,0.0077912,0.015369,0.0096378,0.0072334,0.005924,0.0046778,0.012818,0.0079787,0.0035339,0.0069728,0.009035,0.0090632,0.0087918,0.0083724,0.0034291,0.0033988,0.0061387,0.0031555,0.0011291,0.0034441,0.0071112,0.0056478,0.0049742,0.0058548,0.0027944,0.0069009,0.0072299,0.00075357,0.00049354,0.0010285,0.000247,0.0008625,0.00088591,0.0014845,0.0010763,0.00012557,0.00046645,0.00094476,0.00063441,0.0004015,0.0017445,0.0015804,0.0048865,0.0054179,0.0049903,0.0014143,0.0022872,0.0037833,0.00096232,0.00386,0.0063651,0.0073395,0.00496,0.0055133,0.002373,0.0023945,0.002355,0.015746,0.025754,0.022664,0.017975,0.0098506,0.0068829,0.0071055,0.0010314,0.0049715,0.00013692,0.0012132,0.002862,0.0030771,0.0014403,0.00020192,0.00062909,0.00050957,0.00093768,0.0013374,0.0017417,0.00091758,0.0013693,0.0014116,0.001288,0.00042824,0.0014015,0.0004459,0.00070733,0.00072991,0.0015116,0.00050403,0.001839,0.0022034,0.0016486,0.0009423,0.0030953,0.0021648,0.00062575,0.0010369,0.0035419,0.0038025,0.0029521,0.0028674,0.0055686,0.0062782,0.00042087,0.0035058,0.0078665,0.014817,0.018207,0.045404,0.061013,0.043165,0.030051,0.0294,0.03078,0.038002,0.027319,0.024338,0.071139,0.094948,0.093664,0.071068,0.038412,0.033145,0.067149,0.074733,0.055422,0.040221,0.027982,0.011132,0.011265,0.0075486,0.0020941,0.0030521,0.0023944,0.0063879,0.0055845,0.0045312,0.0061633,0.0023045,0.0029237,0.0018664,0.0030062,0.0016828,0.001766,0.0010002,0.0031076,0.0037045,0.0041425,0.0036947,0.003022,0.0031353,0.0030713,0.002397,0.0011879,0.00098057,0.001053,0.00067849,0.0026756,0.00061207,0.00027412,0.00084402,0.00085247,0.0022647,0.00078417,0.0025503,0.0017309,0.0010243,0.0005899,0.0017923,0.0020655,0.0022743,0.0026699,0.0026094,0.0071933,0.010631,0.0059529,0.0041841,0.0035833,0.0048227,0.011124,0.012885,0.021985,0.025861,0.023191,0.032399,0.029732,0.013129,0.022997,0.025512,0.023797,0.0040683,0.040952,0.037824,0.017902,0.018732,0.0097188,0.0063195,0.0047772,0.0064913,0.0058178,0.0052988,0.0072228,0.0057101,0.0062079,0.0035331,0.0049527,0.0018938,0.0041173,0.0017528,0.0030592,0.0015743,0.0045727,0.0034549,0.00077089,0.00062538,0.00089624,0.0016366,0.00092935,0.0012881,0.0025507,0.0034295,0.0017367,0.00088871
0.0015632,0.0043423,0.0033355,0.00073253,0.0025218,0.0030118,0.0030032,0.0023444,0.0044644,0.0041652,0.0011853,0.00085304,0.0017728,0.0032744,0.0034892,0.0029417,0.001045,0.00064367,0.0025188,0.0027975,0.002363,0.0042457,0.0049246,0.0033407,0.0028859,0.00048243,0.0049146,0.0036075,0.0027458,0.0033017,0.0017738,0.0039142,0.0041235,0.0043667,0.00023114,0.0054009,0.0052762,0.0050754,0.0066476,0.0051227,0.006995,0.0032619,0.0017394,0.0044318,0.0023976,0.00093123,0.0012441,0.00061529,0.0015127,0.0044926,0.004165,0.0013506,0.0026706,0.00162,0.00077631,0.0020482,0.0029492,0.0021222,0.00045213,0.0019565,0.002518,0.0031247,0.0025622,0.001314,0.0011655,0.0018938,0.0045894,0.0070426,0.0055782,0.0051427,0.0099815,0.01227,0.0084784,0.0045811,0.0033286,0.0054793,0.0030933,0.0024394,0.0062521,0.0074403,0.0072301,0.0034571,0.0022519,0.0047749,0.0033218,0.0037728,0.0040696,0.0035996,0.0058824,0.008665,0.0074359,0.0051618,0.0046535,0.0044521,0.0067143,0.0072151,0.0053623,0.0041874,0.0073464,0.011471,0.01084,0.0027152,0.011083,0.010838,0.0071521,0.010234,0.0067566,0.0042633,0.012179,0.011675,0.0026176,0.0014526,0.0028711,0.00418,0.0036232,0.0035623,0.0025479,0.0026438,0.0046218,0.0049413,0.0034561,0.0064108,0.010395,0.008505,0.0042174,0.0036416,0.0027264,0.0012719,0.0016895,0.0019204,4.436e-05,0.00050414,0.00042078,0.00026936,0.0003831,0.0011348,0.0014577,0.0011582,0.00046013,0.00050699,0.00083956,0.00048393,0.0013068,0.0014981,0.0018708,0.0031551,0.0029523,0.0020794,0.0027211,0.00055719,0.0020795,0.0022602,0.0028495,0.0031465,0.0018993,0.00056705,0.0020809,0.0021413,0.0014647,0.0014016,0.0022136,0.0032318,0.0033875,0.0022444,0.0053821,0.0040863,0.0071243,0.0093469,0.0085642,0.0068085,0.015036,0.012362,0.0046142,0.0014392,0.0029184,0.0022577,0.00046727,0.001014,0.00087352,0.00096825,0.00052243,0.00084577,0.00044957,0.0008501,0.0020309,0.0021052,0.0013948,0.0062636,0.0071048,0.006209,0.0039179,0.0022859,0.0033587,0.0015875,0.0013529,0.0010546,0.0011277,0.00045331,0.00030351,0.0012141,0.0016214,0.0013876,0.00031259,0.00034303,0.0011522,0.0011231,0.00099414,0.0010328,0.00079363,0.00017853,0.00035185,0.00041352,0.0012995,0.0011864,0.00071705,0.0012607,0.0017105,0.0016272,0.0017341,0.0013648,0.00083624,0.0003274,0.00062978,0.00047967,0.0012151,0.0018478,0.0028997,0.0042715,0.0019624,0.0031272,0.0064805,0.0012979,0.037848,0.054735,0.023241,0.009082,0.012644,0.0045053,0.0017849,0.0013328,0.0026766,0.0021274,0.00098922,0.00029161,0.00072396,0.00082228,0.00050752,0.0016964,0.0014242,0.0009182,0.0011131,0.0026691,0.0036189,0.0031803,0.0020297,0.0031683,0.0055744,0.004788,0.0042428,0.0029006,0.00074322,0.00069192,0.00079235,0.00048049,0.0018867,0.0024594,0.0025674,0.00075811,0.0011297,0.0022949,0.0019757,0.0014652,0.00041799,0.00056337,0.0018943,0.00086278,0.0013544,0.0017916,0.003673,0.0030648,0.0014046,0.00051807,0.0013035,0.0016632,0.0019401,0.0027632,0.0023351,0.0018322,0.0037267,0.0066933,0.0085662,0.024276,0.046785,0.039657,0.020846,0.010298,0.02129,0.019139,0.013116,0.0083095,0.0038869,0.003213,0.0025953,0.0038061,0.003004,0.0030282,0.0033071,0.0045012,0.0035446,0.0025026,0.0031504,0.0031416,0.0022815,0.0023547,0.0016647,0.00078337,0.0015742,0.0017,0.0041409,0.003208,0.0018428,0.0029209,0.0028997,0.0028122,0.0016143,0.0014857,0.0019611,0.0011467,0.00060645,0.00076462,0.00086194,0.00088188,0.00049683,0.00088931,0.0012813,0.0007277,0.00064336,0.00041784,0.00096651,0.00086826,0.0015713,0.001443,0.0010863,0.00085834,0.000263,0.00035471,0.0010623,0.0019808,0.0017906,0.0016859,0.0021372,0.0038164,0.0055199,0.0072148,0.003699,0.0033186,0.010955,0.024349,0.02567,0.011142,0.012172,0.011155,0.0053585,0.0075723,0.0030951,0.00111,0.0025416,0.0035909,0.0068292,0.0049679,0.0016297,0.0036031,0.0017297,0.0015123,0.0025778,0.00083583,0.00091252,0.00062587,0.00039749,0.0012099,0.0019806,0.00057963,0.0013169,0.00090734,0.0016917,0.0028603,0.0022986,0.0017136,0.0012775,0.002507,0.0013681,0.0016004,0.0018484,0.0018565,0.003206,0.0026807,0.0023414,0.0023236,0.0018894,0.0033732,0.0036761,0.0024291,0.0014021,0.00084191,0.0019452,0.0023924,0.0012913,0.0014459,0.0033948,0.0036943,0.0025549,0.00065658,0.0011392,0.0023836,0.0021175,0.0016043,0.0018726,0.0028697,0.0033601,0.0019068,0.0021057,0.0020027,0.0027587,0.0074195,0.0073853,0.0020369,0.0033206,0.011865,0.015535,0.0087075,0.0055603,0.006283,0.0057862,0.0036756,0.0037641,0.0060364,0.0049007,0.00097137,0.0025232,0.0042488,0.0028326,0.00084949,0.0011579,0.0018168,0.0015802,0.0033712,0.0040548,0.0051377,0.0042316,0.0036013,0.0050886,0.0041362,0.00055328,0.001937,0.00064253,0.0074888,0.006469,0.0024517,0.0055456,0.0057574,0.0041786,0.0042914,0.001551,0.0060042,0.0067239,0.00556,0.00078763,0.004317,0.0055009,0.001228,0.0014891,0.0031459,0.00090812,0.00074257,0.0036612,0.0048491,0.0034399,0.0026715,0.0062938,0.0064292,0.0060388,0.0069551,0.0062097,0.0049682,0.0063765,0.0066351,0.0093879,0.0098493,0.015423,0.007117,0.018036,0.017118,0.038331,0.057967,0.038075,0.015283,0.0080719,0.008975,0.005579,0.0067019,0.0080529,0.0071031,0.0072974,0.0062524,0.010037,0.0085656,0.0041308,0.0063175,0.0059477,0.0054244,0.0047314,0.0040466,0.004228,0.0065701,0.0064958,0.0085098,0.0059383,0.0055312,0.0053328,0.0040108,0.00099894,0.0011022,0.002196,0.0012306,0.0036388,0.0025246,0.0082792,0.0057542,0.0015372,0.010068,0.015102,0.010498,0.0037282,0.0039614,0.0053495,0.0043912,0.0078849,0.0048507,0.0028841,0.0068119,0.010355,0.007752,0.0037547,0.0043479,0.0065724,0.0052222,0.005618,0.0073809,0.0082247,0.007431,0.0068089,0.00941,0.01019,0.016094,0.011014,0.049736,0.053598,0.082275,0.11225,0.06462,0.017627,0.01003,0.011654,0.0054833,0.0088116,0.010838,0.0073447,0.0038464,0.0034577,0.0011791,0.00048112,0.0018287,0.0036652,0.0010413,0.0018208,0.0040121,0.0057517,0.00071554,0.0036353,0.0037055,0.010898,0.0061499,0.018149,0.029588,0.0099406,0.0010086,0.001339,0.00060167,0.0019394,0.0018435,0.0010984,0.0015276,0.0014016,0.0024858,0.0016547,0.0013751,0.0017661,0.0019719,0.0018973,0.0030367,0.0032016,0.001721,0.0023741,0.0039064,0.0037923,0.0040351,0.0047738,0.0043588,0.0026876,0.0029441,0.0029608,0.0013194,0.002414,0.0038193,0.004214,0.0047219,0.0048774,0.0034684,0.0076654,0.012832,0.010352,0.0019994,0.023398,0.033476,0.005409,0.017763,0.013479,0.0062323,0.0025213,0.0022791,0.0033647,0.0027134,0.0022603,0.00076978,0.00064823,0.00094648,0.0014037,0.0018,0.00424,0.004379,0.0030979,0.0018783,0.00097031,0.0036027,0.0048148,0.0041967,0.005794,0.007642,0.0077785,0.004943,0.0023451,0.00099215,0.0018494,0.0043041,0.0028018,0.0033158,0.0023413,0.00072982,0.00063101,0.0012307,0.0013214,0.0020523,0.0031577,0.0024936,0.0012151,0.0020288,0.0032352,0.004051,0.0036617,0.002507,0.00082572,0.0014448,0.0015171,0.0019933,0.0011629,0.0039012,0.0053711,0.0042893,0.0024855,0.0016617,0.0037482,0.0024884,0.0034286,0.0037892,0.0051003,0.0090459,0.0033757,0.0033917,0.017194,0.023706,0.01893,0.0064579,0.0054929,0.0015607,0.0010917,0.0036709,0.0035414,0.0024731,0.00088184,0.004031,0.004126,0.0049854,0.0022495,0.00072218,0.0016386,0.0010441,0.0015132,0.0017912,0.0022703,0.00099183,0.0046955,0.0049687,0.0055397,0.0038014,0.0031184,0.0017187,0.0031495,0.0023721,0.0017669,0.0021486,0.0022083,0.00074198,0.0010162,0.00078654,0.0026919,0.0025834,0.0012016,0.0013534,0.0024691,0.0019846,0.0010759,0.00072358,0.0012603,0.0024475,0.00244,0.0014956,0.00061347,0.0015769,0.00075497,0.0019701,0.00071679,0.0019561,0.0022431,0.0024761,0.0065244,0.008506,0.0097769,0.01291,0.020917,0.043967,0.051515,0.052183,0.033834,0.057698,0.066461,0.039054,0.015237,0.012608,0.0044414,0.0031656,0.0047816,0.0032335,0.0036947,0.0044143,0.0054728,0.0024066,0.0030206,0.0024361,0.001175,0.003712,0.0032349,0.0031219,0.0055362,0.0048047,0.005838,0.008554,0.011132,0.012535,0.011039,0.0097158
0.001905,0.0015814,0.0018184,0.0015498,0.00071247,0.00027389,0.0013981,0.0023221,0.0015013,0.00046476,0.0011505,0.0010108,0.00073647,0.00044018,0.0014187,0.0016271,0.0014806,0.0023523,0.002534,0.0021518,0.00092771,0.00044615,0.00061479,0.00079253,0.00052317,0.00029337,0.0010205,0.0016237,0.010329,0.015461,0.0032175,0.0099458,0.0074792,0.007184,0.002646,0.0003139,0.00025634,0.00059102,0.0011614,0.001798,0.0018014,0.0013095,0.0013197,0.00069208,0.0013675,0.00072516,0.0002792,0.00051915,0.0015554,0.00046769,0.00091142,0.00099335,0.0023608,0.00081131,0.0022621,0.0015746,0.00071077,0.00097553,0.0006886,0.00032887,0.00062908,0.0015543,0.0019695,0.0014922,0.0012063,0.0017306,0.0014493,0.0012523,0.0020914,0.0018314,0.0012318,0.0010406,0.00055915,0.00156,0.0014458,0.001213,0.001656,0.002176,0.0016616,0.00041312,0.00048565,0.002171,0.0014167,0.00037344,0.0014158,0.00096518,0.0032347,0.0026883,0.00097488,0.0021407,0.0066125,0.0069989,0.0027057,0.0036127,0.0074518,0.023479,0.018833,0.015675,0.021703,0.0056025,0.0022699,0.00064004,0.00080542,0.00035282,0.00048874,0.0011387,0.0011323,0.00095836,0.0025595,0.0027129,0.0023142,0.00081901,0.00098682,0.00132,0.00045987,0.0023074,0.001797,0.00091216,0.000263,0.00099071,0.00083953,0.00073193,0.00061195,0.00042246,0.0010926,0.00047555,0.00035771,0.00087522,0.00052388,0.00081842,0.00027108,0.0010066,0.0026941,0.0036503,0.002973,0.0021299,0.0008217,0.00054958,0.0010779,0.00213,0.0015799,0.00069013,0.0010647,0.0011294,0.00075914,0.00099167,0.0013937,0.0017275,0.00095213,0.00058864,0.00050139,0.00031525,0.00051916,0.0010538,0.001615,0.0082982,0.011478,0.0041682,0.0056121,0.0059177,0.010944,0.013037,0.015581,0.019137,0.003487,0.0012938,0.0014518,0.0005194,0.00085865,0.00091032,0.001475,0.00077098,0.0017412,0.0013727,0.001015,0.00016456,0.00038461,0.001753,0.0026387,0.0010378,0.00065822,0.0014592,0.002005,0.0019536,0.0019129,0.0020876,0.0020475,0.0019722,0.0014727,0.0013749,0.0019448,0.00092007,0.0032249,0.0029874,0.00053396,0.0002404,0.00066371,0.00055122,3.3689e-05,0.00012435,0.00032592,0.00061065,0.0011244,0.0003484,0.0022804,0.0017154,0.0018955,0.0028459,0.0023959,0.0011607,0.00077456,0.00012682,0.00011425,0.00020523,0.00055816,0.00025217,0.0011698,0.0016195,0.0011798,0.0001653,0.0052918,0.0087165,0.0047829,0.0053916,0.012325,0.033883,0.042985,0.02029,0.012474,0.0051424,0.00051445,0.00065373,0.00059888,0.00079562,0.00090796,0.00083846,0.0013734,0.0013361,0.0016095,0.00041127,0.00080076,0.001186,0.00059451,0.00092388,0.0004181,4.1529e-05,0.00076408,0.00056143,0.00088104,0.0014385,0.0008626,0.00086149,0.00095573,0.0005066,0.00034324,0.00060514,6.0312e-05,0.00085162,0.00055091,0.0010728,0.00053503,0.00033073,0.00092645,0.00094669,0.0011154,0.00096234,0.0023875,0.0024404,0.0021642,0.0016414,0.0010552,0.0010092,0.0021603,0.0020749,0.0021728,0.0012448,0.00071418,0.0013567,0.0016741,0.0019265,0.0018477,0.0027583,0.0036104,0.0019049,0.00025235,0.03931,0.076202,0.036049,0.024355,0.057638,0.029771,0.0202,0.00089676,0.013753,0.0051041,0.0023669,0.00062819,0.0017635,0.0010419,0.0012466,0.001038,0.0018375,0.0014747,0.00094312,0.00067573,0.00060624,0.00034076,0.001477,0.0017699,0.0014559,0.0006644,0.00082392,0.0016051,0.0011207,0.0010937,0.0013728,0.0015473,0.0013089,0.0017702,0.0019987,0.00016574,0.00047815,0.00059919,0.00039145,0.00074653,0.0005788,0.0001568,0.00040389,0.00057092,0.0010055,0.0019042,0.0024692,0.00053405,0.0016784,0.0020915,0.0006562,0.0016772,0.0022167,0.0030018,0.0021197,0.0012523,0.0025624,0.001768,0.00070024,0.00077431,0.00041484,0.0011556,0.0019433,0.0020158,0.00097955,0.010097,0.021264,0.0090329,0.0204,0.044395,0.023379,0.01747,0.0098949,0.0028607,0.0032168,0.0015811,0.0012821,0.0013323,0.0028184,0.0014938,0.00044897,0.00045961,0.0024423,0.0031021,0.0010423,0.0025674,0.0046285,0.0035028,0.0028491,0.0029061,0.0010209,0.00041186,0.0010987,0.0011992,0.0011028,0.0004736,0.00047701,0.00072564,0.00064728,0.00095483,0.00092733,0.000834,0.0012561,0.00021414,0.00043892,0.00094626,0.00045987,0.00043616,0.00048073,0.00041232,0.00022584,0.00036987,0.00045949,0.00081506,0.00065083,0.0012786,0.0020477,0.001681,0.00063318,0.00068112,0.0017716,0.0013767,0.0010836,0.0002796,0.0013744,0.0015868,0.0014446,0.0016966,0.0020193,0.005392,0.011093,0.0081033,0.0065365,0.013385,0.018095,0.033292,0.032976,0.009027,0.0015054,0.0028217,0.001485,0.00059996,0.001506,0.0020226,0.0024869,0.0012057,0.0010285,0.00095443,0.0003346,0.00082982,0.00044549,0.00041225,0.0018243,0.0013921,0.0018955,0.0017851,0.0020317,0.0013664,0.00089955,0.00088999,0.00077135,0.00066081,0.00075142,0.0022495,0.0011272,0.00010398,0.00088602,0.0013208,0.00071977,0.00048965,0.0030576,0.00056369,0.003445,0.0015199,0.0013603,0.0024679,0.0029626,0.0020745,0.0036353,0.0060847,0.0034448,0.0052374,0.0045954,0.0018084,0.0045218,0.0034245,0.005302,0.0061233,0.0027535,0.0079453,0.0044864,0.0051251,0.0099468,0.0039884,0.010895,0.010534,0.014072,0.020351,0.014985,0.12106,0.2291,0.17625,0.011325,0.031876,0.021249,0.012308,0.0080644,0.0084198,0.0051446,0.0068733,0.0048708,0.0042153,0.0051328,0.0043291,0.0053205,0.0048192,0.002026,0.001447,0.0020221,0.0020949,0.00078761,0.002786,0.0034309,0.0027603,0.0019067,0.0012646,0.0013106,0.0019031,0.0029932,0.0009786,0.002628,0.0019561,0.0019813,0.00093563,0.00025166,0.0005518,0.00159,0.002618,0.0024465,0.0013048,0.00042225,0.00072284,0.0011019,0.0028559,0.01151,0.0083686,0.0017631,0.0017192,0.0017158,0.0018604,0.0019646,0.0019428,0.0021189,0.002593,0.0027884,0.0023846,0.0037834,0.0029419,0.0049071,0.0077295,0.010126,0.0019108,0.011386,0.027419,0.073966,0.15389,0.11945,0.008971,0.010865,0.0064085,0.0099741,0.004673,0.0045933,0.0024825,0.0053978,0.0031432,0.0033416,0.0034643,0.0031399,0.0012371,0.0038543,0.00097395,0.0028346,0.0034537,0.0017983,0.002205,0.0067636,0.0049864,0.0042234,0.00096786,0.0023056,0.0031217,0.00050697,0.0040043,0.0047074,0.0036747,0.0015981,0.00071884,0.001063,0.0031704,0.00027352,0.0004868,0.00038238,0.00045913,0.00058757,0.00079905,0.00093319,0.00035198,0.0010337,0.0012703,0.00044592,0.0011114,0.0024156,0.0016295,0.00063409,0.00065078,0.0011288,0.00051209,0.00015214,0.00017529,0.00052612,0.00090136,0.00087391,0.0003861,0.00021478,0.0014598,0.0035516,0.0022253,0.001929,0.0056042,0.016901,0.025745,0.016897,0.014337,0.0095743,0.0011172,0.00042683,0.00041617,0.00057123,0.00061084,0.00056883,0.00026176,0.00076087,0.0010498,0.00031568,0.00024945,0.0014752,0.001853,0.0009978,0.00040564,0.00012641,0.00044065,0.00035336,0.00028957,0.00039446,0.00031817,0.00061892,0.00060986,0.00083032,0.00036735,0.0008241,0.001257,0.00075938,0.0016387,0.0014503,0.0014396,0.0018794,0.001543,0.0011551,0.0020058,0.0025382,0.0028142,0.0017737,0.0013165,0.002489,0.0011683,0.00053917,0.0011987,0.0024612,0.003951,0.0055467,0.0025439,0.0018466,0.0010238,0.0028165,0.0016704,0.0031237,0.0037621,0.0064585,0.0065546,0.0093094,0.013131,0.010824,0.075279,0.18069,0.11148,0.023966,0.0167,0.0078693,0.0024595,0.0043147,0.0058546,0.0042532,0.0037579,0.00092986,0.00071953,0.0016026,0.0014355,0.0020212,0.0015585,0.0016519,0.0021696,0.002334,0.001839,0.0012814,0.0017616,0.0016804,0.00088401,0.0016859,0.0015288,0.00068005,0.00036455,0.0015248,0.001418,0.0020748,0.0029003,0.001382,0.0027943,0.0035503,0.0012453,0.00031154,0.00031338,0.00041763,0.00046703,0.00046422,0.00048494,0.00080204,0.0015836,0.0012606,0.0020554,0.0010631,0.0022642,0.0046614,0.0031148,0.001734,0.0013333,0.00072158,0.00098643,0.0011211,0.00015916,0.00013406,0.00081553,0.000564,0.00031811,0.00073637,0.0092376,0.019609,0.0090655,0.019641,0.050959,0.018521,0.040757,0.024693,0.007077,0.0061744,0.0027006,0.0018003,0.00052176,0.001044,0.00024782,0.00061458,0.0017217,0.003779,0.003278,0.0015853,0.0022738,0.0042613,0.0030115,0.0012571,0.0012162,0.0021929,0.0012603,0.0013028,0.0018577,0.0013393,0.00098226,0.00065732,0.00084521,0.00059457,0.00095995,0.00082614,0.00075127,0.00034656,0.0011925,0.0023615
0.0010769,0.00071609,3.1494e-05,0.0015272,0.0014268,0.0022211,0.0021132,0.002868,0.0012227,0.0016367,0.0028526,0.0029383,0.0010062,0.0015243,0.0022604,0.0014051,0.0026924,0.0022057,0.0018358,0.00085683,0.0010541,0.0014081,0.00089697,0.001692,0.0025888,0.0015873,0.0016973,0.0014246,0.0040067,0.0003205,0.0040877,0.0060191,0.013361,0.01227,0.011471,0.011251,0.0060827,0.0023425,0.0011689,0.00089109,0.001048,0.00090879,0.00058021,0.00087706,0.0014133,0.0025382,0.0015371,0.0016454,0.00071062,0.0013257,0.0012904,0.0011192,0.0016734,0.0012759,0.0011275,0.0031379,0.0033148,0.0026036,0.001672,0.0016811,0.0027357,0.0034442,0.0033868,0.0031358,0.0014062,0.0021005,0.0014425,0.0011597,0.00031932,0.0015235,0.0016361,0.002665,0.0020253,0.0021963,0.0027206,0.0022291,0.0010352,0.00078123,0.0013626,0.0014117,0.002486,0.0019953,0.00090242,0.00032716,0.0008802,0.0017084,0.0012955,0.0025154,0.0038835,0.0027971,0.0018277,0.0023546,0.002713,0.0028596,0.0047784,0.0042968,0.0052262,0.0054624,0.011551,0.0066328,0.0064512,0.0057825,0.0026302,0.0018326,0.0023205,0.0020642,0.0021238,0.0014424,0.0010483,0.0012984,0.0016895,0.0009061,0.0011835,0.0012433,0.00047937,0.0015141,0.002375,0.0015505,0.0014716,0.0020136,0.0011472,0.0013522,0.0013125,0.0027018,0.0027452,0.0036723,0.00026545,0.0019114,0.0016792,0.003081,0.0037229,0.0025032,0.0020798,0.002454,0.0023097,0.0012197,0.00087139,0.0018236,0.001055,0.00049666,0.00099315,0.00044747,0.00078183,0.00074319,0.0010323,0.00049458,0.00069383,0.00036369,7.2542e-05,0.00044331,0.00016754,0.00056161,0.00098051,0.00068602,0.0018177,0.00077129,0.0031215,0.0026001,0.002829,0.0036328,0.0035649,0.0010298,0.0077868,0.01579,0.0062132,0.012004,0.01038,0.0026717,0.00041669,0.0013011,0.0010103,0.00028788,0.0013806,0.001969,0.0009635,0.00080785,0.00071763,0.0008986,0.00046564,0.00099714,0.00064975,0.00039037,0.00045566,0.00035128,0.00046372,0.00026444,0.00044545,0.00081291,0.0004148,0.00030162,0.0012862,0.0020337,0.00092662,0.0011107,0.00027461,0.00049842,0.00091827,0.0012849,0.0016582,0.0012989,0.00040061,0.00093918,0.00090979,0.00012169,0.00060756,0.00075147,0.00047688,0.00027594,0.00070304,0.00043784,0.00019507,0.00039793,0.00040059,0.00020441,0.00037456,0.00011885,0.00044376,0.00056429,0.00073186,0.00028461,0.00070401,1.9974e-05,0.002088,0.0019458,0.0067861,0.0053812,0.0057738,0.016772,0.01899,0.045992,0.044563,0.020243,0.0061785,0.0024785,0.00079728,0.00042445,0.00091015,0.000438,0.00079495,0.00086565,0.0003156,0.00041685,0.00075155,0.00030017,0.00036401,0.00036061,0.00030652,0.00043989,0.00065676,0.00041932,0.00019843,0.00076313,0.00082174,0.00045709,0.00082648,0.0010219,0.00084371,0.0010791,0.00099926,0.00084785,0.0022003,0.0016802,0.0019603,0.0018544,0.0013456,0.001524,0.0011816,0.00052938,0.0012905,0.0019708,0.0015996,0.002727,0.0029924,0.0022396,0.001105,0.001282,0.0018658,0.0022969,0.0031644,0.00081026,0.0023095,0.00081612,0.0024895,0.00036188,0.003491,0.0015562,0.0090994,0.016328,0.019943,0.062003,0.053175,0.020525,0.03982,0.040382,0.020789,0.0049479,0.0041984,0.0033167,0.0020991,0.0020901,0.0016308,0.001867,0.001988,0.0023436,0.0015912,0.00029961,0.00078993,0.0001479,0.0014816,0.0018286,0.00091606,0.0009299,0.0015818,0.0010718,0.0023097,0.0025767,0.0016602,0.0011315,0.0021216,0.00103,0.00024062,0.00098797,0.00113,0.0025953,0.0025665,0.00040371,0.0005701,0.00088367,0.0011562,0.00027619,0.0012832,0.001178,0.00089482,0.00053707,0.00029039,0.00059118,0.0015374,0.0013379,0.00070942,0.0002655,0.00020495,0.00055062,0.00052855,0.0012916,0.001149,0.00076791,0.00071726,0.00077447,0.00065658,0.0020612,0.0045517,0.0042816,0.0070506,0.011471,0.014076,0.022921,0.013643,0.018079,0.014006,0.0092584,0.0096377,0.0076358,0.0045029,0.0031608,0.002888,0.0022715,0.00083843,0.00094256,0.00063319,0.0002366,0.0012761,0.0008685,0.00046483,0.0014964,0.00081636,0.00035442,0.00047147,0.00069633,0.00066337,0.00047905,0.00037962,0.00023933,0.00056997,0.001447,0.0020124,0.0034097,0.0029271,0.0054246,0.0061844,0.0030587,0.0020629,0.00043685,0.00047108,0.00099108,0.0010327,0.0015665,0.0016784,0.00097275,0.00051297,0.0017638,0.0028589,0.0022373,0.001866,0.0018413,0.0020473,0.0020837,0.00217,0.0019222,0.0022348,0.002828,0.0036483,0.0039513,0.0041019,0.0047257,0.0040054,0.0020904,0.0019597,0.0023797,0.0073857,0.015531,0.0070739,0.008362,0.013179,0.019992,0.035094,0.024258,0.007781,0.0070294,0.0056499,0.0033658,0.0035072,0.0039561,0.0045866,0.0042555,0.0021377,0.0010907,0.001568,0.0018814,0.00093721,0.0016526,0.00085134,0.0011295,0.0016078,0.0012783,0.00040429,0.0012626,0.00086127,0.00084842,0.0011292,0.0012722,0.00053857,0.0011618,0.0016779,0.0023275,0.0019069,0.0059015,0.010741,0.0070547,0.0033887,0.0024254,0.004287,0.0016818,0.0026649,0.005486,0.0063707,0.0060317,0.0075881,0.0082106,0.006995,0.0086442,0.0076525,0.007955,0.0075211,0.0069,0.0054022,0.0054838,0.009076,0.0072972,0.0053981,0.012971,0.017039,0.013503,0.01172,0.021192,0.040637,0.044149,0.034212,0.037791,0.062086,0.16268,0.11078,0.044592,0.028239,0.019462,0.017113,0.013477,0.013496,0.014494,0.01134,0.0066564,0.0070718,0.0075533,0.010203,0.010429,0.0072268,0.006284,0.0038327,0.004861,0.0051771,0.0060495,0.0058406,0.0046063,0.0050786,0.0033305,0.0062609,0.0075833,0.0049851,0.0013854,0.0056717,0.0051371,0.0044707,0.0032489,0.0034168,0.0029729,0.0016467,0.0014421,0.0043237,0.0048264,0.0029135,0.0020582,0.00082318,0.00081309,0.0019626,0.0026814,0.0026925,0.0031515,0.0035002,0.0040392,0.0039854,0.0055321,0.0048563,0.0025093,0.0046339,0.005333,0.0074603,0.0091761,0.0083699,0.0018782,0.0092823,0.027063,0.034439,0.026718,0.049414,0.055584,0.1198,0.086347,0.04028,0.024182,0.014949,0.010638,0.011808,0.011574,0.010121,0.0089297,0.0067155,0.0058195,0.0056414,0.0056771,0.0040797,0.0045518,0.0045791,0.0046762,0.004003,0.0037826,0.0020235,0.0015108,0.0014294,0.0022858,0.0025658,0.0023185,0.0044741,0.0038954,0.0017859,0.0011931,0.0018609,0.0018289,0.0017758,0.001549,0.00024791,0.00092452,0.00078537,0.0010225,0.0013862,0.0015271,0.0014604,0.0016303,0.0011378,0.00093546,0.001308,0.00092249,0.001385,0.0012327,0.00070333,0.00098266,0.0010842,0.0016338,0.0017146,0.0021675,0.0022111,0.0011257,0.0017052,0.0024026,0.0037269,0.004682,0.0058471,0.0061691,0.0051961,0.0074752,0.021376,0.030956,0.027695,0.020295,0.014081,0.0080868,0.0052914,0.0028713,0.0022124,0.0025103,0.0019032,0.0019399,0.0018512,0.00085721,0.00072101,0.0011604,0.0010939,0.0006087,0.00072234,0.0015201,0.0019311,0.0013169,0.00029532,0.00065987,0.00061105,0.00053666,0.00089133,0.00040127,0.00055228,0.00022588,0.00092135,0.0019219,0.0040817,0.0027302,0.0012217,0.0022419,0.0020973,0.00046888,0.0007662,0.0020423,0.00028058,0.0016838,0.0022409,0.002882,0.0030516,0.0022875,0.00059514,0.0024999,0.0019826,0.0021885,0.0020353,0.0019094,0.0012196,0.00077258,0.0024513,0.0038599,0.0068385,0.006353,0.0088495,0.0050706,0.011031,0.031303,0.032688,0.035616,0.053584,0.030468,0.020366,0.016648,0.014061,0.0085736,0.0096044,0.007438,0.0054301,0.0041129,0.0037493,0.0031801,0.0049335,0.00554,0.0027057,0.00084008,0.0023197,0.0045583,0.0021546,0.0029931,0.0029264,0.0016587,0.0049894,0.0057885,0.0045973,0.0051171,0.0022453,0.00039826,0.00045503,0.0017141,0.0024753,0.00065953,0.0013252,0.0026269,0.0020741,0.00069348,0.002493,0.0031567,0.0033002,0.002069,0.0031449,0.0040172,0.0039796,0.0035502,0.0032366,0.0027455,0.0036316,0.0027948,0.0027071,0.0035134,0.0028885,0.0029532,0.0034087,0.0033509,0.0036594,0.0028579,0.0048248,0.006866,0.0078227,0.0081875,0.0016379,0.010896,0.0157,0.016407,0.062122,0.094369,0.052526,0.0077017,0.0069189,0.021075,0.010962,0.014886,0.010757,0.0052122,0.0055652,0.0014496,0.0044199,0.0031748,0.0026758,0.0049069,0.0029405,0.0025157,0.0026532,0.0033177,0.0059234,0.0048463,0.0045029,0.0040359,0.0026843,0.0044641,0.0045983,0.0039759,0.0043652,0.0052603,0.0032783,0.0034593,0.0072558,0.0065621
0.00082523,0.00048678,0.0011021,0.0023545,0.00045865,0.00024592,0.0014766,0.0029468,0.0032268,0.00060395,0.0025067,0.00091681,0.0011453,0.0015521,0.0018935,0.0024356,0.00016798,0.0026011,0.0030212,0.0034357,0.0016067,0.0014799,0.001325,0.00054029,9.5624e-05,0.0013118,0.00034009,0.0013277,0.0011709,0.002127,0.0028253,0.0055752,0.012406,0.011993,0.012991,0.011255,0.0046147,0.00079226,0.00096066,0.00040585,0.00026844,0.0015954,0.0010882,0.00044243,0.00087297,0.0019994,0.0014885,0.0016773,0.0017018,0.0017486,0.0016903,0.0015041,0.001762,0.0012768,0.0034484,0.0022196,0.002695,0.0019401,0.001826,0.0028608,0.0021456,0.00043302,0.002894,0.0043008,0.0024091,0.0022924,0.00046761,0.0021351,0.0022241,0.0015666,0.00063489,0.00069182,0.0015617,0.0015146,0.0012796,0.0017414,0.0017351,0.002225,0.00057696,0.0013505,0.00060126,0.00048884,0.00098056,0.0010282,0.0025482,0.0026638,0.0051483,0.0034356,0.0020165,0.0025106,0.0013206,0.00063069,0.00083282,0.0010691,0.0012813,0.002779,0.0033212,0.0041044,0.0061167,0.011274,0.013076,0.0065456,0.0033454,0.0022505,0.0015588,0.0014684,0.0019355,0.0020264,0.0031427,0.0023428,0.0011249,0.0011597,0.0021443,0.00021787,0.00088075,0.00024003,0.0012584,0.0023538,0.0022064,0.0018747,0.0025738,0.0014572,0.0024728,0.0021015,0.0026802,0.003107,0.0010373,0.0013478,0.0003748,0.0013617,0.0013578,0.0031648,0.0024936,0.0019777,0.0012871,0.0012948,0.0011469,0.00065316,0.00078469,0.00071545,0.00029406,0.00052704,0.00040011,0.00051196,0.00082228,0.00037928,0.00046235,0.00019296,0.00056089,0.00018458,0.00036941,0.0010445,0.00047247,0.0011909,0.0014382,0.00030112,0.002138,0.0032895,0.0022143,0.0057292,0.0072782,0.0049116,0.0080557,0.0063434,0.014286,0.021673,0.013353,0.0031158,0.0022734,0.00075765,0.0008244,0.0014783,0.0016353,0.0016223,0.0015764,0.0012874,0.0014539,0.00083211,0.00095538,0.0012753,0.0014999,0.001188,0.00082778,0.00094271,0.00064086,0.00071263,0.00071569,0.0010787,0.0010637,0.00064971,0.00072744,0.00036831,0.0011539,0.00099375,0.00045695,0.00032442,0.0019247,0.00092147,0.0020718,0.0012741,0.00040959,0.00040449,0.0004912,0.00029669,0.0010432,0.00092631,0.0007241,0.00081857,0.00031657,0.00044292,0.00052696,6.494e-05,0.00059931,0.00032886,0.00077874,0.00013807,0.0004449,0.0006156,0.00070021,0.0012312,0.00056869,0.0011137,0.00088005,0.0029485,0.0051541,0.0034632,0.0041981,0.0058889,0.02005,0.046316,0.038425,0.0086568,0.0064795,0.0029019,0.0013147,0.0017554,0.00045858,0.0012023,9.4731e-05,0.0011299,0.00075805,0.00061701,0.00078415,0.00075848,0.00026995,0.00069223,0.00035651,0.0004101,0.00088773,0.00065905,0.00018819,0.0010954,0.0011254,0.00052732,0.00065041,0.0015504,0.0018048,0.0012568,0.0019745,0.0010916,0.00073831,0.001503,0.0010655,0.0021333,0.0023197,0.0011474,0.00031963,0.00073109,0.00090846,0.00049073,0.0017553,0.0013307,0.00018094,0.00072715,0.00069879,0.0021419,0.0021862,0.0021069,0.0029587,0.002485,0.0013678,0.0011177,0.0010936,0.00082746,0.0037708,0.0012983,0.0028052,0.0024907,0.0017769,0.035605,0.065915,0.034486,0.046813,0.033546,0.0033671,0.0080026,0.0035831,0.0025486,0.0012354,0.0019013,0.0023187,0.0029598,0.0032341,0.0026742,0.0016469,0.00047946,0.00026363,0.001247,0.00062576,0.00050227,0.001841,0.0011793,0.00078094,0.0016073,0.00097564,0.0010922,0.00043378,0.0013933,0.0024594,0.0023508,0.0021143,0.0023105,0.0023079,0.0019846,0.0012845,0.00081316,0.00056657,0.00044544,0.0013725,0.00065584,0.0010022,0.00031826,0.0007596,0.00084101,0.0018298,0.001464,0.00026265,0.00074248,0.00026226,0.001151,0.0010562,0.00056107,0.00062172,0.000838,0.0011941,0.00022736,0.0019685,0.0028164,0.00045689,0.0024748,0.0028854,0.0012077,0.0070324,0.0065747,0.012517,0.019353,0.019973,0.022185,0.015896,0.015663,0.014812,0.0087751,0.0017913,0.0014063,0.0029253,0.00052059,0.0019441,0.0019923,0.001575,0.0035854,0.002356,0.0027135,0.001857,0.00094323,0.00086216,0.0012092,0.0015236,0.0011965,0.00089547,0.00071604,0.00047168,0.00094712,0.0019055,0.0010912,0.0013886,0.0018788,0.002184,0.0035561,0.0042976,0.0040349,0.00068872,0.00051751,0.00041661,0.00060201,0.00050294,0.0017567,0.0014469,0.0008604,0.0014776,0.00061583,0.00034446,0.00051636,0.00074888,0.00057958,0.00074015,0.00092361,0.00021708,0.0016447,0.00085059,0.00049626,0.00088669,0.00074189,0.00040921,0.00087238,0.00072853,0.0013236,0.00067662,0.0017768,0.0038467,0.0095911,0.013496,0.016954,0.022329,0.028567,0.033515,0.014435,0.0064517,0.0036298,0.0014957,0.0017537,0.00011501,0.00016366,0.0010048,0.00042131,0.00073078,0.00089851,0.0012206,0.001211,0.00052462,0.00083516,0.0011662,0.0014061,0.00067606,0.0013146,0.00085621,0.0007995,0.00024826,0.00014186,0.0011474,0.0013465,0.0014642,0.0021424,0.0018603,0.0011496,0.00082162,0.0062198,0.0070068,0.0087052,0.00862,0.0084044,0.0082108,0.0031015,0.0020462,0.0026757,0.0053701,0.00076954,0.0027184,0.0035743,0.00066293,0.0025729,0.0017527,0.0023744,0.0042404,0.0038229,0.0027266,0.0017399,0.0045455,0.0036509,0.0032479,0.004078,0.0010691,0.0025206,0.0060248,0.00433,0.0049681,0.014262,0.021194,0.03828,0.13041,0.18141,0.069668,0.014616,0.012647,0.0061973,0.0038855,0.0029292,0.0080156,0.0060716,0.0037262,0.003554,0.00078149,0.0020303,0.0031038,0.0016816,0.0028916,0.00051626,0.0014085,0.00087592,0.0021855,0.0005835,0.0011154,0.0016081,0.00079225,0.0071528,0.0027127,0.00079326,0.0014256,0.0022966,0.0020182,0.0037901,0.0033197,0.0051259,0.00049076,0.0024538,0.00079857,0.0013485,0.00088569,0.0010027,0.00090896,0.00072601,0.002758,0.00094987,0.0012659,0.001413,0.001927,0.0031026,0.001176,0.0018197,0.0019751,0.0021396,0.0015114,0.0025009,0.0019014,0.002675,0.0024028,0.0016311,0.0037825,0.004934,0.0054167,0.0031879,0.0031553,0.016823,0.010469,0.088177,0.14417,0.057355,0.008819,0.0077612,0.0012215,0.0037867,0.0027736,0.0042338,0.0021375,0.0032233,0.000513,0.0029941,0.0018685,0.00041154,0.0030071,0.0006957,0.0024639,0.0024822,0.0019357,0.0012964,0.0021303,0.001677,0.001805,0.00060182,0.0033392,0.0023992,0.00087381,0.002345,0.0021184,0.0020275,0.00061189,0.00075507,0.00044476,0.00049546,0.0010505,0.0014884,0.00077504,0.00055099,0.00096726,0.00033834,0.00098221,0.00076224,0.00042205,0.00054251,0.00061648,0.00048931,0.00085871,0.00096081,0.00043864,0.00064217,0.00029591,0.00049555,0.00062204,0.0010128,0.0010066,0.00161,0.0011691,0.002131,0.0022165,0.0020486,0.0038451,0.0068157,0.0034491,0.0052145,0.01312,0.03093,0.026956,0.014575,0.0042225,0.0044734,0.0035766,0.0029347,0.0024773,0.0022994,0.0024037,0.0017862,0.0019979,0.0016616,0.001523,0.0011125,0.0012588,0.0017598,0.0014419,0.00095751,0.00074049,0.0015233,0.0013793,0.00067773,0.0014292,0.0014977,0.0016714,0.00076423,0.00080485,0.00089239,0.0013714,0.001415,0.004522,0.0029001,0.004365,0.0035877,0.00088664,0.0038079,0.0036377,0.001563,0.0008768,0.0019408,0.00080476,0.00027068,0.0011268,0.0023456,0.0018932,0.0029843,0.0020823,0.00092859,0.0023843,0.00032031,0.002408,0.0027754,0.0022821,0.0020546,0.00050248,0.00066855,0.00041076,0.0035349,0.0057663,0.0013119,0.014699,0.026173,0.065499,0.043014,0.02323,0.0075117,0.0073122,0.0020672,0.0017164,0.0014925,0.000811,0.0023288,0.0036299,0.0029771,0.0034228,0.00087048,0.0018581,0.0021218,0.0012913,0.0015,0.0041977,0.0014066,0.0031436,0.0033101,0.00063698,0.00053577,0.0020492,0.0023119,0.0059039,0.0055685,0.0022051,0.0045787,0.0024881,0.0019926,0.00060328,0.00067216,0.0020507,0.0013462,0.0030725,0.0020226,0.00046566,0.0016628,0.0015875,0.0014897,0.001973,0.0019836,0.0011653,0.0011807,0.001884,0.0017483,0.001486,0.0021103,0.0017526,0.002677,0.0036766,0.0024277,0.002594,0.0031898,0.0038574,0.0045762,0.0036532,0.0061257,0.010199,0.011321,0.02283,0.043178,0.015411,0.078463,0.071641,0.056429,0.045938,0.018818,0.015267,0.0063662,0.0058694,0.0040995,0.0021426,0.0048528,0.0030754,0.0027913,0.0030878,0.0016562,0.0035648,0.0020349,0.0044998,0.0023873,0.00043238,0.0019639,0.00038529,0.0023515,0.0036676,0.0025495,0.0012002,0.0024715,0.0007006,0.0030141,0.004308,0.0050759,0.0049931,0.0057242
0.0014479,0.0024244,0.0021277,0.0010248,0.00063771,0.00067538,0.00084017,0.00022304,0.0020264,0.0022696,0.00090392,0.0022443,0.0019023,0.0016798,0.00099103,0.0027282,0.0027449,0.001344,0.001213,0.0010157,0.0015963,0.0030085,0.0030949,0.0014366,0.00043448,0.0010474,0.0016028,0.0020289,0.0015764,0.00064675,0.0036619,0.00176,0.014248,0.012265,0.0052273,0.013213,0.0078797,0.0014771,0.0034413,0.001193,0.0026334,0.0042134,0.0028768,0.0022335,0.0024805,0.0019587,0.0010284,0.00043895,0.00066069,0.00016963,0.0024681,0.0025056,0.00053349,0.001549,0.00098138,0.0022425,0.0029872,0.0012781,0.00033478,0.0013038,0.0021907,0.0018211,0.0020725,0.00071266,0.0022458,0.00092736,0.0020158,0.0024892,0.0035098,0.003428,0.0024642,0.00097248,0.0012137,0.0020236,0.0023507,0.0024365,0.0027789,0.0033467,0.0013457,0.0013674,0.0014588,0.0020905,0.0030821,0.0024786,0.0018416,0.0021076,0.0030084,0.002434,0.00050193,0.00096355,0.0032095,0.0037754,0.0027025,0.0038625,0.0019994,0.001629,0.0019823,0.0015743,0.0028296,0.0055454,0.0044791,0.0031703,0.0019133,0.0034048,0.0035823,0.00025636,0.0026179,0.0017364,0.0005567,0.00070321,0.0011085,0.00077301,0.0026577,0.0009631,0.0013126,0.00058739,0.0020032,0.0027571,0.0027454,0.001197,0.0021631,0.00059671,0.0020217,0.0015063,0.00047868,0.00061429,0.0011246,0.0018614,0.0017826,0.0013422,0.00090102,0.0017939,0.003135,0.0041897,0.0024712,0.0019978,0.0022471,0.00094276,0.00027097,0.00063294,0.00096834,0.00042744,0.00055983,0.00046468,0.0011267,0.001829,0.0014922,0.0013665,0.0010635,0.00045751,0.00029455,0.00097232,0.0013453,0.0010908,0.00077139,0.0029381,0.0038589,0.0034546,0.0031825,0.0018855,0.0038952,0.0039612,0.007167,0.0065065,0.00596,0.01014,0.017106,0.0055388,0.0007633,0.00051568,0.0012418,0.00070473,0.00047962,0.00080102,0.00044777,0.0013345,0.0019312,0.0017385,0.0017802,0.00098605,0.00020379,0.0005425,0.00052621,0.00082788,0.00074062,0.0007385,0.00019543,0.0012006,0.0012601,0.00058184,0.00048862,0.00044082,0.0012851,0.00093009,0.00069042,0.00036408,0.0011,0.0021096,0.0018376,0.0013429,0.0013243,0.00062889,0.00095764,0.0013022,0.0011734,0.00079144,0.00056489,0.0011637,0.0014139,0.0011762,0.00099558,0.00079219,0.00078522,0.0010305,0.00097252,0.0014554,0.0014902,0.001591,0.0022452,0.0026289,0.0022713,0.0025779,0.0034104,0.003788,0.0055962,0.0056377,0.0026574,0.0081151,0.010855,0.04636,0.051008,0.016933,0.014726,0.0098178,0.0093387,0.0071023,0.0055037,0.0052464,0.0044451,0.0039557,0.0039329,0.0035129,0.0027786,0.0025738,0.0023874,0.0022329,0.0018035,0.0016836,0.0020076,0.0023686,0.0023967,0.0029939,0.0026492,0.0019931,0.001958,0.0024747,0.0029837,0.0027573,0.0018362,0.0037735,0.0013168,0.0023805,0.0024338,0.0024058,0.0020555,0.0013641,0.0017338,0.002135,0.0025204,0.0017864,0.0007278,0.00095927,0.0013044,0.0022949,0.0037315,0.0057624,0.0068223,0.0055583,0.0048306,0.005347,0.005569,0.0077348,0.0086418,0.0089219,0.007409,0.0062063,0.0067601,0.0071348,0.014242,0.031335,0.072087,0.05595,0.032419,0.022513,0.020076,0.015557,0.010912,0.0096459,0.0083635,0.0073497,0.0054118,0.0048315,0.0044214,0.0035782,0.005118,0.0054667,0.003617,0.0029642,0.0042507,0.0035116,0.0028829,0.0022487,0.0027175,0.002259,0.0015183,0.00088318,0.0008092,0.0017652,0.0025104,0.002714,0.0013059,0.0018586,0.0030925,0.0035145,0.0023611,0.0015473,0.0012885,0.0011424,0.0013074,0.0012555,0.00092865,0.00049263,0.0011402,0.001008,0.0011364,0.00049515,0.00037554,0.00016632,0.00028852,0.00027962,0.00055924,0.0010531,0.00095329,0.00041857,0.00079281,0.00049654,0.00058385,0.00049649,0.00069416,0.00089124,0.001034,0.0021785,0.0026951,0.0063112,0.0065238,0.018383,0.014533,0.021159,0.013097,0.0042095,0.0056353,0.0021053,0.0016096,0.0029569,0.0035869,0.0024601,0.0010654,0.0020613,0.0016607,0.0003699,0.0020265,0.0021541,0.0010886,0.0016598,0.001691,0.001604,0.0016068,0.00082973,0.00045929,0.00058346,0.0021895,0.0016038,0.0010151,0.0020865,0.0011971,0.0014178,0.0033431,0.0061206,0.0053467,0.0011533,0.0016078,0.00065225,0.0008629,0.00097655,0.0014276,0.00093474,0.00049668,0.0013456,0.0013177,0.00094963,0.00019309,0.00084653,0.0005183,0.00073736,0.00095702,0.00068754,0.00076396,0.0020953,0.0010621,0.0018081,0.0013179,0.0013017,0.0023167,0.0014734,0.00010282,0.0015848,0.0023436,0.00089922,0.0018284,0.0071153,0.013959,0.0085031,0.013642,0.0052734,0.024607,0.032368,0.0074542,0.0073293,0.0015508,0.0020946,0.001568,0.0016731,0.00041613,0.0014643,0.0010289,0.0023945,0.0011825,0.0019479,0.0018592,0.00066283,0.0019999,0.0029945,0.0027172,0.0027495,0.00096485,0.00147,0.00082829,0.0019999,0.0015898,0.00091166,0.0012311,0.0010213,0.00040781,0.00044876,0.00057785,0.0078148,0.0083427,0.0048372,0.002919,0.0055847,0.0083478,0.0062592,0.0012617,0.0015158,0.0084939,0.0080558,0.0061555,0.0076831,0.0025099,0.0069991,0.0077004,0.0035864,0.0064533,0.005599,0.0030646,0.0025832,0.0034699,0.0030418,0.0055488,0.012431,0.006555,0.0045632,0.0075888,0.0065133,0.0062687,0.013661,0.026092,0.031757,0.032048,0.11352,0.13865,0.028706,0.027617,0.012983,0.0077879,0.007737,0.0059782,0.0025611,0.0062955,0.0083332,0.0057517,0.0021083,0.0029017,0.0038091,0.0052763,0.00049278,0.0042284,0.0019042,0.0037324,0.0052876,0.0019229,0.0053982,0.006094,0.0015919,0.0081086,0.0069837,0.0066589,0.006447,0.0065286,0.0027402,0.0065246,0.0057642,0.0061163,0.0019166,0.0028353,0.0016628,0.001228,0.0018074,0.00097303,0.0014302,0.00034604,0.0020195,0.0021992,0.0014712,0.00028178,0.0010135,0.0014579,0.0010653,0.0010675,0.0017046,0.0027434,0.0042006,0.0026393,0.00090047,0.00435,0.0062367,0.0046391,0.0020918,0.007314,0.0051813,0.0096832,0.0037983,0.043283,0.05774,0.10725,0.12992,0.036671,0.031524,0.014094,0.013079,0.011178,0.0066409,0.0095093,0.0022686,0.0058354,0.0040307,0.0064107,0.0032026,0.0027967,0.0035101,0.0035573,0.0039254,0.0033866,0.0046703,0.0026904,0.0027446,0.0019382,0.0043277,0.00439,0.0054158,0.0032857,0.0045856,0.0069242,0.0020196,0.0050396,0.0016801,0.0017146,0.0019463,0.0010217,0.0010819,0.0011352,8.9317e-05,0.00072698,0.00056766,4.6678e-05,0.00030944,0.00033825,6.1578e-05,0.0005153,0.00034124,0.0006085,0.00066127,0.00068259,3.0728e-05,0.00052178,0.00030946,8.2259e-05,0.0008795,0.00079064,0.00078376,0.00036628,0.0011082,0.00054045,0.00028305,0.0015181,0.0034695,0.0039114,0.0089133,0.0078803,0.017166,0.038667,0.030276,0.0057348,0.003662,0.00023275,0.0015371,0.0016935,0.00083365,0.00064609,0.00057754,0.00017083,0.00025892,0.0005468,0.00072223,0.00034645,0.00047587,0.00027587,0.00077055,0.00085175,0.00067724,0.0010444,0.00067152,0.00032666,0.00047896,0.00048311,0.00057226,0.0011158,0.0011642,0.0010837,0.0026871,0.0011279,0.00012069,0.0011535,0.0015219,0.0023137,0.0062437,0.0057194,0.0027623,0.0025144,0.0013778,0.002096,0.0025448,0.0014049,0.0020706,0.0012141,0.0020343,0.0014588,0.0011802,0.0017498,0.0020125,0.0019792,0.0035648,0.0038042,0.0024062,0.0040181,0.0039166,0.0026864,0.0039922,0.0054791,0.0019744,0.0060456,0.01174,0.048336,0.057559,0.02112,0.01011,0.004562,0.0029514,0.0025544,0.0019213,0.0010283,0.003401,0.0033927,0.00061964,0.0013444,0.0019254,0.00091687,0.0010862,0.001513,0.0034116,0.0031165,0.0013483,0.0014884,0.0025494,0.0011929,8.02e-05,0.0018379,0.0030699,0.00092749,0.003632,0.0026155,0.00254,0.0030226,0.0012787,0.0011364,0.0013138,0.0028292,0.0037631,0.0019335,0.0025606,0.0019563,0.00029783,0.00079914,0.00059986,0.00073859,0.00062873,0.0010368,0.00023784,0.00077151,0.00064629,0.00093607,0.001682,0.00083654,0.00019745,0.0017647,0.0016965,0.00060646,0.00062606,0.0032492,0.0031414,0.0024169,0.0036447,0.0031081,0.0032944,0.009481,0.024739,0.026773,0.073518,0.098006,0.026774,0.035719,0.025654,0.0097876,0.010598,0.0030507,0.0043037,0.002413,0.0028913,0.0018383,0.0029402,0.0026752,0.001453,0.00046485,0.002268,0.0040997,0.0027113,0.0023627,0.0031656,0.0016063,0.00028665,0.00070295,0.0012468,0.0014091,0.0011903,0.00052987,0.0016496,0.0021398,0.0038732,0.0071379,0.0079247
0.0004609,0.0015073,0.0013614,0.0014168,0.0013722,0.00065267,0.00054087,0.0013176,0.0031036,0.0024131,0.0010322,0.00023591,0.00046826,0.0004615,0.00038555,0.0020353,0.0018032,0.0011995,0.000609,0.00097254,0.00033718,0.00027009,0.001155,0.0019427,0.0025275,0.0027161,0.00026221,0.001291,0.0015507,0.0026243,0.001254,0.0047659,0.014264,0.014322,0.0066688,0.0082704,0.0072823,0.0018977,0.0012724,0.00036884,0.00069269,0.0014736,0.0013283,0.0010474,0.0005569,0.0011945,0.0010579,0.001656,0.001117,0.0015676,0.001989,0.0014717,0.0016524,0.0020137,0.0010591,0.0013428,0.0014254,0.0014917,0.0019658,0.0024655,0.0026144,0.0024744,0.0020632,0.0031125,0.0028281,0.0025263,0.0007615,0.003685,0.0028854,0.0019269,0.0038614,0.0019103,0.0015919,0.003621,0.0034549,0.0021081,0.003406,0.0030779,0.0034661,0.0019224,0.0015215,0.0013985,0.0010619,0.0006144,0.00097678,0.0025991,0.0027138,0.0025744,0.0020516,0.00073998,0.0013406,0.0032433,0.0055171,0.0036108,0.0059357,0.0035847,0.0016132,0.0037355,0.015473,0.0091502,0.0072031,0.0082452,0.003478,0.00082568,0.0027002,0.0011058,0.0044858,0.0041733,0.0020866,0.0024423,0.0048348,0.0039953,0.0025319,0.0025383,0.0020252,0.0025563,0.0018223,0.0016197,0.0022947,0.0026024,0.0040787,0.0027689,0.0030929,0.0035007,0.0020949,0.0006973,0.0013885,0.0021148,0.0044522,0.0030998,0.0034893,0.0018964,0.0017972,0.0036936,0.0027319,0.00093605,0.00073719,0.00038672,0.0011753,0.0017654,0.0012844,0.00045269,0.00059436,0.0013076,0.0012204,0.00065548,0.00081226,0.0011201,0.00075807,0.00080037,0.00055246,0.00063834,0.00050698,0.001127,0.00099,0.0011508,0.0017369,0.0010393,0.0028912,0.0082606,0.0065181,0.0054013,0.014275,0.021365,0.0096012,0.016701,0.016099,0.0026655,0.0013232,0.0011961,0.00095812,0.00045755,0.00082722,0.00066458,0.0004615,0.00037969,0.00031263,0.0004697,0.00073358,0.0009121,0.0011454,0.00082883,0.00048442,0.00076386,0.0013127,0.0007711,0.00051515,0.00068613,0.00088085,0.00046349,0.00043582,0.0012132,0.0020309,0.0017307,0.00042314,0.0015344,0.00095397,0.0013585,0.0011727,0.0010907,0.0007044,0.00057655,0.0010521,0.00089187,0.0005853,0.00048624,0.00051401,0.001021,0.0011557,0.00119,0.0014123,0.00096795,0.0011559,0.001152,0.00067153,0.00066363,0.00097193,0.0015398,0.0017226,0.001492,0.0013048,0.0020201,0.0022839,0.0053013,0.0055802,0.0033475,0.010332,0.016198,0.039384,0.025204,0.02872,0.019219,0.0056153,0.0014949,0.0020129,0.0024169,0.0021423,0.0018942,0.0017897,0.0016043,0.0015928,0.0019731,0.002103,0.0020745,0.0020806,0.0018155,0.0018155,0.0013499,0.0012141,0.0016462,0.0020101,0.0015806,0.001312,0.0014567,0.0013049,0.0010547,0.0017759,0.0032263,0.0028614,0.0028271,0.0019646,0.0016286,0.0022192,0.0037253,0.0033964,0.0020571,0.0017063,0.0024278,0.0030323,0.0022805,0.00282,0.0029827,0.0017646,0.0013819,0.002428,0.0037211,0.0039543,0.0035432,0.0043403,0.0066232,0.0057601,0.0065971,0.0087538,0.0098716,0.010936,0.013735,0.017505,0.024114,0.049291,0.064204,0.020607,0.02074,0.040372,0.019431,0.017819,0.016571,0.0092545,0.010239,0.010546,0.0089101,0.0074551,0.0069232,0.0072362,0.0078037,0.0068557,0.0050021,0.0043807,0.0046419,0.0032923,0.0026744,0.0027776,0.0033857,0.0029111,0.0021089,0.0015542,0.00045467,0.0022885,0.0039033,0.0023967,0.0012337,0.0032354,0.0060533,0.0050379,0.0010516,0.0018165,0.00082677,0.0010348,0.00073886,0.0014041,0.0011693,0.00012559,0.00066733,0.00027047,0.00032908,0.00090613,0.00045705,0.00094821,0.0012527,0.00043213,0.00030298,0.00081005,0.0011236,0.0010475,0.00067718,0.0010738,0.0014916,0.00091009,0.00083237,0.0019087,0.0042422,0.0064965,0.0073874,0.0060976,0.0095642,0.015042,0.012912,0.02033,0.025059,0.02044,0.01424,0.0098229,0.0062134,0.0062508,0.0061834,0.0030789,0.0012477,0.0026327,0.0027925,0.002655,0.0030291,0.0021854,0.001164,0.0011505,0.0010446,0.0012464,0.00097519,0.00060455,0.00025559,0.00049244,0.00065332,0.00056422,0.001142,0.00019921,0.0014014,0.0012939,0.0009408,0.0035673,0.0022944,0.0019251,0.0025243,0.0011782,0.0014097,0.0012966,0.0008387,0.0012369,0.0010953,0.00073894,0.00044266,0.00035024,0.00017278,0.00059585,0.00054218,0.00043695,0.00075141,0.0014042,0.0011178,0.00025297,0.00084105,0.0014966,0.0015853,0.00086597,0.00082079,0.001601,0.0013094,0.0010213,0.0011067,0.00021981,0.0025117,0.0036843,0.012116,0.011398,0.016616,0.020399,0.026857,0.02778,0.010641,0.0039927,0.0032366,0.0026993,0.001391,0.0020534,0.0020562,0.0018049,0.0025578,0.002685,0.0010465,0.0011575,0.0022088,0.0022103,0.0012591,0.00034271,0.00082573,0.0017101,0.001725,0.0021713,0.0025347,0.0015807,0.00057654,0.0021943,0.0023013,0.0028855,0.002699,0.00017871,0.0017578,0.0016723,0.005035,0.0033755,0.0023297,0.0062656,0.0048704,0.004329,0.0093603,0.011485,0.0077742,0.0087059,0.0093193,0.0062711,0.0060693,0.006594,0.0052078,0.0021042,0.0032335,0.0088202,0.0093051,0.0098792,0.0099899,0.0074171,0.008454,0.012349,0.011858,0.0096284,0.010351,0.011897,0.016011,0.022005,0.019291,0.042326,0.042401,0.12291,0.16321,0.063659,0.026863,0.022149,0.01969,0.019295,0.017113,0.013913,0.011547,0.0098503,0.012446,0.012571,0.0083288,0.0064929,0.0060159,0.0085115,0.0092881,0.0052562,0.0047941,0.0050117,0.0052643,0.005364,0.0068241,0.0085429,0.0058118,0.0063186,0.0036563,0.00097726,0.0020136,0.0057765,0.0053033,0.0070925,0.010756,0.0079665,0.0089507,0.0044139,0.0046441,0.0044188,0.0031548,0.0035158,0.0045756,0.0052331,0.0060095,0.0059941,0.0053695,0.0050781,0.0042014,0.0047534,0.0051725,0.004867,0.0060476,0.0078021,0.0076627,0.0084692,0.0095294,0.010229,0.010873,0.011138,0.014963,0.019239,0.021485,0.033462,0.035073,0.016632,0.10539,0.12884,0.046843,0.012132,0.014093,0.013963,0.010689,0.007946,0.0064389,0.0068332,0.0075143,0.0080996,0.0077647,0.0075462,0.0061975,0.0048942,0.0035973,0.0022542,0.0045839,0.0053636,0.0038797,0.0019848,0.0021778,0.005185,0.0063857,0.006762,0.0047392,0.00036867,0.0020727,0.0023639,0.0047099,0.0065204,0.00087483,0.00074282,0.0018621,0.0024691,0.00070608,0.00026641,0.00099134,0.00089821,0.00039496,0.00037336,0.00071211,0.00061054,0.00072076,0.0012195,0.0006668,0.00072381,0.00073569,0.00038656,0.00066857,0.0010051,0.00039472,0.0010903,0.0011288,0.00037195,0.00084509,0.00055866,0.00044048,0.0015413,0.0027316,0.0035312,0.0018552,0.0064673,0.015938,0.028905,0.02738,0.02244,0.014799,0.006079,0.0023422,0.0029453,0.00097132,0.0012816,0.0016956,0.0022504,0.00073902,0.0009462,0.00026297,0.0007782,0.0011034,0.00047511,0.00085047,0.0004073,0.00022922,0.0010377,0.0015235,0.00046121,0.0014692,0.0014463,0.0016566,0.0015296,0.0010364,0.00071651,0.0012061,0.0010695,0.0011595,0.0013517,0.0022073,0.0024657,0.0012994,0.0040713,0.0049955,0.0034814,0.0050632,0.0039569,0.0025251,0.0026985,0.0023539,0.0036297,0.0032321,0.0023154,0.0012899,0.0015568,0.0028098,0.0013047,0.0012599,0.0017632,0.0015006,0.001681,0.0042952,0.0043642,0.0041894,0.0024048,0.0055121,0.0028059,0.0089219,0.0090147,0.0076607,0.060703,0.062833,0.023814,0.0051763,0.0028716,0.0023267,0.000997,0.0055628,0.0043234,0.0013778,0.0018478,0.0033775,0.0022903,0.0019081,0.0011202,0.0014074,0.0013021,0.0024313,0.0015869,0.00022995,0.0023071,0.0024898,0.0025041,0.0040257,0.0028221,0.0032278,0.003374,0.0028674,0.0018413,0.0010025,0.0023325,0.0018674,0.0021962,0.00073259,0.002011,0.0034373,0.0022213,0.0018503,0.0010329,0.0010585,0.0011977,0.00070563,0.0008318,0.0015638,0.001846,0.0011514,0.0033597,0.0016371,0.0017433,0.0025803,0.0012262,0.0010542,0.0029016,0.0025135,0.0012258,0.0034592,0.0013085,0.0040255,0.0021593,0.0016958,0.0040564,0.013922,0.016174,0.019233,0.044213,0.097252,0.057216,0.019288,0.017503,0.010169,0.003504,0.0054095,0.0035801,0.0050479,0.0020997,0.0045648,0.0032547,0.0010746,0.0039399,0.0015929,0.0033218,0.00090393,0.00092467,0.0025856,0.004197,0.0035167,0.0053446,0.0033962,0.0017048,0.0032295,0.0029149,0.0011284,0.0017673,0.0024881,0.0019826,0.0042159,0.0043923,0.0024094
0.00086748,0.002437,0.0034668,0.003571,0.0030568,0.0014728,0.0010182,0.0017114,0.00099927,0.00096276,0.0017315,0.0011051,0.0030108,0.0019602,0.0011882,0.0003355,0.0011595,0.00051641,0.0013739,0.0019382,0.0015227,0.0012477,0.0018909,0.0012294,0.0014019,0.0014689,0.0015375,0.00093742,0.0029256,0.0029007,0.0022438,0.0024306,0.0070334,0.01304,0.0058407,0.0035141,0.007479,0.010027,0.0036913,0.00070027,0.00066096,0.0014436,0.0010503,0.001,0.002041,0.0015589,0.00067777,0.00094692,0.00074166,0.0015296,0.0025782,0.0037518,0.0010453,0.0014888,0.0011351,0.0021433,0.00081588,0.0018816,0.00072639,0.0019018,0.0044957,0.0042661,0.0016657,0.0028648,0.0022172,0.0025969,0.0033888,0.0024775,0.0022404,0.0034852,0.0014947,0.0025706,0.0021742,0.00086539,0.0014709,0.0023178,0.0031471,0.0019889,0.00076964,0.0031841,0.0031293,0.00067232,0.0009613,0.0039303,0.0032423,0.0021704,0.0010165,0.0021174,0.00061018,0.0049565,0.0031454,0.0012908,0.00022106,0.003407,0.0038542,0.00067144,0.0050947,0.012774,0.011749,0.0024001,0.0027073,0.011238,0.010941,0.00082967,0.003585,0.0017701,0.0012168,0.0035669,0.0045019,0.0033115,0.0044401,0.0030441,0.0033221,0.0019177,0.00054841,0.00026227,0.0012495,0.0016672,0.0034596,0.0010969,0.0023317,0.00098437,0.004019,0.0033803,0.005868,0.005763,0.0017859,0.0026491,0.0021701,0.00097122,0.0012463,0.0011193,0.0016073,0.0016763,0.00041052,0.0023187,0.0033243,0.0013662,0.00094528,0.0021231,0.0015794,0.00025641,0.00045115,0.00067844,0.00024955,0.00032775,0.0015587,0.0015574,0.00067312,0.00057601,0.00030423,0.00089635,0.00061668,0.00043393,0.00070659,0.00015204,0.00065909,0.0042114,0.0074903,0.00331,0.0011614,0.0040021,0.015859,0.021299,0.0094919,0.0072894,0.014667,0.016949,0.0056841,0.0016719,0.00021577,0.00096594,0.00089858,0.00034207,0.0010577,0.0013364,0.00082815,0.0010057,0.00026044,0.00045372,0.0009073,0.0010853,0.00089159,0.00085912,0.00081675,0.00080231,0.00014533,0.0011628,0.0015907,0.0011584,0.00057264,0.0025598,0.0021719,0.0015992,0.0051791,0.00035037,0.0024238,0.0017044,0.0014675,0.0012338,0.0003029,0.00052938,0.00034662,0.00080074,0.00052763,0.00042616,0.00095253,0.00082748,0.00043325,0.00076287,0.00026593,0.001306,0.00096303,0.00050067,0.00096762,0.0014476,0.0012452,0.00087082,0.0010626,0.0013231,0.0018319,0.0012554,0.0044473,0.0085161,0.0019329,0.0036862,0.0052277,0.034306,0.036293,0.01239,0.0060363,0.011774,0.013743,0.0033745,0.00016398,0.001058,0.00042504,0.00062213,0.00044425,0.00077281,0.00066309,0.00049775,0.00040028,0.0006564,0.00065405,0.0009327,0.00047275,0.00065255,0.00056147,0.00040667,0.00046445,0.00070487,0.00071288,0.0013568,0.00073725,0.00080955,0.001171,0.00040687,0.0020216,0.0027467,0.00074106,0.0011245,0.0010437,0.00036173,0.0010079,0.0012998,0.0011628,0.00046277,0.00050617,0.0015261,0.00086096,0.00091905,0.0018684,0.0020927,0.0019959,0.0019025,0.0015359,0.00046726,0.0010207,0.0030591,0.0024695,0.0025364,0.0017391,0.0021378,0.0065834,0.009267,0.0081448,0.025614,0.067042,0.04561,0.01351,0.010976,0.023142,0.052223,0.033327,0.01089,0.005828,0.0062732,0.0077553,0.003221,0.0022461,0.0020291,0.0036688,0.0011211,0.0020551,0.0013442,0.0020945,0.0015177,0.00093336,0.00043025,0.0022837,0.0018183,0.00094007,0.001814,0.0026606,0.0021443,0.0013607,0.0018391,0.0014647,0.0022398,0.00087542,1.9569e-05,0.0017226,0.00016069,0.0028749,0.00082535,0.0010471,0.00060437,0.00070966,0.0013551,0.000777,0.00097789,0.00027473,0.00067686,0.00054769,0.00058919,0.0013367,0.0013296,0.0010012,0.00074526,0.00097758,0.0020419,0.0011369,0.00067728,0.00058976,0.00087409,0.0016116,0.0019616,0.0013017,0.0030057,0.0030015,0.001071,0.010768,0.023688,0.011609,0.0015187,0.0032835,0.0074319,0.0080072,0.0066343,0.0052434,0.0052579,0.004554,0.0028758,0.00038861,0.0012085,0.00054778,0.00099825,0.00081789,0.00060411,0.0014001,0.0013193,0.0013922,0.00098298,0.00081125,0.00092865,0.00046022,0.00014302,0.0007926,0.00044544,0.0005544,0.00040003,0.0012173,0.0010751,0.00038015,0.0018637,0.0021172,0.0017318,0.0031427,0.0034439,0.0010212,0.00028381,0.001535,0.0018861,0.0014839,0.0010347,0.0013642,0.0011337,0.00011626,0.00023365,0.00086791,0.001231,0.0009358,0.0016065,0.00093526,0.0016553,0.001418,0.0014442,0.0014216,0.00039615,0.00038287,0.0014348,0.0030937,0.0019767,0.0010278,0.003199,0.0031688,0.0027489,0.010341,0.0097314,0.0033596,0.004049,0.020152,0.019997,0.0041891,0.0023461,0.0039105,0.0042928,0.00038849,0.0019847,0.0020464,0.00097393,0.00083637,0.0012813,0.0010627,0.00057787,0.0015187,0.00099729,0.00061201,0.00089342,0.0011453,0.0015678,0.0011371,0.00042699,0.00070025,0.0009578,0.0012048,0.0015518,0.00088086,0.001099,0.0011533,0.0011174,0.0013911,0.0021637,0.0019059,0.0041827,0.0063513,0.0041663,0.0010032,0.0032684,0.0033581,0.0030426,0.0058099,0.0048456,0.0034772,0.0062488,0.0072326,0.00395,0.0048447,0.0038781,0.0047938,0.00033564,0.0030945,0.0083744,0.011719,0.0098524,0.0094048,0.01092,0.01825,0.020417,0.013735,0.014522,0.018424,0.022941,0.037268,0.034944,0.027067,0.12596,0.17144,0.047149,0.026333,0.016839,0.01024,0.017657,0.019799,0.010872,0.0089163,0.0072653,0.0072919,0.0074156,0.0046352,0.0017571,0.0055352,0.0066848,0.007151,0.0084108,0.0086401,0.006318,0.0051353,0.0062423,0.0048275,0.0051761,0.0041933,0.0050988,0.0068638,0.0056616,0.0042083,0.001132,0.0023127,0.0032407,0.0026857,0.010006,0.011146,0.0046715,0.0088964,0.0083683,0.0067885,0.0045296,0.0025826,0.002377,0.0032052,0.0036746,0.0028652,0.0041125,0.0040476,0.0066939,0.0072093,0.0043876,0.0055793,0.00512,0.0061325,0.0054907,0.0081517,0.01198,0.0096587,0.010038,0.012692,0.014139,0.01523,0.031369,0.034144,0.029969,0.096155,0.15574,0.062034,0.019231,0.024425,0.021579,0.010409,0.010276,0.0099294,0.0080468,0.0095309,0.010138,0.0068622,0.0073639,0.0055385,0.0055881,0.0061141,0.004254,0.0032322,0.0062419,0.0064577,0.0046115,0.0053305,0.0069837,0.0067184,0.0057889,0.0067422,0.0083166,0.0096284,0.0090666,0.010561,0.0058846,0.0065566,0.0016829,0.0012468,0.0011563,0.00051244,0.00020611,0.00029493,0.00091404,0.0014779,0.0014483,0.0010153,0.0010216,0.0013108,0.0012062,0.0011671,0.0011925,0.0021463,0.0020136,0.00139,0.0017253,0.0015412,0.0018998,0.0028795,0.0033193,0.0034945,0.0029225,0.0018163,0.0028206,0.0020957,0.0010197,0.0038008,0.0060401,0.01147,0.030428,0.032054,0.0061028,0.0085514,0.0096514,0.0087285,0.0052439,0.0065506,0.0061959,0.0060741,0.0051261,0.0035343,0.0033428,0.0030022,0.0023306,0.0022401,0.0013167,0.0013175,0.0016027,0.0021423,0.0020373,0.0014827,0.0019587,0.0016207,0.0017921,0.0013897,0.0009786,0.0014806,0.0021083,0.0016823,0.0010881,0.0013659,0.0029266,0.0024673,0.0047259,0.0017947,0.0029131,0.0020398,0.0010402,0.00036675,0.0020129,0.0044262,0.0052842,0.0054217,0.0022328,0.0022705,0.0046019,0.0016255,0.0025111,0.0036415,0.0031743,0.0040142,0.0045062,0.0050426,0.006093,0.0058446,0.0046263,0.001608,0.0015579,0.00026553,0.0021644,0.0029638,0.0021743,0.0023586,0.010135,0.034009,0.045994,0.020523,0.013321,0.011024,0.0092235,0.0082292,0.0045274,0.0041483,0.0040671,0.0023185,0.0038599,0.0028124,0.0010999,0.0028282,0.0031066,0.0029376,0.0027277,0.0038321,0.0024314,0.0020543,0.0038708,0.0022127,0.0026018,0.0022728,0.0016756,0.00277,0.004159,0.003956,0.0019443,0.00040149,0.0011344,0.00095858,0.00036062,0.004232,0.0037057,0.0019928,0.003205,0.0032438,0.0020549,0.0023509,0.0032707,0.0034101,0.0024911,0.0024503,0.0027338,0.0030465,0.003172,0.0027434,0.0041185,0.003973,0.0035869,0.0039703,0.004235,0.004607,0.0053351,0.0064181,0.0062301,0.0065673,0.0076632,0.0021493,0.011727,0.010286,0.013702,0.015655,0.071546,0.12432,0.057714,0.022909,0.018144,0.010712,0.0037917,0.0076914,0.009284,0.009737,0.010415,0.0066765,0.0065367,0.0072585,0.00664,0.0059823,0.0037833,0.0021387,0.0033673,0.0053162,0.0044822,0.0025209,0.00063912,0.0013304,0.0021204,0.0022713,0.0025846,0.0021395,0.0033857,0.0023354,0.00037789,0.0016892,0.0053519
0.0027455,0.0011831,0.00089,0.0014062,0.0017312,0.00092334,0.00080424,0.0010953,0.00069385,0.00048756,0.0010807,0.00091685,0.0017344,0.001918,0.0012964,0.0020557,0.0027695,0.0036147,0.0031086,0.0030642,0.0040898,0.0027602,0.0021483,0.0031997,0.0016026,0.0021508,0.0021698,0.0040164,0.0030571,0.0020354,0.0040493,0.0017405,0.010691,0.01918,0.01004,0.0021209,0.0023521,0.0084931,0.0063252,0.0037313,0.0023654,0.0018985,0.0035766,0.0024725,0.0025057,0.0023149,0.00094014,0.00073197,0.00010012,0.00068097,0.0016206,0.0030963,0.0013615,0.00073436,0.0026938,0.0026886,0.000298,0.00066339,0.0017263,0.0027964,0.00098403,0.0029702,0.0020883,0.0023162,0.0022347,0.0012918,0.00196,0.0044066,0.0036129,0.001411,0.0038915,0.0032338,0.0022576,0.0014069,0.00074899,0.0002847,0.0013592,0.0024279,0.0018299,0.0011567,0.00087225,0.0013237,0.00054337,0.0027186,0.0016955,0.0032224,0.0038553,0.0047757,0.00098108,0.0039695,0.0035196,0.0072955,0.0049463,0.0044069,0.0050161,0.0022836,0.0011921,0.015246,0.02063,0.0083178,0.0039521,0.014955,0.029661,0.021563,0.011185,0.0041056,0.00044271,0.0020404,0.002732,0.0040156,0.0086019,0.0068172,0.0014142,0.0010477,0.0014713,0.0031061,0.004194,0.001622,0.0023026,0.0031846,0.0024906,0.00093846,0.0026332,0.00131,0.0019478,0.0040016,0.0043689,0.0063705,0.0041296,0.0013205,0.00070651,0.0013484,0.0020752,0.0013147,0.00094143,0.0014711,0.001373,0.0011934,0.0010316,0.0022563,0.0035471,0.0025292,0.0018349,0.000935,0.00070454,0.00076724,0.0018657,0.00082889,0.00058927,0.00090073,0.0007311,0.00037702,0.00011342,0.00032233,0.00097731,0.00021381,0.00077943,0.0014732,0.0064069,0.0046151,0.00060101,0.0017932,0.010604,0.014855,0.0049212,0.0012503,0.0073491,0.020142,0.013822,0.0034394,0.0013721,0.00091122,0.00042102,9.624e-05,0.00033519,0.00075126,0.00072958,0.00024753,0.0002997,0.0011096,0.00074641,0.00096285,0.0010346,0.00024671,0.00048719,0.00094366,0.0014256,0.000363,0.00017758,0.0010607,0.0019603,0.0017039,0.000993,0.0010455,0.0076169,0.001293,0.00060404,0.00019688,0.00038481,0.00038053,0.00015673,0.00021954,0.00033957,0.00020825,0.00032461,0.00020195,0.00012032,0.00045104,0.0004733,0.00078156,0.0011383,0.00065517,0.00060917,0.00036676,0.00044917,0.00028932,0.00018929,0.0002592,0.00031731,0.00039879,0.00040416,0.00011873,0.001204,0.0058214,0.0045876,0.00053183,0.0019075,0.024864,0.052781,0.029539,0.0026964,0.0014354,0.0097364,0.010173,0.0026283,0.00014165,0.00092323,0.0005369,0.00042358,0.00087014,0.00075133,0.00045673,0.0010717,0.0011682,0.00084187,0.00025933,0.00052066,0.00064366,0.00089588,0.00024458,0.00096912,0.0008469,0.0009333,0.00040164,0.00024563,0.00077201,0.0012532,0.00099996,0.0013967,0.0017921,0.00046478,0.0013579,0.0011917,0.00050542,0.0012702,0.00064624,0.0022637,0.0038112,0.0038273,0.0012666,0.0021318,0.0022025,0.0011833,0.0015275,0.0023871,0.00092424,0.001478,0.0027691,0.0027184,0.0021017,0.00065558,0.00087858,0.0022715,0.0023658,0.0018831,0.0022856,0.0021937,0.012352,0.059881,0.056157,0.013941,0.0021575,0.010657,0.040883,0.033006,0.0048853,0.0023313,0.006273,0.0043723,0.0022538,0.0012817,0.00091882,0.00091401,0.00097181,0.0012871,0.001661,0.0014752,4.0182e-05,0.00089677,0.00070456,0.0023424,0.0018116,0.0013543,0.0020218,0.0028029,0.00057046,0.0025663,0.0030711,0.0012221,0.00073356,0.0018778,0.0020053,0.00057944,0.00075074,0.0031197,0.00088488,0.0015238,0.0014389,0.00059039,0.00022428,0.00058713,0.00045591,0.00044037,0.00073974,0.00048446,0.00080718,0.00056354,0.00038726,0.00060174,0.0018049,0.0021186,0.00042863,0.00054834,0.00093228,0.0015468,0.00098922,0.00078342,0.001106,0.0019249,0.002076,0.0010866,0.0013558,0.0064273,0.025059,0.023428,0.0056235,0.0013627,0.0068397,0.021708,0.014908,0.0020967,0.00052702,0.0050062,0.0079311,0.0034082,0.00060556,0.00058703,0.00067845,0.00067918,0.0010634,0.00024267,0.0017993,0.0024296,0.0019758,0.00077644,0.00098814,0.0020738,0.0020562,0.00041346,0.00068368,0.0011781,0.00082846,0.00053793,0.00062204,0.00097828,0.00084248,0.0021454,0.0019894,0.001193,0.00097213,0.00016143,0.00052782,0.00076806,0.0013074,0.00030019,0.00011313,0.00095724,0.001365,0.00071997,0.00057756,0.0016526,0.00035614,0.0014871,0.00053996,0.00076036,0.0015829,0.0014489,8.1489e-05,0.00012507,0.0006519,0.00095304,0.00062997,0.00045049,0.0019791,0.0023492,0.0016355,0.0005134,0.0078137,0.010836,0.006389,0.0030379,0.0095657,0.04442,0.052846,0.015126,0.0028149,0.0039637,0.0029492,0.0039833,0.0010482,0.0014413,0.0022825,0.00041507,0.0010886,0.00099533,0.00097096,0.00081084,0.00097709,0.0015175,0.0022315,0.0011423,0.0006513,0.00062676,0.00054704,0.0011803,0.00080214,8.0423e-05,0.0010641,0.0016757,0.00071388,0.0010251,0.0020793,0.0022651,0.00054193,1.6296e-05,0.0027977,0.0037634,0.0024922,0.0021988,0.0019595,0.0019176,0.0044839,0.0020156,0.00033055,0.0016522,0.0032484,0.0017244,0.0033086,0.0026,0.0048895,0.0018396,0.0033704,0.0027279,0.0041033,0.0041827,0.0037949,0.0025378,0.0054534,0.010083,0.0059482,0.0065206,0.0075995,0.0043457,0.010048,0.0085028,0.013685,0.049532,0.18664,0.18739,0.035143,0.015183,0.010922,0.019486,0.0013195,0.010335,0.0052432,0.013703,0.0088213,0.0075297,0.015097,0.012476,0.0046051,0.0079954,0.01826,0.02138,0.010046,0.0058443,0.01315,0.011492,0.006954,0.0092989,0.0024963,0.0046609,0.0058072,0.0070859,0.0050763,0.0068147,0.0057871,0.0019468,0.0032613,0.00087193,0.0038696,0.011512,0.015895,0.0062644,0.003413,0.0011997,0.0018588,0.0028705,0.00084463,0.0015258,0.001477,0.0016002,0.0013117,0.00077292,0.0016261,0.00095848,0.0022011,0.0022335,0.0017873,0.0036536,0.0011148,0.0032449,0.00089179,0.0029525,0.0027146,0.0050339,0.0068063,0.0032628,0.0063027,0.011588,0.036056,0.12369,0.1137,0.016373,0.0074598,0.010152,0.0061116,0.0094978,0.0030626,0.0036103,0.0055422,0.00059347,0.0012277,0.0015604,0.0020919,0.0026539,0.002131,0.0031078,0.00074684,0.003082,0.0038386,0.0049634,0.0029216,0.0012647,0.00072316,0.0010746,0.00072403,0.00095425,0.0031967,0.0044743,0.0036395,0.0083875,0.0026109,0.0018174,0.0010676,0.00039581,0.00057853,0.0012024,0.00090979,0.00047376,0.00057398,0.0008977,0.00098287,0.00091457,0.0010337,0.0012801,0.0012625,0.0015449,0.0018224,0.00052391,0.00064377,0.00062336,0.000964,0.00059371,0.00039739,0.00059793,0.00098315,0.0014157,0.0014349,0.0013864,0.0016101,0.0023018,0.0027647,0.0010781,0.0039565,0.0091344,0.024579,0.021848,0.0058116,0.012984,0.012718,0.017097,0.0076995,0.002577,0.0016151,0.00043972,0.00045505,0.00071242,0.0011537,0.0014519,0.0011987,0.00089762,0.00047904,0.00035398,0.00055444,0.00067463,0.00092395,0.00062469,0.0011109,0.00088676,0.00045796,0.00084708,0.00084661,0.00062098,0.00033297,0.001386,0.0017069,0.00028863,0.00096605,0.0024282,0.0014537,0.001408,0.0031483,0.0025231,0.00020245,0.0016034,0.00051637,0.0019085,0.0018091,0.0029747,0.0017667,0.00068196,8.8571e-05,0.00075166,0.0022041,0.0013385,0.0015615,0.00075336,0.00069243,0.00089399,0.0020692,0.0035179,0.0038444,0.0042943,0.0034819,0.0038569,0.0053545,0.004945,0.0051175,0.0076075,0.010799,0.027752,0.038283,0.008694,0.012617,0.007146,0.0053004,0.0047299,0.0024678,0.0022516,0.0014712,0.0016392,0.0016654,0.0032623,0.0031649,0.0031988,0.0033677,0.001495,0.0024904,0.0028199,0.0019514,0.00095784,0.0012298,0.0025816,0.0028243,0.0022799,0.0026124,0.0026585,0.0011985,0.0015518,0.0025338,0.0023727,0.0030272,0.0030845,0.0041371,0.0020009,0.00077678,0.00075038,0.0010822,0.00020794,0.0009569,0.00086738,0.0010521,0.0011986,0.0010731,0.0011223,0.0010717,0.00080918,0.0010822,0.0027284,0.0034771,0.0035233,0.0033889,0.0033633,0.0037702,0.0040788,0.003386,0.0028469,0.0037103,0.0052136,0.0067366,0.010948,0.022872,0.01807,0.016425,0.020652,0.061599,0.084192,0.020669,0.036555,0.023817,0.023051,0.015404,0.0060341,0.0085386,0.0065696,0.0072513,0.0073334,0.0074418,0.0071029,0.0061241,0.0047441,0.0032468,0.0028351,0.0037544,0.004463,0.0031552,0.0028998,0.0036903,0.0041882,0.0035868,0.0029486,0.0031395,0.0035169,0.0034322,0.0039537,0.0062312,0.0065891,0.0066731
0.0019104,0.0017609,0.0015941,0.00094126,0.0018584,0.0016964,0.0002983,0.00088681,0.0022989,0.0024084,0.0020489,0.0016363,0.00082939,0.0017533,0.00069989,0.0017375,0.0012405,0.00065867,0.0029896,0.0020095,0.00078325,0.00041194,0.0011934,0.0016992,0.0013478,0.0016815,0.0013165,0.0018287,0.0018904,0.0009408,0.0018107,0.0099858,0.016646,0.0087722,0.0021149,0.0031181,0.0097192,0.0078776,0.0012628,0.0022425,0.0013044,0.0021417,0.0016097,0.00051517,0.00019705,0.00086123,0.0033762,0.0033461,0.0017407,0.0019617,0.0015084,0.0045749,0.0033837,0.00079498,0.0023252,0.0026505,0.0020861,0.00078882,0.0020836,0.0015576,0.0015062,0.0017332,0.0014077,0.00054685,0.0026145,0.001634,0.00054079,0.0025744,0.0038067,0.0013126,0.0025799,0.00033063,0.001005,0.0015625,0.0032088,0.0030178,0.00078485,0.0017783,0.0030296,0.0015166,0.0031784,0.0033838,0.00080096,0.00086973,0.0017853,0.0027478,0.0028561,0.0017878,0.0005838,0.0011843,0.0022019,0.0023529,0.00085115,0.0021626,0.0039385,0.0028994,0.0084793,0.014884,0.0062902,0.0016318,0.001069,0.0059478,0.0039139,0.0019698,0.0053831,0.0050999,0.0037117,0.005003,0.0077012,0.0047452,0.0022124,0.0025609,0.0044794,0.0025715,0.0037926,0.0013033,0.0026025,0.0012061,0.0014867,0.0016269,0.00028482,0.0024285,0.0010047,0.0035275,0.0036912,0.0031376,0.0036761,0.0056322,0.0053048,0.0055443,4.4177e-05,0.00040158,0.001024,0.0020079,0.0025542,0.0018164,0.0037327,0.0019365,0.0010587,0.00099168,0.00067896,0.00046791,0.00060161,0.00018527,0.0010443,0.0014731,0.00047757,0.00035898,0.00055103,0.00068565,0.00020842,0.00011555,4.9483e-05,0.00065409,0.00093984,0.00061109,0.0029865,0.0081123,0.0054716,0.00091655,0.00072574,0.0026492,0.0063233,0.0035947,0.0014082,0.0065802,0.019751,0.01465,0.0012037,0.00049592,0.00067771,0.00054908,0.0012726,0.0014413,0.00038388,0.0002737,0.00079859,0.0015684,0.00064928,0.00027191,0.00048239,0.00064041,5.7631e-05,0.00051685,0.00133,0.00051541,0.0005976,0.00050411,0.00068962,0.00062937,0.00070897,0.00083206,0.0029844,0.0020668,0.00029666,0.00040854,0.00020924,0.00028911,0.0016348,0.0017823,0.00059277,0.00067402,0.00075106,0.00088418,0.00095709,0.00051,0.00020748,0.00018615,0.00029553,9.2403e-05,0.00022997,0.00088411,0.0020124,0.0019866,0.0012052,0.0002029,0.00026615,0.00012238,0.00012969,0.00032999,0.00041498,0.0012125,0.006378,0.0065342,0.0017612,0.0035294,0.018244,0.051295,0.03522,0.0048685,0.0019111,0.0086194,0.009548,0.0020592,0.00029121,0.00062113,0.00047251,0.00051108,0.00092739,0.00041023,0.00042576,0.00039171,0.00020581,0.00017132,0.00045888,0.00050281,0.00035206,0.00097064,0.00051212,0.00071782,0.0016753,0.001303,0.00019667,0.00058066,0.0006118,0.0010022,0.0017076,0.0012516,0.00046341,0.00058813,0.0011973,0.00079051,0.0003032,0.0002692,0.00097475,0.0011058,0.00044904,0.00053059,0.0011262,0.001731,0.0011052,0.0010918,0.0021645,0.0027915,0.0026229,0.0011754,0.0022634,0.0037755,0.002882,0.001442,0.00127,0.0013678,0.0020665,0.0045761,0.0033259,0.0024755,0.011594,0.056984,0.060089,0.014598,0.0010356,0.015836,0.03932,0.024854,0.0029295,0.00086147,0.005215,0.006542,0.0019445,0.00095579,0.0012116,0.0011542,0.00056398,0.00024375,0.00035162,0.0010596,0.0018367,0.0022579,0.0013122,0.0017827,0.0014262,0.0026372,0.002362,0.0011531,0.0008214,0.0011415,0.0010743,0.00068281,0.0011621,0.0011891,0.001674,0.0027208,0.0023035,0.00016841,0.0016734,0.00051827,0.0005875,0.00098243,0.0024151,0.0017851,0.00057157,0.00057076,0.00050363,0.00043137,0.00039882,0.00043277,0.00028113,0.00083196,0.00072635,0.0003052,0.00023226,0.0010024,0.0019901,0.0014746,0.00055245,0.0012839,0.00051241,0.00032923,0.00024958,0.00044273,0.00023623,0.0036968,0.017211,0.020326,0.0049471,0.001856,0.010192,0.024212,0.015735,0.00050793,0.002581,0.0050115,0.0060406,0.0024638,0.00051313,0.00027188,0.00040152,0.00050141,0.0003726,0.0013052,0.0018127,0.0020959,0.0010557,0.0010592,0.001172,0.00018501,0.00095823,0.0010292,0.001142,0.0013184,0.0014965,0.0016303,0.00031977,0.0018842,0.001814,0.0068095,0.008781,0.0046552,0.0012293,0.0029431,0.00078321,0.00057401,0.00069326,0.00022423,0.00067641,0.00099713,0.00065435,0.00041229,0.00038611,0.0012387,0.0013749,0.0007641,0.00065238,0.00072957,0.0012403,0.00034202,0.00025842,0.0007671,0.00083793,0.00060618,0.0012263,0.0013806,0.00066855,0.0016225,0.00098844,0.00056612,0.0051995,0.014121,0.006598,0.0050675,0.0067132,0.042426,0.053501,0.016663,0.0010928,0.003813,0.0011585,0.0019426,0.0017342,0.00017316,0.0019358,0.00099737,0.0017075,0.00046375,0.00050869,0.00068781,0.0004706,0.00072024,0.00031665,0.0016562,0.00063919,0.00074717,0.00043105,0.00035009,0.00062682,0.00058259,0.00047397,0.00064664,0.0022212,0.0015421,0.00057984,0.00073208,0.0010302,0.00069408,0.00061417,0.0013188,0.0022257,0.0015337,0.0013844,0.003141,0.0024071,0.0016744,0.0013037,0.001276,0.0010805,0.0020562,0.0017194,0.00071936,0.0022392,0.00036954,0.0042995,0.0038502,0.0011575,0.0044046,0.0037293,0.0015913,0.0047023,0.0016106,0.00061453,0.003024,0.0025858,0.0090059,0.0063364,0.011835,0.026137,0.025929,0.18768,0.23994,0.073986,0.011772,0.010312,0.0241,0.01013,0.0014753,0.0085675,0.0072515,0.011832,0.01447,0.01102,0.0098572,0.0092095,0.0052542,0.0073771,0.0065627,0.0087943,0.0054051,0.003226,0.011373,0.0034671,0.0068798,0.0031396,0.0025358,0.0028294,0.003141,0.0034281,0.002649,0.0026467,0.0037759,0.0021184,0.0062009,0.0021182,0.00094054,0.0017423,0.0025194,0.010921,0.017847,0.010295,0.0022854,0.0025778,0.003151,0.0024274,0.0015583,0.0012559,0.00074837,0.0010225,0.003277,0.0024722,0.0012339,0.0018139,0.00036641,0.0010034,0.0018088,0.0028737,0.0025994,0.0012344,0.002386,0.0032112,0.010477,0.0022614,0.015109,0.014271,0.11587,0.15307,0.048918,0.0040183,0.0058476,0.010504,0.010053,0.0031594,0.0028474,0.004312,0.00048873,0.0017117,0.0013134,0.0027152,0.0020797,0.0031013,0.0020477,0.0047384,0.0022956,0.0019453,0.0026583,0.0023912,0.0027483,0.00463,0.0023915,0.0012644,0.00061144,0.0053018,0.005533,0.0030442,0.00604,0.0038188,0.004254,0.0018877,0.00057843,0.00065712,0.0019199,0.003468,0.0021259,0.00021811,0.00077143,0.00011963,0.00064218,0.00048287,0.00053631,0.00049543,0.000555,0.0005563,0.001053,0.0012327,0.0015227,0.0013316,0.00010676,0.0012789,0.0011927,0.0013212,0.00057549,0.0013755,0.00060275,0.001548,0.0020101,0.0045249,0.0032152,0.0018578,0.0034905,0.010375,0.021189,0.013648,0.0083324,0.0062563,0.011405,0.0091537,0.0055432,0.002325,0.0020325,0.0020314,0.0019798,0.0019955,0.0019146,0.0007752,0.0016729,0.0013284,0.00077636,0.0010171,0.002114,0.00054143,0.0021748,0.0016366,0.00081837,0.0014432,0.0016906,0.00066207,0.0021529,0.0015508,0.0012691,0.0016722,0.00022671,0.0016039,0.0022261,0.0009338,0.0023576,0.0024823,0.004729,0.00093372,0.0022273,0.0023201,0.0016684,0.0023629,0.0020701,0.00154,0.0021814,0.001855,0.00044478,0.0012,0.0020272,0.0033962,0.0019548,0.0012012,0.0024654,0.0044668,0.0028106,0.00057778,0.0026299,0.002558,0.0029229,0.0018809,0.0018358,0.0046921,0.011578,0.017252,0.029231,0.063029,0.040138,0.011938,0.0076927,0.0045014,0.0048449,0.0058713,0.0026198,0.0041239,0.0045582,0.0064275,0.0057658,0.003765,0.0035079,0.0058158,0.0070601,0.00456,0.0036194,0.0062039,0.0053697,0.0018154,0.0047267,0.00064678,0.0039243,0.0017337,0.0059501,0.0059779,0.0071494,0.0042437,0.0016536,0.0021859,0.0028669,0.001029,0.00082531,0.0012438,0.0016271,0.0023398,0.00088409,0.001523,0.00096687,0.00076674,0.0019862,0.0025652,0.0017067,0.0021476,0.0027542,0.0024103,0.0028706,0.0042187,0.0017859,0.002681,0.0010274,0.0036134,0.0030833,0.0001678,0.0028154,0.0016141,0.0037757,0.0032121,0.0033822,0.012858,0.01911,0.014041,0.018157,0.046755,0.098936,0.060822,0.028593,0.014399,0.0138,0.0054569,0.008743,0.0078728,0.0056044,0.003793,0.0046371,0.0018745,0.0064295,0.0060554,0.00024842,0.0042346,0.0025743,0.0044671,0.002285,0.0075946,0.0069155,0.0016877,0.0010479,0.0021097,0.0045735,0.0036004,0.0011723,0.0010058,0.0039387,0.0095494,0.0092576,0.0068889,0.0029367
0.0019737,0.0035705,0.0024609,0.0010612,0.00041107,0.00059505,0.0025119,0.002413,0.0013985,0.0011718,0.00069856,0.0011892,0.0023126,0.0024245,0.0010555,0.0012535,0.0023699,0.0029454,0.0035585,0.0034958,0.0020642,0.0022828,0.0033295,0.0036835,0.0035514,0.001372,0.0017678,0.0027257,0.0032936,0.00227,0.0022251,0.0056197,0.019582,0.02225,0.0098377,0.0027789,0.0057352,0.011117,0.0045969,0.0018399,0.0023071,0.0017092,0.0020442,0.0014858,0.0021208,0.0018236,0.00078507,0.0011008,0.0016813,0.0010634,0.003126,0.0011465,0.0010158,0.0012646,0.0012827,0.00054189,0.00056165,0.0017144,0.0032462,0.0021875,0.00070593,0.0025467,0.0026867,0.0024347,0.0017362,0.0027568,0.0043226,0.0071787,0.0066419,0.002912,0.0030397,0.0040963,0.0045865,0.0036793,0.001908,0.0021545,0.0033725,0.0027352,0.0022185,0.0025811,0.0048338,0.0045103,0.001791,0.0030505,0.0030646,0.0010683,0.0022603,0.0012207,0.00086827,0.0017228,0.0033995,0.002569,0.0039267,0.0065675,0.00596,0.0080478,0.006494,0.016059,0.0212,0.012627,0.002355,0.014542,0.02039,0.013516,0.0088006,0.0041044,0.0030794,0.00071246,0.0038096,0.0042848,0.002432,0.0030369,0.002686,0.0022859,0.0034991,0.0030103,0.0022999,0.0011082,0.0028264,0.0018596,0.0017561,0.0024713,0.0023561,0.0023818,0.0037208,0.0008638,0.0056256,0.0047832,0.0022347,0.0034506,0.0015106,0.00295,0.0022354,0.00069609,0.00052634,0.001253,0.00077997,0.0024898,0.001962,0.00357,0.0034101,0.001949,0.0014781,0.0011169,0.001029,0.0013596,0.00090081,0.0012751,0.0011495,0.0010598,0.0020712,0.0014544,0.00028351,0.00032411,0.00052709,0.00068788,0.00092367,0.0042565,0.0073487,0.0037293,0.00213,0.0013165,0.011362,0.016021,0.0063159,0.0024226,0.0094699,0.019875,0.010545,0.0015009,0.00055344,0.00096244,0.0014947,0.0010339,0.00028823,0.00026222,0.00026043,0.00073863,0.00036417,0.00088679,0.0013617,0.00088103,0.00034282,0.00036875,0.00082157,0.0011364,0.0017591,0.0014762,0.0002943,0.0010801,0.000974,0.0014376,0.0026325,0.0036499,0.0081309,0.0004655,0.00073073,0.00069305,0.00036435,0.00046562,0.00062513,0.00040192,0.00039974,0.00067978,0.00037408,0.00067726,0.00050088,0.00022063,0.00070276,0.0016985,0.0014345,0.0010319,0.00064159,0.0006929,0.00018393,0.00067015,0.00034421,0.00052653,0.00052706,0.00074855,0.00040766,0.00068676,0.0011798,0.0071422,0.0045064,0.0029061,0.0065722,0.027329,0.050573,0.028063,0.0028786,0.0042404,0.0097259,0.0096395,0.0016564,0.0012649,0.00086371,0.00069201,0.00059231,0.00026867,0.00060188,0.00056215,0.00038622,0.00092257,0.00083044,0.00086129,0.0010316,0.00039952,0.00063841,0.00019534,0.001038,0.00045343,0.00045143,0.00080837,0.00037167,0.00082471,0.00017227,0.00063695,0.0015081,0.0028096,0.0023115,0.00097293,0.00040242,0.00071239,0.0012452,0.0022926,0.0016379,0.0015523,0.0011207,0.0010193,0.0013468,0.0010281,0.0020925,0.00092245,0.00066894,0.0022618,0.0044515,0.0041519,0.0011851,0.0011609,0.0013221,0.0015226,0.00064486,0.0016782,0.0032067,0.0019082,0.010073,0.024267,0.065052,0.047832,0.011536,0.011484,0.033275,0.040011,0.016697,0.0025167,0.0038428,0.0055708,0.0028534,0.00092889,0.002076,0.0012781,0.0019527,0.0011133,0.00084101,0.00037007,0.0007136,0.00014067,0.00028294,0.00060426,0.0021693,0.0019809,0.00056953,0.0012707,0.0010323,0.00066075,0.0012263,0.00080715,0.0020845,0.0019883,0.0019413,0.0016015,0.0017649,0.00052927,0.00076655,0.0012266,0.0012078,0.00087504,0.00025689,0.00052025,0.00072561,0.00035526,0.00054727,0.00073047,0.00047255,0.00034391,0.00061631,0.00056672,0.00068058,0.0013072,0.0017963,0.0012967,0.00096996,0.00028177,0.00061642,0.00010361,0.00027338,0.00038101,0.001267,0.0031721,0.0017888,0.0024376,0.0088581,0.022172,0.014915,0.0037994,0.0053221,0.019795,0.025236,0.00852,0.0024549,0.00080648,0.0026503,0.002341,0.00082759,0.00080822,0.0022951,0.0017464,0.0016197,0.00080083,0.00050716,0.0013281,0.002032,0.00073929,0.00054135,0.00023635,0.0011519,0.00020706,0.0012327,0.0010419,0.0018175,0.0013171,0.0018561,0.0017197,0.0014297,0.0043293,0.0040247,0.0025074,0.0031364,0.0034525,0.00016777,0.00036061,0.00061759,0.0015466,0.0010544,0.0007839,0.0015083,0.0007954,0.00099589,0.00092749,0.00068782,0.0011361,0.00054478,0.00042869,0.00029172,0.00091155,0.0010872,0.00058482,0.0015161,0.0019791,0.00066641,0.0016992,0.0021815,0.0011711,0.00086857,0.001965,0.00469,0.003682,0.01224,0.011564,0.0058439,0.025338,0.041196,0.046415,0.019772,0.0094943,0.0046102,0.0027814,0.0017185,0.0020673,0.0030596,0.0019603,0.0012263,0.0013425,0.001407,0.0010501,0.002014,0.0020635,0.00066878,0.00078398,0.00050806,0.00059595,0.00051045,0.0011232,0.0012572,0.0013144,0.0012918,0.001566,0.0010185,0.0013156,0.00097505,0.00032323,0.00047998,0.0012482,0.0017542,0.0017242,0.0028894,0.002809,0.0044914,0.0034453,0.0047397,0.003742,0.0067316,0.0039529,0.0019498,0.0051171,0.0061194,0.004224,0.0068902,0.0041962,0.007342,0.0042313,0.0057656,0.0029514,0.0060451,0.011475,0.010691,0.012687,0.0078465,0.0051783,0.010682,0.0072888,0.017531,0.026499,0.024213,0.016118,0.086189,0.1573,0.18967,0.084785,0.053667,0.014972,0.022229,0.007112,0.026047,0.026051,0.0080931,0.010339,0.015487,0.0072768,0.0082514,0.0037593,0.002617,0.0052669,0.0046893,0.0027936,0.0017585,0.0033057,0.0035919,0.0058225,0.0041908,0.00063334,0.0056842,0.0034665,0.0033936,0.0026994,0.004906,0.0036331,0.0024293,0.0014996,0.0018873,0.0044462,0.012929,0.017073,0.0034357,0.0063942,0.003999,0.0028625,0.0036886,0.0039954,0.0044553,0.0028587,0.0038439,0.0030655,0.0020211,0.004345,0.0050535,0.005932,0.0051985,0.0049062,0.0058526,0.0034622,0.0062231,0.0080225,0.0064377,0.0090509,0.0086376,0.0096763,0.011092,0.011237,0.012872,0.045486,0.087692,0.12121,0.060515,0.028749,0.018551,0.002643,0.0078555,0.0042135,0.0030522,0.0042333,0.0026382,0.0037385,0.003792,0.0034568,0.0025111,0.0045263,0.0047557,0.0020233,0.0026724,0.0038313,0.0028134,0.0020904,0.0028558,0.0034533,0.002939,0.0015373,0.0018596,0.001744,0.0033982,0.0040782,0.0058892,0.0008983,0.0024683,0.00079872,0.00071634,0.0013363,0.0014891,0.0014167,0.00106,0.00071535,0.0002833,0.00042411,0.00014087,0.0007732,0.00081746,0.00085628,0.00034726,0.00087256,0.0016099,0.00069337,0.00081846,0.00029876,8.1219e-05,0.00023768,0.00047616,0.00030889,0.00079964,0.00083501,0.00072934,0.00054591,0.001349,0.0017824,0.0023725,0.00048687,0.0029003,0.011632,0.030038,0.019959,0.0059946,0.0022675,0.011347,0.011049,0.0044019,0.0017608,0.00020928,0.00055752,0.00092903,0.00024702,0.00082535,0.00035009,0.00031734,0.00044419,0.0004472,0.0012889,0.0010728,0.000259,0.00072439,0.0009802,0.0011993,0.00030882,0.0008556,0.00040616,0.0015045,0.0016404,0.0013846,0.001517,0.00093155,0.0014165,0.0014543,0.00018119,0.00066841,0.0010195,0.0016343,0.0018072,0.0032724,0.001207,0.00071262,0.001213,0.0012625,0.0019552,0.0028709,0.0013138,0.00074776,0.00025007,0.0029194,0.0051983,0.00287,0.0017167,0.0011941,0.0035947,0.0012806,0.0012304,0.00044321,0.0018472,0.0015671,0.0066699,0.0099493,0.0042765,0.0050282,0.013397,0.042973,0.059955,0.023494,0.0038366,0.00261,0.0039633,0.0022637,0.0038088,0.0034364,0.0013789,0.00043107,0.0015141,0.0020818,0.0032896,0.0021451,0.0037711,0.0034826,0.00047466,0.0015352,0.002169,0.0035142,0.0027364,0.0032091,0.0024673,0.004266,0.0045377,0.0019269,0.004618,0.0014148,0.0027163,0.0018311,0.0026351,0.0018343,0.0010321,0.0026142,0.0012579,0.00037337,0.001093,0.0009756,0.00066936,0.00039803,0.0008565,0.0013036,0.0010478,0.0022353,0.001885,0.002673,0.0022427,0.00046084,0.0016833,0.0016137,0.0011148,0.00078349,0.0010849,0.0021584,0.00046484,0.0010423,0.0010753,0.0015875,0.0042261,0.0058683,0.018199,0.013658,0.009085,0.01293,0.063182,0.09599,0.043059,0.0098931,0.0041881,0.0099651,0.0088426,0.002127,0.0021102,0.00037905,0.00064427,0.0020704,0.00025897,0.0022317,0.00097356,0.0024492,0.0033214,0.0029682,0.0017146,0.0044219,0.0065934,0.00059675,0.0046614,0.0031632,0.0029123,0.0012979,0.0028579,0.0031523,0.0034273,0.0057961,0.0053174,0.0026163,0.0057594
0.002783,0.0033833,0.0015782,0.0023512,0.0031178,0.002898,0.0018995,0.00053871,0.0028731,0.0032472,0.0025042,0.00071421,0.001185,0.00072176,0.0011077,0.0021981,0.0033438,0.0014842,0.001739,0.00060385,0.0007532,0.0010376,0.0013288,0.00096541,0.0015818,0.0019101,0.0023405,0.003851,0.0030826,0.0049185,0.0042974,0.0023518,0.0017825,0.010148,0.013273,0.00639,0.0024869,0.0046684,0.0074859,0.0018866,0.00066477,0.0011207,0.0013397,0.0018826,0.00099073,0.00046315,0.00050011,0.0002194,0.0019565,0.0021089,0.00073739,0.0011976,0.0017467,0.00237,0.0022869,0.0015922,0.00098547,0.0022002,0.0022582,0.001424,0.0012223,0.0011924,0.0014827,0.0021858,0.0012006,0.00031976,0.0019084,0.0022401,0.0012691,0.001686,0.0021602,0.0023656,0.00076612,0.00012525,0.0018025,0.0016528,0.0015152,0.0018499,0.00074591,0.002522,0.00075018,0.0018619,0.00097772,0.0037716,0.0029515,0.0006045,0.002171,0.0021812,0.0022667,0.0025465,0.0011301,0.0031731,0.0027763,0.012626,0.013344,0.0055009,0.0075816,0.00033917,0.037786,0.053607,0.031058,0.01225,0.018432,0.049137,0.03837,0.016245,0.0063601,0.0042563,0.0033531,9.1389e-05,0.0031181,0.0033403,0.0023224,0.0019509,0.0021914,0.0034014,0.0020215,0.0015931,0.0033523,0.002056,0.00038603,0.00076699,0.0026931,0.0041621,0.00097255,0.0025383,0.0015796,0.0013107,0.0025413,0.0017977,0.00070256,0.0025165,0.0015184,0.00064449,0.00034907,0.001467,0.0014827,0.0012616,0.00048696,0.0022496,0.0019367,0.0016173,0.0015419,0.0010797,0.002362,0.0016937,0.0012042,0.00064324,0.00046918,0.0011205,0.0010623,0.0010356,0.00073567,0.00039919,0.0005003,0.0005529,0.0014723,0.00046461,0.0043817,0.0052804,0.0028564,0.0029198,0.0011614,0.016863,0.022526,0.0096612,0.0057314,0.0043414,0.01762,0.012945,0.0045225,0.0012761,0.00026622,0.00043288,0.00046024,0.00023893,0.00054919,0.00037305,0.00037147,0.0006784,0.0005991,0.0011997,0.001414,0.00039947,0.0015601,0.0015381,0.00079278,0.0008238,0.0015569,0.0016924,0.0022774,0.0031285,0.0052201,0.008233,0.0031837,0.00101,0.00068274,0.00048398,0.0006498,0.00044911,0.00064664,0.00079189,0.00099454,0.00071599,0.00034722,0.0010164,0.0013633,0.00089987,0.00077595,0.00011379,0.00051064,0.0010509,0.0014848,0.0011309,0.00091359,0.00061507,0.0011573,0.00096722,0.0012318,0.0021744,0.0022647,0.0015293,0.002119,0.0031381,0.0010356,0.0053982,0.012032,0.011219,0.034665,0.039908,0.022816,0.014568,0.013043,0.010443,0.0030071,0.0060785,0.0047391,0.0028859,0.0024216,0.0028305,0.0018959,0.002146,0.0020202,0.0022527,0.0016058,0.0012735,0.0011605,0.0021075,0.002016,0.00092414,0.0015451,0.0012196,0.0011642,0.0015812,0.00073291,0.001282,0.0024683,0.0024582,0.0015088,0.0021085,0.0029821,0.0024859,0.001589,0.0013317,0.00084561,0.0027907,0.0010914,0.002603,0.004204,0.0030992,0.001355,0.0010665,0.0028474,0.0027197,0.0027685,0.0027665,0.0035005,0.0025344,0.0048202,0.0055646,0.0051346,0.0042123,0.0057867,0.0073084,0.0068677,0.0058403,0.014879,0.015592,0.051309,0.056554,0.02973,0.0086197,0.0044354,0.039259,0.042647,0.033024,0.018981,0.0093423,0.0092625,0.0063984,0.0030791,0.0040735,0.0017288,0.0014991,0.0045805,0.0044956,0.0018562,0.0014935,0.002597,0.0020961,0.0019156,0.0031783,0.0026508,0.00059835,0.0024144,0.0024941,0.0010287,0.0020712,0.0021589,0.0014109,0.0022929,0.0038954,0.0031939,0.0023099,0.0035447,0.0010756,0.00064988,0.00095198,0.0014762,0.0013138,0.00051358,0.00017128,0.00030499,0.00068799,0.0011599,0.00090055,0.0011099,0.001998,0.0023158,0.0014443,0.0013075,0.0013679,0.0005173,0.002071,0.0020918,0.00080902,0.0018889,0.0029468,0.0046532,0.0055586,0.0023096,0.0046745,0.0083342,0.017883,0.014986,0.0095243,0.011461,0.010488,0.017886,0.013769,0.0087244,0.0064841,0.0059244,0.0060776,0.0028946,0.00091081,0.0012729,0.0032495,0.0042218,0.0026352,0.0017631,0.001303,0.00065581,0.0012795,0.0014816,0.00072163,0.0011034,0.0015185,0.00048624,0.00057213,0.00030992,0.00072705,0.00069997,0.0012582,0.0011279,0.00031419,0.00067825,0.00053487,0.001186,0.00046262,0.0018689,0.0010464,0.00040329,6.3425e-05,0.00084018,0.001273,0.0010109,0.0010164,0.00081899,0.00020382,0.00051358,0.0008754,0.0010706,0.00087276,0.00060643,0.00093391,0.00075729,0.0010292,0.0017457,0.0012189,0.0011194,0.00092973,0.0014082,0.0023334,0.0020268,0.0028083,0.0037819,0.0058004,0.0025716,0.010403,0.0081631,0.013335,0.020566,0.01617,0.034805,0.020734,0.0087016,0.0068622,0.0064985,0.0041743,0.0028729,0.0026932,0.0027277,0.0026792,0.0033978,0.0035618,0.0027633,0.0018729,0.0026268,0.0036094,0.0036207,0.0035406,0.0037115,0.0025844,0.0022563,0.0024144,0.0016455,0.00040046,0.0016501,0.0033854,0.0034827,0.0016712,0.0015432,0.0037732,0.0025394,0.0041076,0.0042421,0.0016967,0.0012102,0.0015811,0.0036262,0.0054018,0.0074018,0.007487,0.0054304,0.0030926,0.00068524,0.0031934,0.0059691,0.0083462,0.0079824,0.0053928,0.0017608,0.00098416,0.0029118,0.0017866,0.0030001,0.0039579,0.0087475,0.0057353,0.0035767,0.0068511,0.0079116,0.0094942,0.020873,0.034361,0.045283,0.091413,0.055645,0.15183,0.10387,0.052342,0.028487,0.012004,0.0040081,0.0067769,0.0065643,0.0037917,0.016434,0.019393,0.013776,0.0091971,0.0067426,0.006973,0.0044955,0.0030334,0.0056697,0.0070094,0.0055858,0.0061945,0.0076482,0.0071311,0.0066235,0.0066492,0.0074075,0.0054837,0.0031133,0.0051341,0.0050317,0.0041244,0.013363,0.0074796,0.0068668,0.0040139,0.0039456,0.0024189,0.002672,0.0043562,0.0032563,0.0028782,0.0028984,0.0029844,0.0033821,0.0036202,0.0029829,0.0026788,0.0055015,0.0066303,0.0050483,0.0040223,0.0041831,0.0053233,0.0070664,0.0079672,0.0090381,0.0078913,0.0057081,0.0069335,0.0091958,0.018705,0.027903,0.04213,0.067753,0.041186,0.11157,0.071223,0.03148,0.024089,0.024721,0.02185,0.013801,0.00796,0.0066662,0.0047583,0.0040867,0.0055837,0.0053749,0.0066806,0.0086693,0.0069862,0.0035795,0.0036093,0.0057695,0.0041545,0.0030835,0.0026416,0.00082892,0.0034846,0.0078428,0.0076356,0.0042659,0.0030383,0.0039041,0.0030066,0.0043438,0.00041521,0.00057234,0.00060189,0.0003528,0.00079457,0.001097,0.0003679,0.00056895,0.00034348,0.00060483,0.00069444,0.0011448,0.00084515,0.0011405,0.00043924,0.00094608,0.0015439,0.00095048,0.00047968,0.00073148,0.0012653,0.0013076,0.0010827,0.0012381,0.0017628,0.0017069,0.0019558,0.0011482,0.0021308,0.0020721,0.0053241,0.0079194,0.0078376,0.027637,0.032794,0.020228,0.016829,0.011526,0.018257,0.0096636,0.0035432,0.0018169,0.00067277,0.00028931,0.00086642,0.0014413,0.00091668,0.0012572,0.0012092,0.00020665,0.00011816,0.00068276,0.00074204,0.00091449,0.00094373,0.0013446,0.0012408,0.00099831,0.00015825,0.0013702,0.0024861,0.0026476,0.0020442,0.0021082,0.00025498,0.0026728,0.0019361,0.00089557,0.001109,0.0024482,0.0021677,0.00067398,0.0015142,0.0028043,0.0024534,0.00081769,0.00031441,0.0014617,0.0017773,0.00076192,0.00070271,0.0013334,0.0004703,0.0015719,0.0025926,0.002095,0.0011376,0.0014893,0.00063968,0.003377,0.0054081,0.0020492,0.0045519,0.0084177,0.0024751,0.0061465,0.012357,0.0067185,0.034332,0.031208,0.012242,0.009798,0.0066114,0.0062187,0.0087949,0.0065949,0.0023465,0.0028393,0.0039418,0.0036162,0.0025654,0.0016772,0.0026454,0.0043768,0.0043937,0.0017539,0.0034062,0.0060399,0.0042752,0.0012145,0.00222,0.00098213,0.0041948,0.0064614,0.0055685,0.0027458,0.0010936,0.0031403,0.0015711,0.0020246,0.0024258,0.0016826,0.0017855,0.0023025,0.0029098,0.0021921,0.002792,0.0020743,0.0012554,0.0027415,0.002519,0.0028499,0.0031403,0.00045361,0.002248,0.0026387,0.0024178,0.0034335,0.0034341,0.003436,0.0030166,0.0031725,0.0039484,0.0040421,0.0065358,0.0047218,0.0063476,0.006822,0.017659,0.011115,0.007507,0.023989,0.021357,0.07839,0.065847,0.03779,0.023357,0.011201,0.0077261,0.010116,0.005368,0.0047902,0.0039958,0.0040804,0.0028002,0.0013832,0.00062033,0.00069886,0.00091721,0.00067989,0.0024023,0.0013112,0.0015421,0.0022775,0.00079031,0.0042101,0.0039472,0.0017744,0.00069804,0.0006838,0.0026287,0.0025324,0.0016641,0.0024219,0.003629
0.0023119,0.0028062,0.0018323,0.0014609,0.00095628,0.00011312,0.00092262,0.0021899,0.0027648,0.00098763,0.00026567,0.00089257,0.0022355,0.0040405,0.002002,0.00031749,0.0020356,0.002002,0.0020544,0.0019793,0.00079496,0.0017476,0.0020641,0.0026758,0.0031775,0.0015493,0.0021581,0.0010398,0.0017162,0.0014637,0.0014348,0.0023557,0.015556,0.019517,0.0069683,0.0019284,0.0045493,0.010668,0.0092327,0.0010269,0.00089129,0.00083013,0.0022389,0.0041031,0.0016298,0.0024693,0.0026609,0.0036679,0.0023901,0.00060634,0.00080719,0.0027585,0.0023127,0.0021901,0.0022961,0.0040785,0.0023189,0.0026873,0.0020848,0.0026725,0.001166,0.0006135,0.0026111,0.000913,0.0012579,0.00068377,0.0011856,0.0022999,0.0028856,0.0024247,0.0012146,0.0015219,0.00077675,0.001194,0.0015935,0.0024233,0.0018023,0.0019328,0.001695,0.0041795,0.0047311,0.0010642,0.0010623,0.0031042,0.001561,0.0031786,0.0018449,0.0016979,0.0015796,0.0027606,0.0014306,0.0026976,0.0071353,0.01367,0.010694,0.0035591,0.0055019,0.020987,0.052241,0.03772,0.0083925,0.0057917,0.04186,0.049844,0.021947,0.00171,0.0018698,0.0024577,0.0044532,0.0026496,0.0027263,0.0041631,0.0012345,0.0038035,0.00058377,0.0032252,0.002012,0.0033487,0.003598,0.0027683,0.0028992,0.003116,0.0016047,0.0028651,0.0017417,0.0013354,0.0025833,0.0037912,0.0047181,0.0039528,0.0017666,0.0023569,0.0030507,0.001494,0.00044376,0.0011436,0.0025702,0.0031587,0.0027932,0.0014868,0.00070226,0.0032709,0.0048919,0.0028985,0.0012618,0.0013295,0.0015339,0.00097817,0.0014306,0.00094424,0.00061799,0.00058199,0.0017611,0.0010686,0.00083328,0.0022045,0.0032542,0.0072239,0.010887,0.0054657,0.0017712,0.00019916,0.012163,0.019062,0.012164,0.0047635,0.0017955,0.014217,0.01975,0.0082321,0.0015868,0.00059726,0.001631,0.0020254,0.0015177,0.00044956,0.00046342,0.00052691,0.00064234,0.0013113,0.00056866,0.0014454,0.00071409,0.0013203,0.0015425,0.00090971,0.0015223,0.0024736,0.0025855,0.0037903,0.0013795,0.00039771,0.0026204,0.00825,0.0092021,0.0018358,0.0014311,0.0010312,0.00088278,0.00047985,0.00085882,0.0010704,0.0008439,0.0011063,0.0011767,0.0012841,0.0014983,0.00091917,0.00053523,0.0012603,0.0023358,0.0021065,0.001085,0.00054344,0.0011338,0.001553,0.0017991,0.002467,0.0026178,0.0026813,0.0032037,0.0046302,0.0073432,0.0097549,0.0078149,0.0047049,0.0068205,0.031492,0.041204,0.0071528,0.01737,0.016665,0.016226,0.011883,0.0020099,0.0069986,0.0041208,0.0028388,0.0036372,0.0026124,0.0016077,0.001936,0.0017677,0.0022813,0.0026494,0.0019199,0.0014724,0.0015457,0.0016878,0.0019228,0.0018738,0.0015695,0.0014813,0.0018779,0.0024072,0.0023764,0.0017758,0.0017408,0.0023926,0.0035675,0.0014336,0.0014896,0.0018271,0.0016773,0.0012757,0.0010693,0.00048112,0.0001296,0.00097896,0.0016384,0.0019069,0.002424,0.0015008,0.0011798,0.0022448,0.003278,0.0069775,0.0047361,0.0022573,0.0017152,0.00227,0.0022685,0.0032089,0.0039741,0.0063201,0.0097958,0.0097147,0.046331,0.048151,0.0094331,0.035197,0.035043,0.052333,0.037023,0.008957,0.014047,0.010656,0.0099168,0.0044494,0.0026666,0.0028754,0.0022549,0.00053458,0.002247,0.0012669,0.0025293,0.0022196,0.00076359,0.0012891,0.00089074,0.00094664,0.001534,0.0033115,0.0029464,0.00061964,0.0028715,0.0032669,0.0030915,0.0015331,0.002307,0.0031336,0.0017771,0.0011071,0.0015826,0.0014557,0.00074546,0.00092882,0.0013776,0.0017802,0.0022923,0.0022179,0.0016152,0.00099958,0.0013901,0.002205,0.0019625,0.0015844,0.0014287,0.0011905,0.0023475,0.0034776,0.0023921,0.001283,0.0016376,0.0021726,0.0022821,0.0020114,0.0016722,0.00089337,0.0038446,0.0083271,0.010172,0.02019,0.019621,0.0061317,0.0059154,0.0029502,0.013352,0.012192,0.0054786,0.008951,0.0059018,0.0066921,0.0052509,0.0036896,0.002581,0.0019018,0.00085967,0.0022575,0.0019303,0.00099929,0.0013396,0.001829,0.00068603,0.00098685,0.0023639,0.0015559,0.0029183,0.00055505,0.0014025,0.00035962,0.0019996,0.0014981,0.002656,0.00040097,0.0014971,0.0019647,0.0036949,0.0010475,0.0024293,0.00028361,0.00080378,0.00054381,0.00057123,0.0001414,0.00061086,0.00091787,0.0016306,0.0022239,0.0019604,0.0012983,9.0959e-05,0.0010429,0.00027412,0.0010997,0.0022695,0.0018176,0.0015844,0.0019061,0.0022203,0.0022773,0.0019819,0.0029688,0.0030803,0.0040356,0.0035732,0.0060268,0.0086043,0.01106,0.0099012,0.011343,0.017053,0.013506,0.040573,0.02881,0.0067799,0.0073999,0.0082403,0.0081171,0.0032079,0.0045531,0.0038172,0.0037871,0.0045087,0.003054,0.0027139,0.0027921,0.0035535,0.0031665,0.0022121,0.0022596,0.0017205,0.0029243,0.0030099,0.0010579,0.0019422,0.0026279,0.0013919,0.00059008,0.0010028,0.0019394,0.0016502,0.0012313,0.0030185,0.0039333,0.0050934,0.0056953,0.0066195,0.0092636,0.0078982,0.0075907,0.0090747,0.0069355,0.0040075,0.0052941,0.0056717,0.0013413,0.0038518,0.0036737,0.0017941,0.0039291,0.0041407,0.0066292,0.0049365,0.0067316,0.012992,0.011714,0.007934,0.0038135,0.0091493,0.014729,0.023691,0.010989,0.013127,0.037758,0.059729,0.086728,0.043049,0.1478,0.13689,0.065553,0.054757,0.021081,0.016434,0.018891,0.018276,0.01609,0.015215,0.018111,0.013072,0.011849,0.011718,0.0080793,0.0092592,0.0081212,0.0068294,0.0049687,0.0059809,0.0029377,0.0050902,0.009709,0.0081374,0.0032555,0.0054331,0.002586,0.006899,0.006956,0.0045433,0.005447,0.0075754,0.0004401,0.010418,0.014157,0.01029,0.0036898,0.0024179,0.0039574,0.0041188,0.0051746,0.00415,0.0033159,0.0018373,0.0018218,0.0044147,0.0044092,0.0042803,0.0033284,0.0033917,0.0042491,0.0058269,0.0062939,0.0069488,0.0058798,0.0043309,0.0071787,0.014084,0.01543,0.0056288,0.0083663,0.016716,0.037989,0.057562,0.047971,0.10252,0.085734,0.037548,0.028421,0.030452,0.020604,0.0095359,0.010163,0.011847,0.012866,0.0052171,0.006485,0.0065246,0.0050739,0.0079809,0.0071943,0.0058711,0.0048091,0.0016645,0.0030708,0.0036552,0.0063111,0.0040584,0.0040938,0.0034378,0.0044596,0.0050633,0.003115,0.001265,0.0005687,0.0050223,0.0080216,0.0019341,0.0012384,0.0014488,0.0012276,0.00080467,0.00057139,0.0016558,0.0010307,0.00049003,0.00083032,0.001068,0.00088789,0.00044889,0.0011407,0.00080433,0.0009082,0.0017152,0.0018381,0.0012703,0.0018526,0.0017556,0.0014748,0.0013687,0.0020047,0.002723,0.0022983,0.0025654,0.0033566,0.0031156,0.0063988,0.0072254,0.0066814,0.021818,0.032903,0.012189,0.0088065,0.0074383,0.0058594,0.0037643,0.0061747,0.0094776,0.0056388,0.0050974,0.0035265,0.0025583,0.0028829,0.003016,0.0032971,0.0026016,0.0016959,0.0020867,0.0026408,0.0024133,0.0025037,0.0022655,0.00063088,0.00036833,0.00095448,0.00022575,0.00026406,0.00085427,0.00087929,0.0011215,0.001309,0.0029707,0.0026167,0.002264,0.0021067,0.0015193,0.002627,0.0036093,0.0018256,0.0011818,0.0020797,0.003585,0.0016118,0.0015945,0.0016181,0.0018154,0.0014519,0.0052459,0.0020143,0.0028834,0.00024976,0.0020862,0.0022857,0.0020198,0.0010544,0.0035747,0.008356,0.0060975,0.010807,0.0098813,0.017873,0.0024374,0.032754,0.022555,0.054165,0.044712,0.010962,0.024477,0.019824,0.013702,0.0048385,0.0052647,0.0069738,0.0083792,0.0032715,0.00045712,0.0046123,0.0025847,0.00087149,0.0016433,0.00054229,0.0022798,0.0025204,0.0033219,0.0016319,0.0047305,0.0040369,0.0015599,0.0020109,0.002085,0.0023036,0.0037381,0.00076449,0.0030248,0.0025467,0.00010958,0.0012936,0.0020985,0.0032193,0.0033811,0.0026939,0.0023377,0.0022164,0.0016186,0.0021875,0.0010797,0.0021043,0.0045081,0.0042594,0.0030089,0.0022077,0.002859,0.00267,0.0022546,0.002241,0.0020919,0.0027518,0.003907,0.0046872,0.0048202,0.0045197,0.0034148,0.0026541,0.0034699,0.0090926,0.013008,0.01618,0.035343,0.036109,0.077969,0.070076,0.013799,0.034435,0.0087361,0.014865,0.011644,0.0088252,0.012844,0.0067783,0.009222,0.0088709,0.0069037,0.0044317,0.0032806,0.0046379,0.0053041,0.0023035,0.0011064,0.001609,0.0021892,0.0035106,0.0036587,0.0031876,0.0016501,0.0012647,0.0020557,0.0030049,0.004133,0.0044726,0.0057486,0.0051154,0.0048313
0.00077632,0.0024551,0.001385,0.00019535,0.00085692,0.00078476,0.0019112,0.0014316,0.00077349,0.0014012,0.0020289,0.0028641,0.0018696,0.0010489,0.0029295,0.0030115,0.002636,0.0016533,0.00051106,0.0014385,0.0021358,0.0018037,0.0012637,0.0018726,0.00059263,0.0020655,0.0024185,0.0023488,0.001652,0.0018867,0.00099306,0.0030529,0.0092411,0.010955,0.0098283,0.0043357,0.0048448,0.005442,0.00088405,0.00074365,0.0023577,0.0017803,0.0014408,0.0023983,0.0025326,0.0022051,0.00054771,0.0017032,0.0017432,0.0029284,0.0022514,0.00068151,0.0026096,0.0023437,0.00099534,0.001382,0.0019048,0.00067696,0.00077738,0.00097395,0.0017897,0.0033456,0.0013836,0.0028361,0.0025442,0.00082504,0.0024656,0.0011004,0.0016391,0.0024268,0.0029983,0.0038883,0.00099361,0.0017221,0.0046137,0.0025439,0.0013675,0.0015629,0.0020617,0.0012023,0.0013216,0.0045433,0.003553,0.0016103,0.0029275,0.0020359,0.00047831,0.0024606,0.0029273,0.0045249,0.0049116,0.001678,0.0059126,0.0095066,0.0081294,0.0035229,0.0091736,0.018715,0.01268,0.010123,0.0026987,0.011927,0.012912,0.0073345,0.0079636,0.0058638,0.0032421,0.0037639,0.0022925,0.0056376,0.0048316,7.3283e-05,0.0022363,0.0035489,0.002994,0.0035464,0.0042565,0.0040607,0.004018,0.0025587,0.0020613,0.00096818,0.0019436,0.0035279,0.003885,0.0037627,0.0030294,0.0027666,0.0054062,0.0013929,0.00098243,0.00086808,0.0006433,0.0016962,0.0035703,0.0033253,0.0032707,0.0035342,0.00048147,0.0014683,0.00091113,0.001284,0.0009931,0.0014121,0.0008289,0.00051399,0.0012251,0.00028526,0.00055009,0.00047112,0.00061645,0.00041182,0.00065567,0.00099874,0.0020499,0.0027148,0.0016725,0.0024111,0.0074925,0.0042877,0.0010121,0.0083549,0.015934,0.0067316,0.013012,0.013629,0.020338,0.014502,0.0029301,0.002658,0.0015322,0.0022918,0.0014115,0.00073102,0.00065582,0.00033765,0.00075209,0.0015191,0.00086123,0.00080485,0.0016631,0.0016103,0.00179,0.0010401,0.0012908,0.00090989,0.00035886,0.00040547,0.0013315,0.000684,0.00087046,0.0016014,0.0042518,0.0029857,0.0014254,0.00035979,0.00016018,0.00079558,0.0012906,0.00066403,0.0010788,0.00093823,0.00070258,0.0013092,0.0014868,0.0012155,0.0014473,0.00062406,0.0011216,0.0019429,0.0015144,0.00045985,0.0018175,0.0014719,0.00045747,0.0011137,0.0012991,0.0016232,0.0020321,0.0018542,0.0013508,0.0034245,0.0029977,0.0050676,0.0071069,0.01354,0.022666,0.039213,0.026829,0.018933,0.0072433,0.015375,0.010791,0.0030395,0.0030165,0.0015071,0.00062905,0.001511,0.0012375,0.0017423,0.0019535,0.0013731,0.00096554,0.0010728,0.0013897,0.0013719,0.00086984,0.0011296,0.0016678,0.001481,0.00082459,0.00088781,0.0011106,0.00065915,0.00085094,0.001159,0.0013413,0.00032508,0.0012651,0.00078913,0.0030512,0.0013073,0.0014297,0.00094574,0.00029954,0.00037973,0.00047779,0.0015064,0.0016836,0.0009091,0.00235,0.0028536,0.0023535,0.0024043,0.003046,0.0016341,0.0022793,0.0049073,0.001438,0.0017991,0.0025554,0.0026812,0.0042446,0.0054883,0.0028731,0.011005,0.014272,0.012941,0.056717,0.048068,0.024451,0.035293,0.014856,0.036565,0.037191,0.017794,0.016235,0.0079369,0.0010781,0.003303,0.0019277,0.0007776,0.0014264,0.0018719,0.001189,0.00052296,0.0013668,0.0019511,0.002951,0.0031382,0.0008803,0.0026695,0.0017972,0.00040692,0.00087774,0.0016764,0.0021897,0.00050916,0.0011975,0.00062713,0.00052821,0.0016821,0.0022309,0.0017626,0.0018187,0.00046127,0.00091707,0.0011936,0.00080668,0.0006449,0.0015373,0.0012095,0.0010743,0.0013859,0.00099333,0.00013961,0.00055506,0.0010404,0.0011334,0.00064546,0.0010114,0.00017929,0.0012296,0.00043163,0.00015397,0.00017487,0.00034278,0.00097691,0.0013483,0.0026187,0.0017903,0.00096622,0.0099128,0.021494,0.011617,0.0037141,0.0092004,0.025243,0.019557,0.0097801,0.0050154,0.0021977,0.0015678,0.0023611,0.0017418,0.0039597,0.0024379,0.0006754,0.0011645,0.00048846,0.0012237,0.0011015,0.00062063,0.00058661,0.00058471,0.00056492,0.00087998,0.0011414,0.0012449,0.0011452,0.00062513,0.00080309,0.0002013,0.00066008,0.00053398,0.0010468,0.0010212,0.00053892,0.0030264,0.0033407,0.00051612,0.00088548,9.2948e-05,0.0009329,0.0002616,0.0010127,0.00028991,0.0017324,0.0019919,0.00067972,0.00061154,0.00064325,0.00093531,0.00056612,0.0014353,0.00068523,0.00071795,0.0022259,0.001772,0.00086731,0.00083249,0.00098629,0.0021872,0.0024817,0.0030392,0.0021733,0.0039193,0.0039,0.010588,0.0077993,0.0086215,0.024349,0.040563,0.033451,0.013688,0.0021049,0.0029824,0.0031838,0.002076,0.0014168,0.0016035,0.00089156,0.002112,0.0010542,0.00043089,0.0011366,0.0015561,0.00084995,0.0015426,0.0017125,0.00075023,0.00075863,0.00046839,0.0011079,0.0011491,0.00058134,0.0013081,0.00031145,7.4616e-05,0.00086312,0.0008717,0.0012361,0.00053451,0.00037055,0.00086926,0.0024704,0.0025884,0.003297,0.0034305,0.002953,0.0027766,0.0040786,0.0024284,0.0023814,0.0020544,0.0049121,0.0048916,0.0034851,0.0068847,0.0019566,0.0070723,0.005686,0.0047596,0.0060372,0.00085368,0.0037699,0.0058259,0.0088005,0.0094852,0.0054675,0.0096548,0.015723,0.0046136,0.014303,0.015166,0.066104,0.14393,0.20555,0.11417,0.031351,0.030215,0.011225,0.027028,0.0066802,0.011288,0.0098776,0.01251,0.0056091,0.0032373,0.0070364,0.010468,0.0090056,0.0028845,0.010744,0.015546,0.011908,0.0038743,0.0042073,0.0043828,0.0033829,0.0014736,0.0044629,0.0036568,0.004311,0.0062528,0.0046033,0.0032106,0.0052714,0.0057554,0.0046628,0.0044943,0.00088715,0.0041905,0.0015148,0.0084615,0.013369,0.0083394,0.0050354,0.0029812,0.00056755,0.0016563,0.00058358,0.001172,0.002007,0.0032571,0.00055821,0.0030088,0.0038441,0.0031249,0.0007473,0.002372,0.0023133,0.0032755,0.0029629,0.0030495,0.0034884,0.0050359,0.0024273,0.0084467,0.018158,0.055115,0.10875,0.13382,0.035033,0.046972,0.015701,0.021211,0.011072,0.0037433,0.0036758,0.0053555,0.0031644,0.0031355,0.002196,0.00095044,0.0060362,0.0047831,0.0011053,0.0024102,0.0022421,0.00039405,0.0020349,0.0015436,0.0025365,0.0013217,0.0028256,0.0033477,0.001776,0.00064273,0.0050436,0.0061691,0.0037059,0.0013329,0.0044545,0.0028622,0.0010422,0.00059931,0.0013102,0.0010907,0.00059524,0.00072754,0.00064745,0.00064468,0.00058234,0.00043704,0.00034191,0.00053783,0.0012356,0.00068184,0.00062306,0.00085284,0.0021234,0.0016285,0.00011784,0.00036164,0.00081578,0.00076001,0.0017083,0.00079796,0.00033438,0.0013089,0.0022049,0.0023844,0.0038939,0.0037058,0.002836,0.012817,0.02774,0.016356,0.0098397,0.0085508,0.011681,0.013994,0.0034777,0.0010476,0.00311,0.0018811,0.00083924,0.00095337,0.00037817,0.00060511,0.00021384,0.0006489,0.0010158,0.0014744,0.0015338,0.00097452,0.00068677,0.00071039,0.00087482,0.00063077,0.00092224,0.001443,0.00097199,0.0013963,0.00063234,0.0022019,0.001165,0.0011852,0.0024826,0.0020102,0.00052401,0.0021233,0.0014591,0.0011405,0.002538,0.00092624,0.0021562,0.0017751,0.0019151,0.0029791,0.0032001,0.002118,0.00041995,0.0014769,0.0010065,0.0018661,0.0023986,0.0011949,0.0023343,0.0035986,0.0052172,0.0055689,0.0026018,0.0014188,0.0029005,0.0027211,0.0024891,0.0072174,0.012586,0.020084,0.021563,0.020539,0.021348,0.029877,0.018098,0.010786,0.014043,0.011874,0.006002,0.0039237,0.0028891,0.002483,0.0012552,0.0049904,0.0068527,0.0078726,0.0040731,0.0055538,0.0047808,0.0035865,0.0043674,0.0012278,0.00024622,0.0016413,0.00039349,0.003803,0.0047563,0.0032144,0.0025439,0.0032044,0.0051328,0.0037993,0.0032073,0.0029223,0.0042431,0.0020656,0.00075946,0.0012845,0.0018588,0.0013465,0.0011235,0.00073671,0.0012231,0.0016522,0.0020074,0.0027972,0.0017354,0.0011769,0.0015919,0.0015031,0.001929,0.0019599,0.0020489,0.0019931,0.00040386,0.0019937,0.0016642,0.0028235,0.0039584,0.004401,0.00070076,0.0052209,0.0065728,0.03045,0.037248,0.015757,0.032934,0.08735,0.076951,0.026963,0.022124,0.014407,0.011132,0.014387,0.0068636,0.0064857,0.0042698,0.0035592,0.0047828,0.0046681,0.0032447,0.0019757,0.0018054,0.002212,0.0025489,0.003706,0.001175,0.0013932,0.0027409,0.0036995,0.0023429,0.00073645,0.0018598,0.0017616,0.0014073,0.0014374,0.0018751,0.0022998,0.0024293
0.00031801,0.00082011,0.00021495,0.0010725,0.0012632,0.001633,0.0033804,0.0031933,0.00044327,0.0013971,0.0021745,0.0029318,0.0014854,0.0033472,0.0023291,0.0013952,0.0013874,0.0007967,0.0020795,0.0014356,0.0017329,0.0019151,0.0017618,0.002134,0.002131,0.0024783,0.001127,0.0024536,0.0020822,0.0022248,0.0020855,0.0020884,0.0028136,0.012121,0.014189,0.0049935,0.00094988,0.0049146,0.0091423,0.0061886,0.0012754,0.0014956,0.0026894,0.0029489,0.0029575,0.0023909,0.00083019,0.0012213,0.00064043,0.0013939,0.0021648,0.0030573,0.00089562,0.001207,0.0014577,0.00088489,0.0033437,0.0031667,0.0025352,0.0013667,0.0025148,0.00202,0.00021736,0.0015732,0.0020115,0.0026658,0.00086749,0.0014601,0.0015887,0.001501,0.0015219,0.002661,0.00051185,0.001591,0.0021601,0.0016809,0.0017844,0.0012051,0.002387,0.00057358,0.0014292,0.001315,0.0034271,0.0024371,0.00065597,0.0033787,0.0042175,0.0023613,0.0041087,0.0046985,0.0018955,0.0048722,0.0038716,0.013131,0.011934,0.0047004,0.0028154,0.0031814,0.034837,0.052699,0.032812,0.0085585,0.034146,0.051127,0.02789,0.0097969,0.0039483,0.0060027,0.0070807,0.0032048,0.0002923,0.003432,0.0036799,0.0020424,0.0014523,0.0030948,0.0032897,0.0011816,0.0016391,0.0017042,8.9597e-05,0.0011291,0.0010769,0.0019873,0.00079485,0.0028974,0.0031712,0.0030798,0.0019147,0.0020504,0.0025567,0.00059963,0.00088722,0.0011942,0.0015189,0.0020056,0.0019146,0.00045422,0.0023633,0.0015613,0.00090509,0.0019535,0.0034188,0.0029576,0.0013723,0.0011483,0.00042187,0.00045196,0.00041161,0.0004779,0.00059735,0.0011148,0.00057219,0.00067812,0.0013232,0.001144,0.00077547,0.0011,0.0039914,0.0066586,0.0030992,0.0013481,0.00071255,0.018784,0.023791,0.0092751,0.0033674,0.0095696,0.019469,0.01007,0.0017243,0.00078313,0.0010792,0.00086645,0.00027622,0.00050528,0.00063825,0.00076236,0.00054172,0.00058455,0.00054864,0.00044654,0.0011452,0.001826,0.0021402,0.0011581,0.00044493,0.0011299,0.0019143,0.0029603,0.0018114,0.0021589,0.0040164,0.0082589,0.0057831,0.00040204,0.00095551,0.00037691,0.00079836,0.00034922,0.00097029,0.00074807,0.00069199,0.0012602,0.0010513,0.0010128,0.00060714,0.00074587,0.0020077,0.0013486,0.00097019,0.0011804,0.00066527,0.0012645,0.00081241,0.0010966,0.0014786,0.0011436,0.0013093,0.00059293,0.0018764,0.0014904,0.003089,0.0016643,0.0081674,0.0080091,0.0060905,0.0083427,0.027422,0.044504,0.026836,0.010956,0.0076303,0.0078481,0.0079427,0.0049615,0.0020497,0.0014245,0.00096759,0.0012661,0.001141,0.0011933,0.00088008,0.001123,0.00047656,0.00058234,0.00078217,0.0010384,0.00026995,7.171e-05,0.00062927,0.00090664,0.00098687,0.00087313,0.00086573,0.0006064,0.00081832,0.0018868,0.0013623,0.00030025,0.0017041,0.0013252,0.0028526,0.0018963,0.0012294,0.0013392,0.0021439,0.002832,0.0013444,0.0016622,0.0014882,0.00093628,0.0017246,0.0014664,0.001077,0.0032493,0.0022685,0.0019436,0.0018952,0.0028416,0.0021487,0.0029272,0.0020457,0.0034935,0.0023769,0.0037031,0.0090843,0.0098604,0.037794,0.054393,0.037083,0.020062,0.010991,0.040777,0.049808,0.026042,0.0080707,0.0034145,0.0088083,0.0055633,0.0015697,0.00089831,0.0014589,0.0013076,0.0019946,0.0022597,0.0031626,0.0022898,0.001411,0.00036038,0.00075364,0.0015406,0.0007855,0.001232,0.0010886,0.00329,0.0028475,0.0017948,0.0021091,0.0010815,0.00047146,0.0016288,0.0013185,0.0010082,0.0028217,0.00076637,0.0011363,0.0010227,0.0013422,0.0014474,0.00064561,0.00016633,0.0006434,0.0011785,0.00053653,0.0004798,0.0010351,0.0016982,0.0019214,0.0012678,0.00060406,0.00073144,0.00084523,0.00064773,0.00040006,0.0016541,0.0013358,0.00013866,0.0025562,0.0029361,0.0035345,0.0044693,0.0018702,0.016381,0.023101,0.011707,0.0026422,0.00389,0.0067146,0.0097869,0.0081219,0.0042174,0.0028079,0.0078528,0.0062544,0.0033687,0.00046069,0.00084729,0.00087354,0.001732,0.0020274,0.00042191,0.0010104,0.00039101,0.001111,0.0010228,0.00041352,0.00024958,0.00055299,0.00061816,0.00062311,1.8361e-05,0.00033974,0.0010182,0.00094932,0.00074051,0.0011884,0.0010544,0.0020439,0.0016915,0.001573,9.1554e-05,0.00041312,0.00052308,0.00044556,0.00044589,0.00087857,0.00020415,0.00045365,0.00046933,0.00010918,0.00053955,0.00080633,0.0010771,0.00066559,0.00052594,0.00025889,0.0011283,0.0012042,0.0015004,0.00050776,0.0010365,0.0013639,0.00035227,0.0010118,0.00070629,0.00071636,0.0021451,0.0092702,0.0089909,0.00075534,0.0064964,0.0055447,0.0322,0.030074,0.0073336,0.0015621,0.0016027,0.0014462,0.0012474,0.00036959,0.0020109,0.0015262,0.00043017,0.00046595,0.0004759,0.0010403,0.00092751,0.00078199,0.00097447,0.0010406,0.0012203,0.001235,0.0011399,0.00083632,0.00090056,0.0018361,0.0022395,0.0020709,0.001685,0.0010311,0.00086903,0.0015496,0.0025556,0.0015977,0.0041069,0.0035759,0.0041831,0.0023191,0.0032161,0.0030973,0.00063008,0.0013018,0.0031974,0.0016011,0.0022428,0.0039934,0.0026948,0.0032173,0.0021314,0.00022104,0.0017704,0.0044198,0.00065558,0.0011208,0.00081198,0.00072137,0.0039205,0.0037665,0.0028612,0.0079606,0.0023002,0.0022335,0.0040331,0.0074403,0.0031226,0.026814,0.026423,0.16359,0.16333,0.04693,0.013351,0.018859,0.025361,0.015571,0.002133,0.0065051,0.0019926,0.012543,0.008521,0.0054314,0.0029648,0.0032952,0.004223,0.0019172,0.0032038,0.0031445,0.0039074,0.0052128,0.0030456,0.0025287,0.0027617,0.0021761,0.0022032,0.00085909,0.002716,0.0014315,0.0022067,0.0011087,0.0034201,0.013422,0.0011413,0.0079988,0.0022122,0.0011298,0.0012978,0.0012867,0.00078128,0.0010793,0.00091578,0.0012988,0.0021082,0.00098468,0.0027033,0.0027886,0.0031078,0.001464,0.0010518,0.0012236,0.0023607,0.0028512,0.0013301,0.0014944,0.0020051,0.0031301,0.0025972,0.0045966,0.0044005,0.0017447,0.0070992,0.0056992,0.020782,0.018965,0.12554,0.11932,0.031041,0.010643,0.011014,0.0082696,0.0035735,0.0032962,0.0034157,0.0033762,0.0020902,0.0010663,0.0015059,0.00057738,0.00043604,0.0020569,0.00095553,0.001235,0.00066606,0.0034084,0.0021137,0.001092,0.0014336,0.0033333,0.0035967,0.00097927,0.0019342,0.00042325,0.001512,0.00078533,0.0018989,0.0033509,0.00064298,0.00022569,0.00059034,0.00053717,0.00073709,0.00054102,0.000502,0.00061978,0.00010614,0.00075735,0.0010147,0.00094756,0.00018513,0.0014286,0.00075946,0.00030713,0.00096662,0.0011312,0.0014429,0.00079509,0.00061377,0.0012459,0.00043766,0.0013632,0.0016159,0.0020234,0.0012289,0.0018855,0.0030928,0.0035053,0.0035977,0.0059372,0.0078236,0.022903,0.044006,0.028219,0.0088122,0.003628,0.0093836,0.010973,0.0044895,0.0019152,0.0009385,0.0014854,0.0013238,0.00088714,0.0018227,0.0018017,0.00050371,0.0017515,0.0016217,0.00037247,0.0010815,0.0021218,0.001471,0.0010724,0.00074577,0.0010382,0.0012549,0.00044911,0.00086479,0.00081795,0.0013125,0.0013933,0.0011792,0.0018706,0.0016894,0.00071296,0.0015791,0.0020928,0.0025894,0.0022945,0.00056018,0.00030406,0.0022613,0.0034301,0.0013624,0.0022764,0.0022943,0.0027875,0.002359,0.0021233,0.00028952,0.00058343,0.0023271,0.0032778,0.0013176,0.0033181,0.0013151,0.0019237,0.0026538,0.0056446,0.0073609,0.0049273,0.0016804,0.0014039,0.0050261,0.01346,0.017417,0.040319,0.025309,0.0069188,0.0031662,0.0011378,0.002474,0.0059173,0.0048159,0.0011332,0.0036652,0.0032355,0.0017392,0.00096962,0.00056933,0.00059265,0.0022916,0.0033093,0.0025442,0.0013295,0.0021557,0.0014293,0.00070799,0.0022365,0.0022862,0.00099381,0.0013615,0.0032028,0.0033694,0.0016816,0.0020086,0.0040204,0.0019039,0.0011641,0.00033413,0.0014984,0.0015449,0.00049374,0.0019248,0.0013321,0.00022026,0.0011059,0.0011449,0.0010678,0.00075093,0.00099733,0.0015088,0.000667,0.0010413,0.000837,0.0017693,0.0019859,0.0021267,0.0022194,0.0018814,0.002273,0.0023602,0.0018802,0.0057173,0.008411,0.013591,0.026762,0.013591,0.015881,0.021445,0.055971,0.085212,0.050322,0.0040766,0.0095036,0.024744,0.021523,0.0069544,0.0054142,0.00064299,0.0013339,0.0030244,0.0011235,0.003365,0.0017734,0.0016542,0.00042486,0.0023992,0.0016339,0.0014816,0.0013827,0.0011005,0.002096,0.00076401,0.0011045,0.0004784,0.0015801,0.0015641,0.0019587,0.0012685,0.0014551,0.0027417
0.001045,0.00091471,0.001037,0.0005498,0.001424,0.0013157,0.0014778,0.0010881,0.00074162,0.0010039,0.00066604,0.0013551,0.0019129,0.00090548,0.0015418,0.00052414,0.0013407,0.0013276,0.00044731,0.0011837,0.0010441,0.0017047,0.0017425,0.0024688,0.002723,0.00083243,0.0036311,0.0032374,0.0019112,0.00058734,0.0010169,0.0036273,0.0063017,0.0079732,0.0033041,0.0026851,0.0027537,0.0077756,0.0044456,0.002397,0.0032607,0.0014864,0.0034037,0.0017678,0.00041764,0.0028188,0.0031002,0.0020005,0.0015104,0.002401,0.0018532,0.0016178,0.0035447,0.0035459,0.0021834,0.0020184,0.002198,0.0013012,0.0017655,0.0015007,0.0016658,0.0013803,0.00091685,0.0024012,0.0019478,0.0009856,0.0023582,0.003337,0.0025905,0.0024815,0.00062993,0.002487,0.00308,0.0013718,0.0022989,0.002592,0.0026575,0.0035758,0.0040236,0.0032888,0.00033531,0.001901,0.0023315,0.001454,0.0029182,0.0043317,0.0025685,0.0030436,0.0039259,0.003479,0.0028046,0.0024776,0.0027459,0.0011733,0.0041102,0.0083185,0.0087233,0.010865,0.0199,0.015619,0.01371,0.016452,0.024112,0.023598,0.017277,0.013977,0.010202,0.0082502,0.0089756,0.0050711,0.0043807,0.0038958,0.0024442,0.0039385,0.0032756,0.00070772,0.0039108,0.0023049,0.0016053,0.0025397,0.0052697,0.003917,0.0023422,0.0011463,0.0028233,0.0038036,0.0011683,0.0036532,0.0027441,0.0031245,0.003388,0.0012515,0.0011636,0.00044776,0.001139,0.00083954,0.0012801,0.0010972,0.0011513,0.0010834,0.0032782,0.0028854,0.0011269,0.0003723,0.00077346,0.0011694,0.00030972,0.001537,0.0018349,0.00099786,0.0010935,0.0018285,0.001636,0.0002657,0.00093654,0.00075763,0.0010086,0.0028545,0.0072956,0.0044837,0.0010454,0.0015853,0.0049025,0.017647,0.014419,0.0056486,0.0050322,0.01786,0.013904,0.0031782,0.00098788,0.00063446,0.00039259,0.00043026,0.00065498,0.0014458,0.0012795,0.00047107,0.00021047,0.00033113,0.0005422,0.00055688,0.00033718,0.00076726,0.0011728,0.0013818,0.0011181,0.00040137,0.0010966,0.0013747,0.0035559,0.003742,0.001901,0.0031244,0.0087829,0.0028048,0.00072909,0.00037451,0.00025487,0.00074494,0.00055043,0.00045379,0.00049003,0.00093254,0.00039312,0.00052918,0.00077596,0.00013759,0.0006129,0.00061413,0.001105,0.00095654,0.00054543,0.00053993,0.00072848,0.0014802,0.00057525,0.00094936,0.00068321,0.00082642,0.0012525,0.0013825,0.002159,0.0082456,0.0045744,0.0030202,0.0032201,0.003924,0.030355,0.041079,0.016944,0.0017756,0.0082519,0.0099243,0.0016217,0.0011216,0.00079653,0.0015899,0.0012188,0.00035889,0.00033496,0.00073612,0.00068238,0.00028902,0.00030648,0.00024306,0.00040543,0.0010099,0.0010028,0.0004464,0.00098118,0.00042627,0.00018676,0.00035153,0.00035178,0.00072615,0.00035089,0.00073934,0.00076175,0.001912,0.0010839,0.0012054,0.0011308,0.0016309,0.0024239,0.0014904,0.0024959,0.0018483,0.00053765,0.0015118,0.00092111,0.00091662,0.0014326,0.0009268,0.0011699,0.001685,0.0023959,0.0011745,0.00026531,0.0031456,0.0027724,0.0020156,0.0039972,0.001653,0.0078784,0.0032926,0.007671,0.018715,0.0611,0.046115,0.0099492,0.0061215,0.012883,0.042648,0.040454,0.011073,0.001076,0.0020365,0.0053178,0.0011293,0.0017424,0.0023781,0.0025238,0.0043428,0.0026859,0.0012189,0.0016493,0.0010148,0.0017166,0.00050802,0.00052308,0.0019521,0.0027131,0.0014618,0.0014253,0.0032953,0.0027105,0.00084993,0.0003837,0.0019395,0.0015435,0.0015671,0.0013683,0.0034427,0.0040406,0.0015529,0.00072267,0.00015663,0.00022414,0.00050964,0.00061775,0.00035952,0.00021829,0.0007059,0.00062428,0.00014186,0.00012633,0.00037618,0.00045112,0.00061645,0.0010557,0.00055581,0.00050226,0.00074053,0.00073941,0.0004789,0.00025868,0.00049523,0.0010516,0.0026942,0.0012592,0.0025573,0.0051545,0.019705,0.015479,0.0033341,0.0026705,0.0045306,0.0094591,0.0099525,0.0053708,0.0017636,0.0019066,0.0044195,0.0045777,0.0017469,0.00072498,0.00027868,0.00094192,0.00085023,0.00030751,0.00085509,0.00063855,0.0010656,0.00061407,0.00057507,0.00028464,0.00038652,0.00095331,0.0010048,0.0010981,0.0010964,0.00098741,0.00023269,0.0007996,0.000622,0.0012487,0.0014235,0.00089892,0.00089941,0.00098035,0.0014945,0.002154,0.00071261,0.0016985,0.0015435,0.001174,0.0012376,0.00081136,0.0015923,0.0010829,0.00020321,0.00017937,0.0007844,0.0012514,0.00080103,0.00072092,0.0011376,0.001437,0.0012567,0.00065824,0.001242,0.0014399,0.0012227,0.0015835,0.0018055,0.0022742,0.0070526,0.0099186,0.0072159,0.0034448,0.0042684,0.0025488,0.013563,0.018213,0.0053128,0.002508,0.0037166,0.0022239,0.0014548,0.001344,0.002105,0.0013885,0.0024946,0.0017806,0.00062283,0.0012749,0.0013754,0.0008324,0.0011282,0.00019073,0.0010942,0.001204,0.0009789,0.0002485,0.0015134,0.0014965,0.00051878,0.00052375,0.0012558,0.00079779,0.00052976,0.0010085,0.00071908,0.00089837,0.0057244,0.0069166,0.0016678,0.0052626,0.0041159,0.0059293,0.0078226,0.0055002,0.00096522,0.0045774,0.0016116,0.0078648,0.0030394,0.0085872,0.0099477,0.0010295,0.0019599,0.0062122,0.0089417,0.005364,0.0045705,0.007274,0.00069643,0.0035617,0.008162,0.013799,0.010153,0.014184,0.027137,0.011561,0.030373,0.026103,0.062637,0.16201,0.13262,0.016239,0.025627,0.015634,0.0090503,0.010176,0.0074122,0.010747,0.0045579,0.006393,0.0021471,0.0061683,0.0074684,0.0017399,0.00099793,0.0041247,0.0078772,0.0041338,0.003783,0.0045941,0.00127,0.0033745,0.0022701,0.0035059,0.002631,0.0022132,0.0025803,0.0011632,0.0045207,0.004383,0.0013889,0.015935,0.017675,0.0043672,0.0047796,0.0010214,0.0031653,0.0030064,0.002835,0.0025009,0.0029227,0.0039947,0.0038617,0.0025007,0.003943,0.0031952,0.00068415,0.0030749,0.0028999,0.0040692,0.0017898,0.0046269,0.0036549,0.0029606,0.0051511,0.0057291,0.0093938,0.0089728,0.0036046,0.011955,0.01408,0.020779,0.014228,0.074343,0.15627,0.11214,0.01657,0.011782,0.018751,0.0075423,0.0083678,0.0033349,0.0084576,0.004729,0.0054261,0.0032542,0.0036403,0.0040467,0.0036917,0.0026652,0.0028617,0.002548,0.0035868,0.0047581,0.0023416,0.0024876,0.0028077,0.0020729,0.0020723,0.006634,0.0046152,0.0023775,0.0014404,0.0043131,0.0029466,0.0015605,0.00049594,0.00073905,0.00095211,0.0010245,0.00075392,0.00079101,0.00085524,0.000353,0.00022123,0.00092148,0.0012947,0.00097758,0.00088117,0.00094349,0.0014456,0.0017719,0.0010405,0.00057753,0.00057306,0.0013201,0.0011883,0.00059847,0.00087923,0.0011944,0.0014822,0.0019313,0.0025205,0.0036467,0.0045422,0.003597,0.0030399,0.0020461,0.0086278,0.023677,0.019055,0.010843,0.0081303,0.014522,0.0072648,0.0062749,0.0045516,0.0031726,0.0016826,0.0011095,0.0024656,0.002167,0.0015295,0.0010606,0.0015244,0.0019045,0.0017768,0.0013079,0.0015081,0.0019261,0.0018414,0.00088421,0.00072924,0.00048287,0.00027941,0.0013016,0.0020148,0.0013045,0.0020771,0.0030292,0.0019614,0.0010265,0.0013609,0.00084707,0.00081156,0.0032139,0.0054115,0.0043975,0.0021692,0.0021072,0.0013213,0.00113,0.0017342,0.0028993,0.0024053,0.0015042,0.0010162,0.00086938,0.0032368,0.0028296,0.00053344,0.0015963,0.0045855,0.0053592,0.0055061,0.0079948,0.0065936,0.0056664,0.0072664,0.0057559,0.0049926,0.0048755,0.0054029,0.020877,0.036412,0.0097839,0.014285,0.010076,0.0065292,0.0029957,0.0030627,0.002702,0.0048588,0.0010242,0.0038561,0.0037497,0.0061887,0.005364,0.001995,0.0026264,0.0037596,0.0034368,0.0025246,0.0023062,0.0023037,0.0020077,0.0011795,0.00088635,0.0029095,0.0036114,0.0010298,0.0022556,0.0027181,0.0024578,0.00092169,0.0023112,0.00069173,0.0029071,0.003187,0.0026342,0.0029238,0.0026438,0.0021917,0.0028601,0.0031452,0.0029035,0.0028869,0.0033632,0.0039427,0.0041619,0.0035929,0.0039147,0.0041919,0.0038026,0.0033389,0.004415,0.0050196,0.0044654,0.0043285,0.0045717,0.0063935,0.0088203,0.0076822,0.010511,0.016338,0.014236,0.023977,0.027879,0.087538,0.12759,0.046528,0.031876,0.032184,0.028256,0.021344,0.011786,0.011652,0.013349,0.011373,0.0077425,0.00615,0.0054149,0.0062257,0.0065751,0.0051177,0.0039193,0.0037345,0.0038804,0.0036427,0.0032062,0.003487,0.003953,0.0033331,0.0026081,0.0027934,0.0034286,0.003618,0.004272,0.0032058,0.00025644,0.0010142
0.00064784,0.00010892,0.0021983,0.0017363,0.002536,0.0046597,0.0021854,0.0020501,0.0038662,0.0012098,0.0011766,0.0012618,0.0017393,0.0030294,0.0021192,0.0020309,0.0012615,0.0014648,0.0032965,0.00086308,0.0030182,0.0031189,0.0017233,0.00093072,0.002272,0.0039122,0.0022849,0.0017119,0.0033536,0.0029746,0.0013552,0.00074095,0.0034925,0.01402,0.012683,0.003845,0.0036969,0.010785,0.0080866,0.001292,0.0011543,0.00093861,0.0024673,0.0045561,0.0016149,0.00097637,0.0013027,0.00072535,0.001623,0.00072085,0.0025169,0.0018281,0.00063198,0.002175,0.0029418,0.00026512,0.000998,0.00084232,0.00011054,0.0025858,0.0053433,0.0060565,0.0034942,0.001912,0.00096209,0.00084648,0.0016594,0.00026682,0.00056924,0.0025658,0.003018,0.0012886,0.0028097,0.0017725,0.00161,0.0019509,0.0036313,0.0024052,0.0015938,0.0016261,0.0010548,0.0023156,0.0035827,0.0018622,0.0031715,0.0019909,0.0015604,0.0027091,0.0033561,0.0030522,0.00062448,0.002561,0.0067113,0.0092855,0.0073969,0.006872,0.0045456,0.011766,0.033979,0.040874,0.023724,0.012164,0.030471,0.036271,0.019721,0.0015338,0.0088549,0.0060717,0.0036012,0.00078326,0.0013334,0.0022103,0.0019652,0.0017627,0.0023504,0.00071881,0.0023844,0.0023159,0.0011496,0.0023805,0.0012464,0.0019588,0.00068063,0.0013415,0.0013588,0.0019624,0.0019462,0.0023147,0.0032075,0.0010221,0.00096782,0.0021621,0.0021911,0.0022983,0.0017432,0.00067648,0.0014811,0.0038436,0.0019466,0.0011401,0.0013309,0.0035286,0.0028001,0.0015311,0.0012302,0.0012542,0.00076865,0.00070092,0.0016994,0.0011841,0.00064641,0.00089604,0.0012922,0.00091594,0.00045271,0.00083788,0.0015039,0.0023555,0.0079642,0.005161,0.0027185,0.00094294,0.0036455,0.010323,0.012594,0.0056737,0.0022311,0.016322,0.016246,0.0046023,0.0013034,0.0012306,0.0012223,0.00073584,0.0002244,0.00011545,0.00026929,0.00055169,0.00090943,0.00043252,0.00053627,0.00067161,0.0005169,0.00065804,0.0015136,0.0020426,0.0011764,0.00088546,0.00037759,0.0014568,0.0019184,0.0024322,0.0019022,0.0044247,0.0085808,0.00089002,0.00046245,0.00097957,0.00063498,0.00049996,0.00046381,0.00069501,9.3279e-05,0.0002256,0.00038099,0.00055624,0.00019682,0.00028425,0.00062373,0.00081688,0.00067041,0.00074382,0.00052651,0.00021299,0.00013312,0.00060687,0.00063443,0.00055643,9.0009e-05,8.565e-05,0.00077415,0.00047849,0.0017208,0.005306,0.0049996,0.0010672,0.000668,0.00046665,0.033232,0.054096,0.024493,0.0012962,0.007627,0.012214,0.0038527,0.00020415,0.00090984,0.00067774,0.00021024,0.00021748,6.4287e-05,0.00044936,0.0010404,0.00042243,0.00019929,0.00049218,0.00030296,0.00019289,0.00048227,0.00089627,0.00080242,0.00019556,0.0002806,0.00085228,0.00080449,0.00077187,0.0010278,0.0012054,0.0011273,0.00091417,0.0018452,0.00067373,0.0014313,0.0013966,0.0010904,0.00084624,0.0011832,0.001148,0.0017816,0.0016167,0.0010596,0.00076524,0.0011324,0.0013033,0.0015896,0.0016796,0.002789,0.0035694,0.0024241,0.00082211,0.00048852,0.002112,0.00054713,0.0015847,0.0004925,0.0018817,0.003161,0.0099924,0.058612,0.055818,0.015353,0.00039275,0.0059958,0.033924,0.032059,0.0059551,0.0026825,0.0048453,0.0057368,0.0016126,0.0016822,0.00035247,0.00067229,0.0003109,0.00011152,0.00063097,0.0010626,0.0010106,0.0016695,0.0014337,0.0015025,0.0015686,0.00080511,0.0012363,0.0024719,0.0032201,0.0028446,0.0012848,0.00078192,0.00039745,0.0014634,0.00133,0.0022676,0.0024803,0.0020394,0.00026872,0.0004679,0.000575,0.00027531,0.00062871,0.00077687,0.00021254,0.00024341,0.00033025,0.00031392,0.00022638,0.00029659,0.00058391,0.0014246,0.0024419,0.0022802,0.000763,0.00059535,0.0004409,0.00075811,0.00064004,0.00022337,0.00030077,0.0016209,0.0013388,0.00058172,0.0025592,0.0039389,0.022018,0.018697,0.0038571,0.0019761,0.0022463,0.016576,0.018739,0.0070551,0.001698,0.0029818,0.0033039,0.0020505,0.00043029,0.00029074,0.00062073,0.0012748,0.00087551,0.00022357,0.0005162,0.0015142,0.0012362,0.001396,0.0011082,0.001336,0.0012415,0.00089573,0.0002109,0.00055627,0.00092944,0.0010801,0.0013584,0.00065695,0.00068081,0.001012,0.0028287,0.0016149,0.0023767,0.0019895,0.0013929,0.0023225,0.00253,0.0020362,0.0025474,0.0025703,0.0023581,0.0022261,0.0013572,0.00088847,0.0011457,0.001256,0.0013482,0.0013245,0.0019318,0.0022637,0.00088742,0.00088928,0.00196,0.0026431,0.0029105,0.0029792,0.0024137,0.001526,0.00324,0.0046463,0.0070376,0.011673,0.008446,0.012871,0.015873,0.020307,0.03343,0.04675,0.020483,0.0067355,0.0091824,0.0085976,0.0048196,0.0033374,0.0030182,0.0025952,0.0021666,0.0018118,0.0018958,0.0018209,0.0018586,0.0012858,0.0015549,0.0024315,0.0025305,0.0022962,0.0012499,0.00062504,0.0020575,0.0026376,0.0019236,0.0017756,0.0023237,0.0025774,0.0023792,0.0021961,0.0018863,0.0018239,0.0030764,0.0014284,0.002487,0.0019909,0.002352,0.0020759,0.0034153,0.0035894,0.0073769,0.0064658,0.0035782,0.0020123,0.0040554,0.0067715,0.0052482,0.0038072,0.0021318,0.0063454,0.0071515,0.0088347,0.0067611,0.010051,0.013855,0.019067,0.015002,0.010771,0.026678,0.02222,0.03017,0.031511,0.03954,0.048636,0.078949,0.1016,0.18388,0.098231,0.040662,0.021141,0.019402,0.015656,0.014411,0.015602,0.0089949,0.010046,0.012481,0.0075398,0.0046772,0.0036077,0.0033886,0.0035019,0.0045388,0.0087225,0.0086652,0.0072068,0.0053964,0.0051037,0.0067266,0.0055978,0.0064846,0.0061977,0.0068398,0.0074163,0.0073312,0.0067559,0.0048688,0.012919,0.0083179,0.00363,0.00092432,0.0027674,0.0006299,0.0022057,0.0025142,0.0017501,0.002854,0.0030568,0.0027756,0.0027989,0.0030526,0.003713,0.003142,0.001644,0.0038747,0.0045879,0.003212,0.0037676,0.0049953,0.0050703,0.0053155,0.0051552,0.0059075,0.005408,0.0050211,0.0095902,0.016193,0.029403,0.031654,0.058307,0.052786,0.11928,0.071121,0.026448,0.023511,0.023429,0.015934,0.0094774,0.0082572,0.0057782,0.0052848,0.0069535,0.0052478,0.0031688,0.0037759,0.0024085,0.0017314,0.0031407,0.0048712,0.0076431,0.0067613,0.0038895,0.0025376,0.0010469,0.0013855,0.0018641,0.0026144,0.0032173,0.0027716,0.0015835,0.00094886,0.0020457,0.0015456,0.0011338,0.00083168,0.00099657,0.00069456,0.00028518,0.0008027,0.00072415,0.00078054,0.0010718,0.00052754,0.00050523,0.00042699,0.0014982,0.0018235,0.0010217,0.0010001,0.0006723,0.0014216,0.00091562,0.00059992,0.0014103,0.0018971,0.0016175,0.0010094,0.0018075,0.0028623,0.0030442,0.0049202,0.0042053,0.0020238,0.0037985,0.0048934,0.021258,0.027485,0.012851,0.0049126,0.0086693,0.010338,0.0096974,0.004257,0.0030389,0.0030864,0.002407,0.0014483,0.0012625,0.0016235,0.00076782,0.00090774,0.0015362,0.0012604,0.0015425,0.001265,0.0018184,0.00099182,0.00050642,0.00074829,0.0015183,0.00054803,0.00067964,0.00039926,0.00087567,0.0016471,0.0011686,0.00035297,0.0022568,0.002189,0.001864,0.0017211,0.0020254,0.0016035,0.0011685,0.0019764,0.001674,0.0024888,0.002401,0.00095549,0.00090917,0.0016521,0.0038333,0.0035466,0.0012296,0.00085549,0.00059755,0.0015494,0.0026308,0.0044573,0.0051744,0.0030587,0.0044689,0.0025817,0.0050894,0.0043154,0.0032338,0.00024745,0.0019183,0.0064986,0.010777,0.036741,0.025563,0.016157,0.0057162,0.0070762,0.0079462,0.0020035,0.0057381,0.0042804,0.0031836,0.00057075,0.0027703,0.0021865,0.0027175,0.0025207,0.0017714,0.00080386,0.003983,0.0062208,0.0048806,0.0039528,0.0017087,0.000557,0.00027163,0.0012145,0.0020868,0.001555,0.0031163,0.0022233,0.0010304,0.0016464,0.0018109,0.0014616,0.00057944,0.001113,0.0015641,0.0018884,0.0012189,0.0010854,0.00099251,0.0012472,0.0018822,0.0017735,0.00065208,0.001783,0.0022524,0.002911,0.0018845,0.0018092,0.0029473,0.0022346,0.0031534,0.0028674,0.0015837,0.0034584,0.004808,0.0050834,0.0017051,0.0017464,0.0075822,0.011584,0.0089147,0.014648,0.021579,0.030791,0.090633,0.070009,0.032984,0.015518,0.0087916,0.0051641,0.0039626,0.010046,0.006358,0.0059191,0.0082898,0.0067624,0.0054613,0.0045739,0.0042495,0.0039115,0.0032147,0.0044107,0.0029857,0.0018305,0.0034658,0.0018801,0.0020312,0.0027474,0.0037501,0.0022842,0.0032351,0.0037741,0.0022153,0.0024362,0.0053656,0.0047403
0.0028787,0.0043174,0.0035666,0.0020305,0.0020834,0.0017887,0.0018571,0.0021057,0.0020657,0.0024725,0.0017145,0.0010969,0.0027984,0.0018682,0.00011801,0.00059886,9.2566e-05,0.00095618,0.00040025,0.0013709,0.0013542,0.0027184,0.0020903,0.0025575,0.0025273,0.00067602,0.0012475,0.001816,0.0009404,0.0017724,0.0012073,0.0037582,0.016922,0.016727,0.0043381,0.0027859,0.0084696,0.0095368,0.0031231,0.0021035,0.0022005,0.00025544,0.00068562,0.00085396,0.0024235,0.0019984,0.0023686,0.002893,0.0031864,0.0033556,0.0029522,0.0027272,0.002335,0.0012904,0.00092233,0.0017464,0.0012769,0.0036414,0.0062023,0.0042827,0.00090123,0.0010079,0.0045921,0.0050227,0.0017979,0.0018867,0.0015305,0.0028254,0.001259,0.00063511,0.0010416,0.0018754,0.0011597,0.0027475,0.0040518,0.0041388,0.002724,0.0016247,0.0033668,0.0036847,0.0046108,0.0049317,0.0017729,0.001093,0.0012923,0.0011673,0.0037391,0.0059547,0.0033334,0.0033532,0.0032689,0.0020453,0.0039252,0.0037099,0.0055751,0.0043079,0.0022814,0.0072972,0.011057,0.004636,0.00061097,0.0061418,0.0091209,0.0057406,0.0026918,0.0030504,0.0050108,0.0032825,0.0033405,0.0037181,0.0021993,0.0013606,0.004566,0.0048509,0.0027034,0.00035862,0.0010828,0.00058619,0.0036941,0.0037185,0.0012484,0.0021983,0.002551,0.0014876,0.0014445,0.0012154,0.0036707,0.0052903,0.003951,0.0024275,0.0020543,0.0034769,0.0013422,0.0011212,0.0009999,0.0016265,0.0033712,0.0031913,0.0036088,0.0026272,0.0006307,0.00046487,0.0012122,0.0011599,0.00071009,0.00092866,0.0010248,0.00015549,0.0012282,0.0013922,0.0008804,0.00048819,0.00035878,0.00097074,0.00063018,0.0014439,0.0049611,0.0083618,0.0037559,0.0033799,0.0011974,0.00038623,0.012808,0.019026,0.0087431,0.0067895,0.015839,0.016837,0.0074035,0.0016262,0.0014502,0.0011373,0.00033856,0.0011502,0.0017109,0.00058398,0.0012151,0.0013161,0.00097265,0.00031054,0.00067993,0.0006044,0.0004022,0.0010931,0.0011154,0.0013945,0.0022646,0.0019636,0.0012573,0.00082029,0.0020157,0.0031706,0.0022669,0.00073501,0.0027144,0.00073709,0.00074005,0.00040635,0.00046875,0.00059181,0.00055193,0.00039984,0.00059256,0.00042688,0.00042571,0.00017729,0.00022936,0.00011908,0.00068466,0.00082759,0.0010099,0.0010151,0.0013026,0.0028458,0.0022745,0.0011548,0.00044934,0.000361,0.00081891,0.0010836,0.0017424,0.0029389,0.0047731,0.0026059,0.001699,0.0028646,0.005919,0.02441,0.050073,0.031364,0.004095,0.0068399,0.010841,0.0060734,0.0014955,0.0006357,0.00086439,0.00061671,0.00047759,0.00019042,0.00029527,0.00042083,0.00034241,0.00012483,0.00033331,0.00046502,0.00052592,0.00082937,3.3772e-05,3.8044e-05,0.00079752,0.00099521,0.00081173,0.00055052,0.00044082,0.0012768,0.0023645,0.0017541,0.001106,0.0011304,0.0029548,0.0028109,0.0022912,0.002093,0.0017105,0.0015435,0.0015676,0.00031109,0.00040098,0.001259,0.00063888,0.0015279,0.00068887,0.00082759,0.00080867,0.00086611,0.0029966,0.0013862,0.0025889,0.0039079,0.0020508,0.0016398,0.0027053,0.0019829,0.00076519,0.0067462,0.027625,0.066069,0.05512,0.00067407,0.013864,0.019391,0.040921,0.041936,0.0094819,0.011311,0.0017071,0.003251,0.0016557,0.00098941,0.0015674,0.00068543,0.0011118,0.0016383,0.00026753,0.0019354,0.0017049,0.00071787,0.00080278,0.0010614,0.0011317,0.00065304,0.00087444,0.00064095,0.0022716,0.0021029,0.00083645,0.0010943,0.0016084,0.0018406,0.0015167,0.0013963,0.0016385,0.0011725,0.0010989,0.0013323,0.0006197,0.000374,0.00052637,0.0010252,0.00050265,0.0011429,0.00051207,0.00086914,0.00073346,0.00025623,0.00022143,0.00068035,0.0012311,0.00060671,0.00092889,0.001551,0.00070576,0.0020854,0.0011357,0.00028468,0.00018589,0.0016231,0.001319,0.0014102,0.0030803,0.0073316,0.020187,0.018703,0.0013501,0.0023282,0.0034508,0.012486,0.017869,0.0050218,0.0016679,0.0038043,0.0043002,0.0021039,0.00053839,0.0019597,0.00055601,9.6538e-05,0.0001893,0.00087001,0.0012935,0.0024526,0.0018053,0.00068929,0.0013082,0.0018493,0.00089538,0.0013429,0.00099866,0.0017527,0.00215,0.0022805,0.0020725,0.0010763,0.001176,0.0035025,0.0046376,0.0039362,0.002168,0.0020425,0.0010558,0.0016305,0.0026892,0.0026767,0.0022056,0.0018905,0.00101,0.00088121,0.0021072,0.0024402,0.0015435,0.00096025,0.00050759,0.00047599,0.00091286,0.0011827,0.0016033,0.0019862,0.001873,0.0017805,0.001556,0.00097922,0.00085664,0.0013898,0.0026357,0.0031892,0.0070711,0.013775,0.013068,0.012639,0.017415,0.014185,0.02186,0.046791,0.024894,0.0090596,0.0077154,0.00623,0.00549,0.0042761,0.0034532,0.0031539,0.003352,0.0031138,0.0031538,0.0025433,0.0016251,0.0017568,0.0011588,0.0010891,0.0013132,0.001033,0.0016955,0.001593,0.0010494,0.0008651,0.0014963,0.0015676,0.00080877,0.00038706,0.00060918,0.00095756,0.00081675,0.0018431,0.0014382,0.0071693,0.0052552,0.0020061,0.0060132,0.0079142,0.0072334,0.0088654,0.010507,0.005613,0.0044034,0.0055259,0.004967,0.003379,0.0038431,0.0058952,0.0065824,0.0098804,0.012514,0.012977,0.01338,0.010032,0.0042788,0.010424,0.011951,0.0097249,0.010745,0.022658,0.024284,0.019843,0.04116,0.07599,0.0747,0.057455,0.18412,0.12209,0.051597,0.0486,0.036705,0.023653,0.019497,0.017251,0.016273,0.015997,0.012454,0.0093668,0.0077443,0.0067787,0.0046096,0.0052438,0.0059045,0.0053993,0.0062579,0.0070741,0.0078503,0.008387,0.0061608,0.00076002,0.0028609,0.0026764,0.0052872,0.006676,0.0064179,0.0045555,0.0030114,0.0015242,0.0059272,0.0043918,0.0092037,0.007497,0.0042468,0.0018376,0.0047865,0.0057003,0.003177,0.0025151,0.0036518,0.0044717,0.0040776,0.0035029,0.0028952,0.0017083,0.001581,0.0028691,0.0029186,0.0034974,0.0046263,0.0056823,0.0072754,0.0076834,0.0062816,0.0094471,0.010847,0.0058033,0.0032497,0.024524,0.046261,0.059064,0.021444,0.10157,0.092044,0.047566,0.031987,0.018461,0.018402,0.013973,0.0093087,0.0064967,0.0021916,0.0010551,0.0042656,0.0058649,0.006234,0.0072954,0.0071078,0.004559,0.0025389,0.0017955,0.0029712,0.0059033,0.0071846,0.0060817,0.0039697,0.0033352,0.0021998,0.0017616,0.0029234,0.0054529,0.006986,0.0091888,0.006119,0.0012242,0.00084781,0.0018561,0.0021978,0.0025333,0.0015312,0.00049842,0.00025457,0.00020214,0.00042126,0.00040485,0.00027225,0.00055721,0.0014385,0.00039172,0.0015391,0.00087281,0.00064392,0.0012425,0.0019768,0.00103,0.00035231,0.0015426,0.00037619,0.0012619,0.00044459,0.0014674,0.0034392,0.002539,0.0016946,0.0012162,0.0049921,0.01213,0.029567,0.022492,0.010044,0.0086532,0.015793,0.0075149,0.0034732,0.00031096,0.0019842,0.0015833,0.00092125,0.00084627,0.00083741,0.0010314,0.0010597,0.00092261,0.00062065,0.0011503,0.0013196,0.0013652,0.0011518,0.0015905,0.0018528,0.0013504,0.0014119,0.0014647,0.00010721,0.0021765,0.0013533,0.0007471,0.001085,0.00063063,0.0023098,0.0032514,0.0039507,0.0034032,0.0019604,0.0022276,0.0028058,0.0037645,0.0043103,0.0013125,0.00048439,0.0011452,0.0016827,0.00062545,0.00077492,0.0020552,0.0012922,0.0013129,0.0011278,0.0016953,0.0017124,0.0030244,0.0054161,0.0031085,0.00095639,0.0018965,0.0041361,0.01282,0.013065,0.0080734,0.015791,0.033814,0.06356,0.06594,0.027565,0.0021811,0.004284,0.0063105,0.0046629,0.0065076,0.0065871,0.0046666,0.0040927,0.00092217,0.002693,0.0025827,0.0021255,0.0021573,0.0020092,0.0031754,0.0013871,0.0011029,0.0025248,0.0026298,0.0020115,0.0043251,0.001747,0.0008908,0.0022171,0.0035993,0.0028547,0.0017362,0.0021725,0.0027993,0.0025068,0.0020077,0.00067407,0.00072418,0.00087708,0.0013734,0.0010015,0.00061131,0.00082036,0.00057707,0.0006058,0.0010023,0.00084336,0.0014645,0.003317,0.0036152,0.0021982,0.00052644,0.0015061,0.00051059,0.0015005,0.00042105,0.0025102,0.0011173,0.00078486,0.0029106,0.0057999,0.0087011,0.019814,0.017234,0.005217,0.0079561,0.018916,0.073132,0.092776,0.028836,0.010272,0.0044156,0.0089857,0.008752,0.0064723,0.0055793,0.0021204,0.0036998,0.0033912,0.0058313,0.0021559,0.0015683,0.0025328,0.0013388,0.0024477,0.00425,0.0085953,0.0065828,0.0017066,0.00089831,0.0048911,0.0024307,0.00051032,0.0023487,0.0017246,0.0034447,0.0054668,0.0094271,0.0071485,0.0012761
0.00074762,0.00066321,0.0028232,0.0029403,0.0011244,0.00059481,0.0013866,0.0012772,0.0019123,0.0022672,0.0021624,0.002795,0.0018518,0.00070162,0.0027186,0.0027418,0.00092781,0.001451,0.0012285,0.00081313,0.0020465,0.0021527,0.00099802,0.0017195,0.0029003,0.0041206,0.0034118,0.0014889,0.0013089,0.0026769,0.0027828,0.0055766,0.0072035,0.0052928,0.015285,0.012227,0.01079,0.0050602,0.0019944,0.005494,0.0036923,0.0015497,0.00076918,0.00058794,0.00055552,0.00039341,0.0016305,0.0018759,0.0018757,0.0017633,0.0022143,0.0045455,0.0047135,0.0018203,0.001381,0.0026099,0.0033848,0.0021961,0.0025841,0.00056496,0.0014918,0.0022103,0.0024377,0.001496,0.0010386,0.0011447,0.0018017,0.00042216,0.0015355,0.0034501,0.0026784,0.0029055,0.0011508,0.0020496,0.0048654,0.00029488,0.0038861,0.002478,0.0030507,0.0034086,0.0034051,0.0048256,0.0043674,0.0039001,0.002871,0.0021836,0.002247,0.0021351,0.0010201,0.0032795,0.005252,0.0031863,0.0026477,0.0052347,0.0058734,0.0047628,0.0019168,0.01434,0.010912,0.0018847,0.0073252,0.012259,0.0031551,0.0051263,0.0037825,0.0035019,0.0027853,0.00277,0.0017033,0.001578,0.0049115,0.0018779,0.0013445,0.0012039,0.00065391,0.0044873,0.0064913,0.0054372,0.0023542,0.0027684,0.002656,0.0014778,0.00042227,0.0030699,0.0032855,0.00049281,0.0027173,0.00099955,0.0012766,0.00093162,0.00086142,0.0019091,0.0014571,0.00099058,0.0024455,0.0028321,0.0014774,0.00048523,0.00052417,0.0011078,0.00082873,0.0012429,0.001542,0.00051907,0.00035945,0.00029662,0.0011586,0.0012137,0.0012001,0.0012666,0.00072384,0.00043453,0.00053552,5.0345e-05,0.00017625,0.00018643,0.0010921,0.00052088,0.0056316,0.0077743,0.0033267,0.0048709,0.014208,0.0087094,0.0095239,0.01635,0.022997,0.0096042,0.0014255,0.0015081,0.0014462,0.00039872,0.00086692,0.00090572,0.0013896,0.0013087,0.0017949,0.0010992,0.0006843,0.0010302,0.0011389,0.00042113,0.00032336,0.00072424,0.0007368,0.00059935,0.00078452,0.00078758,0.00058211,0.00075644,0.0013507,0.0011973,0.00078708,0.00082383,0.0020714,0.0013617,0.0010699,0.00076775,0.0003723,0.00045478,0.000313,0.00044665,0.00034923,0.0004421,0.00025191,0.00072869,0.00064105,0.0003772,0.00043971,0.00074416,0.0006325,0.00034093,0.00051548,0.00081311,0.00086265,0.00030483,0.00026492,0.00021347,0.00024311,0.00031728,0.00040265,0.00068834,0.00069325,0.0041087,0.0082485,0.0055698,0.0083996,0.040731,0.04183,0.0086332,0.0076666,0.0094638,0.0065174,0.00078112,0.001212,0.00098931,0.0003811,0.00019569,0.00011057,7.0965e-05,0.00051166,0.00077493,0.00052059,0.00069955,0.00049176,0.00038074,0.00056584,0.0009251,0.00089824,0.00014619,0.00061128,0.00017064,0.00015442,0.00018517,0.000347,0.00046838,0.00097666,0.0014465,0.00071788,0.00063737,0.0014613,0.001104,0.00073449,0.00097853,0.00018155,0.00089285,0.0011869,0.00047867,0.0011746,0.0018975,0.0018635,0.0026112,0.0019176,0.0012721,0.0023529,0.0006671,0.003873,0.0025693,0.00035888,0.0011581,0.0018735,0.00059448,0.00039606,0.00067088,0.0017513,0.0032395,0.0058695,0.011318,0.042415,0.063385,0.025317,0.0024489,0.010959,0.019575,0.043849,0.022747,0.0026343,0.0062854,0.0015274,0.00031624,0.001128,0.0016081,0.0021775,0.0019787,0.0020243,0.0022142,0.0021814,0.0014551,0.0014438,0.0013417,0.00060242,0.0019029,0.0018705,0.0008416,0.001052,0.0014424,0.0010292,0.0010954,0.0020436,0.0024097,0.0013425,0.00077569,0.0020617,0.0011753,0.00061634,0.00084189,0.00076786,0.0014844,0.0015558,0.00071736,0.00025177,0.00032788,0.00046707,0.00037059,0.00059007,0.00046352,0.00051211,0.0013706,0.0010979,0.0010795,0.00022508,0.0013263,0.0011117,0.00063356,0.00068372,0.0002487,0.00027008,0.0005292,0.001527,0.0013612,0.0023948,0.0039603,0.0059559,0.013664,0.01661,0.0039451,0.0060937,0.015414,0.015309,0.0074097,0.00076348,0.0042787,0.0043271,0.0040052,0.00067611,0.00084672,0.00040388,0.00042513,0.00066086,0.0012209,0.00066362,0.00071309,0.00044931,0.00042134,0.00016559,0.00068061,0.0011711,0.0011738,0.0005065,0.00058967,0.00051263,0.00046047,0.00043489,0.0010165,0.00084131,0.00056013,0.001008,0.0020511,0.0023464,0.00081433,0.0009034,0.0017312,0.0017168,0.0011606,0.0012828,0.0011448,0.00058587,0.0012254,0.00051537,0.00069597,0.0012043,0.0011326,0.0013592,0.0013227,0.0007973,0.0015034,0.0017402,0.0018051,0.0013414,0.0018094,0.0011116,0.0021367,0.00095348,0.0020087,0.0025653,0.0015409,0.0026892,0.00286,0.0073294,0.015022,0.015554,0.014737,0.030145,0.022311,0.025683,0.013691,0.0027701,0.0038648,0.0040067,0.0025658,0.0013263,0.0022151,0.0027333,0.0017975,0.00052904,0.0018638,0.002613,0.0020005,0.00072064,0.00067351,0.00086789,0.00040903,0.00024941,0.00051532,8.6161e-05,0.00025084,0.00041836,0.001221,0.0016737,0.00076469,0.0023199,0.0030823,0.0011024,0.00087409,0.0012168,0.0047317,0.0042645,0.0060057,0.0032056,0.0050782,0.0054543,0.0045026,0.0057749,0.0040787,0.0062486,0.0035512,0.0086799,0.010125,0.011704,0.004194,0.010067,0.013989,0.015737,0.013802,0.0047751,0.0047827,0.013311,0.010456,0.01031,0.01194,0.01769,0.019955,0.022473,0.039327,0.029947,0.03574,0.077102,0.17549,0.15873,0.060043,0.026222,0.021588,0.021017,0.014406,0.010317,0.009248,0.0084407,0.0062565,0.010992,0.011372,0.0050782,0.0030763,0.0078002,0.0043769,0.0024552,0.0056296,0.0055472,0.0033005,0.002135,0.003828,0.003983,0.0016662,0.0017811,0.0036231,0.0050807,0.0064805,0.0080654,0.0050634,0.0040182,0.00061458,0.0028673,0.0011236,0.0012388,0.0049035,0.013018,0.011547,0.0047445,0.0059286,0.0057078,0.0048369,0.0040852,0.0034054,0.0050807,0.0045689,0.0050458,0.0085697,0.0069144,0.0040868,0.0064825,0.0055446,0.004632,0.0079644,0.0091682,0.0078343,0.0085679,0.0099111,0.010808,0.014437,0.015935,0.012,0.023861,0.053192,0.13857,0.12715,0.028924,0.0088869,0.011024,0.01107,0.0079125,0.0054929,0.0054713,0.0037951,0.0023091,0.0017571,0.0050029,0.0047543,0.0023558,0.0023985,0.0040968,0.0023236,0.006478,0.0058981,0.002394,0.0031135,0.0042112,0.0033993,0.00097684,0.003758,0.0079283,0.0060442,0.0028198,0.0082384,0.0045885,0.0038937,0.0028319,0.0014651,0.0016939,0.0014714,0.0010603,0.00049843,0.00081282,0.00078134,0.00028124,0.00042186,0.00030318,0.00013143,0.00036578,0.00071993,7.0359e-05,0.00062579,0.0018217,0.0013836,0.00029288,0.00050504,0.0011366,0.0012457,0.00069348,0.0007014,0.0014082,0.00068174,0.00072991,0.00083848,0.0022436,0.0036492,0.0025423,0.0023815,0.012379,0.021581,0.001625,0.019018,0.018742,0.018422,0.0031816,0.0049332,0.0027414,0.0027705,0.0019231,0.0015532,0.001064,0.0011125,0.0010963,0.0011626,0.00091894,0.0013514,0.0018275,0.0012982,0.001204,0.00096975,0.00061312,0.00097531,0.00022793,0.00065025,0.0010977,0.0011307,0.00023391,0.00049092,0.00056243,0.00087866,0.00087548,0.0028166,0.0021985,0.0023377,0.00046428,0.0023779,0.0011161,0.0012362,0.0010156,0.00038126,0.0013482,0.0019836,0.0029798,0.003525,0.0030882,0.001599,0.001889,0.0006109,0.0018394,0.0025027,0.0019031,0.0013096,0.0019751,0.0012187,0.0031631,0.0022765,0.00031073,0.00011188,0.0016243,0.0029316,0.0062074,0.0039238,0.003589,0.0060767,0.0030106,0.022489,0.022227,0.005408,0.009317,0.0054195,0.0025215,0.006646,0.0055264,0.0055793,0.0050857,0.0048317,0.0042629,0.0036854,0.0010623,0.00096765,0.00063463,0.0028906,0.0029905,0.00177,0.0016298,0.00053347,0.0012487,0.0014549,0.00055635,0.0022322,0.0041377,0.0027521,0.0012414,0.001298,0.00030812,0.0021585,0.0042512,0.0039423,0.0030113,0.0028259,0.0024644,0.002102,0.0015592,0.00072606,0.0015943,0.0028032,0.0026854,0.001867,0.0022702,0.0030005,0.0029635,0.0040128,0.0042899,0.003027,0.0029218,0.0035542,0.0046426,0.0060311,0.0063796,0.0063617,0.0068756,0.0079132,0.0094984,0.010632,0.016342,0.03056,0.030002,0.016523,0.029402,0.062194,0.087192,0.057135,0.012834,0.029835,0.048305,0.034112,0.016635,0.015281,0.011188,0.0084741,0.0068157,0.0073596,0.0078362,0.0074916,0.0066793,0.0074572,0.0075823,0.0066074,0.0065679,0.0062979,0.0057289,0.0056304,0.0053944,0.0055419,0.0047469,0.0020777,0.0031657,0.0052515,0.0048774,0.0037334,0.0037171,0.004985
0.0015775,0.0042564,0.0035739,0.0033382,0.0029358,0.0015202,0.0023914,0.0023054,0.00094307,0.00048243,0.00089055,0.0028152,0.0027196,0.0030939,0.0025742,0.0022904,0.0025662,0.00093928,0.0010803,0.00089607,0.0020188,0.0028625,0.0028409,0.0017844,0.0011969,0.0019152,0.00079357,0.0018029,0.0013543,0.0018149,0.0056831,0.0066414,0.0047059,0.0023003,0.0017772,0.0063823,0.016372,0.016684,0.0059145,0.0035192,0.0025726,0.0034026,0.0041559,0.0030265,0.0021565,0.002272,0.0030824,0.0018983,0.0014505,0.0033392,0.0024155,0.0019243,0.0021391,0.0025991,0.0037711,0.0045377,0.0032959,0.0020306,0.0015295,0.0012922,0.0011206,0.00141,0.0033294,0.0021962,0.001712,0.0038546,0.0023243,0.00046862,0.0019324,0.0026358,0.0016336,0.0013235,0.0015963,0.0012448,0.0018243,0.0016459,0.0032103,0.0033946,0.0029999,0.00034301,0.0029842,0.0040641,0.0032152,0.0015395,0.0027406,0.0015357,0.001032,0.0016295,0.0017143,0.0017026,0.0018127,0.0010013,0.00063007,0.0020718,0.0039878,0.007235,0.010342,0.01154,0.0043607,0.012555,0.015958,0.01336,0.0076305,0.0039909,0.0029171,0.0034988,0.0028648,0.00085606,0.004857,0.0030105,0.0030336,0.0033536,0.001845,0.0014468,0.0020288,0.0024024,0.0018436,0.00065607,0.0030112,0.0042598,0.0033136,0.0026161,0.00508,0.0046335,0.0011596,0.00027616,0.0016875,0.00080633,0.0018016,0.001389,0.00014725,0.00038137,0.0006817,0.00071727,0.00042653,0.00017476,0.0011949,0.0012543,0.0013472,0.0012057,0.0010578,0.0020274,0.00062584,0.0012989,0.00088319,0.0005104,0.00058622,0.00044487,0.00097881,0.00071282,0.00014067,0.00041996,0.00018551,0.00055662,0.0009276,0.0016791,0.0034066,0.0039196,0.0029365,0.0034489,0.0067316,0.0099347,0.012698,0.0026651,0.011696,0.018177,0.026128,0.013844,0.0047712,0.002404,0.0012481,0.0017539,0.0020818,0.001866,0.00076047,0.00051459,7.3198e-05,0.00068634,0.00065733,0.00046564,0.00058056,0.00045336,0.00069318,0.0014423,0.0020477,0.0010334,0.00055637,0.00079157,0.0018358,0.0014101,0.0013483,0.0020733,0.0018695,0.0019604,0.0032037,0.0013738,0.00079504,0.000696,0.00032954,0.00046241,0.0011325,0.00061262,0.0013755,0.00080053,0.00082155,0.00040327,0.0015236,0.0013547,0.0003419,0.00086371,0.0012054,0.00060621,0.0012735,0.00060429,0.00071722,0.00050262,0.0014496,0.00076997,0.0015408,0.0012956,0.0024182,0.0018499,0.002661,0.0039854,0.0030506,0.017434,0.029924,0.038937,0.021414,0.0078891,0.0033024,0.018035,0.016573,0.0042808,0.0037767,0.0014036,0.0015077,0.0023125,0.0012363,0.00073634,0.00062513,0.00063227,0.00041254,0.0011863,0.0020258,0.0011048,0.0019496,0.0017113,0.0015324,0.0011247,0.001074,0.001354,0.00071192,0.00064358,0.0023705,0.003207,0.0030656,0.00216,0.0021658,0.0034083,0.0021787,0.00098148,0.0016296,0.0030043,0.0015466,0.0030824,0.0028118,0.00028825,0.0012253,0.0024529,0.0028055,0.0022554,0.0013041,0.0016609,0.00054935,0.0035606,0.0033684,0.0015714,0.0022355,0.0023964,0.00071374,0.0012193,0.0015101,0.00086564,0.0039481,0.001919,0.0059845,0.0082784,0.0037684,0.01157,0.036156,0.064642,0.039715,0.0054792,0.009148,0.013802,0.022923,0.029688,0.014067,0.0028707,0.0025516,0.0056532,0.0057507,0.00067864,0.0026978,0.0025524,0.0017112,0.0015426,0.0024221,0.0027308,0.0028052,0.0015534,0.0018887,0.0014606,0.00097134,0.0022154,0.0011531,0.00029632,0.00068369,0.0017709,0.0012565,0.0025149,0.0035745,0.0017088,0.0012573,0.00015336,0.0011217,0.00086665,0.0014036,0.0011378,0.0017632,0.0012168,0.0014879,0.00062974,0.0013602,0.0017937,0.0017713,0.0012025,0.0015739,0.001551,0.00064944,0.00041933,0.0014443,0.0024554,0.0015204,0.00098971,0.0011099,0.00096085,0.00060511,0.0018727,0.0019396,0.0030419,0.0048755,0.0023785,0.0070807,0.016212,0.029995,0.022225,0.0081391,0.0015481,0.0039005,0.0099729,0.01228,0.0045619,0.0032571,0.001094,0.0048723,0.0053738,0.002437,0.0025991,0.0011647,0.00096089,0.0011892,0.0011147,0.0010999,0.0013348,0.0013483,0.00099782,0.001052,0.0012532,0.00094507,0.00040053,0.00056757,0.00061003,0.0012313,0.0023766,0.0022003,0.001074,0.00064642,0.0027898,0.0003305,0.00056459,0.0010447,0.00027125,0.0011001,0.00040493,0.0016601,0.0014627,0.0017684,0.0015108,0.0011149,0.0011781,0.00015077,0.0010706,0.0014984,0.001377,0.00097294,0.0010457,0.0020768,0.0013489,0.00094125,0.0016699,0.0016728,0.0014606,0.0031453,0.0037657,0.0046262,0.0055234,0.0072735,0.011856,0.018598,0.036377,0.03216,0.006421,0.0044,0.0043693,0.019783,0.019801,0.0015625,0.0054635,0.0042512,0.0047719,0.0032012,0.0013725,0.0022712,0.0018835,0.001792,0.0017765,0.00070105,0.0016948,0.0028291,0.0035998,0.0024685,0.0008544,0.0014655,0.0029301,0.0036102,0.0019787,0.00075085,0.0013525,0.0016674,8.1016e-05,0.0014577,0.0019138,0.0013401,0.0018591,0.0023311,0.0038224,0.0046964,0.0026903,0.0025827,0.0059515,0.0052289,0.0025357,0.002941,0.0048668,0.0024341,0.0041324,0.00841,0.0046401,0.0064367,0.0083128,0.0026756,0.0087552,0.0085397,0.0046417,0.0037097,0.0039926,0.010459,0.011202,0.0061623,0.0027392,0.024184,0.035138,0.050912,0.063885,0.15196,0.15702,0.01542,0.03639,0.014675,0.0086658,0.015239,0.011254,0.01036,0.0053941,0.011572,0.0057305,0.00988,0.0066228,0.0070224,0.0062604,0.0068771,0.0080229,0.003628,0.0016636,0.010485,0.010333,0.0038041,0.0095301,0.0027929,0.0044853,0.0020007,0.0030801,0.00066144,0.0026095,0.001962,0.0045378,0.00070012,0.0046464,0.0018627,0.0032034,0.00086463,0.0046835,0.0054643,0.0041698,0.0052655,0.0072548,0.0085794,0.0043024,0.0012255,0.00075559,0.0026484,0.0036806,0.0042923,0.0032212,0.0040145,0.0030177,0.0028921,0.0016086,0.0039398,0.0066486,0.0044683,0.0052035,0.0061417,0.0031102,0.0089818,0.023399,0.015897,0.032808,0.045536,0.11584,0.12347,0.013882,0.03912,0.023301,0.02709,0.024208,0.0092997,0.0017924,0.0025384,0.0057293,0.0055029,0.0023093,0.0011202,0.002032,0.0037256,0.0025598,0.0027752,0.0063846,0.0062763,0.0038421,0.0022335,0.0013852,0.0026351,0.002241,0.00077384,0.0019864,0.0046536,0.0048696,0.0024239,0.0051493,0.0056055,0.0018995,0.0041099,0.0022261,0.0012548,0.0024446,0.00232,0.0015217,0.0017568,0.00028537,0.0010117,0.0001834,0.0022789,0.0036841,0.0029625,0.0019416,0.00096072,0.002303,0.00045362,0.0011769,0.0011845,0.0010694,0.0003274,0.002266,0.0029034,0.0023627,0.002825,0.002922,0.0021256,0.0011272,0.0018399,0.0020732,0.0031502,0.0074428,0.007992,0.0080625,0.0054794,0.0050469,0.0016114,0.0029235,0.0065126,0.0087591,0.005284,0.0021446,0.0026732,0.0033825,0.0038338,0.0027115,0.00061979,0.0012991,0.0017316,0.0014201,0.00066117,0.0013042,0.0014897,0.00047718,0.0013837,0.0012249,0.0017839,0.0025944,0.0017497,0.00057273,0.00076777,0.0013329,0.0011461,0.0014559,0.001659,0.0013329,0.0019933,0.0020974,0.0016863,0.00020646,0.0011886,0.00065119,0.00032266,0.00055849,0.0019147,0.00084447,0.0031492,0.0027203,0.0017839,0.0013211,0.0031523,0.0023209,0.0034706,0.0035372,0.0023155,0.0031077,0.003111,0.0014801,0.0022177,0.00552,0.0064521,0.0009763,0.0066684,0.005683,0.0020418,0.0018013,0.00087054,0.0031641,0.0024731,0.0010719,0.0027909,0.0048195,0.014821,0.017806,0.012633,0.0061846,0.0026988,0.005751,0.005343,0.0012598,0.0016016,0.002109,0.0018518,0.0017685,0.002575,0.0030522,0.00053261,0.0027219,0.0035353,0.0046686,0.0037416,0.0028507,0.0025719,0.0013904,0.002139,0.0039345,0.0018308,0.0018462,0.0054511,0.0012767,0.0064395,0.001702,0.0040353,0.0057521,0.0043091,0.0039084,0.0013652,0.0021562,0.0023348,0.001739,0.0033467,0.0064668,0.0045285,0.0015793,0.0037775,0.0016701,0.0048311,0.006829,0.0055728,0.0057915,0.0050089,0.0020256,0.0019785,0.0039704,0.0072364,0.010106,0.010413,0.0099564,0.0070879,0.0063876,0.020243,0.029811,0.043407,0.046359,0.029318,0.01495,0.051785,0.10047,0.093289,0.05653,0.033668,0.01981,0.023023,0.023099,0.022624,0.02227,0.025897,0.018037,0.0038715,0.010585,0.015716,0.020807,0.017602,0.0063447,0.0024539,0.0015359,0.0091177,0.0091529,0.0030348,0.003903,0.0072953,0.0049489,0.0055302,0.0026603,0.0061571,0.018912
0.0018204,0.0026143,0.0036538,0.0059457,0.0041068,0.0029636,0.0018652,0.00096387,0.0012874,0.0011685,0.002513,0.00090224,0.0022023,0.0025477,0.0022157,0.0016457,0.002982,0.0031008,0.0026287,0.0030174,0.00062347,0.0016945,0.0026797,0.002043,0.0022321,0.001739,0.0032238,0.0023585,0.002732,0.0021611,0.0039105,0.0067833,0.00041664,0.0040371,0.0024028,0.0076204,0.013585,0.0082938,0.0022806,0.0010742,0.0016794,0.0015317,0.0031935,0.0018484,0.0053378,0.0042552,0.0035161,0.0019796,0.0027119,0.0014616,0.00060548,0.00099399,0.00095414,0.001933,0.0038574,0.003706,0.0033454,0.0024261,0.00061629,0.0013919,0.00046296,0.0026567,0.0037431,0.0035811,0.00080092,0.0016831,0.0037084,0.0057616,0.0046543,0.0022758,0.0012291,0.0031555,0.0028112,0.0021055,0.0017159,0.00065625,0.002515,0.0020115,0.0016,0.0026355,0.0011674,0.0017417,0.0015667,0.0020752,0.0032311,0.0032252,0.00030225,0.0031271,0.0041721,0.0021082,0.0040708,0.0061286,0.0061381,0.0028905,0.00022007,0.017958,0.020858,0.0076215,0.0032039,0.01411,0.01951,0.010201,0.0030887,0.0024718,0.0029615,0.0028051,0.001877,0.0026252,0.0028592,0.0028839,0.0012375,0.0011363,0.00052142,0.0012231,0.0010204,0.00053687,0.0021771,0.0022162,0.0035274,0.0032103,0.00093597,0.0017118,0.0012028,0.0019707,0.0022483,0.0022745,0.0012017,0.0027727,0.0022717,0.0014022,0.001944,0.0012116,0.0011295,0.0014599,0.0011217,0.00032794,0.0011217,0.0017538,0.001062,0.0010616,0.00090004,0.00045089,0.00040506,0.00076842,0.00037923,0.00083375,0.0012249,0.00047327,0.00027961,0.0010933,0.00092012,0.00072067,0.00093703,0.00064576,0.00093396,0.0035414,0.0032902,0.0040333,0.0024008,0.00093828,0.015541,0.020696,0.01046,0.0021253,0.017599,0.031085,0.016334,0.0018931,0.0024447,0.00084869,0.00043102,0.00064338,0.0010055,0.0010033,0.0013426,0.00082789,0.001363,0.0011274,0.001704,0.0007637,0.00015402,0.001468,0.0018384,0.00030094,0.0025053,0.001705,0.00014174,0.00038661,0.00062683,0.0017516,0.001627,0.00068652,0.0021397,0.0023009,0.0012873,0.00090039,0.00034883,0.001238,0.00069479,0.00027713,0.00053879,0.0006174,0.00063516,0.00014276,0.00024274,0.00088404,0.0010477,0.0011114,0.00080747,0.0011136,0.00043277,0.0005657,0.00084905,0.00014433,0.00018106,0.00044413,0.00061448,0.00037439,0.00040909,0.0008855,0.00079549,0.0018836,0.0025409,0.0047873,0.0013495,0.018046,0.04307,0.029687,0.0029828,0.0012137,0.01314,0.012601,0.0032305,0.0047472,0.00081136,0.0019344,0.0024168,0.0015351,0.0010884,0.00043087,0.00053011,0.00085846,0.00096118,0.0011082,0.00066313,0.00059772,0.0012019,0.000609,0.00049976,0.0019096,0.0020282,0.00073822,0.00026984,0.00077689,0.00056866,0.00088927,0.00087239,0.00042032,0.0012959,0.0018132,0.0026764,0.0019802,0.001434,0.0015532,0.00078933,0.0015529,0.0021573,0.0011512,0.0011146,0.0017554,0.003459,0.0036689,0.00098342,0.0013437,0.0011879,0.0026499,0.0025277,0.0019696,0.00050915,0.0035184,0.0022006,0.00091694,0.0017949,0.0020735,0.0018598,0.0017969,0.0011983,0.0015634,0.012061,0.023889,0.055081,0.042751,0.0037025,0.0073303,0.016189,0.034037,0.041059,0.018466,0.0088659,0.0038029,0.0034645,0.0033583,0.001532,0.00045092,0.0013612,0.001231,0.0033316,0.003205,0.0010405,0.00048436,0.001365,0.0013767,0.0012396,0.0013473,0.00049252,0.0012723,0.0018936,0.0013034,0.0013233,0.0018871,0.00241,0.0026943,0.0022254,0.0013547,0.0010626,0.0016459,0.0016055,0.0020043,0.0017552,0.0015498,0.00018723,0.0015737,0.0028854,0.0029086,0.0017456,0.00073971,0.00052327,0.00021722,0.00028633,0.0013875,0.0018743,0.0011268,0.00087276,0.0008713,0.00029706,0.00054967,0.00065498,0.00079476,0.00035453,0.0032716,0.0044122,0.0044074,0.0010304,0.0035503,0.00557,0.0093297,0.0031767,0.0070997,0.0011643,0.0022236,0.0088563,0.010864,0.004005,0.0035314,0.0027075,0.0017382,0.0017062,0.0017373,0.0013809,0.00017822,0.00087341,0.00086203,0.0014182,0.0011584,0.0015438,0.0025191,0.00052058,0.0012776,0.00071349,0.00023074,0.0010812,0.00169,0.0010513,0.00097769,0.0017849,0.0020493,0.0014426,0.00018187,0.0016267,0.0023432,0.0015484,0.0011358,0.0015894,0.0010555,0.001172,0.001543,0.0006445,0.00046331,0.0013449,0.00068327,0.001075,0.00090617,0.00080101,0.00036719,0.00085555,0.00067113,0.00025315,0.00054935,0.00093903,9.146e-05,0.0013521,0.0014126,0.0010239,0.00087763,0.0018384,0.0025664,0.0011794,0.0042252,0.0082582,0.0092988,0.0041835,0.025479,0.020873,0.0099101,0.0052186,0.01041,0.018518,0.0080672,0.0020458,0.0016831,0.0017843,0.0020748,0.001872,0.00098222,0.0012623,0.00028816,0.0012213,0.00053428,0.00060737,0.00037406,0.0020119,0.0017101,0.0010388,0.0017347,0.0025676,0.001358,0.00028808,0.00037687,0.0014107,0.00076799,0.00074338,0.0017855,0.0018636,0.0011782,0.0005718,0.0051866,0.0057387,0.0057172,0.0058027,0.0034738,0.0014392,0.00059681,0.0031911,0.0041281,0.0027562,0.0027791,0.0053358,0.0046739,0.0053907,0.0075969,0.0058748,0.0049606,0.006463,0.0074736,0.007205,0.0071105,0.0081153,0.01103,0.01006,0.012781,0.018101,0.017232,0.045567,0.062598,0.058351,0.073219,0.18934,0.12949,0.058119,0.036182,0.031043,0.019143,0.015235,0.016939,0.013954,0.011049,0.0083818,0.0075081,0.0088332,0.010176,0.0093043,0.0076815,0.0073312,0.0047964,0.0032072,0.0078736,0.0095643,0.0080366,0.004818,0.00084009,0.0062583,0.0096407,0.0098768,0.0062799,0.0034843,0.0019912,0.0017451,0.0034068,0.0029321,0.00021739,0.003196,0.0022052,0.0022689,0.0034522,0.0028393,0.0032875,0.0056354,0.0037315,0.0054433,0.005791,0.0026135,0.0021521,0.0045622,0.0052343,0.0050867,0.0037223,0.0033755,0.0033029,0.0047965,0.0058991,0.0041223,0.0050057,0.0067577,0.0052494,0.01076,0.018991,0.013922,0.030558,0.045356,0.050739,0.046569,0.12076,0.077628,0.025369,0.023614,0.035197,0.043832,0.024115,0.010632,0.01342,0.010742,0.0081867,0.0051446,0.0059516,0.0066195,0.0079808,0.0074154,0.0057422,0.0054625,0.0063768,0.0078676,0.006976,0.0076552,0.001333,0.0073568,0.0071894,0.0047778,0.0026876,0.0046075,0.0051888,0.001234,0.0010558,0.0018931,0.0028643,0.002365,0.0029195,0.0046333,0.003404,0.0013292,0.0014609,0.002154,0.0024477,0.0025252,0.0026984,0.0023616,0.0019545,0.0014256,0.0021653,0.0011812,0.0013214,0.0017027,0.0010274,0.0014569,0.0018448,0.0018914,0.0012197,0.0021824,0.003972,0.0023952,0.0018387,0.002393,0.0013642,0.0047176,0.0044599,0.0065575,0.014419,0.02061,0.015487,0.014253,0.0081593,0.0018904,0.0026535,0.0054369,0.0049326,0.0024725,0.0026315,0.0010028,0.0023473,0.0028573,0.0017779,0.0016283,7.7053e-05,0.00078173,0.0020128,0.0024306,0.001972,0.001709,0.0013052,0.0011098,0.0019507,0.0027275,0.0017017,0.0014087,0.0025857,0.0017543,0.00058599,0.0015777,0.0014399,0.00068314,0.00013403,0.002243,0.00038969,0.0020559,0.0017872,0.0025276,0.0015773,0.002104,0.0034135,0.0017338,0.0024893,0.0036553,0.0029346,0.0010979,0.00057616,0.0018122,0.0030714,0.0038111,0.0017803,0.00049588,0.0011696,0.002762,0.000863,0.0014978,0.00104,0.0030745,0.0039001,0.0024491,0.0034111,0.0023699,0.0012512,0.003289,0.0056143,0.0042744,0.0057379,0.0057557,0.00086624,0.0064411,0.0082449,0.00048686,0.0075027,0.0086322,0.0028714,0.0041773,0.0024643,0.00084578,0.0017152,0.00063109,0.0021137,0.0012238,0.00064748,0.0014821,0.0020792,0.0014424,0.0043956,0.0068621,0.0050377,0.0031701,0.0022926,0.0051105,0.0028713,0.0017838,0.0031233,0.0043103,0.0084729,0.0066494,0.0038053,0.0022874,0.00061019,0.0023748,0.0036008,0.0016483,0.0019136,0.003482,0.0043471,0.0027678,0.0022063,0.0032188,0.0033586,0.0050601,0.0028666,0.0026053,0.003557,0.0040934,0.0052589,0.0046551,0.0040096,0.0034258,0.003987,0.0062177,0.0060466,0.0058574,0.0053785,0.0038822,0.0048699,0.0060034,0.0095612,0.010685,0.013649,0.025261,0.051843,0.10548,0.091133,0.0081712,0.031634,0.026447,0.012178,0.010071,0.011112,0.011884,0.01222,0.0060833,0.0070578,0.0083295,0.010561,0.0067681,0.0096671,0.0095361,0.0084921,0.01011,0.010503,0.0087259,0.0083042,0.007862,0.010668,0.010808,0.0078612,0.0053567,0.0079,0.011791,0.0074605
0.0020504,0.0018592,0.0015692,0.0014272,0.0011101,0.0011703,0.0003746,0.0015033,0.0020703,0.0011843,0.0031245,0.0022409,0.0012928,0.0030369,0.0020612,0.00060735,0.0017572,0.0018199,0.0015277,0.0014257,0.0011784,0.0030559,0.0034708,0.0024661,0.0015759,0.0017975,0.0023976,0.00076763,0.0012799,0.0090816,0.012718,0.0058029,0.0027077,0.0054028,0.0085776,0.010389,0.017808,0.014632,0.0026296,0.0033188,0.0011624,0.0029802,0.0039481,0.0039022,0.0023472,0.0013448,0.0024136,0.0023791,0.0014995,0.00081261,0.0015681,0.0011025,0.00022594,0.0015526,0.0016546,0.0025608,0.0028924,0.0023679,0.0036607,0.0036014,0.0043847,0.0048801,0.0036383,0.0046299,0.0048266,0.00094363,0.0027876,0.0034246,0.0045303,0.002585,0.0021119,0.0033655,0.0028797,0.002796,0.0019814,0.0017198,0.00048303,0.0009545,0.002958,0.0040044,0.0029212,0.00095603,0.0028836,0.0014841,0.00078885,0.0019803,0.0028894,0.0015204,0.001046,0.00094677,0.0011279,0.0012635,0.0043859,0.0035892,0.018466,0.029455,0.015302,0.0028877,0.01489,0.021183,0.0065537,0.0031942,0.001807,0.001591,0.0022863,0.0013803,0.0017577,0.0012312,0.0023373,0.0031628,0.0012819,0.000708,0.0027209,0.0043203,0.002755,0.0017712,0.0013511,0.0018727,0.0039394,0.0033678,0.0012521,0.0012255,0.0016854,0.0025486,0.00090059,0.0006255,0.0017592,0.0021731,0.0031314,0.0032587,0.0022193,0.00094921,0.00026218,0.000575,0.00018989,0.00016602,0.00068068,0.0013265,0.0013696,0.00076089,0.0011661,0.00085916,0.00046343,0.00076718,0.00095512,0.00029014,0.00053414,0.00074673,0.00093337,0.00086389,0.00087286,0.00020327,0.0025513,0.0041355,0.00097086,0.0015728,0.00079541,0.0030607,0.0030056,0.016544,0.026523,0.012064,0.0026166,0.016124,0.023818,0.010722,0.014278,0.008861,0.0031549,0.001444,0.00065969,0.0015799,0.0012466,0.002966,0.0023058,0.0016505,0.0015587,0.0013916,0.0010163,0.0027435,0.0028732,0.0015932,0.0010608,0.0016864,0.0025296,0.001903,0.0011199,0.0026194,0.001813,0.0011643,0.0012262,0.0012106,0.00044329,0.00073839,0.0014252,0.00038137,0.00054155,0.00085757,0.0012245,0.0013496,0.00091975,0.00040552,0.0012605,0.0015188,0.00045585,0.0012956,0.001186,0.0008234,0.0012931,0.00074793,0.00046813,0.00074896,0.0015324,0.00083262,0.00075968,0.00086008,0.00022371,0.00025623,0.0011282,0.00055151,0.0021592,0.00066116,0.0029323,0.0067281,0.019976,0.045549,0.02899,0.010111,0.0066956,0.010665,0.0073607,0.0083807,0.0069538,0.0022683,0.00076589,0.00023023,0.00039494,0.0015045,0.0022206,0.0006136,0.00043127,0.0014493,0.00018391,0.0018423,0.0010723,0.00097756,0.0012948,0.0008322,0.00062484,0.001361,0.0015751,0.00061412,0.00066569,0.00042907,0.00053095,0.00060427,0.00036459,0.0020625,0.0015502,0.002813,0.0030263,0.0040622,0.0038613,0.0027773,0.0016088,0.0010031,0.00094591,0.0010709,0.0014788,0.0012917,0.00081461,0.0014777,0.0030666,0.0013067,0.0024471,0.0011887,0.0015968,0.00063767,0.0013487,0.0010221,0.0037164,0.0044162,0.0039972,0.0041921,0.00081119,0.001345,0.0033963,0.0049136,0.0046423,0.00146,0.024112,0.047561,0.016105,0.008949,0.0099467,0.01228,0.026855,0.031242,0.0084412,0.002088,0.0029778,0.002389,0.0028289,0.00047752,0.00095714,0.0025496,0.0024552,0.0022625,0.0028332,0.0012225,0.001401,0.0025802,0.00084329,0.0020033,0.0035767,0.0035849,0.001447,0.00094347,0.0020702,0.0015725,0.0026153,0.0015385,0.0019056,0.0019726,0.0016393,0.00093798,0.0010529,0.00042223,0.0007671,0.0018399,0.00084589,0.001058,0.00066265,0.001512,0.0025966,0.0016521,0.0012311,0.00089743,0.0017526,0.0017619,0.0009667,0.00016483,0.0016337,0.00081705,0.0010174,0.00050969,0.00098851,0.0010079,0.00027923,0.0032971,0.0059173,0.00271,0.0054546,0.0078384,0.015071,0.016403,0.010143,0.0069869,0.0057305,0.0079101,0.0063892,0.00635,0.008956,0.005811,0.0033304,0.0020707,0.0034608,0.0026766,0.0011098,0.00051247,0.0027418,0.0022104,0.00029875,0.001022,0.0014962,0.00083556,0.00022996,0.00073323,0.0028849,0.0035418,0.0024413,0.0021521,0.0015235,0.0020324,0.0011057,0.00032805,0.0012268,0.001226,0.0006271,0.001407,0.00091657,8.1326e-05,0.00073802,0.00049767,0.0010729,0.0016265,0.0020284,0.00109,0.000982,0.00078946,0.00090442,0.0016319,0.0026078,0.001585,0.00094759,0.00058264,0.00074918,0.0015408,0.0017018,0.0017777,0.0013033,0.0011386,0.0018039,0.0019557,0.0016206,0.00072675,0.0030274,0.0044563,0.010411,0.015593,0.026558,0.010952,0.0067768,0.0061075,0.0095478,0.0089555,0.011878,0.013459,0.0068315,0.0026434,0.0020895,0.0017468,0.0028884,0.001394,0.00040738,0.0023383,0.0027392,0.00040069,0.0019269,0.0024039,0.0017235,0.0013818,0.0011151,0.00065665,0.00092744,0.0023397,0.0034872,0.0028746,0.00054995,0.00069499,0.00016083,0.00099881,0.0032482,0.0032968,0.0022852,0.00802,0.0072898,0.0045609,0.0015495,0.00081947,0.0034536,0.0042128,0.0054464,0.0070766,0.0054383,0.0049138,0.0029143,0.0061265,0.010511,0.0086247,0.0081424,0.0082532,0.0057383,0.0079557,0.0065985,0.0033102,0.0059467,0.012292,0.02608,0.025024,0.017178,0.020298,0.040018,0.082693,0.07723,0.18272,0.11088,0.056883,0.036071,0.01814,0.015495,0.0098877,0.0062492,0.0028457,0.0044979,0.0053025,0.0058572,0.010079,0.0076877,0.0048442,0.0036283,0.0074746,0.0059897,0.0047987,0.0035709,0.0035816,0.0035913,0.003808,0.0045468,0.0034989,0.0038699,0.0023443,0.0022637,0.0032347,0.0051155,0.0056222,0.0057346,0.0073768,0.0053864,0.0036404,0.0029936,0.002513,0.0025735,0.002496,0.0034835,0.0045553,0.0041227,0.0035378,0.0032376,0.00085062,0.0021419,0.0049428,0.012156,0.010304,0.0022896,0.0044472,0.0071763,0.0078535,0.0056423,0.0057626,0.0073929,0.010046,0.011144,0.020017,0.01943,0.01247,0.020019,0.037882,0.06224,0.045717,0.12144,0.07633,0.038269,0.024157,0.0073142,0.0083225,0.034515,0.048632,0.033425,0.018854,0.011339,0.010564,0.0088155,0.0054832,0.010231,0.014283,0.0061846,0.0079684,0.0088834,0.0064988,0.0082512,0.0092998,0.0070822,0.0077586,0.0076275,0.0043185,0.0051666,0.0058141,0.0032296,0.0032689,0.0056845,0.0040283,0.0037126,0.0049153,0.004435,0.0052897,0.0010634,0.00088433,0.0025509,0.00060576,0.00091254,0.0045771,0.003326,0.00040435,0.00050711,0.0016118,0.0035684,0.0022959,0.0013798,0.0020352,0.0019411,0.00072349,0.00065571,0.0011826,0.0018368,0.0022356,0.0013768,0.002212,0.0013855,0.0008142,0.0014021,0.0021064,0.00063521,0.0064605,0.0038536,0.010835,0.0075151,0.0035156,0.00541,0.0078985,0.0050227,0.0051945,0.002526,0.0022343,0.0016985,0.0022137,0.0020115,0.0023579,0.0022147,0.00044392,0.0022827,0.0023342,0.00097139,0.00034021,0.0012814,0.00081006,0.0013779,0.0024387,0.001838,0.0035,0.0042757,0.0036942,0.0026569,0.0013423,0.00065824,0.0016938,0.002597,0.0020472,0.0028259,0.0039257,0.0028797,0.0033191,0.0037559,0.0025052,0.0027262,0.0014959,0.0015695,0.0011086,0.0029074,0.0037104,0.0028544,0.0020751,0.0024405,0.0012362,0.0024157,0.0016984,0.00098429,0.0015065,0.0034607,0.0019362,0.00060863,0.0019467,0.0044321,0.0012955,0.0024474,0.0020298,0.0025554,0.00081594,0.00047657,0.0013702,0.0046796,0.0051453,0.0034659,0.0034159,0.0036045,0.0024139,0.015131,0.021175,0.014974,0.0056573,0.0041038,0.0058994,0.0057679,0.007189,0.0033955,0.0031903,0.0029025,0.0021803,0.0021387,0.0037711,0.0029632,0.0034778,0.0044443,0.0020369,0.0030834,0.0057399,0.0058955,0.0058211,0.00411,0.001124,0.0045565,0.0031282,0.0027004,0.0039583,0.0081743,0.0020611,0.00088847,0.0020116,0.00058941,0.0019275,0.0023046,0.00088324,0.0028477,0.0062798,0.0040683,0.0012954,0.00145,0.0029918,0.00253,0.0045451,0.004624,0.00042156,0.00022023,0.0035673,0.0047981,0.0013991,0.0013722,0.0015494,0.0037879,0.00089452,0.0035554,0.0015614,0.00082265,0.0061041,0.016399,0.020452,0.010515,0.00087947,0.011828,0.012104,0.028434,0.090311,0.096588,0.038516,0.011082,0.016526,0.012307,0.019891,0.022279,0.013619,0.0090817,0.0022374,0.012584,0.0041002,0.0099973,0.0032282,0.0050448,0.0058849,0.007178,0.0025075,0.0045769,0.006141,0.0043603,0.0062704,0.0056849,0.0072865,0.00077453,0.0070124,0.0025057,0.0095598
0.0036871,0.0039353,0.0019287,0.00136,0.0018945,0.00084292,0.001598,0.0014495,0.00041926,0.0022813,0.0027195,0.0017474,0.0019732,0.0028461,0.0025057,0.0027809,0.0013879,0.0031653,0.0022108,0.00032227,0.0012576,0.0019782,0.0027433,0.0035839,0.0019801,0.00031982,0.0018467,0.0027967,0.0018011,0.0010569,0.0042395,0.011768,0.0076741,0.0024612,0.0024887,0.012005,0.022003,0.01122,0.0004445,0.0013746,0.00089078,0.0015374,0.0020759,0.00036932,0.0013175,0.0019666,0.0018428,0.002478,0.0027112,0.0011821,0.0019157,0.00094471,0.00194,0.003594,0.0018738,0.0018241,0.001708,0.002052,0.0010265,0.0016334,0.0024542,0.002143,0.001372,0.00050123,0.00069575,0.001773,0.00057476,0.0027493,0.0035476,0.0026961,0.00063476,0.0021653,0.002951,0.0016565,0.00079498,0.00046628,0.0028991,0.0040251,0.0027509,0.00091736,0.00071879,0.0014841,0.0020403,0.0017466,0.0018544,0.0025806,0.00042002,0.0017041,0.00013813,0.0015558,0.00095517,0.002046,0.0033799,0.00351,0.0023336,0.0062007,0.015996,0.0094235,0.00061543,0.0040643,0.015291,0.015097,0.0036466,0.0001323,0.0022434,0.0018862,0.0012422,0.00084794,0.0012343,0.0019152,0.0033351,0.0038245,0.002422,0.0016273,0.0015408,0.00053057,0.0026943,0.0024355,0.00080932,0.0011175,0.0015116,0.001285,0.0021174,0.0035188,0.0016581,0.0015047,0.0042502,0.0039113,0.0035439,0.0027292,0.00089621,0.00051116,0.00092977,0.00092215,0.0013149,0.001421,0.00077128,0.00084134,0.0014382,0.00103,0.0012365,0.00069269,0.00067779,0.0008604,0.00071179,0.0006511,0.00055937,0.00016165,0.00049997,0.0011207,0.00054275,0.00084486,0.0013658,0.001209,0.00068166,0.0021344,0.0053456,0.0040055,0.0004503,0.0013312,0.0050638,0.015835,0.0095403,0.0013057,0.0030197,0.02309,0.030695,0.010833,0.0039661,0.0046761,0.0027757,0.0012717,0.00010394,0.0011871,0.000781,0.00069223,0.00092492,0.00057636,0.00072962,0.0013545,0.0010806,0.0019535,0.0014422,0.00066072,0.00086558,0.0004353,0.0008644,0.0010501,0.0011803,0.0011623,0.00027199,0.00105,0.0024199,0.0033955,0.0013663,0.0006018,0.00035667,0.00033994,0.00037754,0.00072949,0.0012867,0.00068507,0.0010186,0.00099243,0.0010622,0.0010029,0.0010093,0.00089837,0.00068107,0.00047896,0.00030462,0.00054022,0.0002761,0.00059549,0.00035671,0.00047921,0.00081086,0.00087902,0.0006502,0.00014445,0.00078523,0.0015786,0.0014293,0.0019994,0.0030365,0.010205,0.045331,0.041861,0.0081237,0.0014408,0.0057301,0.018164,0.012062,0.0014476,0.00077662,0.0015087,0.0028115,0.0020723,0.00030191,0.00078899,0.00050125,0.00049069,0.00014273,0.00051654,0.0010445,0.0011695,0.0013786,0.0011253,0.00038011,0.0011497,0.00086326,3.9939e-05,0.00052048,0.001845,0.0021701,0.0019557,0.0013939,0.002,0.0013454,0.0013684,0.0012255,0.00021629,0.0014432,0.0014899,0.0011861,0.0019145,0.0025643,0.0012617,0.0010576,0.0011026,0.0003053,0.0012475,0.0015021,0.00072651,0.0017258,0.0010628,0.0020619,0.0032088,0.0032209,0.0011077,0.0023431,0.0030294,0.002503,0.0019737,0.0011404,0.0041273,0.0064668,0.0035931,0.0022325,0.0081356,0.034477,0.060946,0.033527,0.010072,0.0028274,0.013751,0.033718,0.024562,0.0010438,0.0048345,0.0045639,0.0044974,0.001211,0.0018705,0.0024834,0.0027872,0.0019245,0.0019151,0.0018229,0.0023023,0.003817,0.0029772,0.0021221,0.00054851,0.00067128,0.0017418,0.0027396,0.0041355,0.0034303,0.00099753,0.0019014,0.00062374,0.001773,0.0017564,0.00026753,0.0010258,0.001558,0.0012569,0.0010682,0.00073619,0.00093892,0.0012314,0.00081522,0.0014707,0.0015027,0.0010239,0.0012436,0.00089312,0.00041104,0.00050129,0.0010905,0.0011036,0.00058928,0.00072855,0.00055996,0.0012647,0.0014739,0.0015803,0.00089041,0.0014483,0.0010537,0.0023291,0.00046437,0.0017396,0.00078061,0.01407,0.030603,0.020904,0.0053596,0.0025874,0.0082199,0.0063033,0.0035193,0.0025452,0.0046526,0.00492,0.0037403,0.0010185,0.00020782,0.0018844,0.0028578,0.0014361,0.00028527,0.000682,0.0013371,0.00045326,0.00064689,0.0016115,0.00061229,0.00062213,0.00099575,0.00084268,0.0010896,0.00061683,0.0007541,0.0019913,0.0021806,0.0015049,0.00095637,0.001384,0.00026022,0.00049382,0.0012046,0.0011497,0.00036725,0.00075119,0.0003243,0.00075502,0.00089304,0.0008237,0.00039008,0.00057766,0.00027958,0.0015133,0.0012989,0.0010114,0.00071607,0.0010414,0.0013552,0.00028072,0.0010332,0.0014634,0.0016939,0.00075541,0.001862,0.0031675,0.00078003,0.003688,0.0041967,0.01033,0.023497,0.042776,0.028696,0.0095569,0.0085482,0.015115,0.018009,0.0098962,0.00027828,0.0010769,0.0019818,0.0021362,0.0012447,0.00050519,0.0010487,0.00040929,0.00066796,0.0014948,0.0017477,0.0012571,0.0011899,0.0012757,0.0021786,0.0021358,0.00030861,0.0010852,0.0022627,0.00263,0.0023809,0.0023556,0.00061276,0.0015839,0.0012461,0.0002486,0.00027622,0.0017682,0.0019141,0.0023372,0.0010494,0.0036373,0.0010404,0.0011112,0.0040741,0.0063288,0.0026189,0.0022664,0.0034891,0.0022978,0.0033671,0.0036587,0.0038936,0.0050218,0.0034537,0.0022702,0.0026657,0.0038208,0.0028444,0.0042153,0.0097604,0.0081194,0.0041132,0.025179,0.036808,0.02191,0.036676,0.093131,0.19567,0.1399,0.027493,0.014662,0.0055765,0.013001,0.012019,0.0099621,0.0042425,0.0019134,0.003226,0.0056467,0.003101,0.012645,0.0079936,0.008441,0.0033897,0.0015446,0.0030528,0.0074878,0.0069185,0.0039804,0.0041583,0.0066608,0.0086673,0.0040145,0.0005273,0.0023125,0.0075973,0.0076803,0.002664,0.0012325,0.0030128,0.0077222,0.002373,0.0027888,0.0019229,0.0021614,0.0034084,0.0033985,0.0039868,0.0072608,0.011203,0.0079023,0.0052397,0.0053046,0.002674,0.0054798,0.0060433,0.0048541,0.0062909,0.0038703,0.0069399,0.0060005,0.0054406,0.0085813,0.0065678,0.0082974,0.0098214,0.0067061,0.013592,0.026007,0.015909,0.02332,0.062868,0.13355,0.093703,0.0093809,0.0033668,0.021835,0.040423,0.023955,0.010826,0.011613,0.0054967,0.0050817,0.0068358,0.0030164,0.0074367,0.007114,0.0034266,0.0019772,0.0014546,0.0040284,0.0029838,0.0020092,0.00095797,0.0042144,0.0079575,0.010363,0.0040975,0.0033677,0.0016578,0.0051018,0.004584,0.0045561,0.0039749,0.004075,0.0060042,0.0016579,0.0024053,0.0052009,0.0035419,0.0010957,0.0015665,0.00084777,0.0028388,0.002138,0.0022183,0.0037397,0.002873,0.0020128,0.0009849,0.0013386,0.002095,0.00057568,0.002636,0.0015045,0.0013363,0.0013412,0.00054419,0.0010449,0.0019262,0.00045004,0.00084022,0.002552,0.0062394,0.0053121,0.0016615,0.0059939,0.014552,0.010077,0.0040064,0.0042455,0.0066539,0.014639,0.011317,0.0042541,0.0011197,0.0035363,0.0041669,0.00067209,0.0024033,0.003202,0.0010897,0.00070984,0.002248,0.0021454,0.00085854,0.00083628,0.001496,9.0142e-05,0.0023107,0.0026333,0.0015292,0.00050407,0.0019795,0.0023264,0.00077389,0.00071882,0.00099814,0.0023608,0.0027701,0.0016818,0.005279,0.003836,0.0030814,0.00083701,0.0014076,0.0020075,0.0017,0.0031309,0.004715,0.0029338,0.0019119,0.0018346,0.001224,0.00082278,0.0037721,0.0069676,0.0041795,0.0040067,0.0028104,0.0017777,0.0024425,0.0033879,0.0047632,0.0038088,0.001279,0.0046932,0.0040216,3.6273e-05,0.0024498,0.0052286,0.0024743,0.0024334,0.0025311,0.0025012,0.002934,0.01044,0.018343,0.0097586,0.0069156,0.00085483,0.0067864,0.004802,0.0021224,0.0007127,0.0035294,0.0030111,0.0065552,0.0064923,0.0036532,0.0011247,0.0027204,0.0015566,0.0018044,0.004061,0.0030538,0.0021588,0.0011479,0.0034921,0.0038773,0.0010095,0.0028753,0.0040782,0.002195,0.0031242,0.0035531,0.0018975,0.0033995,0.0045289,0.0040458,0.0037732,0.0022756,0.0029389,0.004843,0.0033416,0.003536,0.0025887,0.0033091,0.0017732,0.003559,0.0052596,0.0037611,0.001386,0.0031166,0.0039816,0.0035858,0.0043733,0.0041524,0.0080033,0.0087332,0.0087794,0.0099703,0.015165,0.012734,0.0051959,0.010544,0.031069,0.050534,0.021945,0.019722,0.02454,0.07699,0.11877,0.054465,0.025964,0.019428,0.048904,0.065809,0.027348,0.0048367,0.011565,0.019387,0.019296,0.00093024,0.00805,0.0053409,0.0083217,0.0091998,0.0068135,0.0042442,0.001416,0.0030626,0.0062948,0.005489,0.0042215,0.0037515,0.005699,0.0080071,0.0062192,0.0073678,0.0063418
0.0012768,0.0014987,0.00040606,0.00048082,0.00043273,0.0016016,0.0020993,0.00054848,0.0030288,0.0029367,0.0014841,0.0019271,0.001281,0.0024522,0.0032209,0.00091178,0.0033561,0.0041999,0.0039289,0.0009634,0.0025749,0.0035627,0.0034993,0.0028263,0.0028978,0.0035148,0.0051922,0.0024811,0.00019132,0.0033746,0.005624,0.0069931,0.0048213,0.0034308,0.0014447,0.0027266,0.0095889,0.0118,0.0023452,0.0084811,0.0068428,0.0037946,0.0019397,0.0005031,0.0015281,0.0021367,0.0022774,0.0017286,0.0016741,0.002482,0.001905,0.0011154,0.0015351,0.0019079,0.0015188,0.0018313,0.0012111,0.002267,0.0020083,0.0012326,0.0015314,0.0018764,0.0020294,0.0021508,0.00070441,0.0022323,0.001578,0.0023229,0.0027728,0.0034544,0.0042626,0.0018653,0.0028219,0.0016731,0.0019737,0.0010579,0.0017761,0.0045746,0.0043467,0.0043651,0.0050618,0.0020943,0.0025734,0.002526,0.003929,0.0016895,0.0048628,0.0055432,0.0037832,0.0016035,0.0037923,0.0046349,0.0041722,0.00049296,0.014187,0.030578,0.038414,0.024019,0.006734,0.0031141,0.0035719,0.0077895,0.014194,0.027123,0.031745,0.020734,0.010287,0.00050983,0.004486,0.0068446,0.0064031,0.0070038,0.0047529,0.0029177,0.0030576,0.0011884,0.00087089,0.0021255,0.0029014,0.0029476,0.0020152,0.002004,0.0037117,0.0037759,0.0032961,0.0038833,0.0047603,0.0068878,0.0039177,0.0014825,0.002081,0.0020133,0.00057053,0.0008709,0.00091506,0.00041042,0.00041258,0.0004475,0.001311,0.0024359,0.0004999,0.0018209,0.0018074,0.0017544,0.0016691,0.0015225,0.0010961,0.00074403,0.00069809,0.00083371,0.001897,0.00090444,0.00020816,0.00076264,0.0017978,0.0035826,0.0054441,0.0040608,0.0011426,0.0045837,0.011598,0.016532,0.0083028,0.0015678,0.00036846,0.0022281,0.004336,0.0040275,0.017013,0.016527,0.0097544,0.0052608,0.00032107,0.00061265,4.9532e-05,0.00042945,0.0012174,0.0014854,0.0012238,0.0013294,0.0014936,0.00063306,0.0010439,0.00099864,0.00089368,0.00061479,0.00096589,0.0012645,0.0013339,0.0035894,0.0071021,0.0062331,0.0043902,0.0062427,0.0083074,0.0010453,0.0010099,0.00028098,0.00043508,0.00060783,0.0010946,0.0011183,0.00092879,0.00033905,0.00046159,0.0005824,0.00015588,0.00044463,0.00010275,0.00059749,0.00087183,0.00094631,0.00024876,0.0004641,0.00037949,0.00029137,0.00079709,0.00085774,0.00055644,0.0010663,0.0023474,0.0022883,0.0015784,0.0027743,0.0021369,0.017822,0.043395,0.035803,0.0099324,0.0012109,0.0048403,0.0060784,0.0052759,0.0065099,0.010218,0.0064652,0.0034625,0.0017867,0.0025207,0.0013101,0.00080981,0.001267,0.0013311,0.00081994,0.00032307,0.0003159,0.0005655,0.0016578,0.001776,0.0029086,0.0024806,0.0006145,0.0015705,0.0018211,0.00040107,0.0028761,0.0030099,0.00084979,0.001482,0.00294,0.0052924,0.0028276,0.0017634,0.0012822,0.0016095,0.0011669,0.00072571,0.0023725,0.0015463,0.0034671,0.0043387,0.0021464,0.0015545,0.0018329,0.00050959,0.0013542,0.0032494,0.0023527,0.00081042,0.00091658,0.0019664,0.0023335,0.0018499,0.00076973,0.0013753,0.0026906,0.0041605,0.0017422,0.01163,0.018679,0.049678,0.045864,0.026818,0.0060069,0.0021408,0.006294,0.016296,0.025462,0.016858,0.0097404,0.0039135,0.0029983,0.0023517,0.00062316,0.00086765,0.0015381,0.00064799,0.001205,0.0017408,0.002187,0.00054174,0.0010701,0.00080269,0.0010676,0.0018401,0.00048514,0.0017741,0.0015731,0.0019616,0.00098985,0.0013111,0.0013051,0.0019927,0.0023063,0.00081008,0.00094143,0.00077426,0.0010604,0.0012253,0.00076845,0.0010504,0.0018882,0.0014124,0.00094703,0.0012804,0.0012258,0.0020486,0.0010158,0.00077992,0.0011835,0.00083551,0.0010932,0.0009535,0.00063427,0.0006943,0.00073918,0.00077025,0.00031609,0.0019876,0.0019944,0.0012472,0.0029691,0.0031909,0.0027247,0.0027545,0.016691,0.031494,0.022208,0.0050574,0.0029404,0.0024791,0.0064462,0.006805,0.0022887,0.0032434,0.001059,0.0036753,0.0031306,0.0017049,0.00072455,0.001616,0.00073496,0.00040012,0.0010029,0.0015915,0.0005639,0.00051758,0.0010093,0.00081686,0.00055506,0.00081657,0.00055271,0.00050247,0.00032774,0.00048015,0.00079826,0.00084709,0.00090264,0.0025245,0.0028415,0.00019766,0.0011447,0.0018764,0.001339,0.0020339,0.0017123,0.0012603,0.00079113,0.00057778,0.000898,0.00079254,0.00071735,0.00087024,0.00017361,0.00069312,0.0020481,0.0010622,0.001331,0.0024547,0.0025484,0.0012238,0.0004601,0.0017583,0.00077325,0.001467,0.002677,0.0026841,0.0015548,0.0018171,0.0068587,0.029762,0.040123,0.018778,0.0032855,0.0054442,0.0075541,0.014179,0.013218,0.0051633,0.0050413,0.0031251,0.0014124,0.0010826,0.0011714,0.0007066,0.00059392,0.0007656,0.00069745,0.00114,0.0017474,0.002403,0.00028734,0.001343,0.00057612,0.0010031,0.0013117,0.0014809,8.6425e-05,0.0019787,0.00059337,0.0011842,0.00075372,0.0010587,0.00079703,0.00072252,0.0043319,0.0062083,0.006561,0.0052287,0.0028986,0.00034866,0.0026058,0.0045059,0.0028633,0.0032119,0.0017667,0.0032361,0.0012914,0.0024079,0.0019948,0.0027256,0.0030251,0.0053306,0.0078781,0.0025667,0.0039365,0.0087869,0.0018634,0.0063777,0.0034263,0.0069524,0.0053614,0.010573,0.015822,0.025694,0.14265,0.1895,0.080194,0.020505,0.0096459,0.015373,0.010514,0.011261,0.0065643,0.0021211,0.0037133,0.0027727,0.0018134,0.0024692,0.0055838,0.0027419,0.0051218,0.003501,0.001734,0.0052935,0.0027258,0.0033281,0.0056019,0.0031286,0.0018585,0.004353,0.0013712,0.0046955,0.0072929,0.0051774,0.0027884,0.004597,0.0051696,0.0016676,0.0023055,0.00051124,0.0022708,0.0012761,0.0013624,0.0027271,0.0029644,0.0053238,0.0089083,0.0085285,0.0052544,0.0018526,0.0004089,0.0017105,0.00059179,0.0021378,0.0028756,0.00053944,0.0010695,0.00066243,0.0027183,0.0031727,0.0036827,0.0026894,0.0051351,0.006052,0.013433,0.010212,0.0015933,0.011727,0.018351,0.10443,0.14211,0.063993,0.012727,0.0082343,0.010961,0.040223,0.035133,0.0050468,0.0038797,0.0021443,0.0053063,0.0064371,0.0046917,0.00027532,0.0031357,0.0028985,0.0039014,0.0016721,0.0030786,0.0039108,0.0019132,0.0049954,0.0058912,0.0050756,0.0065585,0.0047388,0.0024001,0.003391,0.0023349,0.0044836,0.0053191,0.0061476,0.0021527,0.0056187,0.0018908,0.0013159,0.0019737,0.00092509,0.0034915,0.0029107,0.0045112,0.0070557,0.0042183,0.0022997,0.004101,0.0035136,0.0030714,0.0015304,0.0018429,0.0034777,0.0037257,0.0013619,0.0019338,0.0018682,0.0031131,0.0022259,0.0018745,0.003512,0.0030353,0.0017274,0.0031558,0.0016236,0.0034434,0.0048092,0.0064381,0.0124,0.0086108,0.00071796,0.0018263,0.0061591,0.0076005,0.0014938,0.0086516,0.0042219,0.0049371,0.0040377,0.0040481,0.0057722,0.0061525,0.0023419,0.0013649,0.0017677,0.00073471,0.00063326,0.0015062,0.0010775,0.0022113,0.0031584,0.0030547,0.001739,0.001102,0.0019319,0.0017899,0.0011632,0.0017979,0.0016667,0.0035823,0.0032931,0.0022076,0.0028282,0.0044037,0.0034675,0.0026258,0.0020358,0.0025505,0.0023218,0.0012931,0.0013786,0.0018221,0.0017501,0.0030178,0.0038648,0.0027612,0.001628,0.0016416,0.001889,0.0017241,0.0014491,0.002117,0.0019125,0.0018457,0.0017751,0.0027197,0.0025211,0.0025418,0.0029804,0.0031611,0.001986,0.002107,0.0026086,0.004436,0.005597,0.0037061,0.0037395,0.0069275,0.012304,0.014034,0.015488,0.014809,0.0076843,0.0032524,0.0017729,0.0029682,0.0043895,0.0065262,0.0065923,0.0038566,0.0027079,0.0020748,0.00066498,0.0034896,0.0055412,0.0053463,0.0026043,0.00061176,0.0033733,0.0045514,0.0039482,0.0042804,0.0064381,0.0039453,0.0057865,0.0062619,0.0049423,0.0030103,0.0036791,0.0025477,0.0029751,0.0025689,0.0030276,0.0022813,0.0021937,0.0037352,0.0036672,0.0019021,0.0024411,0.003981,0.0012522,0.0024648,0.0036035,0.004866,0.0047277,0.0037657,0.0057041,0.0070513,0.0051623,0.00079594,0.0037769,0.0045552,0.0044084,0.007251,0.011237,0.012837,0.016035,0.040127,0.053836,0.025213,0.0088687,0.016397,0.044473,0.072183,0.062157,0.056294,0.055151,0.0099054,0.036959,0.02587,0.024082,0.031916,0.021286,0.01783,0.029086,0.020398,0.013563,0.006802,0.0049474,0.0072702,0.0057313,0.0058549,0.0091421,0.0066171,0.0022049,0.0067266,0.0079979,0.0095622,0.009511,0.0032539,0.016121,0.019609
0.0020203,0.0026523,0.0024868,0.0056308,0.0024238,0.0029142,0.0031789,0.00064633,0.00395,0.0037525,0.0074052,0.0040748,0.0029047,0.0011109,0.00084945,0.0022947,0.0017129,0.0040141,0.0039944,0.0012893,0.0019524,0.0021062,0.0023964,0.0031942,0.0020821,0.003293,0.002046,0.001445,0.0017926,0.00095574,0.00073026,0.0021039,0.0042462,0.0022982,0.0043657,0.0079154,0.0082067,0.0085197,0.0093883,0.011763,0.00617,0.013995,0.014155,0.013187,0.016348,0.020797,0.026469,0.023807,0.01442,0.0090474,0.0047836,0.0036973,0.0031455,0.0007361,0.0015297,0.0011589,0.00029602,0.0020508,0.00066882,0.0022962,0.0020236,0.0044858,0.0017292,0.0013369,0.0021266,0.0011275,0.0017954,0.0027465,0.0032136,0.0014346,0.0025005,0.00053262,0.0020722,0.0028138,0.0021095,0.00018789,0.00039107,0.00020607,0.0023243,0.0015485,0.0056534,0.0093593,0.0065246,0.0061486,0.0052414,0.0025518,0.0040049,0.0035616,0.0051691,0.0026098,0.0017676,0.0053118,0.0035039,0.0034505,0.0034876,0.0069974,0.0071989,0.0093372,0.0032399,0.0097268,0.015441,0.0099313,0.020337,0.016162,0.014206,0.01451,0.02042,0.010802,0.019963,0.025486,0.02425,0.02611,0.011814,0.010342,0.024068,0.026311,0.02421,0.023518,0.014534,0.011285,0.0096485,0.0057726,0.0040907,0.003285,0.0013112,0.0030991,0.0022735,0.0010775,0.0019415,0.0016165,0.0012649,0.0013908,0.00053861,0.0010496,0.00073749,0.0013492,0.0014872,0.0019024,0.0011587,0.00039072,0.00072269,0.00159,0.0011097,0.00026755,0.00087104,0.00074529,0.0019181,0.0027351,0.0025979,0.0010693,0.0014924,0.0022942,0.0014337,0.00050681,0.001716,0.0015253,0.001933,0.0026749,0.00066305,0.00098061,7.4392e-05,0.0048413,0.010148,0.003901,0.0014855,0.0031471,0.0039047,0.0099657,0.010732,0.0072666,0.0025012,0.0038203,0.0010429,0.013904,0.016578,0.0072534,0.0026077,0.0076357,0.010091,0.01138,0.0090773,0.0055158,0.0075444,0.0063059,0.0014439,0.0036151,0.0044835,0.0021824,0.002116,0.0036756,0.0025062,0.0032749,0.0038075,0.0029263,0.0031818,0.001938,0.0014145,0.0017952,0.0015718,0.00055734,0.00056617,0.001758,0.0010963,0.00081622,0.0016278,0.0015438,0.00055221,0.0010965,0.0026338,0.0025144,0.0018666,0.0018282,0.0020934,0.0016851,0.00024928,0.0012648,0.0021083,0.0030329,0.0030567,0.0028963,0.0030007,0.004077,0.0044242,0.0031778,0.0047548,0.0083719,0.0048284,0.0023835,0.0053242,0.012634,0.012782,0.01245,0.027597,0.028704,0.012888,0.020364,0.025981,0.025369,0.02316,0.014433,0.0052179,0.0040528,0.0042708,0.0055165,0.0074806,0.0077956,0.006174,0.0046504,0.0029684,0.0011862,0.00438,0.0045699,0.0035318,0.0033239,0.0044353,0.0046983,0.0039392,0.0031684,0.0040817,0.0062283,0.0016346,0.0020797,0.0023598,0.0012715,0.00088086,0.0027144,0.0022993,0.0013061,0.0022262,0.0032983,0.0032727,0.0015503,0.0014065,0.0037476,0.0040898,0.0046863,0.010457,0.010528,0.007593,0.0039719,0.0015666,0.0011071,0.0021542,0.0014192,0.0020378,0.0025514,0.002653,0.0019138,0.0032913,0.0057189,0.013179,0.011651,0.034217,0.028286,0.015036,0.011723,0.0074319,0.018576,0.0067682,0.011314,0.0075857,0.0074419,0.0077553,0.0027138,0.0057916,0.0076449,0.0054576,0.0028031,0.0016767,0.0019688,0.0030873,0.002741,0.0032475,0.0018988,5.1396e-05,0.0018737,0.0012708,0.0014588,0.0025443,0.0017972,0.0011121,0.0014314,0.0017368,0.00020327,0.0013462,0.00037263,0.00038583,0.00082151,0.00049716,0.00049027,0.0013129,0.00042013,0.00074575,0.00063538,0.00091927,0.00061858,0.0012334,0.00076038,0.00059452,0.00061113,0.00068687,0.0014106,0.00096865,0.00067077,0.0021745,0.0031561,0.0025391,0.002778,0.0022202,0.0016979,0.0013098,0.00525,0.0021568,0.0055969,0.005336,0.0058587,0.0097077,0.020632,0.01688,0.0126,0.0035913,0.0072287,0.015025,0.0095098,0.0022083,0.0052577,0.00096931,0.0026438,0.0044702,0.0025561,0.0059924,0.0043634,0.0040067,0.0012857,0.0040059,0.007765,0.0094004,0.0082086,0.0063302,0.0027414,0.00050592,0.0026209,0.0013448,0.000533,0.0016013,0.002713,0.0027918,0.0039487,0.0046293,0.0039558,0.0041263,0.0021733,0.00029691,0.0020753,0.0027019,0.0019116,0.0010997,0.0018581,0.0019371,0.00084338,0.0014132,0.0019796,0.0026269,0.00065025,0.0019377,0.0021569,0.0027416,0.0023212,0.0016676,0.0020844,0.00066148,0.0015302,0.0016325,0.0027923,0.0020827,0.0018568,0.0004624,0.0020614,0.00479,0.0071228,0.0055356,0.0037577,0.0033028,0.0057625,0.0011306,0.0046855,0.0023086,0.0045248,0.0045511,0.010264,0.01168,0.0059626,0.0057171,0.0051869,0.0043584,0.0066009,0.0080035,0.0062375,0.007139,0.0062629,0.0037409,0.0042728,0.0040424,0.0026582,0.0019671,0.0050876,0.0054115,0.0059256,0.0051603,0.003763,0.0038465,0.0048249,0.0031386,0.00073632,0.0012134,0.0082858,0.0057044,0.0075834,0.0066756,0.0060949,0.0014192,0.0082619,0.0076983,0.0059773,0.0019236,0.0062451,0.0053184,0.0014845,0.0066864,0.0082154,0.0066521,0.0017948,0.0043438,0.00080588,0.00017136,0.0047367,0.0064634,0.0048634,0.011754,0.0087647,0.0064916,0.0095961,0.019821,0.016941,0.0047168,0.020291,0.019782,0.0085531,0.026493,0.018149,0.010924,0.038836,0.063543,0.012531,0.041151,0.063834,0.070731,0.072177,0.051014,0.033853,0.017731,0.020031,0.023897,0.023851,0.026611,0.030133,0.025736,0.019651,0.017662,0.018629,0.014609,0.0059349,0.0071361,0.0056275,0.0058954,0.012134,0.01384,0.009468,0.0034169,0.0048473,0.0034778,0.0021072,0.0015045,0.002625,0.0011706,0.0052025,0.0018622,0.0060563,0.0069617,0.012389,0.010179,0.011439,0.012477,0.010368,0.0090873,0.008587,0.0067107,0.0069592,0.0073893,0.0062166,0.0056874,0.0060693,0.0083174,0.0085854,0.0085622,0.011667,0.012868,0.0029902,0.0065845,0.0081577,0.008919,0.013572,0.011681,0.020296,0.008863,0.018171,0.059061,0.10472,0.068887,0.057679,0.069305,0.063773,0.050439,0.034637,0.022922,0.024237,0.020483,0.012522,0.012774,0.010976,0.0057864,0.0018986,0.0080763,0.0113,0.010781,0.014987,0.014146,0.0079995,0.0014497,0.0060573,0.014543,0.023411,0.029667,0.021598,0.019002,0.002049,0.0020511,0.0010455,0.00024243,0.00012755,0.0013209,0.0014034,0.00041602,0.0013337,0.00047122,0.00064387,0.0011378,0.0016238,0.0016854,0.00096544,0.0014724,0.00091187,0.00097722,0.0020444,0.0027099,0.003191,0.0021653,0.0027104,0.0031189,0.0028788,0.0048874,0.0023477,0.0012465,0.0019092,0.0018456,0.0016381,0.0024185,0.0028139,0.0047506,0.0086141,0.0077174,0.0062034,0.018108,0.0086839,0.0055123,0.0090517,0.0099291,0.0080178,0.013341,0.013807,0.018372,0.022061,0.022742,0.013168,0.0051721,0.0016313,0.001286,0.00071805,0.0017453,0.00045063,0.0018341,0.0020753,0.0023394,0.0040103,0.0058365,0.0042994,0.0036602,0.0047363,0.0048826,0.0030255,0.0013138,0.0025408,0.0029864,0.0017226,0.0033878,0.0047901,0.0015188,0.0029549,0.0034667,0.0032287,0.0013107,0.00342,0.0031235,0.0041841,0.0043738,0.0042389,0.0096314,0.010114,0.0077229,0.0077203,0.0052335,0.0047947,0.0078696,0.0020373,0.0039433,0.0031385,0.0031043,0.0023548,0.0085932,0.0042326,0.0092947,0.0098835,0.013454,0.0032532,0.0094811,0.010332,0.025939,0.026605,0.019827,0.036207,0.030072,0.055098,0.073154,0.044588,0.058459,0.087968,0.091489,0.078785,0.057164,0.039057,0.025977,0.016971,0.0084604,0.0048768,0.0039332,0.0041739,0.0019917,0.0033557,0.002423,0.0047305,0.0057539,0.001713,0.0022134,0.0036049,0.0018408,0.0019117,0.0012076,0.0022169,0.0018858,0.0013997,0.0010742,0.00040093,0.0010287,0.0023032,0.0013816,0.0022501,0.0016279,0.0022958,0.0011199,0.00081299,0.0019865,0.0023524,0.00061625,0.0013547,0.0033749,0.0015637,0.0034351,0.0041879,0.00079866,0.0056065,0.0086667,0.0066381,0.0048729,0.010051,0.0016455,0.0093608,0.0037123,0.012271,0.0032463,0.01713,0.01443,0.041819,0.072126,0.078455,0.07932,0.05827,0.054501,0.044185,0.010064,0.026516,0.043361,0.041495,0.038521,0.032751,0.034815,0.033222,0.032085,0.02306,0.013739,0.0056887,0.0083194,0.0085756,0.0051176,0.0089366,0.01011,0.0055455,0.0016103,0.0044188,0.0023811,0.0053284
0.0018966,0.00087895,0.00074781,0.00039995,0.0017414,0.0019464,0.0017011,0.0013199,0.0019591,0.002091,0.0022662,0.0010096,0.00077502,0.0011095,0.0021139,0.0023226,0.0013232,0.0032595,0.0034549,0.0029919,0.0013105,0.00014821,0.0015397,0.00058896,0.0028082,0.0022152,0.0017108,0.0032772,0.0048811,0.0063516,0.0038059,0.0075281,0.011829,0.011376,0.006145,0.0012957,0.0027319,0.005054,0.0077865,0.0032005,0.0010128,0.0007217,0.0011581,0.0018288,0.0016635,0.0023336,0.0049086,0.0044287,0.0021674,0.0031105,0.0036808,0.0030158,0.0047372,0.0049319,0.0013921,0.0037818,0.0054742,0.0031951,0.0013082,0.0027185,0.0011415,0.0010273,0.0013478,0.0015068,0.0032868,0.0022994,0.0013907,0.0029691,0.0029836,0.001311,0.0019683,0.0043408,0.0043037,0.0023005,0.0038317,0.0030092,0.0026727,0.0029911,0.0034669,0.007313,0.0033817,0.0051174,0.0016542,0.001578,0.0023855,0.0040377,0.010588,0.0034545,0.0070471,0.0060103,0.0089416,0.0061529,0.021054,0.012165,0.010531,0.012688,0.014511,0.031629,0.029896,0.026876,0.025228,0.007823,0.02113,0.035667,0.031739,0.024695,0.014974,0.0020001,0.003686,0.0027229,0.0044458,0.0015053,0.0033359,0.0036909,0.001483,0.0011774,0.00032784,0.0021844,0.0037908,0.003042,0.0037669,0.0040616,0.0019837,0.000778,0.0018378,0.0034337,0.0021409,0.0025069,0.0037887,0.002131,0.00049909,0.00086376,0.0010193,0.0016404,0.0014844,0.0012233,0.0027215,0.0019925,0.0011694,0.00058203,0.00086676,0.00041097,0.00029378,0.00053774,0.0015712,0.0015364,0.0013704,0.0016848,0.0018644,0.00093262,0.0016959,0.0029801,0.0056724,0.010526,0.016098,0.018654,0.015731,0.0047433,0.0085094,0.0014316,0.007821,0.0016773,0.012346,0.0060155,0.0057492,0.010327,0.0047424,0.0085457,0.012964,0.009812,0.0052825,0.0027241,0.0012697,0.0015769,0.0012119,0.0018366,0.00059889,0.00054692,0.0013424,0.0017401,0.0013403,0.00066926,0.0014047,0.0026715,0.0031809,0.001804,0.00030078,0.00087877,0.0015841,0.00174,0.0018826,0.00314,0.0031055,0.0043466,0.0031433,0.00078644,0.00043283,0.00063287,0.0010493,0.00090928,0.00010573,0.0002343,0.00072323,0.00079451,0.00027842,0.00089664,0.0013555,0.00098761,0.0011108,0.00063416,0.00079454,0.0010156,0.00082129,0.0030513,0.0014584,0.0035104,0.0037912,0.0025879,0.0023345,0.0035895,0.0020354,0.0051587,0.0075129,0.0012808,0.0065361,0.015402,0.0047189,0.033187,0.045509,0.02518,0.0099469,0.0045288,0.0036209,0.0088205,0.0077857,0.0021769,0.00122,0.0011954,0.0015299,0.0013844,0.00048698,0.0005654,0.00087869,0.00014243,0.00030213,0.00023418,0.00063743,0.00073188,0.00071274,0.00036824,0.0010977,0.0010277,0.0014381,0.0010116,0.00025326,0.0014101,0.0018337,0.0017428,0.00080715,0.00065153,0.0028856,0.00088155,0.0003375,0.0024369,0.0014452,0.0018893,0.0015476,0.0020053,0.00072421,0.0041801,0.0010082,0.0040333,0.0047824,0.0061782,0.0049752,0.011132,0.017202,0.018055,0.0065046,0.0057013,0.008123,0.010669,0.011265,0.012988,0.015378,0.022766,0.053371,0.057178,0.023204,0.025568,0.015578,0.020691,0.032714,0.028294,0.01293,0.0060531,0.0032536,0.0041509,0.0051171,0.0011863,0.0034868,0.0017361,0.0022925,0.0015404,0.0015323,0.00030696,0.0015784,0.0018928,0.0015518,0.001844,0.00025322,0.001133,0.0017302,0.0010517,0.0013579,0.0032972,0.0017621,0.00048445,0.0015542,0.0023499,0.00020223,0.00091732,0.0011309,0.0017847,0.0012421,0.00057928,0.0003701,0.00045973,0.00045178,0.0008643,0.00050384,0.00046781,0.0013205,0.0015138,0.0013632,0.0010042,0.001056,0.0014332,0.0011624,0.00060728,0.0013346,0.0015463,0.0010341,0.0012699,0.0021303,0.0039091,0.0035306,0.0058242,0.008495,0.012196,0.0087619,0.0057883,0.019488,0.01097,0.0087172,0.0070467,0.0079403,0.0094281,0.010227,0.0030915,0.0014718,0.0025069,0.0023081,0.0056688,0.003373,0.00037867,0.00072794,0.0029948,0.0022965,0.00056971,0.0016902,0.0012154,0.001126,8.191e-05,0.00062573,0.0018187,0.0023799,0.0010641,0.00087622,0.0013316,0.00062966,0.001576,0.0024471,0.0032539,0.0031025,0.0018401,0.00075639,0.0027484,0.0028267,0.002318,0.0010585,0.0014021,0.0017512,0.0018973,0.0013877,0.0005027,0.00067176,0.0012181,0.00050292,0.00081682,0.001782,0.0019757,0.0016722,0.0012859,0.0013732,0.003584,0.0013355,0.0019839,0.0010576,0.0018999,0.0022763,0.00029782,0.0045321,0.0012041,0.0061765,0.010042,0.0054914,0.003865,0.0062833,0.0079266,0.0074287,0.016364,0.038747,0.041986,0.019539,0.0014549,0.0052376,0.0040232,0.0067757,0.0063829,0.0014315,0.0032269,0.002073,0.0029308,0.0014849,0.0029956,0.0019801,0.0021698,0.0021862,0.00083455,0.00097915,0.00081395,0.0015361,0.0014657,0.0017352,0.00090764,0.0010819,0.0016662,0.0017789,0.0016383,0.0015437,0.0018872,0.00085232,0.00097494,0.00065202,0.0048622,0.003956,0.0029987,0.0040334,0.0030063,0.0019222,0.0017421,0.00077943,0.0037331,0.0044556,0.0046669,0.0043063,0.0029677,0.002159,0.0022331,0.010939,0.0067678,0.0051171,0.010804,0.003751,0.0073503,0.01814,0.01787,0.02869,0.011617,0.034085,0.0057868,0.051511,0.013917,0.060027,0.052677,0.074204,0.16937,0.18704,0.094948,0.017645,0.021664,0.0086591,0.012394,0.011885,0.016262,0.011478,0.0049265,0.010494,0.0072893,0.0045224,0.0081053,0.0064198,0.0017252,0.0050547,0.0015066,0.0061342,0.0058822,0.00059151,0.0066353,0.0073865,0.0031598,0.0026564,0.0050355,0.0039934,0.0023886,0.0039966,0.00017949,0.0043876,0.0052758,0.0042004,0.0076273,0.0043159,0.00091554,0.002649,0.0029836,0.0035639,0.00083509,0.0016812,0.004539,0.0030764,0.0015466,0.0034581,0.004223,0.0040598,0.0050745,0.0043531,0.0024251,0.0072532,0.002027,0.0072842,0.019013,0.017167,0.031037,0.019081,0.042806,0.022952,0.045324,0.019806,0.04871,0.052025,0.035917,0.092313,0.11652,0.071764,0.027047,0.020421,0.013056,0.013471,0.0031188,0.0084543,0.0019147,0.0080312,0.004634,0.0078037,0.0052013,0.001076,0.0040101,0.0021709,0.00062568,0.0014892,0.0019196,0.0033091,0.0040735,0.0033822,0.00069727,0.0019801,0.0021276,0.0035754,0.0041365,0.0030837,0.0046687,0.004492,0.0010135,0.0026235,0.00061686,0.00081345,0.00074192,0.00057445,0.00096351,0.0006297,0.00077449,0.00085578,0.0012228,0.00097872,0.00066806,0.0010872,0.00064304,0.00034585,0.00090774,0.0005931,0.00080722,0.0013664,0.00031544,0.00039864,0.0014192,0.0013892,0.0022401,0.00076425,0.0012149,0.0015497,0.0044801,0.0030872,0.00098953,0.007169,0.0092019,0.006873,0.020182,0.018025,0.01111,0.012286,0.0042944,0.0092062,0.013642,0.0083702,0.0073077,0.0059287,0.0032977,0.0018034,0.00090207,0.0012887,0.000805,0.0019329,0.0013973,0.0005431,0.00061957,0.00064433,0.0011946,0.0010573,0.00073631,0.0007769,0.00029074,0.00050964,0.00024269,0.00076005,0.0010522,0.0013542,0.0021471,0.00305,0.003405,0.0021135,0.0021245,0.0031247,0.0026764,0.00098179,0.0010432,0.0012449,0.0028698,0.0044021,0.0019156,0.0031341,0.0015888,0.0015915,0.0018082,0.0057397,0.0081254,0.012327,0.017052,0.010855,0.0083818,0.010202,0.009182,0.0072851,0.0088717,0.01084,0.022336,0.036046,0.030406,0.04913,0.033952,0.043293,0.061552,0.054824,0.016572,0.016314,0.017495,0.01034,0.0064883,0.0083832,0.0054351,0.0063412,0.0064734,0.0047919,0.0025882,0.00070354,0.003502,0.0062534,0.0061553,0.0042861,0.0030684,0.00035395,0.00072921,0.00081403,0.0016604,0.0019522,0.0020948,0.0020826,0.00087101,0.0027996,0.0011094,0.0043789,0.005435,0.002106,0.0038588,0.0045033,0.00095084,0.00099432,0.0018542,0.0017139,0.0024657,0.0025161,0.0018913,0.0013988,0.0030725,0.0036456,0.0021418,0.0021157,0.002856,0.0018951,0.0025767,0.0031313,0.0043122,0.0042842,0.0028256,0.002103,0.0034381,0.0053083,0.0088769,0.0033491,0.024208,0.031135,0.010092,0.02192,0.015864,0.0054283,0.019645,0.05187,0.073623,0.052303,0.023596,0.031925,0.025887,0.012507,0.0037965,0.0073436,0.0092633,0.011951,0.01111,0.009654,0.006139,0.0017435,0.0021932,0.0035311,0.0028559,0.0035241,0.0034339,0.0018712,0.0019238,0.0047943,0.004738,0.0035641,0.0032497,0.0038955,0.0020975,0.0017609,0.0021748,0.001406,0.0027287,0.0043855,0.0053076
0.0022621,0.0012279,0.0023136,0.001542,0.0017528,0.00099595,0.0016779,0.00028881,0.0034454,0.0030772,0.001017,0.0025649,0.0049023,0.0039606,0.0032582,0.00092588,0.0012814,0.00047798,0.0018478,0.0012864,0.00012556,0.0018085,0.0037306,0.0021014,0.0010928,0.00055921,0.00093979,0.0029128,0.0033775,0.0048843,0.0098378,0.012533,0.010337,0.0086987,0.0045278,0.0027027,0.001017,0.003585,0.0033538,0.0049568,0.0066644,0.0062974,0.0038898,0.0013997,0.0022108,0.0023477,0.0021733,0.0034857,0.0028506,0.00095623,0.00081307,0.0018354,0.001261,0.00063953,0.00079198,0.0025187,0.0045388,0.0050969,0.0019997,0.0006456,0.0020751,0.0010671,0.00018729,0.0022951,0.0014912,0.001516,0.0019015,0.0011382,0.0008169,0.0024391,0.0037137,0.0030782,0.0023457,0.002148,0.0026008,0.0029566,0.0013291,0.00098927,0.0016618,0.0056153,0.0059982,0.0049466,0.0032642,0.0021205,0.0048729,0.0044434,0.0020747,0.0028621,0.012525,0.011293,0.0084494,0.004011,0.0026806,0.0022694,0.0070318,0.0036448,0.0037675,0.016237,0.026032,0.033299,0.030522,0.016307,0.020704,0.024783,0.01799,0.021826,0.02017,0.011728,0.0023703,0.00087556,0.0011789,0.0059983,0.0060267,0.0012153,0.0033175,0.0021555,0.0022404,0.00090643,0.0008032,0.00086807,0.0021405,0.0032581,0.0028134,0.0037361,0.0018688,0.0032025,0.0040778,0.00218,0.0018209,0.0010682,0.00075261,0.0017152,0.0012655,0.00050861,0.00093757,0.0008926,0.00075905,0.00078149,0.00093882,0.00080411,0.00072681,0.0011906,0.00070197,0.00042534,0.00062191,0.0010923,0.00033012,0.00063033,0.00044417,0.00024858,0.0012318,0.0018357,0.00054006,0.0030701,0.0076982,0.0083701,0.0022858,0.0024008,0.00095626,0.0068828,0.008003,0.0097979,0.009293,0.010737,0.0088327,0.0022597,0.0082643,0.012011,0.013152,0.008959,0.0072258,0.006418,0.0036075,0.0013544,0.00048626,0.00074328,0.0011612,0.0014387,0.0016461,0.0011144,0.00056271,0.00028073,0.00071374,0.0012084,0.00078407,0.00011212,0.00092034,0.00075182,0.0020323,0.001294,0.0010773,0.00088099,0.0019959,0.0012994,0.00061198,0.00058665,0.000384,0.0009619,0.0015268,9.5029e-05,0.00073842,0.00063323,0.0011224,0.00043692,0.0013566,0.00064119,0.0010495,0.00083212,0.00061881,0.00069572,0.00042225,0.0010623,0.0011322,8.5655e-05,0.00072138,0.00045602,0.00028095,0.001807,0.0024594,0.0098383,0.0072845,0.001038,0.00015118,0.0044851,0.0036086,0.0098046,0.020904,0.027807,0.035423,0.031813,0.016808,0.010295,0.0088936,0.010541,0.0079514,0.0056889,0.0060573,0.0033547,0.0026003,0.0002915,0.0012832,0.00077138,0.00048488,0.00076306,0.00049141,0.00017171,0.00071041,0.00081177,0.001067,0.00088043,0.001477,0.0010955,0.0014249,0.0012432,0.00077586,0.00026359,0.00059593,0.00072463,0.0011215,0.00081991,0.0010405,0.0016678,0.0014229,0.0010493,0.00080234,0.00065845,0.00022982,0.0015995,0.0035426,0.002113,0.0014447,0.00098723,0.0014294,0.00021959,0.00088406,0.00082358,0.0023252,0.0046754,0.0041344,0.00047551,0.0015462,0.0039257,0.0089549,0.018998,0.060053,0.059193,0.019924,0.011579,0.012118,0.021926,0.039879,0.042173,0.019844,0.012513,0.0040152,0.006513,0.0018863,0.0045116,0.0034539,0.0045324,0.001951,0.0015871,0.0020496,0.0014483,0.0027503,0.0016345,0.0015609,0.0019108,0.0012241,0.0013224,0.0026971,0.0024417,0.00052915,0.0010859,0.00094215,0.0008384,0.0012314,0.0012921,0.0012207,0.00090207,0.0025697,0.00080871,0.00052742,0.00093548,0.0022106,0.0011206,0.00070427,0.0010266,0.0018372,0.0011088,0.00028766,0.0013258,0.00082846,0.0010998,0.0011763,0.0013518,0.00092873,0.00094232,0.00070931,0.0011606,0.00071269,0.0015402,0.00079171,0.00093307,0.001365,0.00064405,0.00093426,0.0018411,0.00064308,0.011501,0.013951,0.0077731,0.0059456,0.0068094,0.012974,0.012015,0.015329,0.0094276,0.0059407,0.0052305,0.00098953,0.0011649,0.0016742,0.0024308,0.0015435,0.00087433,0.0015573,0.00067418,0.0018116,0.0011697,0.00044283,0.00090962,0.00061077,0.0008574,0.001075,0.00070637,0.00078866,0.00074558,0.00096311,0.0012401,0.0011428,0.0016419,0.0028109,0.0030697,0.0013396,0.00061962,0.00096375,0.00119,0.0011186,0.0015947,0.00092136,0.0014362,0.0014193,0.00097249,0.00059108,0.00058532,0.0012578,0.0005972,0.0010441,0.00085487,0.00060864,0.0011939,0.0016829,0.00041265,0.0006267,0.00063522,0.0010064,0.0010733,0.00091838,0.0022554,0.002451,0.0026353,0.0025496,0.0039776,0.011244,0.0091952,0.0017758,0.0019034,0.003229,0.0044679,0.020488,0.03925,0.028017,0.021221,0.014923,0.014533,0.009238,0.0065766,0.0065114,0.004433,0.0039083,0.0029254,0.0030792,0.0030855,0.0021184,0.0011606,0.0013917,0.002397,0.0026001,0.00081717,0.0010942,0.001566,0.0015296,0.0016279,0.0020811,0.0018981,0.0023595,0.0021938,0.00066564,0.0010948,0.0016017,0.00095315,0.001775,0.0013941,0.0016525,0.0030421,0.002306,0.003033,0.0032751,0.0026089,0.0031754,0.0036908,0.0037141,0.0060605,0.0050594,0.0046283,0.0033413,0.0036908,0.0061591,0.0063596,0.005499,0.0032349,0.0052349,0.004982,0.0033555,0.006839,0.012133,0.010298,0.010652,0.0078552,0.0046452,0.010299,0.0095004,0.022117,0.023501,0.063883,0.13958,0.13211,0.10873,0.096845,0.085472,0.053617,0.034923,0.018286,0.012195,0.01074,0.01368,0.012519,0.0098034,0.0050852,0.0028615,0.0066141,0.0052107,0.0052345,0.0058123,0.0053219,0.0057307,0.0060554,0.0042518,0.0037338,0.0053153,0.0058575,0.0048556,0.0022388,0.0036611,0.0037575,0.0029869,0.0015429,0.0060143,0.0069789,0.0031304,0.0066942,0.0086984,0.0081662,0.0060249,0.007664,0.0061255,0.0020568,0.0028184,0.0043837,0.0031471,0.0032826,0.0040453,0.0042567,0.003329,0.0044486,0.0066524,0.0051345,0.0043323,0.0057783,0.0058663,0.0055382,0.0045186,0.0080714,0.012961,0.0089626,0.010402,0.01232,0.016759,0.0068607,0.025687,0.061031,0.080706,0.088561,0.087552,0.067589,0.030533,0.018607,0.021291,0.014966,0.0061558,0.0071484,0.0050653,0.0084789,0.0087791,0.0088983,0.0071855,0.0022173,0.0052972,0.0065225,0.0057473,0.0047847,0.0036155,0.0028408,0.0039072,0.0034371,0.002877,0.0063796,0.0052343,0.0013394,0.0045726,0.0059282,0.0040367,0.0013553,0.0024078,0.00042254,0.00065173,0.0016013,0.00095554,0.00045107,0.00053259,0.00069745,0.00063549,0.00076593,0.00087781,0.0010736,0.00054209,0.00064041,0.0011314,0.00036279,0.001003,0.00127,0.00066481,0.00049422,0.0008583,0.0006606,0.0011194,0.00021464,0.0016495,0.0028564,0.0021782,0.0013857,0.0026277,0.0018764,0.002214,0.0065858,0.010925,0.012194,0.01413,0.019935,0.021087,0.0051934,0.0086515,0.0075455,0.0045539,0.0089848,0.0066757,0.0039728,0.0027121,0.0013165,0.00080419,0.0011273,0.0013007,0.00053126,0.00042061,0.00025441,0.00079718,0.0015513,0.0013425,0.00060606,0.00043118,0.00097745,0.0015524,0.0012731,0.00050561,0.00080189,0.00048858,0.00090052,0.0012875,0.00047259,0.0016691,0.0018571,0.0027306,0.0026626,0.00028121,0.0030538,0.0030497,0.0031542,0.002902,0.0048626,0.0031062,0.0020264,0.0016238,0.0013603,0.0015551,0.0032202,0.0050709,0.0056326,0.0035855,0.0039721,0.0057749,0.0083183,0.0050001,0.011832,0.027069,0.01964,0.0088104,0.027213,0.025641,0.057725,0.10734,0.10828,0.038732,0.016451,0.023013,0.0066307,0.011963,0.006678,0.0038987,0.0057179,0.0094317,0.0058487,0.003702,0.0059259,0.0024865,0.0062258,0.0056792,0.0034585,0.0044487,0.00089998,0.0030175,0.00040174,0.0030382,0.0027744,0.0049532,0.0055489,0.0040047,0.0071714,0.0045634,0.0032909,0.0019061,0.0042284,0.003267,0.0027826,0.006167,0.0010633,0.0016319,0.0030488,0.0018241,0.0015438,0.001812,0.0024929,0.0010935,0.0030407,0.0033948,8.5286e-05,0.0032932,0.0035936,0.0017749,0.0037179,0.0047664,0.0030382,0.0024243,0.0031789,0.0033343,0.0048378,0.0037702,0.0076788,0.0046576,0.023695,0.023607,0.0092798,0.0056856,0.0095006,0.01276,0.059053,0.076815,0.048351,0.027919,0.036151,0.0053624,0.027632,0.018278,0.0091454,0.011737,0.0072109,0.0092914,0.0013864,0.0037746,0.0036678,0.0050734,0.0040705,0.0031569,0.0033803,0.0025631,0.0052117,0.0046103,0.0018009,0.0015334,0.0014556,0.0029457,0.0015057,0.0016324,0.0015474,0.0022294,0.0041387,0.0025691,0.00046347,0.0025457,0.002826
0.0019856,0.0017101,0.001202,0.0013112,0.00052298,0.00037092,0.0034766,0.0048758,0.0022672,0.001289,0.0009075,0.00044449,0.0018739,0.0033733,0.001433,0.0019125,0.0014286,0.0011489,0.00063726,0.00055332,0.0021281,0.0020554,0.0039799,0.0026564,0.00068588,0.0026426,0.0025222,0.0019856,0.0025429,0.0021391,0.0027255,0.0053825,0.01227,0.0081213,0.0024716,0.0023942,0.0055703,0.0067073,0.0047954,0.0024288,0.0021015,0.0024272,0.0046663,0.006186,0.0038278,0.00095306,0.0017042,0.00093291,0.002291,0.0032382,0.0027182,0.0021819,0.0018038,0.00077976,0.001678,0.0023132,0.0010393,0.0018173,0.0003903,0.0035409,0.004129,0.001318,0.00099847,0.0041077,0.0059051,0.0022422,0.0025929,0.0010603,0.0023528,0.0026648,0.0026011,0.00061592,0.0014564,0.00047889,0.00062332,0.0024856,0.00098597,0.0037483,0.0020372,0.00028978,0.00081513,6.6101e-05,0.00072477,0.0018312,0.0037534,0.0058154,0.0074566,0.0071461,0.0069185,0.0036124,0.0041081,0.011536,0.010179,0.0074106,0.0034383,0.0040183,0.0079134,0.014313,0.027224,0.032274,0.03139,0.018119,0.017493,0.015882,0.018657,0.017793,0.0077117,0.0036946,0.003415,0.0013387,0.0010585,0.0042158,0.0021276,0.0015044,0.00076772,0.002281,0.0029152,0.0015641,0.0025759,0.0019194,0.0010537,0.0010628,0.0026281,0.0040572,0.0026435,0.00047894,0.0017588,0.0027233,0.0026102,0.0025862,0.0015385,0.0012063,0.00056677,0.00085657,0.0011521,0.0012425,0.0021998,0.0011618,0.00053167,0.0010138,0.001812,0.0016212,0.0013102,0.0014583,0.0020829,0.0019987,0.0017472,0.00056664,0.0009747,0.0012773,0.0010274,0.00019103,0.00067183,0.0005173,0.0032346,0.0056869,0.011027,0.0065599,0.002289,0.00031974,0.0038211,0.0043015,0.0049766,0.0070615,0.0091947,0.0018698,0.01154,0.016806,0.013306,0.0072227,0.0061415,0.0019501,0.0033852,0.0036726,0.0021923,0.0010389,0.0023815,0.001048,0.0013571,0.0023735,0.0016232,0.00083139,0.0010546,0.0017033,0.0023946,0.0010928,0.001092,0.0020057,0.001894,0.0017895,0.0013727,0.00035155,0.00014965,0.00082714,0.0021872,0.00050988,0.0012444,0.0015161,0.0012151,0.00053767,0.0011717,0.00052535,0.00049616,0.00037438,0.00055445,0.00081297,0.00026174,0.00093082,0.0010628,0.0011875,0.00078664,0.00070512,0.0012351,0.0010435,0.00097366,0.0022425,0.0034617,0.0014352,0.0018463,0.0017585,0.0047327,0.01017,0.0059888,0.0019095,0.0015156,0.0012203,0.0032273,0.028783,0.051087,0.0262,0.0028206,0.0037393,0.0082609,0.012275,0.0051784,0.0033505,0.0022925,0.001472,0.0011359,0.00067521,0.00038887,0.0011147,0.00081435,0.00019177,0.00062903,0.00033313,0.00010913,0.0006623,0.00091021,0.0011536,0.001048,0.00074097,0.0012444,0.0011181,0.0016915,0.00033866,0.0016866,0.0014185,0.0019853,0.0026406,0.0016761,0.0023384,0.0032529,0.0031592,0.0023806,0.0039172,0.0037934,0.00061722,0.0020725,0.002277,0.0014663,0.0020763,0.0021459,0.0014287,0.0023788,0.0022911,0.0026326,0.0020041,0.0020838,0.0033606,0.0035933,0.0049224,0.0067587,0.010468,0.008452,0.033371,0.068929,0.044553,0.010298,0.0054687,0.0064763,0.017948,0.037886,0.021535,0.007077,0.0075704,0.0048679,0.0068493,0.0050933,0.0026028,0.0011674,0.0037401,0.0054244,0.0035128,0.0011194,0.0022475,0.0012282,0.0028877,0.0015885,0.0021894,0.0019705,0.0024024,0.00031474,0.0022457,0.0012529,0.001415,0.0020583,0.00068445,0.00081055,0.0015197,0.0017387,0.0011008,0.002728,0.0016379,0.0013199,0.00093252,0.0011482,0.0012551,0.0013121,0.00078395,0.0003834,0.00024016,6.0654e-05,0.00082293,0.0014413,0.00084307,6.0023e-05,0.00068379,0.00080531,0.00017384,0.0006657,0.00075479,0.00036316,0.001193,0.0011206,0.0010691,0.0021303,0.0032931,0.0021832,0.0019927,0.010639,0.015152,0.0075283,0.0019623,0.0036352,0.0043954,0.0039309,0.0085267,0.0088923,0.0044029,0.00075641,0.0028703,0.0043427,0.0018181,0.0027836,0.001953,0.00089624,0.00015388,0.0010235,0.0017521,0.00080447,0.00048232,0.00053669,0.00066887,0.00042301,0.00037959,0.00069758,0.00028589,0.0010859,0.0019693,0.0028121,0.0024071,0.0015971,0.0022107,0.0023764,0.0023514,0.0040842,0.0045806,0.0039722,0.00279,0.0011649,0.0011042,0.00049437,0.00042989,0.00054301,0.0012815,0.0017696,0.0011297,0.0013357,0.00158,0.0017886,0.0016896,0.0016682,0.0016644,0.0026361,0.0038546,0.0028183,0.0018122,0.0022816,0.0024199,0.0022755,0.003054,0.0028931,0.0030204,0.0053575,0.0042634,0.008349,0.0041771,0.0060801,0.0095852,0.017732,0.012505,0.025126,0.041068,0.030826,0.01433,0.0061624,0.0073285,0.0056921,0.0053029,0.005269,0.0044994,0.0038613,0.0040763,0.0041103,0.0032675,0.0032841,0.0026501,0.0024986,0.0034707,0.0021392,0.00014573,0.0012048,0.0025492,0.0021881,0.001192,0.00084128,0.0016968,0.0022824,0.001624,0.0012229,0.00132,0.0021241,0.0028554,0.0019138,0.0010554,0.0050521,0.0059343,0.0044359,0.0028033,0.0020501,0.00307,0.0047084,0.0046091,0.0050674,0.0061398,0.0046782,0.0036693,0.0050682,0.0026741,0.00050031,0.0029897,0.0022549,0.0062192,0.0097536,0.012992,0.017728,0.015522,0.0068928,0.0036815,0.012352,0.017218,0.022414,0.03051,0.043217,0.067645,0.059703,0.064201,0.19074,0.14968,0.052604,0.029128,0.022046,0.028447,0.023463,0.024699,0.022446,0.014481,0.011399,0.011548,0.014675,0.014301,0.013412,0.011824,0.0097914,0.010252,0.009937,0.0058705,0.0030216,0.0059111,0.0087143,0.0096962,0.010143,0.012395,0.012643,0.010984,0.010799,0.0083813,0.0023418,0.0018146,0.0026472,0.0042723,0.0081444,0.007774,0.0038199,0.0020214,0.0026511,0.0022467,0.0019729,0.0028584,0.0038522,0.0036603,0.0031256,0.0040218,0.0050344,0.004805,0.0051443,0.0072037,0.0079688,0.0058986,0.0048345,0.006162,0.0062084,0.0066511,0.0077044,0.0097525,0.013365,0.016365,0.024397,0.034588,0.040783,0.047812,0.010542,0.128,0.11583,0.031429,0.017552,0.023996,0.022559,0.021479,0.019382,0.017,0.013605,0.0098391,0.0098161,0.012542,0.012028,0.0097494,0.0083187,0.0086554,0.0087096,0.0079503,0.0076017,0.0085358,0.0085076,0.0073982,0.0060031,0.0057444,0.0066923,0.0075591,0.0065856,0.0052501,0.0063932,0.0089673,0.012436,0.00054516,0.0018743,0.001571,0.00060814,0.00017975,0.00040053,0.00062979,0.00050902,0.00098281,0.00072899,0.00022713,0.0004662,0.00095528,0.0011362,0.0010498,0.00073763,0.0012762,0.0012091,0.0014778,0.00061257,0.0020098,0.0023691,0.00022789,0.0011595,0.0010532,0.0032905,0.0042815,0.0022134,0.0035986,0.0016589,0.0051123,0.0045894,0.013153,0.02158,0.014035,0.0046131,0.0056537,0.010793,0.01092,0.0093042,0.00035322,0.0029755,0.0026552,0.0013997,0.0024684,0.0020723,0.00077306,0.0012382,0.00053143,0.0008972,0.00081245,0.0014767,0.0016697,0.00043807,0.0016774,0.00062268,0.00053892,0.00071092,0.0012626,0.00050349,0.00091315,0.0012451,0.00084319,0.00040479,4.1881e-05,0.0033564,0.0062816,0.0046444,0.0002301,0.00097337,0.0030435,0.0033987,0.0026487,0.0029758,0.00072591,0.0018764,0.0039986,0.0044602,0.0022565,0.0019766,0.00151,0.002292,0.0014702,0.00018718,0.0014522,0.0014043,0.0034011,0.0017306,0.00030067,0.0056476,0.0061257,0.016556,0.011828,0.0056514,0.002388,0.026307,0.02885,0.067256,0.04669,0.011833,0.0093559,0.0065634,0.0038662,0.0031426,0.0067248,0.00521,0.0016728,0.0023407,0.0054332,0.0028453,0.0041739,0.0050548,0.0019115,0.0024141,0.0025265,0.0059217,0.004308,0.0028891,0.0023327,0.0017434,0.0024683,0.0018002,0.0043393,0.0042779,0.0027494,0.00080226,0.0026919,0.0024317,0.0010459,0.0010972,0.00071823,0.0027758,0.0023705,0.0032117,0.0012847,0.0023476,0.0011459,0.0018634,0.0016767,0.001706,0.00066003,0.0009935,0.00057525,0.00095824,0.001696,0.001689,0.0026614,0.0018772,0.0016408,0.0030132,0.0015545,0.0038387,0.0011001,0.0058041,0.0041031,0.014665,0.032381,0.019272,0.0045763,0.0074342,0.021587,0.017866,0.081515,0.083815,0.053507,0.016985,0.01587,0.0068378,0.010517,0.012959,0.018423,0.011806,0.0051916,0.0071399,0.0035913,0.0034217,0.0025361,0.0046321,0.0039786,0.0012659,0.0027952,0.0019708,0.0028804,0.0022914,0.0017289,0.0019766,0.0028625,0.0012719,0.0032618,0.0026898,0.0031806,0.0037294,0.0047513,0.0045145,0.0026017
0.0028345,0.0034847,0.00091501,0.00060451,0.00068798,0.0015353,0.0030398,0.0035219,0.0025465,0.0011064,0.00092697,0.0025937,0.0033745,0.0012126,0.0025734,0.002788,0.0026991,0.0016555,0.0015128,0.0028072,0.0032215,0.0038358,0.0034582,0.0015259,0.00051968,0.001992,0.0047248,0.0033742,0.0012559,0.0041887,0.0040961,0.0043515,0.012719,0.010383,0.0045473,0.0082801,0.0030602,0.0019362,0.0075043,0.0071775,0.0016572,0.0016967,0.0013904,0.0015955,0.003162,0.00022444,0.0020353,0.001476,0.0017894,0.0023375,0.0020817,0.0012091,0.00073634,0.0015173,0.0014087,0.0011298,0.00085504,0.001191,0.0016465,0.0043101,0.001338,0.0028626,0.0015627,0.0035298,0.0024843,0.0020091,0.00102,0.0022098,0.0011784,0.0016864,0.0011515,0.0027393,0.0019553,0.00097686,0.0017327,0.0023475,0.0045034,0.002486,0.0019331,0.0012717,0.0017858,0.0018822,0.0027175,0.002716,0.0026744,0.0005482,0.0015399,0.0026194,0.0050997,0.0047549,0.0020219,0.0091436,0.013776,0.0071127,0.00044983,0.0039883,0.0021029,0.0084786,0.010989,0.027595,0.048219,0.02709,0.010119,0.043801,0.048209,0.014746,0.0016161,0.0002746,0.00091436,0.0014715,0.00076087,0.0015622,0.00097131,0.00095961,0.0018649,0.0017511,0.001488,0.00087968,0.0013536,0.0021883,0.0015185,0.0010526,0.0023692,0.0014163,0.00089556,0.0010771,0.00068646,0.0015328,0.00028111,0.001283,0.00051627,0.00090608,0.0013236,0.00048885,0.00031834,0.00078849,0.00036263,0.0014033,0.001312,0.00082927,0.0015056,0.0011583,0.00056882,0.000863,0.0011823,0.0008832,0.00083237,0.0016647,0.0019699,0.0020499,0.0013023,0.0014765,0.0010216,0.00058092,0.0003216,0.00051192,0.0053856,0.0085116,0.0036163,0.0012536,0.00049609,0.0056641,0.011365,0.0079883,0.0061244,0.011466,0.0074785,0.0022509,0.014027,0.015144,0.004369,0.0013821,0.00023406,0.00059408,0.00041736,7.3559e-05,0.0010055,0.00058473,0.0011681,0.0012864,0.0014796,0.0020635,0.001014,0.0012325,0.0015793,0.0016097,0.0013042,0.0012604,0.00031705,0.00077568,0.0015426,0.0037473,0.0074146,0.0038259,0.001205,0.00089711,0.0012064,0.00074954,0.0019862,0.0012292,0.0016079,0.0013109,0.00013595,0.00071388,0.00075296,0.00081092,0.00092503,0.0003574,0.00049349,0.00028419,0.00094877,0.00066907,0.00020846,0.0010428,0.002704,0.0041171,0.0015138,0.0011465,0.001706,0.0019297,0.0017766,0.0070772,0.0076656,0.0027242,0.0029692,0.0010406,0.0090644,0.0030163,0.0067772,0.028245,0.048741,0.028502,0.01288,0.0046557,0.0072022,0.0071641,0.0025926,0.0034194,0.0027549,0.0025489,0.0022856,0.0016311,0.0021128,0.0015931,0.0011888,0.0018589,0.0014988,0.00097752,0.001859,0.000583,0.0014648,0.0019284,0.0012238,0.00068247,0.00094414,0.0013745,0.0021736,0.00046064,0.0016084,0.0015743,0.00047066,0.0017532,0.00076765,0.0011985,0.0028427,0.0017512,0.0030751,0.0010597,0.00065597,0.00059604,0.0020555,0.0017062,0.0031062,0.0040088,0.0024818,0.0027907,0.0042182,0.0039737,0.0014901,0.002583,0.0014808,0.003059,0.0018006,0.0056785,0.006342,0.0014137,0.04661,0.06699,0.030429,0.0052101,0.010158,0.01201,0.049161,0.037872,0.0057423,0.010392,0.0092846,0.0042472,0.0034479,0.0024647,0.0018857,0.0027202,0.0024081,0.0024424,0.0013634,0.0033859,0.0019223,0.0014103,0.0012555,0.0018933,0.0013739,0.00080308,0.001178,0.0013993,0.00050401,0.0013629,0.0019845,0.001563,0.00089333,0.0013343,0.0014388,0.0030535,0.0012408,0.0011257,0.0025499,0.0010693,0.00049866,0.0015514,0.0011601,0.00063421,0.00032752,0.00038601,0.00093817,0.00063351,0.00093503,0.00045956,0.00053848,0.00018722,0.00068877,0.00042051,0.00023552,0.00073982,0.0007001,0.00067422,0.0012543,0.0024614,0.0028295,0.0015218,0.0031079,0.0037485,0.00044332,0.011049,0.0171,0.0098308,0.0045054,0.0037522,0.0044854,0.012812,0.0085441,0.0023502,0.0042737,0.0044904,0.0034521,0.0055945,0.0039006,0.002382,0.0016578,0.00057391,0.00063074,0.00054006,0.00044964,0.00062466,0.00094187,0.00064814,0.00090114,0.0010067,0.001218,0.0018863,0.00089661,0.00036832,0.0016444,0.0032061,0.0019606,0.00058825,0.0013284,0.0021545,0.0028298,0.0026742,0.0017581,0.0027081,0.00090147,0.0011103,0.00097209,0.0012593,0.0011147,0.00063639,0.00064297,0.0011164,0.0012213,0.0019885,0.0025282,0.0026113,0.002405,0.0022487,0.0021233,0.00049963,0.0027156,0.0022623,0.00070056,0.0014171,0.0024063,0.002101,0.0033708,0.0034714,0.0021116,0.0043162,0.00734,0.010255,0.0056169,0.0015895,0.005139,0.0068146,0.014832,0.026401,0.017729,0.019206,0.014038,0.0089108,0.0045792,0.0020164,0.00026852,0.00084779,0.0004896,0.00097567,0.001865,0.0029276,0.0019407,0.0023079,0.0014973,0.00023547,0.00020006,0.00016828,0.0009757,0.00076846,0.00035661,8.7044e-05,0.0001187,0.00079238,0.0013227,0.00017005,0.0025407,0.0030803,0.0017633,0.0011353,0.0011638,0.0034993,0.0046693,0.0020358,0.00045085,0.0012047,0.0026247,0.0029484,0.00060406,0.0013269,0.004364,0.0056398,0.0045779,0.003742,0.0063509,0.0049217,0.0025009,0.0055386,0.0057315,0.0043327,0.0037036,0.002507,0.00734,0.0059167,0.0035691,0.010052,0.0096878,0.006461,0.0045316,0.0099935,0.011147,0.018144,0.025701,0.020942,0.089794,0.062491,0.10752,0.0872,0.043547,0.023637,0.020115,0.011355,0.012678,0.005829,0.0070889,0.0090348,0.0080728,0.00754,0.0085473,0.0080811,0.0057799,0.0050345,0.0072102,0.0017027,0.0059652,0.0041707,0.0059571,0.0077575,0.0028058,0.0042347,0.0024697,0.0010008,0.00043566,0.0023623,0.00174,0.0028855,0.014626,0.013294,0.0076939,0.0073186,0.0057152,0.0038023,0.0024526,0.0039242,0.0063056,0.0054657,0.0039193,0.0031723,0.0019355,0.0031272,0.0044803,0.0051533,0.0062402,0.0056927,0.0068096,0.0064799,0.0045407,0.0081327,0.009048,0.0062918,0.010878,0.0078727,0.0093458,0.01482,0.01402,0.013791,0.028683,0.03134,0.023853,0.070704,0.047933,0.10341,0.094,0.056604,0.02967,0.016129,0.010506,0.0081697,0.0096732,0.015367,0.013946,0.0088608,0.0068824,0.0060461,0.0056829,0.0057946,0.0055044,0.0061117,0.0057642,0.0047571,0.0045332,0.0046288,0.0033825,0.0030333,0.0037973,0.0055329,0.0066235,0.0055214,0.003792,0.0013661,0.0074549,0.00057928,0.00061155,0.00051596,0.00053144,0.0012533,0.0014914,0.00069946,0.00069553,0.0009188,0.00045166,0.00051715,0.00093496,0.00067678,0.00056425,0.00068242,0.00079948,0.0006541,0.00032109,0.0014136,0.00077117,0.0010045,0.00048454,0.00066392,0.0013967,0.0013281,0.00031567,0.0019596,0.0012972,0.0028498,0.0044661,0.0032899,0.0022531,0.0053775,0.0043494,0.024711,0.026718,0.0040692,0.0091215,0.017125,0.012543,0.0028933,0.0050151,0.0031495,0.0016742,0.0012165,0.001382,0.0009828,0.0012341,0.0015362,0.0015244,0.0013113,0.0012528,0.00067823,0.0010438,0.00010945,0.00069535,0.0010578,0.0015073,0.0012386,0.00055,0.0016293,0.0016292,0.00021088,0.00099999,0.0021331,0.0014796,0.0013462,0.00056438,0.0010162,0.002039,0.002553,0.001375,0.0014906,0.0019045,0.002033,0.0024394,0.0028316,0.0027687,0.0033767,0.0043572,0.0043406,0.0038018,0.0029222,0.001818,0.0032231,0.0054882,0.0049149,0.0014292,0.0029964,0.0070252,0.0073744,0.010132,0.0088864,0.0048549,0.0045834,0.0097473,0.043196,0.068457,0.018841,0.027309,0.026401,0.014255,0.0064844,0.0048655,0.0038925,0.0056076,0.0081347,0.0068039,0.0026829,0.0054041,0.0060935,0.0013559,0.0030324,0.0030642,0.0035484,0.0036346,0.0018564,0.0034272,0.0039201,0.0022809,0.0032806,0.0035446,0.0030172,0.0028512,0.0022894,0.0021286,0.0015681,0.0046437,0.0074073,0.0054213,0.0039121,0.0035714,0.0026789,0.0036906,0.0056851,0.0051104,0.0028006,0.0021401,0.002589,0.003644,0.004129,0.0047191,0.0048696,0.0047484,0.0049741,0.005152,0.005233,0.0048247,0.0042036,0.0050492,0.0063854,0.0066934,0.006523,0.0075507,0.0081673,0.013185,0.023779,0.021262,0.0030274,0.0055682,0.0077673,0.064175,0.094459,0.043538,0.0085603,0.015058,0.0086844,0.012889,0.01159,0.014519,0.014433,0.011649,0.010641,0.0087121,0.0062681,0.0056605,0.0055445,0.0062935,0.0063785,0.0056682,0.0051945,0.0040879,0.0029278,0.0027295,0.0030292,0.0027729,0.0023396,0.0023726,0.00079229,0.0021887,0.0013025,0.0015516,0.0021343,0.00086698,0.00082569
0.0019151,0.0019786,0.0035836,0.0024358,0.0013979,0.0028103,0.0015703,0.00080202,0.00094183,0.0011281,0.00071645,0.00068471,0.0024443,0.0022608,0.0011258,0.0015855,0.0019413,0.0024886,0.0035102,0.003823,0.00090227,0.0022083,0.0016763,0.0027918,0.0048611,0.003386,0.004321,0.0015388,0.0032469,0.0028454,0.0039631,0.0073099,0.006323,0.0057525,0.0024163,0.00032001,0.0024818,0.0039272,0.0093404,0.010319,0.0048757,0.0043663,0.0049874,0.0051274,0.00055376,0.0036615,0.0026209,0.0023035,0.0023615,0.002572,0.0017508,0.0031151,0.0058683,0.0034222,0.003237,0.0026277,0.0029507,0.0034337,0.00048892,0.0024198,0.0044317,0.0044672,0.0014734,0.0027061,0.0016623,0.0018685,0.00056279,0.0023224,0.0019815,0.001806,0.0024266,0.00091352,0.0011059,0.00069153,0.0015671,0.0018996,0.00016666,0.00099042,0.0010225,0.0011431,0.00060694,0.0022034,0.001195,0.00028268,0.0020995,0.0068387,0.0093908,0.00090338,0.011015,0.0075681,0.015492,0.013478,0.011195,0.0037795,0.0035568,0.0048688,0.0088036,0.01816,0.027919,0.040187,0.021287,0.012117,0.021294,0.037359,0.03645,0.0151,0.022142,0.0081496,0.002835,0.0041544,0.0030418,0.001372,0.0016872,0.0037785,0.0028627,0.0026605,0.0037342,0.0022421,0.0026167,0.0020305,0.0018459,0.0002136,0.0027098,0.0032777,0.0013422,0.0014955,0.0016774,0.003356,0.0010587,0.00070551,0.00072598,0.00094302,0.00062697,0.00025467,0.00077077,0.00055666,0.00080661,0.00064487,0.00072138,0.00037404,0.00052531,0.00047466,0.00051299,0.00082297,0.001819,0.00057132,0.00075386,0.00091387,0.0020866,0.0010604,0.0011404,0.00034151,0.0020118,0.0039291,0.0021817,0.0097441,0.0065652,0.0038148,0.0036997,0.0038099,0.0048668,0.0070617,0.006852,0.0099716,0.0095009,0.0048728,0.0056691,0.0087693,0.013501,0.013482,0.0034804,0.0064701,0.0026122,0.0016802,0.0010143,0.00015598,0.00022193,0.00075637,0.0010366,0.00044492,0.00071269,0.0012287,0.0014961,0.00078264,0.00040696,0.001009,0.0019907,0.0025254,0.0013217,0.001443,0.0012378,0.0022638,0.0037952,0.0026445,0.0027465,0.00094387,0.0021541,0.0027505,0.0024887,0.0013664,0.00072544,0.00042163,0.0003053,0.00028863,0.0013579,0.0014351,0.00097698,0.00207,0.0011537,0.0015745,0.0014256,0.00023863,0.00087502,0.00082803,0.0035502,0.0048913,0.0036547,0.0037858,0.0065985,0.0016624,0.0090939,0.0083819,0.0064925,0.0050186,0.0027951,0.0032214,0.0017856,0.018721,0.03067,0.034132,0.025495,0.02524,0.011352,0.0082343,0.0080058,0.012655,0.0067015,0.0020915,0.0041487,0.00063177,0.0031551,0.002343,0.00067941,0.0015419,0.0010723,0.00066785,0.00075347,0.0012398,0.0016477,0.0012682,0.00071582,0.0012138,0.0018406,0.00058052,0.001373,0.0014357,0.0002812,0.001042,0.00018155,0.0022027,0.0010031,0.00069724,0.0012291,0.0019846,0.0017598,0.0016229,0.00050449,0.0028029,0.0018683,0.0013678,0.0019551,0.0014454,0.0012421,0.00049726,0.0012934,0.001131,0.0029064,0.0069449,0.0048993,0.003704,0.012452,0.0096446,0.013283,0.027761,0.012915,0.050455,0.029264,0.025624,0.042734,0.029462,0.016085,0.046986,0.025999,0.013594,0.014221,0.0098742,0.0078345,0.0045014,0.0073827,0.0059491,0.0040791,0.0018076,0.0015288,0.0019712,0.0012647,0.0022811,0.0023448,0.0027679,0.0012042,0.00031388,0.00087056,0.001652,0.0016594,0.00060859,0.0016283,0.0015715,0.00070014,0.00059064,0.00059365,0.0010409,0.0014927,0.0011319,0.00064049,0.0022097,0.0016371,4.0867e-05,0.00072719,0.0013673,0.0013309,0.00074653,0.00037997,0.0011744,0.0014936,0.00068812,0.0008899,0.0018895,0.0015245,0.0013937,0.0012558,0.00077983,0.00070208,0.0001699,0.001455,0.0018558,0.0020366,0.0014595,0.0033071,0.0021817,0.0067783,0.0017525,0.014279,0.016901,0.013287,0.0036925,0.01417,0.00404,0.017464,0.0098897,0.0055051,0.0043762,0.0028259,0.00348,0.0015247,0.0022981,0.0017539,0.0023203,0.0021792,0.00093152,0.0013249,0.0020197,0.0024585,0.0014469,0.00058875,0.0013742,0.0012846,0.00031162,0.0007537,0.0002886,0.00050313,0.00063502,0.0013267,0.0013233,0.001316,0.0011661,0.00083423,0.0023292,0.0027267,0.0011817,0.0012123,0.00088114,0.00081723,0.0015324,0.0019212,0.0014679,0.00091251,0.00013693,0.00055169,0.00067358,0.001562,0.0017639,0.0013387,0.00042119,0.000945,0.0002136,0.00039389,0.00057253,0.0010745,0.0016437,0.0010294,0.0020906,0.0016673,0.00095321,0.0023033,0.0034758,0.0038945,0.0096966,0.0088217,0.0030178,0.0029522,0.0035152,0.0057139,0.0081088,0.0093436,0.01098,0.02377,0.016185,0.0094385,0.0092031,0.0020714,0.0029399,0.0010665,0.0013981,0.0036122,0.0022145,0.00060717,0.00028318,0.0012784,0.0016332,0.0012316,0.0018814,0.002975,0.00052032,0.0028567,0.0011764,0.0025758,0.0019095,0.00074881,0.0016894,0.00063581,0.00057627,0.00046376,0.0010533,0.00093891,0.00050955,0.0018031,0.0018219,0.0031682,0.0053437,0.0062112,0.0037701,0.0019165,0.006115,0.0067506,0.0026667,0.0045045,0.00085844,0.0012665,0.00092742,0.0039485,0.0024657,0.0028051,0.0025367,0.0039136,0.0073944,0.0073658,0.0037312,0.011053,0.0068599,0.0070706,0.0086795,0.0034503,0.010043,0.016988,0.0089292,0.010727,0.0040759,0.054332,0.099072,0.097608,0.12919,0.079496,0.037571,0.037037,0.0034164,0.014601,0.010301,0.00072104,0.012366,0.010393,0.0052515,0.0083763,0.0020353,0.0085658,0.0058366,0.0027963,0.0028598,0.0072775,0.0049127,0.003364,0.0045101,0.0081518,0.0024385,0.0077748,0.0075194,0.0015709,0.0011274,0.0046684,0.0053474,0.0074821,0.010706,0.01047,0.006749,0.0052564,0.0082304,0.006393,0.0038062,0.0050629,0.0018707,0.0044121,0.00079775,0.0048817,0.0051527,0.0011486,0.0052087,0.0019675,0.0041821,0.0044703,0.0017677,0.0038667,0.0010399,0.0031386,0.0021526,0.0047048,0.0065277,0.0030883,0.0070304,0.015024,0.011214,0.0044696,0.0049166,0.024812,0.052889,0.082942,0.085481,0.10719,0.069384,0.049385,0.037418,0.018704,0.017442,0.0092102,0.014617,0.0079078,0.0066119,0.0082945,0.0036214,0.0050704,0.0054529,0.0054134,0.004651,0.00060268,0.0017988,0.0025067,0.00062796,0.0015665,0.0027811,0.0022818,0.0051808,0.0033532,0.0039947,0.0033473,0.0039856,0.0074873,0.0089328,0.012522,8.8378e-05,0.00049691,0.00050539,0.00025681,0.00079212,0.00041544,0.0005242,0.00060265,0.00078364,9.6278e-05,0.00099493,0.0011104,0.00029069,0.00084411,0.00049273,0.0006687,0.00050613,0.00035234,0.00074814,0.0014743,0.0016412,0.0014737,0.0019786,0.0020305,0.0016324,0.0038189,0.0022791,0.0014664,0.0011593,0.0016636,0.002137,0.0040239,0.0086106,0.014837,0.015349,0.019572,0.014599,0.018298,0.0062228,0.014628,0.0090559,0.0035415,0.0034005,0.0017308,0.0014054,0.00041272,0.00054616,0.00032992,0.000757,0.0012682,0.0017649,0.00026891,0.0015521,0.0012486,0.001058,0.0010814,0.00055925,0.00096466,0.00078671,0.0013968,0.00032803,0.0013447,0.0010855,0.0012475,0.00018706,0.00046147,0.0024479,0.00088599,0.0029422,0.0021472,0.0010225,0.0025474,0.0013888,0.00373,0.0046617,0.0029655,0.0020331,0.0060909,0.0031849,0.0017544,0.0048922,0.0046253,0.0090558,0.0052899,0.0033733,0.0065127,0.0046161,0.0059676,0.0067522,0.0021258,0.01673,0.010111,0.027132,0.024881,0.067816,0.02483,0.082761,0.066058,0.023197,0.020791,0.011798,0.0040278,0.010744,0.0026983,0.0040565,0.0010134,0.0069938,0.0053727,0.0036352,0.00081371,0.0036419,0.0035758,0.003918,0.0055232,0.0038476,0.0025381,0.0028679,0.0029249,0.0015292,0.0033696,0.0015882,0.0007269,0.0013323,0.0025742,0.0005678,0.0012464,0.0042289,0.0033548,0.0018652,0.00017946,0.0023757,0.0026219,0.0014984,0.0028186,0.002609,0.0015638,0.0026004,0.0017079,0.0015116,0.003171,0.00046601,0.0030285,0.0014102,0.0011753,0.0014008,0.0022458,0.00024478,0.0034214,0.0023222,0.0020549,0.00425,0.0019451,0.0024279,0.0051259,0.0052574,0.017102,0.017211,0.0010689,0.0086435,0.027938,0.007121,0.067838,0.078679,0.047936,0.04298,0.040888,0.0056411,0.013336,0.010431,0.0031501,0.0062392,0.003384,0.0066217,0.0026542,0.0010101,0.0054968,0.0016703,0.0015478,0.0046124,0.0022689,0.0029228,0.0022503,0.0023571,0.00019396,0.0023371,0.0033786,0.0031598,0.0012412,0.0012731,0.0013954,0.0031691,0.0029291,0.0022086,0.0015319,0.0014788
0.003275,0.0039751,0.0024893,0.0012497,0.002746,0.0026594,0.0031758,0.004508,0.0029385,0.0025893,0.0040369,0.00057285,0.00084252,0.00035534,0.0025181,0.0037845,0.0015825,0.00056316,0.0023771,0.0046647,0.0056594,0.0034228,0.0010634,0.00018933,0.0016426,0.00088383,0.003319,0.0048809,0.00081077,0.0047755,0.00426,0.0080505,0.0072805,0.0060809,0.0078087,0.0026385,0.0016513,0.0050681,0.011122,0.0078894,0.0024346,0.0020684,0.0013016,0.0013469,0.00097276,0.0014095,0.0021676,0.004411,0.0037217,0.0016168,0.0013955,0.00056082,0.0022919,0.0018909,0.00064258,0.00073163,0.0018469,0.0038165,0.0047438,0.0036432,0.0032613,0.0014706,0.0019344,0.0019698,0.0024119,0.0013224,0.0022432,0.0032924,0.00041467,0.00060773,0.00091365,0.0023575,0.0031035,0.0011548,0.0024464,0.00166,0.00114,0.001168,0.001673,0.0027388,0.0014483,0.0021921,0.0002431,0.0016696,0.0027027,0.0023883,0.0035001,0.004912,0.0016001,0.0033459,0.0085612,0.017294,0.012619,0.0035288,0.0016936,0.0040436,0.0073354,0.010783,0.016062,0.047139,0.043547,0.02217,0.017726,0.042718,0.042644,0.018628,0.0061946,0.0055455,0.00263,0.00081026,0.00054642,0.0016997,0.00044302,0.0012313,0.00030715,0.0018895,0.0025633,0.00176,0.000949,0.0019197,0.001334,0.0014413,0.0020798,0.00058519,0.0018381,0.0013398,0.00069266,0.001445,0.0013942,0.0021471,0.0010028,0.00088918,0.0012294,0.0010103,0.00056998,9.5152e-05,0.00017738,0.00059631,0.00070118,0.001477,0.0013701,0.00080282,0.0008927,0.00048959,0.00068732,0.00067504,0.0011369,0.0019255,0.0017856,0.0022476,0.0019563,0.00089422,0.0015915,0.0033889,0.0021172,0.0048532,0.010977,0.0074108,0.0015931,0.00081945,0.0023884,0.009012,0.0085024,0.0042449,0.011931,0.0084154,0.0059162,0.0074339,0.016383,0.015036,0.0072443,0.0022864,0.00084465,0.00058681,0.0010822,0.00088263,0.00051205,0.0003299,0.00069986,0.00088324,0.00057524,0.00089682,0.00061969,0.0008224,0.00091365,0.00063288,0.00061451,0.00094289,0.0013902,0.00099965,0.0021606,0.0045359,0.0051186,0.0024302,0.00086864,0.00094785,0.00046199,0.0006618,0.00050432,0.0019722,0.002114,0.00067645,0.0008273,0.00083682,0.00045363,0.00087143,0.00082456,0.00058837,0.00030802,0.00084833,0.00065213,0.0013616,0.0013364,0.00087558,0.00054276,0.0027178,0.0047598,0.003867,0.0015488,0.0031883,0.0035625,0.0085385,0.0059372,0.002549,0.0024518,0.0030126,0.00088663,0.010774,0.011659,0.04631,0.035792,0.015504,0.0083653,0.013138,0.0071943,0.0015035,0.0026381,0.0024138,0.0030534,0.002341,0.0015532,0.0023097,0.0015525,0.00089115,0.00077693,0.0013911,0.001715,0.00097504,0.0003224,0.00091878,0.0015454,0.0014017,0.00043699,0.0010787,0.00081099,0.0016897,0.0016249,0.00074146,0.00020694,0.0011907,0.002551,0.0016384,0.0012089,0.0018923,0.0029527,0.0033319,0.0024536,0.0025851,0.0034108,0.0014227,0.0018339,0.0026485,0.0015705,0.0032088,0.0024,0.0045543,0.005006,0.00059531,0.0033809,0.0053878,0.0059157,0.010018,0.011118,0.011225,0.014754,0.038994,0.072476,0.037746,0.012456,0.0066874,0.0098499,0.039811,0.039595,0.024432,0.0080201,0.0045759,0.0065366,0.0059781,0.004281,0.0087634,0.0039142,0.003174,0.0030345,0.0014382,0.0015459,0.0036537,0.0036424,0.00063413,0.0019794,0.0013973,0.0012653,0.0023288,0.00042671,0.0025631,0.0012649,0.002193,0.0016379,0.0015424,0.0034512,0.0028174,0.00021625,0.001989,0.0011212,0.0015815,0.00197,0.00053835,0.00036541,0.00086888,0.00062126,0.001645,0.0023549,0.00065575,0.0011648,0.00094467,0.0010611,0.00044753,0.00079464,0.00074539,0.00067004,0.00054846,0.00067754,0.0012156,0.0018274,0.0010835,0.00067071,0.0012394,0.0020203,0.001526,0.002002,0.0028054,0.0080943,0.015721,0.01252,0.009015,0.0076924,0.0072553,0.016523,0.012416,0.0059793,0.0055361,0.0024139,0.00034038,0.0017295,0.00040939,0.0021007,0.0023309,0.0021064,0.0025765,0.0018243,0.0017143,0.0013398,0.00048706,0.00075045,0.0014253,0.0017042,0.00064562,0.00048348,0.0013021,0.00075049,0.00060786,0.00037774,0.0012461,0.0012775,0.0030873,0.0047,0.0025975,0.0011349,0.00088465,0.00064646,0.0021217,0.0013286,0.001026,0.00043734,0.0016115,0.00065867,0.00060799,0.0011726,0.0013042,0.00089972,0.00054347,0.00054041,0.00084288,0.0018432,0.00073798,0.0008767,0.0007874,0.00038606,0.00021608,0.00069625,0.0014305,0.00056338,0.0014627,0.0017832,0.00024403,0.0020743,0.0081345,0.011373,0.0029949,0.0013055,0.0019321,0.0087734,0.016998,0.008631,0.020672,0.035024,0.015588,0.0045172,0.0059059,0.0047426,0.00099569,0.0014102,0.0009548,0.00113,0.00076371,0.0012216,0.0013056,0.00091588,0.00072172,0.00086595,0.00092264,0.0011038,0.0016788,0.0024299,0.0016624,0.0017043,0.00085583,0.0014062,0.00104,0.00046846,0.00020498,0.00050775,0.00054425,0.0011923,0.0016034,0.0029879,0.0071055,0.0051626,0.00097204,0.004996,0.0027126,0.0032491,0.0033012,0.0044831,0.0039236,0.0001376,0.002516,0.0033189,0.0051043,0.0028598,0.0044573,0.0033429,0.0056727,0.0017565,0.0058304,0.0076005,0.0082242,0.0074799,0.0059501,0.0034094,0.0046923,0.011144,0.0051136,0.0059637,0.0045212,0.0083457,0.0084807,0.005998,0.020076,0.097666,0.18273,0.092667,0.02079,0.0085576,0.0057018,0.0038479,0.0045788,0.0051653,0.0050096,0.0052077,0.0065783,0.0071716,0.00161,0.0045204,0.0033943,0.0036999,0.0021421,0.0023989,0.0034207,0.0031916,0.0031096,0.0058575,0.0086373,0.0061719,0.0029878,0.0013974,0.00023948,0.0022663,0.0018837,0.0026097,0.00096409,0.0054095,0.0084754,0.0045765,0.00065131,0.0013142,0.0007337,0.002494,0.0019621,0.0017886,0.0034076,0.0029035,0.0012485,0.0014639,0.0040325,0.0033141,0.0019975,0.0018427,0.0014853,0.0031746,0.0030497,0.0023667,0.0014526,0.0015275,0.00072949,0.0019358,0.0021637,0.0045526,0.0052439,0.0023716,0.0021141,0.010091,0.037043,0.036595,0.073262,0.14122,0.074647,0.025882,0.02167,0.019278,0.0093094,0.0061186,0.0025004,0.0073353,0.0043007,0.0031677,0.0035378,0.00267,0.0033275,0.0014807,0.0028244,0.00070664,0.0012202,0.0020026,0.00053335,0.0036735,0.0042601,0.0031816,0.00065817,0.0022532,0.0029204,0.0023191,0.0030076,0.004151,0.0044126,0.0047346,0.00077867,0.00034342,0.00024108,0.0012767,0.0023609,0.001724,0.00054118,0.0010641,0.00079268,0.00079242,0.00081349,0.00062534,0.0010389,0.00093473,0.000848,0.00093817,0.0012633,0.0015008,0.0012522,0.00059627,0.0020966,0.0029273,0.00097811,0.0020781,0.0029433,0.0035975,0.0055429,0.0014485,0.004361,0.0050287,0.0030616,0.0054969,0.010862,0.010723,0.0235,0.016608,0.01714,0.014245,0.014313,0.0090387,0.0060081,0.0048087,0.0035073,0.0031585,0.0018225,0.0015488,0.0013031,0.0013145,0.0012754,0.0012952,0.00065303,0.0009908,0.0018426,0.0019726,0.0016975,0.0010916,0.00058132,0.00063729,0.0010399,0.00046928,0.0022408,0.0016095,0.0014731,0.002357,0.0019399,0.0022786,0.0028627,0.003846,0.0016781,0.00016578,0.0021563,0.0029436,0.0038255,0.0037449,0.0029164,0.00094971,0.0065332,0.0079139,0.0045421,0.003713,0.0045421,0.0067139,0.00042318,0.0067847,0.0061645,0.0032283,0.0037285,0.0079017,0.011035,0.012487,0.020857,0.021461,0.0071777,0.0096838,0.024675,0.018579,0.090649,0.068219,0.033872,0.018322,0.022003,0.013105,0.0054097,0.0056887,0.0091795,0.0074663,0.0058062,0.0052916,0.0041649,0.0032035,0.0028084,0.00077334,0.0046593,0.0052758,0.0050659,0.0038357,0.0018501,0.0013062,0.0021076,0.002317,0.0052571,0.0098263,0.0065022,0.0030996,0.0055948,0.0020772,0.0033163,0.0068065,0.0042009,0.0029314,0.00075448,0.00046307,0.00094661,0.0016324,0.0026107,0.0013663,0.0024312,0.0020052,0.0020349,0.0025828,0.0014293,0.0018082,0.00071522,0.0020598,0.0035174,0.0046774,0.0032325,0.0020124,0.0042286,0.0056523,0.008097,0.0057507,0.0021058,0.0082525,0.012204,0.01465,0.02595,0.011281,0.011992,0.019142,0.017241,0.063322,0.048999,0.041209,0.049691,0.037035,0.01399,0.0062917,0.0084385,0.016288,0.0082461,0.0052972,0.010347,0.0101,0.0087963,0.0066455,0.00098103,0.0051902,0.0045436,0.0046002,0.003487,0.0015971,0.0025315,0.0052602,0.0042729,0.003118,0.0037978,0.0018237,0.005949,0.0049132,0.0035731,0.0024664,0.001235,0.0024403,0.004253
0.00070283,0.00109,0.0028197,0.0026935,0.0011023,0.0011821,0.0011946,0.0018191,0.0024237,0.0026855,0.0018975,0.0011485,0.0016949,0.0014778,0.0020594,0.0026077,0.0012402,0.00068375,0.0016222,0.0017303,0.0021712,0.0028692,0.0022757,0.0034645,0.0027091,0.0017821,0.0013779,0.0024455,0.0034495,0.0003365,0.002168,0.0064009,0.011278,0.0046638,0.0058449,0.0080472,0.0089466,0.0070935,0.0034596,0.0012978,0.0025432,0.0031431,0.0025697,0.00040937,0.0024763,0.0023446,0.0020099,0.001901,0.00065352,0.0023218,0.0020948,0.0019107,0.0024609,0.0033819,0.0032361,0.0016598,0.0031277,0.0024002,0.0012231,0.0015752,0.0035605,0.0017152,0.0014528,0.001128,0.0010425,0.0031026,0.0014591,0.0037233,0.0018331,0.00046934,0.0014215,0.00096293,0.0033285,0.004623,0.001868,0.0019946,0.003601,0.0029549,0.0032102,0.0011821,0.00013577,0.0015161,0.0031749,0.0022495,0.00097524,0.0028451,0.0043174,0.0020974,0.0035797,0.0038317,0.0030848,0.0021477,0.0056042,0.0027966,0.0015064,0.0048777,0.0050526,0.0054505,0.0085553,0.016532,0.017814,0.0071625,0.013387,0.012537,0.0045165,0.0055078,0.0013426,0.0033246,0.0049962,0.0041636,0.0013436,0.003195,0.0019513,0.00050242,0.00059809,0.0037001,0.0052603,0.0019658,0.0015428,0.0024248,0.002261,0.00015501,0.00047199,0.001802,0.0015587,0.0011537,0.00017272,0.00041659,0.001507,0.0052548,0.00072313,0.0011593,0.0028966,0.0023062,0.00047224,0.0004832,0.0015616,0.00023396,0.00059561,0.0022731,0.0020356,0.0010926,0.00025154,0.00037333,0.00028577,0.00042904,0.0010572,0.0011417,0.00067955,0.00089321,0.0010874,0.00079789,0.0010006,0.00092374,0.00037647,0.00075715,0.0068059,0.011222,0.0053078,0.0003297,0.00054308,0.0074964,0.010787,0.0035262,0.017006,0.017003,0.015831,0.014483,0.0081971,0.0017281,0.0011561,0.0016808,0.00019473,0.0010194,0.0009115,0.00084145,0.001024,0.0003253,0.00031997,0.00049768,0.0012315,0.001523,0.00040987,0.0012299,0.00092332,0.0017525,0.00080181,0.00035135,0.00058908,0.0023205,0.0021192,0.0012226,0.00095199,0.0026715,0.0017085,0.001109,0.00068831,0.0011776,0.0012736,0.0010962,0.0012101,0.00085919,0.0011753,0.0010843,0.0012106,0.00067507,0.0011892,0.0013752,0.0010519,0.0011119,0.0021093,0.0020589,0.0031306,0.0035054,0.0011025,0.0017717,0.0012564,0.001782,0.0023988,0.0029446,0.0019704,0.0031066,0.0086496,0.0063495,0.00090922,0.0027801,0.0067839,0.0066549,0.0091318,0.041121,0.039362,0.015634,0.016661,0.010272,0.0069962,0.0026129,0.0039676,0.0027065,0.0021328,0.0008269,0.0011139,0.0020881,0.0020367,0.0015781,0.00092452,0.0017989,0.0010817,0.00099431,0.00060778,0.00065742,0.00074412,0.0018289,0.0021224,0.0013898,0.00094852,0.0016946,0.0020761,0.00059124,0.00089172,0.0021759,0.0015837,0.0019249,0.0011346,0.00096713,0.001782,0.0025536,0.0024046,0.0012207,0.0017898,0.0018121,0.00085354,0.001644,0.00049769,0.0022519,0.0028563,0.00098204,0.00033562,0.002862,0.0038084,0.00084816,0.0032374,0.003367,0.0055052,0.0068291,0.0071091,0.0072131,0.030728,0.05973,0.040488,0.024184,0.014144,0.042409,0.053726,0.020148,0.0037047,0.012062,0.011492,0.0024866,0.0019773,0.0038316,0.0028573,0.0011806,0.0031646,0.0023568,0.00040827,0.0019458,0.0017701,0.0011117,0.00078243,0.00042571,0.0015346,0.00065055,0.002559,0.00079253,0.0013521,0.00083602,0.002053,0.001872,0.0011339,0.0021229,0.0032715,0.0028163,0.0017006,0.0010132,0.0020393,0.0012938,0.0011865,0.0017594,0.0019308,0.0011241,0.0006505,0.00043368,0.00029373,0.00062969,0.0001664,0.00092934,0.0014944,0.00084322,0.00086915,0.0007542,0.00073784,0.0011347,0.0029316,0.0026028,0.0003602,0.0018957,0.0018369,0.0025057,0.0046827,0.0032774,0.0039086,0.0087817,0.019179,0.012304,0.0016292,0.0027686,0.007422,0.014631,0.0067244,0.003133,0.0072009,0.0072779,0.0036093,0.0022723,0.0022294,0.0012214,0.0022483,0.0018364,0.0020229,0.0012233,0.0012474,0.001422,0.0019403,0.0015792,0.00025814,0.0018406,0.00097377,0.0013998,0.0010699,0.0014727,0.0027721,0.0012211,0.0022577,0.003503,0.0023344,0.0028586,0.0022542,0.003442,0.0029109,0.00061353,0.0011013,0.000707,0.00029418,0.0011912,0.0010554,0.00043808,0.00075947,0.00061632,0.00021883,0.00061767,0.0015381,0.0021688,0.0013943,0.00089427,0.0021769,0.0015955,0.00077579,0.00077854,0.0013437,0.00032417,0.00057663,0.00065059,0.001107,0.0020438,0.0033008,0.0021637,0.0059553,0.012356,0.0045951,0.0019313,0.0042091,0.018994,0.026463,0.015189,0.027069,0.020431,0.0075256,0.0073538,0.002517,0.0025709,0.0010772,0.0011593,0.0029872,0.0037328,0.0021055,0.0013149,0.00034531,0.00067356,0.00068221,0.00060336,0.00069814,0.00098778,0.00077654,0.00035093,0.0005245,0.00072476,0.0014214,0.0011147,0.00067488,0.00043585,0.0006403,0.00030291,0.00073723,0.0013474,0.00056751,0.003016,0.0028628,0.0044001,0.0057404,0.0033207,0.003743,0.00058977,0.0043776,0.0019461,0.0038483,0.0037928,0.001438,0.0020199,0.0019889,0.0017502,0.00092949,0.0025372,0.0011503,0.0026638,0.00074746,0.0037774,0.005061,0.0010855,0.0013809,0.002645,0.0025254,0.0033094,0.0039346,0.0059445,0.0062866,0.0034197,0.0086693,0.033911,0.076612,0.16669,0.10806,0.0029345,0.0056054,0.015621,0.0014837,0.007404,0.0060689,0.0076619,0.0045784,0.0063693,0.0049153,0.0022249,0.0032301,0.007397,0.0047688,0.0039447,0.0015293,0.0022804,0.0022066,0.0063067,0.0057461,0.0064228,0.0044065,0.0059375,0.0055023,0.0045341,0.0049217,0.0018693,0.0060866,0.0061068,0.008783,0.0022781,0.002496,0.001179,0.0006161,0.00041531,0.0018045,0.00030759,0.0016226,0.00058309,0.0010935,0.0012983,0.00079895,0.00054164,0.0014629,0.00067604,0.0013877,0.0010647,0.00096219,0.0010276,0.0022857,0.00234,0.0016115,0.0029471,0.0026994,0.0014315,0.0023466,0.0033072,0.0012488,0.0024804,0.0041106,0.026177,0.017804,0.056595,0.13535,0.097269,0.023537,0.013572,0.0098952,0.0073657,0.0056394,0.0055671,0.0014232,0.0031006,0.0026147,0.002788,0.0025383,0.0017685,0.0010188,0.001581,0.0018902,0.0015464,0.0023973,0.0012276,0.0027236,0.0014198,0.0011325,0.0014888,0.00074606,0.0010022,0.0028402,0.00033599,0.0047326,0.0023659,0.0014304,0.00092485,0.00044766,0.0010712,0.0016782,0.0010128,0.00070795,0.0011787,0.00064894,0.00023682,0.00028848,0.00091095,0.001314,0.0010273,0.00083948,0.00080404,0.00049637,0.00063428,0.00020241,0.00029138,0.0015392,0.0021677,0.0020057,0.0024526,0.00256,0.0021142,0.0025784,0.0037858,0.0056372,0.0055715,0.0060397,0.0043394,0.0080162,0.0076642,0.0075746,0.026911,0.025588,0.011174,0.0084132,0.0067533,0.0068674,0.0071499,0.0045092,0.0039893,0.0040952,0.0035443,0.0023824,0.0021492,0.0033879,0.0033802,0.0018598,0.002822,0.0033979,0.0026502,0.0019502,0.0014174,0.0013672,0.0029862,0.0036979,0.0026879,0.0016692,0.0021278,0.0020369,0.0028225,0.0043293,0.0031584,0.00078589,0.00025179,0.0026873,0.0032747,0.002985,0.0013163,0.0026015,0.0019103,0.0038704,0.006065,0.0017591,0.0050513,0.0051639,0.0018441,0.0021167,0.0070296,0.009055,0.0016534,0.0071218,0.0077328,0.0025016,0.0025595,0.0065311,0.0085283,0.0033328,0.0068443,0.0079417,0.011637,0.013812,0.013132,0.012106,0.067127,0.079212,0.028712,0.029602,0.011821,0.009599,0.0092595,0.010115,0.0063379,0.0010147,0.0046346,0.0043065,0.0042441,0.0048253,0.0040458,0.0026511,0.0025156,0.0010861,0.0063756,0.0075413,0.0040556,0.0026529,0.0023079,0.0041556,0.0075933,0.0061184,0.0055073,0.0021557,0.0033203,0.0022766,0.0015956,0.0039979,0.005989,0.0051022,0.00077407,0.00028589,0.00055174,0.0018987,0.0019425,0.0008274,0.00064636,0.0017648,0.0016821,0.0022442,0.0020125,0.0013366,0.0023724,0.0020256,0.0022539,0.0029191,0.0027714,0.0024469,0.0027785,0.0021896,0.0028728,0.0049444,0.0068051,0.0078818,0.0088549,0.0045525,0.014276,0.026861,0.025606,0.024735,0.0079391,0.052209,0.066595,0.040479,0.054882,0.038205,0.01635,0.011527,0.009088,0.01163,0.012932,0.0077681,0.0079818,0.0050279,0.002516,0.0068106,0.0053507,0.004593,0.0039535,0.001296,0.0020648,0.002749,0.0030409,0.0036132,0.0031851,0.003657,0.0028537,0.0014737,0.0021404,0.0028967,0.0057528,0.0048703,0.0047973,0.0039541,0.0020776
0.0020389,0.0040487,0.0030727,0.0011228,0.0011449,0.00089748,0.00050002,0.00072033,0.0017868,0.0027147,0.00083267,0.0011144,0.00070263,0.001352,0.0032347,0.0033106,0.0010813,0.00056204,0.0010649,0.0010789,0.001168,0.0012472,0.0010359,0.0025321,0.0021406,0.00061625,0.00096834,0.0013376,0.0019721,0.0019006,0.0015686,0.0032642,0.0086013,0.018674,0.013081,0.0067913,0.0048458,0.0020813,0.0019719,0.0019174,0.00085463,0.0012972,0.00096171,0.0026493,0.0030617,0.0016828,0.0012264,0.0013249,0.0020537,0.0013842,0.001959,0.0035725,0.003404,0.0017954,0.0031479,0.0032912,0.0017024,0.0024859,0.0014098,0.0013052,0.0010102,0.0012794,0.0025128,0.0025599,0.0024312,0.0014777,0.0012551,0.00083569,0.002189,0.0013595,0.0019139,0.0027064,0.0024725,0.0016554,0.0042704,0.0038261,0.0018895,0.0010748,0.002265,0.0028331,0.0013033,0.0017705,0.00042009,0.003471,0.0029747,0.0018246,0.0013091,0.0016894,0.0025899,0.003801,0.003228,0.0025081,0.0037982,0.0045238,0.0077392,0.0037861,0.004687,0.0097053,0.013193,0.020136,0.021356,0.0087072,0.0049071,0.0016274,0.004103,0.0056513,0.0047518,0.0036431,0.0023739,0.002569,0.0022358,0.001679,0.0024245,0.0030385,0.0029895,0.0034677,0.0024252,0.003414,0.0024621,0.0014534,0.0026731,0.004014,0.002668,0.00090015,0.0012753,0.0010154,0.0024263,0.0030859,0.0046483,0.0057386,0.001962,0.00020847,0.0022606,0.0020009,0.00052255,0.00073762,0.00071685,0.00095167,0.00073516,0.0019141,0.0012415,0.00038975,0.00026715,0.0001876,0.00047233,0.00075831,0.00046429,0.00025924,0.0012745,0.0012545,0.00080899,0.00055946,0.00041262,0.00074582,0.0013355,0.0016761,0.0016452,0.0016901,0.0055049,0.0041094,0.0016585,0.0037222,0.01113,0.018219,0.022173,0.026751,0.017229,0.0070394,0.0041233,0.0020761,0.00046021,0.00090126,0.00048213,0.00042799,0.00075637,0.0011036,0.00038946,0.00086424,0.00095108,0.00089515,7.2203e-05,0.00045184,0.00046498,2.697e-05,0.00088287,0.00087031,0.00096746,0.0014888,0.0014465,0.00013023,0.00041065,0.00069107,0.0015326,0.0030802,0.0014989,0.0018327,0.0014198,0.0011562,0.0010616,0.0012754,0.0008631,0.00085789,0.00075419,0.00093415,0.0012605,0.00065056,0.00091899,0.0012297,0.00084866,0.0015066,0.0013941,0.00091808,0.0012098,0.0012138,0.0018137,0.0018477,0.002238,0.002159,0.0021726,0.0026573,0.0022068,0.0032506,0.0023471,0.007998,0.0050248,0.0057071,0.011755,0.0084835,0.041767,0.042268,0.010275,0.0062393,0.0098555,0.0057206,0.0038108,0.0033496,0.0033764,0.0026658,0.0030578,0.0023341,0.0016986,0.0018973,0.0013184,0.00045582,0.0015136,0.0011883,0.00087236,0.00098087,0.0014012,0.00014111,0.0013335,0.0010828,0.00021495,0.000459,0.0013028,0.0017964,0.00093754,0.0014287,0.00085266,0.001909,0.00085888,0.0007262,0.00089247,0.0025938,0.0030597,0.0015647,0.0016846,0.00054663,0.0013846,0.00095727,0.0018725,0.0010588,0.0025349,0.0022106,0.0021248,0.00092924,0.0025683,0.0014749,0.0048575,0.0038291,0.0016956,0.0052938,0.0064425,0.00083639,0.0065611,0.002133,0.013179,0.0040132,0.058137,0.061706,0.014271,0.0059925,0.012208,0.023085,0.031025,0.03051,0.01532,0.0047438,0.0056027,0.0027539,0.004966,0.0049529,0.001925,0.0030311,0.0029271,0.0033444,0.0023296,0.002062,0.0018682,0.0004784,0.0015053,0.0036206,0.0025261,0.0018319,0.0014103,0.0041225,0.0037396,0.001533,0.001641,0.0023801,0.0023099,0.0014002,0.0032339,0.0039472,0.0015988,0.0022026,0.0011909,0.0010595,0.0010852,0.00046926,0.0011135,0.00079616,0.00019623,0.00021977,0.00011777,0.0010072,0.0019405,0.0017475,0.0017743,0.0015144,0.00081795,0.00057287,0.00071749,0.00036322,0.00023354,0.00027223,0.0010228,0.0016881,0.00092985,0.0019527,0.0044063,0.0034659,0.0028562,0.010612,0.015962,0.0086484,0.004851,0.0015292,0.0083048,0.010234,0.005603,0.0010564,0.0021342,0.0019584,0.0011446,0.00082279,0.0014067,0.0016165,0.00059299,0.00092235,0.00092106,0.00090282,0.0013456,0.0011026,0.0010679,0.00075691,0.00070826,0.0014338,0.0012839,0.00060359,0.0022583,0.0034106,0.0020536,0.0013857,0.00077119,0.0011307,0.0014211,0.0024017,0.0017919,0.003088,0.0017019,0.0020308,0.00090617,0.0015001,0.00062553,0.00072844,0.0012144,0.00089921,0.00039934,0.0015805,0.00050702,0.0015811,0.0013759,0.00088332,0.0015958,0.0016625,0.00042182,0.0016536,0.001636,0.0014028,0.00091633,0.00081407,0.0022709,0.0010237,0.0032661,0.0019914,0.0015264,0.0037416,0.0075812,0.013525,0.010153,0.0044564,0.023331,0.046112,0.035927,0.0091751,0.0055258,0.0061789,0.0042828,0.00084488,0.0026232,0.00082822,0.0026452,0.00037267,0.00088958,0.001302,0.001712,0.0026162,0.0019193,0.0013202,0.0008118,0.00081769,0.0019837,0.00071228,0.001562,0.00045079,0.0013146,0.00095564,0.0007256,0.0013152,0.00031002,0.0014149,0.00068956,0.0010854,0.00073135,0.0040762,0.0014888,0.0039914,0.0029704,0.003622,0.0043875,0.0045191,0.0040307,0.0050746,0.0024409,0.003968,0.0020867,0.003101,0.0030446,0.00077308,0.0038085,0.006134,0.0046312,0.0044478,0.0072891,0.0053478,0.0047796,0.0074681,0.001858,0.0064787,0.0085152,0.001711,0.01048,0.023259,0.024088,0.035976,0.047583,0.091411,0.16777,0.15242,0.069793,0.044362,0.0084604,0.0065943,0.0086494,0.0090544,0.0051442,0.0084146,0.0024969,0.0014584,0.0070589,0.0090355,0.00041846,0.005004,0.0066868,0.0050155,0.0048542,0.0036605,0.00074117,0.0036961,0.0022262,0.0046393,0.0057206,0.002011,0.0015292,0.0059497,0.0060075,0.0010575,0.0026754,0.0026652,0.0075546,0.0033356,0.0053487,0.0046065,0.005056,0.0038308,0.0025154,0.0015379,0.0018626,0.0010405,0.00068312,0.0011253,0.0019258,0.0012112,0.0010421,0.00098724,0.001804,0.0017693,0.0020471,0.00022061,0.0027013,0.0031634,0.00024602,0.0031794,0.0020109,0.004115,0.00081777,0.0021085,0.007646,0.017547,0.019974,0.037373,0.051256,0.092482,0.10711,0.060256,0.041398,0.0045647,0.010223,0.003817,0.0045797,0.0044749,0.0018756,0.0035677,0.0035826,0.001268,0.0030041,0.0011244,0.0029794,0.0032569,0.0021425,0.0021397,0.0030086,0.0019348,0.002873,0.0010644,0.0028822,0.0046446,0.0025077,0.0012863,0.0014877,0.0016742,0.001584,0.00068292,0.0031509,0.00019961,0.00093526,0.00083424,0.0011758,0.00046423,0.0010135,0.00076104,0.0011423,0.00089386,0.0002295,0.00065796,0.00022005,0.00066847,0.00076684,0.0008347,0.00029435,0.0002885,0.00093672,0.0010561,0.00047703,0.0011702,0.00095939,0.00092729,0.0010652,0.0014744,0.0011073,0.0013482,0.0033806,0.0019993,0.0020822,0.0027001,0.0068161,0.010271,0.017036,0.015448,0.011267,0.0097769,0.0050415,0.0077773,0.0045568,0.0033005,0.0022003,0.001489,0.0013948,0.0018813,0.00085651,0.001032,0.001665,0.0023492,0.0014472,0.00056261,0.00092635,0.00084733,0.0019454,0.0014875,0.00095627,0.00061571,0.00054464,0.00097483,0.0010381,0.0009698,0.00094565,0.0010542,0.0011883,0.0022512,0.0031938,0.0020744,0.0012264,0.00079231,0.0022855,0.0022374,0.00425,0.0017024,0.0027836,0.0016551,0.0027187,0.00060278,0.0021012,0.00091962,0.002856,0.0024984,0.003803,0.00066449,0.0023453,0.0013752,0.0048642,0.0035863,0.002017,0.0059093,0.004587,0.0055335,0.0076043,0.012171,0.012133,0.018785,0.0013047,0.021152,0.0066459,0.034286,0.0319,0.0083305,0.0050803,0.00208,0.0035545,0.0028026,0.0067041,0.0089588,0.0063865,0.0030574,0.00042779,0.0023644,0.0021747,0.0023106,0.0022169,0.0021597,0.0033731,0.001459,0.0013285,0.0010344,0.0045181,0.0028795,0.00070196,0.00057215,0.0022393,0.0031588,0.0011892,0.0028035,0.0027631,0.0014356,0.0028863,0.0013854,0.00136,0.0010732,0.0001831,0.00025075,0.00043695,0.0011333,0.0011129,0.0011973,0.0014738,0.00077603,0.001599,0.002658,0.00067218,0.0011502,0.0016231,0.00071813,0.00058431,0.0010853,0.00094584,0.00047951,0.0008521,0.0015574,0.0039368,0.0021987,0.0018941,0.0035193,0.011774,0.007651,0.024104,0.02216,0.014203,0.012771,0.068334,0.095265,0.054607,0.005661,0.0087969,0.009344,0.01696,0.0029724,0.010181,0.0050224,0.0055005,0.00052251,0.0054248,0.0037635,0.0033703,0.00034406,0.0050777,0.0031848,0.0026079,0.0045416,0.0023371,0.0014852,0.0018327,0.0047143,0.00512,0.0015863,0.002018,0.0034271,0.0030772,0.002516,0.0047439,0.0030213
0.0021817,0.0010991,0.0018493,0.0015807,0.0026492,0.0035206,0.0020513,0.0010233,0.002063,0.001649,0.00079228,0.00095042,0.0015636,0.001903,0.0013904,0.00053443,0.0010685,0.0011785,0.0015117,0.0012925,0.001635,0.0013797,0.0014587,0.0024347,0.003614,0.00074731,0.0016481,0.00010222,0.0016883,0.003399,0.0033002,0.0032222,0.00012325,0.01435,0.016948,0.0074534,0.0027538,0.0066475,0.010076,0.0060247,0.0035057,0.0034358,0.00085799,0.0029727,0.0018385,0.0026835,0.0033531,0.002171,0.0016527,0.0026339,0.0044108,0.0054151,0.004104,0.0019285,0.0010462,0.0016154,0.0010743,0.0020441,0.0021234,0.0012522,0.00064224,0.0014415,0.0028033,0.0027957,0.0025396,0.0012236,0.0034963,0.0033954,0.0027934,0.0064493,0.0028483,0.0018931,0.0015549,0.00026063,0.00087749,0.001823,0.0019669,0.00053758,0.0027094,0.0022872,0.0011288,0.0013731,0.0011253,0.0031941,0.0033949,0.0029475,0.0022722,0.0036009,0.0034509,0.0036535,0.0025808,0.00049625,0.0034558,0.0048823,0.016193,0.017062,0.0099191,0.0085946,0.034779,0.039643,0.016722,0.013714,0.035433,0.044848,0.02918,0.017166,0.007611,0.0020275,0.0004094,0.0036723,0.0015762,0.0010585,0.00019449,0.0019639,0.0040997,0.0037815,0.0030195,0.001828,0.0009178,0.0031576,0.00293,0.0012516,0.0017929,0.001262,0.0026396,0.0013657,0.00094699,0.0024693,0.0032281,0.0037636,0.0012822,0.0023552,0.0016897,0.00070162,0.00056696,0.0007413,0.0015514,0.00052039,0.0015673,0.0010414,0.0025726,0.0019815,0.0032156,0.0043852,0.0034217,0.0018023,0.001761,0.0018433,0.00070293,0.00072129,0.00039216,0.00015295,0.00062148,0.00077844,0.0016895,0.0022597,0.0010311,0.0010032,0.003178,0.0067399,0.0042034,0.0049719,0.00075349,0.016771,0.020075,0.0053108,0.0031863,0.012384,0.01748,0.0081507,0.0029634,0.0008714,0.0012431,0.0010255,0.0012221,0.0011798,0.00052211,0.00056841,0.00084068,0.00042269,0.00065159,0.0011427,0.00098039,0.00053266,0.0017096,0.0015891,0.00055524,0.00026756,0.0023324,0.0020933,0.0013965,0.0026738,0.0039958,0.0099848,0.0081313,0.00014008,0.00075143,0.00040861,0.00065068,0.00087332,0.00082472,0.0007939,0.00060161,0.0011439,0.00073907,0.0010396,0.0012004,0.001593,0.0012804,0.0011045,0.00061427,0.0013257,0.0014951,0.0015335,0.0018244,0.0017532,0.001768,0.0013328,0.0013675,0.0014857,0.0018544,0.0010253,0.0013443,0.0022381,0.0025623,0.0067828,0.014305,0.0089876,0.038754,0.040914,0.02162,0.013642,0.0022166,0.012133,0.012296,0.0067113,0.0023221,0.0025001,0.0022779,0.0017956,0.0020784,0.0019278,0.0013552,0.0019325,0.0019923,0.0012652,0.00074102,0.0011404,0.0013172,0.00087897,0.0015854,0.0012063,0.0022451,0.0019993,0.0011251,0.00089879,0.0019035,0.0029223,0.00090218,0.0017292,0.0053732,0.0038728,0.0021883,0.0011023,0.0031324,0.0040757,0.0029719,0.0026616,0.0016677,0.00062547,0.0033333,0.0029721,0.0032704,0.003079,0.0035065,0.0043915,0.0054086,0.0035316,0.0037178,0.0033539,0.0055297,0.0057692,0.0059987,0.0057732,0.0080531,0.0074468,0.018441,0.022135,0.042612,0.059886,0.028086,0.010811,0.0067265,0.031153,0.033815,0.021005,0.014203,0.0095862,0.0054966,0.004312,0.0049475,0.0040141,0.0027417,0.0048843,0.0048594,0.0027703,0.004088,0.003125,0.0024706,0.0026064,0.003001,0.0025111,0.00064964,0.0032122,0.0025086,0.00048872,0.0026682,0.0027279,0.0016485,0.0035687,0.0018703,0.0035672,0.0013332,0.0012398,0.0021251,0.00062484,0.00028486,0.00070286,0.00046741,0.00049375,0.00090243,0.00051196,0.00097528,0.00082314,0.00032659,0.0013863,0.0015259,0.0015295,0.00047504,0.0011343,0.00017085,0.0016109,0.0014391,0.0014683,0.0012554,0.0010887,0.0012108,0.00048845,0.0025736,0.0027007,0.00081154,0.0019336,0.0044551,0.010118,0.014382,0.010126,0.0061579,0.004447,0.0085271,0.010845,0.0056543,0.0033678,0.0029302,0.0032262,0.0021443,0.0012106,0.0010766,0.00080884,0.00049749,0.00041681,0.00021144,0.00027485,0.00038294,0.00093945,0.0007685,0.00091367,0.0012203,0.00044004,0.00048985,0.00093955,0.0011721,0.0012376,0.0010421,0.0013075,0.0011665,0.00055568,0.00025833,0.00046562,0.00088198,0.00083297,0.0011603,0.00068925,0.0010076,0.00068923,0.00047807,0.00088619,0.00064141,0.00099985,0.00056284,0.0010811,0.0010331,0.00064681,0.0012031,0.00082796,0.0001233,0.00044484,8.6121e-05,0.00045158,0.00057254,0.00058414,0.00050103,0.00071129,0.001145,0.00061045,0.0010479,0.00067706,0.0010949,0.0028177,0.0057583,0.014867,0.0099021,0.0041723,0.015356,0.034428,0.041476,0.013339,0.0061772,0.0075625,0.0065964,0.0012113,0.0021639,0.0017906,0.00052601,0.0013154,0.0016178,0.0014144,0.0022901,0.0027159,0.0030891,0.0023709,0.002937,0.0025888,0.0013593,0.0007284,0.00092131,0.0019439,0.0020329,0.0013171,0.0013244,0.0016922,0.0016376,0.001812,0.0023355,0.0015152,0.001153,0.0020715,0.0046539,0.0021919,0.0040022,0.0085063,0.0046765,0.0018226,0.0058339,0.0064993,0.0010773,0.00099563,0.0031454,0.0011694,0.0061849,0.0030651,0.005306,0.0048341,0.0078696,0.0050632,0.0064085,0.0058578,0.0075724,0.011558,0.0056197,0.0092221,0.012732,0.0079285,0.011334,0.021273,0.0083041,0.032098,0.017739,0.049731,0.12741,0.16054,0.046303,0.027535,0.0096224,0.010202,0.013746,0.0065577,0.0090899,0.0059273,0.010462,0.0050722,0.0055858,0.0063434,0.0041498,0.005743,0.0053622,0.0043071,0.004524,0.001772,0.0044968,0.0052325,0.0034749,0.0029312,0.0041118,0.002772,0.0038347,0.0036456,0.0047841,0.0012175,0.0045233,0.0058395,0.01401,0.0067529,0.0028906,0.003005,0.0029651,0.0038105,0.0020363,0.0041538,0.0033321,0.0035774,0.0016294,0.0033397,0.0038127,0.0038779,0.0030511,0.0018197,0.0021983,0.0035093,0.0048034,0.0032973,0.0040386,0.004352,0.0048854,0.0050402,0.0075818,0.0066412,0.010237,0.0068819,0.0095544,0.0086854,0.014281,0.012206,0.035734,0.097965,0.11649,0.041955,0.019569,0.012764,0.0077927,0.0049451,0.0040102,0.0021487,0.0034059,0.0034874,0.0041562,0.0033121,0.0022658,0.0042649,0.0049791,0.0062673,0.0028886,0.0015165,0.0021339,0.0050446,0.0054739,0.0052113,0.0024781,0.00066197,0.001114,0.00068684,0.0026353,0.0042658,0.0019131,0.0026461,0.0025618,0.00081808,0.0003,0.00064395,0.00047585,0.00047133,0.00078993,0.00084049,0.00051137,0.00032363,0.00048163,0.0010734,0.0017173,0.0016971,0.0008976,0.00031299,0.00071776,0.0016882,0.0017855,0.0012865,0.0012412,0.0015043,0.0020009,0.0021126,0.0017904,0.0015707,0.0017449,0.0031132,0.0037273,0.0035655,0.0039583,0.0050655,0.0057339,0.011454,0.031099,0.025496,0.0033025,0.011771,0.016751,0.015696,0.0021628,0.0026471,0.002583,0.0032314,0.0028833,0.0020467,0.0016463,0.0014972,0.0014533,0.00094038,0.00039704,0.00033683,0.00047608,0.0011863,0.0012593,6.2865e-05,0.0004289,0.00081068,0.00062625,0.00053919,0.0010094,0.0012796,0.0014392,0.00098388,0.001308,0.0026242,0.0015351,0.0014975,0.0010771,0.00067208,0.0018263,0.0017064,0.00090299,0.0013264,0.0025136,0.0018447,0.0028698,0.0035845,0.0026555,0.0014717,0.001152,0.0037699,0.0043851,0.0022508,0.00086032,0.0011464,0.0011204,0.001472,0.0012159,0.001816,0.0024383,0.0047714,0.0038532,0.0036159,0.0073747,0.012638,0.0069519,0.007427,0.005609,0.032534,0.02835,0.0056708,0.010025,0.002387,0.0019907,0.00092277,0.0044387,0.0053263,0.002206,0.00025483,0.00098398,0.0014918,0.0024906,0.00131,0.0027607,0.0019308,0.0012141,0.0018465,0.0010318,0.00055238,0.0020405,0.0024945,0.0021801,0.0022432,0.0037141,0.0041356,0.0020224,0.0026882,0.0027367,0.0028879,0.0045454,0.0010189,0.00095702,0.00076172,0.0008788,0.0010405,0.00076403,0.0014398,0.0020671,0.0019629,0.0021136,0.001742,0.0020459,0.0029079,0.0023575,0.0015763,0.0020585,0.0032982,0.0037309,0.0039588,0.0047024,0.004992,0.0048868,0.0047115,0.0053377,0.0068237,0.0076052,0.007177,0.0091522,0.02075,0.025995,0.014025,0.0033202,0.017496,0.074738,0.065191,0.0088414,0.029674,0.027272,0.02933,0.017141,0.005158,0.0049709,0.0078962,0.0091252,0.0066988,0.0045402,0.0044305,0.003756,0.002983,0.0023665,0.0022436,0.0014434,0.0021461,0.0028757,0.0026644,0.0042555,0.0039165,0.003968,0.0047807,0.003673,0.0032726,0.0025106,0.00070254,0.0015788,0.0028791
0.0014143,0.0011771,0.0012782,0.00073414,0.0012238,0.00089545,0.0030351,0.0032401,0.0019401,0.0015397,0.00073864,0.0012636,0.0022458,0.0024133,0.002358,0.0015974,0.0012362,0.0035761,0.0035605,0.0040059,0.0037467,0.00033272,0.0015724,0.0018795,0.0014749,0.0024502,0.0018194,0.0010107,0.0018151,0.00073063,0.0022116,0.0032881,0.011457,0.017735,0.0063818,0.0021186,0.0019849,0.0041434,0.0078661,0.0088519,0.0012371,0.0064579,0.0036907,0.00075861,0.0022195,0.0029985,0.0029829,0.0023069,0.00064722,0.00063712,0.0024398,0.00080893,0.001903,0.0012294,0.0016869,0.0019113,0.0026269,0.003788,0.004833,0.0045892,0.003216,0.0010199,0.0018494,0.0024014,0.0018926,0.00080836,0.00038799,0.0010724,0.0015719,0.0020445,0.0018317,0.00068687,0.0018256,0.0016937,0.0018787,0.00088396,0.0026391,0.0020491,0.00062904,0.0020142,0.0021259,0.0010559,0.0013886,0.0013316,0.0005009,0.0013374,0.0012288,0.0024029,0.0027231,0.0013633,0.0011202,0.0011024,0.0030482,0.0033876,0.0072466,0.0071619,0.0056024,0.038089,0.054733,0.01724,0.0094314,0.005796,0.015513,0.043022,0.055515,0.016099,0.0080798,0.0021763,0.0032448,0.00298,0.0032479,0.0013253,0.0017718,0.0010906,0.00069471,0.00059347,0.0014619,0.0025533,0.0027146,0.00098451,0.0019647,0.00097014,0.00098555,0.0029657,0.0028586,0.0014319,0.0014756,0.0021504,0.0029509,0.0021899,0.00044329,0.001608,0.0026913,0.0017041,0.0022315,0.0019676,0.0011558,0.00065479,0.0010746,0.00099189,0.001444,0.0021081,0.0020828,0.0014204,0.0014677,0.0035794,0.0047739,0.0028884,0.001696,0.0020002,0.0015227,0.0010835,0.0011653,0.00064922,0.00036256,0.00071526,0.0015215,0.0013646,0.0015754,0.0036858,0.0029684,0.0021008,0.01469,0.02086,0.0056846,0.0037253,0.0017281,0.0045714,0.013753,0.01703,0.0045895,0.0013655,0.0018207,0.0014008,0.0019556,0.0010159,0.00077936,0.0011286,0.00031424,0.00042041,0.00062711,0.00065228,0.0012145,0.0014377,0.00097555,0.0013401,0.0019131,0.0022557,0.0025979,0.0033449,0.00075505,0.0083779,0.0072353,0.0024822,0.0014088,0.0014437,0.0021045,0.0017285,0.0011147,0.00026806,0.00083712,0.0010624,0.00084061,0.00071401,0.0011188,0.0016412,0.0010309,0.00025225,0.0011178,0.0014576,0.0014219,0.0014477,0.0015963,0.0018975,0.0021178,0.0017274,0.001342,0.0013803,0.0021949,0.00384,0.0041851,0.0030957,0.0039014,0.0058799,0.0079897,0.0088682,0.0092966,0.033922,0.04218,0.018982,0.011602,0.0099078,0.0046386,0.0044713,0.0076349,0.0072795,0.0042719,0.0044325,0.0037672,0.0024662,0.0020892,0.0028999,0.0026476,0.0021493,0.0022163,0.0026575,0.0025271,0.002114,0.0018518,0.001512,0.0010645,0.0012602,0.0015448,0.0016758,0.0021222,0.0025144,0.00042453,0.0019797,0.0032099,0.0033927,0.00053506,0.0013565,0.0015042,0.0013183,0.0011608,0.0011797,0.00076062,0.0035428,0.0039723,0.0013721,0.0012416,0.0015856,0.0016033,0.0029142,0.0030079,0.001895,0.00094971,0.0041461,0.005649,0.0012429,0.0038021,0.005029,0.0056046,0.0057496,0.0056694,0.005526,0.0038561,0.0096752,0.029205,0.055502,0.036582,0.037275,0.040795,0.040533,0.0073299,0.010654,0.0065048,0.0061583,0.0054355,0.0041418,0.0022237,0.0062824,0.0053175,0.0026768,0.0019863,0.0020228,0.0028234,0.0010966,0.0010939,0.0023161,0.0026442,0.00099241,0.0013473,0.0022925,0.001895,0.0003782,0.0023169,0.0024128,0.00099542,0.0010426,0.0018615,0.0013674,0.001708,0.0030037,0.0031106,0.0021844,0.001945,0.0010067,0.00082235,0.00031266,0.00031675,0.00045511,0.0010339,0.00056888,0.00051461,0.0015236,0.0014086,0.00012346,0.00087273,0.0011991,0.0009321,0.00066183,0.0012091,0.001418,0.0015798,0.0018683,0.0018553,0.0013647,0.00055836,0.0025356,0.0028598,0.0038886,0.0032482,0.010254,0.020985,0.013258,0.0047302,0.010913,0.014244,0.0098954,0.0061463,0.0079677,0.0058278,0.0021453,0.00062553,0.0030379,0.0012568,0.0018215,0.0007387,0.0011505,0.0024057,0.0024626,0.0019797,0.0012079,0.00026572,0.0016341,0.0019554,0.0014427,0.00052455,0.00039892,0.00034988,0.00069834,0.00020975,0.0017145,0.0010106,0.00062095,0.0014112,0.0022219,0.00064522,0.0034768,0.00095912,0.0013216,0.001386,0.00048054,0.00066325,0.0015181,0.0016427,0.0010131,0.001103,0.00093786,0.00010956,0.0006033,0.0005545,0.00038444,0.0009689,0.0014747,0.0012177,0.0018373,0.0022238,0.0030939,0.0035954,0.0039586,0.0040151,0.0031792,0.0028777,0.0036142,0.005683,0.0076026,0.0044633,0.0072413,0.012925,0.01185,0.017436,0.04715,0.029145,0.011864,0.007787,0.0033122,0.0063347,0.0069786,0.0047534,0.0039816,0.0033918,0.0026203,0.0024184,0.0024337,0.0023219,0.0022116,0.0021625,0.0019379,0.0024996,0.0024061,0.0019901,0.0018014,0.0013683,0.0016805,0.0019588,0.0012633,0.0012141,0.0014142,0.0013247,0.0013125,0.0010485,0.0012181,0.0013253,0.0038588,0.0040371,0.0019909,0.0024296,0.0018077,0.0015874,0.0012998,0.0018753,0.003226,0.0038673,0.0033395,0.0043893,0.0035001,0.003101,0.0039179,0.0093199,0.0090582,0.0046645,0.0087466,0.010741,0.010069,0.012925,0.011296,0.0081665,0.0091316,0.012214,0.022168,0.023858,0.015966,0.01681,0.043946,0.06473,0.079461,0.20877,0.1257,0.037244,0.029352,0.016344,0.018562,0.016075,0.013427,0.015444,0.011243,0.0088407,0.010362,0.011377,0.008805,0.0056369,0.0084462,0.010139,0.0090317,0.0086913,0.007392,0.0028337,0.0015921,0.0024834,0.0042728,0.0068838,0.006595,0.0050857,0.0061476,0.0059263,0.0068471,0.0085654,0.006871,0.0031705,0.0054412,0.005188,0.010235,0.0063359,0.0023206,0.0017683,0.0029904,0.0029658,0.0017209,0.00098203,0.00143,0.0030094,0.0052532,0.0062586,0.003833,0.0013896,0.0016175,0.002412,0.0051768,0.0059429,0.003831,0.0030401,0.0064182,0.0084744,0.0087608,0.012208,0.016974,0.016175,0.010967,0.023601,0.038227,0.051389,0.12762,0.075752,0.02885,0.02072,0.011467,0.013805,0.012687,0.010727,0.01251,0.011025,0.0078144,0.0058036,0.004699,0.0040437,0.0060002,0.0062361,0.0056495,0.0052339,0.0052754,0.005825,0.0064124,0.0045704,0.0059889,0.006363,0.0030409,0.0016302,0.0018524,0.0026224,0.0047658,0.0038252,0.007841,0.0072229,0.0015329,0.0018761,0.00085497,0.00081879,0.0010464,0.00024644,0.00012661,0.0010268,0.00091443,0.00014724,0.00016277,0.00092607,0.0015281,0.0015314,0.00078935,0.00021292,0.0010404,0.0011973,0.00039098,0.00047919,0.00086446,0.0016345,0.0011751,0.00083097,0.0010802,0.0011502,0.0012609,0.0031013,0.00048144,0.0029677,0.0048206,0.0024642,0.016211,0.033563,0.019416,0.0033208,0.0036227,0.0010611,0.0052949,0.011436,0.0087314,0.001285,0.0036486,0.0010093,0.0016459,0.0018597,0.0012119,0.0017583,0.001841,0.0012942,0.00066782,0.001224,0.00096496,0.0014675,0.00027348,0.0013763,0.0011805,0.00079375,0.00071295,0.00085691,0.0023165,0.0017823,0.001696,0.0015329,0.00090997,0.003638,0.0036077,0.0015562,0.0014919,0.0024791,0.0019758,0.0027929,0.0029013,0.0026473,0.0015056,0.00015101,0.00064854,0.0003559,0.0026905,0.0024662,0.0011497,0.0032594,0.0048228,0.0050702,0.0023861,0.001434,0.00093321,0.0020152,0.0023431,0.0027664,0.0030442,0.0030598,0.0040315,0.0071178,0.010894,0.010877,0.0059077,0.02986,0.056058,0.036923,0.0069882,0.0038292,0.009313,0.0059014,0.0025694,0.003238,0.003951,0.0041296,0.0011529,0.0011779,0.0022592,0.0025481,0.00452,0.0063836,0.0044695,0.0018488,0.0028867,0.0013865,0.0016636,0.0016423,0.0020231,0.0019044,0.0021333,0.0025541,0.0021457,0.0022046,0.0048685,0.0033749,0.0036159,0.0050622,0.00012803,0.00066512,0.0013817,0.0013083,0.00085746,0.0013779,0.00093219,0.0016309,0.0026182,0.00081916,0.0017063,0.0009721,0.0013579,0.00075408,0.0011884,0.0013455,0.0019168,0.0013859,0.0030648,0.0021104,0.0021083,0.0015904,0.0024511,0.0011003,0.0033116,0.0041732,0.0062643,0.0042573,0.0046485,0.014305,0.011231,0.0087522,0.047594,0.10016,0.059368,0.0084292,0.0054631,0.0091049,0.0064195,0.0028401,0.0073851,0.0025643,0.0033829,0.0013088,0.004646,0.0022136,0.0018508,0.0032417,0.0020042,0.00047095,0.002282,0.00093135,0.0011943,0.0019539,0.0029762,0.002149,0.00095227,0.0022031,0.0018949,0.0017181,0.0020011,0.00078859,0.0016839,0.0019222,0.0022044
0.0015193,0.00301,0.004746,0.0010741,0.0014412,0.0011385,0.0015482,0.0031893,0.0021739,0.0019004,0.0026729,0.0027476,0.0032418,0.0021628,0.002018,0.002413,0.00076223,0.00099558,0.0023759,0.0029966,0.00070751,0.0020619,0.0012482,0.00088337,0.0016028,0.0026801,0.0015394,0.0029297,0.0016373,0.0013871,0.0011001,0.0029251,0.0033094,0.0064783,0.0052101,0.0045234,0.0039968,0.0029626,0.0029693,0.0069665,0.007476,0.0031484,0.0019254,0.0011805,0.00052959,0.0017331,0.00097831,0.0034617,0.00086278,0.002505,0.00087921,0.0011146,0.0030458,0.0052581,0.0032333,0.0022173,0.004763,0.0043157,0.0039615,0.0013561,0.00054628,0.00094472,0.00095807,0.0018027,0.0031428,0.0024971,0.0017909,0.00084367,0.00098205,0.0015551,0.0021188,0.0020834,0.0022768,0.0018786,0.001061,0.000258,0.00064396,0.00091212,0.00099363,0.00083299,0.0031324,0.0041424,0.0033661,0.0014915,0.0068782,0.0059844,0.0066833,0.0075927,0.0016681,0.0034622,0.011841,0.018335,0.015536,0.010317,0.051851,0.062404,0.019779,0.0043959,0.007775,0.0035477,0.006405,0.0054662,0.0055065,0.019289,0.042645,0.045318,0.014534,0.009004,0.0050887,0.0038801,0.0033316,0.00082842,0.00098016,0.001907,0.0026983,0.0023112,0.0021027,0.003308,0.0013503,0.0012214,0.0010757,0.00095977,0.00030239,0.0019267,0.0019313,0.0016043,0.0010997,0.0014991,0.0018034,0.0020556,0.0019344,0.0012151,0.0006761,0.0007317,0.00067552,0.0010366,0.0007238,0.0016006,0.0011147,0.0018708,0.001936,0.0020195,0.00098796,0.00040335,0.00035181,0.0010617,0.00046665,0.0021799,0.0025438,0.0015039,0.001127,0.0019317,0.0036319,0.002597,0.0031105,0.0082727,0.012173,0.010666,0.0015309,0.016149,0.023513,0.012427,0.0067731,0.0070366,0.0020752,0.002157,0.0011465,0.0013287,0.0044018,0.013147,0.014475,0.0057812,0.0025115,0.0016084,0.0027585,0.0018093,0.00048857,0.0016927,0.00075616,0.0005952,0.0013373,0.0012919,0.00076865,0.00080315,0.00097358,0.001562,0.0015178,0.0039197,0.0034208,0.0023466,0.0044517,0.0031296,0.0019855,0.0007551,0.001827,0.00041208,0.00036402,0.00099131,0.0015906,0.00025506,0.0011946,0.00067115,0.00050817,0.0008989,0.0010807,0.00045694,0.0012979,0.001216,0.00060312,0.00079633,0.00080393,0.00049474,0.0010324,0.0015403,0.0026381,0.0018772,0.00084805,0.0010886,0.0011061,0.00042086,0.0023773,0.0068296,0.0089682,0.0012238,0.022762,0.039473,0.021064,0.01329,0.005703,0.0023981,0.0024803,0.0019983,0.00065495,0.003098,0.0074047,0.011223,0.0063591,0.0017906,0.0012257,0.0011142,0.0013672,0.0007563,0.00061176,0.00017589,0.00041362,0.00057012,0.0013844,0.0013093,0.00047411,0.00023049,0.00097346,0.00091165,0.0010159,0.0011201,0.0010052,0.0012719,0.00085943,0.00057854,0.0006805,0.0016145,0.00045158,0.00039439,0.0012173,0.0013548,0.001097,0.0021664,0.0014871,0.0017017,0.00047726,0.00067997,0.0011388,0.0015416,0.0012847,0.00061323,0.0022515,0.0036527,0.0020473,0.0040719,0.0034045,0.0013104,0.0012753,0.0021306,0.0066827,0.011604,0.015343,0.013247,0.033925,0.062477,0.035311,0.016541,0.020498,0.034152,0.038657,0.027941,0.01753,0.0055844,0.0015693,0.0015892,0.0022917,0.0046281,0.0050641,0.0015012,0.00023647,0.00064728,0.0017503,0.001309,0.0020776,0.0024843,0.001791,0.0010207,0.00063817,0.0013842,0.0013379,0.0012142,0.0008739,0.00039307,0.00065017,0.0012954,0.0013794,0.00093496,0.0018584,0.0012603,0.0024607,0.0027229,0.00020187,0.00082454,0.00067969,0.00039545,0.00088004,0.00071536,0.00050988,0.00066205,0.00071563,0.00069224,0.00085238,0.0013886,0.0011397,0.00081803,0.0010189,0.0010011,0.0009506,0.0014657,0.00083433,0.0012613,0.0029307,0.0028646,0.0015874,0.0018039,0.0015205,0.0017361,0.0062505,0.016871,0.024488,0.012899,0.015511,0.02882,0.022944,0.013804,0.0101,0.0089599,0.0045089,0.0049448,0.0038109,0.0026687,0.00068046,0.00061765,0.0011801,0.0014899,0.00061712,0.00019501,0.00059707,0.0016503,0.0017213,0.00083602,0.0004811,0.0012378,0.0019359,0.0024674,0.0021154,0.0015937,0.0015592,0.0009017,0.0040174,0.0031229,0.0017042,0.0034408,0.0022521,0.0021802,0.0010263,0.0021469,0.00078943,0.00029891,0.00029325,0.00057375,0.00049504,0.00038945,0.00036607,0.00028545,0.0012,0.00061983,0.00045908,0.00090555,0.0011593,0.00084309,0.00058546,0.00047873,0.00051889,0.00039866,0.00089634,0.00070647,0.00098586,0.0017321,0.0016447,0.0010355,0.0012094,0.0035617,0.0096808,0.0081867,0.0086444,0.028613,0.032027,0.022169,0.016919,0.0077367,0.0028933,0.0041765,0.0030243,0.0034672,0.0028403,0.0034107,0.0016607,0.0020554,0.0025689,0.001638,0.0010173,0.00086927,0.00085723,0.0014549,0.0017753,0.0017391,0.00059129,0.00033025,0.00097435,0.00038349,0.0014078,0.0013566,0.00064223,0.0007415,0.0004452,0.00045874,0.00083596,0.00056556,0.00027611,0.00054717,0.00065529,0.00074019,0.00012452,0.00013366,0.00070981,0.00098079,0.0014239,0.0011228,0.00075002,0.0024505,0.0023105,0.002746,0.0016141,0.0024307,0.0028013,0.0043735,0.0029378,0.0042705,0.0031531,0.006984,0.01036,0.0053124,0.0032927,0.0022786,0.0067476,0.017412,0.037329,0.042333,0.022594,0.069424,0.22134,0.20223,0.058478,0.029023,0.025508,0.0087392,0.0050901,0.0013365,0.0019887,0.0058605,0.010539,0.0094766,0.0039009,0.0034349,0.0038712,0.003358,0.0021686,0.0031069,0.0009817,0.0029592,0.0028669,0.0022623,0.0026564,0.00088147,0.0009908,0.0017853,0.0015983,0.0029985,0.0020151,0.0017755,0.0039591,0.0027929,0.001289,0.00023829,0.0029909,0.0042885,0.0014703,0.0021665,0.001843,0.001236,0.00050762,0.00042596,0.0020641,0.0027364,0.00012691,0.00079317,0.0042321,0.0049071,0.0010087,0.0027242,0.0023031,0.0021218,0.0017805,0.00065216,0.0017958,0.0017706,0.0016394,0.0023113,0.0060241,0.0070726,0.01271,0.028084,0.03696,0.0262,0.04246,0.1454,0.12687,0.003922,0.0082207,0.040582,0.014652,0.00257,0.0011549,0.0018733,0.0028587,0.0030843,0.0039114,0.0073926,0.004951,0.009824,0.0099505,0.0079573,0.0046878,0.0040633,0.0070384,0.0052433,0.0019877,0.0034954,0.00424,0.0020717,0.004847,0.0035021,0.00065106,0.0012358,0.0019974,0.00058198,0.0022109,0.004289,0.0050115,0.0034689,0.0039453,0.00089743,0.0009681,0.0005563,0.00078205,0.00036931,0.00058525,0.0007636,0.00031022,0.00042567,0.001407,0.0016996,0.00078005,6.3961e-05,0.00039418,0.0017375,0.0019417,0.000652,0.00040481,0.00095588,0.0014736,0.001381,0.00173,0.0016295,0.00095821,0.0011769,0.001157,0.0039502,0.0018493,0.0061916,0.018687,0.02567,0.013184,0.0073986,0.010217,0.0057181,0.0052139,0.0055535,0.0043258,0.0072634,0.0098134,0.011507,0.011548,0.0028107,0.0028327,0.0025209,0.0025299,0.0015035,0.0018951,0.00078271,0.00060315,0.0011505,0.00069125,0.0015029,0.0025447,0.0015893,0.00084505,0.00052104,0.0014391,0.0023028,0.0018511,0.0012542,0.00055092,0.0019176,0.00086578,0.0014822,0.0023844,0.0021725,0.0017033,0.0042332,0.006272,0.0044686,0.0019836,0.0051108,0.0040784,0.00048697,0.00034419,0.003063,0.0049095,0.002032,0.0042542,0.0061778,0.0057207,0.0010271,0.0041164,0.0057682,0.0068527,0.0049838,0.0010987,0.0093791,0.017219,0.019428,0.02334,0.038165,0.052314,0.041397,0.040504,0.053029,0.064662,0.059633,0.021665,0.0079211,0.0087933,0.0026408,0.0087167,0.0077107,0.0046946,0.0040815,0.0034968,0.0018584,0.0023367,0.0053267,0.0045465,0.0011617,0.0037623,0.0042241,0.0029677,0.00091746,0.0020178,0.0040818,0.0035577,0.0032756,0.0047024,0.0035274,0.004415,0.0023687,0.001815,0.00085926,0.0026245,0.0036947,0.0033832,0.0012109,0.0019525,0.0026869,2.9073e-05,0.0028471,0.0014752,0.0012746,0.00071128,0.0026772,0.0028836,0.0012556,0.0014165,0.0031403,0.0028001,0.00081213,0.0011086,0.0011074,0.0023013,0.0039363,0.0020734,0.0024496,0.0043453,0.0055005,0.0054594,0.0013876,0.0065355,0.016345,0.026149,0.031309,0.030536,0.015699,0.046442,0.04728,0.050344,0.034832,0.022429,0.032641,0.024925,0.013465,0.0067041,0.0092375,0.013841,0.01068,0.0074044,0.0028426,0.0048499,0.0045922,0.0034098,0.0029477,0.0019735,0.00092956,0.0015243,0.0011107,0.00147,0.0017392,0.0023395,0.0034554,0.0034355,0.0022052,0.003413,0.0031437,0.0014911,0.0046167,0.0009758,0.0055938
0.00055352,0.0035203,0.0044142,0.001942,0.00075106,0.00079275,0.0012141,0.0028375,0.0039053,0.0034841,0.0014051,0.0013082,0.00095773,0.001139,0.0019391,0.0008126,0.0017061,0.0024134,0.0035907,0.0014204,0.002829,0.0034605,0.0024577,0.00094848,0.0021563,0.0015806,0.0027738,0.001802,0.003268,0.0017346,0.0009395,0.0051327,0.0097684,0.0078651,0.0009267,0.0031104,0.00032935,0.0012388,0.0010587,0.0048124,0.010086,0.0039646,0.0040604,0.0032689,0.0022782,0.0047058,0.0020551,0.0010335,0.00091707,0.0018901,0.0032985,0.0048853,0.0031642,0.0030804,0.0021764,0.0033055,0.0010435,0.0012843,0.0037929,0.0042646,0.0034176,0.00032084,0.00062847,0.0027515,0.0030405,0.0007023,0.0013668,0.0021569,0.0018691,0.0018568,0.0019973,0.0017276,0.0018555,0.0013466,0.0012246,0.0012596,0.00027213,0.0014212,0.00059987,0.0016785,0.0027392,0.0030826,0.0023259,0.0030939,0.00321,0.00054107,0.0037342,0.0054113,0.0033608,0.0039855,0.0066058,0.0028432,0.014212,0.011067,0.0067767,0.016463,0.021678,0.041855,0.037569,0.019405,0.0046855,0.0018539,0.0052629,0.0078447,0.030121,0.048955,0.020747,0.003912,0.00040089,0.0021634,0.0017517,0.00056159,0.0016955,0.0025895,0.0017698,0.0018595,0.0019575,0.0024497,0.0015705,0.0008024,0.0026978,0.0033492,0.0014563,0.0020958,0.0033893,0.0037052,0.0035167,0.0018785,0.0019493,0.0012499,0.0022526,0.0021499,0.0012689,0.0014039,9.809e-05,0.0010142,0.0007499,0.0012134,0.0016352,0.00067471,0.00032195,0.0010577,0.0018936,0.0017718,0.0011671,0.0016959,0.0016622,0.0011336,0.0032739,0.00032109,0.0031643,0.0031122,0.001773,0.001761,0.0021462,0.002235,0.0033813,0.0098873,0.0068797,0.0029177,0.005589,0.015096,0.01796,0.013682,0.0059223,0.0014698,0.00068551,0.0012509,0.0023725,0.012179,0.018267,0.008598,0.0027551,0.00072423,0.00061678,0.0010512,0.00146,0.00132,0.00024811,0.001305,0.0020316,0.0026935,0.0031219,0.0024426,0.00074906,0.00067659,0.00099815,0.00054181,0.0018671,0.0063747,0.0071486,0.00035188,0.0030121,0.0010997,0.0013025,0.00089615,0.0013969,0.001848,0.0025785,0.0014188,0.0012468,0.0018059,0.00045083,0.00068416,0.00071432,0.00030953,0.00057813,0.00016477,0.00046453,0.00054781,0.00044106,0.0011162,0.0019225,0.002603,0.0017382,0.0011232,0.00038188,0.00078803,0.00066614,0.00095432,0.0021042,0.00099567,0.0077805,0.0069044,0.0026186,0.010463,0.014352,0.028283,0.035051,0.023356,0.0071726,0.0016277,0.00034098,0.0019516,0.0040752,0.011149,0.006689,0.001422,0.00076655,0.00080116,0.0006141,0.00066398,0.00072722,0.00049945,0.00064349,0.00060984,0.00063,0.00032105,0.00081373,0.00084842,0.00050874,0.0010135,0.00086581,0.0017048,0.0020159,0.00043147,0.0015708,0.00099421,0.00062494,0.00018802,0.0013994,0.00034432,0.00093824,0.0010383,0.00038601,0.00066637,0.00059355,0.00039575,0.0010233,0.0012871,0.0012863,0.00091575,0.0011399,0.0012429,0.00079018,0.00052853,0.0012299,0.0020838,0.0018058,0.00061233,0.0021404,0.0014704,0.0011567,0.001429,0.0032303,0.0078769,0.011838,0.061722,0.057189,0.02265,0.0091156,0.029393,0.059229,0.03915,0.012465,0.0039852,0.00082891,0.0010271,0.00075805,0.0025997,0.004148,0.0029328,0.00095579,0.0011411,0.0010463,0.00051887,0.00089996,0.00061126,0.0021101,0.0015468,0.0012074,0.00078212,0.0010117,0.00037757,0.0016721,0.0025277,0.002417,0.0019227,0.0013466,0.0015306,0.00063793,0.0025882,0.0022992,0.0016976,0.0019718,0.00037723,0.00037876,0.0006388,0.00096666,0.00051218,0.00028463,0.00051148,0.00048788,0.00037573,0.00089761,0.0008345,0.00054029,0.00064014,0.00035367,0.0001538,0.00020374,0.00076977,0.0022555,0.002939,0.0013202,0.00032684,0.00084743,0.00182,0.0018592,0.00061156,0.0039332,0.0050447,0.013697,0.010569,0.0043095,0.0067897,0.014351,0.021291,0.016047,0.0070584,0.00058155,0.00057873,0.0028507,0.0014354,0.00096165,0.0022472,0.0015098,0.00062728,0.00049226,0.001017,0.00027443,0.0016382,0.001149,0.00018526,0.00015824,0.00031708,0.00091686,0.001382,0.0018066,0.00085623,0.0012774,0.00062457,0.00049971,0.0015332,0.0026696,0.00059271,0.0031742,0.0020193,0.0026417,0.0022275,0.0012083,0.0016003,0.0013707,0.00053749,0.0013947,0.0014961,0.0016088,0.0004209,0.002734,0.0025822,0.00066759,0.00035033,0.00099414,0.00063878,0.0012838,0.0016733,0.00049107,0.00027749,0.00075833,0.0013722,0.0019502,0.0017467,0.0013637,0.0014394,0.0019598,0.0031936,0.0057644,0.013048,0.0043368,0.0058372,0.014842,0.010595,0.013884,0.020961,0.010823,0.001611,0.0011275,0.00090136,0.0011649,0.0017808,0.0028242,0.00062176,0.00046792,0.0012259,0.0009052,0.0010312,0.0010284,0.00033659,0.00026132,0.00088743,0.0011996,0.00049165,0.00051952,0.0010631,0.0013754,0.00020558,0.0011517,0.0018942,0.0019499,0.0010428,0.0007081,0.0014357,0.0030465,0.0022218,0.00034327,0.0011892,0.0018859,0.0021754,0.0036622,0.0043037,0.0011172,0.0014236,0.002369,0.0041726,0.0037597,0.002616,0.00137,0.0011329,0.001188,0.0033596,0.0072407,0.0064884,0.0017339,0.0024392,0.0015459,0.0048161,0.0045411,0.0058777,0.0046441,0.0019263,0.0048069,0.0042279,0.0024892,0.022029,0.036898,0.080452,0.1168,0.17176,0.13318,0.056787,0.0095043,0.00444,0.0076701,0.003721,0.0064962,0.011337,0.009517,0.0026524,0.0026484,0.00094477,0.0022767,0.0026443,0.0014287,0.0027703,0.0035471,0.00025186,0.0026015,0.0013979,0.0012822,0.0013974,0.0033352,0.0019442,0.0018233,0.0015548,0.00050021,0.0013774,0.0021615,0.0027025,0.00010952,0.0017146,0.0026837,0.0043172,0.00815,0.0091849,0.0063271,0.0049078,0.003831,0.0039324,0.0055639,0.0021769,0.0027868,0.0018798,0.0016794,0.0014391,0.0019461,0.0007759,0.0014182,0.0012207,0.0014871,0.0016853,0.0013839,0.0012708,0.0017919,0.0030033,0.0034551,0.0032266,0.0018654,0.0076535,0.011971,0.02603,0.042112,0.10132,0.14332,0.094216,0.038671,0.0064616,0.0041351,0.0032826,0.0030929,0.0054856,0.0053754,0.00061158,0.0023303,0.00061524,0.0017963,0.0028663,0.00081586,0.00053174,0.0014432,0.0026244,0.0012991,0.0033628,0.003228,0.0046809,0.0044488,0.0031722,0.0032395,0.0067059,0.0071276,0.0070167,0.0069241,0.0079664,0.0071049,0.0040971,0.0014115,0.00091062,0.00064051,0.00031383,0.0010884,0.0010026,0.00055076,0.0016632,0.0010933,0.0008624,0.00026283,0.0005221,9.1679e-05,0.0002882,0.0005434,0.0010031,0.00096042,0.0017053,0.0015827,0.00066618,0.0007072,0.00062108,0.00081625,0.00078754,0.00096587,0.001092,0.00049905,0.0013921,0.0029377,0.00098392,0.002134,0.007263,0.01084,0.027975,0.028505,0.014053,0.0055265,0.002922,0.0025492,0.0043576,0.0052526,0.011727,0.010442,0.0057687,0.003019,0.0023295,0.0018448,0.0015108,0.0014373,0.0016216,0.0015332,0.0005779,0.0015733,0.001684,0.0011056,0.0013066,0.0012114,0.0012745,0.0013989,0.0020256,0.0013922,0.0019003,0.00064148,0.0017707,0.0016561,0.0011423,0.0019545,0.0028682,0.0031185,0.0016296,0.0014956,0.0022691,0.0022923,0.0025999,0.0024732,0.0022924,0.0019572,0.00069969,0.0010859,0.002381,0.0022227,0.00088808,0.0030687,0.0054071,0.0036754,0.0034069,0.003514,0.0043045,0.004045,0.0028506,0.00381,0.0043542,0.0037942,0.0062482,0.017468,0.025672,0.017508,0.051879,0.072573,0.059629,0.031563,0.0039279,0.0067089,0.0090714,0.0052539,0.0035972,0.0069677,0.0037085,0.0021299,0.0017297,0.0050815,0.0041878,0.0013996,0.0013278,0.0018171,0.0016035,0.0028241,0.0041636,0.0019773,0.0022559,0.0033909,0.0024927,0.0025815,0.0017187,0.00051367,0.0011005,0.0005213,0.002349,0.0033898,0.0012631,0.00045617,0.0025907,0.0030853,0.0028898,0.0035585,0.0025033,0.003371,0.0022239,0.0020494,0.0013793,0.00099614,0.0012568,0.00083862,0.0016131,0.0023346,0.0022581,0.0019772,0.0020037,0.0024845,0.0018607,0.0014544,0.0026988,0.0037977,0.0044552,0.003449,0.0051566,0.006514,0.0017982,0.017781,0.019517,0.015055,0.01937,0.045894,0.084138,0.053275,0.029342,0.011954,0.0064506,0.00046161,0.010136,0.0056319,0.0039419,0.006048,0.0038859,0.00079747,0.0011033,0.0020506,0.0039968,0.003672,0.0027333,0.0019227,0.001089,0.0004998,0.0017677,0.0023798,0.0035913,0.0020297,0.0019522,0.0012744,0.0028241,0.0029953,0.00024661,0.0044871,0.0045409,0.0011186,0.0021695
0.0014862,0.0012231,0.00053467,0.0003599,0.00067607,0.000695,0.00047753,0.00076657,0.0013659,0.0031341,0.0020918,0.00082705,0.0004635,0.00061556,0.0022514,0.0011831,0.002342,0.0024861,0.002227,0.00072198,0.0017972,0.0010832,0.0014901,0.0014985,0.0017048,0.0021129,0.0016209,0.0026641,0.003083,0.0017809,0.0042268,0.0048772,0.0086122,0.0061223,0.0036634,0.0059591,0.0086371,0.0047361,0.0029026,0.0025659,0.0011566,0.002654,0.0013962,0.002206,0.0015605,0.0015732,0.0014531,8.269e-06,0.0011146,0.0016098,0.001213,0.00094237,0.00054572,0.0012941,0.0020196,0.0042441,0.005369,0.0033864,0.0012174,0.0012391,0.0027577,0.0016406,0.0002459,0.0017365,0.0031278,0.00097046,0.00155,0.0016704,0.0016766,0.0025303,0.00040382,0.0037603,0.004778,0.0042093,0.0016442,0.0013853,0.0035194,0.0046075,0.0025197,0.0022809,0.0036103,0.0032183,0.0028225,0.0045608,0.0034011,0.0016552,0.0014948,0.0017957,0.00035577,0.001274,0.0011295,0.00091562,0.0030647,0.0099891,0.01182,0.0048149,0.0020363,0.0011633,0.0056569,0.010137,0.032271,0.040488,0.037223,0.049926,0.027958,0.0080552,0.0086567,0.0028025,0.0042808,0.0014079,0.0026202,0.0026123,0.0019326,0.0002041,0.00188,0.0024517,0.0028689,0.0018142,0.0012483,0.0036809,0.0036603,0.00012976,0.0019402,0.0031405,0.0015446,0.0010297,0.0005041,0.00045721,0.00099602,0.00025888,0.00011227,0.00013623,0.0012224,0.0012291,0.00055053,0.0008109,0.00054033,0.00087452,0.00066873,0.00064161,0.0025599,0.0026819,0.0047633,0.0045463,0.0026213,0.00060245,0.00099083,0.0014323,0.0014966,0.0010013,0.0017494,0.0015851,0.0014083,0.0015562,0.002118,0.00171,0.0013539,0.0029039,0.0078327,0.0060364,0.0015819,0.0032411,0.0080073,0.0058376,0.0042551,0.0070319,0.011706,0.016463,0.021806,0.009137,0.00072137,0.00066111,0.00055903,0.00080619,0.00063274,0.0005793,0.00059665,0.00090218,0.00034991,0.00035675,0.00063003,0.001211,0.0014766,0.001504,0.0025827,0.00077112,0.0012844,0.00059192,0.00085848,0.0012852,0.0020348,0.0013541,0.0032186,0.0064065,0.0028768,0.0010969,0.0002843,0.00087153,0.00082744,0.0013896,0.0017212,0.0015595,0.00066139,0.00038579,0.00040629,0.00044443,0.00066787,0.00063916,0.00076675,0.0011152,0.0011258,7.7597e-05,0.00011464,0.00045089,0.00096879,0.00056851,0.0005549,0.00057711,0.00063309,0.0014571,0.0013638,0.00066127,0.00050891,0.0064127,0.0057014,0.0028916,0.0041832,0.0080186,0.0052303,0.012472,0.019355,0.0484,0.035493,0.0063203,0.0048375,0.0059786,0.0020675,0.00026999,0.0006884,0.00099429,0.00033109,0.00052858,0.00064957,0.0002664,0.00055795,0.00019732,0.00026269,0.00031421,0.00084972,0.0014728,0.0011272,0.00043709,0.00062907,0.0011924,0.0015371,0.0018869,0.0012892,0.0013276,0.0027956,0.00344,0.0020146,0.0027226,0.0021414,0.0029687,0.0046743,0.0035891,0.00096215,0.000684,0.0025417,0.0034959,0.0038003,0.0021942,0.0012166,0.0011851,0.0013321,0.0037161,0.0027311,0.00051225,0.0011818,0.0015169,0.0006361,0.00090296,0.0027885,0.002686,0.0013506,0.0052342,0.0050926,0.0085791,0.05891,0.05423,0.019762,0.02329,0.040013,0.037324,0.011387,0.010069,0.010527,0.0094148,0.0078833,0.0041638,0.0014455,0.0020402,0.0010529,0.0019022,0.0014869,0.0015411,0.00177,0.00049783,0.00085859,0.00045028,0.0011274,0.001621,0.00081254,0.00033065,0.00067391,0.0016798,0.0035783,0.0038523,0.0027794,0.0015734,0.0016136,0.0012984,0.0015359,0.0005831,0.0011709,0.0012025,0.0013331,0.001143,0.0011644,0.0014762,0.0021003,0.0014353,0.0010429,0.0010449,0.00035198,0.00025909,0.00049561,0.0005673,0.00043014,0.0015819,0.002006,0.00064236,4.0871e-05,0.0010196,0.00055412,0.00069329,0.00097505,0.00096249,0.0016222,0.0033852,0.0031291,0.0031447,0.0028633,0.010555,0.013222,0.0019252,0.01013,0.013622,0.0092244,0.0029029,0.0022312,0.0057704,0.0043588,0.0036733,0.0032797,0.0012817,0.00048264,0.00073606,0.00092589,0.0010461,0.0010431,0.0013978,0.00079217,0.00047119,0.00091919,0.00067024,0.00045129,0.00021919,0.00069272,0.00053795,0.00078386,0.0015055,0.0022888,0.002751,0.0035446,0.0031116,0.0017373,0.0013554,0.0020864,0.0026976,0.00040807,0.0015251,0.0013759,0.0013085,0.0015244,0.0020281,0.0025229,0.0030775,0.0032074,0.0028708,0.0029415,0.0037927,0.002981,0.00041175,0.0010023,0.0016201,0.0031557,0.0023602,0.0013101,0.0011903,0.0011928,0.0015749,0.0015249,0.0040476,0.0024005,0.0042012,0.0014603,0.0032277,0.0075269,0.0077907,0.0036977,0.015795,0.013262,0.0046293,0.013568,0.016386,0.023737,0.014456,0.0042443,0.0030676,0.0058199,0.0042302,0.00063233,0.0036846,0.0019456,0.001789,0.0025954,0.001587,0.0012802,0.0018777,0.0046949,0.0047002,0.0021991,0.0012088,0.0027175,0.0033784,0.00053063,0.0022022,0.00038859,0.0018189,0.0010032,0.0013029,0.0013423,0.00093698,0.0020567,0.002231,0.0041391,0.0030104,0.0075898,0.0065923,0.0019161,0.0047158,0.0066372,0.0033168,0.0075749,0.010015,0.0064326,0.0040041,0.003832,0.0045104,0.004739,0.00080526,0.0044486,0.0056364,0.0068005,0.0052303,0.0037141,0.0050097,0.0060633,0.0072569,0.0046599,0.0028784,0.0053394,0.011928,0.0064421,0.010788,0.032114,0.021421,0.011571,0.05473,0.08544,0.094007,0.048281,0.024156,0.008064,0.015258,0.0028,0.0070541,0.0072616,0.0019927,0.0049501,0.0030429,0.0038138,0.0031674,0.0016775,0.002879,0.0036335,0.0010599,0.0034025,0.003087,0.0045543,0.0055445,0.0050872,0.0012997,0.0047426,0.0029488,0.0024932,0.0035807,0.0021266,0.0017224,0.0079833,0.005621,0.0027071,0.0063921,0.0067285,0.0042844,0.0065315,0.0047242,0.0017344,0.00092209,0.0021728,0.00224,0.00044737,0.0022574,0.0015812,0.0032829,0.0031073,0.00046961,0.00048568,0.0029907,0.0036188,0.003543,0.0021256,0.0025092,0.0060824,0.0065229,0.0074789,0.0035591,0.0085954,0.0019367,0.010108,0.0072174,0.015211,0.024209,0.044291,0.10301,0.11499,0.061983,0.022519,0.015044,0.01726,0.011332,0.012146,0.0015285,0.0077213,0.0042093,0.0060886,0.0080034,0.0090988,0.0049687,0.0014583,0.0009984,0.0042931,0.0060734,0.0059751,0.0057431,0.0042607,0.0016815,0.0025437,0.0034411,0.0034724,0.0083682,0.0032204,0.0011322,0.0082025,0.0018413,0.0013534,0.0007547,0.0011103,0.0011268,0.00057061,0.00069424,0.00096626,0.0017024,0.0017024,0.00097454,8.4756e-05,0.0010399,0.0017287,0.0023492,0.0013595,0.00029263,0.00047739,0.00049812,0.0018892,0.002378,0.0021426,0.0013169,0.0012062,0.0015059,0.0020851,0.0018235,0.0014715,0.0020704,0.0022229,0.0041538,0.0025775,0.0018269,0.0074534,0.019611,0.024093,0.025934,0.011541,0.00301,0.0091027,0.0098159,0.0060167,0.0046268,0.0034957,0.0022914,0.0025325,0.0034338,0.0026775,0.0019286,0.0020928,0.0022915,0.0025096,0.0019391,0.0019187,0.001615,0.00098135,0.0015787,0.001012,0.00029551,0.00078387,0.0013733,0.0016284,0.0017397,0.0018289,0.0041339,0.0038473,0.0050057,0.0035036,0.0036714,0.0048857,0.0035656,0.0014583,0.0036804,0.003355,0.00053402,0.0010015,0.0027868,0.0039295,0.0053831,0.0055889,0.0047925,0.0074323,0.0063679,0.0027538,0.0047572,0.0086054,0.006065,0.0050812,0.0077811,0.0083344,0.0093103,0.010886,0.01708,0.019971,0.013003,0.042588,0.05776,0.047693,0.016731,0.043874,0.030213,0.019439,0.011197,0.0057662,0.0037268,0.0051906,0.0073477,0.0043764,0.0036977,0.0038781,0.0033523,0.0026862,0.0042297,0.0029765,0.0025327,0.0069047,0.0080829,0.0041933,0.0014666,0.00082737,0.00015428,0.0027977,0.0036217,0.0027207,0.00051608,0.0036417,0.0045147,0.0035292,0.0025176,0.0051324,0.0032645,0.0030518,0.002314,0.0016261,0.00090622,0.0024192,0.0024738,0.0021124,0.0026594,0.0031945,0.0034109,0.0031165,0.0028509,0.0025713,0.0027698,0.002145,0.0019958,0.0033357,0.0050653,0.0058808,0.0061916,0.0065599,0.0072061,0.0081224,0.0068454,0.0040913,0.010892,0.016957,0.016552,0.015957,0.031628,0.054976,0.058026,0.043016,0.058129,0.019062,0.021995,0.020831,0.022984,0.012274,0.0079619,0.0090961,0.010828,0.0087882,0.0054229,0.0046729,0.0031678,0.0034483,0.0036387,0.0026585,0.0030622,0.0032753,0.0030289,0.003643,0.0042159,0.0036331,0.0035895,0.0037796,0.0034609,0.0032432,0.0023414,0.00096158,0.00017206,0.0034818,0.0031887
0.0022847,0.0014463,0.00064024,0.00091936,0.0011068,0.00034634,0.00087002,0.0013422,0.0020384,0.0029517,0.0031899,0.0032084,0.0022397,0.0018657,0.0031276,0.0023167,0.0022261,0.0011522,0.0037776,0.0023201,0.0019815,0.0020122,0.0028528,0.0049122,0.0024074,0.0015582,0.0020864,0.0017005,0.0003646,0.001685,0.0018634,0.0016591,0.0013485,0.0035022,0.012361,0.019148,0.017761,0.012097,0.0028331,0.0010793,0.00074945,0.00082891,0.0031475,0.0046953,0.0039651,0.002986,0.0033103,0.0038459,0.0029314,0.0015847,0.001318,0.0027811,0.00090737,0.002828,0.0044823,0.0024557,0.0022427,0.0042665,0.0018023,0.0021744,0.0015451,0.00083923,0.00088693,0.00093597,0.0021634,0.0020781,0.0023727,0.0051684,0.0066742,0.004807,0.0028123,0.0032261,0.0041617,0.0035129,0.0030783,0.00088428,0.0028324,0.0020449,0.0025254,0.0029591,0.00060889,0.0020556,0.0055727,0.0053985,0.0027366,0.0021468,0.0023207,0.00069522,0.0026114,0.0026835,0.0031208,0.0016627,0.0021111,0.0014429,0.0018867,0.0019515,0.002587,0.0037981,0.0065701,0.011078,0.015535,0.0064174,0.015346,0.011906,0.0037827,0.0030032,0.0021862,0.0035444,0.0043441,0.0032319,0.0030822,0.0031934,0.0018982,0.0024888,0.0027205,0.0015289,0.0017913,0.0046042,0.0045574,0.00067834,0.0032743,0.0017007,0.0023533,0.0012078,0.0025928,0.0025432,0.0012112,0.00038385,0.0017549,0.0026393,0.0010198,0.00046327,0.00096971,0.0014323,0.0016391,0.00047294,0.0020995,0.0019278,0.00082209,0.00042369,0.0013706,0.0012977,0.0010216,0.0014926,0.0012597,0.00066772,0.00071895,0.00095973,0.0016844,0.0017058,0.0012047,0.00029538,0.00068343,0.00094131,0.0013892,0.0019197,0.0037063,0.0097463,0.0081511,0.0031634,0.0015645,0.0016515,0.0025932,0.002601,0.0015667,0.0027179,0.011636,0.019073,0.0065889,0.0004751,0.00053744,0.00061667,0.00050829,0.0013203,0.00077385,0.00023958,0.00094209,0.0020449,0.0011209,0.00050122,0.0010758,0.00087131,0.00056056,0.0010499,0.00091378,0.0012075,0.001466,0.00094961,0.0014428,0.00087864,0.0007392,0.00010183,0.0012524,0.0012725,0.00039434,0.00087728,0.0013335,0.00021041,0.00011005,0.00049615,0.00036856,0.00028252,0.00026272,0.00057547,0.00028589,0.00043555,0.0003569,0.00025794,0.00035187,0.00027672,0.00046492,0.00037744,0.00098833,0.0012445,0.00089552,0.0007747,0.00034514,0.00073724,0.00056638,0.00045481,0.0012047,0.0015937,0.0054809,0.0070482,0.00097611,0.0031625,0.0011352,0.0026529,0.0076758,0.018188,0.05018,0.051215,0.024269,0.0071428,0.0034851,0.00040726,0.0014336,0.0015205,0.00062652,0.00049322,0.00015079,0.00031867,0.00058887,0.00061882,0.00080523,0.0010352,0.00063416,0.0005004,0.00025064,0.00010263,0.00080446,8.4973e-05,0.00095887,0.00059614,0.00029792,0.00065267,0.00020907,0.00072745,0.00016831,0.00069948,0.00087777,0.0019628,0.00075199,0.0019369,0.0014078,0.00090722,0.00062114,0.0010527,0.00094125,0.00041598,0.0003846,0.0010515,0.00092393,0.0010758,0.0023235,0.0043459,0.0035419,0.00073297,0.0015849,0.00057979,0.002833,0.0011582,0.0039244,0.0044394,0.0017525,0.005214,0.010016,0.050956,0.063533,0.022327,0.005885,0.0035953,0.0014292,0.0024866,0.025829,0.035212,0.01584,0.0029593,0.0021579,0.0012225,0.0017033,0.0022361,0.0015912,0.0013631,0.00046221,0.00060467,0.00087919,0.00077657,0.00072671,0.0006631,0.0012155,0.0019134,0.00032328,0.00076442,0.00033816,0.0013514,0.0017882,0.0021481,0.0021155,0.0020347,0.0026782,0.0021366,0.0012366,0.00053978,0.0002875,0.0018784,0.0020673,0.0011553,0.00067029,0.00056596,0.00061359,0.00053563,0.00077423,0.00041774,0.00028819,0.00067073,0.00027766,0.00045245,0.00074189,0.00084601,0.00063268,0.0011819,0.00099477,0.00061634,0.00079057,0.001106,0.0014515,0.0010808,0.00096775,0.00093924,0.0014776,0.0040641,0.0156,0.015155,0.0028807,0.0015301,0.00058477,0.0003093,0.00011462,0.0015546,0.0049983,0.0027456,0.0028995,0.002228,0.00065474,0.0014185,0.0011049,0.00075962,0.00063237,0.0013384,0.0011233,0.0011781,0.00071917,0.0011624,0.000815,0.00069026,0.00042121,0.00021358,0.00078191,0.0014682,0.00090627,0.0012698,0.0019878,0.0020038,0.0013851,0.0024262,0.0020825,0.0023933,0.0015873,0.0010834,0.0015324,0.0022046,0.0024788,0.0023982,0.0015469,0.00064274,0.00058247,0.001099,0.001334,0.00098939,0.00084013,0.0013177,0.00053914,0.0010815,0.0017713,0.0021414,0.0020803,0.0017884,0.0015718,0.00062828,0.00028037,0.00039824,0.00033244,0.00087684,0.0022898,0.0035579,0.001472,0.0096873,0.010909,0.0070699,0.0088824,0.0081939,0.0067286,0.020754,0.023312,0.034726,0.030948,0.021364,0.0096243,0.0059231,0.0052826,0.00445,0.0027113,0.0028705,0.0026225,0.0022553,0.0019667,0.0015646,0.0019903,0.0024312,0.00095736,0.00096334,0.0010348,0.00093886,0.0023469,0.0013604,0.00053279,0.001188,0.0018241,0.0012964,0.00066606,0.0010839,0.0030454,0.0031076,0.0013463,0.001044,0.0021254,0.00033539,0.0028257,0.0037011,0.0061456,0.010597,0.012663,0.010553,0.0027825,0.0025079,0.0058437,0.0085485,0.0056775,0.0036254,0.0051682,0.0041233,0.0049006,0.005856,0.0062993,0.0059184,0.0059738,0.0046691,0.0018882,0.0050367,0.0057316,0.0065556,0.003947,0.0042875,0.013316,0.021187,0.011351,0.014313,0.069245,0.089879,0.1155,0.089242,0.04776,0.021448,0.018313,0.013835,0.0089505,0.0076223,0.010891,0.00971,0.0077577,0.0058426,0.009136,0.0090375,0.0057788,0.0048872,0.0058208,0.0083479,0.0051793,0.0021098,0.0053214,0.007061,0.0048706,0.0045627,0.0035807,0.0040295,0.0085563,0.0075634,0.0038242,0.0039925,0.00090519,0.00096934,0.0060657,0.0089677,0.0061615,0.0024531,0.0017725,0.0029719,0.0024825,0.0022113,0.0021621,0.0023655,0.001958,0.0028078,0.0035048,0.0035331,0.0038429,0.0029555,0.0035586,0.003722,0.0041803,0.0052612,0.0044829,0.0046839,0.0075172,0.0068262,0.0029601,0.0049304,0.006409,0.0076268,0.013239,0.017761,0.0082562,0.045924,0.082776,0.084649,0.09111,0.057156,0.030141,0.013991,0.010227,0.012602,0.0083261,0.0066411,0.0047361,0.0032215,0.0029324,0.0035909,0.0041807,0.0040338,0.00226,0.0042241,0.0048079,0.0017556,0.0028503,0.0043419,0.0023762,0.0022941,0.0017217,0.0017189,0.0036981,0.0039776,0.0037936,0.0014498,0.0038847,0.00071649,0.0016044,0.00046499,0.00033569,0.0019846,0.001254,0.00098548,0.00024641,0.001295,0.0012731,0.0018037,0.003392,0.0028094,0.00066342,0.0008715,0.0024035,0.0036803,0.0039151,0.0020201,0.0027828,0.0041201,0.004467,0.0037466,0.003489,0.0034029,0.0032764,0.0035416,0.0025089,0.0046431,0.0026921,0.002517,0.0012473,0.0018375,0.0030815,0.0025093,0.022763,0.028933,0.023736,0.012284,0.00493,0.0057156,0.0038915,0.0043741,0.0050864,0.0033643,0.0028204,0.0013699,0.00030574,0.00056102,0.0011937,0.00071131,0.0011685,0.00084422,0.0019113,0.0013986,0.003173,0.0012526,0.0013832,0.0025992,0.0011161,0.0016328,0.002575,0.0028013,0.0031947,0.0017103,0.0013715,0.0020766,0.0018766,0.00088975,0.00062055,0.0014554,0.0027677,0.0036375,0.0021986,0.0023455,0.0022327,0.0039107,0.00059054,0.0019723,0.0017786,0.0014307,0.00050913,0.0008344,0.0029867,0.0028638,0.0010345,0.0016167,0.0014527,0.00041336,0.0011504,0.0021592,0.0017597,0.0037485,0.0055972,0.0045611,0.00042397,0.0042504,0.0045854,0.0047297,0.0027738,0.0057459,0.0032028,0.0029489,0.0025622,0.0015032,0.0013039,0.001369,0.0031827,0.0019234,0.00057797,0.0018467,0.002313,0.0010248,0.0015695,0.0022753,0.0032059,0.0029037,0.0032064,0.0022018,0.001199,0.00096026,0.0034914,0.0034565,0.0045988,0.0051876,0.0029011,0.0017393,0.00092528,0.0032429,0.0054411,0.0020082,0.0026167,0.0019507,0.0018994,0.0010646,0.00093206,0.00058608,0.0011356,0.0015682,0.00071069,0.0017698,0.0016268,0.00092948,0.00091588,0.0012074,0.00089845,0.00098729,0.00066913,0.0010355,0.0031765,0.00089697,0.0018602,0.0016681,0.0015494,0.0015662,0.00036338,0.0075612,0.017962,0.020478,0.01146,0.0062364,0.0014973,0.0073016,0.016518,0.049629,0.10725,0.070168,0.022784,0.012492,0.0035142,0.00029688,0.0084011,0.01237,0.013366,0.0060475,0.0041539,0.0013654,0.0022777,0.0033156,0.0016221,0.0026488,0.0029627,0.0032306,0.0020757,0.0010722,0.00071385,0.0022451,0.0013535,0.002587,0.0015443,0.0019207,0.0039763,0.0040505,0.0039998,0.0012439
0.0013928,0.0013107,0.001158,0.00055201,0.0014584,0.0016723,0.0022846,0.0007595,0.0012371,0.001802,0.0011684,0.002455,0.0030744,0.0029962,0.0030399,0.0019888,0.0012456,0.0018771,0.0022353,0.0013228,0.0031828,0.0022853,0.0012478,0.00034265,0.0020183,0.0012992,0.00051991,0.00086026,0.0008549,0.0022941,0.0041031,0.0042846,0.002494,0.0046954,0.015286,0.010807,0.0064592,0.008159,0.0090788,0.0032497,0.000707,0.0011214,0.0018089,0.0022074,0.0029044,0.0015956,0.001815,0.0003047,0.0017947,0.0011377,0.00083349,0.0017714,0.00089124,0.0037764,0.003699,0.004091,0.001638,0.00065737,0.0016357,0.00043421,0.00031751,0.0012052,0.0018114,0.0024752,0.00056889,0.004213,0.0018798,0.0010508,0.0016141,0.00070379,0.0016438,0.0022473,0.0011125,0.001629,0.0015415,0.001477,0.0022539,0.00019534,0.0027733,0.0022407,0.0031416,0.0023956,0.00076999,0.0020952,0.0026737,0.0015767,0.0013621,0.0010118,0.00063516,0.0023735,0.0030538,0.0033847,0.0019624,0.0055796,0.0047861,0.0030223,0.0032832,0.0028948,0.0041215,0.0051173,0.0095415,0.0094862,0.010082,0.0087917,0.0027491,0.00072331,0.00085697,0.0032645,0.0042801,0.0017414,0.00080007,0.0013261,0.0035077,0.0031803,0.0017722,0.0010787,0.0016857,0.0020202,0.0015888,0.0017044,0.0018742,0.0016995,0.0019016,0.00094678,0.0018244,0.00086074,0.00087404,0.0013705,0.0023639,0.0018934,0.00027316,0.0011058,0.0016891,0.0012509,0.00076528,0.0018699,0.0023843,0.0023532,0.0020406,0.001957,0.0014416,0.00047789,0.0013637,0.0016257,0.00055782,0.00066096,0.00068266,0.00061878,0.001319,0.00069657,0.00041929,0.00056339,0.0017836,0.0018497,0.00063658,0.0010635,0.00067756,0.0029643,0.0076294,0.0054248,0.0021706,0.0017367,0.0015716,0.0074871,0.013465,0.017246,0.019777,0.014274,0.011454,0.0031756,0.0010671,0.00080751,0.0014277,0.00090664,0.0010449,0.0015941,0.00010501,0.00045325,0.0010187,0.0015831,0.0010442,0.00046581,0.0019356,0.001909,0.00058721,0.0011161,0.00055428,0.0016999,0.0012758,0.0018923,0.00085673,0.00084833,0.0010641,0.0017985,0.0026508,0.0013995,0.00095534,0.00057629,0.00057428,0.00019551,0.00056273,0.00039109,0.00062418,0.00049871,0.00024041,5.9506e-05,0.00036695,6.3149e-05,0.00050244,0.0014194,0.00084806,0.00061613,0.00040807,0.00041585,0.00065369,0.0003286,0.0006008,0.00029412,0.00029741,0.00044784,0.00033139,0.00086218,0.00083256,0.0055932,0.0064631,0.0017118,0.0029025,0.00023259,0.0022637,0.0066426,0.0041082,0.0083723,0.030974,0.055433,0.025334,0.0046167,0.003044,0.00093944,0.0016467,0.0013797,0.00068433,0.00046288,0.0010595,0.00056761,0.00028864,0.00053558,0.00022059,0.00038331,0.00099989,0.0007849,0.00057693,0.00077257,0.00056849,0.00038347,0.00099495,0.0008095,0.00080573,0.0042358,0.0099261,0.0055951,0.0014963,0.0019996,0.0023115,0.0015034,0.0017089,0.0017637,0.00092165,0.00093605,0.0004154,0.0014032,0.0012038,0.0015934,0.0018123,0.0010122,0.0022676,0.0015907,0.0011939,0.0010032,0.001874,0.0011033,0.0020722,0.0014322,0.00097876,0.0011226,0.0029469,0.0023239,0.005356,0.013892,0.055615,0.055218,0.012739,0.0045451,0.0094871,0.0071768,0.041309,0.036479,0.010315,0.0038737,0.0063993,0.0025968,0.00062891,0.00121,0.00035433,0.00016336,0.0015959,0.0022027,0.0019402,0.00094508,0.0016489,0.0005556,0.00064329,0.00094133,0.00050932,0.0005393,0.000819,0.0009055,0.00066919,0.00028083,0.0010878,0.00056641,0.00062546,0.00037811,0.0014189,0.0035056,0.0029882,0.0022582,0.0014561,0.00099897,0.0014758,0.001229,0.0015245,0.0013249,0.0006922,0.00017097,0.00087049,0.0015249,0.0012399,0.00050238,0.0011114,0.00074018,0.0010569,0.00094177,0.00099206,0.00067291,0.00076558,0.00022708,0.0012301,0.0030646,0.001793,0.0005913,0.0021614,0.0015908,0.0060621,0.017231,0.013537,0.0017549,0.0019975,0.0029834,0.0019916,0.0032734,0.0047362,0.0046242,0.0073639,0.0087612,0.0044155,0.00086817,0.0019786,0.0014132,0.00068692,0.00081692,0.00053917,0.00079373,0.00073881,0.00031844,0.00047507,0.00084557,0.0010528,0.0010406,0.0012087,0.0012068,7.4281e-05,0.00064446,0.0012635,0.0012199,0.0012867,0.001998,0.0025053,0.0010856,0.0014817,0.0013339,0.0017373,0.0017912,0.00085148,0.00068938,0.0013614,0.00054129,0.0016792,0.0017177,0.0014626,0.00088407,0.0015514,0.0024471,0.0015414,0.0018513,0.0017205,0.0002307,0.0012723,0.0013377,0.001447,0.00078561,0.0018269,0.0013248,0.0019427,0.0014141,0.0010479,0.0011138,0.0020445,0.0026853,0.0012812,0.0018107,0.0012193,0.0023815,0.00073764,0.00019866,0.0069281,0.0059565,0.0067543,0.0077419,0.011584,0.0055689,0.0031676,0.0024793,0.0024254,0.0024766,0.0024194,0.0023842,0.0013561,0.0032636,0.0018587,0.00074635,0.0017017,0.0019956,0.0025669,0.00086556,0.0025134,0.0034172,0.0020419,0.0011138,0.0010668,0.00069627,0.0012937,0.001792,0.00038941,0.0019266,0.0031207,0.0076764,0.0045514,0.0040461,0.0031312,0.0018617,0.0083496,0.0033209,0.0052862,0.0020473,0.0033226,0.0025308,0.0033976,0.0044759,0.0087109,0.012427,0.0046473,0.011583,0.011892,0.0058441,0.011792,0.0066773,0.0062345,0.010187,0.0058409,0.0083116,0.011675,0.0080436,0.0095796,0.017031,0.012415,0.0015583,0.0083008,0.0054712,0.0091174,0.020008,0.027998,0.029658,0.036143,0.068776,0.036719,0.016548,0.01375,0.0077355,0.0041299,0.0077896,0.0077125,0.0046757,0.0053285,0.0075449,0.0011385,0.0024361,0.0032148,0.0080556,0.0080365,0.006312,0.0054001,0.0081858,0.011846,0.0082386,0.0011759,0.007964,0.0095848,0.010932,0.0086032,0.0046372,0.0016801,0.0024132,0.0025668,0.0022911,0.0025002,0.0025358,0.00091898,0.0034836,0.0058645,0.0023221,0.012504,0.01512,0.0081598,0.0054109,0.0048542,0.0048651,0.0064279,0.0020552,0.0030574,0.0021791,0.0022205,0.0056986,0.0052637,0.0039761,0.0056056,0.0061723,0.0043185,0.0042029,0.0064966,0.0080898,0.0087944,0.010491,0.017441,0.012672,0.010751,0.036675,0.049945,0.057518,0.12434,0.066597,0.027696,0.01977,0.010233,0.011117,0.0095468,0.0027803,0.0040823,0.0063566,0.0060727,0.0057032,0.0060961,0.0057265,0.0068927,0.0056699,0.0074019,0.0094935,0.0070409,0.0013185,0.0045285,0.0034452,0.0069861,0.0024135,0.0046559,0.0094507,0.0086885,0.0015801,0.0020517,0.0016194,0.00092267,0.0010221,0.0010663,0.0012846,0.0019616,0.0017818,0.0023311,0.0030676,0.0013076,0.0010448,0.0019426,0.0035272,0.0033706,0.0013126,0.00053134,0.00084566,0.0019811,0.0023134,0.0016806,0.0010229,0.0013337,0.0014761,0.00045614,0.00061001,0.0014114,0.0013043,0.0015257,0.0029165,0.0017612,0.0014423,0.0083339,0.017216,0.016804,0.0049299,0.024538,0.018456,0.0086067,0.013021,0.0054362,0.0017792,0.0022977,0.0017903,0.0019453,0.0015619,0.0012124,0.0017743,0.0019023,0.0013077,0.0012171,0.0011212,0.00092983,0.0024796,0.0024525,0.0018533,0.00087212,0.0016111,0.0019103,0.0016564,0.0029768,0.0047921,0.0025439,0.0078545,0.0052662,0.0053498,0.0029957,0.0022112,0.0010097,0.00015825,0.0017197,0.0030752,0.0046481,0.0045347,0.0024803,0.0017756,0.001172,0.0023254,0.0025637,0.0030579,0.0015425,0.00055285,0.0015076,0.0021792,0.0026376,0.0011998,0.0024539,0.0015009,0.0011778,0.001196,0.0044058,0.00609,0.0074391,0.0066218,0.0049866,0.0038738,0.0042943,0.0078047,0.020446,0.0068541,0.004799,0.00034793,0.00076138,0.0031448,0.0019158,0.00040412,0.0019198,0.0046663,0.0052984,0.0030529,0.0015023,0.003274,0.0023375,0.0025773,0.0033443,0.0024295,0.0012995,8.758e-05,0.0018708,0.0031181,0.0018364,0.0026781,0.0017911,0.0012339,0.0014926,0.0023173,0.0024367,0.0013548,0.00045896,0.0026654,0.0017254,0.0025273,0.0032021,0.0029631,0.0031089,0.0032975,0.0020894,0.00093293,0.0010812,0.0011189,0.001827,0.0022091,0.0018644,0.0024637,0.0026853,0.0033618,0.0045384,0.0036721,0.003359,0.0044419,0.0036145,0.0038532,0.0044228,0.0034987,0.0051175,0.0065237,0.019005,0.026361,0.014361,0.020393,0.022733,0.013212,0.053459,0.092816,0.031908,0.04008,0.038169,0.030356,0.025135,0.023343,0.020407,0.013729,0.0081713,0.0071529,0.0025212,0.0052739,0.0058486,0.0043598,0.0045041,0.0027444,0.0036647,0.0037841,0.0022943,0.0024901,0.00066735,0.0016799,0.0025185,0.0019534,0.0033628,0.0038423,0.0038316,0.0063758,0.0040698,0.0031977
0.0015978,0.0022741,0.0015245,0.00040766,0.0015377,0.0023189,0.0014606,0.00045227,0.0026965,0.0026091,0.00048247,0.0006324,0.0012581,0.0010909,0.00017836,0.0015497,0.0024728,0.0022476,0.0020811,0.0010466,0.00071981,0.00090008,0.0010378,0.0023365,0.00084109,0.00081283,0.00065965,0.0012905,0.00088151,0.0040397,0.0047453,0.0084835,0.0058273,0.0086201,0.0045066,0.0044005,0.0076522,0.0049526,0.0056655,0.0033082,0.00044298,0.0034331,0.0046303,0.0036429,0.0025315,0.0017027,0.00016735,0.00094474,0.0016355,0.0021769,0.0003507,0.0017877,0.0019404,0.0048935,0.004967,0.0027543,0.0015788,0.00098492,0.0011725,0.002346,0.0030777,0.0030424,0.0019593,0.00052072,0.00072967,0.0031795,0.0013628,0.0010244,0.00044266,0.00083548,0.0010147,0.001439,0.00058563,0.0015053,0.0027253,0.0023499,0.0014585,0.00097259,0.0012448,0.0013397,0.0010115,0.0019678,0.0013155,0.00040898,0.00094018,0.00071105,0.0033468,0.0049962,0.0043973,0.0022708,0.0032608,0.005267,0.008561,0.0083243,0.005817,0.0037644,0.0044992,0.011839,0.019388,0.014621,0.0036598,0.0054353,0.011003,0.015972,0.0099404,0.0064097,0.0030059,0.0031662,0.0045546,0.003342,0.0029176,0.0020189,0.00048251,0.0019261,0.0027866,0.0024336,0.0024798,0.0018913,0.0010663,0.00085165,0.0012801,0.00038067,0.0013014,0.00050432,0.0012799,0.0019318,0.0029103,0.0026338,0.0017511,0.0036287,0.0011321,0.0022322,0.0014437,0.0012816,0.0011001,0.0014452,0.00075432,0.00055913,0.00040791,0.00045363,0.0011209,0.001289,0.0006229,0.00056332,0.00093214,0.00090311,0.00072659,0.0010786,0.00084941,0.0010832,0.0012114,0.0019058,0.0022314,0.002106,0.0028395,0.0035885,0.0044425,0.0077145,0.0086526,0.0027535,0.001862,0.0059369,0.013487,0.02644,0.023073,0.0097615,0.0018432,0.0066647,0.0090136,0.0052244,0.0042883,0.0022733,0.00050462,0.0016837,0.00076765,0.00038209,0.00097736,0.0023106,0.0019059,0.0006332,0.0011169,0.0014037,0.00070283,0.00037672,0.00075206,0.00090785,0.0010187,0.00091871,0.0015427,0.0022972,0.0018606,0.00035568,0.00055297,0.00089341,0.00099128,0.00043457,0.00077734,0.00076682,0.00056169,0.0005746,0.00059297,0.00027261,0.00014418,0.00049258,0.00072128,0.0002291,0.00023823,0.00036357,0.00084516,0.0010764,0.00085888,0.0017673,0.0007093,0.00068708,0.00078666,0.00041352,0.00082362,0.0001224,0.0011534,0.0014811,0.0019718,0.0027101,0.0058567,0.0041408,0.0041523,0.0046905,0.00083546,0.0038995,0.015093,0.015527,0.012597,0.025756,0.031399,0.038486,0.034145,0.022758,0.017527,0.0078539,0.0056672,0.0019797,0.0014788,0.0023209,0.0001063,0.00073583,0.0010593,0.00061534,0.00087252,0.00099097,0.00064016,0.00062576,0.0014026,0.00096277,0.0023292,0.0024645,0.0043613,0.0043876,0.0057466,0.0020762,0.0049394,0.0072361,0.00028376,0.0012576,0.001783,0.0010238,0.00046622,0.00057464,0.00037812,0.0016894,0.0018382,0.0012801,0.001111,0.00065052,0.0009346,0.0012056,0.0017103,0.00080724,0.00087243,0.0022828,0.0035289,0.0039307,0.0026875,0.0015124,0.0019245,0.0082949,0.012265,0.0201,0.026768,0.057762,0.042302,0.028427,0.017593,0.012622,0.01387,0.048741,0.040245,0.017158,0.004763,0.0078475,0.0040751,0.0017112,0.0011201,0.002591,0.0014763,0.00043414,0.00030896,0.00018964,5.7228e-05,0.00087307,0.0011984,0.00095401,0.0013053,0.00054639,0.0011426,0.0019397,0.0017191,0.00071834,0.0016559,0.0024909,0.003322,0.0017894,0.0023152,0.0023459,0.00095456,0.0020798,0.0033693,0.0020777,0.00041272,0.0012083,0.0009305,0.00066344,0.00044452,0.0013712,0.000512,0.0011123,0.0007475,0.00033554,0.0006597,0.00056149,0.0014113,0.0019132,0.0016818,0.001269,0.00070751,0.001751,0.0022042,0.0014887,0.00056225,7.6578e-05,0.0023025,0.0038445,0.0027851,0.0033995,0.010864,0.014399,0.0095703,0.0048279,0.0046899,0.0027067,0.004929,0.0074841,0.00081784,0.0035747,0.0032858,0.0034214,0.0023641,0.0025695,0.0041256,0.0024615,0.001374,0.0010536,0.00084941,0.0010598,0.0014299,0.00069033,0.0014502,0.0017046,0.0015758,0.0011837,0.00075618,0.0011113,0.0011101,0.00047817,0.0014287,0.0020429,0.001619,0.0008657,0.0023573,0.0013254,0.0024781,0.004052,0.0027236,0.0014088,0.00080092,0.0010556,0.0023586,0.0026644,0.0021627,0.002228,0.0040667,0.0044144,0.0021468,0.00044983,0.0018873,0.0018978,0.00066296,0.00088381,0.0018154,0.0029143,0.0026107,0.0020123,0.0025967,0.0021933,0.001382,0.0018004,0.0021256,0.0025494,0.0031422,0.004247,0.004633,0.0056347,0.0051998,0.0057855,0.0034502,0.0028731,0.002753,0.0043885,0.0089516,0.0088434,0.0099273,0.0058081,0.0028748,0.0046611,0.0059716,0.0041183,0.0032147,0.0015416,0.00068418,0.0019265,0.002513,0.0020389,0.00072159,0.000455,0.0013913,0.0033704,0.0037494,0.0011796,0.0019598,0.0026144,0.0037381,0.0027399,0.00031964,0.0015656,0.0016802,0.0010672,0.0025002,0.0027848,6.1173e-05,0.0023542,0.0034012,0.0054679,0.0037262,0.0047034,0.0017347,0.0037444,0.0070047,0.010283,0.0067353,0.0020291,0.001041,0.00544,0.0016483,0.0054488,0.0057189,0.0025073,0.0020086,0.0027976,0.0034057,0.004546,0.012103,0.014376,0.0087225,0.0059155,0.01041,0.011724,0.0094559,0.011161,0.014755,0.0073371,0.0043744,0.011331,0.030462,0.029552,0.016241,0.077372,0.07534,0.05212,0.028455,0.016899,0.01081,0.010522,0.013146,0.017103,0.017096,0.011558,0.0099219,0.0088279,0.0033055,0.013893,0.011284,0.006367,0.0079369,0.0092933,0.0090436,0.0058861,0.0028969,0.0015382,0.0031682,0.00068561,0.0015019,0.0010506,0.0046396,0.0031758,0.00044809,0.001961,0.0018337,0.0048119,0.0055153,0.0076121,0.011736,0.0094392,0.0045636,0.009696,0.01475,0.0098039,0.0070505,0.0075513,0.0031594,0.010123,0.01359,0.013813,0.0086377,0.004534,0.0086854,0.011271,0.0085478,0.0047983,0.0057072,0.0092412,0.011469,0.010878,0.014667,0.01737,0.021659,0.030758,0.041686,0.039173,0.03003,0.044918,0.10385,0.084023,0.060574,0.01726,0.0097365,0.013567,0.014168,0.0103,0.0057527,0.0046078,0.0024895,0.0031435,0.002083,0.002578,0.002178,0.00058236,0.0015043,0.00084266,0.0054866,0.0052357,0.0034826,0.0052582,0.0071554,0.011785,0.019127,0.021403,0.013286,0.0013037,0.00081883,0.0005459,0.00077227,0.0016186,0.0018616,0.0013238,0.0010104,0.00088725,0.00052332,0.00051345,0.00055142,0.0014379,0.0013003,0.00032366,0.00060785,0.00090196,0.0001641,0.0014752,0.00081159,0.00095076,0.00080958,0.001877,0.0014834,0.0013732,0.00080799,0.0034085,0.0055167,0.0024433,0.0011069,0.0017603,0.004152,0.0046191,0.0055493,0.0089366,0.0066537,0.018391,0.020811,0.020009,0.021039,0.015045,0.013952,0.0060655,0.0037732,0.0030452,0.0017031,0.00086261,0.0011835,0.00016814,0.00047164,0.00071145,0.001209,0.0007325,0.00054868,0.00083752,0.0018353,0.0014365,0.0010346,0.0027813,0.0042382,0.0043756,0.0020246,0.0044917,0.0058883,0.0042322,0.0037739,0.0037012,0.0029856,0.0014021,0.0018755,0.002474,0.0030903,0.0027359,0.0028626,0.0036509,0.0043449,0.0042199,0.0030074,0.0018995,0.0023652,0.0021602,0.0022466,0.0032758,0.0044251,0.0039029,0.0019255,0.0036522,0.0056662,0.0033782,0.00095399,0.0071724,0.0071629,0.0061091,0.0079519,0.014661,0.0062001,0.023469,0.019799,0.036979,0.033636,0.010442,0.0029355,0.0046231,0.0086581,0.0060649,0.0026588,0.0049845,0.0052638,0.0038451,0.0034456,0.0039161,0.003203,0.0017877,0.0050171,0.0012059,0.0040935,0.0030964,0.0016151,0.00084227,0.0017708,0.0016489,0.0036809,0.00093425,0.0017862,0.0025326,0.00327,0.0013587,0.0012856,0.0011155,0.0013126,0.00057489,0.00045164,0.0022312,0.0015417,0.0016343,0.0021629,0.0024633,0.0019437,0.0020967,0.0029503,0.0021197,0.0011623,0.001854,0.0030324,0.0010345,0.0022916,0.0030989,0.0020564,0.0030369,0.0047853,0.0033096,0.0057748,0.0020388,0.0059582,0.0035906,0.011648,0.011627,0.015967,0.0089112,0.022871,0.018685,0.020096,0.035733,0.087308,0.077327,0.053,0.021192,0.010308,0.020192,0.030458,0.0099916,0.0047687,0.0019319,0.010198,0.0041521,0.0074888,0.0022642,0.0039384,0.0043633,0.0057488,0.0022157,0.0030733,0.0014481,0.0028906,0.00060048,0.0032345,0.0019484,0.002251,0.0012956,0.0018112,0.0018058,0.0026875,0.0020993,0.0014282,0.00053198
0.00041181,0.0013845,0.0018321,0.0020675,0.0008594,0.0016161,0.0023531,0.0019596,0.0011227,0.00075916,0.00087014,0.0017723,0.000252,0.0020408,0.0021186,0.0013145,8.6074e-05,0.0014379,0.0030712,0.0025652,0.0039215,0.0049144,0.0041763,0.0030953,0.0013085,0.0021228,0.0034895,0.002328,0.0010504,0.0020262,0.00084801,0.0011515,0.0029219,0.0089163,0.013471,0.0059294,0.0075461,0.0058274,6.8283e-05,0.0020771,0.0013903,0.0023101,0.0035518,0.0027474,0.00098983,0.0010421,0.0022839,0.0015467,0.0021842,0.00058162,0.0013439,0.00080856,0.00065798,0.0019168,0.0038016,0.0048639,0.0022603,0.001259,0.0020395,0.0016487,0.0001067,0.00078191,0.0009149,0.0017996,0.0018543,0.0054108,0.0035646,0.0024527,0.0028488,0.0018446,0.0024784,0.0019576,0.0005488,0.0021502,0.00099187,0.0024787,0.0046565,0.0041923,0.0034826,0.0032898,0.00060451,0.0039286,0.0013578,0.0032704,0.0039441,0.0054368,0.0050972,0.00037008,0.0030471,0.0049863,0.0027298,0.0030966,0.0044349,0.0028472,0.0032154,0.0041937,0.00088073,0.0054987,0.005651,0.0019957,0.009482,0.021021,0.018009,0.0052901,0.0022858,0.0044823,0.004115,0.0041346,0.0014895,0.0014799,0.0016943,0.0014715,0.0046465,0.00252,0.0016219,0.00034941,0.0023102,0.00068225,0.0031619,0.0046101,0.0039973,0.0030517,0.0015414,0.0039717,0.0042862,0.0024892,0.0022473,0.0040993,0.0032796,0.0022036,0.00018857,0.0013358,0.00024175,0.0011969,0.00068632,0.0021887,0.0028809,0.0015049,0.0011289,0.0010245,0.00086817,0.00072343,0.0012722,0.00062605,0.0017116,0.0016203,0.00026484,0.0010124,0.0012787,0.0017578,0.0024826,0.0014306,0.00062862,0.0019149,0.0016179,0.0016497,0.0014758,0.001102,0.0053515,0.0056356,0.00097264,0.0017362,0.00082442,0.0063549,0.0092448,0.015649,0.028274,0.021942,0.0064724,0.00066462,0.00075615,0.0018623,0.0014563,0.00020121,0.0012788,0.0018306,0.0020778,0.001493,0.0013217,0.0012152,0.00039239,0.00062064,0.00029934,0.0016165,0.001169,0.00012285,0.0012243,0.001611,0.00062332,0.00080264,0.00094786,0.00093441,0.0013228,0.00059688,0.0025131,0.00077905,0.0011112,0.00098929,0.00043504,0.00059079,0.00027081,0.00049464,0.00041152,0.0010027,0.00061086,0.00077279,0.00054199,0.00026957,0.001832,0.0018181,0.00021346,0.00047099,0.00053636,0.00083807,0.0013219,0.00060586,0.00062764,0.0011564,0.00059111,0.00039749,0.001121,0.0015218,0.0015687,0.0047762,0.005818,0.0038674,0.00075668,0.0035947,0.0060957,0.0014618,0.012931,0.046937,0.035924,0.0044621,0.0051047,0.0036929,0.0034065,0.00095931,0.0013895,0.00094507,0.00080353,0.0012747,0.00079242,0.00084451,0.0012924,0.00059896,0.00072076,0.00044034,0.00068322,0.00057589,0.0002395,0.00043588,0.00037647,0.0017188,0.0015583,0.00073769,0.0010993,0.0012649,0.001566,0.0035367,0.0019574,0.0012827,0.0010335,0.0021202,0.0017466,0.0022559,0.0023406,0.0010729,0.00059993,0.00014392,0.00096386,0.0011014,0.00032474,0.00092438,0.0025829,0.0041332,0.0014095,0.0016559,0.00031903,0.001511,0.0017675,0.0022451,0.00068856,0.001051,0.0016694,0.0038882,0.0045102,0.0037348,0.041724,0.065722,0.029545,0.0014832,0.0030631,0.017365,0.042938,0.029685,0.0088215,0.0064917,0.0024033,0.0031227,0.00096316,0.0012348,0.00093103,0.0011771,0.0019367,0.0033124,0.001428,0.00049723,0.0004974,0.000791,0.0018519,0.00089427,0.0012417,0.00047906,0.0011264,0.00066783,0.0012929,0.0012982,0.00097885,0.0016551,0.0033782,0.0027224,0.00090557,0.00065265,0.0017893,0.00022135,0.0010088,0.0013159,0.0010038,0.00060658,0.00098374,0.00053308,0.00077037,0.0012749,0.00125,0.00058349,0.00043082,0.0010317,0.00037144,0.00065458,0.00053243,0.00019835,0.00029919,0.00073621,0.0010079,0.0011349,0.00034018,0.00032154,0.0016867,0.00078324,0.0011577,0.00079213,0.0023489,0.013423,0.016434,0.0073418,0.0023427,0.0037707,0.0032756,0.00081651,0.0049693,0.0099127,0.0077337,0.0030592,0.0010319,0.00056771,0.0017899,0.0015676,0.0007573,0.00061547,0.00028518,0.00068191,0.00079785,0.00076346,0.00073493,0.0015256,0.00054776,0.00096702,0.00069874,0.00185,0.00089746,0.0011427,0.0014333,0.0013745,0.0003746,0.0014991,0.00070773,0.00054784,0.0016182,0.0017628,0.00096744,0.0012861,0.0019653,0.0016537,0.0024258,0.0013411,0.00072802,0.0013577,0.0011045,0.00023656,0.00047395,0.0008215,0.00068312,0.0008246,0.00086866,0.00032864,0.00090944,0.00043141,0.0016403,0.0001106,0.0010807,0.00089832,0.0013566,0.0012834,0.00041058,0.0023878,0.0021609,0.0013556,0.0066832,0.01115,0.0080609,0.0041818,0.0097142,0.013076,0.010036,0.016718,0.021319,0.013851,0.009519,0.0069832,0.0035576,0.0030866,0.0025114,0.0015542,0.0030396,0.003392,0.0021747,0.0017433,0.0018518,0.0013241,0.00070999,0.00079529,0.00069814,0.0020671,0.003077,0.0023651,0.0016964,0.002449,0.0032631,0.0024132,0.00060088,0.0010469,0.00094998,0.0018478,0.0021729,0.0034692,0.0023159,0.0025606,0.0011617,0.0021997,0.0012519,0.00285,0.0032505,0.0026307,0.002941,0.0017637,0.0027768,0.0056177,0.0051975,0.003434,0.0016878,0.0014602,0.0045314,0.0055506,0.0056963,0.0062676,0.0028591,0.0037822,0.0054307,0.0060078,0.010229,0.0092554,0.0096931,0.013741,0.010785,0.0092988,0.011169,0.014596,0.021511,0.03059,0.056713,0.084734,0.072313,0.035558,0.022765,0.015427,0.010288,0.011272,0.011827,0.0077177,0.0075317,0.0064671,0.0022433,0.0030298,0.0059649,0.0091264,0.0053184,0.0023687,0.0017677,0.0022205,0.0032394,0.0059323,0.0072422,0.0022526,0.0031037,0.0033081,0.00077025,0.0044205,0.004826,0.0062477,0.0044032,0.0022726,0.0090271,0.010317,0.0021516,0.0052581,0.0076978,0.0080722,0.003973,0.001851,0.0025744,0.0036897,0.0034228,0.0031269,0.0026934,0.0021968,0.0027114,0.0017494,0.0010848,0.0024633,0.002593,0.00043176,0.0018035,0.0018036,0.0021279,0.0048334,0.0077652,0.0070807,0.002483,0.0085553,0.0098587,0.010044,0.0093433,0.013811,0.071408,0.07621,0.091741,0.079652,0.050264,0.036585,0.023895,0.019512,0.014265,0.015667,0.015028,0.0080292,0.0082738,0.0099032,0.0097404,0.0089129,0.0059171,0.0059475,0.0035351,0.0016301,0.0012441,0.00084807,0.00342,0.0056853,0.0058869,0.002639,0.0037261,0.0053839,0.0036333,0.0036386,0.010064,0.00095613,0.00067643,0.00041786,0.00063564,0.00034032,0.00053763,0.00089986,0.00075839,0.00074103,0.0004642,0.00051864,0.0011277,0.0013503,0.0013499,0.00074321,0.00092689,0.00035322,0.00062053,0.0012961,0.001245,0.00037615,0.0010926,0.00096128,0.00080363,0.001841,0.00095558,0.002172,0.002219,0.0012919,0.0035023,0.0042912,0.0052223,0.0045999,0.0056752,0.016601,0.014336,0.0091551,0.006841,0.0075929,0.0046011,0.0066656,0.0050697,0.0023941,0.0011293,0.0017842,0.002527,0.0019054,0.0022023,0.0037388,0.0029246,0.001124,0.0034048,0.0038193,0.0024182,0.00054223,0.0027478,0.0019925,0.0027293,0.0063543,0.0063679,0.005139,0.0053312,0.0033814,0.0027774,0.0046236,0.0014368,0.0025364,0.0019369,0.0010037,0.0013527,0.0018235,0.0026335,0.0029213,0.0025396,0.00096803,0.0018094,0.0018864,0.003244,0.0026875,0.00024754,0.00098377,0.00042953,0.0015209,0.0010615,0.0022115,0.0049681,0.0054662,0.0033059,0.0028683,0.0029379,0.0038174,0.0032294,0.0031606,0.0020186,0.002666,0.0034422,0.0064487,0.010059,0.016218,0.024241,0.014526,0.0061115,0.0068393,0.0068598,0.0066371,0.0046751,0.0022745,0.0026044,0.0029478,0.0029727,0.0013666,0.0010444,0.0020218,0.0030099,0.0012598,0.00078713,0.0016831,0.0025983,0.00075056,0.0013128,0.0015243,0.00041489,0.00077597,0.001007,0.0015326,0.0013466,0.0020444,0.0017406,0.0010016,0.0019997,0.0029454,0.0019966,0.0012418,0.00082828,0.0022592,0.0022184,0.00076634,0.0018415,0.00050512,0.0016645,0.0022948,0.0018106,0.0015452,0.0022638,0.0028323,0.0018091,0.0027857,0.002497,0.0022759,0.0027249,0.0040507,0.003,0.0032452,0.0063041,0.0058262,0.0048485,0.0082012,0.0071762,0.012213,0.022926,0.015833,0.034044,0.047892,0.053734,0.072585,0.050387,0.060958,0.017397,0.023781,0.014652,0.004815,0.013176,0.010434,0.0051559,0.0078906,0.0022162,0.0041187,0.0050336,0.0031431,0.0046618,0.0048156,0.0015133,0.002165,0.0027635,0.001436,0.0020988,0.0033633,0.0034644,0.0027634,0.0029898,0.0042893,0.0031339,0.0042747,0.0023518,0.0024099
0.00088819,0.00052769,0.0015752,0.0009262,0.0020728,0.0015355,0.00035543,0.0014013,0.0010263,0.00066841,0.0011263,0.00072296,0.001082,0.0010753,0.0013728,0.00064725,7.7366e-05,0.00066724,0.00089955,0.0012592,0.0020026,0.0025874,0.0024378,0.0021341,0.0031295,0.0031859,0.0011042,0.0013503,0.0012765,0.0038287,0.0058855,0.0045645,0.0052772,0.014564,0.0099002,0.0031161,0.0050696,0.0080631,0.0092257,0.0069698,0.0064762,0.0042404,0.0032492,0.0013775,0.0014223,0.0018039,0.0020658,0.0023183,0.0016878,0.001468,0.0014734,0.0028548,0.0016223,0.00046483,0.0011186,0.0027426,0.0022304,0.0017978,0.0012298,0.0030989,0.0027035,0.0016317,0.0019373,0.0015842,0.0018762,0.0041925,0.0018433,0.0043778,0.0033185,0.00298,0.0025731,0.0026659,0.00063161,0.0014101,0.0024422,0.0024482,0.0018886,0.0024602,0.001467,0.0013626,0.00093211,0.0011787,0.0021039,0.0024579,0.0025652,0.0019529,0.0047987,0.002285,0.00068265,0.001717,0.0050245,0.0047856,0.011848,0.0155,0.0078284,0.0040677,0.010543,0.027342,0.041794,0.033721,0.019536,0.018226,0.04115,0.042963,0.021216,0.01063,0.0061284,0.002972,0.00047607,0.0035879,0.0032102,0.0019052,0.0010876,0.0024763,0.002796,0.0026674,0.0013362,0.0017508,0.0021082,0.0044169,0.0032147,0.0034529,0.0027379,0.0026602,0.0014982,0.0016021,0.0025556,0.0010464,0.002344,0.0028011,0.0019939,0.0024142,0.0013024,0.0023005,0.0032532,0.0021825,0.00095748,0.0018948,0.0014107,0.0021319,0.0020103,0.0017791,0.0029534,0.002091,0.0027059,0.0031547,0.0013883,0.0011405,0.001685,0.0010691,0.00032441,0.00064609,0.0013065,0.0014338,0.00081109,0.0011864,0.0017732,0.0071488,0.0075549,0.0029353,0.001431,0.0042677,0.012409,0.023438,0.017729,0.0041529,0.0010628,0.014148,0.016334,0.0054941,0.00070146,0.00064563,0.00016884,0.00062052,0.00044722,0.00060529,0.0009286,0.00083266,0.00035941,0.00072862,0.0010909,0.00065308,0.00069378,0.0021601,0.00090451,0.0011318,0.0007993,0.00051716,0.002091,0.0029927,0.0016761,0.0028411,0.0049297,0.0074067,0.0070206,0.00060647,0.00065124,0.00091592,0.00052799,0.00028896,0.0006555,0.00031173,0.00036848,0.00057463,0.00018728,0.00015032,0.00024823,0.00034993,0.00033213,0.00037213,0.0014704,0.0025832,0.0022538,0.0010909,0.00049043,0.0010466,0.00074787,0.00097103,0.00028832,0.00085909,0.001053,0.00076938,0.0049458,0.0054718,0.0027432,0.0034442,0.0062698,0.012227,0.034477,0.042907,0.024992,0.0089185,0.0070629,0.011982,0.0047048,0.0019704,0.00023497,0.0016828,0.00053539,0.00012806,0.00035654,0.00078131,0.0011783,0.00039928,0.00078452,0.00068171,0.00027092,0.0010098,0.00083516,0.00083514,0.00028261,0.00021845,0.0010303,0.0012355,0.0013624,0.00075736,0.00074285,0.00032957,0.0017165,0.0015315,0.00042992,0.0017222,0.00084764,0.0010996,0.003188,0.0020857,0.0016011,0.001166,0.0003633,0.0016121,0.0033719,0.0033718,0.0039177,0.0024561,0.0027692,0.0032772,0.0027319,0.00071015,0.0028815,0.0018305,0.0032913,0.0021956,0.0032466,0.0019901,0.002738,0.0037017,0.011956,0.04269,0.063067,0.029355,0.0031288,0.0093233,0.021022,0.051805,0.043524,0.018141,0.0031249,0.0020821,0.0046119,0.0010167,0.0023058,0.00091874,0.0024027,0.0011263,0.0012413,0.0024659,0.0018825,0.001902,0.0020921,0.0011003,0.00034693,0.00089477,0.00088421,0.0016914,0.0015979,0.001459,0.0018066,0.00021831,0.00082684,0.00067724,0.00098465,0.00092773,0.0025807,0.0024068,0.0013448,0.0010946,0.00077357,0.00041939,0.0011755,0.00075124,0.0010783,0.00099388,0.0006215,0.00064079,0.00078782,0.00058426,0.00049254,0.00099252,0.0010611,0.00069346,0.00079247,0.00088094,0.00098723,9.5368e-05,0.00053849,0.00042559,0.0011413,0.0023798,0.0012069,0.00054932,0.00058268,0.0033043,0.011434,0.020932,0.011418,0.0029181,0.003522,0.0062052,0.012046,0.011175,0.0046396,0.0025784,0.0030949,0.0027782,0.0016528,0.0010419,0.00095641,0.00038357,0.0011508,0.0007708,0.00067467,0.0015989,0.0019951,0.0013547,0.00035584,0.00066567,0.00090048,0.001272,0.0014509,0.0019316,0.00078647,0.00083824,0.00054799,0.0010007,0.000915,0.0018122,0.0023402,0.0011634,0.0012812,0.0021659,0.00075846,0.0012269,0.0012286,0.00064228,0.00035665,0.00094233,0.00036242,0.001079,0.00070458,0.0015778,0.0012453,0.0012753,0.00057794,0.00068905,0.0014407,0.0010732,0.00014105,0.00051704,0.00094197,0.00092258,0.001297,0.0017447,0.0012049,0.00077494,0.0011829,0.0018429,0.0046427,0.0099508,0.013574,0.006672,0.0082209,0.0088812,0.025043,0.029831,0.026919,0.016632,0.0091817,0.0070406,0.0073145,0.0046732,0.0017422,0.0033866,0.0026548,0.0011851,0.0010259,0.0019232,0.002295,0.0015391,0.0006607,0.00014252,0.00052614,0.0011102,0.001401,0.00065087,0.00080146,0.0019113,0.0012659,0.0007712,0.00085883,0.0014887,0.0012182,0.00099447,0.0012186,0.00073062,0.0011953,0.0056731,0.0054297,0.0049502,0.0018726,0.0045168,0.0045872,0.0017944,0.0051216,0.0032523,0.0021253,0.002648,0.0053829,0.0086817,0.0058926,0.004098,0.005731,0.0048356,0.00098583,0.0060111,0.0076064,0.002588,0.0018574,0.0082769,0.012384,0.0086206,0.0087235,0.012213,0.013203,0.0071657,0.010003,0.030419,0.042279,0.12043,0.12799,0.11621,0.072421,0.035977,0.014006,0.011636,0.019158,0.014936,0.0072613,0.0015277,0.0034473,0.0035377,0.0020131,0.0059991,0.0070027,0.006834,0.002919,0.002439,0.0012438,0.0045733,0.0036102,0.0021459,0.0030808,0.0015969,0.00489,0.0046522,0.0024711,0.0022189,0.0031722,0.0023993,0.0013161,0.0048443,0.016266,0.012823,0.0046321,0.0056611,0.0088998,0.0020922,0.0049315,0.001333,0.0039124,0.0030337,0.0029198,0.0030844,0.001735,0.0016909,0.0018054,0.0031599,0.0045567,0.0023946,0.0018485,0.0021662,0.0035768,0.0050619,0.0055441,0.0054665,0.0043441,0.0074834,0.0038836,0.0058531,0.0065675,0.010782,0.023753,0.034362,0.096169,0.095516,0.080279,0.050166,0.022646,0.016981,0.018853,0.015437,0.010466,0.0039319,0.0051363,0.0064369,0.0037819,0.0042067,0.0066076,0.0042897,0.0008485,0.002062,0.0045791,0.002973,0.0034054,0.0030971,0.0043935,0.0039004,0.00050734,0.00353,0.0063779,0.0023094,0.0070517,0.0050561,0.0033664,0.0067747,0.0045162,0.0028235,0.0023533,0.00026932,0.0012038,0.00053425,0.0015341,0.0018521,0.0016923,0.0011951,0.0013127,0.0015052,0.0015225,0.0011953,0.0014094,0.0016553,0.001141,0.00059308,0.0020469,0.0024154,0.0015421,0.0026335,0.0019711,0.002115,0.0030291,0.0028775,0.0032784,0.0030579,0.0058001,0.0070003,0.0037212,0.005312,0.0065733,0.013131,0.038453,0.030758,0.0097762,0.0043623,0.0066897,0.0086762,0.010217,0.0068584,0.0043596,0.0025727,0.0023886,0.0029958,0.0033042,0.0021954,0.0022975,0.0012401,0.0016627,0.0022915,0.0013697,0.00056014,0.00073542,0.00075667,0.00093286,0.00050357,0.0017163,0.0010174,0.0010772,0.0011628,0.0006476,0.0018883,0.0027399,0.0024347,0.001229,0.004001,0.0039053,0.0012016,0.0028122,0.0025311,0.0028296,0.0020233,0.00036453,0.0028535,0.0044686,0.0038833,0.0019386,0.0012228,0.0029442,0.0041531,0.0023853,0.0019001,0.0039553,0.0036952,0.00087265,0.0020551,0.0039019,0.0035191,0.0011572,0.0052061,0.0022011,0.0070692,0.0084621,0.0024713,0.011645,0.014784,0.030034,0.061277,0.032822,0.0085181,0.0083474,0.0058729,0.002518,0.0018117,0.0036719,0.0034229,0.0034386,0.0022752,0.00082245,0.0015349,0.0017049,0.002678,0.0018678,0.00076319,0.0010474,0.0009067,0.00061688,0.0031629,0.0036061,0.0017807,0.0021989,0.0034407,0.0068845,0.0053583,0.00044742,0.0029213,0.0057004,0.0048709,0.002682,0.0016706,0.003153,0.0028696,5.7448e-05,0.002119,0.00040699,0.0010348,0.0016866,0.0020363,0.001938,0.0026597,0.0021246,0.0010226,0.0021101,0.0023854,0.0023773,0.0026801,0.0015118,0.0028031,0.0022934,0.0015192,0.0031282,0.0028612,0.0050217,0.0057447,0.0060984,0.007321,0.024074,0.024277,0.003986,0.012314,0.0032656,0.054622,0.093145,0.041086,0.016468,0.022906,0.0064828,0.014354,0.015907,0.010797,0.0075053,0.0065337,0.0073556,0.0040873,0.0032191,0.003205,0.0026287,0.0016307,0.0024153,0.0030225,0.0029863,0.0018513,0.0016449,0.0028541,0.0030203,0.0027651,0.0025877,0.0013458,0.0022922,0.0037269,0.0044041,0.0026914,0.00013595,0.0021279
0.0034701,0.00071517,0.00098606,0.0010727,0.0012578,0.0014236,0.0009464,0.001127,0.0019739,0.0035733,0.004423,0.0022795,0.0012762,0.0010993,0.0019667,0.0020318,0.001087,0.001004,0.00022911,0.00088375,0.0017122,0.00071307,0.0019823,0.0020916,0.0021857,0.0064209,0.0065877,0.0034877,0.00045255,0.0018178,0.0039086,0.0075566,0.0048529,0.0038365,0.0041373,0.0026017,0.0050061,0.0044303,0.0036588,0.0043266,0.0057267,0.0027555,0.0033082,0.0028032,0.0034865,0.0016783,0.0026562,0.0024271,0.0019881,0.0004034,0.0013471,0.0024187,0.0015285,0.0019268,0.0018846,0.0011051,0.0025077,0.002197,0.0013306,0.00075698,0.0006783,0.00022234,0.001916,0.0034036,0.0025605,0.0010081,0.00041799,0.0014313,0.0015235,0.00098838,0.0004361,0.00092817,0.001368,0.00096701,0.00060223,0.00014325,0.00056151,0.00075708,0.0022162,0.0030015,0.002441,0.0023668,0.0016733,0.00054134,0.0013918,0.0032899,0.0025616,0.0019143,0.0020004,0.0053538,0.0082063,0.0083264,0.015269,0.014152,0.01708,0.014672,0.049794,0.047313,0.018764,0.0046156,0.0060187,0.0066741,0.0055915,0.016171,0.045823,0.044154,0.011867,0.007624,0.0016282,0.0022597,0.0018579,0.0025483,0.0013491,0.0016656,0.0020975,0.0014095,0.0012941,0.0015087,0.0015472,0.0019006,0.0024601,0.0014128,0.0013371,0.0023585,0.0017285,0.0020348,0.0022579,0.0007138,0.0017044,0.0027778,0.0019732,0.0016542,0.0016525,0.0012535,0.0002412,0.00038064,0.001093,0.0012322,0.00094725,0.0022364,0.0014682,9.6847e-05,0.001464,0.0021479,0.00095675,0.000462,0.0017423,0.0016332,0.001593,0.0015111,0.00098062,0.0010924,0.0017265,0.0007998,0.00051365,0.00077879,0.0064048,0.011245,0.0080337,0.0066566,0.0056453,0.016001,0.015705,0.0083628,0.0067791,0.0038746,0.0029402,0.0017946,0.0038274,0.014131,0.01431,0.0032286,0.0022996,0.0011294,0.00095912,0.00051376,0.00093772,0.0024884,0.0027885,0.0018302,0.00083282,0.0015405,0.0015792,0.0011133,0.000439,0.00085255,0.0029291,0.0027234,0.0039674,0.0056084,0.0063803,0.0052869,0.003718,0.002952,0.0031145,0.0010649,0.00041373,0.00065979,0.00052559,0.0007632,0.00096687,8.0014e-05,0.00015508,0.00025606,0.00065884,0.00026834,0.00042146,0.00047176,0.00021023,0.00044128,0.00071148,0.0012154,0.00018311,0.0014032,0.0023574,0.001844,0.0011185,0.00049496,0.0010898,0.001761,0.0021879,0.0043446,0.0069744,0.0036681,0.0073323,0.0093229,0.032844,0.03834,0.017977,0.011164,0.0016057,0.0010906,0.0020283,0.0034208,0.0073298,0.01085,0.0062908,0.0029927,0.0010883,0.00061622,0.00033048,0.00022406,0.00073585,0.00089627,0.00072307,0.00092716,0.00071984,0.00046327,0.00049859,0.00070079,0.00049445,0.0010775,0.0017179,0.0010484,0.0011324,0.00023743,0.0014328,0.0012674,0.00098448,0.0011485,0.0011894,0.0015226,0.0019387,0.001572,0.00042094,0.00087602,0.00052157,0.00073012,0.00087984,0.00044745,0.001478,0.00095921,0.00045091,0.0012324,0.0011037,0.0016294,0.0010373,0.00053116,0.00076983,0.0028745,0.0029583,0.0020653,0.00095224,0.004,0.0066279,0.012258,0.034239,0.069718,0.042469,0.014269,0.011697,0.013344,0.015845,0.037208,0.042441,0.016218,0.0065981,0.0038006,0.0030569,0.0021012,0.0047334,0.0025054,0.0015513,0.0003808,0.00013196,0.0015604,0.0028996,0.001137,0.0020618,0.0015573,0.0020283,0.0012517,0.0012855,0.0026285,0.0031581,0.0016508,0.00038954,0.00075703,0.001068,0.0019002,0.0021223,0.00064286,0.0017091,0.0013691,0.0011802,0.00035068,0.00074682,0.0011922,0.0014235,0.00080773,0.00056144,0.00069557,0.00049452,0.00040199,0.00040011,0.00029155,0.00043728,0.00080514,0.00057828,0.00029119,0.00076898,0.00096921,0.00095766,0.0005497,0.00077457,0.0012947,0.00057312,0.0011063,0.0013734,0.0032365,0.0020196,0.0064988,0.018449,0.015113,0.0073461,0.0070741,0.013988,0.019353,0.011558,0.0090618,0.0066614,0.0027986,0.0014988,0.0016876,0.0020725,0.0050426,0.0029356,0.00026484,0.00025046,0.00096347,0.00054534,0.00028707,0.00044657,0.0013081,0.0012825,0.0011712,0.00077832,0.0015671,0.0018863,0.0018109,9.844e-05,0.0010352,0.0018843,0.0017727,0.00092847,0.00086958,0.003931,0.0045748,0.0030961,0.0031018,0.0010347,0.0010212,0.00089532,0.00022914,0.00082663,0.00167,0.0010692,0.0006126,0.00039036,0.00075905,0.0011786,0.0002235,0.00072104,0.00037227,0.00031371,0.00068667,0.00014624,0.00054467,0.00062451,0.001013,0.00087576,0.00097187,0.0004772,0.0017458,0.0039752,0.003637,0.0092066,0.012544,0.0034594,0.0080085,0.020175,0.037007,0.015529,0.014968,0.0097625,0.0027208,0.0021437,0.0022606,0.0024292,0.0024133,0.0014713,0.00078374,0.0007474,0.00025116,0.00097881,0.0011294,0.00062535,0.00050934,0.001318,0.00098923,0.00056192,0.00057272,0.0013727,0.0010721,0.0012378,0.0016618,0.00058186,0.0014317,0.0016349,0.0014058,0.00089864,0.0012665,0.0016204,0.0015399,0.00075973,0.0016179,0.00075271,0.002013,0.00051282,0.0023811,0.00091174,0.0023924,0.002624,0.00082133,0.0040716,0.0027559,0.0011218,0.0032775,0.0042146,0.0024837,0.0022195,0.0032426,0.002838,0.0045505,0.0053378,0.0047636,0.0076503,0.0014252,0.0019886,0.010135,0.012953,0.0098063,0.013982,0.05333,0.066724,0.10983,0.22306,0.15157,0.083844,0.017215,0.019579,0.0089788,0.0054797,0.0033336,0.014794,0.0085975,0.0036459,0.0032404,0.0042198,0.0027694,0.0024984,0.005264,0.0017242,0.0031417,0.0017813,0.0033705,0.0032782,0.0011363,0.00064728,0.002404,0.0033967,0.0010874,0.0022861,0.0025261,0.0023572,0.0018806,0.0028745,0.0044885,0.0018846,0.0044732,0.00058418,0.0017606,0.0033625,0.0041521,0.0042426,0.0043372,0.0030612,0.0033921,0.0013517,0.00050192,0.0036337,0.0014761,0.0024238,0.0016783,0.00054166,0.00027357,0.0026098,0.002378,0.0035374,0.0029512,0.0014595,0.0036396,0.0033983,0.0012575,0.0050641,0.0088754,0.011955,0.0070248,0.03092,0.040596,0.062201,0.1375,0.11176,0.06841,0.033631,0.018301,0.0056614,0.0010445,0.0070542,0.0050046,0.0009235,0.0040185,0.0039787,0.0043237,0.00033453,0.0044689,0.0019206,0.0026365,0.0033039,0.003567,0.0041893,0.0054919,0.0040596,0.0041483,0.0064966,0.0078531,0.003387,0.0052979,0.0088958,0.00541,0.0071233,0.0065772,0.0057218,0.0053037,0.0052366,0.0010667,0.0014766,0.00147,0.0014934,0.00059819,0.00094119,0.00087247,0.00090779,0.00075691,0.0013288,0.0011548,0.0010071,0.000827,0.0012185,0.00085045,0.00096187,0.0011783,0.00042761,0.0014565,0.0010608,0.0018616,0.0016944,0.00098381,0.0027212,0.0021417,0.0010358,0.0030991,0.0065789,0.002848,0.0077509,0.00767,0.017191,0.024545,0.015822,0.010275,0.0090971,0.0058189,0.0045171,0.0035072,0.0090775,0.01346,0.0057508,0.0021807,0.0029826,0.0020295,0.0014027,0.00081027,0.00016436,0.0013032,0.00066954,0.0014426,0.00097873,8.4656e-05,0.00071968,0.00075625,0.0008027,0.0012276,0.0010194,0.00070973,0.0019648,0.0019433,0.0015183,0.0024695,0.0011721,0.0022239,0.0017618,0.0030894,0.0015405,0.0021868,0.0031592,0.003501,0.0031442,0.0019008,0.0037436,0.0050889,0.0037662,0.0018617,0.00081165,0.0022744,0.0024982,0.0020792,0.00093485,0.00068287,0.00097599,0.00068321,0.0018791,0.0029915,0.0016056,0.0046053,0.006072,0.0044654,0.0081441,0.0086948,0.0045402,0.0074352,0.016127,0.023522,0.019309,0.024217,0.033568,0.018374,0.0095784,0.01076,0.007789,0.004163,0.0051591,0.00489,0.0067564,0.0084649,0.0049617,0.0015353,0.0024127,0.001328,0.0011379,0.0010952,0.002999,0.002925,0.0008679,0.001872,0.0016974,0.0011146,0.0022451,0.0031003,0.0028845,0.0013834,0.0033347,0.0034075,0.0012487,0.0016649,0.0028081,0.00043552,0.0018913,0.0011937,0.00086795,0.00023628,0.001228,0.0023949,0.0012772,0.00045137,0.0013187,0.001554,0.00040282,0.0018313,0.00048535,0.0011399,0.00098253,0.0020127,0.00047603,0.0024518,0.0026786,0.0019637,0.00039372,0.0032347,0.0022863,0.0043009,0.0044592,0.01256,0.020099,0.019292,0.013917,0.0085142,0.0246,0.014393,0.087685,0.092394,0.05749,0.041014,0.019427,0.0014855,0.01421,0.013809,0.0083381,0.0096506,0.0066534,0.0055477,0.0095708,0.0051951,0.0020563,0.0022672,0.0027136,0.0021834,0.0017583,0.0034123,0.004774,0.00017664,0.0037757,0.0020551,0.0011987,0.00057071,0.002427,0.0024695,0.002517,0.00044758,0.0043361,0.0051123
0.0004183,0.0031495,0.0038434,0.001384,0.0027698,0.0044263,0.0019717,0.0030387,0.0023129,0.002177,0.00058205,0.0039378,0.0030206,0.0016247,0.00096734,0.0013888,0.0041656,0.0039941,0.0023976,0.0037259,0.0051366,0.0035048,0.0030794,0.0024775,0.0029966,0.0027318,0.0039791,0.0033202,0.00093597,0.00056038,0.0033654,0.0032784,0.0058943,0.0068125,0.0033736,0.0013973,0.0029569,0.0038103,0.0024823,0.0059568,0.0086733,0.0082717,0.0057766,0.0032292,0.0019272,0.0026371,0.0013429,0.00087391,0.0018728,0.0031561,0.0039063,0.0039295,0.0035737,0.0030881,0.0022286,0.00096546,0.00033758,0.00028832,0.0031059,0.0045237,0.00098315,0.0046984,0.0063997,0.0061556,0.00061999,0.001077,0.0023683,0.0017741,0.0013479,0.0005977,0.0009656,0.0017566,0.0010115,0.00094297,0.001034,0.0018665,0.0016219,0.00069048,0.0018122,0.0028309,0.0020259,0.00069087,0.00029642,0.0022427,0.0017304,0.0011396,0.0023815,0.0043978,0.0074225,0.0030229,0.0046253,0.014261,0.012442,0.0015862,0.0035167,0.026934,0.05427,0.027006,0.0042979,0.0017444,0.0020261,0.0019573,0.0015146,0.00035681,0.0084319,0.027679,0.044327,0.024328,0.0071896,0.0037086,0.00063463,0.00072126,0.0018995,0.0022234,0.0018272,0.0027128,0.0022618,0.0024818,0.0014652,0.0019177,0.0018001,0.0018166,0.0037421,0.0032887,0.00092024,0.0011028,0.00098073,0.00048182,0.00082349,0.0010625,0.00059794,0.00016732,0.00017117,0.00048621,0.00083381,0.0010101,0.0016232,0.0016557,0.00081147,0.00055877,0.0015755,0.0013454,0.00082639,0.00019576,0.0013261,0.0020229,0.0016152,0.00076929,0.00074488,0.00096629,0.00025441,0.00064056,0.00042387,0.002019,0.0035255,0.00057658,0.0078953,0.0071138,0.0025287,0.0024849,0.0090856,0.01603,0.0022302,0.0079643,0.0017078,0.00044364,0.00072805,0.0014333,0.00090346,0.0027888,0.0089069,0.016278,0.010157,0.0030909,0.0015447,0.0011543,0.00030959,0.00071413,0.00027437,0.0021348,0.0020652,0.0020164,0.00074306,0.00078903,0.0015277,0.0022372,0.0042813,0.0067921,0.0059407,0.0035579,0.0018256,0.0023769,0.0024875,0.0007924,0.0015434,0.00053786,0.00055312,0.0011591,0.0021283,0.002722,0.0021563,0.00097316,0.00062152,0.00019388,0.00083003,0.00033762,0.00016975,0.00018213,0.0003314,0.00020317,0.00066463,0.00083694,0.00065769,0.00025752,0.0013669,0.003453,0.0027802,0.0019226,0.0026175,0.00074556,0.0017088,0.0074473,0.0089338,0.0017718,0.00081787,0.011965,0.041196,0.03804,0.008001,0.0023742,0.0009283,0.00019966,3.9872e-05,0.00049709,0.0011136,0.0046305,0.010249,0.0078805,0.0023209,0.0016459,0.00056257,0.0003602,0.00084097,0.00065401,0.00023823,0.00054098,0.00026262,0.00044266,0.00065316,0.00066575,0.0010022,0.0017525,0.0017441,0.0016109,0.00098605,0.0011242,0.00042053,0.00065675,0.00099231,0.00057147,0.0013882,0.0015771,0.0011507,0.00075289,0.0010488,0.00055785,0.00070073,0.00056592,0.0012014,0.00098036,0.00045676,0.00085006,0.001464,0.0018516,0.0018143,0.0015289,0.0025546,0.0031558,0.0020437,0.0011939,0.0033181,0.0024991,0.0011865,0.0004835,0.0029062,0.012904,0.06044,0.066234,0.018155,0.0030116,0.0076061,0.018521,0.023594,0.043587,0.017279,0.0065514,0.0013888,0.00128,0.0022043,0.0014827,0.0014995,0.0037239,0.0032537,0.0017102,0.0010004,0.0011925,0.0016679,0.0010331,0.0012517,0.0014697,0.00079855,0.0016428,0.0021397,0.0015812,0.00080473,0.0012533,0.0021042,0.0011694,0.00037063,0.00083027,0.00032135,0.0015611,0.0026542,0.0030724,0.0019524,0.00045382,0.00054633,0.00070544,0.00056757,0.00072329,0.00059549,0.0014491,0.0015825,0.0010019,0.00025764,0.0015187,0.0014205,0.00065726,0.00020695,0.00031313,0.00094959,0.0011971,0.00098888,0.0013333,0.00075384,0.001037,0.00068335,0.00090629,0.00088816,0.0011534,0.0041359,0.015154,0.016318,0.0049651,0.0019711,0.0038746,0.01403,0.0024419,0.0121,0.0053154,0.0005629,0.00058675,0.0012546,0.0015851,0.0029645,0.0024735,0.001758,0.00084997,0.0017793,0.0010423,0.0005669,0.00081339,0.00062874,0.00044032,0.00038582,0.00080823,0.0012063,0.00096532,0.001396,0.0006764,0.00062644,0.00058336,0.000476,0.0014609,0.0027368,0.0011596,0.0026371,0.0029746,0.0025578,0.0019201,0.0010668,0.0015854,0.00097739,0.00038635,0.00085806,0.00039888,0.00078911,0.00092858,0.00060569,0.00064152,0.00035619,0.00097254,0.00049625,0.00040395,0.00040181,0.001165,0.0011446,0.00095136,0.00073087,0.0010424,0.00061102,7.4782e-05,0.0014547,0.0019602,0.00060415,0.0058402,0.012844,0.0077489,0.001505,0.0045344,0.025645,0.036163,0.020974,0.011817,0.0033307,0.00081634,0.0011457,0.0016038,0.00085256,0.0014244,0.0024137,0.002338,0.001016,0.0001565,0.00055534,0.00058189,0.00082493,0.00057876,0.00052662,0.00034172,0.0005781,0.00065938,0.0010528,0.0016352,0.0016105,0.0018658,0.00059801,0.00091307,0.00062461,0.00018134,0.00039901,0.00060487,0.00031153,0.00070633,0.0013851,0.0031524,0.0033957,0.0023183,0.0024639,0.0026381,0.0019244,0.0018128,0.0034636,0.0048369,0.00084426,0.0012187,0.00052833,0.0017556,0.0027762,0.00078203,0.0012701,0.00022706,0.0022883,0.0031781,0.0028191,0.0027426,0.0025274,0.0046241,0.00409,0.0032328,0.0028753,0.0059859,0.0039792,0.013141,0.039042,0.17827,0.25037,0.098746,0.0058943,0.0052314,0.003691,0.0025107,0.0039764,0.0013712,0.00053342,0.010415,0.010363,0.0038222,0.00080894,0.0032059,0.0013286,0.0012218,0.0025022,0.0010919,0.0015109,0.00096707,0.0021022,0.0033394,0.0037761,0.0012449,0.0015287,0.00079021,0.0016593,0.0012833,0.0017792,0.0035387,0.0037666,0.0026457,0.0017277,0.0016351,0.0011053,0.00084933,0.00037424,0.00074954,0.00087301,0.00079949,0.0048584,0.0077195,0.0076057,0.004675,0.0022313,0.0016535,0.0004077,0.0020922,0.0010452,0.0014638,0.0017318,0.002218,0.0019742,0.0025258,0.002721,0.0028199,0.00058192,0.00083309,0.0017076,0.0020569,0.0089377,0.0073517,0.01054,0.030635,0.12119,0.15346,0.064797,0.026848,0.007343,0.0064775,0.0036835,0.0021418,0.0026228,0.0016038,0.005162,0.0083941,0.0045134,0.0031512,0.0016622,0.0021476,0.0028784,0.0024232,0.0017559,0.0020765,0.0010198,0.0028148,0.0027171,0.0061214,0.0053363,0.0075991,0.0059639,0.0041425,0.0014132,0.00064873,0.0033546,0.0039163,0.00091582,0.0019392,0.0030609,0.0010269,0.0014736,0.0014233,0.0012896,0.0011788,0.00076875,0.00079447,0.0010903,0.00020603,0.00070376,0.00089297,0.00076431,0.00076187,0.00096907,0.0008901,0.0005474,0.00039636,0.00041551,0.0010782,0.0017928,0.0017981,0.00068164,0.0010511,0.0020704,0.0010948,0.00083572,0.0020149,0.0010782,0.0050411,0.008005,0.017028,0.020964,0.0044508,0.015016,0.0033223,0.0023687,0.0040776,0.0037602,0.002729,0.0035352,0.010913,0.012454,0.0016498,0.0058264,0.0046739,0.0025636,0.0021187,0.0012156,0.0013465,0.0009944,0.0013417,0.0011581,0.0008197,0.0011028,0.0017777,0.0012232,0.00065246,0.00049558,0.00064324,0.00059116,0.0011471,0.0014761,0.0010609,0.0014334,0.0012349,0.0025016,0.0025088,0.0026909,0.0017865,0.0017312,0.0023124,0.0031775,0.0026384,0.0027371,0.0021536,0.0012048,0.0026451,0.0034954,0.0036104,0.0043601,0.006096,0.004957,0.0021565,0.0014746,0.0029532,0.0046379,0.004931,0.0048257,0.0052832,0.0056056,0.0063577,0.010821,0.0099846,0.0033465,0.0074351,0.0079769,0.019681,0.055932,0.039647,0.013893,0.015804,0.0076843,0.0035463,0.0032247,0.00063367,0.0015374,0.0025845,0.0047492,0.0035681,0.001475,0.0013492,0.002146,0.0036179,0.002712,0.0010271,0.0026479,0.003936,0.0047741,0.0021401,0.0018208,0.003203,0.0032204,0.0032804,0.0028213,0.0011193,0.0040732,0.0038963,0.0031131,0.0016596,0.0004972,0.0033601,0.0040437,0.0047071,0.0042068,0.0027206,0.0012584,0.0026004,0.0038639,0.0045735,0.0038508,0.0037034,0.0039017,0.0036054,0.0037052,0.0038117,0.0034305,0.0039213,0.0049549,0.0050785,0.0062938,0.0085457,0.0084321,0.0069549,0.0072786,0.01105,0.021927,0.031637,0.018866,0.0063463,0.015055,0.029164,0.056914,0.076229,0.029207,0.039017,0.034414,0.026446,0.015262,0.012881,0.01077,0.0068649,0.005756,0.0073663,0.0064265,0.0058423,0.0041833,0.0021197,0.0027483,0.003974,0.0037101,0.0028304,0.0010576,0.00069725,0.0016887,0.0024072,0.0026532,0.0022091,0.0024889,0.0028266,0.0016858,0.0013664,0.0044194,0.0045982,0.00089426,0.0036543
0.0022937,0.005476,0.0057081,0.0036612,0.001575,0.0010701,0.00069051,0.00067354,0.0017719,0.003214,0.0016623,0.00042804,0.0012717,0.0012014,0.0020851,0.0020657,0.0027699,0.0039365,0.0035633,0.0036716,0.0040606,0.0059693,0.0064966,0.003681,0.00098404,0.0013728,0.0033623,0.0063214,0.0050032,0.0041687,0.0059918,0.0044423,0.002032,0.011348,0.0098582,0.0013652,0.00069168,0.00073167,0.0019535,0.0062161,0.0073099,0.0037567,0.0039756,0.0041908,0.0015073,0.001798,0.0014265,0.0025342,0.00073706,0.0015039,0.0021162,0.0019604,0.0034141,0.0022975,0.00064172,0.0021294,0.0029024,0.0023609,0.0017228,0.0025629,0.00077199,0.0023291,0.0030075,0.0027337,0.0033728,0.0011117,0.0019859,0.0017201,0.0010989,0.0010179,0.0011566,0.00074362,0.0014646,0.00013295,0.0008308,0.0010481,0.0016915,0.0017543,0.00018782,0.00093771,0.0022732,0.0011988,0.0013604,0.002208,0.002707,0.0041259,0.0050325,0.0026679,0.00038191,0.0017647,0.0030156,0.0077872,0.016387,0.0080377,0.0028699,0.0026936,0.0090189,0.018463,0.056351,0.036047,0.0063935,0.00097366,0.0057544,0.0071453,0.040825,0.046213,0.015347,0.0016092,0.002876,0.00069252,0.0012057,0.0029734,0.0037878,0.0035542,0.0026328,0.0014674,0.0012361,0.00135,0.0032939,0.0038943,0.0018176,0.00078419,0.0015651,0.00076589,0.0012806,0.0018218,0.0018002,0.0028209,0.0004158,0.0035695,0.0019465,0.0014729,0.00034316,0.00064565,0.0010725,0.00060479,0.0025047,0.0028059,0.0016158,0.00027158,0.00055691,0.00085807,0.00079953,0.0019966,0.0024146,0.0015615,0.00031197,0.0011499,0.00052697,0.0028003,0.0029158,0.0011261,0.00052998,0.00053424,0.0005047,0.00095092,0.0043069,0.010623,0.0064511,0.00083881,0.00041165,0.0029869,0.0071639,0.023935,0.019285,0.0049828,0.00040681,0.0015947,0.0025597,0.013968,0.015977,0.005982,0.0013543,0.00067172,0.00079345,0.0011056,0.0011465,0.002683,0.002252,0.00031863,0.00068886,5.4307e-05,0.0011869,0.002571,0.0016957,0.00052695,0.000682,0.0007052,0.0019711,0.0052967,0.007056,0.002957,0.0014337,0.0010012,0.0019675,0.0011809,0.0010401,0.00032043,0.00019813,5.3933e-05,0.00040882,0.00088042,0.00078044,0.00017487,0.00014264,0.00036701,0.00038252,0.00032881,0.00024639,2.8122e-05,0.00011676,0.00075138,0.00076769,0.00067493,0.00078944,0.00076229,0.00048306,0.00061218,0.00037013,0.00032213,0.0011331,0.0011289,0.0071637,0.0074893,0.001738,0.00057724,0.0039809,0.0096233,0.043256,0.037084,0.0082157,0.0018935,0.0019985,0.0014192,0.0062414,0.011282,0.0053737,0.00060793,0.00021145,0.00010872,0.00071224,0.0015202,0.0012032,0.00063037,0.00049325,0.00076954,0.0012267,0.00078385,0.0007767,0.00056435,0.00060139,0.00020205,0.00012303,0.00094908,0.0015399,0.00033785,0.00073894,0.00059369,0.0007833,0.0011605,0.0023501,0.0021981,0.00075794,0.00067697,0.0015792,0.00089514,0.0023281,0.0023982,0.00089831,0.0010371,0.00059931,0.00075421,0.00069728,0.00076466,0.0023698,0.0014965,0.00030571,0.00098439,0.0010735,0.0014709,0.0020125,0.0010417,0.0011605,0.0019469,0.00078766,0.0037308,0.010586,0.058852,0.062335,0.016555,0.0022115,0.0049865,0.0091989,0.043731,0.056245,0.024441,0.0045661,0.00040857,0.0022198,0.0018016,0.0040727,0.0032599,0.00056843,0.0021305,0.0023938,0.0014167,0.0011407,0.00101,0.0027993,0.0021477,0.001013,0.00068886,0.0012038,0.00093404,0.0006769,0.00051887,0.00028731,0.0010478,0.0019663,0.0020173,0.0016818,0.00066621,0.0010922,0.0015149,0.0014741,0.00034144,0.001036,0.0010161,0.00042476,0.00086648,0.00074241,0.0009387,0.0012027,0.001033,0.00078427,0.00045791,0.0007012,0.00044877,0.00010036,0.00027336,0.00046187,0.0015977,0.0026885,0.0020661,0.00066021,0.0012038,0.0029042,0.0029161,0.0013683,0.00048321,0.0008509,0.0056576,0.019043,0.015857,0.0040427,0.0017724,0.0021455,0.0026109,0.015295,0.014813,0.0044274,0.0019527,0.0011009,0.0010255,0.001787,0.001822,0.0020751,0.0012618,0.0010198,6.5946e-05,0.00047811,0.00097324,0.0010925,0.00078593,0.00094452,0.00091743,0.0010132,0.0012821,0.0017759,0.0013334,0.0015932,0.00072516,0.0012063,0.00077822,0.0010522,0.00035783,0.00020304,0.00024457,0.00087092,0.0013973,0.002754,0.0024586,0.0018541,0.00063745,0.00056521,0.00025299,0.00050315,0.0012655,0.0011962,0.0005766,0.00077959,0.0011185,0.0010699,0.0014412,0.00012699,0.00038703,0.0013876,0.0011046,0.00058591,0.0015195,0.0015598,0.0013271,0.00069333,0.0011007,0.0017115,0.0032441,0.0097828,0.012971,0.0077697,0.0028378,0.0030943,0.001805,0.018494,0.028751,0.018051,0.006545,0.0019388,0.0026922,0.0014969,0.0022619,0.0035342,0.00030083,0.0015572,0.00071979,0.0010073,0.0019799,0.001012,0.00091422,0.0013004,0.0016697,0.00064942,0.00047331,0.00035792,0.00074238,0.00076807,0.00061079,0.0007334,0.00052273,0.00044704,0.00078198,0.0018226,0.00011795,0.0020837,0.0014794,0.0010216,0.0054273,0.0056133,0.0040217,0.00098662,0.0011089,0.0041508,0.008069,0.0054096,0.0035864,0.0029803,0.0076106,0.0074609,0.0088073,0.010502,0.0085947,0.0086407,0.0059635,0.0084734,0.011076,0.0069455,0.0036792,0.0057418,0.0066379,0.0043437,0.004566,0.01094,0.0043194,0.010871,0.0077245,0.010877,0.022171,0.0065095,0.11386,0.18389,0.086968,0.013263,0.011857,0.0091846,0.0094009,0.012706,0.0041163,0.0030951,0.005482,0.001652,0.0079681,0.0023018,0.0048753,0.0063247,0.0062213,0.0067506,0.0061553,0.0048385,0.0031265,0.0010368,0.0025655,0.00076139,0.0047376,0.0040869,0.00070957,0.0020259,0.0011341,0.001538,0.0014381,0.0008125,0.0010945,0.0085062,0.013172,0.01288,0.00083757,0.0038352,0.0025127,0.0023964,0.0019149,0.0010742,0.0027563,0.0023022,0.0011943,0.0014136,0.0011119,0.0029502,0.00205,0.0014242,0.0024637,0.0047224,0.0047579,0.00038058,0.0039446,0.002863,0.0025724,0.001943,0.0031896,0.0046607,0.0067084,0.0064499,0.0066024,0.014243,0.01329,0.088652,0.14602,0.081836,0.016305,0.0038957,0.0059489,0.0016403,0.010065,0.012716,0.0060549,0.0012015,0.0033431,0.00014333,0.0038825,0.0016027,0.00083883,0.0026931,0.001296,0.0011321,0.0012138,0.0019612,0.0013172,9.86e-05,0.0011751,0.0044398,0.0052888,0.0022504,0.0029652,0.0048999,0.0043759,0.0079092,0.0039768,0.010745,0.0013138,0.00023376,0.00095711,0.0001829,0.00022946,0.00054221,0.00078915,0.00023205,0.00011012,0.00039301,0.00038366,0.00013498,0.0004613,0.00035403,0.00080347,0.00080856,0.00081386,0.00095154,0.0010529,0.00092326,0.00040655,0.0015008,0.00069304,0.00070421,0.0011739,0.0008557,0.0023393,0.0055107,0.0031701,0.0013748,0.0034554,0.0072323,0.003955,0.032953,0.039133,0.020598,0.0076842,0.0019323,0.003233,0.0068878,0.013128,0.0084689,0.00090815,0.0022978,0.00065778,0.00030631,0.00049587,0.0011551,0.00034671,0.00046749,0.0013695,0.0011452,0.00082176,8.0336e-05,0.0015846,0.0018249,0.00070837,0.0019478,0.0024617,0.0018885,0.0011425,0.00085635,0.00054328,0.0016798,0.0019891,0.001748,0.0011704,0.0016672,0.0021374,0.0030577,0.0029852,0.0029221,0.0027387,0.001596,0.001753,0.0014978,0.0012359,0.0022089,0.0035228,0.0020109,0.0015051,0.0019234,0.0015012,0.0013299,0.0015859,0.0014,0.0018012,0.0028533,0.002796,0.003495,0.0022895,0.0042672,0.0032577,0.0042142,0.00063856,0.0030268,0.011375,0.015697,0.030913,0.042887,0.021071,0.0038489,0.0030828,0.0031074,0.0030131,0.00099178,0.0044498,0.0026126,0.0012943,0.0021379,0.0009567,0.00037399,0.0032714,0.0033143,0.0032557,0.0051914,0.0031503,0.000909,0.0011547,0.0014058,0.0017249,0.0031234,0.003191,0.0016388,0.0011193,0.002826,0.0015976,0.0001919,0.0023383,0.0018175,0.0010124,0.0016248,0.00040203,0.0016414,0.00064758,0.00064082,0.00075226,0.00023597,0.00095008,0.0012941,0.0013199,0.00091724,0.0011005,0.0010275,0.0006156,0.00049646,0.0025915,0.00032955,0.00081677,0.0007872,0.0017822,0.00029534,0.0025984,0.00097977,0.0010851,0.0023219,0.005054,0.020466,0.024207,0.0075461,0.0036156,0.0063097,0.031681,0.04947,0.095168,0.071216,0.035134,0.018761,0.0035597,0.0038703,0.0086003,0.014113,0.010687,0.010032,0.0086518,0.0028234,0.0017658,0.0013446,0.0049318,0.0043539,0.0025701,0.001768,0.0011839,0.0010072,0.00047859,0.0010907,0.0024956,0.0032786,0.0009802,0.0016142,0.0018701,0.0029571,0.0029642,0.0027068,0.0040716
0.0033214,0.0028262,0.00080893,0.0013713,0.0027245,0.0032846,0.0016845,0.001235,0.001907,0.00056277,0.00059334,0.0034875,0.0037843,0.0013997,0.0017846,0.0031653,0.0041187,0.0013703,0.0029109,0.0012394,0.0022091,0.0028659,0.0012419,0.0030954,0.0035574,0.0024881,0.0010913,0.00035024,0.00096893,0.0020039,0.0025887,0.0036834,0.0059549,0.00538,0.003245,0.0069728,0.0090692,0.0076492,0.0021274,0.0070059,0.012509,0.0073824,0.0014482,0.0035563,0.0057527,0.004705,0.0027744,0.0028978,0.0031383,0.00016826,0.00055987,0.001623,0.0019048,0.0017063,0.0005359,0.0024383,0.0029585,0.0014324,0.0024117,0.0013254,0.0024833,0.0037146,0.001954,0.00071766,0.0028906,0.0057013,0.00084878,0.003113,0.0052467,0.0047717,0.0031243,0.0015604,0.0037761,0.0044622,0.0017073,0.0049974,0.0042764,0.0021521,0.0018068,0.0038344,0.0051744,0.0042886,0.0021628,0.0010809,0.0042819,0.0044676,0.0029653,0.0024254,0.002817,0.0061227,0.0043615,0.0051001,0.0022548,0.0055079,0.010282,0.0031466,0.0039405,0.020225,0.040813,0.028727,0.0036364,0.0078492,0.0053918,0.0067151,0.025451,0.04637,0.021737,0.0060082,0.0060362,0.0037768,0.0025771,0.0025106,0.0011726,0.0028844,0.004484,0.0037256,0.0014744,0.0017768,0.0035921,0.003709,0.002357,0.00034332,0.0016318,0.003174,0.0036441,0.0012665,0.00063546,0.0017388,0.0036846,0.0032396,0.00093036,0.00083256,0.00034291,0.001095,0.00056952,0.0002044,0.00037829,0.00059745,0.00042951,0.00031496,0.0015795,0.0018871,0.0005728,0.0013451,0.00095953,0.00092927,0.0003551,0.00083893,0.0010237,0.00093309,0.002289,0.0031574,0.0026564,0.0028505,0.0017244,0.0033908,0.0033374,0.002432,0.0048784,0.0087832,0.0030829,0.0014238,0.0058766,0.011768,0.0078958,0.0032545,0.0066613,0.0091919,0.0062045,0.01523,0.019461,0.007044,0.0020088,0.0012463,0.0025858,0.0021009,0.00017922,0.0021282,0.0021452,0.00083133,0.0004929,0.00050346,0.0016293,0.0019669,0.00077419,0.00062534,0.0019521,0.0038432,0.0046481,0.0071254,0.0036829,0.0016697,0.003931,0.0028829,0.001445,0.00017635,6.3231e-05,0.00051095,0.00061416,0.00084508,0.00068757,0.000906,0.00038556,0.00027873,0.00010729,0.00054521,0.00060777,0.0005175,0.00029865,0.00037441,0.00032507,0.0006266,0.00051414,0.00036834,0.0008194,0.00061145,0.00035564,0.00062439,0.0010217,0.00085945,0.0012012,0.00088425,0.00082246,0.0042001,0.0084029,0.0037626,0.0008945,0.013473,0.038612,0.04305,0.015166,0.013369,0.0077368,0.005295,0.0090125,0.013,0.0080271,0.0015494,0.0011026,0.0011273,0.00024445,0.00070736,0.001282,0.00082587,0.00052649,6.905e-05,0.0013995,0.00225,0.0018421,0.0010727,0.0016682,0.00049929,0.001755,0.0025701,0.0026304,0.0030509,0.0033402,0.0031308,0.0026521,0.00081585,0.0011866,0.0015016,0.001153,0.0016083,0.0026341,0.0025585,0.0018691,0.00084744,0.0025699,0.0016747,0.003959,0.0030729,0.000705,0.0020184,0.0023576,0.0016863,0.0040147,0.007091,0.0044505,0.0014642,0.001588,0.0022444,0.00159,0.0035351,0.0037173,0.0042697,0.0083447,0.013864,0.034824,0.060178,0.031609,0.01148,0.010597,0.0051602,0.011311,0.016054,0.023549,0.023059,0.011846,0.01208,0.013412,0.0044306,0.0022645,0.0033785,0.0046769,0.0023554,0.0013299,0.00081842,0.00075018,0.0025082,0.0021176,0.0011141,0.0020087,0.0028659,0.0011816,0.0013146,0.001209,0.0018846,0.002929,0.0016133,0.001345,0.0019716,0.0019488,0.0010209,0.0016522,0.0011532,0.000726,0.00091539,0.0010551,0.00068594,0.0002594,0.00039259,0.00091876,0.0010795,0.0011962,0.0015705,0.0011923,0.00060494,0.00030924,0.00015569,0.00066723,0.00088371,0.00017109,0.0001737,0.00061994,0.00089501,0.0013606,0.00063007,0.0028523,0.0037029,0.002295,0.00088523,0.0032938,0.0026138,0.0082873,0.010775,0.0082425,0.0076648,0.012278,0.014323,0.0029784,0.0028026,0.0020091,0.0021436,0.0032355,0.0031879,0.002847,0.0022801,0.0022228,0.0025118,0.0015698,0.00020581,0.0007162,0.00086415,0.0014315,0.00093838,0.0010444,0.0017457,0.00090694,0.0010769,0.0021535,0.0029757,0.0011324,0.0013872,0.0025571,0.0028948,0.0038586,0.0022555,0.0014625,0.00098294,0.0014825,0.00089533,0.0010744,0.00075432,0.00078033,0.0012711,0.0013236,0.00091261,0.0010104,0.0016269,0.0024523,0.0017152,0.00049347,0.00052863,0.0010085,0.00091239,0.00095072,0.0011011,0.00069778,0.00123,0.00072295,0.00070644,0.00020874,0.0010994,0.0015579,0.0016559,0.0023761,0.0068349,0.0097611,0.0082433,0.0067253,0.0090786,0.018187,0.033869,0.023349,0.014588,0.021768,0.0078289,0.0060437,0.0085812,0.0069415,0.0033156,0.0030873,0.0016263,0.0022502,0.0017724,0.0001469,0.001289,0.00080105,0.0010092,0.0014578,0.00074128,0.0013013,0.0021026,0.0010262,0.0012177,0.00062805,0.0022083,0.0037106,0.0034151,0.0024843,0.00047624,0.0011926,0.00052928,0.00012666,0.0031965,0.0061255,0.010109,0.0043415,0.0029414,0.0049922,0.0031563,0.0079475,0.0091208,0.0044503,0.0018846,0.0056359,0.0054813,0.0044395,0.0075549,0.0055231,0.0052326,0.0020862,0.0052755,0.0039666,0.0072205,0.0061267,0.00636,0.0067233,0.0060543,0.0039725,0.013449,0.018397,0.0095587,0.021564,0.023216,0.06096,0.10302,0.18141,0.12462,0.017453,0.038292,0.020924,0.0079489,0.0069264,0.015477,0.0075267,0.0022038,0.0084886,0.0084162,0.0040384,0.0082126,0.0051246,0.0071105,0.0031613,0.0032242,0.0072878,0.0058645,0.0037108,0.0026845,0.0063591,0.0034054,0.0030087,0.0047781,0.0086386,0.0057066,0.0025743,0.0046312,0.00041003,0.0023567,0.0041913,0.0060203,0.011746,0.0056285,0.0025253,0.0013856,0.0036917,0.0020935,0.0017007,0.0024512,0.004048,0.0047766,0.0024956,0.0042704,0.0024421,0.0021087,0.0032632,0.0028435,0.0033043,0.0031653,0.0027621,0.0042067,0.0084175,0.0094807,0.0089769,0.0067527,0.0084723,0.0064039,0.0067087,0.012991,0.012811,0.047646,0.076885,0.13235,0.092564,0.01292,0.017562,0.016735,0.011423,0.012282,0.016945,0.017667,0.012534,0.0089825,0.0064253,0.0055336,0.005177,0.0035011,0.003047,0.0062687,0.0049737,0.00034274,0.0039317,0.0037325,0.0030523,0.0051731,0.0022605,0.00075666,0.0018858,0.0028299,0.005262,0.0047656,0.0020329,0.0044015,0.0018841,0.0024853,0.0029715,0.0030807,0.0029677,0.0011587,0.003062,0.0037423,0.0022135,0.00017126,0.00096574,0.0026346,0.0031946,0.0026903,0.0013943,0.00081315,0.0026596,0.0028001,0.0013389,0.0018499,0.0011307,0.001185,0.0015907,0.0014637,0.0030157,0.0024385,0.00065273,0.0018473,0.0036424,0.0033077,0.0018945,0.0051651,0.011827,0.017199,0.016053,0.0044399,0.011982,0.011208,0.0071948,0.0073407,0.014594,0.015772,0.0032908,0.0040699,0.0018678,0.003633,0.0042333,0.0034918,0.0053275,0.0031869,0.00072398,0.00073634,0.0014159,0.0023016,0.0014027,0.00086253,0.0016528,0.0026514,0.00078538,0.00082281,0.002907,0.0065201,0.0059852,0.0021473,0.0019022,0.0026075,0.00099241,0.0011785,0.00094261,0.0014942,0.0022215,0.00073319,0.00070055,0.0011545,0.0030242,0.004211,0.0024344,0.0012713,0.0011139,0.0032565,0.0023421,0.003829,0.0019621,0.0039882,0.0046805,0.0040458,0.0018882,0.0044212,0.0071118,0.005535,0.0039086,0.004495,0.0039249,0.0033325,0.0049094,0.013065,0.017409,0.017111,0.015085,0.018498,0.019744,0.011192,0.0056367,0.024392,0.044622,0.046317,0.05809,0.043074,0.033046,0.029089,0.020958,0.017365,0.010965,0.007585,0.005621,0.0031611,0.0049947,0.0060096,0.0044016,0.0047332,0.004786,0.0041918,0.0031981,0.00066985,0.0021026,0.0041817,0.0023102,0.0030804,0.005667,0.0024987,0.0018686,0.0043928,0.0036583,0.0047222,0.0059007,0.0049139,0.0031965,0.0017852,0.0025596,0.0029595,0.0039502,0.0052799,0.0038809,0.0033222,0.00497,0.0049757,0.0050081,0.0069106,0.0064878,0.0048777,0.0071269,0.0092543,0.0079615,0.0060157,0.0059232,0.0070412,0.012228,0.019819,0.022925,0.026265,0.028189,0.016025,0.016106,0.030139,0.054056,0.049255,0.022089,0.033289,0.034484,0.047406,0.066189,0.044779,0.042889,0.014872,0.012428,0.019483,0.016836,0.010886,0.0049217,0.0030065,0.0052176,0.0056566,0.0025669,0.0015069,0.0042622,0.0087452,0.0077544,0.0044691,0.0061106,0.00602,0.010049,0.008658,0.0074141,0.010243,0.0035294,0.0054547
0.0010937,0.0036059,0.0022725,0.0020635,0.0021622,0.0017582,0.0021583,0.001757,0.0022383,0.002346,0.00082602,0.00096655,0.002434,0.0018094,0.0016674,0.0018707,0.002737,0.0033883,0.0027168,0.0015175,0.00037772,0.00094721,0.0012385,0.00030415,0.0017081,0.0016395,0.0012853,0.0035193,0.0041075,0.0016514,0.00424,0.0041286,0.0025628,0.0014872,0.0034911,0.0057433,0.0095118,0.018558,0.014059,0.0066069,0.0048418,0.0040798,0.00199,0.0013507,0.0005892,0.0011026,0.0015812,0.0018457,0.0039706,0.0043458,0.0031608,0.0028186,0.0011753,0.0018722,0.0024109,0.0014492,0.0016655,0.0012114,0.00071885,0.002202,0.0029677,0.0016198,0.000827,0.0015944,0.0017993,0.0053299,0.0047009,0.0036389,0.0015276,0.0076573,0.0058517,0.0031014,0.0014416,0.0007256,0.0016695,0.0043823,0.0051136,0.0060412,0.005379,0.0025225,0.0046458,0.0045184,0.0051899,0.0058658,0.0056576,0.003044,0.0069221,0.005366,0.0030267,0.0087054,0.0072494,0.0035825,0.0075209,0.020044,0.0073187,0.033059,0.033505,0.0011021,0.010228,0.0080462,0.0083942,0.0029454,0.021476,0.017253,0.012666,0.014687,0.0039838,0.0076265,0.0058846,0.0042053,0.0036235,0.0029297,0.0039508,0.0045525,0.0015715,0.0038568,0.005307,0.0063769,0.0054446,0.0025747,0.0023193,0.0026439,0.0026535,0.0028226,0.00092188,0.0027422,0.0029794,0.0018871,0.0014414,0.0036298,0.00069691,0.0010479,0.0012794,0.00083785,0.0015208,0.001135,0.00058522,0.0008543,0.00060258,0.0020795,0.0028534,0.0016593,0.0018451,0.0026954,0.0010646,0.0024448,0.0025839,0.00049924,0.00066383,0.0011164,0.000458,0.00095036,0.001377,0.0023857,0.0039244,0.0031131,0.0031994,0.0082668,0.0088627,0.00095693,0.015605,0.017669,0.0054658,0.0021059,0.00098049,0.00065175,0.010862,0.026285,0.01957,0.0056071,0.0052743,0.0024455,0.0013828,0.0014406,0.00061942,0.00074084,0.00014096,0.00098528,0.0013817,0.0012745,0.00078411,0.000507,0.00078776,0.0010684,0.0018909,0.0021099,0.0015175,0.0020169,0.00081818,0.0011844,0.00088047,0.0029561,0.0048549,0.0057025,0.0094193,0.0015379,0.0019879,0.00081059,0.00064755,0.00071375,0.00056601,0.00091268,0.00097037,0.00073438,0.00041587,0.00025589,0.0010303,0.00065858,0.00019545,0.00028453,0.0005105,0.00037734,0.0011668,0.0011777,0.0012346,0.00096615,0.0013996,0.00132,0.00028392,0.00098209,0.0032716,0.002679,0.004105,0.0090094,0.0061355,0.027357,0.044037,0.019948,0.0020876,0.0022591,0.0031844,0.004914,0.016306,0.016944,0.0060105,0.0025249,0.0021161,0.0018693,0.0010307,0.0029478,0.0027428,0.0012547,0.00081044,0.00058554,0.00059193,0.00073238,0.00026925,0.0005153,0.0013312,0.0014252,0.00023113,0.0017838,0.0020219,0.0021673,0.0015599,0.0026412,0.0022067,0.0024865,0.0049947,0.0060299,0.0050591,0.0046103,0.00077548,0.0037136,0.0029166,0.0014551,0.00061139,0.00090976,0.0011429,0.0012128,0.003327,0.0021762,0.0014833,0.0022927,0.0043597,0.0054511,0.0016344,0.0024214,0.001105,0.0008758,0.0013595,0.0031901,0.0042434,0.0024876,0.0039679,0.0041359,0.0092452,0.030946,0.053491,0.025465,0.015823,0.018018,0.008789,0.0063266,0.0067086,0.016699,0.0074137,0.021736,0.019005,0.009568,0.0034669,0.0026912,0.00063337,0.00023374,0.0022289,0.0033875,0.0014163,0.0011712,0.001271,0.0024693,0.0036093,0.0035818,0.00017401,0.0027523,0.0017323,0.0027842,0.0012369,0.0015602,0.00146,0.00069978,0.0017839,0.0028294,0.0015289,0.0011226,0.0020531,0.0013559,0.00093073,0.00089468,0.00045221,0.0011065,0.0019375,0.001136,0.00068014,0.00063992,0.0010087,0.00055462,0.00074771,0.00057914,0.0014048,0.0015408,0.00093908,0.0015161,0.0010743,0.0021082,0.0029006,0.0015426,0.00073202,0.0013616,0.0006332,0.0018815,0.0027314,0.0032014,0.0084519,0.01306,0.0052538,0.012914,0.020567,0.011684,0.0021668,0.0006683,0.0016577,0.0031333,0.0074897,0.0080792,0.0050375,0.0026717,0.002036,0.0017391,0.0031787,0.003896,0.0027306,0.0012149,0.00044665,0.00090029,0.0004353,0.0019621,0.0015649,0.00099966,0.00044854,0.0016272,0.00072098,0.0032806,0.0020678,0.0014095,0.0018472,0.0011388,0.00071902,0.0026416,0.0044736,0.0030441,0.0012564,0.00059309,0.00085679,0.00020818,0.0012643,0.00088362,0.00090031,0.0020734,0.0022661,0.00063035,0.0009205,0.00079795,0.0012622,0.001517,0.001328,0.0011431,0.0014438,0.0018309,0.001403,0.0012228,0.0021274,0.0033155,0.0035152,0.0039852,0.0032812,0.0031256,0.0082973,0.012093,0.0050461,0.0049087,0.02552,0.034607,0.014855,0.0076344,0.0035712,0.015689,0.011856,0.012005,0.01434,0.0092482,0.0052349,0.0037832,0.0024717,0.0020807,0.0013222,0.0004119,0.00094654,0.0022289,0.0026815,0.0019327,0.001171,0.0012033,0.0018527,0.0010844,0.00081129,0.00050158,0.0017807,0.0018874,0.0011737,0.00096784,0.0013258,0.0013364,0.00073998,0.0001613,0.00093854,0.0052433,0.0042257,0.0031688,0.001468,0.00034102,0.0031704,0.0046417,0.007241,0.0084868,0.0078781,0.0088319,0.0081631,0.009036,0.0068882,0.0015273,0.006751,0.0093028,0.0075538,0.005365,0.0012861,0.0099807,0.015769,0.015725,0.016027,0.01915,0.014982,0.02005,0.037956,0.034798,0.055438,0.13992,0.19358,0.073706,0.03399,0.016851,0.019947,0.012762,0.016711,0.01833,0.013292,0.0097438,0.003474,0.012152,0.013185,0.013176,0.0059155,0.0066708,0.0066291,0.007896,0.0074174,0.0029654,0.0053173,0.0081948,0.0026875,0.002804,0.0033556,0.0060421,0.0048033,0.0040901,0.0072992,0.0039201,0.00019345,0.0035419,0.0054318,0.0069541,0.0025387,0.0033757,0.0018183,0.0025625,0.00078843,0.0033258,0.0037557,0.0052241,0.003169,0.0044599,0.0077046,0.0039718,0.0036052,0.0039471,0.0048681,0.0056569,0.0062719,0.0063794,0.0058126,0.0058194,0.0054015,0.0077208,0.011901,0.016108,0.017245,0.0097704,0.01809,0.03447,0.028882,0.041812,0.095916,0.13225,0.047618,0.022051,0.015919,0.014309,0.01195,0.03452,0.039911,0.031533,0.016988,0.0098649,0.0069531,0.0065321,0.0097848,0.011533,0.014364,0.012485,0.008846,0.0039625,0.0038736,0.0052693,0.0041617,0.0026496,0.005253,0.0055343,0.0036928,0.00071013,0.0037581,0.0025857,0.00099902,0.0047747,0.0043587,0.00423,0.0049062,0.0038263,0.0028318,0.00048581,0.00057559,0.0016761,0.0018068,0.00065168,0.0016286,0.0020753,0.00040077,0.001527,0.0028632,0.0024389,0.00095888,0.0032455,0.0025281,0.0021238,0.0014861,0.0028053,0.0044208,0.0028905,0.0020247,0.002836,0.0036343,0.0043808,0.00066138,0.0047765,0.00084605,0.0033515,0.0037906,0.0165,0.020346,0.012927,0.0071048,0.0070627,0.0058358,0.0051137,0.014707,0.016323,0.0089622,0.003977,0.0015824,0.0014066,0.0035326,0.0052348,0.0039033,0.0029612,0.0046742,0.006133,0.0020669,0.0032683,0.0028532,0.0021238,0.0022561,0.0020591,0.0019446,0.0020096,0.0021887,0.002033,0.0010099,0.0030892,0.0016571,0.0017771,0.003212,0.0047253,0.003575,0.0061153,0.0036406,0.0027749,0.0027328,0.0013532,0.0038527,0.002993,0.0014683,0.0027584,0.003381,0.0045461,0.0027576,0.0019107,0.0026923,0.0043284,0.003956,0.0041122,0.0043172,0.0044253,0.0029496,0.0031904,0.0027454,0.001114,0.003125,0.0063327,0.0036046,0.00066127,0.0027875,0.0039528,0.0019306,0.0033731,0.0029597,0.00087773,0.0017645,0.0042797,0.0071133,0.013808,0.013634,0.011468,0.0066242,0.0026541,0.0034643,0.0017495,0.00096035,0.0031812,0.0020035,0.0055192,0.0081113,0.0030064,0.00082775,0.0023142,0.0032564,0.0012506,0.0020554,0.0033643,0.0018598,0.00031748,0.0030908,0.0033183,0.001242,0.0027863,0.0043426,0.0037125,0.0052522,0.0019135,0.0010586,0.0017217,0.00075852,0.00040048,0.0023666,0.0032589,0.001083,0.001215,0.0015725,0.00048157,0.00034547,0.0021017,0.004023,0.00242,0.0025954,0.0016324,0.0028835,0.0026959,0.00098356,0.0018451,0.0016261,0.00057842,0.00070946,0.0055302,0.0059319,0.0019721,0.0069242,0.017895,0.01696,0.016521,0.04346,0.03226,0.011469,0.027173,0.023291,0.029266,0.090281,0.11468,0.054425,0.012367,0.011891,0.0070293,0.017245,0.03713,0.028719,0.014183,0.00096219,0.0051455,0.0037647,0.013758,0.011603,0.0040444,0.0036103,0.002162,0.0028861,0.0077948,0.0062605,0.0028929,0.0026162,0.0041223,0.012451,0.016096,0.015485,0.013846
0.0061264,0.00077318,0.0021868,0.0022496,0.00071087,0.0039439,0.00087874,0.003444,0.0016906,0.0024701,0.0021453,0.0025986,0.0031327,0.0016582,0.0036056,0.0025596,0.00045402,0.0022749,0.0040059,0.0013095,0.0020727,0.0043019,0.001537,0.0014615,0.0029527,0.0019066,0.0025001,0.0012461,0.00050698,0.0010272,0.0019879,0.0024721,0.004721,0.003087,0.0030063,0.0025661,0.0046274,0.0047263,0.0052149,0.0045641,0.005596,0.01347,0.01848,0.0068635,0.0092983,0.0059974,0.015971,0.033693,0.034977,0.019302,0.00099332,0.0073132,0.0068678,0.0070798,0.0029862,0.0025267,0.0027417,0.001678,0.0027563,0.0017821,0.0028726,0.0018129,0.0017903,0.0015655,0.00072177,0.0010818,0.0019046,0.0025919,0.0027333,0.00087113,0.0027063,0.0033307,0.002287,0.0016773,0.0014187,0.00073495,0.0014329,3.6291e-05,0.0019582,0.003426,0.0042459,0.0016618,0.0026026,0.0050641,0.0049883,0.0042651,0.0029474,0.0026458,0.00083214,0.0021181,0.0018152,0.0012728,0.0010386,0.0014125,0.0027481,0.0039916,0.006128,0.0035927,0.0065027,0.0078208,0.0081764,0.015322,0.015533,0.0073745,0.0076437,0.011095,0.024764,0.036491,0.016416,0.0076987,0.0083981,0.017592,0.0093985,0.014701,0.0081617,0.035798,0.043124,0.032405,0.016534,0.0042068,0.0018104,0.0041665,0.0049946,0.0043647,0.0021071,0.001859,0.0018317,0.0016592,0.0022924,0.00086807,0.00046808,0.0013365,0.0016241,0.0012721,0.00050775,0.00051488,0.00060092,0.00023542,0.00078974,0.00052426,0.00075637,0.00074873,0.00061064,0.00092065,0.00066272,0.00063968,0.001247,0.00068426,0.0015937,0.0027456,0.0032112,0.0035053,0.0035463,0.0034894,0.0031165,0.00098251,0.0014666,0.00045628,0.0019548,0.0035769,0.0019304,0.0021964,0.0031039,0.0038403,0.0011011,0.0039646,0.009072,0.0080893,0.0040296,0.00035669,0.0039689,0.0066521,0.014858,0.0072006,0.0062444,0.004139,0.010104,0.01145,0.010009,0.0088883,0.0090359,0.0087329,0.0049702,0.0042025,0.0040475,0.0054071,0.005028,0.0018581,0.00060948,0.0021075,0.0026113,0.00091341,0.0011147,0.0010949,0.00091026,0.0029424,0.0046203,0.0044248,0.0028267,0.0028917,0.0026925,0.0023887,0.002542,0.0032134,0.0020045,0.00016414,0.0027754,0.0035039,0.0025705,0.00051691,0.0021074,0.0012301,0.0016412,0.0015137,0.0012088,0.0025536,0.0027849,0.0025171,0.0020213,0.002271,0.0035953,0.0036377,0.0044967,0.0043758,0.00055399,0.0068398,0.011191,0.0069944,0.010956,0.0053001,0.01004,0.010973,0.020237,0.0027594,0.012615,0.0089623,0.029432,0.029575,0.017632,0.012449,0.0050819,0.0030206,0.0045059,0.0069927,0.0056305,0.005,0.0086155,0.0073119,0.004274,0.0040309,0.0042276,0.0024012,0.0015288,0.0039119,0.0049286,0.001651,0.001918,0.0019784,0.0049371,0.0066725,0.0029267,0.0050515,0.0045647,0.0031361,0.0028589,0.0017947,0.0015853,0.0011632,0.0004395,0.0009107,0.0028586,0.0037232,0.0011257,0.0014252,0.0025763,0.0018346,0.0017663,0.0014781,0.0031614,0.0026774,0.0024273,0.0015302,0.0018537,0.0018737,0.0042837,0.0080722,0.0058856,0.0012738,0.011454,0.0027663,0.012686,0.014368,0.015884,0.0080022,0.0055353,0.014519,0.016405,0.013386,0.0060269,0.0078755,0.0016851,0.0040059,0.0053654,0.0061676,0.0028826,0.0050763,0.0033804,0.0041938,0.0061875,0.0052307,0.0045278,0.0049762,0.0043917,0.0047632,0.0033761,0.0015519,0.0038401,0.0044536,0.0031196,0.0020126,0.0044374,0.0019349,0.00053524,0.0016281,0.0016243,0.00040445,0.00078683,0.00098792,0.00013859,7.3628e-05,0.00038366,0.00092419,0.0012271,0.00080334,0.00014951,0.00069301,0.001607,0.0011052,0.00076686,0.00069623,0.00062924,0.00090172,0.0011166,0.00063514,0.0021992,0.0021904,0.0015739,0.00041908,0.0025295,0.0023122,0.0029406,0.00045974,0.0024553,0.002986,0.0026792,0.0027155,0.0037484,0.0096658,0.0069319,0.0085314,0.010446,0.011533,0.007327,0.0045896,0.0019225,0.0027936,0.0056614,0.0045232,0.0061459,0.0083871,0.0055937,0.00094387,0.0054344,0.005427,0.0030025,0.0013665,0.0013922,0.0029155,0.0019978,0.0036419,0.005395,0.005236,0.0026771,0.00090501,0.00037699,0.0026898,0.0052123,0.0030606,0.0020875,0.0025504,0.00228,0.0026721,0.0025687,0.0035208,0.0030934,0.00086006,0.0012519,0.0003578,0.0026314,0.0039172,0.0020489,0.0017561,0.0017579,0.00022731,0.0022494,0.0022715,0.0016494,0.00056313,0.0012167,0.0017822,0.0014537,0.0018142,0.0015946,0.0032211,0.0040882,0.0028785,0.0027309,0.0024922,0.0054395,0.002998,0.0050491,0.0010255,0.0082924,0.013806,0.0065082,0.0055036,0.0058798,0.0057428,0.0081678,0.014133,0.0041827,0.010877,0.013534,0.011765,0.011009,0.0033888,0.0070466,0.012916,0.01244,0.0096811,0.006997,0.004446,0.0063035,0.0063542,0.0030435,0.00035524,0.00082746,0.0012718,0.0025991,0.0041867,0.0051487,0.0052492,0.0063512,0.0057993,0.0029901,0.010627,0.0098727,0.0048776,0.006442,0.0081101,0.0032028,0.0027263,0.0029115,0.0054648,0.0061555,0.0081603,0.0067396,0.0036401,0.0069457,0.008097,0.0062353,0.0063299,0.0031734,0.0040845,0.0069904,0.011536,0.01159,0.011988,0.015968,0.014055,0.01084,0.014605,0.0018053,0.0079273,0.00638,0.016986,0.002297,0.023723,0.05148,0.018978,0.025153,0.034831,0.052769,0.021044,0.051506,0.038135,0.071214,0.11298,0.10919,0.066254,0.031543,0.047115,0.052848,0.048325,0.039524,0.025313,0.015008,0.011105,0.0089373,0.0086258,0.0089242,0.0080005,0.011452,0.014439,0.012563,0.0087602,0.0088395,0.011318,0.011256,0.0060896,0.0034938,0.0041258,0.0050875,0.0051747,0.0025187,0.0041555,0.0054102,0.0051912,0.0066665,0.0026726,0.0026489,0.0021065,0.0037336,0.0023866,0.0040476,0.00346,0.0027783,0.0073112,0.0065117,0.0027088,0.0054617,0.010551,0.0099775,0.0067023,0.0073321,0.0097615,0.004925,0.01469,0.018053,0.015351,0.016917,0.011233,0.02708,0.026457,0.019874,0.037165,0.013988,0.049012,0.030603,0.041912,0.029546,0.0412,0.084156,0.084682,0.060708,0.039081,0.02438,0.013354,0.017608,0.020822,0.018147,0.015113,0.011269,0.012717,0.016592,0.010466,0.011788,0.027995,0.030131,0.01643,0.014922,0.011094,0.0076889,0.0098331,0.013563,0.0014418,0.00066147,0.00058906,0.0003894,0.00060192,0.0014588,0.0013755,0.0013171,0.00099398,0.003029,0.0026178,0.0014241,0.0007932,0.0011048,0.0028343,0.0032628,0.0023428,0.0013341,0.0015371,0.0022571,0.00091979,0.0011448,0.0019291,0.0016279,0.0011185,0.0033486,0.0035833,0.00073746,0.0015311,0.0039138,0.00492,0.0032287,0.0033291,0.0041071,0.0040087,0.0054834,0.0089535,0.0055266,0.0065478,0.010374,0.013385,0.02742,0.022465,0.01715,0.017236,0.01547,0.0091605,0.02255,0.016309,0.0089155,0.01538,0.0066458,0.0042362,0.007972,0.0050406,0.0024125,0.004475,0.0027688,0.0021608,0.0021974,0.00086984,0.0064151,0.0076679,0.0021156,0.00429,0.001474,0.0016217,0.0024908,0.001726,0.0013898,0.002451,0.0022567,0.0040581,0.0037097,0.0048333,0.0061587,0.0096806,0.0076677,0.0053151,0.0072152,0.0035349,0.0033468,0.0062223,0.0048774,0.0055095,0.0081791,0.0058694,0.006259,0.0094083,0.0081338,0.0044096,0.0023908,0.0049412,0.0058636,0.0039989,0.00045856,0.0062463,0.0060126,0.0006958,0.009396,0.0099056,0.0093546,0.010838,0.014211,0.018634,0.045945,0.052577,0.066178,0.013643,0.055592,0.028383,0.05583,0.10047,0.11044,0.09486,0.05627,0.023733,0.027034,0.025019,0.014425,0.0085882,0.0041224,0.0063732,0.01215,0.011688,0.0057332,0.0017388,0.0023995,0.0053805,0.0048137,0.0023406,0.0032278,0.0031982,0.0045205,0.0037808,0.0036824,0.0055859,0.0053693,0.0042646,0.0022235,0.0025047,0.0046193,0.0052143,0.00677,0.0075835,0.0045376,0.0035258,0.0033876,0.0055673,0.0087938,0.0076678,0.0086656,0.0062232,0.0075571,0.010294,0.0083903,0.0045135,0.0065242,0.0042991,0.008507,0.011956,0.013929,0.011406,0.00077331,0.010173,0.02395,0.023507,0.033199,0.0079356,0.0094588,0.029419,0.038017,0.080212,0.049791,0.048235,0.050432,0.024523,0.07484,0.091017,0.087797,0.069748,0.022663,0.022483,0.03386,0.015304,0.013289,0.0107,0.0024137,0.0054024,0.013157,0.017809,0.0089857,0.0071078,0.0041711,0.0055308
0.0017209,0.0033894,0.0056164,0.0051792,0.0045359,0.0040455,0.0062175,0.0056197,0.0013718,0.0047626,0.0044623,0.00070686,0.0039088,0.0048215,0.0025012,0.0025516,0.0033676,0.0022183,0.0029232,0.0023588,0.0010421,0.0044997,0.0066903,0.0045826,0.0010768,0.0031211,0.0042622,0.0023434,0.0019797,0.004377,0.004275,0.0046785,0.0011801,0.0040878,0.0013282,0.0033309,0.0065848,0.0086692,0.0047369,0.0010148,0.0030863,0.0021505,0.00085408,0.0024857,0.0012698,0.00074177,0.0024888,0.0029259,0.0015011,0.0033393,0.0026918,0.0018244,0.0025727,0.0029352,0.002256,0.0026801,0.0053432,0.004178,0.001579,0.0040951,0.0043979,0.00095738,0.0059734,0.0045993,0.0017808,0.00070046,0.0013473,0.0015038,0.001404,0.001681,0.0011392,0.00070053,0.0022134,0.0030863,0.001606,0.0021468,0.0018811,0.0022185,0.00042979,0.0034929,0.0027834,0.0059274,0.0011313,0.0062171,0.0048038,0.0093179,0.0057641,0.007987,0.0036765,0.004577,0.0053109,0.0023925,0.0027815,0.0082802,0.0023114,0.0037051,0.014286,0.038586,0.038597,0.02058,0.0062666,0.0019151,0.0059895,0.0077409,0.003812,0.014698,0.037741,0.034728,0.01208,0.0048479,0.0030778,0.003227,0.0018796,0.0012913,0.0017073,0.0012046,0.001449,0.0012365,0.0031873,0.0039679,0.0029147,0.0020432,0.00137,0.0034178,0.0029481,0.0048919,0.0069376,0.0048917,0.0069558,0.0059468,0.00061722,0.0017722,0.0024687,0.0013932,0.00035015,0.0013817,0.0011243,0.001557,0.0014833,0.0014714,0.0011806,0.00064989,0.0012557,0.00091989,0.0014393,0.00095925,0.00016634,0.0019101,0.0040334,0.0026572,0.0035968,0.0044848,0.00313,0.0052919,0.0047662,0.005274,0.0067471,0.0029659,0.003129,0.00076203,0.0031326,0.0056201,0.015086,0.011399,0.0046096,0.0041448,0.0087946,0.014991,0.0070791,0.0011347,0.0044865,0.013694,0.013126,0.004553,0.0015017,0.00076746,0.0013137,0.001681,0.00099315,0.00039011,0.0012482,0.002548,0.0014646,0.0010561,0.0012337,0.0018399,0.0062078,0.0055507,0.0010896,0.0015346,0.0010259,0.0009944,0.00082994,0.0014949,0.0038742,0.0010841,0.00052,0.00050892,0.00045269,0.00020244,0.00066508,0.00063919,0.0012998,0.00022384,0.00084613,0.0011446,0.001287,0.00072188,0.00093378,0.00075101,0.0020545,0.0015006,0.0016722,0.00091389,0.0023394,0.0026899,0.0031614,0.0036926,0.0047306,0.0025258,0.0037169,0.0035091,0.0045795,0.0076701,0.0019473,0.0051861,0.0054642,0.032529,0.041857,0.019985,0.0040982,0.0012672,0.0084063,0.0085439,0.0017575,0.0011695,0.0077148,0.010237,0.0057656,0.0015522,0.0007854,0.0009625,0.00091966,0.00041758,0.0003082,0.00095341,0.001528,0.0011217,0.00060093,0.0016259,0.0028057,0.0031027,0.0018824,0.0014073,0.0012241,0.0019627,0.0011467,0.00025525,0.0031335,0.004981,0.0026203,0.0037477,0.002612,0.0013439,0.00019575,0.002368,0.0034129,0.0032391,0.0029998,0.0021259,0.0019734,0.001514,0.0019193,0.0047365,0.0017083,0.0048854,0.0084787,0.0087364,0.008591,0.012076,0.012341,0.016051,0.013523,0.014772,0.011232,0.01131,0.0069976,0.030091,0.059768,0.04069,0.0082494,0.0027579,0.0090291,0.0090192,0.0061133,0.0051424,0.0097742,0.024667,0.021679,0.0059776,0.00067858,0.0012279,0.0038465,0.0027608,0.0021469,0.002948,0.001314,0.0013831,0.0014939,0.00091933,0.0006884,0.0010034,0.0006555,0.00012746,0.001059,0.0013369,0.0004242,0.0022891,0.0015376,0.00056127,0.0013843,0.0012352,0.0019837,0.0022832,0.000882,0.00051088,0.0009103,0.00054764,0.00036437,0.0010454,0.0017449,0.0019619,0.0011661,0.00092737,0.00060371,0.00038256,0.0022202,0.0010254,0.0009414,0.00090488,0.0021695,0.0016693,0.0041469,0.0024541,0.0032303,0.0030247,0.0037476,0.0033808,0.0039546,0.0021087,0.0030851,0.002582,0.010057,0.019467,0.0069404,0.0019283,0.0047446,0.010524,0.011229,0.0059782,0.0023201,0.0033388,0.0041647,0.0033511,0.00073637,0.00086398,0.0006365,0.0010399,2.6377e-05,0.00019334,0.00027482,0.0010013,0.00070399,0.00086291,0.00071636,0.00085398,0.001698,0.0015485,0.0007389,0.00051152,0.001312,0.00064715,0.0011661,0.0012662,0.0016391,0.0019627,0.0015085,0.001012,0.0015742,0.0029738,0.0013789,0.0011951,0.00030531,0.0013771,0.0015508,0.0014737,0.0011668,0.00026278,0.00038407,0.0010879,0.0013491,0.0022154,0.0017385,0.00169,0.0016158,0.0024145,0.0029292,0.0025309,0.0050977,0.0017011,0.0037564,0.0052439,0.00086738,0.0054335,0.0048478,0.0043898,0.0075042,0.0032922,0.0035273,0.0020534,0.011601,0.0080149,0.016446,0.027937,0.013306,0.0022137,0.0051827,0.017694,0.019902,0.010861,0.0053367,0.0054866,0.0064476,0.005672,0.0024749,0.0034488,0.00475,0.0045425,0.0029593,0.0020554,0.0015398,0.0010017,0.0026879,0.0032303,0.003195,0.0021038,0.0013034,0.00081467,0.00082532,0.0016853,0.0024213,0.0018879,0.0015352,0.0029569,0.0034708,0.0035322,0.0032067,0.0044472,0.0056886,0.0063289,0.0027214,0.001269,0.0034909,0.0064445,0.0074119,0.0047589,0.0044826,0.0022894,0.0066635,0.0055708,0.0056365,0.01172,0.006745,0.020745,0.017344,0.027766,0.035738,0.017429,0.032562,0.02928,0.013312,0.029655,0.034961,0.021704,0.022445,0.077444,0.041105,0.098038,0.14504,0.086953,0.03938,0.024073,0.021493,0.017428,0.0086899,0.0081318,0.018482,0.023463,0.021115,0.016308,0.012387,0.011187,0.010575,0.010183,0.011087,0.011225,0.011642,0.013255,0.011718,0.0078276,0.0034855,0.0010624,0.0064894,0.010183,0.0077381,0.0023088,0.0022119,0.00079223,0.005859,0.0091665,0.0010332,0.0028291,0.0043013,0.0090158,0.015485,0.009272,0.0032863,0.0046315,0.0052416,0.0042244,0.0041383,0.0035127,0.0046023,0.0030747,0.0032097,0.0060466,0.0081432,0.00042444,0.010236,0.009005,0.0036112,0.012667,0.0050599,0.012595,0.015626,0.010691,0.025168,0.029605,0.026881,0.014643,0.0588,0.0302,0.080934,0.1259,0.084161,0.046851,0.023897,0.0072988,0.014248,0.0069631,0.0069191,0.010405,0.0086678,0.005233,0.0050203,0.0048705,0.0047527,0.002753,0.0051459,0.0058496,0.0063921,0.0065072,0.0065519,0.0037016,0.00046265,0.0014871,0.002926,0.0061585,0.0067736,0.0043339,0.0044479,0.0058874,0.0052247,0.0057665,0.0067599,0.0016314,0.0011876,0.0017324,0.001975,0.00080003,0.0017874,0.0018402,0.00067918,0.0013713,0.0028782,0.0024385,0.0003342,0.0015641,5.4763e-05,0.0016716,0.002519,0.00043774,0.0010384,0.0014954,0.0034525,0.0012685,0.00091121,0.002929,0.0017414,0.0024105,0.002948,0.0017151,0.0044449,0.0024789,0.0022344,0.0035653,0.0024165,0.005305,0.0033436,0.0025279,0.0027389,0.0043208,0.0084071,0.0056506,0.001068,0.00076262,0.0025164,0.0020522,0.0018962,0.0013708,0.00067966,0.0027192,0.0018717,0.0024935,0.0049242,0.0037086,0.001133,0.0025103,0.0037234,0.0020381,0.0037514,0.0032459,0.00076738,0.00095417,0.0018698,0.0033292,0.0033769,0.0019615,0.0012519,0.0022628,0.0027393,0.0032158,0.0013024,0.001071,0.001344,0.0029361,0.0033693,0.0040782,0.0039757,0.0033774,0.0043042,0.0047169,0.00060937,0.004899,0.0022104,0.0058646,0.005368,0.0079527,0.0080371,0.0097939,0.01216,0.0096934,0.016184,0.015301,0.01863,0.023413,0.017302,0.014364,0.014383,0.0098936,0.014054,0.010323,0.0075033,0.011382,0.0042789,0.005286,0.0057449,0.018878,0.015688,0.0077496,0.0013177,0.0055166,0.004888,0.0048524,0.0045264,0.001855,0.0053751,0.0054188,0.0018667,0.0016365,0.0030406,0.0046839,0.0028776,0.0011003,0.0011678,0.0031647,0.0041275,0.0031594,0.0011357,0.0015864,0.0017249,0.0037826,0.0017384,0.0041373,0.0070629,0.00088596,0.0014796,0.0029873,0.0029381,0.0025312,0.0021429,0.00080065,0.0028536,0.0038851,0.0010335,0.002782,0.0019573,0.0043447,0.0040391,0.0025296,0.0033475,0.0035968,0.002033,0.0040448,0.0068362,0.0040036,0.0067537,0.0033591,0.010215,0.0013873,0.012502,0.0013773,0.020709,0.0236,0.0099119,0.012416,0.0028553,0.037991,0.030804,0.0035353,0.0062462,0.050705,0.087933,0.062558,0.044635,0.020304,0.027757,0.039467,0.018847,0.0011956,0.0068532,0.0040086,0.0036292,0.0039079,0.00096749,0.0032364,0.0034323,0.0017228,0.0013589,0.0030089,0.0011813,0.0042831,0.0052624,0.0055051,0.0093204,0.012444,0.0071907,0.01324,0.016855,0.0094897
0.0036123,0.0031366,0.0022908,0.0019995,0.0015021,0.00218,0.0025073,0.0030389,0.0025025,0.0018057,0.001558,0.0024204,0.0060493,0.0079676,0.003793,0.0023574,0.0046307,0.0057635,0.0042068,0.0043899,0.0067826,0.0054857,0.0055469,0.0076351,0.0067375,0.0013219,0.0036898,0.0045481,0.0027837,0.0010821,0.0013661,0.0043713,0.0036998,0.0033999,0.003943,0.0047253,0.0043055,0.0037597,0.0045445,0.004253,0.0035816,0.0016002,0.0020166,0.0024051,0.0028409,0.0021552,0.0015987,0.0017781,0.0006803,0.0015566,0.0025674,0.0019282,0.0015841,0.0022341,0.0019466,0.0025622,0.0015224,0.00053975,0.00075606,0.0011627,0.0020447,0.0016167,0.00041427,0.00030216,0.0012749,0.0032044,0.00045579,0.00052418,0.0012752,0.0011071,0.0030123,0.0071037,0.0075915,0.010034,0.01659,0.021977,0.033132,0.053334,0.047514,0.047436,0.040548,0.085125,0.13915,0.10204,0.1023,0.056613,0.027684,0.035007,0.021509,0.0056446,0.0019451,0.0085721,0.020527,0.016075,0.0097589,0.0068743,0.0020875,0.0020234,0.0033773,0.0037293,0.0067256,0.0076872,0.0074345,0.0060637,0.0042647,0.0035728,0.0036833,0.0039508,0.0036351,0.0034354,0.0044507,0.0034758,0.0039775,0.0031986,0.0020331,0.0026982,0.0035857,0.0032406,0.0026536,0.0026087,0.0042855,0.0046601,0.0034927,0.00090091,0.0020394,0.0027273,0.0032744,0.0028207,0.0021645,0.0014003,0.001349,0.00028471,0.00044552,0.00054597,0.0014532,0.0020422,0.0021941,0.0030141,0.0024899,0.0031014,0.0061916,0.0045655,0.0077282,0.008818,0.0068048,0.0009075,0.01162,0.024369,0.020239,0.023847,0.018466,0.016167,0.026477,0.0097595,0.014732,0.013881,0.0069258,0.012166,0.015879,0.014457,0.009906,0.0032533,0.0022044,0.0023665,0.0049395,0.0072888,0.0096237,0.0084585,0.0065842,0.0030948,0.0011035,0.0010788,0.0012122,0.0017422,0.0024146,0.0018101,0.0012714,0.0020726,0.0019521,0.0019214,0.00022848,0.0018412,0.00044907,0.0017074,0.0012886,0.0012876,0.0012728,0.0011616,0.00089782,0.00096226,0.0025553,0.0021883,0.0012369,0.0044337,0.0038452,0.00050289,0.00075548,0.00056486,0.00055959,0.0008983,0.00033271,0.00047538,0.001483,0.0044181,0.0062882,0.01082,0.015154,0.017863,0.017907,0.011002,0.0054356,0.011112,0.021892,0.015512,0.011196,0.0089805,0.0084067,0.012248,0.0049309,0.0027197,0.0097846,0.018175,0.021965,0.014442,0.0087361,0.00095585,0.0016478,0.0007891,0.0021765,0.0035426,0.0058886,0.0060334,0.004455,0.0035243,0.0032765,0.0039713,0.0025905,0.00056882,0.00072388,0.0023779,0.0013227,0.00088709,0.00021407,0.00087165,0.0011423,0.0014357,0.0026171,0.002565,0.0021146,0.0016157,0.0016432,0.0015691,0.00056391,0.00046709,0.00076573,0.0014819,0.0010806,0.00056389,0.0016379,0.0017731,0.004138,0.001954,0.0035509,0.0023372,0.0028494,0.00096353,0.001863,0.0046599,0.012235,0.016403,0.025257,0.028157,0.025879,0.017306,0.037213,0.025114,0.066783,0.15914,0.13771,0.13051,0.10754,0.017195,0.0087583,0.036378,0.035952,0.018881,0.015096,0.01531,0.01185,0.012781,0.021011,0.023616,0.023593,0.013568,0.0096896,0.0033934,0.0021762,0.00091655,0.0027317,0.0012841,0.0020836,0.0024765,0.0019553,0.0016422,0.0031218,0.0027507,0.00049743,0.0013761,0.0021824,0.0018363,0.0018172,0.0020211,0.0026364,0.0021197,0.00080566,0.0015139,0.0031195,0.0013522,0.00096301,0.00095947,0.0012273,0.0021423,0.00069006,0.00039402,0.00051896,0.0016087,0.0023038,0.0011382,0.00037123,0.00078575,0.0012382,0.0023128,0.0029785,0.0012295,0.0016707,0.0021407,0.0013142,0.0033863,0.0065496,0.0070601,0.0025292,0.013568,0.030809,0.028628,0.035645,0.023863,0.013726,0.022756,0.018104,0.024975,0.015686,0.0095382,0.023189,0.014681,0.006772,0.010817,0.01196,0.010723,0.0058105,0.0016336,0.0054895,0.0034186,0.0030221,0.00028783,0.0027993,0.0010598,0.00071169,0.00038883,0.0012867,0.00058597,0.0028449,0.0016512,0.0032721,0.0047169,0.0031572,0.00096623,0.0030984,0.0020193,0.00092245,0.00047949,0.0015722,0.0038958,0.0021217,0.0013666,0.002699,0.0048338,0.0044371,0.0037017,0.0040605,0.0029744,0.0024905,0.0023134,0.0027247,0.0017508,0.0010539,0.0013049,0.00086407,0.0026398,0.002808,0.005813,0.0079066,0.0068264,0.010967,0.013192,0.0070667,0.0069405,0.0095116,0.0088917,0.0090491,0.014936,0.0063403,0.0031165,0.0055881,0.0070838,0.0069563,0.0046564,0.0094332,0.01342,0.012813,0.010227,0.0076477,0.0062372,0.0058716,0.0057944,0.0055123,0.0064192,0.0064328,0.0068539,0.0059737,0.0050833,0.003713,0.0031862,0.0025249,0.0018794,0.0023264,0.001967,0.0027506,0.0034904,0.0024178,0.00074484,0.002127,0.0026492,0.0033484,0.0021163,8.2861e-05,0.00087858,0.0017422,0.0022028,0.0016178,0.00062683,0.0011095,0.00093109,0.00052194,0.00060169,0.00066712,0.0050101,0.0058779,0.0065428,0.004901,0.0056361,0.0039374,0.0027583,0.0095573,0.0073959,0.004301,0.015212,0.018374,0.019143,0.041466,0.060539,0.054977,0.10243,0.18662,0.14287,0.15562,0.09692,0.057115,0.098078,0.076388,0.040633,0.019189,0.04897,0.071891,0.079799,0.068771,0.054855,0.040316,0.031117,0.02472,0.019634,0.016506,0.013259,0.011511,0.0098794,0.0093842,0.0090695,0.0098068,0.008413,0.0086869,0.0080507,0.006656,0.0069095,0.0080778,0.0087877,0.0090392,0.0065206,0.0034415,0.004432,0.0045145,0.0045303,0.0051901,0.0046198,0.0031479,0.0031191,0.0056229,0.006492,0.0060241,0.0046524,0.0046573,0.0039255,0.0047571,0.0051706,0.0070744,0.0059546,0.0056555,0.0065459,0.0030738,0.001667,0.0032382,0.0090984,0.01208,0.011861,0.010722,0.018014,0.011873,0.019567,0.02022,0.0012201,0.0034861,0.033286,0.040998,0.053191,0.078368,0.049576,0.0030998,0.038534,0.052884,0.044864,0.035924,0.028826,0.021665,0.019504,0.024714,0.027233,0.022921,0.023158,0.021399,0.014572,0.008355,0.0072376,0.011531,0.012049,0.0085678,0.0073436,0.0062331,0.00051355,0.0092499,0.0097231,0.011035,0.010705,0.0028578,0.0023776,0.0046862,0.006618,0.0082378,0.0095657,0.0055223,0.0022454,0.0033225,0.0053869,0.0054166,0.0016508,0.0076469,0.010132,0.0069984,0.00060205,0.0011267,0.001766,0.0005915,0.0014333,0.0021291,0.0024494,0.0042312,0.0059541,0.006838,0.0079896,0.0093168,0.0082615,0.0048115,0.0024059,0.0039921,0.0032861,0.010676,0.0053461,0.0027965,0.0032862,0.0057069,0.0023239,0.0069934,0.0056344,0.0056961,0.015951,0.01615,0.010622,0.0058313,0.0027687,0.0044555,0.0085792,0.0066917,0.0072007,0.0072739,0.0075452,0.0069208,0.0061844,0.0031019,0.0032038,0.0021056,0.00074675,0.0009563,0.001206,0.0005551,0.00082768,0.0019249,0.0019176,0.0023238,0.0017891,0.00024383,0.0002904,0.0010945,0.0023048,0.0013913,0.00087779,0.0016468,0.0016752,0.0019052,0.0017062,0.0010753,0.00042409,0.0011595,0.0017262,0.0070094,0.0067592,0.007816,0.007981,0.010062,0.011769,0.012791,0.014137,0.017104,0.013485,0.010589,0.0044641,0.020144,0.036813,0.049377,0.020611,0.032697,0.17618,0.15929,0.14416,0.109,0.072451,0.094742,0.080046,0.041099,0.061303,0.059641,0.048413,0.037169,0.019198,0.030204,0.044681,0.033649,0.026117,0.0026459,0.0066339,0.0026713,0.0080771,0.0033899,0.0038575,0.0076712,0.0036452,0.0027587,0.0028409,0.0012933,0.001167,0.0067467,0.0052861,0.0020642,0.0035929,0.0044678,0.0043313,0.0052445,0.0086854,0.0052327,0.00669,0.0036271,0.0024907,0.0023487,0.0047685,0.0013374,0.0034768,0.0041462,0.0071959,0.0032833,0.0024159,0.0018918,0.0015589,7.0396e-05,0.0011284,0.0021347,0.0023814,0.0028003,0.00057485,0.0018074,0.002469,0.0018372,0.0046481,0.0068544,0.0076511,0.0012285,0.0036686,0.019942,0.018443,0.021566,0.01913,0.014655,0.019792,0.015554,0.016685,0.027239,0.024973,0.015804,0.013617,0.010232,0.01286,0.029791,0.043065,0.042989,0.035519,0.024398,0.015369,0.010064,0.0056668,0.0046991,0.0066786,0.0062849,0.0059788,0.0051451,0.0011455,0.0035906,0.0055272,0.0047016,0.0022257,0.0018228,0.0027984,0.0023512,0.002541,0.0023473,0.0032465,0.0014377,0.0019925,0.0018213,0.0011571,0.00058213,0.0013217,0.0024562,0.0030157,0.0027476,0.0025715
0.0040581,0.0059587,0.0049782,0.0040511,0.0011046,0.0033021,0.0047264,0.0017342,0.0042627,0.0046916,0.0017789,0.0031195,0.004433,0.0044841,0.0058657,0.0023504,0.001184,0.0019014,0.0030496,0.0088343,0.0079093,0.0025488,0.0013884,0.0021978,0.0034349,0.0012232,0.0029905,0.0040928,0.0019265,0.0044312,0.0021308,0.00051398,0.0037857,0.0039613,0.0026399,0.001451,0.0047822,0.0020252,0.00080518,0.0034344,0.0048909,0.0070447,0.0068249,0.0024777,0.0016643,0.0013265,0.0049522,0.0035428,0.00070531,0.004556,0.0034717,0.0012563,0.0022886,0.0018708,0.0023707,0.0054215,0.0046319,0.0024046,0.0044923,0.0041723,0.0036409,0.00096601,0.0017274,0.0028761,0.0028603,0.0025533,0.003199,0.0057102,0.003042,0.0027369,0.00323,0.0046467,0.0035532,0.0010164,0.0032041,0.0021488,0.0035959,0.0017379,0.0031482,0.0019322,0.0015818,0.0045293,0.0025442,0.0052646,0.0023976,0.014176,0.017278,0.0078044,0.0033499,0.0033801,0.012243,0.025238,0.020516,0.009545,0.0047801,0.0040355,0.0018304,0.005408,0.003156,0.0023808,0.0037164,0.00031376,0.0030658,0.0054718,0.0028909,0.006832,0.010629,0.013696,0.0069662,0.0018941,0.0049788,0.0046622,0.0024339,0.0020842,0.0027667,0.0019137,0.0013412,0.0033625,0.0040626,0.00097196,0.0027843,0.0032429,0.0017688,0.0011138,0.001543,0.001262,0.00047903,0.0026135,0.0039706,0.00088995,0.0003244,0.00041834,0.00049236,0.00040348,0.00085281,0.0013446,0.0015571,0.00098193,0.00034788,0.00061795,0.0031107,0.0046881,0.004945,0.0018257,0.0012541,0.0024907,0.0022351,0.0011092,0.00081361,0.0010467,0.004606,0.0070469,0.0010757,0.0031865,0.0037799,0.011479,0.02674,0.021408,0.0066996,0.0021969,0.0027719,0.0027949,0.0039259,0.0035419,0.0017973,0.0022129,0.0086693,0.010213,0.0039724,0.0032171,0.0041051,0.017788,0.01571,0.0020282,0.0015243,0.00044482,0.0013523,0.0022195,0.0017554,0.00016667,0.0011306,0.0017986,0.00084251,0.00071652,0.0012694,0.0053743,0.0099738,0.0062667,0.0026273,0.00053742,0.0024122,0.0022253,0.0012977,0.0008621,0.0012286,0.0017017,0.0014651,0.0012659,0.0011512,0.001027,0.00091795,0.001399,0.0014354,0.00070021,0.00097077,0.0013148,0.0019963,0.0016541,0.0015124,0.002113,0.0022629,0.0022561,0.0019321,0.0022583,0.0042896,0.0053585,0.0053712,0.0042885,0.01052,0.0091578,0.021708,0.038545,0.017927,0.0088435,0.0095811,0.0054964,0.0024397,0.00094095,0.0026561,0.0014384,0.0011909,0.0049532,0.0059198,0.0017349,0.00037482,0.0042136,0.009199,0.0046749,0.0038649,0.0036445,0.0033687,0.0032218,0.0024401,0.00072342,0.0010087,0.00073417,0.00015325,0.00036455,0.00062396,0.0019117,0.0015536,0.0012148,0.0018069,0.0011002,0.00089937,0.00027697,0.00060742,0.0007053,0.0023737,0.0034951,0.0022894,0.0021353,0.0014547,0.0014699,0.0020623,0.0026202,0.0033801,0.0035118,0.003905,0.0033118,0.0013036,0.0030097,0.0047029,0.0052736,0.0063907,0.0049609,0.0051282,0.012677,0.012413,0.020878,0.067217,0.073448,0.010295,0.015712,0.014233,0.0048166,0.009405,0.0041509,0.0062486,0.0082565,0.0050594,0.0053436,0.0044264,0.0032808,0.0057049,0.013136,0.030373,0.017448,0.015,0.016614,0.011328,0.0073076,0.0045619,0.0057581,0.0069099,0.007242,0.0066174,0.0051507,0.0039571,0.0045683,0.0034656,0.0029421,0.0042956,0.0035164,0.0020263,0.003113,0.0036483,0.0025024,0.0025328,0.0029538,0.0025514,0.002097,0.0024323,0.0032678,0.0034352,0.00039399,0.00058246,0.00045602,0.0016123,0.0011726,0.00064577,0.00055749,0.0009886,0.00042098,0.0015662,0.0011273,0.0010253,0.0012765,0.00059262,0.0016384,0.0011825,0.0020027,0.0016368,0.0013599,0.0022044,0.0026175,0.0016154,0.0033272,0.0065381,0.0062565,0.01365,0.025438,0.013927,0.0047315,0.0049978,0.0053795,0.0058341,0.0036899,0.0017098,0.0010179,0.0037,0.0088575,0.0070425,0.0043232,0.0034596,0.0016386,0.0011826,0.0011001,0.0014967,0.0016105,0.0015932,0.0016223,0.0010529,0.00063006,0.00086118,0.0014231,0.0014464,0.0014637,0.0016085,0.0016852,0.0014536,0.00044772,0.0012816,0.0010693,0.0015834,0.001897,0.0010985,0.0018244,0.0026259,0.0044677,0.00053592,0.00076321,0.00057281,0.00076339,0.00033489,0.00068257,0.00034724,0.00012877,0.00095896,0.00088207,0.00093704,0.0012563,0.00092534,0.00092711,0.0012042,0.00045499,9.7081e-05,0.001326,0.0011381,0.0016914,0.0077371,0.010939,0.0021142,0.0014813,0.0047838,0.014695,0.032813,0.02022,0.0051566,0.0042396,0.0060369,0.005615,0.0036681,0.0021468,0.0012642,0.010714,0.020631,0.016969,0.0045974,0.0026113,0.0017877,0.0039248,0.0025305,0.00060967,0.00071007,0.0010548,0.0015912,0.0010424,0.00045097,0.00020668,0.00018025,0.0009084,0.00088871,0.00029448,0.00042628,0.00060382,0.00029441,0.00074593,0.00058086,0.00028732,0.00022158,0.00025691,0.00021414,7.3567e-05,0.00035022,0.00078714,0.0024696,0.005839,0.0036717,0.0010238,0.00083016,0.0019578,0.0045307,0.0012178,0.0042352,0.0046113,0.0036987,0.0027631,0.00082277,0.0085773,0.010081,0.01068,0.0028759,0.0081583,0.011613,0.025189,0.022297,0.020062,0.014407,0.026183,0.10263,0.23839,0.13805,0.030533,0.010709,0.014005,0.003479,0.012059,0.0026524,0.0063685,0.010202,0.013002,0.012331,0.0018927,0.0079102,0.0045334,0.0062494,0.0063154,0.0033718,0.0042051,0.0016472,0.0076271,0.0060607,0.0017622,0.0051953,0.00038259,0.0034897,0.0037506,0.0018483,0.0018081,0.0028157,0.0039382,0.0017739,0.0032385,0.00086398,0.0048908,0.0028715,0.0008535,0.0010517,0.0016799,0.0011249,0.001357,0.0017276,0.001393,0.0012529,0.0025446,0.0015517,0.0024778,0.0025682,0.0018474,0.0021119,0.0019782,0.0027119,0.0027514,0.0037261,0.0034966,0.0049952,0.0031359,0.0059719,0.0056988,0.013445,0.00916,0.0062356,0.0037996,0.021189,0.070299,0.1585,0.093578,0.029829,0.033005,0.012053,0.013618,0.017842,0.012412,0.0079685,0.022862,0.043254,0.034699,0.01009,0.0050942,0.001979,0.0076828,0.0042181,0.0016006,0.0010215,0.0016183,0.0018165,0.0013523,0.0033274,0.0016067,0.0024133,0.0009296,0.00092602,0.0018095,0.0020174,0.0018108,0.00041775,0.0015791,0.00077637,0.0027244,0.00070456,0.00088477,0.00090435,0.0016483,0.0011109,0.0012577,0.001326,0.001967,0.00051953,0.0013475,0.00093526,0.0022326,0.0022403,0.0015482,0.0017876,0.0011875,0.0026118,0.002818,0.00039714,0.0012444,0.0020752,0.00092432,0.0026821,0.002473,0.0004697,0.0019443,0.0032451,0.0031126,0.0045827,0.0037597,0.0048211,0.0093674,0.0094896,0.005311,0.0033621,0.0027483,0.0010056,0.0028269,0.0046723,0.0036459,0.00010847,0.0013484,0.0020496,0.0042748,0.0030835,0.0044623,0.0058925,0.006205,0.0026839,0.001726,0.00085643,0.00086249,0.0018653,0.0025346,0.0027536,0.0024402,0.0025809,0.00085342,0.0021424,0.00079081,0.0022792,0.0024093,0.00012069,0.001494,0.0028483,0.0041171,0.0039083,0.0019301,0.001507,0.002622,0.0015568,0.00064279,0.00091387,0.0020571,0.0020873,0.0034121,0.0021232,0.0010094,0.0013623,0.0024767,0.004191,0.0029007,0.00089052,0.0024051,0.0051352,0.0041888,0.0024704,0.0033511,0.00068933,0.0024789,0.0050121,0.004401,0.0049218,0.004108,0.0014018,0.0032733,0.00031443,0.000678,0.0018173,0.0024707,0.0035243,0.0045409,0.0046243,0.0020528,0.0016614,0.0018537,0.0039617,0.0058652,0.0065164,0.0036778,0.0026043,0.0028184,0.0022206,0.0026859,0.0024448,0.0019057,0.0010433,0.0041871,0.0026934,0.0015734,0.00043191,0.0012152,0.0041186,0.0044364,0.00279,0.0030357,0.0048262,0.003357,0.0028264,0.0026556,0.0037288,0.0049073,0.0015172,0.0023226,0.0034581,0.0024472,0.0006003,0.0010168,0.0022186,0.0019319,0.00055332,0.0016827,0.0012941,0.0034695,0.0026921,0.00074554,0.00042741,0.00088331,0.0017126,0.0020397,0.00039863,0.0030398,0.00081518,0.0035481,0.0030733,0.0046446,0.012523,0.0089097,0.0015641,0.0035745,0.0087209,0.019811,0.023179,0.014769,0.0047548,0.0037022,0.0026247,0.0024788,0.010323,0.0066217,0.0051511,0.055805,0.075704,0.042021,0.014431,0.0093008,0.0057393,0.0090356,0.0071409,0.0042397,0.0028976,0.005625,0.0070975,0.0083062,0.0072842,0.0093923,0.0028979,0.011044,0.0072943,0.0032795,0.0013175,0.004261,0.0029402,0.0021998,0.0049867,0.0062103,0.0023842,0.0088473,0.011013,0.022164
0.0038068,0.0035439,0.0054812,0.0059816,0.0070078,0.0046402,0.0016565,0.0018758,0.0024226,0.0027194,0.0025889,0.0018904,0.0023837,0.00076492,0.0030956,0.0043566,0.0052689,0.0032592,0.0028627,0.00048723,0.0033696,0.003882,0.0018713,0.0025175,0.0047747,0.0033765,0.0071323,0.0047901,0.0027349,0.001609,0.00098551,0.0019191,0.0026187,0.00092238,0.0039108,0.004566,0.0054279,0.0083484,0.004965,0.00089342,0.0077128,0.011187,0.006451,0.0046076,0.00067396,0.0027238,0.0036955,0.0018327,0.0018501,0.0009558,0.001991,0.0038256,0.0014635,0.0057163,0.0032525,0.0046207,0.0035171,0.00017827,0.0045125,0.0063507,0.0059259,0.0039354,0.0023305,0.00022622,0.0024484,0.00026513,0.0029216,0.0033844,0.0047324,0.0035463,0.0026236,0.00076665,0.0013778,0.0027144,0.0024643,0.00075234,0.00062216,0.0024468,0.00050865,0.0014829,0.0036897,0.0014607,0.0061812,0.0093,0.01699,0.020197,0.0054622,0.0083038,0.0065572,0.0049145,0.020324,0.021894,0.0067668,0.0028783,0.0050806,0.003572,0.0026813,0.0023411,0.0013497,0.0015032,0.0023355,0.0035839,0.0019312,0.0024219,0.0028461,0.0040296,0.0082944,0.0087736,0.0024214,0.0011325,0.0023859,0.0011732,0.0020046,0.0043821,0.0019934,0.0024516,0.0045849,0.0037742,0.0035391,0.0026256,0.0029371,0.0041373,0.0042499,0.0057143,0.00555,0.0022135,0.00053984,0.00058924,0.0040464,0.0027806,9.7548e-05,0.0003556,0.00046581,0.0014304,0.0012286,0.0019955,0.0018705,0.0020936,0.003648,0.0042425,0.0038311,0.0017372,0.0016588,0.0010458,0.001383,0.0015735,0.0013897,0.0018854,0.0050664,0.00862,0.0065102,0.0019634,0.0032895,0.006191,0.012197,0.0345,0.028012,0.0046366,0.0020167,0.0026234,0.0016197,0.0010136,0.00098672,0.0010814,0.001214,0.00027925,0.006791,0.012304,0.0062595,0.0055634,0.013526,0.019854,0.0097571,0.0025156,0.0010305,0.00064165,0.0015217,0.0011217,0.00029399,0.00036685,0.00067116,0.00080726,0.001666,0.0021036,0.0010003,0.0026994,0.0052508,0.0063964,0.0064522,0.0031737,0.0026498,0.0017276,0.0010304,0.00083589,0.0010839,0.00062941,0.0008088,0.00056739,0.00031669,0.00083713,0.00081875,0.0014542,0.00096525,0.00074993,0.00046788,0.001512,0.0023204,0.0027765,0.002012,0.00083378,0.0019468,0.0019535,0.00056213,0.0072665,0.012183,0.004141,0.0047365,0.0047233,0.0027711,0.015882,0.040857,0.026747,0.0084874,0.01077,0.0077908,0.0066882,0.0051248,0.0019962,0.0010645,0.00077715,0.0012384,0.0028625,0.0037398,0.0039298,0.0047514,0.011161,0.011082,0.0017727,0.0018528,0.0012719,0.00080204,0.00048915,0.00097079,0.0022615,0.0011165,0.001057,0.00062296,0.00092835,0.00099876,0.0027478,0.0027804,0.00064897,0.0012187,0.0016811,0.0012756,0.0017814,0.0011975,0.0012498,0.0023279,0.0021879,0.0011385,0.002019,0.0020408,0.0044935,0.0031717,0.0030128,0.0030565,0.00052569,0.0018523,0.0022845,0.0020096,0.0014268,0.004395,0.0097873,0.005241,0.0065808,0.015054,0.0024111,0.058662,0.10708,0.054998,0.0091625,0.017028,0.016588,0.0075715,0.014153,0.011723,0.0042322,0.0045485,0.0047112,0.0031673,0.0023953,0.00023706,0.0029074,0.0034199,0.0023221,0.021762,0.028929,0.013172,0.011654,0.0082976,0.0081842,0.005682,0.0020532,0.0029242,0.0026515,0.0019726,0.0014149,0.0020325,0.0031908,0.0035647,0.0034584,0.0016565,0.0019043,0.0029196,0.0038525,0.004707,0.0017083,0.0031709,0.0031917,0.0010069,0.0026423,0.0034716,0.0029178,0.0015718,0.0010307,0.00082631,0.00091519,0.00029409,0.00067954,0.00094597,0.0010556,0.00058876,0.00058215,0.00078706,0.00039497,0.00086763,0.00083363,0.00058282,0.00030565,0.00087441,0.0011514,0.0020938,0.0040935,0.003223,0.0014668,0.0028054,0.0031297,0.0017968,0.0071758,0.022681,0.017855,0.0065982,0.0094412,0.0066231,0.0031534,0.0010718,0.0019819,0.0014216,0.0030232,0.0030793,0.0021292,0.006209,0.002541,0.0014196,0.0029995,0.004303,0.0033277,0.0059832,0.0041983,0.0018833,0.0013877,0.00029177,0.0023343,0.0017839,0.00019596,0.00071425,0.00098329,0.00070889,0.00046561,0.0016545,0.001635,0.0017538,0.003495,0.0030023,0.0026933,0.0012745,0.00078339,0.0017178,0.0031855,0.00091254,0.00082356,0.00087989,0.00088471,0.0007089,0.0012396,0.0021372,0.0018553,0.00067451,0.0012487,0.0015581,0.00082116,0.002719,0.0014773,0.00085852,0.0021673,0.0034631,0.0017386,0.00020156,0.0067354,0.0072385,0.0022655,0.001737,0.0045945,0.013339,0.036015,0.031966,0.007644,0.0081621,0.0029399,0.0029717,0.0020979,0.0021858,0.0029626,0.0031731,0.004458,0.017839,0.02537,0.011388,0.0014975,0.0019277,0.0033849,0.0031417,0.00081071,0.00081178,0.0010639,0.00084739,0.00031168,0.00036387,0.00063523,0.00026916,0.00054312,0.00026648,0.00084231,0.00085785,0.0011092,0.00070872,0.00045165,0.00065184,0.00085928,0.00040089,0.00084522,0.0006722,0.0002515,0.00091218,0.0037384,0.0042806,0.0047645,0.0024875,0.0030232,0.0052992,0.0035616,0.0027144,0.00056362,0.0083253,0.011581,0.004789,0.0086439,0.0059898,0.0071153,0.012838,0.011129,0.013912,0.025459,0.031428,0.014028,0.035174,0.023348,0.026636,0.072077,0.2225,0.17144,0.0058418,0.030802,0.012367,0.0097155,0.0088951,0.0042036,0.0073082,0.0053454,0.008163,0.023466,0.020092,0.0038044,0.0067662,0.0093753,0.0097115,0.0068529,0.0052978,0.0047897,0.0046187,0.0029909,0.0050321,0.0050471,0.0023184,0.0085838,0.0073158,0.0049463,0.011005,0.0089549,0.0043438,0.0057145,0.0094731,0.010783,0.0085352,0.004917,0.001898,0.0021737,0.0043679,0.0030349,0.001954,0.002512,0.0019804,0.0023753,0.0019629,0.0026177,0.0025752,0.0013318,0.0039165,0.0043439,0.0032862,0.0036315,0.003906,0.0015723,0.0022755,0.0029984,0.0033449,0.0025145,0.0067147,0.023541,0.017797,0.015983,0.016156,0.0053694,0.033367,0.13198,0.099854,0.023453,0.02978,0.0049328,0.014582,0.0096692,0.0052127,0.0088413,0.010301,0.01575,0.037176,0.043546,0.017587,0.003711,0.0053441,0.0049573,0.0028163,0.0010776,0.0034965,0.0026029,0.00054498,0.0012456,0.00058354,0.0021095,0.0024101,0.0017177,0.00074902,0.0020504,0.0019415,0.0012162,0.0009461,0.0015145,0.0012912,0.00051891,0.0017933,0.0011937,0.00034111,0.00027289,0.00038458,0.0018291,0.0019805,0.0014741,0.0028335,0.001054,0.00057522,0.00035647,0.0011314,0.0029544,0.0020465,0.0022086,0.0023104,0.0012655,0.0011871,0.0012965,0.00095362,0.0014027,0.0017605,0.002503,0.002912,0.0036062,0.0024139,0.0023332,0.0033893,0.0044314,0.0096587,0.0053065,0.0036137,0.0024421,0.00063929,0.00088465,0.00093612,0.00049974,0.00051749,0.002069,0.0041325,0.004982,0.0051581,0.0017651,0.0025891,0.0064982,0.0076797,0.0048567,0.0021604,0.002991,0.00059694,0.0023458,0.0012054,0.0027019,0.0014376,0.0024466,0.00027134,0.0022898,0.0025407,0.0017351,0.0020843,0.0013706,0.0018249,0.0018171,0.0012999,0.0027499,0.00029069,0.0020109,0.0013131,0.00083848,0.003271,0.0035448,0.0038897,0.0028639,0.0021687,0.0015556,0.0042262,0.0037353,0.0017658,0.0056189,0.0049224,0.0028488,0.0026778,0.0027085,0.0036764,0.00062542,0.0025626,0.0021867,0.00068235,0.0020305,0.00090993,0.00097641,0.0018852,0.0026299,0.0045786,0.002847,0.0016167,0.0018601,0.004777,0.0044232,0.0015899,0.00055113,0.00080243,0.0038073,0.0055652,0.0020419,0.0067884,0.0095678,0.0049289,0.0022436,0.0039678,0.0014225,0.0058794,0.0041416,0.0030023,0.0042783,0.0039308,0.0047765,0.0033951,0.0024573,0.0028154,0.0027439,0.0026716,0.0069681,0.0070533,0.0019783,0.0038402,0.0022609,0.0018812,0.0013678,0.0012551,0.0030921,0.0036056,0.0048198,0.0047379,0.00093283,0.0022028,0.0030251,0.0025247,0.00074769,0.003574,0.0033712,0.0021336,0.0018152,0.0017338,0.0021321,0.0010402,0.00049257,0.0016979,0.00046081,0.0011763,0.0037719,0.0029551,0.0032665,0.0069797,0.0044516,0.0041167,0.0049328,0.0047894,0.0056522,0.022193,0.017313,0.011873,0.011164,0.0087232,0.011615,0.01101,0.00826,0.014524,0.015524,0.019095,0.061353,0.072823,0.014482,0.023361,0.015632,0.011318,0.0078622,0.0068235,0.0082552,0.0048137,0.0016664,0.0045852,0.014416,0.007555,0.011443,0.0078123,0.0062111,0.0047156,0.0065687,0.0033929,0.005896,0.0043157,0.00085362,0.0023473,0.0055172,0.0094989,0.013391,0.017932,0.014715
0.0011881,0.0018829,0.0019286,0.0026422,0.0027541,0.0026819,0.002531,0.0030823,0.0027525,0.0016607,0.0024267,0.0032785,0.0030238,0.0014496,0.0013519,0.0018247,0.0020021,0.0016428,0.001788,0.0015268,0.0015276,0.0015084,0.00082726,0.0017113,0.0011443,0.0010764,0.004047,0.0048819,0.0031927,0.0024541,0.0031014,0.0023316,0.0014407,0.0026402,0.0022738,0.0029343,0.0013958,0.0050562,0.0069688,0.0041476,0.0062026,0.01136,0.0090477,0.0067851,0.0042639,0.0031292,0.0024464,0.0056281,0.0042342,0.0080771,0.0044739,0.017478,0.018454,0.043606,0.033758,0.01887,0.0079015,0.0018235,0.0015769,0.0053334,0.0021625,0.002873,0.0012397,0.0023121,0.000847,0.00058058,0.00087097,0.00038737,0.00036664,0.0019668,0.0017732,0.00024967,0.00054631,0.0021219,0.0030104,0.0023978,0.0036364,0.00395,0.0042326,0.0044461,0.003273,0.0043372,0.0051163,0.0017006,0.00083469,0.0027293,0.0044318,0.0060693,0.0075687,0.0035348,0.002217,0.0037129,0.0014073,0.003991,0.0034842,0.002947,0.0042181,0.0029596,0.0067594,0.012372,0.0033812,0.0090575,0.004094,0.014522,0.011612,0.016331,0.029711,0.017028,0.011064,0.0076282,0.0031546,0.0053286,0.0034679,0.0018988,0.0017051,0.0038278,0.0061003,0.0043982,0.0049044,0.0025472,0.0040277,0.015748,0.017824,0.045963,0.037104,0.0087196,0.0070943,0.0050345,0.00045258,0.00083537,0.0006307,0.0009188,0.0010169,0.00032821,0.0011291,0.001693,0.0019513,0.0013064,0.00047012,0.0011415,0.00064362,0.00085165,0.00084489,0.00040401,0.00029051,0.00076495,0.0012647,0.0021452,0.001394,0.0011063,0.0011427,0.0017277,0.0040169,0.0040712,0.0019342,0.0018809,0.0024009,0.0015536,0.0040099,0.0038431,0.0013358,0.00096545,0.00298,0.00061517,0.0028907,0.0023138,0.0038256,0.0033328,0.00095734,0.001439,0.0050953,0.0076478,0.0060053,0.0044738,0.0011726,0.0010492,0.0029903,0.0037764,0.0015833,0.0046825,0.00096799,0.0048053,0.0080584,0.017923,0.016174,0.010242,0.0085978,0.0030877,0.017199,0.016653,0.005583,0.0028658,0.0037957,0.00096217,0.0035006,0.00053831,0.0007972,0.0011818,0.0016564,0.001799,0.00092496,0.00088782,9.7146e-05,0.0011508,0.0023298,0.0026259,0.00075724,0.0012051,0.00078442,0.00094732,0.001879,0.00192,0.0019451,0.0011592,0.00030169,0.00063273,0.0011065,0.001179,0.0011756,0.0020501,0.0016375,0.0027755,0.0015707,0.0048704,0.0042948,0.0056531,0.0016013,0.0056873,0.00053113,0.010092,0.0035583,0.014403,0.0026441,0.017511,0.019378,0.020764,0.029002,0.030763,0.025842,0.0077658,0.0049292,0.0048394,0.0058558,0.0021958,0.0059837,0.0028211,0.0078723,0.0040116,0.007222,0.006581,0.00951,0.0091344,0.0032357,0.0090021,0.012132,0.0088812,0.0020437,0.0056505,0.0016358,0.0041972,0.0044295,0.0029122,0.0019323,0.00083146,0.00077255,0.00090188,0.0020754,0.0025532,0.0035151,0.003502,0.0011585,0.0016728,0.0017209,0.0021956,0.0010742,0.0013898,0.0026046,0.0019169,0.0016368,0.00064946,0.00043526,0.0011197,0.003341,0.0027213,0.001571,0.0027252,0.0055056,0.0015943,0.012907,0.0013199,0.015981,0.0075039,0.012374,0.018963,0.0093073,0.015753,0.022121,0.019176,0.0086481,0.0037983,0.0018959,0.0034647,0.00097182,0.0016224,0.0016291,0.0013458,0.0036074,0.0059311,0.0037958,0.0050485,0.001746,0.0057154,0.00036594,0.0041433,0.0060295,0.0063107,0.0019324,0.0022709,0.0028952,0.0031514,0.0022885,0.00068874,0.00096172,0.00072479,0.0023771,0.00015575,0.001158,0.0015914,0.0014559,0.0015737,0.00099413,0.00059467,0.00081343,0.00088993,0.00094275,0.00045917,0.00093384,0.00077324,0.00018093,0.00090539,0.00081755,0.00034277,0.00079692,0.00052604,0.0013716,0.00042247,0.0011927,0.0011716,0.000604,0.00052954,0.0022323,0.00098876,0.00097789,0.0022347,0.0047718,0.0052508,0.003854,0.0097291,0.0089757,0.0084602,0.018245,0.026356,0.021044,0.0097922,0.0025031,0.0057872,0.0050609,0.0058404,0.0091336,0.0057081,0.0025076,0.00097148,0.002245,0.0014451,0.0023235,0.0013139,0.0034597,0.0039598,0.0067608,0.0081307,0.0091708,0.0044268,0.0048172,0.0069855,0.0066925,0.006365,0.0044596,0.0038999,0.00094727,0.002072,0.0038193,0.0031991,0.0029772,0.0016017,0.0023458,0.0041656,0.002532,0.00068931,0.0021703,0.0041979,0.0038599,0.0024445,0.0023184,0.0034953,0.0074077,0.0069423,0.0046391,0.0036192,0.0024772,0.00087664,0.0025259,0.005318,0.0024751,0.0031827,0.0029954,0.0017851,0.0024639,0.0015605,0.0035607,0.0047665,0.0041076,0.007342,0.0073859,0.003257,0.0057808,0.0068449,0.0078399,0.0080687,0.0056876,0.0064323,0.0085123,0.0069602,0.0038056,0.0027581,0.0066046,0.0047109,0.0046036,0.0037834,0.0035705,0.0064576,0.0022115,0.0028238,0.0039207,0.0048453,0.003963,0.0017133,0.0060489,0.006478,0.0065011,0.0033988,0.00037658,0.00046512,0.0010094,0.0033483,0.0021042,0.0068416,0.0085081,0.006923,0.0053219,0.0076938,0.0078691,0.0062354,0.0063859,0.010172,0.011362,0.012633,0.0080103,0.00095357,0.0091303,0.012468,0.0073316,0.0087736,0.0040107,0.0041115,0.010777,0.0129,0.013976,0.0077819,0.0025763,0.011434,0.016309,0.013633,0.013196,0.010005,0.0083515,0.017597,0.036482,0.020737,0.031665,0.012734,0.019159,0.020443,0.024292,0.032473,0.066551,0.086714,0.085435,0.059731,0.083249,0.053767,0.0072682,0.027749,0.016697,0.0096066,0.021118,0.023916,0.022332,0.016372,0.010687,0.0067474,0.0017221,0.0051167,0.011439,0.0086157,0.0067156,0.011554,0.0038924,0.0044598,0.0058107,0.0060838,0.0031001,0.0025488,0.0017404,0.0034661,0.0051298,0.0030632,0.0011415,0.0031559,0.0026037,0.0048199,0.0028899,0.00076991,0.0017592,0.00077895,0.00069745,0.0048197,0.012203,0.0062928,0.0066871,0.009569,0.01011,0.0036282,0.0073034,0.012853,0.019986,0.012599,0.010571,0.0039299,0.013898,0.020405,0.020291,0.020478,0.0015173,0.0078011,0.029571,0.012056,0.036932,0.019368,0.026479,0.064944,0.075409,0.086893,0.059424,0.06055,0.037677,0.014732,0.018552,0.0083809,0.012957,0.013803,0.016171,0.028217,0.031765,0.013387,0.0058834,0.008235,0.019076,0.022664,0.033106,0.028868,0.0093749,0.020491,0.017809,0.0035578,0.015194,0.0012178,0.0018748,0.0017564,0.0010933,0.00052277,0.00093936,0.001766,0.0016689,0.0011767,0.0022788,0.0017441,0.00013221,0.00093159,0.00048283,0.0012001,0.0008144,0.00056957,0.00072125,0.00067874,0.0010102,0.0020183,0.0023362,0.0012518,0.0013747,0.0009377,0.0016231,0.0014429,0.00064896,0.0010039,0.0013302,0.005062,0.0024044,0.00019411,0.0035229,0.0018295,0.0028235,0.0073211,0.0030008,0.0050243,0.012185,0.013111,0.031543,0.027567,0.015461,0.01076,0.0050016,0.0018834,0.00335,0.0013993,0.0048078,0.0065682,0.0032572,0.0063882,0.012888,0.020158,0.013271,0.0071742,0.0028046,0.0091364,0.014342,0.0073096,0.0051814,0.004513,0.001192,0.0024898,0.0037036,0.0041912,0.0018267,0.0021491,0.00068186,0.0012795,0.0014427,0.0021963,0.00091148,0.0012771,0.0026986,0.0032852,0.0013253,0.0024089,0.00094915,0.0023372,0.005058,0.0090741,0.0025216,0.0031705,0.0049419,0.0026668,0.004801,0.0072396,0.003972,0.0027867,0.0074808,0.0049828,0.0037094,0.0058584,0.0073495,0.0066261,0.0032335,0.0077785,0.0058916,0.0092586,0.006594,0.0037469,0.0072507,0.0032355,0.017824,0.013965,0.0083401,0.0030308,0.0095366,0.023788,0.010955,0.029601,0.00431,0.022379,0.02418,0.031869,0.049503,0.12468,0.16388,0.095056,0.047793,0.013218,0.025742,0.027628,0.016851,0.0081409,0.0072077,0.0061495,0.012633,0.0015336,0.0012541,0.0023555,0.0043244,0.002383,0.0013329,0.0022288,0.0030458,0.0025216,0.0029333,0.0035089,0.0023424,0.0032961,0.0029804,0.0021717,0.0026759,0.0026164,0.0013749,0.00241,0.0033093,0.0061979,0.0061971,0.0047251,0.0019292,0.0018409,0.00045117,0.003379,0.0014379,0.0018561,0.0057925,0.0075136,0.0038434,0.0071076,0.0071668,0.0088532,0.0028463,0.0077668,0.0012829,0.010677,0.0066483,0.013165,0.014524,0.0060328,0.0045314,0.0070001,0.0064174,0.0023687,0.017152,0.0030125,0.017165,0.01528,0.01736,0.030443,0.061994,0.090683,0.054742,0.030852,0.0057601,0.019306,0.023134,0.01618,0.001188,0.005215,0.0047436,0.012442
0.00202,0.0018374,0.0023259,0.0017676,0.0032147,0.0050025,0.0050801,0.0081651,0.0073266,0.0087765,0.010422,0.0081878,0.0045974,0.0027722,0.00195,0.0033651,0.00185,0.0031734,0.0031559,0.002693,0.0068918,0.010015,0.0090374,0.011365,0.018321,0.021167,0.014565,0.0021781,0.0097943,0.013571,0.0076227,0.0039293,0.0065656,0.0027679,0.0025662,0.0018572,0.0047057,0.0024429,0.0054013,0.0014769,0.00215,0.0014518,0.0029246,0.0015606,0.0033601,0.00080559,0.0015002,0.0018586,0.0019812,0.0014938,0.0022097,0.0017752,0.0011165,0.0015715,0.0011539,0.00048596,0.0010816,0.0018856,0.0014409,0.0017541,0.0011624,0.0018902,0.00073013,0.0021672,0.000482,0.0011491,0.003657,0.0018848,0.0047981,0.0073086,0.0077289,0.0082871,0.012338,0.029002,0.040303,0.050064,0.058941,0.05166,0.018101,0.025739,0.063634,0.089934,0.04592,0.028852,0.037416,0.0048268,0.037681,0.046853,0.030583,0.035944,0.039021,0.020502,0.014694,0.011587,0.026063,0.017044,0.0041248,0.004236,0.0086556,0.0089242,0.0067562,0.0058765,0.0057144,0.0061212,0.0083807,0.0051339,0.0069828,0.0068614,0.0043475,0.0028725,0.0020283,0.0016262,0.0011571,0.0020503,0.0020658,0.0016163,0.0009662,0.0017223,0.0023188,0.0012449,0.0016904,0.0014412,0.0015141,0.0047243,0.0025273,0.0037917,0.0064092,0.0040324,0.0040291,0.0030214,0.00071058,0.00067065,0.00064152,0.0018983,0.002598,0.001249,0.0020703,0.0041873,0.0055745,0.0059037,0.0079196,0.010161,0.012072,0.0098508,0.0026159,0.013597,0.023253,0.012732,0.014307,0.018289,0.012396,0.020611,0.012773,0.0098316,0.020272,0.025679,0.014962,0.0084852,0.0055415,0.0066893,0.0092388,0.0069056,0.005215,0.0073894,0.006636,0.0064112,0.0057628,0.0061072,0.00533,0.0061538,0.0036667,0.0039604,0.0006471,0.0013911,0.003329,0.0024849,0.001344,0.00094286,0.0015668,0.0011572,0.0023637,0.0030835,0.00142,0.0018805,0.0019977,0.0010449,0.0012823,0.0030036,0.0032045,0.0034537,0.0014051,0.0020601,0.0017295,0.0021849,0.0015414,0.0009698,0.00046903,0.00057071,0.0015476,0.002542,0.0022035,0.0038924,0.0093046,0.014293,0.016605,0.019278,0.022863,0.02218,0.01409,0.00015723,0.01635,0.023442,0.012696,0.012068,0.010655,0.0079138,0.012097,0.012829,0.014964,0.010442,0.013471,0.0035203,0.0023898,0.00076401,0.0023044,0.0019603,0.0022785,0.0027338,0.0049057,0.0045579,0.0040418,0.0023584,0.0045601,0.0022944,0.0038871,0.00059543,0.0037404,0.0012026,0.0021668,0.00066598,0.00033722,0.00088467,0.0005811,0.00024343,0.00098743,0.00046069,0.00052261,0.00119,0.0010083,0.00019438,0.00072929,0.0015414,0.0015884,0.00076762,0.00017347,0.0010739,0.0012714,0.0013828,0.001149,0.0012473,0.001855,0.0020866,0.00064417,0.003376,0.0046469,0.0042646,0.004796,0.0094414,0.010799,0.011319,0.019876,0.030907,0.041506,0.037968,0.0044728,0.083536,0.14473,0.08928,0.036541,0.091967,0.073373,0.038559,0.012218,0.035467,0.036306,0.032526,0.016898,0.0029074,0.015002,0.019097,0.01532,0.0088198,0.016635,0.014599,0.014208,0.012855,0.0087282,0.0045174,0.0020011,0.0017798,0.0025867,0.0019073,0.0021386,0.00040791,0.0011947,0.0011731,0.00054982,0.0011541,0.0012919,0.00083885,0.0022551,0.0013022,0.0015227,0.0016709,0.00072224,0.00056143,0.0023734,0.0011931,0.0012891,0.0010499,0.00023115,0.0015804,0.0010257,0.000432,0.0013792,0.0013929,0.0014467,0.0020586,0.0021392,0.00057433,0.0014113,0.0020704,0.0036341,0.0038433,0.0042617,0.0042382,0.0030492,0.0035995,0.0035138,0.0015531,0.0069744,0.019773,0.015782,0.0068124,0.01765,0.01496,0.025009,0.021643,0.021488,0.042018,0.045336,0.028655,0.011034,0.0060001,0.0137,0.01142,0.0030155,0.0055997,0.007311,0.0079414,0.0044113,0.00071752,0.0016034,0.0012342,0.0023271,0.002373,0.0028309,0.0025587,0.0011512,0.002219,0.00102,0.0016262,0.0025395,0.0026876,0.0015837,0.00072605,0.00090992,0.0015289,0.003074,0.0038895,0.0041394,0.0026222,0.0015026,0.0025435,0.0017958,0.0015637,0.0027609,0.0018158,0.0017757,0.0012438,0.0015574,0.0014656,0.0025047,0.0024226,0.0020835,0.0038568,0.0053373,0.0058744,0.0078672,0.010711,0.0117,0.010994,0.0088408,0.0057983,0.002641,0.0058103,0.0031845,0.0034768,0.0015978,0.0094278,0.010897,0.016392,0.014181,0.0093428,0.0043387,0.0076028,0.0029845,0.0011214,0.003068,0.0040223,0.0040525,0.0011642,0.0050944,0.005925,0.0083637,0.0055743,0.0063208,0.0022763,0.0041897,0.0016808,0.0031946,0.0020428,0.0011644,0.0010394,0.00069135,0.0012122,0.0012715,0.0029514,0.0010346,0.00063888,0.00030038,0.00041838,0.00062218,0.0014077,0.0015291,0.00053644,0.001107,0.0013648,0.00083255,0.00081057,0.0009738,0.00064214,0.00049831,0.0011399,0.00087684,0.0047108,0.0048725,0.0055324,0.0035461,0.0022422,0.0046913,0.012684,0.020379,0.022128,0.025191,0.027478,0.015925,0.0072115,0.024686,0.028196,0.027794,0.1215,0.11055,0.061885,0.12401,0.057025,0.12689,0.14183,0.082337,0.035279,0.075327,0.014268,0.0063367,0.016041,0.022563,0.020895,0.012043,0.019405,0.01486,0.020256,0.011946,0.0063697,0.0034564,0.0054949,0.0048861,0.006311,0.0043887,0.0023545,0.0015761,0.0050195,0.0052579,0.0080782,0.0063328,0.00405,0.0013236,0.0021712,0.0035974,0.0032469,0.0032485,0.0057424,0.0041119,0.0019694,0.0040779,0.0033224,0.00069314,0.0013268,0.001938,0.0016017,0.0026468,0.0022262,0.0037324,0.0070559,0.0038127,0.0038072,0.0038095,0.0085779,0.010673,0.0076923,0.0046226,0.012907,0.01719,0.014494,0.011622,0.012227,0.0011409,0.021596,0.024437,0.0031002,0.014407,0.048219,0.046223,0.059461,0.034363,0.062906,0.063972,0.012997,0.025835,0.013881,0.0092233,0.015119,0.015057,0.00912,0.023513,0.026083,0.017529,0.0064557,0.017113,0.0072613,0.0046407,0.010535,0.0062505,0.010669,0.0047286,0.0088931,0.0058451,0.002274,0.003514,0.0040244,0.00044957,0.0043798,0.0024515,0.0034632,0.0049295,0.00201,0.0041046,0.0050829,0.0027078,0.0015438,0.0040684,0.0047074,0.0049626,0.0055809,0.0043511,0.002353,0.0032973,0.0013347,0.0010818,0.0019368,0.002899,0.0037114,0.0048518,0.0050167,0.007507,0.011416,0.011818,0.011571,0.014017,0.013498,0.0081963,0.0011772,0.0086247,0.0082351,0.0045593,0.0056129,0.0023008,0.0032883,0.0077952,0.00010535,0.01276,0.015913,0.01013,0.0080828,0.0034637,0.0037033,0.0030549,0.0034857,0.004569,0.0068008,0.0036641,0.0081314,0.0021285,0.0043761,0.0026348,0.0025512,0.0053388,0.00094604,0.00304,0.0038907,0.0016976,0.0035409,0.00055942,0.0016579,0.0030365,0.00052258,0.0014673,0.00053064,0.0010656,0.00080006,0.0010573,0.0017681,0.0011276,0.0013544,0.0019437,0.0014512,0.0027076,0.0036066,0.0023046,0.0014149,0.0013516,0.00046234,0.010307,0.0069026,0.0055248,0.0071235,0.010036,0.013459,0.020259,0.02736,0.026388,0.01479,0.010435,0.02535,0.025603,0.0042089,0.044096,0.080391,0.077564,0.043974,0.057903,0.061451,0.043927,0.045896,0.077076,0.11098,0.11905,0.093965,0.042567,0.017178,0.050141,0.04215,0.013701,0.015877,0.028014,0.012868,0.036418,0.032469,0.023612,0.020043,0.0096478,0.011485,0.0037159,0.0067272,0.010522,0.0052252,0.0089834,0.00080459,0.010613,0.0049049,0.0035306,0.009746,0.0073817,0.0093521,0.0072896,0.0068677,0.0049994,0.0051748,0.0067879,0.0036474,0.0016939,0.0032421,0.0036286,0.0015436,0.0018955,0.0023122,0.0029692,0.00084894,0.0014655,0.0012663,0.0014221,0.0015588,0.00062287,0.0015715,0.0018964,0.0024254,0.002805,0.0025964,0.0033125,0.0031616,0.00085397,0.0045649,0.0082941,0.0089544,0.0029917,0.013839,0.014027,0.0051105,0.012866,0.020376,0.025251,0.020548,0.011692,0.0085669,0.0099153,0.014639,0.011001,0.011559,0.028335,0.025915,0.011429,0.042153,0.0070198,0.032618,0.002986,0.0098275,0.014405,0.007709,0.0093007,0.0034146,0.0070738,0.0077475,0.0049984,0.010433,0.0099705,0.0078454,0.0075063,0.0013443,0.0027309,0.0025253,0.0027443,0.0015481,0.003272,0.0013761,0.003606,0.002373,0.0023038,0.0023264,0.0025063,0.0020978,0.00058431,0.0030649
0.00053277,0.0015339,0.00090774,0.0012985,0.0019411,0.0033436,0.0022656,0.0049188,0.0015367,0.0023627,0.0032546,0.0013793,0.0024665,0.0019671,0.0060384,0.0056879,0.0024966,0.00075573,0.0046443,0.0069003,0.0039529,0.0056707,0.0036001,0.004451,0.0055907,0.0050773,0.0040836,0.0035858,0.0021592,0.0055562,0.0023103,0.0016232,0.00089169,0.0022285,0.0038706,0.0033334,0.0037652,0.0044922,0.0061266,0.0080091,0.0066135,0.0053898,0.0097576,0.0077797,0.0037013,0.0024788,0.0047308,0.0045126,0.0014917,0.00091325,0.0014686,0.0015168,0.0040475,0.0025997,0.0031607,0.0031811,0.00057396,0.0042561,0.0044848,0.001898,0.0010836,0.0020987,0.0031983,0.0051303,0.0055264,0.006465,0.0022709,0.0020174,0.0018275,0.00057916,0.0029623,0.0055426,0.0051855,0.0011132,0.0031856,0.0019563,0.0015896,0.0012436,0.0031551,0.0034607,0.0035383,0.0038744,0.002265,0.0022558,0.0021657,0.0045933,0.006022,0.0026277,0.0063846,0.01099,0.0070732,0.0033792,0.014063,0.015576,0.020305,0.013339,0.0033807,0.0013581,0.0012988,0.0014664,0.00227,0.0016444,0.0027385,0.0049104,0.0033946,0.0033698,0.010716,0.018054,0.01169,0.0011197,0.0051299,0.0073554,0.0056541,0.0012218,0.0017522,0.0045846,0.0057713,0.0054987,0.0038728,0.0078965,0.0068464,0.0011205,0.0010822,0.0030677,0.0017544,0.0014489,0.002159,0.0054531,0.0040751,0.0020137,0.00063368,0.00082366,0.0011627,0.0012422,0.00023156,0.0012078,0.0018707,0.0018975,0.0022745,0.0014187,0.0011467,0.0012498,0.0013017,0.0016119,0.0015032,0.0017518,0.00078871,0.0019828,0.0017348,0.00062304,0.0012103,0.0019362,0.0023791,0.0044906,0.0096637,0.0062999,0.0023966,0.010093,0.014886,0.023417,0.016854,0.010881,0.0025346,0.00087489,0.00022518,0.0010693,0.0055761,0.010664,0.0096915,0.0040638,0.0068089,0.0047703,0.016169,0.010446,0.00336,0.0023382,0.0024042,0.0026824,0.0022364,0.0019176,0.0015013,0.0020503,0.0015795,0.0035156,0.0078698,0.008868,0.0030255,0.00060423,0.00081775,0.0027534,0.0041132,0.0039119,0.0010518,0.0010859,0.00068433,0.00031368,0.0004409,0.00079999,0.00053715,0.00041174,0.00020399,0.00049748,0.00094283,0.00085723,0.0011589,0.0019313,0.00087301,0.0013811,0.0018222,0.0010876,0.00032956,0.00038693,0.0006214,0.0011432,0.00094478,0.00090937,0.0017857,0.0019662,0.0021429,0.0077291,0.0080252,0.0038004,0.01318,0.019735,0.036077,0.0267,0.013576,0.006954,0.0045125,0.0010051,0.0012724,0.0027629,0.0064763,0.0073793,0.0042326,0.0056108,0.001496,0.011138,0.0093437,0.0031038,0.0018861,0.0031272,0.0016054,0.0001733,0.0001987,0.0011026,0.0021135,0.0020082,0.00076391,0.00078353,0.00081614,0.0011427,0.0013582,0.00075175,0.00085947,0.0024204,0.0043489,0.0035637,0.002684,0.0038512,0.0056271,0.004152,0.0031934,0.0032118,0.0028418,0.0016402,0.0014814,0.0043075,0.0048562,0.0013526,0.00018948,0.00047733,0.00015343,0.0014359,0.0030413,0.0015703,0.0086389,0.0067843,0.0032021,0.006465,0.0043183,0.011563,0.013218,0.015653,0.056956,0.048415,0.021856,0.0038658,0.010147,0.020314,0.014554,0.0093712,0.0065076,0.0019331,0.0030369,0.0053656,0.012823,0.018862,0.024454,0.013567,0.0095921,0.0051296,0.0036118,0.0046447,0.0015536,0.0023562,0.00079892,0.001223,0.0015749,0.0013958,0.0024639,0.0022463,0.00096711,0.001303,0.0016019,0.00058725,0.001542,0.0012388,0.00099544,0.0012333,0.0022524,0.0018465,0.001087,0.0018145,0.003411,0.00044283,0.0010546,0.0011957,0.0003507,0.00045126,0.00083318,0.0011317,0.00096635,0.000631,0.00072426,0.0013085,0.0017472,0.0011375,0.00094254,0.0012144,0.00055184,0.0012399,0.00058206,0.00069751,0.00014913,0.00099462,0.0011033,0.0012739,0.0026099,0.0084094,0.010109,0.0042588,0.0093061,0.012071,0.020192,0.019463,0.0090262,0.0044567,0.0012405,0.0015634,0.0017598,0.0020686,0.0049334,0.0051853,0.0019584,0.0037412,0.0032751,4.9349e-05,0.0010001,0.00068253,0.0015281,0.0010236,0.0015907,0.0014733,0.001042,0.0015058,0.0011444,0.0015015,0.0022119,0.0025327,0.0020622,0.001508,0.0013194,0.00035502,0.0010125,0.0003027,0.0019123,0.0021504,0.0023003,0.0020885,0.0013497,0.0021563,0.0016793,0.00080405,0.00084908,0.00047268,0.0011345,0.00083358,0.00082061,0.00090824,0.0015183,0.0011762,0.0010254,0.00096533,0.001028,0.00087542,0.0012816,0.002242,0.0022591,0.0025456,0.0031298,0.001067,0.003911,0.0030305,0.0094321,0.010914,0.012023,0.018556,0.01308,0.024612,0.023914,0.016122,0.0091977,0.0041311,0.0020812,0.0058389,0.010205,0.0065646,0.014525,0.0092464,0.0067676,0.0054447,0.0036418,0.0034162,0.0033627,0.0032573,0.002561,0.0016352,0.0014679,0.0017007,0.0019864,0.0018667,0.0012434,0.0016214,0.0024378,0.0018061,0.0012919,0.00082869,0.00034437,0.00080037,0.0018073,0.0024079,0.0024985,0.0018772,0.0015074,0.007727,0.0069172,0.005829,0.0056726,0.0043837,0.0029101,0.0025632,0.0048535,0.0055256,0.0052468,0.0060654,0.00759,0.0089992,0.0079488,0.0069019,0.0054142,0.0059582,0.0099727,0.0091618,0.012875,0.018807,0.021688,0.030364,0.019913,0.015664,0.02639,0.052647,0.095758,0.050349,0.15068,0.14371,0.098118,0.056103,0.027693,0.01501,0.014712,0.01287,0.0090085,0.0075399,0.0030711,0.0057475,0.0043958,0.0072305,0.0084822,0.0043671,0.0032761,0.0049573,0.0058694,0.0068987,0.0035458,0.0020493,0.0051484,0.0060519,0.0049556,0.0049639,0.0047496,0.0046463,0.0042651,0.0025629,0.00098221,0.00079259,0.0012032,0.0029539,0.0020808,0.0023581,0.0049816,0.0064119,0.0066045,0.0068512,0.0065369,0.0059241,0.0066076,0.0067222,0.0059674,0.0051685,0.0077805,0.0094572,0.011646,0.01126,0.0095765,0.011867,0.015243,0.013834,0.0086895,0.0082336,0.018147,0.023914,0.021129,0.017219,0.020972,0.027885,0.043897,0.064066,0.039612,0.094105,0.087233,0.054352,0.028961,0.010478,0.0067722,0.018882,0.029324,0.033336,0.049738,0.033921,0.011137,0.0077377,0.0075487,0.010104,0.013517,0.012093,0.0094285,0.0097898,0.012765,0.0096032,0.0073952,0.0025087,0.0039806,0.0062375,0.0032955,0.0030419,0.0048857,0.0034467,0.0035414,0.0056424,0.0022589,0.0031884,0.0063452,0.0063304,0.0065662,0.0015195,0.00062559,0.0019187,0.0030207,0.0017848,0.0015558,0.0028572,0.0038959,0.0033533,0.0025885,0.0023553,0.0031712,0.0028078,0.0026622,0.0015412,0.0020608,0.0045729,0.0038142,0.0021901,0.0015837,0.0016597,0.003819,0.0026267,0.0014422,0.0019665,0.002816,0.0023939,0.0042513,0.0066111,0.018016,0.01356,0.0091836,0.0072419,0.0063187,0.0046032,0.0039527,0.0021495,0.007979,0.0058532,0.0037478,0.0097044,0.012193,0.018678,0.013052,0.0066014,0.0046016,0.0060062,0.0060496,0.0026293,0.0020966,0.0020658,0.0012694,0.003209,0.0020528,0.0029041,0.0031339,0.0019882,0.0020182,0.0029681,0.0041115,0.0040175,0.0023774,0.0026592,0.0010991,0.00088702,0.0035434,0.0015589,0.0041059,0.005669,0.0052765,0.0045899,0.0032312,0.0027139,0.0040644,0.0051897,0.0037593,0.0031379,0.0019746,0.0020407,0.0047082,0.0052836,0.0027497,0.0019797,0.00083427,0.0039322,0.0038429,0.0012266,0.0020959,0.0017226,0.0046516,0.0039356,0.0035651,0.0022894,0.0051757,0.0062032,0.0011527,0.0038931,0.0057198,0.0012061,0.0055535,0.001383,0.0052219,0.0074632,0.017392,0.013447,0.012683,0.0086885,0.0059841,0.0047069,0.0032269,0.0032568,0.0045447,0.0018629,0.0055316,0.0061092,0.0041776,0.0023471,0.001684,0.0017761,0.0018899,0.0031857,0.0025986,0.0024392,0.0010286,0.0034407,0.0035565,0.00263,0.0084628,0.012741,0.0098735,0.0010706,0.00069718,0.00069535,0.0013375,0.0012218,0.0017224,0.0021919,0.00070686,0.0021999,0.0020952,0.0048428,0.0029992,0.0016189,0.0023254,0.0034913,0.001393,0.0013227,0.002619,0.002965,0.0025868,0.0044281,0.0021596,0.0055314,0.0046014,0.016229,0.011973,0.0027279,0.0070611,0.0096628,0.028939,0.027822,0.013098,0.0068293,0.0024626,0.0087707,0.014778,0.026701,0.060081,0.11019,0.066979,0.041024,0.033596,0.023009,0.011153,0.0040807,0.0092925,0.019815,0.031177,0.01754,0.013041,0.013739,0.0098449,0.0064174,0.0095398,0.011329,0.013885,0.0037473,0.0042123,0.002333,0.0042287,0.0065435,0.008808,0.010664,0.013258,0.0072033
0.0043431,0.0034188,0.0028105,0.003956,0.0034591,0.0012414,0.0016486,0.00091948,0.0015734,0.0023558,0.0014556,0.0017163,0.0046635,0.002647,0.00090906,0.0025764,0.0051372,0.0057611,0.0043607,0.0019721,0.001996,0.001894,0.0032212,0.0050315,0.0058015,0.0042131,0.0048936,0.0058569,0.0031754,0.0020944,0.0025724,0.0034108,0.0046111,0.0055438,0.0060412,0.010093,0.012574,0.0024519,0.0041876,0.0034029,0.0010008,0.0030416,0.0080637,0.0095632,0.0056182,0.00099382,0.0029145,0.0047776,0.0051155,0.0018078,0.0039492,0.0039632,0.0014876,0.0027246,0.0025672,0.0036299,0.0052476,0.0041056,0.0030683,0.0046676,0.0034411,0.0020114,0.0050419,0.0034457,0.0023554,0.00056549,0.001761,0.0013684,0.0020555,0.0043295,0.0031412,0.0022056,0.0021771,8.2646e-05,0.0030981,0.0041952,0.0017909,0.0012201,0.0028577,0.0042225,0.0032475,0.0024082,0.0040117,0.001843,0.0047402,0.0040536,0.0067798,0.016293,0.018743,0.0079506,0.003364,0.0075296,0.010227,0.034032,0.025411,0.0030065,0.007405,0.007234,0.0027502,0.0034361,0.0016624,0.0016553,0.00025689,0.0042745,0.0030687,0.0018528,0.0033463,0.017692,0.018609,0.0047978,0.0057825,0.0065416,0.0039506,0.0006061,0.0039883,0.003643,0.0019402,0.0059312,0.0023782,0.0027175,0.0026578,0.0011199,0.0031735,0.0030476,0.0034165,0.0032066,0.0012312,0.0018032,0.0023165,0.0002361,0.00042241,0.00081066,0.00072793,0.0013163,0.00023612,0.0005605,0.0016403,0.0026304,0.0010198,0.00066344,0.0010717,0.00072394,0.00048563,0.00077975,0.00091218,0.00042236,0.0015656,0.0014911,0.0030916,0.0029212,0.0013825,0.00035392,0.0051089,0.006689,0.0020691,0.0020814,0.0066888,0.011813,0.028076,0.018838,0.0041138,0.0017587,0.002138,0.0011806,0.0023379,0.0048296,0.0081698,0.0033893,0.0014757,0.0010435,0.0019984,0.0043151,0.011335,0.014662,0.0055363,0.0022273,0.0013197,0.00088585,0.0013855,0.0016445,0.0010593,0.0022098,0.0032525,0.0052158,0.0082519,0.0039526,0.0036764,0.0026792,0.0019674,0.0017473,0.0026653,0.0030836,0.0019704,0.0013239,0.0015288,0.00072061,0.00073992,0.00042679,0.00049103,0.00077401,0.00057256,0.0010927,0.0015761,0.00051348,0.00013643,0.00068489,0.00083973,0.00043392,0.00025445,0.00085907,0.0006901,0.00019649,0.00062155,0.00023044,0.0010385,0.002158,0.0023978,0.0075484,0.011006,0.0057867,0.00043568,0.005208,0.0081136,0.035458,0.033897,0.010586,0.0028678,0.0011589,0.0019621,0.0021465,0.002366,0.0066835,0.0033764,0.00013176,0.00081059,0.0015181,0.0021143,0.006609,0.011704,0.0060221,0.0011238,0.0013252,0.00070696,0.0005241,0.00034635,0.0011079,0.0013388,0.0012236,0.0027309,0.0015067,0.00050447,0.00047835,0.00094183,0.00095434,0.00055069,0.0010645,0.00071605,0.00064467,0.00088577,0.0010551,0.00080493,0.0011677,0.0014147,0.0018344,0.0016453,0.00070563,0.0012793,0.00069479,0.00088802,0.000305,0.00108,0.0024815,0.0022859,0.0032101,0.0058219,0.0064642,0.0037831,0.00036551,0.0027539,0.0023685,0.0045781,0.0038773,0.040525,0.075692,0.035291,0.00041101,0.0029229,0.0067806,0.021653,0.017618,0.0049664,0.0027947,0.0020063,0.0011364,0.0028286,0.018133,0.041943,0.024221,0.0010147,0.0027846,0.002466,0.00020707,0.0033567,0.004967,0.0045509,0.0026495,0.0025933,0.0033862,0.0033356,0.0030857,0.0051693,0.0039366,0.00063887,0.0022748,0.003286,0.0028948,0.0030168,0.0016462,0.0015771,0.001183,0.00068085,0.00051432,0.00056589,0.00040283,0.00038472,0.001182,0.00043219,0.00029896,0.00071228,0.00077241,0.00060502,0.00024415,0.0011599,0.0013263,0.00054498,0.00035135,0.00029956,0.00034319,0.00047102,0.00038747,0.00015117,3.1398e-05,0.00055557,0.00096622,0.00090072,9.303e-05,0.00047933,0.0056159,0.0090791,0.0045749,0.001271,0.005159,0.0094531,0.026937,0.021727,0.0055207,0.0043449,0.0021935,0.00049347,0.0013341,0.0045002,0.010382,0.0069217,0.0024664,0.0016645,0.0015275,0.0011082,0.001941,0.0039979,0.0030053,0.0019489,0.0015305,0.00083107,0.00059927,0.00098185,0.00052352,0.0010185,0.0014801,0.0014366,0.0010998,0.00096607,0.0012332,0.0014142,0.00033143,0.0007966,0.0011851,0.00068169,0.0016643,0.00094257,0.0014702,0.00041573,0.00091841,0.0012355,0.001552,0.0015265,0.00085012,0.001034,0.001498,0.0026006,0.0025943,0.0018856,0.0019621,0.0013087,0.00074811,0.00092628,0.0017997,0.0029997,0.0029916,0.0029278,0.0039055,0.0041962,0.0042116,0.0028877,0.0066491,0.0025815,0.0046991,0.0095942,0.0047412,0.031874,0.029829,0.011916,0.0056593,0.0034669,0.0040539,0.0073062,0.0093813,0.013874,0.0060308,0.0014245,0.00152,0.0027802,0.0030787,0.0016682,0.0032246,0.0013665,0.0013427,0.001381,0.0010872,0.00079953,0.00059323,0.0012352,0.0011747,0.0012691,0.0016119,0.001385,0.0007275,0.00016401,0.00024371,0.00012213,0.00022715,0.00075747,0.00091909,0.0014989,0.0013416,0.00048276,0.0048138,0.0053051,0.0037713,0.0035553,0.006577,0.0072443,0.0057738,0.0063719,0.0069735,0.006418,0.0064706,0.0081044,0.0072892,0.007174,0.0094309,0.011325,0.011816,0.0080614,0.010379,0.017744,0.023973,0.025674,0.035824,0.037539,0.028738,0.04124,0.066488,0.025832,0.20348,0.1846,0.066782,0.034379,0.026111,0.018654,0.015429,0.018462,0.015036,0.0094127,0.0068508,0.0079303,0.0091902,0.0066999,0.0031311,0.010268,0.0078956,0.0055203,0.0049503,0.0034617,0.0019654,0.0019745,0.0046188,0.0055959,0.0046881,0.0029734,0.0048255,0.0059853,0.0041963,0.0037784,0.0027549,0.0022042,0.0035391,0.0023692,0.0023757,0.0042674,0.0030547,0.0040636,0.0054619,0.0049578,0.0035974,0.0045194,0.0061672,0.006002,0.0072264,0.007493,0.0063537,0.0047979,0.0043086,0.0044515,0.0039514,0.0091785,0.013295,0.01072,0.0064436,0.0097059,0.011072,0.011975,0.017774,0.019332,0.01576,0.016508,0.025878,0.040252,0.017714,0.11609,0.10435,0.031931,0.0099651,0.0031453,0.0042353,0.013018,0.031391,0.065638,0.046635,0.024625,0.020988,0.022105,0.012523,0.0040824,0.0068502,0.01305,0.012043,0.011953,0.0087024,0.003263,0.002629,0.0055627,0.0047426,0.0040806,0.0064312,0.0065192,0.002772,0.0025054,0.0039051,0.0040582,0.0037397,0.0034952,0.0024329,0.0018621,0.0035892,0.0041663,0.0033037,0.0027214,0.0010869,0.0024184,0.0030297,0.002796,0.0024332,0.0017049,0.0006483,0.00035453,0.0013885,0.0030132,0.001842,0.00022933,0.00078607,0.00015717,0.00086781,0.00065695,0.0010091,0.0014096,0.0015285,0.0012241,0.0017107,0.0041435,0.0032267,0.0016474,0.0016231,0.0095451,0.02117,0.011651,0.0091223,0.008485,0.0041985,0.001881,0.0019125,0.011364,0.013807,0.0073697,0.0054336,0.0013652,0.00063114,0.0024941,0.011148,0.012344,0.0044446,0.0032299,0.0022457,0.001211,0.00066767,0.0015114,0.0016731,0.0016146,0.0020426,0.00099254,0.00039804,0.0007996,0.00091167,0.0013152,0.002481,0.0018189,0.001032,0.0015084,0.0014987,0.0024363,0.0023765,0.0020176,0.00082314,0.0013692,0.0022274,0.0020321,0.0014531,0.00066251,0.0016595,0.00066183,0.0013231,0.00023644,0.0021859,0.0017624,0.0012201,0.0010609,0.002568,0.0019909,0.00072453,0.0019016,0.0038007,0.0040036,0.001743,0.0031701,0.0028323,0.00059339,0.0033672,0.0038041,0.0033084,0.0027634,0.0035396,0.0039841,0.0012235,0.00080966,0.0047814,0.0034722,0.0023094,0.0027367,0.0033855,0.0044349,0.0035801,0.0018716,0.0018619,0.0010051,0.0057401,0.0044192,0.0026636,0.0041891,0.0044044,0.0023214,0.0032229,0.00374,0.0025008,0.00058122,0.00073942,0.00046791,0.00246,0.0020709,0.0011405,0.0018599,0.0027651,0.0042799,0.00091878,0.002484,0.0015851,0.0023733,0.0011654,0.00083204,0.0024684,0.0022079,0.0026269,0.0029646,0.0020383,0.00067044,0.0016074,0.0021415,0.0028344,0.0026867,0.0034503,0.0027581,0.00056329,0.0020948,0.0022799,0.0011628,0.00032553,0.00083736,0.0035205,0.0061865,0.011596,0.011879,0.0082195,0.004533,0.0034375,0.013594,0.0203,0.0078896,0.015405,0.019236,0.018473,0.02106,0.030234,0.084498,0.089552,0.034067,0.024846,0.018526,0.017085,0.021364,0.016816,0.026942,0.019193,0.016183,0.0092353,0.005317,0.003632,0.0058196,0.01314,0.01165,0.0089311,0.0075987,0.0024152,0.0046251,0.0036797,0.0038397,0.0089363,0.0089155,0.0058895,0.0049725,0.0010778,0.00057999,0.0038394
0.0016893,0.0031466,0.0078849,0.0053259,0.004358,0.0058022,0.0033577,0.0027867,0.0022112,0.0047559,0.0042406,0.003778,0.0031772,0.0032675,0.004096,0.0053635,0.0028318,0.0018439,0.0048852,0.0048518,0.0038908,0.0018793,0.0012184,0.0024267,0.001511,0.0018071,0.0019445,0.0052016,0.0041298,0.0049186,0.0029579,0.0020338,0.0015011,0.00098935,0.002656,0.0035201,0.00065822,0.0046085,0.0082983,0.0042573,0.0026068,0.0024897,0.006968,0.0018047,0.0038683,0.0024146,0.0027795,0.0030111,0.0035497,0.0014188,0.0019503,0.0025362,0.0027786,0.0021643,0.0052927,0.0040336,0.0048551,0.0047438,0.0023739,0.0021175,0.0029646,0.0031239,0.0053938,0.0046532,0.0015862,0.00484,0.0038142,0.0036613,0.0025385,0.00018591,0.0039553,0.0078508,0.0066708,0.0028765,0.0023057,0.0010993,0.0035648,0.0054859,0.004384,0.002165,0.0033772,0.0024822,0.0043755,0.0029836,0.007362,0.006709,0.0070269,0.0084801,0.0054701,0.013186,0.0059101,0.0047128,0.0066005,0.019453,0.025162,0.0096112,0.009205,0.010336,0.0083444,0.0044131,0.002226,0.0028489,0.0052484,0.0095907,0.011686,0.008721,0.0054704,0.0043925,0.018485,0.013816,0.002545,0.0028492,0.004918,0.0044987,0.0049553,0.0052801,0.0032275,0.0017485,0.0023697,0.002386,0.0029658,0.0054044,0.0050902,0.002634,0.0033276,0.006404,0.0064754,0.00087553,0.0030811,0.0012998,0.00076365,0.0014319,0.0016026,0.0017218,0.001645,0.0017972,0.0015314,0.0020205,0.0028529,0.0025084,0.0017154,0.0012916,0.001536,0.0018245,0.0019084,0.0020913,0.0022304,0.0015745,0.0032229,0.0017361,0.0036905,0.0036684,0.003023,0.0095124,0.012621,0.0069075,0.0038012,0.0032731,0.01496,0.021983,0.0097189,0.0093349,0.0070178,0.0061346,0.005303,0.0016009,0.0055298,0.0060941,0.0032712,0.0034278,0.0065388,0.0058606,0.0061103,0.017867,0.013681,0.0028016,0.0043245,0.0063616,0.0060966,0.005156,0.0037642,0.0023257,0.0040491,0.0046578,0.0071811,0.001671,0.00099722,0.0034515,0.0028025,0.00069123,0.0011254,0.00069767,0.00086139,0.0011327,0.0017826,0.00065804,0.00033957,0.00014216,0.00017057,0.00033116,0.00050431,0.00078771,0.00040659,0.00050857,0.00061898,0.00042475,0.00038652,0.00020439,0.00065031,0.00092732,0.00055922,0.0011434,0.00048935,0.0008944,0.0013481,0.0013975,0.0021745,0.00066052,0.0070528,0.0074899,0.002577,0.0018722,0.011682,0.034514,0.034484,0.010383,0.004405,0.0013573,0.00098851,0.00035417,0.00096554,0.0016548,0.0054523,0.0060863,0.00080106,0.0016593,0.0025791,0.0037735,0.010571,0.0077066,0.00052064,0.00066597,0.0019842,0.00044725,0.00051686,0.00079034,0.0009362,0.0021921,0.0020276,0.0012388,0.00074853,0.00020721,0.00048469,0.00066103,0.0011353,0.00077556,0.000881,4.3045e-05,0.0032881,0.0057464,0.001914,0.00052833,0.0012907,0.00059152,0.0019713,0.0024632,0.0036311,0.0044208,0.0002897,0.0023093,0.0012429,0.0040156,0.0016021,0.0021435,0.0020304,0.0036991,0.0034237,0.0040311,0.0022696,0.0039824,0.0010042,0.0024563,0.013166,0.0622,0.062953,0.014985,0.004834,0.0094952,0.01975,0.021213,0.010056,0.0035105,0.0015433,0.0016676,0.0015721,0.0034398,0.0073827,0.025081,0.027443,0.0059319,0.0035,0.0018956,0.00090919,0.00092065,0.00068366,0.0019936,0.0014252,0.0017395,0.0012694,0.00096407,0.001241,0.0015114,0.0023058,0.00142,0.0026059,0.00094535,0.0011124,0.0021643,0.0016254,0.00090595,0.0002998,0.001818,0.0024113,0.0014617,0.00046984,0.00049697,0.0007747,0.00073104,0.00077209,0.00076153,2.4191e-05,0.00071855,0.00061465,0.0012697,0.00094789,0.00085094,0.0010321,0.0013483,0.00094807,0.00048978,0.0013141,0.0021371,0.0019636,0.00086383,0.00069477,0.0015912,0.0013372,0.0016256,0.006077,0.0066854,0.00095898,0.00096088,0.0056522,0.023003,0.027564,0.010309,0.0015461,0.0024369,0.0015287,0.00052676,0.001163,0.0026959,0.0046785,0.0045351,0.00020895,0.0022024,0.0011195,0.00031839,0.001107,0.00050113,0.00099697,0.0023426,0.0025009,0.0006573,0.00016517,0.00038965,0.0015827,0.0030078,0.0011209,0.0018862,0.0036344,0.0029728,0.0020519,0.0026873,0.00074834,0.00087495,0.0021721,0.0021479,0.0031727,0.0030064,0.00054403,0.00032953,0.00050164,0.00059682,0.0011229,0.00097521,0.00039429,0.0018311,0.001431,0.00067983,0.0005087,0.00080953,0.00084056,0.0010822,0.0014496,0.00088069,0.0016853,0.0014747,0.002504,0.0033979,0.0019537,0.0025327,0.0040924,0.0076477,0.0069395,0.0038039,0.0086093,0.020585,0.029868,0.022824,0.010682,0.0085934,0.0037524,0.0061586,0.0052344,0.0038866,0.0084505,0.014183,0.0085182,0.0052418,0.0055554,0.0018862,0.0036387,0.0048972,0.0020625,0.0014986,0.0018633,0.0021109,0.0011327,0.00039729,0.00065961,0.0011948,0.0011645,0.001368,0.0018424,0.0006338,0.00049317,0.0010806,0.0023913,0.0013223,0.00074909,0.00082065,0.00026028,0.00030347,0.0019721,0.0045731,0.00116,0.0011107,0.0013351,0.004359,0.0058239,0.0032151,0.0014769,0.0011162,0.00293,0.0031023,0.0033367,0.0044552,0.0031899,0.0016965,0.0057372,0.0034134,0.0059688,0.0043471,0.009319,0.015899,0.013427,0.01361,0.016349,0.011599,0.022854,0.047994,0.12506,0.16583,0.11774,0.056594,0.039355,0.021267,0.021402,0.016814,0.0087581,0.01681,0.010966,0.0082286,0.0095108,0.0032607,0.005787,0.010145,0.008151,0.0045883,0.0029253,0.0041367,0.0021548,0.0058711,0.0037902,0.0064071,0.0028697,0.0025461,0.0040845,0.0014723,0.0024685,0.0031431,0.0018244,0.0035018,0.0035863,0.0009258,0.0032526,0.0014541,0.0037148,0.0030918,0.0020868,0.0011242,0.00086751,0.0010897,0.0012887,0.0023082,0.0034432,0.0020481,0.0037257,0.0030778,0.0040592,0.0025496,0.0026001,0.0018815,0.0049755,0.0060961,0.0080178,0.0042398,0.0047828,0.0033604,0.0075879,0.0093166,0.0081785,0.0018225,0.0060219,0.013973,0.037923,0.087931,0.11428,0.081314,0.040242,0.02571,0.0078084,0.012636,0.0051273,0.018012,0.042793,0.068625,0.027201,0.025827,0.01751,0.011334,0.0031619,0.0050019,0.0087764,0.016395,0.015838,0.0057424,0.0040897,0.008307,0.0073216,0.0038439,0.0047698,0.0044996,0.0028087,0.0012506,0.0019897,0.0017841,0.0059286,0.0064999,0.004485,0.0034131,0.0028703,0.004626,0.0028658,0.0020699,0.0012281,0.0020185,0.0021967,0.00084283,0.0032067,0.0026473,0.001681,0.0014531,0.0022408,0.0018373,0.0018949,0.0038865,0.0032087,0.0015158,0.00078282,0.00082054,0.0013898,0.0014409,0.00016137,0.0023708,0.0034216,0.0025117,0.0013732,0.00098495,0.00051323,0.0015411,0.0017887,0.011771,0.010012,0.0020433,0.0058026,0.0053727,0.0021115,0.0046849,0.0026546,0.008924,0.008105,0.0042992,0.0041955,0.0013775,0.0074152,0.0004628,0.008134,0.0069314,0.0042027,0.0015376,0.0019825,0.0032119,0.0011085,0.0013013,0.00069223,0.00095888,0.0015669,0.0015764,0.00019309,0.0015931,0.0015343,0.0008483,0.0012904,0.00088728,0.0023572,0.0028013,0.0023972,0.0018439,0.00091652,0.0020647,0.0040126,0.0027324,0.00095006,0.0010424,0.002,0.0035316,0.0038328,0.00097531,0.00080024,0.00032903,0.0027475,0.0015281,0.001127,0.0011699,0.003261,0.0049756,0.0045017,0.0032042,0.0016576,0.0023014,0.0034643,0.0026578,0.0024318,0.0013593,0.0026975,0.0038526,0.0048071,0.0042741,0.0035295,0.0021764,0.0022999,0.0040431,0.0027987,0.0015068,0.0040764,0.0085104,0.0090387,0.007829,0.002708,0.0052883,0.0033983,0.0036161,0.0052849,0.0041562,0.0034013,0.0040594,0.0037857,0.0021038,0.0071029,0.0073083,0.005691,0.0027886,0.0029677,0.0047502,0.0046286,0.0033569,0.0010365,0.0017083,0.002648,0.0027855,0.002311,0.0047072,0.0037025,0.0013948,0.00053308,0.0024892,0.0031824,0.0013626,0.0010359,0.0017894,0.00023918,0.0014476,0.0016068,0.00093423,0.0019314,0.0025169,0.0024558,0.0039601,0.0060171,0.0028432,0.0010625,0.0046716,0.0067541,0.0034288,0.0025428,0.0028056,0.013661,0.013597,0.0038393,0.00741,0.0042892,0.028906,0.034153,0.016347,0.0080862,0.0049089,0.013887,0.015781,0.010937,0.033909,0.084639,0.079928,0.039396,0.0051075,0.019491,0.026127,0.018144,0.0093021,0.026206,0.03125,0.026729,0.013897,0.0048846,0.011191,0.012321,0.010121,0.0033603,0.010231,0.0089223,0.0082553,0.0091758,0.0020172,0.0076514,0.013301,0.011414,0.0053999,0.015747,0.011319
0.0043661,0.005883,0.0035796,0.0040493,0.0045391,0.0050478,0.0064423,0.0035343,0.002174,0.0029423,0.0051403,0.0046544,0.0018326,0.0020381,0.0038639,0.007661,0.006281,0.0029258,0.0022643,0.00070429,0.0017372,0.003955,0.0043272,0.0020852,0.0026183,0.0042433,0.0036049,0.0016372,0.00070727,0.00088215,0.0031122,0.004756,0.0019244,0.0036728,0.0044655,0.0033649,0.0013417,0.0050466,0.0096914,0.0082094,0.0025734,0.004758,0.0055418,0.0028418,0.00050934,0.0053303,0.0043867,0.0023349,0.0063,0.0066723,0.0039166,0.001778,0.003211,0.0035063,0.0035789,0.0022267,0.0054353,0.0052397,0.0036081,0.0036718,0.0051273,0.0034612,0.0037901,0.0018712,0.0021876,0.0042328,0.0025218,0.0031624,0.0023323,0.002289,0.005152,0.0064844,0.0031081,0.0005516,0.0021643,0.0025532,0.0043181,0.0051668,0.0033797,0.0016244,0.002552,0.002647,0.00084538,0.0039338,0.0032815,0.0032199,0.0020152,0.0094928,0.013967,0.0084794,0.0059472,0.0048841,0.0046121,0.024349,0.02345,0.0071807,0.0021937,0.0027586,0.0030593,0.0032029,0.0041487,0.004741,0.0024916,0.0058169,0.0053474,0.0058153,0.014431,0.015143,0.004736,0.0023842,0.0023988,0.0006143,0.0022912,0.0027703,0.00073137,0.0037143,0.0030983,0.0015546,0.0024134,0.0010638,0.0034092,0.0033223,0.0014191,0.0042265,0.0045068,0.0028679,0.0018918,0.0014088,0.0053581,0.0059573,0.0010632,0.00099641,0.00079199,0.00062862,0.0014379,0.0030336,0.0022479,0.00070696,0.00081043,0.0012098,0.001586,0.0008567,0.001106,0.0014801,0.0032977,0.0026075,0.00070544,0.00080489,0.0013734,0.0015731,0.0019897,0.0013929,0.0017477,0.0040247,0.006619,0.0084229,0.0037869,0.012343,0.029481,0.02288,0.0069206,0.003369,0.0023286,0.0022344,0.0026604,0.0012553,0.00035681,0.008799,0.014511,0.006725,0.0023203,0.012293,0.014198,0.0033717,0.0014916,0.0026038,0.0010753,0.00075347,0.00061079,0.00065586,0.00052815,0.0002803,0.00095419,0.00023184,0.0011066,0.010135,0.011542,0.0036832,0.001839,0.0017523,0.0011365,0.00080916,0.001344,0.0021618,0.0016864,0.00019905,0.00079955,0.00048685,0.00096147,0.0007987,0.0015599,0.00084576,0.00079404,0.00080856,0.001169,0.00073043,0.00079367,0.00041113,0.0012743,0.00097064,0.00052974,0.00061712,0.00083972,0.00046868,0.00093298,0.0016843,0.0014669,0.00391,0.0073964,0.010468,0.0060585,0.0025788,0.0045598,0.03039,0.038177,0.015719,0.0054391,0.0015622,0.0032646,0.0014422,0.001051,0.0017326,0.0029943,0.0064996,0.0055395,0.0014789,0.0076001,0.0095268,0.0045876,0.00092882,0.0018267,0.0018637,0.0025438,0.0018129,0.0011255,0.0004125,0.00086926,0.0014992,0.0015745,0.0024447,0.0019558,0.00022478,0.0012743,0.0017991,0.0011205,0.00075128,0.0021222,0.0041674,0.0044142,0.0015718,0.0034244,0.0024194,0.0031058,0.0041055,0.0014086,0.0018258,0.0011241,0.0032078,0.0025796,0.0010824,0.00027344,0.0026546,0.0016011,0.0030691,0.0028072,0.005552,0.007426,0.0017397,0.0035665,0.0062945,0.0079717,0.0078455,0.017839,0.052826,0.055153,0.020131,0.011767,0.0037419,0.018068,0.016424,0.005602,0.0019152,0.0019407,0.0018165,0.0012216,0.00060788,0.0041855,0.0099119,0.027568,0.022684,0.0091465,0.0028213,0.0025505,0.0030573,0.0024715,0.00072803,0.0018179,0.0013367,0.00029256,0.00018397,0.001345,0.00086626,0.0010022,0.00097482,0.002169,0.0011,0.0015145,0.0016788,0.0010638,0.0012237,0.00049876,0.00088109,0.00089539,0.0011911,0.0024748,0.00044416,0.00058603,0.0011905,0.00098749,0.00061068,0.0003594,4.8327e-05,0.00034458,0.00021696,0.00011591,0.00066286,0.00050781,0.0012774,0.00053102,0.0011871,0.00072704,0.00032392,0.0010379,0.0016715,0.0025578,0.0019428,0.00087973,0.00090812,0.0074742,0.010345,0.0052419,0.0033647,0.0057732,0.022728,0.023453,0.0084455,0.003901,0.00056435,0.0019161,0.0004588,0.0021286,0.0010298,0.0018344,0.0059641,0.0049396,0.003209,0.0019901,0.0022524,0.0028028,0.0021225,0.00095357,0.00081899,0.00089191,0.00099437,0.00069117,0.00034616,0.0011917,0.0021442,0.0024363,0.0011299,0.00080152,0.00090668,0.00078926,0.00079241,0.00036055,0.00093513,0.0019237,0.0039032,0.0040855,0.00055656,0.00052599,0.00034455,0.00035901,0.00080493,0.00087064,0.00052071,0.0015128,0.0018926,0.00094906,0.00032938,0.00025437,0.00052141,0.00057814,0.00088891,0.0017976,0.0018536,0.001095,0.0015942,0.0026543,0.0016415,0.00018334,0.0015086,0.0047428,0.01155,0.0067661,0.004525,0.0039677,0.011995,0.033509,0.026111,0.003019,0.0016073,0.0041322,0.0038557,0.0026487,0.0034616,0.0024103,0.01268,0.019188,0.0094765,0.0037876,0.0050548,0.0064422,0.0024489,0.00087886,0.00026022,0.00064308,0.00070226,0.00040786,0.00044876,0.00074928,0.0015733,0.0011397,0.00053782,0.00087506,0.0015539,0.0010228,0.0019823,0.0010322,0.0010251,0.00094356,0.0019736,0.00013924,0.0017019,0.0012088,0.0024451,0.0018188,0.0034088,0.0017718,0.0026406,0.00067779,0.002139,0.0020323,0.0029742,0.0035701,0.0037748,0.0023669,0.004819,0.0032215,0.0045993,0.0034528,0.0025633,0.0047638,0.0042536,0.0081042,0.012602,0.0075573,0.0032845,0.0088174,0.026362,0.017054,0.024399,0.085351,0.21759,0.17434,0.03528,0.015275,0.028323,0.017643,0.0089228,0.0050401,0.005135,0.0030962,0.016499,0.014081,0.007378,0.0037724,0.010988,0.0085002,0.0023814,0.0042444,0.0047008,0.0065626,0.0024898,0.0028484,0.0014513,0.0058757,0.0046221,0.0028147,0.0030607,0.0029248,0.0053164,0.0036057,0.0033751,0.002476,0.0011228,0.0020811,0.0012631,0.0047505,0.0052448,0.0013265,0.0022906,0.0021105,0.00059267,0.0007597,0.00069367,0.0014554,0.00016255,0.0020303,0.0028518,0.0036334,0.0019807,0.0013494,0.0025855,0.0065373,0.0051851,0.0044558,0.004774,0.008393,0.0055627,0.0045321,0.0041848,0.0013277,0.011979,0.021869,0.015516,0.013228,0.048333,0.13521,0.10722,0.013948,0.0099522,0.016931,0.011195,0.014614,0.016398,0.0083654,0.03645,0.064829,0.036417,0.0062872,0.0096985,0.019046,0.01256,0.00079994,0.0035547,0.006289,0.0070496,0.008472,0.0050575,0.00072274,0.0032217,0.0026263,0.00034393,0.0029629,0.0044469,0.0037753,0.00040284,0.002906,0.0031637,0.0036452,0.0025236,0.003135,0.0030258,0.0023272,0.0020664,0.0027702,0.0020108,0.0020255,0.0033542,0.0045391,0.0034985,0.0012647,0.0028378,0.0046474,0.0030749,0.0024385,0.0019965,0.0053623,0.0057518,0.0023195,0.0024881,0.0021462,0.003086,0.001318,0.005337,0.0043417,0.0032491,0.0053278,0.0017147,0.005028,0.0053387,0.0017321,0.023851,0.026914,0.011,0.0065424,0.0068029,0.0059673,0.0051604,0.0041455,0.010536,0.0122,0.0028833,0.0093622,0.0060726,0.0091509,0.010228,0.0078452,0.006188,0.0043538,0.0016931,0.0047596,0.0049198,0.0083396,0.0062754,0.004783,0.0076333,0.010261,0.0072902,0.002176,0.0021016,0.0034317,0.0029407,0.0006207,0.0019576,0.0028762,0.0038778,0.0015728,0.0013774,0.0012737,0.0031789,0.0025146,0.0014621,0.0021181,0.0040164,0.0033073,0.0016768,0.0036818,0.0020215,0.0021041,0.003623,0.0033756,0.0023103,0.0038588,0.0065475,0.0060084,0.0045111,0.0040458,0.0020344,0.0023261,0.0011803,0.0016352,0.0037686,0.0043875,0.0042436,0.0010635,0.0043605,0.0062337,0.0058675,0.0048114,0.00068795,0.0047539,0.0029017,0.0011577,0.0029258,0.0056261,0.0056675,0.018076,0.014077,0.0086982,0.0078777,0.0048186,0.0072196,0.0085256,0.0060096,0.0023644,0.0039876,0.006621,0.0066116,0.004043,0.00075308,0.0026953,0.0054826,0.0051584,0.00081259,0.0050028,0.0056141,0.0039219,0.0014861,0.005406,0.0064353,0.0057688,0.0035003,0.002911,0.0032394,0.0022246,0.002147,0.0027334,0.0023176,0.0013858,0.0041532,0.0038613,0.0025473,0.0022934,0.0014526,0.0056637,0.0085272,0.0035368,0.0059929,0.0026761,0.0057594,0.0049897,0.0061423,0.0071565,0.004909,0.0025643,0.010095,0.016624,0.0075841,0.0044759,0.0050646,0.016557,0.033143,0.023831,0.0058202,0.0010148,0.00077231,0.0035867,0.01229,0.023385,0.021363,0.058772,0.10481,0.059764,0.028393,0.018771,0.00629,0.0091812,0.012964,0.01288,0.012106,0.024064,0.019891,0.014468,0.0096134,0.0032241,0.0075088,0.011772,0.0092983,0.0068255,0.011035,0.0080266,0.0018907,0.0041871,0.0084056,0.010763,0.013827,0.018125,0.0099697
0.0046091,0.0056098,0.00076965,0.0025563,0.0022236,0.0036818,0.0016657,0.00074772,0.00061022,0.0038546,0.0065629,0.0056692,0.0047491,0.0036003,0.0054024,0.0022698,0.0028863,0.0047128,0.0051509,0.0038408,0.0014269,0.0020193,0.00207,0.0029704,0.0038135,0.0041748,0.0040642,0.0016738,0.0049806,0.00159,0.0015364,0.0038458,0.0037464,0.0049453,0.0030087,0.0029986,0.0049897,0.008077,0.008861,0.0020035,0.0010099,0.0062822,0.0099505,0.0050767,0.0026696,0.0046058,0.0021131,0.0010024,0.0029894,0.0053048,0.0042989,0.0031792,0.0022091,0.0036804,0.0040711,0.0026799,0.0044111,0.0059953,0.0044833,0.0029094,0.0017653,0.0020304,0.003494,0.0022413,0.0020671,0.0015251,0.00057177,0.003338,0.0052826,0.0011694,0.0012956,0.00090469,0.00043941,0.0013088,0.0016763,0.00067416,0.0023516,0.00045971,0.0027897,0.0036198,0.0037947,0.0026971,0.0034976,0.0018771,0.0049895,0.0062679,0.0046863,0.0072928,0.0092981,0.011885,0.009415,0.006938,0.012046,0.025842,0.021292,0.0043537,0.0043876,0.0020603,0.0037265,0.0021326,0.0010978,0.0023402,0.0034012,0.0024305,0.0018522,0.0050918,0.0044437,0.011985,0.012799,0.0072751,0.00050605,0.0015,0.0031992,0.0032532,0.0040513,0.0056238,0.0041211,0.0017679,0.001209,0.0037051,0.0021546,0.001794,0.0054701,0.0069337,0.0039334,0.0037616,0.0041411,0.0010649,0.00093336,0.0023529,0.0018988,0.0028475,0.0027809,0.0023054,0.00078431,0.0006635,0.0012994,0.001399,0.00065819,0.00072882,0.0017243,0.0020024,0.00067324,0.0014711,0.0012288,0.00057745,0.00081919,0.0015602,0.001988,0.0019583,0.0013747,0.00060811,0.0009187,0.0048326,0.0070961,0.0014619,0.0038047,0.012564,0.028785,0.022184,0.0050003,0.00076739,0.0015389,0.0014668,0.0012274,0.0021559,0.0032159,0.0097427,0.010525,0.0036549,0.0022566,0.007856,0.013173,0.0070736,0.0044289,0.0023744,0.0012187,0.00081159,0.0007664,0.00031086,0.0002109,0.0016233,0.003827,0.0051801,0.0052186,0.0066762,0.0073932,0.005422,0.0035543,0.0028723,0.0038701,0.0031492,0.0016779,0.00016132,0.0012047,0.00067549,0.00094506,0.00044283,0.00084925,0.0015239,0.0012592,0.0002878,0.00076506,0.00054477,0.00052569,0.00039603,0.00059464,0.0014719,0.0014485,0.00082131,0.00052628,0.00010049,0.00089933,0.0019796,0.0024165,0.0012015,0.00072169,0.00091236,0.004066,0.0080228,0.007281,0.0026373,0.0064399,0.036209,0.034608,0.010459,0.0041916,0.0032184,0.0029268,0.0031142,0.0018881,0.0025401,0.0049418,0.0066949,0.0018242,0.0025142,0.0029896,0.010158,0.0076825,0.0036565,0.0020013,0.00075398,0.0016391,0.0013022,0.00046822,0.00097353,0.0012511,0.0017159,0.00058475,0.00027057,0.0012231,0.0024841,0.0020029,0.00092241,0.00012648,0.00017975,0.0015849,0.0025718,0.0039234,0.0040161,0.0030508,0.0032868,0.0042789,0.0025845,0.0014497,0.0023717,0.0027855,0.0012709,0.0020029,0.00081786,0.0015198,0.00065844,0.0014991,0.00090767,0.0013002,0.0033579,0.00076169,0.0041149,0.0021816,0.0009203,0.0080642,0.0081133,0.0072264,0.039753,0.062186,0.033039,0.0037169,0.012724,0.020835,0.012381,0.0054802,0.0019956,0.0043105,0.0033425,0.0029059,0.0049985,0.0034298,0.02,0.02698,0.01343,0.0055482,0.0064457,0.0063174,0.0020965,0.0021607,0.0028932,0.0013066,0.0015234,0.0012115,0.000568,0.001969,0.0019399,0.0015265,0.0011661,0.0010198,0.00060573,0.001589,0.0018361,0.00039656,0.0026613,0.0013278,0.00045894,0.0013387,0.0013844,0.0010973,0.00079733,0.00096581,0.0010151,0.0011393,0.0021886,0.001892,0.00049953,0.00036243,0.00040587,0.00037844,0.0017659,0.0016036,0.00078838,0.0015733,0.0019086,0.00031957,0.00067445,0.0013545,0.0021785,0.0014025,0.00017558,0.0012704,0.0020131,0.005319,0.011096,0.0065253,0.0024262,0.0056394,0.024443,0.021207,0.0056553,0.0014381,0.0020649,0.0024606,0.00080671,0.0007614,0.0015594,0.0053586,0.0049831,0.0023688,0.0017246,0.00142,0.0035471,0.0021408,0.00074921,0.00071429,0.0011696,0.000556,0.0011633,0.0013927,0.00042907,0.0020845,0.0020325,0.0020488,0.0021874,0.002228,0.0015426,0.0022308,0.0023393,0.00074751,0.00016565,0.00024121,0.0014914,0.0031876,0.0026229,0.001144,0.0005317,0.00099298,0.00088346,0.0012257,0.0018837,0.00052742,0.0012985,0.00058956,0.0002421,0.00046847,0.00040098,6.2465e-05,0.0002537,0.00082268,0.0010192,0.00083331,0.0010474,0.00087047,0.00016559,0.00037812,0.00023373,0.0026173,0.011314,0.010522,0.0016325,0.0029281,0.017589,0.036476,0.020103,0.003971,0.0021205,0.0016764,0.0028359,0.0008559,0.00079279,0.0067563,0.01861,0.016536,0.0043212,0.0037665,0.0054969,0.0040019,0.0020724,0.00059523,0.00088986,0.0011968,0.00069995,0.00052631,0.00092037,0.0010587,0.00093392,0.00053957,0.00034545,0.00050317,0.0014338,0.0012272,0.00077293,0.00012057,0.00085623,0.00075177,0.00048655,0.00063276,0.00055086,0.00090058,0.0019372,0.0036505,0.0027279,0.00075286,0.0022833,0.0021595,0.0029536,0.0018791,0.0034205,0.0022841,0.0033893,0.0015107,0.0010985,0.0022504,0.00099689,0.0032391,0.0023589,0.0043196,0.0019617,0.013502,0.0029211,0.003342,0.0079562,0.0034009,0.011714,0.0081869,0.017494,0.11146,0.22861,0.13088,0.03491,0.012322,0.0068213,0.011437,0.0078476,0.0062999,0.0032098,0.013347,0.010671,0.001265,0.0013906,0.0035931,0.0084973,0.0045949,0.0043476,0.00099075,0.0030769,0.003147,0.0035293,0.005452,0.0032207,0.0025804,0.0028548,0.00033474,0.00097855,0.000266,0.0013663,0.0020018,0.0018788,0.0018577,0.0013749,0.0020965,0.0040446,0.0023707,0.0019499,0.00052348,0.002804,0.0025398,0.00056078,0.0011366,0.001429,0.002074,0.0011578,0.0017074,0.0020511,0.0040641,0.002308,0.0022108,0.0026831,0.0055875,0.0036013,0.0070102,0.0012451,0.0038389,0.011407,0.007137,0.00062438,0.0032379,0.01279,0.011479,0.0061127,0.01425,0.070214,0.13946,0.081083,0.011288,0.0091354,0.0048558,0.0057969,0.0043556,0.0095923,0.020832,0.062036,0.056495,0.0034499,0.015718,0.0056134,0.012586,0.011869,0.0019276,0.0030328,0.0086655,0.010712,0.0059284,0.0057702,0.0023063,0.0020397,0.0036527,0.0029251,0.0024556,0.0057938,0.0081236,0.0045914,0.0023233,0.0042343,0.0017758,0.0029118,0.0036362,0.0045539,0.0078881,0.0025836,0.0029533,0.0040739,0.0039055,0.0043629,0.0046086,0.0023448,0.00012666,0.00073776,0.0016847,0.0033873,0.0024082,0.0010029,0.0011739,0.0025204,0.0017001,0.00097932,0.0031585,0.0025803,0.0019514,0.0013465,0.0020356,0.0030427,0.0014652,0.0034573,0.0034786,0.0023881,0.0014804,0.010029,0.0096904,0.0093125,0.0052245,0.0008876,0.0025047,0.0051242,0.0070006,0.0081168,0.0047817,0.0038308,0.0032408,0.0043585,0.0067788,0.007088,0.0063161,0.0060389,0.003572,0.0018506,0.0037701,0.0016037,0.003656,0.003748,0.001446,0.00048573,0.001883,0.0013254,0.0001883,0.00047383,0.0014185,0.0014091,0.0017706,0.0040717,0.0023777,0.0032073,0.0053417,0.0041108,0.00094495,0.0018642,0.0025006,0.0010335,0.00079405,0.001504,0.003281,0.003592,0.0020253,4.1956e-05,0.00098505,0.0016712,0.001879,0.0017626,0.0022494,0.0016169,0.001326,0.0028473,0.0011216,0.00379,0.0052948,0.0052167,0.0068197,0.0064854,0.0043459,0.0024966,0.0012554,0.0027843,0.0042577,0.002208,0.0042344,0.0032801,0.0030927,0.0023846,0.00064015,0.0049109,0.0082335,0.014161,0.015144,0.013179,0.012835,0.0063067,0.0047772,0.0033625,0.0017096,0.0019413,0.0035846,0.0027538,0.0016957,0.0010967,0.0013655,0.0020865,0.0029527,0.0029412,0.0012823,0.0029619,0.0040452,0.0014368,0.0027076,0.0016344,0.00062973,0.0033035,0.0067393,0.0045069,0.0016274,0.0011383,0.00089551,0.0021134,0.0019633,0.00072713,0.0043666,0.0053511,0.0024714,0.003341,0.0035533,0.0033958,0.0042733,0.0049007,0.0068818,0.0054829,0.0026105,0.002268,0.0051068,0.0056444,0.005121,0.0017229,0.0040402,0.0064314,0.01243,0.016113,0.007441,0.0048929,0.013315,0.022013,0.0091284,0.010307,0.0062845,0.0086537,0.013111,0.013904,0.022999,0.038194,0.072581,0.065298,0.049135,0.033621,0.011677,0.0078475,0.0060827,0.01128,0.0082772,0.012083,0.012285,0.015827,0.021053,0.012645,0.008848,0.0081572,0.013447,0.008475,0.0056077,0.0045281,0.0051856,0.0097682,0.0071767,0.0038515,0.014672,0.027275,0.01676,0.0028882
0.0038211,0.00088839,0.0017958,0.0050356,0.0048884,0.0048851,0.0040736,0.0036392,0.0027927,0.002813,0.0045687,0.0032849,0.005546,0.0068178,0.0035531,0.0032059,0.0062624,0.0063967,0.0035552,0.0013001,0.0038701,0.0034509,0.0025464,0.0037187,0.0020208,0.0021748,0.0022502,0.004511,0.0066059,0.0020624,0.0035178,0.0040972,0.0026908,0.0018087,0.0030624,0.0040995,0.0055808,0.0086301,0.0085502,0.0044371,0.0033537,0.0042486,0.0026985,0.0035123,0.0048526,0.0021659,0.0023074,0.0037081,0.0024648,0.0023417,0.0035016,0.0051334,0.004376,0.0050256,0.0054295,0.0031619,0.0074302,0.003068,0.0053921,0.0082848,0.0050255,0.0011142,0.0025515,0.0040664,0.0033912,0.0019103,0.0030636,0.0020905,0.00093288,0.0023769,0.0014979,0.0030867,0.0035933,0.0047451,0.00333,0.003557,0.0045711,0.006235,0.0062998,0.0046579,0.0042786,0.0048916,0.0024236,0.0033929,0.0043796,0.00095915,0.00088881,0.0050964,0.010469,0.01048,0.0029938,0.0085681,0.030179,0.036501,0.0098996,0.0030166,0.00077192,0.0011741,0.00079052,0.0017516,0.0016814,0.00504,0.0026467,0.0022046,0.0066723,0.0053049,0.0036066,0.0060667,0.02002,0.016572,0.0049663,0.002613,0.0031704,0.0033431,0.0022294,0.0016784,0.0040537,0.0014835,0.0029396,0.0028159,0.0012185,0.002209,0.0014059,0.0029241,0.0042242,0.0035562,0.0011336,0.0011082,0.0050949,0.0040785,0.0016588,0.00040869,0.0012238,0.0011203,0.0015941,0.0015986,0.0012627,0.0018218,0.0015182,0.0010149,0.00059857,0.0015851,0.0016612,0.00064324,0.0014597,0.0014721,0.0015381,0.0016754,0.0008281,0.0016035,0.00068447,0.0022234,0.0033345,0.005105,0.0077085,0.0059334,0.0017616,0.021353,0.027426,0.0081678,0.0011444,0.00076019,0.00071253,0.0011715,0.0037043,0.0029969,0.00080181,0.0076586,0.010843,0.0044585,0.00085366,0.0006427,0.0044127,0.015453,0.012003,0.0008941,0.0015291,0.0022932,0.0016157,0.00068082,0.0013296,0.0043839,0.01011,0.0067884,0.00058923,8.1725e-05,0.0012847,0.00084368,0.00059881,0.0016841,0.0011834,0.0015889,0.0019971,0.0010506,0.00052985,0.00055181,0.00092192,0.00051481,0.00085222,0.0011041,0.0010354,0.0010822,0.0010043,0.0014369,0.00049379,0.0012293,0.0018326,0.00089714,0.0010081,0.0018255,0.0011643,0.0011649,0.0012345,0.0016703,0.0018468,0.001333,0.0012339,0.0011864,0.0069922,0.0049829,0.006125,0.0082085,0.030382,0.036097,0.016104,0.0074607,0.0058487,0.004389,0.0024015,0.002507,0.0028053,0.0035929,0.0055652,0.0075329,0.0033895,0.0010706,0.0015761,0.003213,0.0091924,0.0071173,0.0050855,0.0027728,0.0016335,0.0011788,0.001859,0.0023094,0.0021597,0.00030539,0.0025982,0.0023671,0.0004681,0.0019039,0.0014648,0.00064317,0.0014643,0.0021866,0.0037744,0.0041274,0.0023188,0.0033141,0.0016966,0.0027285,0.0033336,0.003134,0.0042361,0.004216,0.001693,0.0034962,0.0035275,0.0014415,0.0045532,0.0050656,0.0045143,0.0028548,0.0045536,0.0066024,0.0069363,0.0060921,0.0040372,0.006658,0.0088758,0.014803,0.006861,0.047384,0.056367,0.023959,0.010632,0.005521,0.014268,0.0095127,0.0052181,0.0030795,0.0012482,0.0015526,0.0007864,0.0014917,0.0016616,0.015292,0.019772,0.016686,0.0093228,0.0057705,0.0028245,0.0044526,0.0065358,0.0052139,0.0044192,0.0021115,0.0042309,0.003762,0.0030529,0.0025797,0.0024637,0.0025203,0.0028889,0.0035028,0.0032723,0.0010972,0.0021786,0.0011179,0.0026632,0.0024956,0.0009629,0.001482,0.00058093,0.00079033,0.00094944,0.00053935,0.0017297,0.0014177,0.00049329,0.0003946,0.00092482,0.001005,0.00042279,0.00039475,0.00057636,0.0008805,0.0021466,0.0020714,0.00077592,0.00079915,0.0011092,0.0010767,0.0010261,0.0015701,0.0011871,0.0017344,0.0071109,0.0073912,0.0046519,0.0038941,0.019418,0.024891,0.010627,0.0031738,0.0030746,9.1363e-05,0.00059618,0.0016942,0.0030107,0.0027865,0.0013937,0.0025929,0.0047077,0.0040073,0.0018557,0.00080335,0.0010467,0.0010531,0.00097556,0.00097765,0.001523,0.0017572,0.00078744,0.00052251,0.0018207,0.0024534,0.0024808,0.0012076,0.0011437,0.0011918,0.0017828,0.0030965,0.0027124,0.00072426,0.0013314,0.0034387,0.0035143,0.0022455,0.00085582,0.00034558,0.00051558,0.00025392,0.00027734,0.00031592,0.00079338,0.00052323,0.0015981,0.0013331,0.00062844,0.00079284,0.00028701,0.00038305,7.6983e-05,0.0007384,0.00076238,0.001205,0.001812,0.00045023,0.00038653,0.003017,0.0025473,0.0081829,0.0071866,0.0025802,0.0084609,0.032388,0.028854,0.0029021,0.0016084,0.0019835,0.00052931,0.0013229,0.0006447,0.0043046,0.0047487,0.020705,0.019206,0.0059648,0.0022616,0.00039409,0.0026113,0.005034,0.0023786,0.00084077,0.00095522,0.00020552,0.00033712,0.0010251,0.00082903,0.00075331,0.00099533,0.00064689,0.00085838,0.00067022,0.00053779,0.0010999,0.0012055,0.00078904,0.00079144,0.0007894,0.00092126,0.00078797,0.00085706,0.0011008,0.0018181,0.0018459,0.0017111,0.0031725,0.0036047,0.0027237,0.0028448,0.0041298,0.0037509,0.00060204,0.001113,0.00094187,0.0018975,0.0016508,0.00084821,0.0027294,0.0046134,0.0020208,0.0026845,0.0034339,0.0076208,0.0050718,0.0088662,0.01293,0.013697,0.072168,0.21764,0.19587,0.04341,0.0056845,0.0041838,0.0054137,0.0035348,0.0027397,0.0051601,0.0045133,0.018068,0.016059,0.0067689,0.001737,0.0011366,0.0043276,0.0062189,0.004525,0.00041629,0.0038383,0.004788,0.0015344,0.0027822,0.0032282,0.004139,0.0043655,0.0031469,0.0033425,0.0023788,0.0027034,0.002226,0.0030005,0.0025277,0.00081387,0.0032245,0.0016418,0.00057704,0.0022977,0.00080423,0.0021973,0.0010331,0.00030029,0.00018378,0.00036832,0.0020302,0.0020939,0.00096037,0.0022149,0.0011983,0.00058815,0.00086345,0.0016826,0.00055766,0.00094686,0.00031165,0.0053648,0.0064566,0.0039553,0.0020145,0.0040053,0.0029918,0.0077545,0.0034338,0.006806,0.039055,0.13705,0.12092,0.017943,0.0023745,0.0064511,0.0036025,0.003111,0.0036279,0.0097993,0.025988,0.076811,0.05978,0.014768,0.0036748,0.0036187,0.0037034,0.0035901,0.0023176,0.0029752,0.0032328,0.005385,0.0056495,0.0023948,0.00070132,0.0011692,0.0030104,0.0029982,0.00074828,0.0022428,0.0017812,0.0022497,0.0021414,0.00086236,0.0019761,0.00069353,0.0006492,0.00075264,0.0021683,0.00076796,0.00018269,0.0011108,0.0022294,0.0025447,0.0033469,0.003047,0.002759,0.0019113,0.0019632,0.004006,0.0040587,0.0021432,0.002657,0.0026242,0.0012735,0.0012187,0.00099504,0.0040793,0.0026223,0.0018191,0.00085619,0.0032843,0.0031186,0.0031601,0.001966,0.00664,0.013427,0.01664,0.0077222,0.0072123,0.0053329,0.0034669,0.0038361,0.0027763,0.0064989,0.0099661,0.0040802,0.0033687,0.0093627,0.010235,0.007433,0.0089178,0.0096681,0.0093328,0.0052976,0.0018606,0.0038509,0.0017959,0.0024673,0.0034937,0.0042059,0.0039519,0.0041267,0.0022135,0.0017442,0.0021696,0.0007785,0.0014902,0.0013148,0.0037044,0.002758,0.0013322,0.0025185,0.0041119,0.0029488,0.002732,0.0021165,0.003363,0.0041666,0.0039555,0.0020954,0.00221,0.0014905,0.00079655,0.0018822,0.0028046,0.0029043,0.0043204,0.0054496,0.0033258,0.0018231,0.0042095,0.0063531,0.003328,0.0012277,0.0041685,0.0041685,0.0035196,0.0025973,0.0026925,0.0017337,0.0031917,0.0037667,0.0031224,0.0028031,0.00074937,0.0025005,0.00525,0.0043112,0.0043056,0.0065464,0.011357,0.02087,0.014707,0.007158,0.004366,0.00074796,0.0029185,0.0025518,0.0028998,0.0049894,0.0063739,0.0027376,0.003059,0.0031709,0.0041491,0.0047706,0.0011437,0.0012463,0.0016521,0.0030173,0.00046913,0.0014547,0.0016656,0.0046535,0.0061028,0.0073057,0.0044947,0.00080954,0.0017836,0.0013489,0.00043509,0.0032966,0.0032474,0.003928,0.0047403,0.0024767,0.0016808,0.0019211,0.0019226,0.0018711,0.0013346,0.0015814,0.0022791,0.0020934,0.0029146,0.0034065,0.0018727,0.00035743,0.0029493,0.0012758,0.0037377,0.0092251,0.015442,0.0083599,0.0018373,0.0061631,0.017309,0.014689,0.0029361,0.0050467,0.0043378,0.0093625,0.0084872,0.010946,0.014524,0.042674,0.093202,0.064165,0.022069,0.013948,0.008805,0.0059786,0.0042035,0.0046327,0.0077639,0.0002541,0.015421,0.012752,0.0045601,0.0041975,0.0080258,0.0066786,0.004127,0.0045784,0.003224,0.0024963,0.0022564,0.0010788,0.0041743,0.012734,0.023861,0.019416,0.008677
0.0016387,0.0012083,0.0038672,0.0065711,0.0071467,0.0052513,0.0051828,0.0048383,0.0054958,0.0025029,0.0028839,0.0012061,0.0014894,0.0018038,0.0017492,0.0026804,0.003961,0.0039631,0.0046827,0.0015234,0.0026415,0.0036229,0.0056764,0.0054361,0.00081433,0.0014514,0.0023741,0.0068062,0.0064355,0.0059044,0.0064904,0.0026427,0.00068677,0.0029662,0.0052018,0.0067215,0.0096666,0.0060598,0.004167,0.0016759,0.0063218,0.0070078,0.0018891,0.0050704,0.0075067,0.0088509,0.0044019,0.0012392,0.0012628,0.003347,0.0035079,0.0021278,0.0021198,0.0036884,0.0021049,0.001692,0.0021197,0.0040287,0.0049979,0.00066602,0.0026951,0.0025194,0.0052087,0.0034405,0.0011363,0.0027545,0.002894,0.0016436,0.00084459,0.0037096,0.0041646,0.0022748,0.0042985,0.0024743,0.00076357,0.0025507,0.0029647,0.0026127,0.002273,0.0036561,0.0038353,0.0052559,0.0010825,0.0046462,0.0053047,0.0020637,0.0038884,0.01542,0.015454,0.0062912,0.012547,0.012879,0.0066413,0.01298,0.026586,0.0068022,0.011798,0.0073745,0.0021882,0.0010462,0.0012051,0.0015661,0.0026418,0.007806,0.0082912,0.0026747,0.0079166,0.017478,0.0049967,0.0074346,0.0049507,0.0023845,0.0015177,0.0022752,0.0012862,0.0034199,0.0053925,0.0060361,0.0040688,0.0033173,0.0034572,0.0018439,0.0027036,0.0041525,0.0044357,0.003109,0.0032372,0.0021556,0.00065632,0.00088578,0.0017046,0.0015323,0.00046326,0.0017252,0.001334,0.0010889,0.001338,0.0016582,0.0010852,0.000548,0.0024375,0.0023298,0.00071867,0.000175,0.00083097,0.00080045,0.0022184,0.0012038,0.0028624,0.0021543,0.0030482,0.0042205,0.0023749,0.0044214,0.0022466,0.0016487,0.012959,0.014382,0.018487,0.014463,0.0096342,0.0037136,0.0019638,0.00085309,0.00077324,0.0046682,0.0093548,0.0071053,0.0028506,0.0070207,0.010634,0.012862,0.01085,0.0067013,0.0026863,0.00081441,0.00063057,0.00040306,0.00040829,0.00029973,0.0015242,0.0019597,0.0015584,0.0028322,0.0032672,0.0043168,0.0068264,0.0071808,0.0052,0.0035594,0.00083789,0.0010466,0.00068549,0.0023273,0.00247,0.00024086,0.00030475,0.0013538,0.0024061,0.0018024,0.0012353,0.0016909,0.0017252,0.002256,0.0030588,0.0028705,0.0011597,0.0013072,0.0021706,0.0024731,0.0026852,0.0019833,0.0021687,0.004305,0.0035882,0.0014593,0.0025074,0.0084543,0.013744,0.012005,0.014889,0.022423,0.01592,0.015066,0.020864,0.028419,0.014163,0.0074418,0.0022704,0.0059199,0.0061935,0.0067872,0.0047698,0.0016881,0.0044239,0.0054483,0.0040386,0.0046221,0.0068325,0.0023499,0.00050271,0.0010206,0.0015947,0.0016873,0.0023283,0.0024726,0.0021205,0.0016778,0.0011261,0.0010007,0.0026376,0.0027492,0.0017175,0.0002822,0.0018956,0.0022994,0.0014626,0.00036432,0.00056829,0.0024661,0.0014771,0.0012055,0.0022797,0.0030544,0.0031126,0.0030944,0.001775,0.0053896,0.0050366,0.002087,0.0010707,0.00080588,0.00060051,0.0023872,0.0034204,0.0018449,0.0066614,0.0051173,0.0033633,0.0088174,0.011994,0.018768,0.038512,0.062114,0.047978,0.016297,0.0061344,0.010918,0.021949,0.02168,0.01217,0.00028966,0.0056306,0.005736,0.013812,0.020382,0.02444,0.020914,0.017711,0.0032134,0.0021815,0.0016263,0.0038709,0.0038182,0.002785,0.0045562,0.0032251,0.0005912,0.0030833,0.0021179,0.0025595,0.001836,0.0028139,0.0042359,0.0033255,0.0022526,0.0013269,0.001579,0.0022739,0.0015313,0.0022897,0.00048855,0.0012341,0.0020259,0.0025273,0.0014456,0.0021358,0.0014732,0.00045419,0.0017202,0.0017475,0.0012226,0.0016263,0.0023434,0.0019603,0.0021453,0.0021066,0.0011286,0.00039803,0.00029985,0.0012117,0.0023695,0.0018156,0.0023353,0.0025411,0.0031491,0.005791,0.0097179,0.011272,0.0067662,0.011016,0.012759,0.010331,0.013009,0.013595,0.016132,0.011035,0.0052429,0.0010309,0.0039497,0.0063612,0.0060303,0.002451,0.004592,0.0039822,0.003633,0.003553,0.0029567,0.0042593,0.0036676,0.0016232,0.0019272,0.0019589,0.0028048,0.0023424,0.00030459,0.0018169,0.0020748,0.0014551,0.0013314,0.0023201,0.0038175,0.0036042,0.001553,0.0017835,0.0020249,0.0022521,0.0017015,0.0010237,0.00069445,0.00071199,0.00054324,0.00054757,0.00077033,0.00054386,0.00068942,0.0010209,0.0011802,0.0010753,0.0016077,0.0020796,0.0018054,0.0015969,0.0013782,0.00084607,0.00042371,0.0016122,0.00058499,0.0018141,0.002291,0.0022845,0.0038638,0.0056192,0.0088575,0.0097195,0.015248,0.022959,0.02008,0.027689,0.020314,0.01748,0.0048678,0.0063586,0.0051085,0.0012042,0.0089281,0.017034,0.0091708,0.000748,0.0022654,0.0036721,0.0029549,0.0026302,0.0021633,0.00033777,0.0010955,0.0011627,0.0011208,0.0021003,0.0013151,0.000763,0.00040928,0.00090142,0.0010433,0.00065863,0.00047667,0.00091034,0.00079901,0.0011948,0.0011714,0.00057235,0.0010187,0.00082999,0.00034196,0.00052751,0.0013534,0.0021249,0.0025505,0.0018689,0.0012771,0.0010049,0.0017366,0.00027302,0.0015928,0.0030751,0.0019271,0.0014863,0.0046654,0.0040864,0.00086376,0.0013341,0.0046628,0.0099333,0.014652,0.012121,0.0068647,0.0054566,0.0052273,0.0078461,0.02609,0.058672,0.13279,0.13263,0.1573,0.10116,0.095012,0.038865,0.026015,0.0086081,0.0051332,0.0072317,0.012981,0.0058031,0.0030985,0.0018876,0.0048486,0.0089974,0.0036929,0.0025666,0.0023011,0.0029113,0.0022876,0.0024235,0.0019019,0.0012094,0.0031655,0.0040095,0.0030597,0.0017425,0.0026958,0.0016233,0.0012323,0.00081872,0.0025795,0.0041007,0.0030353,0.0023278,0.004076,0.0042238,0.0021167,0.0012659,0.00085034,0.00024905,0.0012267,0.0028693,0.0030355,0.0013599,0.0020687,0.003057,0.0037673,0.0060732,0.0053775,0.004203,0.0047302,0.0035701,0.0027916,0.0020245,0.00053266,0.0052048,0.0019175,0.0087635,0.0076906,0.0051472,0.010727,0.015169,0.035442,0.085708,0.078893,0.10145,0.067647,0.062963,0.048911,0.026631,0.0085621,0.016778,0.045489,0.058628,0.016083,0.01448,0.0023181,0.0099196,0.0097638,0.0084566,0.0073365,0.0027677,0.0067039,0.0052759,0.007716,0.010083,0.007737,0.0049512,0.0043341,0.0017919,0.0033859,0.0019934,0.0040984,0.003547,0.0023973,0.0025127,0.0028593,0.0013306,0.0034577,0.00085834,0.0026688,0.0016489,0.0024951,0.0020084,0.0012812,0.0022165,0.0022402,0.00053459,0.0010636,0.00098118,0.001094,0.00095006,0.0028883,0.002131,0.00041071,0.0012183,0.0014409,0.000434,0.0023729,0.0011525,0.0018061,0.0017573,0.00083302,0.0011086,0.0015309,0.00079242,0.0027212,0.0050976,0.006739,0.013851,0.014557,0.0020565,0.0067942,0.00099402,0.0052995,0.005003,0.0010852,0.0043588,0.0060364,0.0083276,0.0038414,0.0017041,0.0051274,0.011081,0.0052735,0.00056168,0.0026767,0.0020956,0.00097551,0.0031985,0.0022352,0.0027623,0.0030468,0.0010912,0.00088744,0.0016269,0.0021253,0.0015358,0.00075609,0.00091897,0.0010595,0.00057442,0.00093509,0.00058124,0.0026067,0.0024035,0.0028595,0.0038911,0.0037302,0.0019495,0.00077744,0.00092432,0.0014557,0.0017306,0.001889,0.0036119,0.0032528,0.0030975,0.0025328,0.0018607,0.0045387,0.0034437,0.0015223,0.0016317,0.0024394,0.0037026,0.0026415,0.0038358,0.003876,0.0030493,0.0013663,0.0025225,0.0022203,0.00131,0.0019465,0.0014116,0.0045922,0.0062009,0.0020123,0.003705,0.0046347,0.0019756,0.0029758,0.007475,0.011272,0.001198,0.0045661,0.0023918,0.0064312,0.0044164,0.00080584,0.00095158,0.0011966,0.0015016,0.0010258,0.0029314,0.0046823,0.0069609,0.0054341,0.00083036,0.0017808,0.0018208,0.00099727,0.0018614,0.0019699,0.0053524,0.0051666,0.0038863,0.0038495,0.0039001,0.0027903,0.0041625,0.0031346,0.0033566,0.0024384,0.00095272,0.00039114,0.00070636,0.0018314,0.0035896,0.0037364,0.002533,0.0019701,0.0030765,0.0029374,0.0013233,0.001495,0.0017726,0.0022423,0.0039315,0.0061179,0.0075842,0.0085355,0.0095531,0.010395,0.010579,0.0092837,0.013142,0.0061155,0.012427,0.021617,0.01977,0.012984,0.0094816,0.012189,0.019676,0.0083815,0.059525,0.093815,0.03423,0.030701,0.040066,0.024631,0.027649,0.026495,0.028255,0.028014,0.0034633,0.014029,0.013389,0.010508,0.0076439,0.0060657,0.0053514,0.0040844,0.003654,0.0058842,0.0030702,0.0028829,0.0056266,0.0026754,0.0035479,0.0065309,0.0051901,0.0049515,0.0077958,0.012963
0.00081121,0.00070409,0.00092116,0.0047242,0.0078785,0.0062828,0.0043491,0.002829,0.0031242,0.0047568,0.0029558,0.0018978,0.0013717,0.00093113,0.0011174,0.0017526,0.00162,0.00051674,0.0019458,0.0034731,0.0041787,0.0049642,0.0057335,0.0046927,0.0012211,0.0057198,0.0039674,0.003311,0.0025868,0.0016841,0.0022203,0.0025537,0.0037788,0.0060741,0.0065187,0.0050957,0.0059588,0.0043449,0.00374,0.003471,0.0037109,0.006216,0.0011734,0.0045226,0.0034844,0.004439,0.0043601,0.0014869,0.0010699,0.0011043,0.0004165,0.0035625,0.0042795,0.0020431,0.0029094,0.00072786,0.0041722,0.0050996,0.0025538,0.0022538,0.0036908,0.0022828,0.0023141,0.0017061,0.0030363,0.0019504,0.0023219,0.0058786,0.0062098,0.0024325,0.00051228,0.0032639,0.0029565,0.0032843,0.005013,0.0037912,0.0020751,0.0043824,0.0076123,0.0043794,0.0023938,0.0023979,0.0031876,0.0040714,0.0037308,0.010518,0.0075296,0.0070185,0.0084974,0.012373,0.019313,0.030383,0.017351,0.0065235,0.009737,0.024365,0.026193,0.021604,0.011462,0.0071824,0.0023232,0.0087674,0.01444,0.0024443,0.0015991,0.019456,0.029984,0.021936,0.016034,0.010055,0.0018464,0.0048383,0.0064266,0.0071531,0.0058018,0.0040719,0.0060931,0.0018545,0.0041224,0.005688,0.0067335,0.00050609,0.0037841,0.0018643,0.0010758,0.0063898,0.011909,0.011056,0.0058137,0.00088038,0.00067308,0.0015885,0.0016588,0.0016712,0.0010196,0.0017438,0.0023485,0.0019763,0.00073143,0.0015408,0.0023282,0.0018758,0.001018,0.00077822,0.0015377,0.00057588,0.00099605,0.00096489,0.00076024,0.0018017,0.0022735,0.0020434,0.0054374,0.0017476,0.0063075,0.0076231,0.0073637,0.0034724,0.0039284,0.0060624,0.020753,0.015018,0.0026702,0.0017325,0.0019776,0.0069287,0.0099269,0.0043967,0.0019109,0.0041327,0.007067,0.014871,0.0095738,0.0045962,0.0019236,0.0026586,0.0016666,0.00078238,0.00064891,0.0010351,0.0021805,0.0022375,0.0012885,0.0018264,0.0021753,0.0030428,0.0037371,0.0051995,0.0035754,0.0053734,0.0038483,0.0021481,0.0017732,0.00089118,0.0013231,0.00075815,0.0013339,0.0015784,0.001862,0.0019202,0.0015304,0.00087359,0.0014124,0.0019354,0.0017864,0.0010377,0.00077169,0.00082721,0.0012031,0.0015875,0.0020288,0.001983,0.0016081,0.001896,0.0023606,0.0028168,0.0029454,0.0057093,0.010712,0.0082662,0.0012917,0.0058489,0.0060166,0.01242,0.036007,0.034015,0.0021847,0.0099324,0.0061262,0.0053415,0.0094605,0.0052373,0.0030885,0.0041218,0.0032126,0.0092234,0.0048056,0.0046934,0.0035691,0.0027684,0.0032045,0.0030545,0.002185,0.0029823,0.0028709,0.002053,0.0016231,0.0023877,0.0030049,0.0019111,0.0015183,0.0022381,0.0014534,0.0018114,0.0026704,0.0014303,0.0010091,0.00078856,0.00014242,0.0010465,0.0038155,0.0023907,0.0027677,0.0015177,0.0010961,0.00095397,0.0013376,0.001057,0.0030445,0.0039758,0.0034012,0.0034618,0.003375,0.0039741,0.0038212,0.0039199,0.004185,0.006484,0.0097344,0.0095738,0.0076852,0.0096217,0.028412,0.056784,0.04674,0.016416,0.021157,0.0051264,0.0058566,0.013279,0.013141,0.0099747,0.012494,0.015724,0.028562,0.037115,0.01337,0.0075891,0.0053567,0.0024439,0.0025509,0.00169,0.0019527,0.0025985,0.002404,0.0039662,0.0036135,0.0029089,0.0033969,0.0042371,0.003148,0.0016247,0.0012556,0.002203,0.0033915,0.002964,0.0015971,0.0013594,0.001292,0.00093729,0.001173,0.0026813,0.0033515,0.0013152,0.00089789,0.00043847,0.00071745,0.00054042,0.00056099,0.00063334,0.0019005,0.0019546,0.0012213,0.00092221,0.00076443,0.00060735,0.00027724,0.00053813,0.00079499,0.00091299,0.00089668,0.0007681,0.0010492,0.0010211,0.0010043,0.00088488,0.00020684,0.0028163,0.007568,0.0076606,0.0056362,0.0064002,0.0043636,0.0094879,0.020395,0.015935,0.0034481,0.0060035,0.0045761,0.0063288,0.0081686,0.0034203,0.0018665,0.0017364,0.00076016,0.0006067,0.00073403,0.00062033,0.0015116,0.0018409,0.0012841,0.00044279,0.001066,0.0016652,0.00090575,0.0011397,0.0013848,0.00064894,0.0014592,0.0011196,0.00065901,0.00043833,0.00085308,0.001155,0.002446,0.002867,0.0015269,0.00098114,0.00092206,0.0023122,0.0004858,0.00066489,0.0010649,0.0009799,0.00017351,0.00068086,0.00033613,0.00026289,0.00086276,0.0010731,0.00104,0.0012456,0.0012253,0.0015254,0.00015527,0.001312,0.0010086,0.00076424,0.0015467,0.0020189,0.0017034,0.00084252,0.0039376,0.0093581,0.010506,0.0036834,0.0019258,0.004235,0.0081637,0.033193,0.032891,0.010687,0.0041822,0.0050243,0.011461,0.016869,0.010964,0.005372,0.0002477,0.0014928,0.0027924,0.002008,0.00098764,0.0015405,0.00086788,0.0014677,0.00076899,0.0019679,0.0025097,0.0018032,0.00087324,0.0004293,0.00073186,0.001106,0.00098508,0.00098541,0.00050086,0.00051301,0.00040951,0.00093233,0.00073107,0.00060857,0.001714,0.0013196,0.00084684,0.0023196,0.0023863,0.0003855,0.0026,0.001607,0.0017691,0.0012807,0.00099946,0.0024572,0.003465,0.0025035,0.0025591,0.0043079,0.0034904,0.0033103,0.00080775,0.0024367,0.0016849,0.010144,0.0083451,0.0045472,0.00098941,0.0046851,0.011372,0.001259,0.011005,0.0096633,0.034012,0.055084,0.20399,0.20402,0.061392,0.01399,0.013398,0.017513,0.0074661,0.0075082,0.0071216,0.0011002,0.0064826,0.010466,0.0090896,0.0025706,0.0020243,0.0044112,0.0030561,0.0027461,0.0025751,0.0057243,0.0043452,0.0018053,0.0037353,0.0039385,0.0022968,0.0019076,0.0011123,0.0015172,0.0010711,0.0020256,0.0033726,0.0037824,0.0024102,0.002444,0.003376,0.0047963,0.00081083,0.00094268,0.0011708,0.0019073,0.0015829,0.00028905,0.0011495,0.0018178,0.0019508,0.0038053,0.005933,0.0092513,0.010509,0.0042731,0.0029677,0.0024246,0.0032206,0.0015321,0.0014765,0.002771,0.0029073,0.0010653,0.0042019,0.0076381,0.014416,0.0093906,0.0047327,0.017827,0.033001,0.12678,0.12718,0.04079,0.0088069,0.013548,0.03274,0.046273,0.019961,0.0082346,0.0020278,0.0042069,0.0034228,0.0030276,0.0034511,0.0041498,0.0075903,0.0075479,0.0087502,0.0071746,0.00715,0.008447,0.0053462,0.0015469,0.0032885,0.0044852,0.0070344,0.0066408,0.005324,0.0038896,0.0020708,0.0023427,0.0028784,0.0023917,0.003695,0.0033698,0.0032538,0.0026129,0.0034259,0.0032573,0.0023409,0.0017139,0.0010616,0.0005736,0.0012232,0.00042465,0.00068622,0.0015813,0.0019582,0.0014439,0.00034033,0.0015489,0.001501,0.00044306,0.00049271,0.0010451,0.0017131,0.0026069,0.0020524,0.00098388,0.0013506,0.0033205,0.0053313,0.001857,0.00063625,0.0061538,0.012641,0.024488,0.012902,0.00049709,0.002806,0.0055249,0.0139,0.01357,0.0058096,0.0034603,0.002782,0.010325,0.013777,0.006741,0.001804,0.00062537,0.0010112,0.0018586,0.00016558,0.0016698,0.00064816,0.0012144,0.0014787,0.001543,0.0013249,0.0014876,0.0014629,0.0010462,0.0023318,0.0022801,0.00078241,0.0011073,0.00061576,0.0013424,0.0013616,0.0021509,0.0013755,0.0019253,0.0027813,0.0043471,0.0030908,0.001187,0.0022174,0.00084851,0.002158,0.0035356,0.0037461,0.0020564,0.00052834,0.0020502,0.0019772,0.0019865,0.0020283,0.0023283,0.0024825,9.6403e-05,0.0019494,0.0014248,0.002197,0.0027617,0.0014118,0.0025685,0.0021782,0.00093097,0.001494,0.0025013,0.0055259,0.0049301,0.0027453,0.0040374,0.0080753,0.012133,0.01153,0.0049634,0.00057887,0.0047923,0.0018628,0.0035778,0.0039144,0.0028103,0.0020933,0.0023124,0.0043964,0.0046614,0.0031867,0.002202,0.0016233,0.0018601,0.0025093,0.0039472,0.0021552,0.0015675,0.0019284,0.0020235,0.00081944,0.00093976,0.0017587,0.0040523,0.0041602,0.0017836,0.00045407,0.0019654,0.0018845,0.0018986,0.00065062,0.0010358,0.0011107,0.002533,0.0014892,0.0018153,0.0030207,0.0040015,0.0026879,0.0013491,0.0016983,0.00092809,0.0033844,0.0019571,0.0015653,0.0012562,0.0062381,0.0019524,0.0010081,0.0039983,0.0094234,0.010978,0.0098888,0.00031969,0.0064045,0.0033962,0.012781,0.041324,0.027918,0.0087269,0.013332,0.026192,0.088484,0.083598,0.03074,0.02141,0.01151,0.031052,0.038397,0.023567,0.014852,0.011354,0.010216,0.011921,0.0059529,0.0047809,0.0096561,0.0061805,0.0089698,0.004442,0.0021523,0.0038033,0.0060892,0.0013237,0.0021135,0.001366,0.00083764,0.0082765,0.0085098,0.0060919,0.0080671,0.0036754
0.0025541,0.0025534,0.002101,0.0010117,0.002044,0.0031886,0.0045228,0.0030112,0.0042544,0.0016194,0.0052375,0.0010699,0.005707,0.0032738,0.0033551,0.0037848,0.0050562,0.0018167,0.0013801,0.00097728,0.00027614,0.0027726,0.0023847,0.0017445,0.0023706,0.0024091,0.0031322,0.0034265,0.0036714,0.0029194,0.0045922,0.0027004,0.0029532,0.00095822,0.00069134,0.002084,0.006091,0.0068054,0.0027072,0.0026546,0.0010328,0.005308,0.0071843,0.0047428,0.0017232,0.0029017,0.0011358,0.001351,0.0022938,0.0016537,0.0025564,0.0048634,0.0051631,0.0047762,0.0023281,0.0014366,0.0022581,0.0023555,0.0029311,0.0038311,0.0050592,0.0038526,0.0011194,0.0029149,0.0035919,0.0025321,0.0016286,0.0033839,0.0028731,0.0050717,0.005997,0.0017314,0.0015686,0.00065978,0.002749,0.00059647,0.0038323,0.0018922,0.0018208,0.0027881,0.0010205,0.0039742,0.0076045,0.007363,0.0016689,0.0035365,0.0063978,0.012497,0.0076485,0.0069144,0.0043797,0.00413,0.00089678,0.0082866,0.012169,0.019254,0.017084,0.0085702,0.002976,0.0038481,0.0060518,0.0055928,0.0026404,0.00095614,0.0021073,0.0021081,0.012468,0.0154,0.0048414,0.00022212,0.00098988,0.001151,0.0011772,0.00011705,0.0031942,0.0043567,0.0017722,0.0013085,0.0026931,0.0019179,0.0027753,0.0024284,0.0013801,0.0014765,0.00084242,0.00078565,0.0029712,0.0026645,0.0023224,0.0011285,0.0011938,0.0015754,0.001051,0.00094891,0.0010158,0.00065571,0.00099739,0.0013152,0.0010582,0.0017486,0.0015416,0.00018234,0.00085735,0.00083215,0.00082914,0.00028606,0.00059655,0.0017043,0.0029327,0.0016487,0.0021708,0.0053947,0.0090052,0.0053901,0.0028107,0.0065581,0.0056343,0.0027859,0.0053848,0.012351,0.019209,0.014829,0.0080274,0.0007883,0.0036393,0.010193,0.010228,0.0033247,0.00094565,0.0017276,0.0031006,0.013531,0.013836,0.0049472,0.0017383,0.0018851,0.00037571,0.00040446,0.00086603,0.0010236,0.0010828,0.0013179,0.0020631,0.00018821,0.0034779,0.0058911,0.0076558,0.0045617,0.0012432,0.0020331,0.00098385,0.0015677,0.0017663,0.00091206,0.0010964,0.0015188,0.0013869,0.00085223,0.00084501,0.0011454,0.0018602,0.0022919,0.0022226,0.0022023,0.0016846,0.0021496,0.0025885,0.0015154,0.0014372,0.0023649,0.0024891,0.0023412,0.0025564,0.0024165,0.0015348,0.0035262,0.0083788,0.010739,0.0053732,0.00076898,0.00226,0.0047431,0.0044941,0.016193,0.029526,0.034339,0.015946,0.011461,0.012604,0.0043614,0.0034336,0.0018311,0.0033928,0.0045415,0.0038969,0.0019572,0.008148,0.004752,0.0042393,0.0049904,0.0037451,0.0029669,0.0026769,0.002533,0.0016748,0.0017901,0.0023717,0.0023154,0.0024702,0.0022365,0.0014062,0.0020887,0.0029133,0.0027413,0.0025031,0.0023976,0.0017236,0.00087343,0.0008032,0.0015758,0.0029517,0.0026335,0.0016629,0.0019004,0.0021872,0.0036834,0.0042102,0.0029601,0.0020287,0.0019534,0.0019033,0.0021764,0.0039651,0.0060175,0.0061351,0.0067174,0.010303,0.012475,0.010278,0.0062517,0.025183,0.049149,0.062422,0.022673,0.018843,0.020962,0.01264,0.01023,0.013901,0.01161,0.0068038,0.0033991,0.012761,0.012826,0.022085,0.039789,0.026285,0.0065326,0.0082292,0.0052801,0.0027772,0.0026671,0.0014859,0.0045567,0.0033576,0.0010438,0.0024357,0.001971,0.0021016,0.0029083,0.0031481,0.002995,0.0032255,0.0037189,0.0026015,0.0020727,0.0011478,0.00046231,0.0011029,0.00076674,0.0015936,0.0017774,0.00087617,0.000398,0.0020515,0.001218,0.0008154,0.0012584,0.00032816,0.0013551,0.0013731,0.00093665,0.00098573,0.0010909,0.00031412,0.0005511,0.00061396,0.00070981,0.00046193,0.00011277,3.8003e-05,0.00035381,0.00071623,0.0011012,0.0012532,0.0020296,0.0038126,0.0056575,0.0014084,0.0050989,0.0058129,0.0057769,0.0039154,0.0085545,0.013226,0.018781,0.0092438,0.0046727,0.0052624,0.0064849,0.0076904,0.0053905,0.002535,0.0032559,0.0030285,0.0035588,0.0023389,0.0020115,0.0036073,0.0027252,0.00076546,0.0010334,0.002007,0.0025972,0.0021449,0.0013452,0.00095825,0.00016298,0.00061965,0.00047892,0.0018579,0.002184,0.0010804,0.0022192,0.0020168,0.0013949,0.0019504,0.0011059,0.0010245,0.0010204,0.00023002,0.001236,0.0013957,0.0010619,0.0010842,0.00099861,0.0012222,0.0013401,0.0005589,0.0014038,0.00053407,0.00043356,0.0012745,0.00026134,0.0015485,0.0015927,0.0010879,0.0022703,0.0016906,0.0019417,0.0030187,0.0068359,0.009419,0.004714,0.0052892,0.00059902,0.0045558,0.0040286,0.0091123,0.021031,0.035754,0.022054,0.01071,0.0041801,0.0039523,0.016246,0.01739,0.002881,0.0023606,0.00165,0.0015767,0.0031108,0.0022346,0.0013017,0.0014151,0.0024323,0.002041,0.0011367,0.0013326,0.00225,0.0017783,0.00091983,0.0010268,0.00061458,0.0014992,0.0014446,0.0018117,0.001547,0.0015552,0.0012918,6.0161e-05,0.0016441,0.0015575,0.00064634,0.0005581,0.0012116,0.00063675,0.001542,0.0011973,0.0016894,0.0014209,0.00092961,0.0035305,0.0032951,0.0023058,0.0037556,0.0052082,0.0014482,0.0028925,0.0026866,0.0082184,0.0093458,0.0062889,0.004416,0.0090118,0.00060677,0.0095332,0.018822,0.018397,0.022762,0.022139,0.013621,0.028912,0.061521,0.1328,0.21737,0.12162,0.06147,0.014829,0.01404,0.0041663,0.014959,0.0095335,0.0051371,0.0090112,0.0049522,0.0056549,0.0095729,0.0059123,0.0031587,0.004815,0.0035147,0.0017,0.0050832,0.0039258,0.0015126,0.00096487,0.0047181,0.0012498,0.006436,0.00097979,0.006275,0.0015393,0.0055246,0.00054577,0.0059679,0.0021372,0.0040539,0.0026011,0.0048482,0.0017986,0.001353,0.00111,0.0013495,0.00054813,0.0037631,0.0045228,0.0043362,0.0070961,0.0052716,0.0060385,0.0070195,0.0052286,0.0040076,0.0048381,0.0046295,0.0047636,0.0033105,0.0051722,0.0060522,0.0038519,0.0076014,0.0043691,0.011774,0.016055,0.010647,0.013359,0.021026,0.03819,0.085144,0.13695,0.083406,0.04547,0.0028649,0.022365,0.047336,0.029208,0.0095034,0.0083637,0.0088854,0.0078961,0.010001,0.0054889,0.0061661,0.0070323,0.0040134,0.0015391,0.0018378,0.0073646,0.010261,0.0051306,0.0015301,0.0006798,0.0014869,0.0067978,0.0078778,0.0035964,0.0026914,0.003518,0.0010946,0.0037989,0.0028719,0.0035363,0.0030974,0.0035193,0.001051,0.0012632,0.0019677,0.002364,0.0012392,0.0011633,0.0016603,0.0013695,0.001067,0.0011491,0.0010657,0.00085876,0.0017277,0.0025644,0.00297,0.0025076,0.0016829,0.0013539,0.00030178,0.0021718,0.0023632,0.00059039,0.00069318,0.001687,0.0013037,0.00081914,0.0020757,0.0029467,0.011743,0.017117,0.015629,0.0038771,0.0087725,0.011888,0.010935,0.015573,0.013493,0.0016353,0.0037401,0.0017892,0.0039559,0.011479,0.0075802,0.0020704,0.0029605,0.0025344,0.0031644,0.0022614,0.0023907,0.0028378,0.0022637,0.001439,0.00093032,3.2051e-05,0.0010294,0.0019287,0.00054494,0.00050366,0.00039773,0.00045622,0.00020701,0.002373,0.0026204,0.0010403,0.00032198,0.0012097,0.0015098,0.00093533,0.0018028,0.0026752,0.0015861,0.0012432,0.0017615,0.0022684,0.0036978,0.0026426,0.00085065,0.00029756,0.0014799,0.0033338,0.0030193,0.0017966,0.0013856,0.0012942,0.002297,0.003436,0.0056222,0.0055685,0.0017935,0.00092861,0.0014894,0.0031988,0.0031793,0.0021771,0.0022439,0.0028631,0.00046294,0.00076314,0.00094477,0.0012476,0.0085639,0.0095596,0.0022178,0.00033655,0.00033151,0.0045066,0.006888,0.0055331,0.0027499,0.0016218,0.00094582,0.0039453,0.0035366,0.0035134,0.0061005,0.0051471,0.0027958,0.0020192,0.0019525,0.0018449,0.0021312,0.0011433,0.0016814,0.00091194,0.0023479,0.0024925,0.0035299,0.0042409,0.0036707,0.0017503,0.0023072,0.00339,0.0036429,0.0012989,0.00080511,0.0020551,0.0024577,0.0014634,0.0026654,0.0030187,0.0028031,0.0022983,0.001789,0.0019458,0.0016228,0.0021132,0.0021568,0.0043775,0.005479,0.0036494,0.0023697,0.0082242,0.015881,0.010458,0.0047924,0.010234,0.009816,0.0076606,0.0094179,0.019834,0.035581,0.022846,0.0082081,0.016505,0.040286,0.090903,0.070536,0.02565,0.04076,0.030681,0.048183,0.053683,0.01756,0.0093757,0.010597,0.020383,0.023218,0.011532,0.003895,0.0027038,0.0099213,0.0073761,0.003377,0.003446,0.0060643,0.0064393,0.0060873,0.011005,0.013803,0.010601,0.011476,0.012482,0.0064464,0.0061821,0.0073861
0.0042013,0.0026875,0.0017996,0.0032754,0.0041439,0.001574,0.0028327,0.0013427,0.0030552,0.0026014,0.003707,0.0012718,0.0014607,0.0038222,0.0058816,0.0058809,0.0020252,0.0023188,0.0027703,0.00090334,0.00074537,0.0010504,0.0024884,0.0045124,0.003743,0.0042381,0.0054921,0.0062866,0.0059233,0.0039241,0.0078119,0.0073165,0.0015742,0.0029639,0.007743,0.012183,0.003295,0.0045602,0.0045436,0.0047798,0.0050073,0.0073885,0.0078401,0.004808,0.002658,0.0062194,0.0082347,0.0054504,0.0011488,0.0045172,0.0032959,0.0028071,0.0022536,0.0029091,0.0052573,0.0041003,0.0014588,0.0032562,0.0042341,0.001772,0.0019338,0.0046285,0.0068936,0.0062313,0.0048315,0.00094371,0.0037436,0.003598,0.00077116,0.00044293,0.0033044,0.0064176,0.0034368,0.0025924,0.0027043,0.00062241,0.0021955,0.002405,0.003854,0.00085048,0.0015162,0.0028322,0.0047024,0.0038713,0.0033886,0.0081303,0.010985,0.013673,0.011043,0.0019554,0.0057824,0.0047133,0.0062701,0.0072389,0.018082,0.014518,0.0063218,0.0027368,0.0023753,0.0023742,0.0024499,0.0012848,0.0030082,0.0029214,0.0025388,0.0080125,0.01731,0.014133,0.0040742,0.0021372,0.0030036,0.0022536,0.0031114,0.0012167,0.0037165,0.001389,0.0021789,0.0031881,0.0046876,0.0049625,0.0057691,0.0035298,0.0023712,0.0028492,0.0014979,0.0012471,9.5903e-05,0.0021972,0.0038905,0.0043307,0.0021557,0.0021212,0.0015262,0.0010917,0.00040977,0.001142,0.0014578,0.00046165,0.00033743,0.00012746,0.00078944,0.001342,0.0008286,0.00036489,0.00054447,0.00080835,0.0015112,0.00072086,0.00028404,0.00037386,0.0016052,0.0030594,0.0065058,0.0074576,0.0023092,0.0069179,0.004586,0.010425,0.013956,0.02143,0.015413,0.006338,0.0010834,0.0016076,0.0046655,0.0087591,0.0054027,0.0021472,0.00081222,0.0010998,0.0058208,0.01597,0.011117,0.0022411,0.00032991,0.00098636,0.0011961,0.0015032,0.001636,0.0012559,0.0018734,0.0012576,0.00036428,0.00041992,0.00058732,0.0016009,0.0055642,0.0042028,0.0014684,0.00041969,0.0011824,0.0012522,0.00081733,0.0028946,0.0031389,0.00098787,0.00055024,0.00062861,0.0010605,0.0017356,0.0015441,0.00033101,0.00046159,0.00051636,0.00028047,0.0011373,0.0014518,0.0016634,0.0019045,0.002217,0.0019623,0.0016698,0.0019865,0.0029878,0.0037738,0.005616,0.0087269,0.011414,0.0080684,0.0032667,0.0027175,0.010513,0.016329,0.018997,0.027222,0.025014,0.018846,0.0096333,0.0049312,0.0018529,0.0043822,0.0035618,0.0051667,0.0063409,0.0051092,0.0068699,0.012939,0.0085245,0.0036488,0.0027323,0.0024661,0.0016573,0.0025517,0.0022253,0.0011603,0.0019941,0.0022714,0.00089303,0.0021891,0.0017657,0.0023737,0.0023438,0.00058649,0.0020954,0.0028673,0.0025976,0.0017064,0.00094814,0.0010507,0.0017731,0.0017882,0.0016988,0.00239,0.0017778,0.0020204,0.0021641,0.002556,0.0035038,0.0035874,0.0024752,0.0010555,0.0028734,0.0042233,0.0058473,0.0059105,0.0046008,0.009162,0.014165,0.01168,0.013465,0.021705,0.036415,0.056079,0.035161,0.037839,0.023208,0.016604,0.021338,0.019908,0.018807,0.010614,0.0070271,0.0083014,0.0075783,0.027385,0.037715,0.01373,0.010645,0.0090875,0.0083818,0.0043511,0.0050145,0.0058422,0.0039908,0.0038236,0.0037073,0.0026982,0.0030224,0.0012676,0.0011852,0.00052208,0.00090477,0.00063331,0.0005314,0.0025401,0.0025684,0.0010274,0.0020503,0.00056438,0.0023553,0.0026685,0.0017314,0.0013423,0.0010844,0.0010772,0.00073893,0.0010595,0.001241,0.0010161,0.0014665,0.0012541,0.00073508,0.00066868,0.0016977,0.0019235,0.0024438,0.0020941,0.0013629,0.0010575,0.00081551,0.0012869,0.0022635,0.0023343,0.00087211,0.0017158,0.0030004,0.0051183,0.0081008,0.0065383,0.0036519,0.0026293,0.0089596,0.014294,0.013419,0.011437,0.014801,0.0095613,0.0042775,0.0026537,0.0060536,0.0070393,0.0010604,0.0027628,0.0030116,0.0034644,0.0044095,0.0033631,0.003143,0.0025323,0.0011865,0.00022759,0.0018619,0.0032344,0.0021923,0.0017289,0.0025686,0.002008,0.0012492,0.00057681,0.00038443,0.00054223,0.0019596,0.0023127,0.0014363,0.0020478,0.0016857,0.00033168,0.00093618,0.0017217,0.0017987,0.00024055,0.00046951,0.00043277,0.0005229,0.00017362,0.00078468,0.00025442,0.00098254,0.00057361,0.0005576,0.0017876,0.0019911,0.0010937,0.0012895,0.00036565,0.00042989,0.00037461,0.0015335,0.00077206,0.0011189,0.0021184,0.006962,0.010903,0.0081066,0.0050754,0.0068508,0.0090247,0.013451,0.021706,0.025205,0.025957,0.013983,0.0069068,0.003972,0.0056598,0.014365,0.011329,0.002615,0.0030567,0.0038712,0.0035824,0.0031647,0.00047638,0.00065243,0.0011501,0.0030165,0.003095,0.0017569,0.00053092,0.00031043,0.0003344,0.0002226,0.0011529,0.0012613,0.00078376,0.0013718,0.0013005,0.0006356,0.00051485,0.00034196,0.00084859,0.0012422,0.001042,0.00055871,0.00032755,0.0032246,0.0038458,0.0033721,0.0044722,0.0029144,0.0016707,0.0039813,0.0064747,0.0059111,0.0058328,0.0034978,0.0028967,0.0070049,0.0031836,0.0066186,0.0064786,0.010955,0.010154,0.0067125,0.011133,0.011674,0.02685,0.015593,0.015956,0.0086843,0.050653,0.057962,0.091786,0.14252,0.1683,0.16279,0.092278,0.03158,0.021067,0.015403,0.0065408,0.013996,0.0075671,0.0091057,0.0090531,0.0052186,0.008869,0.012403,0.0059185,0.0033392,0.0064606,0.007659,0.0047265,0.0025185,0.0014012,0.0047485,0.0059278,0.0021009,0.0013101,0.0020388,0.0033179,0.0018436,0.0028143,0.0036888,0.0010726,0.0044215,0.00377,0.0039741,0.0010598,0.0035744,0.0011568,0.0017489,0.00062168,0.0030505,0.0030748,0.0024966,0.0033223,0.0028767,0.0021593,0.0047701,0.0066851,0.0035974,0.0038183,0.0064197,0.0061357,0.0021536,0.0020117,0.0037725,0.0042322,0.003889,0.0023729,0.010435,0.010395,0.006733,0.0083008,0.027844,0.039298,0.045123,0.083032,0.10187,0.097069,0.053554,0.0082955,0.01674,0.023632,0.060511,0.042128,0.0065956,0.010377,0.011268,0.0050934,0.010277,0.0085282,0.003568,0.0054618,0.010173,0.0073699,0.0050825,0.0037769,0.0033584,0.005927,0.0070277,0.0065697,0.0039109,0.0027051,0.00585,0.0071043,0.0031531,0.0020895,0.0038325,0.0048056,0.0035695,0.0027311,0.0022681,0.0037889,0.0021972,0.0029351,0.0025028,0.0014911,0.00075234,0.00066617,0.00062649,0.00060851,0.0014866,0.0020816,0.0011855,0.0014205,0.0019547,0.001315,0.0025694,0.0022842,0.00069964,0.00091017,0.0007812,0.0012129,0.0014941,0.0024124,0.0037752,0.0016212,0.0053272,0.003349,0.0067936,0.012128,0.0096282,0.02271,0.023822,0.010535,0.0056118,0.0021755,0.0063184,0.01519,0.01301,0.0054493,0.002253,0.0025517,0.0047056,0.014127,0.016835,0.0080969,0.0018899,0.0027047,0.0033788,0.0022325,0.0023591,0.0021904,0.00040311,0.0020983,0.00081226,0.00068861,0.00047259,0.0025489,0.0024305,0.0016959,0.0022935,0.0013353,0.0020149,0.0021545,0.00091179,0.00071472,0.0003385,0.0024978,0.0028388,0.002055,0.0015953,0.0022392,0.00058207,0.0011021,0.0012616,0.0018915,0.0026709,0.001662,0.0009826,0.0029952,0.0032182,0.0022309,0.0032055,0.0032258,0.0017351,0.00060273,0.0020877,0.0018273,0.0011151,0.0036287,0.0043992,0.0030078,0.0024015,0.0035747,0.0053306,0.0056692,0.0049539,0.0037752,0.0042918,0.0028136,0.0076906,0.0039489,0.015213,0.010504,0.0045752,0.0069461,0.0014305,0.0037067,0.002844,0.0033983,0.0026507,0.0014422,0.0041998,0.0047003,0.0034045,0.0016505,0.0010873,0.0031712,0.0044316,0.0023101,0.0017882,0.002561,0.0016095,0.005858,0.0056416,0.0031979,0.0028117,0.0006146,0.0024818,0.0025324,0.0023772,0.0020521,0.0010978,0.0004631,0.00050466,0.0011132,0.0019846,0.00068522,0.0016885,0.0023288,0.00133,0.0005859,0.0036167,0.0024562,0.0013646,0.0017297,0.0020878,0.00084088,0.0011971,0.0029962,0.00090321,0.0037265,0.0017364,0.0048945,0.012672,0.014933,0.0049718,0.00077781,0.0036717,0.013289,0.021374,0.028785,0.027232,0.017623,0.0022848,0.011761,0.030602,0.091951,0.081717,0.028409,0.0099708,0.0096685,0.024722,0.02704,0.029189,0.014395,0.010941,0.0047065,0.012671,0.0089617,0.010661,0.0045829,0.0034647,0.0043363,0.0029373,0.0031194,0.00078788,0.0035123,0.0019623,0.0026295,0.00090713,0.0033594,0.005026,0.0042967,0.0056023,0.0064901,0.003708
0.0026702,0.004003,0.003232,0.0010316,0.0017203,0.00097326,0.001134,0.0027553,0.0028285,0.0018007,0.0011503,0.0034141,0.0028403,0.00021491,0.0023843,0.0021398,0.0029644,0.0017045,0.0031267,0.0048189,0.0032563,0.00051413,0.00050193,0.0026907,0.0035624,0.00091778,0.0020233,0.0022064,0.0036186,0.0038027,0.0015581,0.0029983,0.0036,0.002201,0.0034065,0.008313,0.01038,0.0055907,0.0024865,0.0052517,0.0073197,0.0023944,0.0065136,0.0087332,0.0020396,0.0023615,0.0040822,0.0060454,0.0016981,0.0030616,0.0023764,0.003007,0.0028931,0.00071733,0.0034506,0.0031372,0.0019856,0.0029028,0.0016477,0.0028936,0.0052717,0.0031377,0.0010379,0.00076967,0.00079011,0.0025182,0.0024879,0.0033959,0.0040514,0.0023134,0.00063741,0.0011535,0.0025072,0.0060563,0.004799,0.0039141,0.0037743,0.0009943,0.00066576,0.0042921,0.0034855,0.0041053,0.0064119,0.0046593,0.0015595,0.0037798,0.0036064,0.0039513,0.0029376,0.0052644,0.0085872,0.0045353,0.0018068,0.013161,0.027984,0.016124,0.0028249,0.0026236,0.0026325,0.0028932,0.0039033,0.0033864,0.0021682,0.0012038,0.0032787,0.0038518,0.0075745,0.018339,0.011069,0.0058792,0.0064704,0.0040117,0.0018084,0.0043948,0.0041748,0.0040213,0.0068256,0.0019244,0.0018009,0.0011231,0.0012853,0.00050647,0.0030402,0.0023227,0.002158,0.0014499,0.0029783,0.0041157,0.004534,0.0045328,0.0008067,0.00045715,0.00030579,0.00051336,0.00035308,0.0011559,0.002283,0.0017511,0.0014599,0.00075428,0.0011992,0.0013398,0.0003134,0.00080165,0.0011293,0.0012,0.0016671,0.0013843,0.001093,0.00096277,0.00071092,0.0010126,0.0014001,0.003797,0.0090492,0.0084362,0.0019894,0.0016605,0.014041,0.025884,0.014325,0.0027663,0.00021706,0.00117,0.0016388,0.0096615,0.0095077,0.001943,0.00053132,0.0013854,0.0024535,0.0048957,0.01579,0.010731,0.0013362,0.001211,0.0013501,0.0017874,0.0015505,0.00039582,0.001125,0.0013275,0.0018866,0.0029986,0.0062027,0.0049706,0.0013431,0.0025187,0.0015217,0.0021412,0.0020195,0.0015393,0.001169,0.00077304,0.0016205,0.00057385,0.00034224,0.00073272,0.00060664,0.00095376,0.0016138,0.00098173,0.00031186,0.00055291,0.00029149,0.00088609,0.00099543,0.00042539,0.0016831,0.0012246,0.00052997,0.0007053,0.00054367,0.0010131,0.0013708,0.0010441,0.00039513,0.0011398,0.0014439,0.0067237,0.009826,0.0071638,0.0054572,0.021316,0.039274,0.019559,0.008663,0.007734,0.0035613,0.0026744,0.0039689,0.0045905,0.006229,0.004176,0.0038764,0.0037466,0.0045564,0.012167,0.0097854,0.0043283,0.0021855,0.0029679,0.0015066,0.0012544,0.0015546,0.0015694,0.001271,0.0017936,0.0018613,0.0015736,0.00045524,0.0010051,0.001096,0.0010032,0.00048779,0.0011677,0.0013472,0.00077431,0.00042946,0.001432,0.0024394,0.0035327,0.0018659,0.0019921,0.0024197,0.0011992,0.0020262,0.00081944,0.001515,0.0010012,0.0010329,0.00078619,0.0010115,0.0020725,0.0023014,0.0011694,0.0035631,0.0081376,0.0057407,0.0038134,0.0069952,0.011465,0.012152,0.016137,0.063338,0.05155,0.018742,0.013107,0.019026,0.017931,0.011219,0.011607,0.014329,0.011878,0.013353,0.036242,0.031308,0.013507,0.008106,0.0038228,0.00184,0.0021268,0.0036937,0.0044376,0.002093,0.00031834,0.0016573,0.0016507,0.0017513,0.0014368,0.0012121,0.0012884,0.0012603,0.0013993,0.0017661,0.001442,0.0012942,0.0021505,0.0035639,0.0027482,0.0010594,0.0012099,0.0024717,0.0021823,0.0006109,0.00072389,0.00070937,0.00079415,0.0006988,0.00041756,0.0005951,0.00076436,0.00069036,0.00062062,0.00053434,0.00069141,0.0013349,0.0015334,0.001183,0.00042337,0.00022047,0.00049865,0.00029785,0.00051023,0.00060256,0.00057496,0.00032366,0.0020111,0.0065532,0.013185,0.0084038,0.0062699,0.0055394,0.013452,0.025179,0.013765,0.0044336,0.0048621,0.0031869,0.0037037,0.0074868,0.0054063,0.0034883,0.0023569,0.0030268,0.0028912,0.0015742,0.0022509,0.0023269,0.0016608,0.00052045,0.0010579,0.0014138,0.0012875,0.001065,0.0016114,0.00092604,0.0012738,0.00087357,0.00099852,0.0010249,0.00058085,0.00076398,0.00074084,0.0017507,0.0028364,0.004039,0.0027606,0.0019726,0.0015826,0.00055978,0.00042684,0.00031539,0.00081864,0.00092123,0.00090474,0.00071461,0.0010948,0.0012258,0.0013228,0.0014994,0.0016998,0.0015059,0.00027126,0.0013332,0.002224,0.0020908,0.00086914,0.00113,0.002271,0.0022087,0.002025,0.0022105,0.0055153,0.011805,0.010183,0.0041669,0.0070902,0.014383,0.037404,0.024196,0.0056293,0.0045165,0.0022955,0.005492,0.012815,0.014842,0.0057097,0.0043289,0.00039896,0.0039688,0.002767,0.0037937,0.0037802,0.0038066,0.0029218,0.0012336,0.00033612,0.0013001,0.0012428,0.0015009,0.0010349,0.00097231,0.0014933,0.00061614,0.00079127,0.0012304,0.0018005,0.0016577,0.0013823,0.00093829,0.00029276,0.00086488,0.001456,0.0014869,0.0072675,0.0062308,0.0058772,0.0062373,0.003109,0.0038595,0.005587,0.0076746,0.0092453,0.0084341,0.0071428,0.0072088,0.0084892,0.0084413,0.008624,0.010376,0.0106,0.006826,0.0092111,0.011217,0.017128,0.018768,0.019676,0.015336,0.014801,0.016804,0.034828,0.057878,0.086046,0.22755,0.15355,0.035707,0.030029,0.014166,0.013689,0.021431,0.020918,0.014049,0.011987,0.0097142,0.0097581,0.011035,0.010868,0.0043654,0.005562,0.01109,0.0093737,0.006276,0.0083655,0.0043155,0.004043,0.0063191,0.010951,0.0093622,0.0057848,0.0017824,0.0052723,0.0052815,0.0016611,0.0027065,0.0041053,0.0034047,0.0041517,0.0036753,0.0049304,0.0031014,0.0026107,0.0029349,0.0030603,0.0034657,0.0031228,0.00216,0.00098677,0.0018729,0.0018994,0.0024995,0.0021264,0.0071058,0.0089054,0.0059729,0.00060639,0.0063595,0.0089258,0.0068723,0.0059949,0.0078578,0.0076676,0.0050784,0.0020698,0.006958,0.0057682,0.016875,0.028696,0.049904,0.14271,0.098492,0.028322,0.0257,0.022463,0.027527,0.035078,0.046146,0.020409,0.010398,0.0094588,0.0097013,0.0073199,0.0083322,0.0051435,0.011968,0.012399,0.007285,0.0053523,0.0066975,0.010913,0.010616,0.0036972,0.003609,0.0066989,0.0039521,0.0010619,0.002821,0.0066949,0.0045036,0.0017721,0.0057593,0.006357,0.0060396,0.0047034,0.0018961,0.002112,0.0017885,0.00032618,0.0015732,0.0017504,0.0015459,0.0013341,0.0014139,0.00093576,0.0021716,0.0022429,0.0013594,0.0031403,0.0025048,0.0018414,0.0026996,0.0037493,0.0023989,0.00064471,0.0013197,0.0025119,0.003292,0.0046235,0.0049242,0.0036704,0.0037808,0.0042803,0.0053915,0.017169,0.022363,0.0048519,0.010466,0.0054936,0.0016451,0.0036513,0.0099027,0.0072489,0.0011368,0.0014234,0.0019004,0.0032392,0.009222,0.013261,0.0038246,0.0055034,0.0050541,0.004083,0.0035579,0.0020387,0.0018362,0.002124,0.0018881,0.0016659,0.0014503,0.002741,0.0031096,0.0017476,0.00083178,0.0014312,0.0016838,0.0013225,0.0033318,0.0044733,0.0026659,0.001784,0.0024731,0.0029866,0.0030141,0.0019632,0.0018258,0.001895,0.0013086,0.00061342,0.0010091,0.00057247,0.000747,0.0032915,0.0041944,0.0032787,0.00076218,0.0036055,0.0055689,0.0031953,0.0015686,0.0018678,0.0010777,0.0011107,0.0026349,0.0029859,0.0015193,0.0038095,0.0068349,0.0030169,0.00388,0.0056115,0.0060521,0.0066895,0.0038879,0.0020985,0.0063983,0.0088364,0.005409,0.0038201,0.0047304,0.0043027,0.0031157,0.0027968,0.003537,0.0031943,0.0025214,0.005258,0.0052762,0.0025983,0.0014755,0.00082992,0.00025628,0.0031895,0.0039127,0.00063139,0.0010871,0.00034055,0.0017426,0.0033503,0.0022541,0.0012191,0.0027922,0.0016064,0.002971,0.0035115,0.0020414,0.0015141,0.00034868,0.00051644,0.001364,0.0014967,0.0022107,0.0023532,0.0020894,0.0030172,0.0044777,0.0027695,0.00074559,0.0023752,0.0019791,0.002131,0.0024197,0.0014524,0.00047061,0.00097859,0.0041532,0.0066216,0.0076136,0.0095587,0.014517,0.024566,0.01768,0.0054489,0.013768,0.025225,0.034082,0.020335,0.01538,0.0078665,0.013716,0.034478,0.083228,0.056166,0.027854,0.024205,0.015832,0.016743,0.022824,0.029001,0.0042211,0.02107,0.020268,0.021537,0.021163,0.014351,0.0037192,0.010791,0.010451,0.010391,0.014761,0.011553,0.0064345,0.0017244,0.0027671,0.0042658,0.0044907,0.0051583,0.0097345,0.012683,0.0048243,0.00036315
0.0035445,0.0023602,0.0020346,0.0023405,0.0010689,0.0015605,0.0031012,0.0022511,0.0009439,0.0031719,0.0039768,0.0026465,0.0020146,0.00030167,0.0014583,0.0018139,0.0038269,0.0061663,0.0046431,0.0038635,0.0031865,0.00047163,0.0014165,0.0032671,0.0021059,0.0034175,0.0014446,0.0014282,0.0030288,0.0052728,0.0032995,0.0048148,0.0036067,0.0022532,0.0058302,0.0072062,0.0066296,0.0026122,0.003454,0.0055374,0.0081343,0.0074406,0.00090181,0.0024499,0.0016465,0.0031185,0.0025681,0.0015494,0.0030486,0.0042927,0.0025796,0.0010524,0.0030011,0.0031535,0.0024794,0.0048804,0.0045099,0.0023969,0.00088446,0.00036682,0.0011973,0.00023495,0.0016584,0.002021,0.0016223,0.00070637,0.0010035,0.00074271,0.0025277,0.0027424,0.0019302,0.0036771,0.0034823,0.0031327,0.0027648,0.0020112,0.00041582,0.0026915,0.0029101,0.0021683,0.0031123,0.0036904,0.0038854,0.0057074,0.0039027,0.0024458,0.0076598,0.0065525,0.0040639,0.0030852,0.003554,0.0060691,0.013096,0.031304,0.031483,0.034817,0.016687,0.0036284,0.0083848,0.0070382,0.0052781,0.0061193,0.0088294,0.0066725,0.017002,0.027423,0.026539,0.02173,0.011157,0.0049626,0.001511,0.001833,0.00084073,0.0018322,0.0015397,0.0025887,0.0017431,0.0031249,0.0036542,0.0038561,0.0030246,0.0009295,0.00084249,0.000834,0.0022504,0.0012487,0.0013354,0.0026849,0.0040551,0.004577,0.0013403,0.00077884,0.00085201,0.00045989,0.00035226,0.0010329,0.0011808,0.0011763,0.0012903,0.0014789,0.00067924,0.0010762,0.0023892,0.0023812,0.0015124,0.0014544,0.0016267,0.0017659,0.00075505,0.0012535,0.0012625,0.0010245,0.00075835,0.0025285,0.001197,0.0024017,0.002813,0.0056393,0.0094425,0.024437,0.013577,0.0029518,0.0008912,0.00019312,0.004023,0.0091099,0.005241,0.0017595,0.002837,0.0023319,0.013919,0.017918,0.0068259,0.0016426,0.0002623,0.00042771,0.00040263,0.0013191,0.0017151,0.00095383,0.00043369,0.0010008,0.0014942,0.001062,0.0015005,0.0010375,0.003226,0.0085604,0.009072,0.0046829,0.00087203,0.0019676,0.002752,0.0032272,0.0023684,0.0007994,0.00021512,0.00060849,0.00077559,0.00043774,0.00053791,0.0013642,0.00080123,0.0011954,0.0013646,0.0010914,0.00070165,0.0011396,0.0014596,0.00087706,0.0012893,0.0016531,0.0018559,0.00048619,0.0020993,0.0019406,0.0019693,0.0020702,0.0015597,0.0014358,0.0036947,0.0045667,0.0018862,0.01826,0.039508,0.029097,0.010156,0.0034649,0.0019997,0.0036873,0.0053932,0.0055338,0.001774,0.0020797,0.0013381,0.0052463,0.013082,0.0080127,0.0014355,0.00075781,0.00054076,0.0018066,0.0028747,0.001625,0.002622,0.00055633,0.002166,0.0011764,0.0003606,0.0010365,0.0030345,0.0020424,0.0023319,0.0029899,0.0017791,0.0023181,0.0016704,0.0013686,0.0014777,0.001346,0.00079965,0.0010276,0.00080629,0.00039467,0.00080556,0.0016075,0.0015615,0.001877,0.0022734,0.001544,0.0010327,0.0019638,0.0031345,0.0017026,0.0027022,0.0014339,0.0052862,0.0041326,0.0030576,0.0018669,0.0026088,0.0033235,0.001941,0.005795,0.010005,0.01503,0.025717,0.048796,0.062207,0.038829,0.0084389,0.0036683,0.0010214,0.00093678,0.018459,0.039637,0.028137,0.0081539,0.0038113,0.0036116,0.00060132,0.0039773,0.0027731,0.00095931,0.0023357,0.00044871,0.0013004,0.0038747,0.0026709,0.00086036,0.00086279,0.0013549,0.0015015,0.0015895,0.0019057,0.00077254,0.00076538,0.00045753,0.00050676,0.0017707,0.0012012,0.002436,0.0016926,0.00085965,0.00035443,0.0005539,0.00069288,0.0024711,0.0015947,0.0013383,0.0012529,0.00071074,0.00076791,0.00031041,0.00093819,0.00070722,0.0006555,0.00089335,0.0013343,0.00095961,0.0014227,0.0012931,0.0018795,0.0041578,0.0027134,0.0032355,0.003193,0.001345,0.0033472,0.0033203,0.0051029,0.012267,0.014036,0.019996,0.034069,0.022866,0.0070968,0.0048773,0.0033471,0.003919,0.0055513,0.0024172,0.00094566,0.001219,0.00035908,0.0012166,0.0044727,0.003438,0.00066379,0.0024391,0.0030355,0.0015427,0.00050905,0.00017472,0.00053288,0.00085953,0.0016788,0.0013713,0.00053982,0.00081882,0.001428,0.0015327,0.0010222,0.0010867,0.00093801,0.0017493,0.0020957,0.0035187,0.0041427,0.0044212,0.0006942,0.00037997,0.0011012,0.00078863,0.00048799,0.00085504,0.001352,0.0010774,0.00042684,0.00023264,0.0011803,0.001622,0.0014621,0.0015049,0.0016458,0.0018061,0.0021279,0.0019291,0.0017601,0.0023164,0.0028042,0.0028471,0.0031964,0.0043629,0.0055315,0.0095932,0.010361,0.0081155,0.015808,0.037739,0.027839,0.013705,0.0077573,0.0053572,0.0079244,0.015358,0.010256,0.0045815,0.0048884,0.0045734,0.0012736,0.0033083,0.0033429,0.0028117,0.002366,0.0023053,0.0022606,0.0027375,0.002747,0.0018302,0.0024664,0.0023726,0.0022195,0.0013006,0.00076048,0.0019269,0.0017262,0.001154,0.0021414,0.0021567,0.0011587,0.0006756,0.00095668,0.0011886,0.0011839,0.0025174,0.0031217,0.0045274,0.003898,0.0041814,0.0045184,0.0032542,0.003983,0.0047998,0.0033389,0.0023889,0.0042179,0.0077624,0.0092172,0.010515,0.013185,0.014109,0.010477,0.0080498,0.013256,0.014789,0.01748,0.01515,0.0085972,0.015755,0.026191,0.045877,0.087075,0.07921,0.20825,0.1673,0.069459,0.038553,0.027921,0.02799,0.028775,0.022065,0.016367,0.013744,0.015018,0.017943,0.016764,0.01022,0.011302,0.009365,0.0066546,0.0061035,0.0067477,0.0074755,0.0071535,0.0075913,0.0084966,0.0089521,0.0079067,0.0071065,0.0070276,0.0067294,0.002462,0.0025607,0.0062489,0.0093684,0.0087947,0.0040201,0.0062518,0.0062588,0.0012081,0.0024667,0.0023852,0.0023057,0.0023153,0.0013652,9.2743e-05,0.0014515,0.0044295,0.0032169,0.0028759,0.0027281,0.0055849,0.0033085,0.0084117,0.0099119,0.0094374,0.008837,0.0066144,0.0059296,0.0068544,0.0086597,0.006024,0.0061496,0.0066077,0.010598,0.024847,0.047717,0.043641,0.12472,0.10256,0.046557,0.033713,0.039725,0.017802,0.036017,0.035263,0.01033,0.0079365,0.012,0.011795,0.0057572,0.0082523,0.012067,0.010877,0.0089538,0.014636,0.0050057,0.0027129,0.0048218,0.0041779,0.0060653,0.0085827,0.00263,0.00083172,0.00085987,0.00026239,0.0036997,0.0050854,0.0012708,0.00073933,0.00086192,0.004605,0.0047748,0.0093274,0.00069744,0.00067834,0.0011249,0.00046311,0.0016132,0.0026123,0.00069005,0.0028824,0.0034482,0.0017774,0.0007829,0.0019073,0.0027588,0.0026605,0.0008343,0.0015074,0.0015669,0.00058038,0.0011661,0.00096162,0.00057586,0.0013452,0.0028069,0.0043159,0.0021352,0.0018435,0.0011218,0.0061906,0.018132,0.027615,0.021621,0.0098383,0.0027094,0.0025423,0.0039049,0.0079938,0.004479,0.0029629,0.0016351,0.0026625,0.0085608,0.018273,0.012215,0.0049174,0.0018374,0.0012253,0.0016546,0.0051477,0.0025831,0.0018777,0.0023492,0.002516,0.0013226,0.00073777,0.00019904,0.0020125,0.0027705,0.0013262,0.0005237,0.0013881,0.001517,0.0014735,0.00079098,0.00049774,0.0014484,0.0025807,0.0031627,0.0023757,0.00037337,0.00074589,0.00063631,0.0015265,0.0012915,0.0018514,0.0015606,0.0018705,0.0027531,0.0033929,0.0038141,0.0020837,0.0025573,0.0034475,0.0018411,0.00020998,0.0012686,0.0027081,0.0024059,0.0025267,0.0030681,0.0024172,0.0029296,0.0031133,0.0033016,0.0050382,0.0043152,0.0030717,0.0029557,0.002324,0.0020585,0.002931,0.0078835,0.0073429,0.0023973,0.0025275,0.0065808,0.0062128,0.002602,0.003366,0.0053424,0.004483,0.0026434,0.0013343,0.00094451,0.0036242,0.0028959,0.0015782,0.0014903,0.0018978,0.0025363,0.0010528,0.00097871,0.00074816,0.00082988,0.0021079,0.0019419,0.0038025,0.0045541,0.0020831,0.0010258,0.0016598,0.0013471,0.0011265,0.0019168,0.0025888,0.0014004,0.0024855,0.0010095,0.001997,0.0025163,0.0014082,0.0015665,0.0019248,0.00065742,0.0011454,0.004165,0.003432,0.00078094,0.0033,0.0046146,0.0048369,0.0028006,0.0021347,0.0047065,0.0077926,0.0029376,0.0094345,0.018803,0.01838,0.0249,0.039678,0.027162,0.0079642,0.0076849,0.0027974,0.037772,0.093454,0.065763,0.015771,0.01292,0.011866,0.021528,0.049235,0.027961,0.014596,0.0076481,0.0015417,0.0057002,0.015678,0.005762,0.0099792,0.006215,0.0037673,0.0048522,0.003767,0.0022742,0.0067609,0.0016983,0.0036341,0.002922,0.001423,0.0024128,0.0043375,0.0089091,0.014051,0.0097893
0.0021576,0.000341,0.001624,0.0016645,0.001772,0.0005107,0.0015004,0.0026095,0.0030038,0.0023602,0.0014985,0.0017293,0.001252,0.0011928,0.0031962,0.0029572,0.001468,0.00082144,0.0010721,0.00097234,0.0013698,0.001305,0.0010138,0.00086497,0.0013776,0.0032267,0.0039423,0.00042164,0.0044846,0.0056494,0.0021513,0.0077238,0.01038,0.0090581,0.0044669,0.0038048,0.0010299,0.0051261,0.011114,0.0077508,0.0018463,0.0028654,0.0028818,0.0015691,0.0015149,0.0012045,0.00044739,0.0011108,0.0020568,0.0033693,0.0033939,0.0021903,0.0031359,0.0043146,0.003971,0.0026313,0.0034198,0.0024491,0.0018303,0.0013811,0.001935,0.0026026,0.0012109,0.0031424,0.0041759,0.00075321,0.0011413,0.0013632,0.0011506,0.00034107,0.00040902,0.0010877,0.00085598,0.0023257,0.00063197,0.00067331,0.0011074,0.0028008,0.00022172,0.0010582,0.0028052,0.0035364,0.0017581,0.0022595,0.0037774,0.0019024,0.0092991,0.0072658,0.0028272,0.0047368,0.0041945,0.0051656,0.008435,0.02065,0.057374,0.046472,0.0070999,0.007496,0.0054799,0.0065749,0.0041985,0.0022948,0.028803,0.06082,0.03758,0.0062842,0.0086145,0.0050656,0.0015329,0.0011368,0.001229,0.0034931,0.0042087,0.00058535,0.00080819,0.0018737,0.00048288,0.00052302,0.0011479,0.0011341,0.0016462,0.0015166,0.00069783,0.0021638,0.0016861,0.0018268,0.0021691,0.0042695,0.0049212,0.0012232,0.00022962,0.00077224,0.00043743,0.0010723,0.0012452,0.0014133,0.00094579,5.4652e-05,0.00033544,0.00096059,0.00098984,0.00046237,0.00054569,0.0014186,0.0013252,0.00077801,0.0022216,0.00229,0.0019417,0.00072449,0.00070271,0.00018083,0.0006921,0.0016167,0.0025909,0.0019838,0.0027699,0.0043759,0.0065571,0.018067,0.015562,0.0071746,0.0061895,0.0085559,0.0045977,0.0040001,0.00043958,0.0083376,0.019012,0.010152,0.001214,0.0027529,0.0022459,0.0010694,0.00038393,0.00049084,0.00064302,0.0017056,0.0019765,0.00097386,0.0010248,0.0016019,0.0013322,0.0018634,0.0028553,0.0022591,0.0028488,0.0014145,0.00047537,0.0029552,0.0047094,0.0036187,0.010094,0.015593,0.0071518,0.0013357,0.0017796,0.0017167,0.00093085,0.00023532,0.0011744,0.0005869,0.0015891,0.0020228,0.0019347,0.0008091,0.001201,0.0019079,0.0014461,0.0016824,0.0012246,0.0017198,0.001516,0.0015672,0.0018883,0.0013003,0.0020993,0.0020994,0.0013734,0.0025406,0.0044947,0.0044349,0.0041393,0.016846,0.03639,0.026969,0.011272,0.0091011,0.011668,0.0036071,0.00403,0.00070056,0.0035832,0.0087324,0.0079624,0.0052089,0.0033829,0.0024937,0.00086493,0.0013047,0.0013269,0.00026003,0.0011081,0.0017276,0.0013159,0.000459,0.0014523,0.00025779,0.0014841,0.0012916,0.001356,0.00074298,0.0014523,0.00099211,0.00066387,0.0006581,0.00081379,0.0012166,0.0025987,0.0023163,0.0006833,0.0014394,0.00062613,0.0022937,0.0018567,0.00046414,0.001878,0.0016858,0.0023042,0.0026035,0.00072385,0.0024142,0.0024991,0.0008722,0.0016655,0.0017749,0.0028615,0.0023133,0.0033386,0.0031566,0.003739,0.0020508,0.0039917,0.0029218,0.0012861,0.00031504,0.0038892,0.0052329,0.0056233,0.015737,0.056595,0.072788,0.056472,0.043077,0.019234,0.015398,0.013545,0.001089,0.0030793,0.0068607,0.0052086,0.0034305,0.0029019,0.0023152,0.0014021,0.0021897,0.0015909,0.0019642,0.0025661,0.0012253,0.0028372,0.0045173,0.0030897,0.00096748,0.0011405,0.0010791,0.00043545,0.0013151,0.0017502,0.0017281,0.00065944,0.0016346,0.0013817,0.0015467,0.00079208,0.00072817,0.0010475,0.00085711,0.00072121,0.0016894,0.0013005,0.0010429,0.0020523,0.002288,0.0023621,0.0019935,0.00089669,0.00012864,0.00061764,0.0010186,0.00077214,0.00033722,0.00025522,0.00036562,0.00046368,0.00060501,0.00018992,0.0012065,0.0016752,0.0025225,0.00063755,0.0028739,0.0077356,0.0050353,0.021754,0.024257,0.015969,0.013652,0.018887,0.0088899,0.0023407,0.0012992,0.0027292,0.0031606,0.00041423,0.00050569,0.0011706,0.002026,0.0015395,0.0015284,0.0010598,0.0011164,0.00067301,0.00082514,0.0017104,0.00087854,0.0011204,0.0021209,0.0023716,0.0024249,0.001825,0.00382,0.00595,0.0045109,0.0012473,0.0011642,0.0010652,0.0029925,0.0011574,0.0033084,0.0011207,0.0012582,0.00061445,0.00067917,0.0010095,0.00097922,0.00029558,0.00079168,0.00042205,0.0015517,0.0019975,0.00074362,0.0016534,0.0015061,0.00024987,0.0011337,0.00052774,0.00051583,0.00034915,0.00064001,0.000945,0.0016645,0.0017965,0.00034401,0.00080423,0.0035259,0.0037665,0.0045742,0.020489,0.038721,0.023813,0.0065071,0.017661,0.012261,0.0066152,0.0021695,0.0024948,0.0042504,0.004503,0.0017213,0.00072741,0.00027308,0.0008388,0.0014342,0.0013614,0.0014824,0.002042,0.0010181,0.00047669,0.00045308,0.00039413,0.00066849,0.0010602,0.0015422,0.00099815,0.00047287,0.00022155,0.00069235,0.0011908,0.0017278,0.0023702,0.00099654,0.00073434,0.0014371,0.0023779,0.0012194,0.0015412,0.0025203,0.0019571,0.00029069,0.00091674,0.00086183,0.0026135,0.0019025,0.0041734,0.00054861,0.0014659,0.0041546,0.0055857,0.0040798,0.0030615,0.0026237,0.0029765,0.0037305,0.00065543,0.0074236,0.0072465,0.0097298,0.0062902,0.0096455,0.015706,0.002211,0.02274,0.12481,0.24285,0.15096,0.032611,0.046997,0.016709,0.006183,0.0049469,0.0031094,0.0075099,0.011849,0.0028923,0.0055723,0.0043186,0.001537,0.0028688,0.0050467,0.0040743,0.0059031,0.0018102,0.0025084,0.00081037,0.00066501,0.0014093,0.001945,0.0017725,0.0022316,0.00065551,0.00062862,0.00061001,0.00051136,0.0013693,0.0011763,0.0013099,0.001738,0.0021759,0.0018633,0.00070816,0.0015354,0.0013254,0.0005562,0.0011515,0.00059568,0.0016524,0.0010463,0.00089735,0.0025415,0.0039172,0.00013117,0.0071561,0.0092266,0.0049897,0.0012725,0.0025969,0.0036428,0.0015824,0.0016252,0.0029379,0.0011035,0.0037144,0.0005923,0.0053029,0.012314,0.0078281,0.012212,0.076688,0.15509,0.10911,0.0203,0.024566,0.02206,0.013157,0.010481,0.0070192,0.013862,0.0072873,0.0022633,0.010024,0.010595,0.004334,0.006212,0.011152,0.010867,0.013717,0.0066317,0.0015411,0.0061548,0.0033308,0.0040113,0.0016101,0.0020933,0.001395,0.0034121,0.0021661,0.0031783,0.00020286,0.0028418,0.0012034,0.0038912,0.0036505,0.0056505,0.0085526,0.00050731,0.0003847,0.00017926,0.00031004,0.00014256,0.00015116,0.00077025,0.00091403,0.001045,0.0012696,0.0015556,0.0014669,0.00045226,0.00052548,0.00069761,0.00092257,0.0007687,0.0012042,0.00093147,0.00097392,0.0010315,0.0004864,0.0011978,0.0012775,0.00089009,0.0022594,0.00071201,0.0015051,0.0052442,0.023678,0.026169,0.012228,0.0057861,0.0058933,0.0071367,0.0029729,0.0042282,0.0029538,0.011811,0.012804,0.0073651,0.00076221,0.0031525,0.002354,0.00020417,0.0008317,0.0012134,0.0012722,0.00070373,0.00014115,0.00076808,0.00099944,0.001486,0.0010837,0.0009435,0.0014647,0.00099845,0.0013387,0.00028959,0.0010242,0.0018023,0.0031306,0.0025477,0.0020804,0.0012505,0.0033097,0.0010537,0.0025051,0.0030198,0.0022546,0.0016085,0.0013007,0.0021931,0.0015803,0.00093249,0.0026152,0.0023418,0.0027636,0.0013434,0.0021972,0.0045443,0.002758,0.00031632,0.00077706,0.0019536,0.0025451,0.0031453,0.0044867,0.0040402,0.0026264,0.0022523,0.0061694,0.0093553,0.0088765,0.011284,0.02922,0.044474,0.056506,0.060102,0.032012,0.0031527,0.0047317,0.0021839,0.0040236,0.0023487,0.00049294,0.002879,0.0036925,0.0019928,0.0035518,0.0029142,0.0018665,0.0035468,0.0019898,0.00091271,0.0021255,0.0023677,0.0012539,0.0021728,0.0030785,0.002939,0.0010329,0.0002371,0.0018716,0.0039306,0.0039864,0.0014755,0.0016636,0.0018796,0.0027403,5.8509e-05,0.00069145,0.00027444,0.0014606,0.0018363,0.0017044,0.00037193,0.00059261,0.0012122,0.0027265,0.0014894,0.00067318,0.0019067,0.0022126,0.0012307,0.0023247,0.0023228,0.0011381,0.0037225,0.0019542,0.00055315,0.0014,0.0012739,0.0020371,0.0020445,0.0051413,0.0033885,0.0088886,0.0050438,0.023434,0.038992,0.040775,0.065358,0.072481,0.046223,0.035966,0.0094379,0.025287,0.020688,0.01295,0.0093449,0.0025993,0.013617,0.0076308,0.0047096,0.0049644,0.0050688,0.0018974,0.0041531,0.0036478,0.00075386,0.0026192,0.00072832,0.0020321,0.00067914,0.0029631,0.0061915,0.0058759,0.0037816,0.0021867,0.0029504,0.003539,0.0032218,0.0052042,0.00072348
0.0027487,0.00095059,0.0019911,0.0021305,0.0018995,0.0021755,0.0017991,0.0018364,0.00081786,0.00037527,0.00040528,0.0015672,0.0013066,0.0012049,0.0025073,0.00031677,0.0013183,0.00058396,0.00055639,0.0012078,0.00077799,0.0016885,0.001401,0.0018383,0.00066671,0.0017632,0.001052,0.0024958,0.00031536,0.0021412,0.0078792,0.011004,0.0060183,0.0092906,0.012713,0.0054439,0.0047584,0.0047124,0.0041703,0.0056385,0.0043843,0.0026788,0.002632,0.0022147,0.0011765,0.0011241,0.0023253,0.0021247,0.002281,0.0029686,0.0017496,0.0009221,0.0023881,0.0018589,0.0010787,0.00091359,0.0016858,0.0011042,0.00094442,0.00063563,0.002146,0.0029849,0.0030658,0.0014798,0.00095412,0.0014712,0.0022506,0.0047556,0.0036122,0.0023467,0.0015856,0.0019788,0.0018025,0.0021902,0.0041091,0.0043915,0.0042229,0.0049869,0.0019459,0.0017452,0.0019483,0.0055149,0.0039395,0.0025293,0.0031885,0.0017011,0.0011638,0.0048783,0.0053174,0.0026499,0.0031469,0.0018985,0.0036899,0.0030511,0.0053246,0.015503,0.020196,0.0075344,0.0015607,0.0062216,0.0058602,0.015564,0.010011,0.0024932,0.0056926,0.0050634,0.0016823,0.0040505,0.0030022,0.0024013,0.0033841,0.0028131,0.0057198,0.0013221,0.0022677,0.0041479,0.0034076,0.0029377,0.0029002,0.0017532,0.0035746,0.0044129,0.00061275,0.0017088,0.0011334,0.00091823,0.0018042,0.0029089,0.0013035,0.0045891,0.0019989,0.00027749,0.00095888,0.0010014,0.0019551,0.0017517,0.00035634,0.0012748,0.00016628,0.001216,0.0006996,0.00087541,0.00032457,0.00064539,0.0014772,0.00030791,0.0010763,0.00093351,0.00088738,0.00096266,0.0011856,0.0020806,0.002273,0.0017961,0.0013976,0.002769,0.0016489,0.0045486,0.0044289,0.0071099,0.017576,0.020083,0.0065368,0.0075857,0.0094163,0.0082544,0.02151,0.011561,0.00075176,0.001615,0.002055,0.0010542,0.0013917,0.0012977,0.0013791,0.00028178,0.0012349,0.00093374,0.00093797,0.00073167,0.00015326,0.00080297,0.0017176,0.0026682,0.0023841,0.0010811,0.00015546,0.0019189,0.0028089,0.0018408,0.0016644,0.0011363,0.00052096,0.0006749,0.0024139,0.00079704,0.00052529,0.00052712,0.001117,0.0012022,0.0011833,0.00057106,8.3684e-05,0.00017325,0.00034251,0.0004201,0.00069799,0.00055281,0.00060811,0.00071378,0.0011426,0.0011662,0.0011102,0.001225,0.0015503,0.0015249,0.0014995,0.0022852,0.0025159,0.0025233,0.0038455,0.0049057,0.0058754,0.0024916,0.011075,0.035338,0.041115,0.011343,0.0074603,0.012876,0.0070147,0.0075729,0.0027945,0.0068718,0.0041185,0.0039962,0.0028945,0.0024121,0.0023075,0.0027105,0.0022803,0.0017769,0.0016841,0.0016182,0.0020531,0.0015107,0.0013441,0.0022995,0.0019569,0.0016979,0.0019106,0.0020624,0.0018413,0.0017363,0.002262,0.0035003,0.0030824,0.0029866,0.0024651,0.0023406,0.00091276,0.00039301,0.00094509,0.0014378,0.00051912,0.00055446,0.00076203,0.0011484,0.00051929,0.0010427,0.00095347,0.0014055,0.0013198,0.0014819,0.0013074,0.0048542,0.0050253,0.0032556,0.0015848,0.0013841,0.0027064,0.003046,0.0030554,0.003676,0.0031959,0.0028375,0.0063689,0.0049807,0.013075,0.042283,0.037571,0.010939,0.014411,0.048072,0.038795,0.011784,0.014394,0.006869,0.0064235,0.0025651,0.0045352,0.0038663,0.0017371,0.0011495,0.0026654,0.0032257,0.00059879,0.0031001,0.0029538,0.00079937,0.00063364,0.0016937,0.0016774,0.00088229,0.00039893,0.0015691,0.00047236,0.0020138,0.0029929,0.0012412,0.0017135,0.0026971,0.0023197,0.00031667,0.0020064,0.0010624,0.0013222,0.00081278,0.00062181,0.0013797,0.00084421,0.00055104,0.0014561,0.00076096,0.0013836,0.0013498,0.00047763,0.00048213,0.00057588,0.00018182,0.00055094,0.00046892,0.00030349,0.00029177,0.00042363,0.00069229,0.0010768,0.0017262,0.0017279,0.0023725,0.0035363,0.0068855,0.010268,0.011327,0.01214,0.0091846,0.019709,0.010492,0.003815,0.0061045,0.0026598,0.0035698,0.0063829,0.0051186,0.002382,0.0017246,0.0015832,0.0023432,0.0013572,0.0021001,0.000771,0.0011376,0.0019299,0.0018103,0.0013903,0.0011358,0.00011161,0.001248,0.0020162,0.0015934,0.0023197,0.0017658,0.00089464,0.0013237,0.00059121,0.0010174,0.0014677,0.0011353,0.0010372,0.0016058,0.00039614,0.00014294,0.00062538,0.0012725,0.00090968,0.00060332,0.00090245,0.00020183,0.00076491,0.00065588,0.00031569,0.00082756,0.00074939,0.00039613,0.00028028,0.00014239,0.00024815,0.00050263,0.00074007,0.00025454,0.00046543,0.00056991,0.0002107,0.0006144,0.001979,0.0021107,0.0023916,0.0033934,0.0044113,0.0093358,0.020769,0.031041,0.012852,0.015489,0.019854,0.0014359,0.0023393,0.001662,0.00055734,0.0011175,0.0014157,0.00061823,0.00044751,0.00049879,0.00056515,0.00051388,0.00056486,0.00098959,0.0013219,0.001434,0.0014093,0.0017176,0.0031602,0.0021446,0.0020894,0.001428,0.002223,0.0023715,0.001868,0.0017232,0.0009271,0.00088998,0.0012552,0.00088812,0.00087394,0.0010485,0.0022013,0.0022733,0.0013384,0.004612,0.0055666,0.0040111,0.0033997,0.0011926,0.0023964,0.0013978,0.00022469,0.0019162,0.001441,0.0053171,0.0036329,0.004023,0.0012581,0.0035533,0.0012289,0.00031112,0.0028297,0.0020523,0.0053652,0.0017769,0.0028022,0.0042744,0.010103,0.020587,0.065659,0.19237,0.21504,0.072694,0.025633,0.027235,0.020082,0.015146,0.0022241,0.0048525,0.0032459,0.0039805,0.0048772,0.0029375,0.00097533,0.0016472,0.0016615,0.0025859,0.0020892,0.0014187,0.000595,0.0034206,0.0012001,0.0035612,0.0057963,0.0049577,0.0046485,0.003771,0.0030342,0.00030274,0.0012933,0.0054188,0.00358,0.0032675,0.0038088,0.0029101,6.1783e-05,0.0013108,0.0010445,0.001587,0.0013222,0.0017246,0.0039608,0.0054984,0.0072421,0.0085721,0.0031723,0.0013637,0.0015761,0.00053263,0.00085194,0.00067043,0.0011292,0.0014111,0.00050214,0.0010557,0.00096212,0.0022914,0.00096592,0.0032162,0.0064194,0.0054263,0.0038046,0.0058033,0.0036901,0.042415,0.11898,0.1291,0.033762,0.044852,0.021499,0.0060979,0.01106,0.0061301,0.0039513,0.0055974,0.003177,0.0023913,0.0023812,0.002473,0.00091037,0.0016721,0.0015563,0.0017419,0.0035352,0.0036488,0.0036177,0.0051701,0.0083118,0.0087266,0.0064585,0.0028829,0.0048709,0.0020002,0.0049158,0.003104,0.00094441,0.0028455,0.0028294,0.0024816,0.0017619,0.000981,0.0012278,0.00015901,0.0007894,0.00042119,0.00054673,0.00030888,0.0006018,0.00089605,0.0010076,0.00043449,0.00062018,0.0010972,0.00019887,0.00057694,0.0008134,0.00017788,0.00063995,0.0011724,0.00063162,0.0009524,0.0012997,0.001662,0.00063425,0.0019579,0.002028,0.0018372,0.0024159,0.0028952,0.0053074,0.017417,0.025028,0.0043186,0.017388,0.015709,0.0069897,0.0048129,0.0031221,0.0050829,0.0020297,0.0037992,0.0049212,0.0043169,0.0027002,0.0017231,0.0025606,0.0029203,0.0018205,0.0016879,0.0028009,0.0021239,0.0014062,0.001655,0.0015707,0.001351,0.0019403,0.0015163,0.00059275,0.0018341,0.0018718,0.0014425,0.002746,0.001772,0.00065146,0.0021456,0.0010568,0.0019244,0.0020465,0.001811,0.002949,0.002148,0.0015161,0.0041728,0.002573,0.00045066,0.0020543,0.0030053,0.0026327,0.0022294,0.0020963,0.0024474,0.0050771,0.0039078,0.0010531,0.00081902,0.00065639,0.00085568,0.0015433,0.0026726,0.0010692,0.00077559,0.001674,0.0012627,0.0032922,0.003705,0.0046203,0.0050139,0.01315,0.028619,0.024193,0.0086778,0.015895,0.0092317,0.0047671,0.0066311,0.0029795,0.00070051,0.0014939,0.0046365,0.0051746,0.0046008,0.0044459,0.0030738,0.0040501,0.0026654,0.0010104,0.0027563,0.0028005,0.0010719,0.00070404,0.0004907,0.00059346,0.0015747,0.0021072,0.0027515,0.0025302,0.0013542,0.0020578,0.002643,0.0037279,0.00063955,0.00048336,0.00036314,0.000295,0.0011591,0.0018908,0.0022911,0.0012991,0.0016515,0.0015192,0.0015025,0.001236,0.0015033,0.0021266,0.0026384,0.002351,0.0023041,0.0012814,0.0013471,0.0019518,0.0035262,0.0049705,0.0031665,0.0018581,0.0036442,0.0051789,0.0059979,0.0059716,0.005721,0.0039635,0.026948,0.042499,0.02412,0.065438,0.078553,0.036021,0.057735,0.032902,0.0070348,0.019779,0.010634,0.012498,0.0075039,0.0037354,0.0075011,0.010701,0.0079554,0.0035569,0.0027236,0.0063313,0.0054546,0.0049605,0.0031506,0.0018686,0.0043205,0.0058992,0.005055,0.0028192,0.0022835,0.0036148,0.0054955,0.004816,0.0035788,0.0034298,0.0074968
0.0013676,0.0023779,0.0016302,0.0011896,0.0034989,0.0030071,0.00051228,0.0013663,0.0015964,0.0011449,0.0025506,0.0012672,0.001597,0.00010663,0.0014305,0.0015624,0.0018563,0.0024683,0.0010926,0.0011246,0.00096792,0.0010086,0.0026781,0.0030159,0.0023268,0.00045165,0.001465,0.0025586,0.0012913,0.0020845,0.0019378,0.00061479,0.0037253,0.011568,0.0073751,0.010904,0.0089571,0.0017554,0.003346,0.0018675,0.0019355,0.00062776,0.0020806,0.00057282,0.0027405,0.0021054,0.0015207,0.0020175,0.0019556,0.0016026,0.0014841,0.00085215,6.5079e-05,0.0016607,0.0029144,0.00072057,0.0031796,0.0019145,0.0030678,0.0031534,0.0015753,0.0012694,0.002697,0.0017713,0.00185,0.00089701,0.002849,0.0014575,0.0021615,0.00088611,0.0019483,0.0023819,0.0026028,0.00084301,0.00064525,0.0030984,0.0043097,0.0017722,0.003652,0.0049864,0.0012134,0.0010666,0.0030515,0.0033237,0.0024356,0.0033971,0.0016751,0.00045437,0.0014027,0.0016413,0.0014909,0.0026608,0.0016004,0.0066303,0.0087374,0.00070309,0.0060317,0.0092565,0.027453,0.018225,0.025216,0.030152,0.010983,0.018745,0.0093589,0.0098435,0.0063606,0.0044236,0.0039043,0.00085457,0.0013674,0.0030294,0.002452,0.001771,0.0042229,0.0038375,0.0027327,0.0011971,0.0013838,0.0019221,0.0014318,0.0034085,0.0027596,0.0021517,0.0025289,0.00074544,0.0022585,0.0029809,0.0017421,0.0012933,0.0030604,0.0031883,0.0026038,0.0012216,0.0013509,0.0012798,0.00053436,0.00096007,0.0012416,0.0014248,0.0016543,0.00081825,0.0014545,0.00066991,0.001221,0.00037219,0.00097685,0.0011805,0.0008012,0.00097363,0.00058028,0.00054153,0.00094693,0.00086537,0.0011562,0.0027185,0.0024377,0.0010761,0.003704,0.0066438,0.0059537,0.0050056,0.010085,0.012961,0.010245,0.021442,0.024758,0.0099436,0.007973,0.0054941,0.0020237,0.00099545,0.00096861,0.0010278,0.00086716,0.00038807,0.00036347,0.00055239,0.00037982,0.00070543,0.0017895,0.0022608,0.00099998,0.00095876,0.00044995,0.0010961,0.0023695,0.0023362,0.0013757,0.0016538,0.0027266,0.0014056,0.0010975,0.0018631,0.0027004,0.001112,0.0015899,0.0014558,0.00096321,0.0009822,0.0013135,0.0013917,0.0014126,0.0015908,0.0014128,0.0013239,0.0014659,0.0014394,0.0011849,0.0014149,0.0017252,0.0018,0.0022621,0.0024513,0.0021295,0.002131,0.0028144,0.003455,0.0036379,0.0036154,0.0039458,0.0050082,0.006625,0.0091756,0.010817,0.011177,0.017354,0.02785,0.030422,0.005161,0.031205,0.022496,0.0037855,0.010162,0.0056436,0.0029103,0.0021257,0.0019494,0.0024081,0.0016286,0.0014578,0.0018129,0.0015708,0.0012502,0.0012937,0.00074101,5.8657e-05,0.00026953,0.0004751,0.00077732,0.0015476,0.0017734,0.00099587,0.00038546,0.0014259,0.0023086,0.0023749,0.00058601,0.002402,0.0013267,0.0023551,0.0017923,0.002258,0.0025361,0.0034373,0.0029233,0.00093444,0.00061362,0.002992,0.0042098,0.001506,0.0010266,0.0010074,0.002868,0.0038921,0.002857,0.0042879,0.0070829,0.0070156,0.0053355,0.0039947,0.0037771,0.0033571,0.0042348,0.0053753,0.0066064,0.010374,0.018142,0.036132,0.04294,0.010536,0.034809,0.035542,0.017969,0.018658,0.037006,0.016849,0.013066,0.016887,0.011554,0.0072341,0.0049039,0.003916,0.0020551,0.00034535,0.0010172,0.0039849,0.003891,0.0028703,0.0023996,0.0023865,0.0019469,0.00094752,0.00046875,0.0011053,0.00022798,0.0019712,0.00034827,0.0027904,0.0030223,0.001508,0.0014134,0.0023024,0.0021842,0.001418,0.00097871,0.00061293,0.0016152,0.00089016,0.0013443,0.0015342,0.00058121,0.00049423,0.00030714,0.0007767,0.00091578,0.00036806,0.0010101,0.00022969,0.0014568,0.001619,0.0016345,0.0018575,0.0010811,0.00064956,0.00066277,0.00069802,0.00014974,0.0015412,0.0020325,0.0019224,0.0031421,0.0062419,0.0078887,0.0068618,0.0032068,0.010248,0.012913,0.007386,0.0028295,0.0054677,0.0065351,0.0048496,0.0025583,0.0039478,0.0045901,0.0026633,0.0027475,0.0030811,0.0017992,0.00098139,0.0018122,0.0026255,0.0022353,0.0015452,0.0018927,0.0019737,0.0019205,0.0023154,0.0012466,0.0012273,0.002654,0.002011,0.0013412,0.0016957,0.0018913,0.0023289,0.0024751,0.0036063,0.0017198,0.001119,0.0013438,0.0011478,0.00043363,0.00030286,0.0015812,0.0015551,0.00037852,0.00093818,0.00084758,0.00053555,0.00065982,0.00073844,0.00075953,0.001438,0.0011036,0.00060219,0.0010104,0.00067391,0.0014171,0.00078793,0.0010473,0.0016174,0.00089017,0.00027679,0.00056771,0.0010657,0.0031031,0.0084873,0.010652,0.0044805,0.01485,0.023299,0.028128,0.0065319,0.02734,0.01768,0.0018626,0.0018868,0.0018531,0.0022252,0.0016043,0.00053845,0.0011131,0.00025052,0.0016495,0.001977,0.0015733,0.0012528,0.00064419,0.00094781,0.00074322,0.0012975,0.0016777,0.00051172,0.0011845,0.001095,0.00029166,0.0016848,0.0022519,0.003607,0.0032129,0.00088119,0.00072854,0.0010837,0.0020197,0.0038303,0.0040916,0.0044299,0.0065582,0.0089307,0.0042243,0.0050669,0.0065993,0.0022342,0.0046848,0.0047926,0.0032832,0.0093206,0.010873,0.0072996,0.0060364,0.0064848,0.006671,0.0074702,0.0071008,0.012479,0.011507,0.0031279,0.0078276,0.0042003,0.009111,0.013057,0.0186,0.013554,0.025712,0.07233,0.14797,0.1688,0.0599,0.059803,0.028349,0.008508,0.0094192,0.0044539,0.0018986,0.0046474,0.0091197,0.0043801,0.0017825,0.0040058,0.0037977,0.0039955,0.0082084,0.0045901,0.0035584,0.0056251,0.0026568,0.0025934,0.0050774,0.0050533,0.0024499,0.0028808,0.0035494,0.0013797,0.006421,0.009187,0.0044241,0.0040599,0.0022619,0.0040346,0.00033826,0.0039818,0.0086035,0.004611,0.0021111,0.0022008,0.0021248,0.0014766,0.00085086,0.00086411,0.0012074,0.00031284,0.0013389,0.00096513,0.00051923,0.0017034,0.0020173,0.0018678,0.0024118,0.0020794,0.00067852,0.0025919,0.0017688,0.0012584,0.0044276,0.0032754,0.0031999,0.0074424,0.0078806,0.019932,0.049247,0.098769,0.12093,0.051762,0.020586,0.011301,0.0075573,0.003804,0.0049084,0.0026998,0.0013706,0.0050658,0.0018616,0.0011223,0.0034221,0.0051998,0.0040661,0.0011588,0.0020361,0.00057053,0.002384,0.0029421,0.0034495,0.00056567,0.00065441,0.002535,0.0019446,0.0026227,0.0043393,0.0073649,0.009394,0.0076758,0.0032906,0.0064948,0.00092846,0.002278,0.0032395,0.0028986,0.001568,0.0011327,0.0015288,0.0027396,0.0033384,0.0021507,0.00094878,0.0016609,0.0011056,0.0017574,0.001612,0.0011341,0.0016298,0.0020261,0.0020661,0.00015652,0.0021831,0.00088873,0.0012624,0.0023028,0.0021166,0.00093218,0.00040401,0.0035572,0.0044692,0.0019885,0.00025049,0.0062202,0.011882,0.015988,0.015157,0.014991,0.001939,0.00078319,0.011754,0.0071451,0.0029588,0.0032017,0.0026143,0.0016234,0.002765,0.0029875,0.001934,0.0014276,0.0014009,0.00069077,0.0012567,0.0013796,0.0017111,0.001685,0.00069515,0.0011655,0.0014442,0.00044115,0.0018077,0.0022397,0.0020803,0.0017151,0.00076996,0.00063337,0.001863,0.0017328,0.0022436,0.0047047,0.004293,0.0023383,0.0025621,0.0020202,0.0013681,0.00014866,0.0027249,0.0027057,0.0010158,0.0017189,0.0031114,0.0034038,0.00073677,0.0023177,0.00046694,0.00088216,0.0015403,0.0032266,0.002637,0.0010381,0.00081692,0.0007502,0.0016615,0.0023428,0.0014742,0.00271,0.00051086,0.00098094,0.0058822,0.0066344,0.0037034,0.0017437,0.0030083,0.0027486,0.0048767,0.0063894,0.0053148,0.0043916,0.0042766,0.0030004,0.0032067,0.0026105,0.0022206,0.0060107,0.0047944,0.0011524,0.001404,0.0014066,0.0017117,0.0029708,0.0017657,0.0018858,0.0035265,0.0031333,0.002552,0.0027302,0.0016777,0.00021675,0.0019201,0.0041784,0.0036838,0.0033049,0.0017925,0.0014384,0.0036493,0.0016534,0.0024226,0.0017314,0.00040642,0.00086426,0.00084435,0.0015064,0.0031383,0.0012527,0.0013908,0.00025465,0.0019309,0.0014557,0.0010554,0.0023773,0.0025814,0.0018092,0.00060866,0.0019393,0.0025755,0.0021785,0.0017024,0.00085103,0.0043977,0.0031909,0.0084116,0.020115,0.013066,0.013434,0.022789,0.047521,0.049854,0.064621,0.08441,0.059618,0.041168,0.023069,0.030223,0.021458,0.0050496,0.0013722,0.0092184,0.0084814,0.0038003,0.0066193,0.0061679,0.0032475,0.0025956,0.0053763,0.0054555,0.002162,0.0039669,0.0027936,0.002124,0.0034961,0.0007685,0.0013961,0.0016615,0.00078368,0.0045693,0.0094776,0.0068689
0.0024718,0.0029311,0.0037655,0.0020567,0.0016529,0.001867,0.0012482,0.00098853,0.00066739,0.00026072,0.00079665,0.0017598,0.0021348,0.0018873,0.0013514,0.0018363,0.0013334,0.0022459,0.0020416,0.00049508,0.0014323,0.001478,0.00021301,0.0018554,0.0021349,0.0016627,0.0023035,0.003047,0.0029368,0.0019496,0.0012155,0.0045643,0.01011,0.0082017,0.0029363,0.014903,0.013926,0.010806,0.0075161,0.0042001,0.0016453,0.0017461,0.0022688,0.002808,0.0039406,0.0030951,0.003849,0.0041283,0.003653,0.0023125,0.002281,0.0022951,0.0021708,0.0028249,0.0031688,0.0033187,0.0015629,0.00093907,0.0017425,0.001777,0.0022487,0.0011302,0.0014292,0.0015102,0.00096554,0.00033002,0.0021539,0.0059165,0.0049444,0.0042572,0.0080228,0.0089825,0.0045054,0.0039001,0.0059738,0.005814,0.006847,0.0062231,0.0019747,0.0033873,0.0066596,0.006813,0.0038543,0.0013991,0.0044702,0.0053982,0.0032357,0.0037249,0.004031,0.0047374,0.0053014,0.003709,0.0050792,0.010826,0.0093645,0.0082141,0.012542,0.029081,0.029023,0.015676,0.011844,0.0059319,0.028822,0.029348,0.019125,0.012917,0.0055229,0.0040463,0.0035566,0.0033275,0.0023546,0.0026518,0.0021281,0.0015991,0.0012214,0.00079328,0.0020442,0.0060344,0.0064071,0.0025045,0.0013172,0.0023431,0.0038093,0.0049141,0.0058815,0.0056151,0.0022861,0.00094753,0.0028008,0.0037887,0.0013084,0.0011948,0.0017429,0.0011129,0.00086851,0.00029748,0.00056776,0.0020075,0.0026136,0.0017988,0.0015242,0.00095866,0.0017058,0.0024246,0.00095801,0.0011974,0.0013688,0.0003256,0.00091883,0.001802,0.0014596,0.0011954,0.0011502,0.00070009,0.00050926,0.00065118,0.0018261,0.00126,0.0083811,0.0088605,0.0049329,0.0018668,0.015953,0.014233,0.0057714,0.014967,0.012792,0.017792,0.015732,0.0073884,0.0020643,0.0011875,0.0008301,0.0012898,0.0005908,0.00043686,0.00045174,0.0010483,0.0003389,0.0009425,0.0014636,0.0014449,0.001016,0.0015744,0.00099182,0.0011093,0.00073837,0.0015499,0.0017549,0.0027601,0.0033245,0.0022749,0.0044462,0.0076,0.0081139,0.00089138,0.00067812,0.0010173,0.00051558,0.00041686,0.00084411,0.0013621,0.0018608,0.001452,0.0012365,0.00087283,0.00023638,0.00076024,0.0013235,0.0016492,0.0011332,0.0016553,0.0013783,0.0015385,0.001787,0.0017895,0.0013555,0.0010728,0.00155,0.002119,0.0028871,0.0027003,0.0041949,0.0059054,0.0012227,0.01114,0.018598,0.04378,0.031609,0.014475,0.014531,0.0074963,0.0066853,0.0039237,0.010499,0.0069319,0.0039473,0.0028754,0.0033111,0.0038427,0.0039103,0.0028977,0.0021664,0.0017875,0.001669,0.0018396,0.0025489,0.0030416,0.0019528,0.00097115,0.0021485,0.0027136,0.0026118,0.0015843,0.00056815,0.0012535,0.00099192,0.0012951,0.0025259,0.0035947,0.0018436,0.0043404,0.0043464,0.0021981,0.0021545,0.0017557,0.0017748,0.0020912,0.0010697,0.0015016,0.003241,0.0042972,0.0030206,0.0016028,0.003321,0.0038739,0.0037468,0.0037202,0.003974,0.0046277,0.0037477,0.0038142,0.0035522,0.0042479,0.0072722,0.0067823,0.010914,0.021872,0.054003,0.035815,0.019911,0.013393,0.00845,0.0089219,0.018116,0.036637,0.022479,0.005183,0.0074855,0.0066137,0.0067235,0.0064445,0.0050414,0.0043591,0.0027706,0.0005027,0.001776,0.0018549,0.0031093,0.0031316,0.0020714,0.0010173,0.0024931,0.0019497,0.0015046,0.0018156,0.0023497,0.0022411,0.00016682,0.0025333,0.0033484,0.0033781,0.0023973,0.0013983,0.0013954,0.00091958,0.0019983,0.0017092,0.00069412,0.00097058,0.0011173,0.0010921,0.00045476,0.0002012,0.00056769,0.0014342,0.0012639,0.0006056,0.00069842,0.0013723,0.0012798,0.00039466,0.00065449,0.00095945,0.0010015,0.00077228,0.00095283,0.0011723,0.0022011,0.0057536,0.0066355,0.002259,0.005965,0.013067,0.0092488,0.0046505,0.0071248,0.015505,0.0094907,0.007333,0.0091225,0.0059167,0.0018872,0.0030652,0.0023476,0.0022836,0.0038888,0.0039868,0.0021808,0.0014363,0.0018289,0.00052581,0.0012458,0.0015734,0.0012526,0.0010108,0.0015315,0.0021037,0.0013035,0.0014667,0.00090905,0.0013478,0.00067715,0.00086095,0.00084632,0.0019851,0.00143,0.0012281,0.0027034,0.0029608,0.00062204,0.0007127,0.0011327,0.0011914,0.0012077,0.00079199,0.00064964,0.0010825,0.0002683,0.00075451,0.00076657,0.00099788,0.0010425,0.00093142,0.0009049,0.0012986,0.0013748,0.0010082,0.0007377,0.00085933,0.0010233,0.0010849,0.00061981,0.00038577,0.001012,0.00074296,0.00044707,0.0057798,0.016186,0.011222,0.0020554,0.012613,0.035941,0.025819,0.0063947,0.021528,0.016968,0.0054314,0.0013047,0.0015799,0.0013843,0.0010036,0.00017702,0.00086336,0.0012708,0.0017441,0.0010637,0.0010409,0.0015958,0.0012749,0.00061971,0.00041057,0.0014312,0.0008289,0.001802,0.001923,0.00097752,0.0011863,0.001049,0.00090779,0.0014388,0.0010034,0.00056109,0.00084597,0.0012836,0.008745,0.0066474,0.007145,0.0047008,0.0044951,0.0066445,0.0037131,0.008388,0.0051155,0.0042274,0.0022903,0.0025682,0.0014818,0.0029101,0.0013469,0.0025278,0.0058365,0.010902,0.0033961,0.0020942,0.0053068,0.004857,0.0064323,0.002301,0.0079751,0.0039447,0.0032232,0.010825,0.0047458,0.019634,0.023483,0.077914,0.20463,0.14058,0.022165,0.013448,0.003397,0.00098114,0.0098425,0.0030717,0.0056848,0.0064803,0.004024,0.0052199,0.0041202,0.004352,0.004016,0.0043322,0.0046594,0.0028873,0.0042467,0.0053174,0.0047305,0.0039048,0.004745,0.0040073,0.0057366,0.0054241,0.0026018,0.00353,0.0040866,0.0027526,0.0054696,0.0050024,0.0067097,0.0014707,0.00381,0.0067117,0.010706,0.013297,0.0034056,0.0031693,0.0047652,0.002956,0.0016955,0.0019793,0.0018245,0.0026358,0.0034671,0.00071334,0.00077275,0.0030316,0.0040522,0.0031548,0.0012429,0.0025232,0.0038757,0.0016583,0.0030323,0.0061617,0.0048783,0.0011927,0.0056561,0.010642,0.017532,0.019075,0.053077,0.14121,0.097799,0.021361,0.031612,0.0235,0.0012069,0.00328,0.0022112,0.0072053,0.0057998,0.0014353,0.0043372,0.0038974,0.0014807,0.0055204,0.0030852,0.0051581,0.0054144,0.0027402,0.00034331,0.0014569,0.0029881,0.00074834,0.0013979,0.0026308,0.0048042,0.0077601,0.0025559,0.0047504,0.0045424,0.0026853,0.0035201,0.0066226,0.0050516,0.0047801,0.004752,0.0036413,0.0014088,0.0018267,0.0024843,0.0017495,0.0023628,0.00084963,0.0022117,0.0032482,0.0032851,0.0043953,0.0042317,0.0019892,0.00088155,0.001312,0.0027242,0.0030726,0.0044073,0.0043122,0.0045009,0.0038333,0.0020973,0.0011343,0.0013642,0.0025514,0.0028914,0.0052359,0.0093288,0.008996,0.020233,0.016061,0.0067444,0.0050561,0.0123,0.018473,0.011414,0.0068394,0.0094634,0.0068725,0.0042651,0.0034777,0.0013003,0.0010387,0.00040744,0.00078501,0.0017867,0.0026179,0.0023679,0.0014658,0.0016519,0.001421,0.0011918,0.0015218,0.0011155,0.0013634,0.001972,0.0030824,0.0031257,0.0018297,0.0010259,0.00058165,0.0010081,0.0019724,0.0013491,0.00060274,0.0024643,0.0025191,0.0016368,0.0017864,0.0026769,0.0023116,0.00091595,0.00048555,0.0017253,0.0016332,0.004191,0.0040471,0.0018294,0.0016207,7.1531e-05,0.00024119,0.0023511,0.0024729,0.0027823,0.0022705,0.0021239,0.001324,0.0021372,0.00095648,0.0013838,0.0028528,0.0015972,0.0040602,0.0048971,0.0056691,0.002974,0.0042367,0.0020984,0.0049888,0.0049201,0.0045154,0.0026273,0.0022121,0.00029589,0.0024638,0.0054816,0.0034017,0.0017271,0.0054837,0.0074926,0.0054575,0.0020421,0.0010527,0.0019742,0.0011315,0.0031894,0.003838,0.00059854,0.00091261,0.0020519,0.0024457,0.0025113,0.0022578,0.0001528,0.0015668,0.0028993,0.0029305,0.00093009,0.0010924,0.00091905,0.0013381,0.0038683,0.0035639,0.0023797,0.00036256,0.002221,0.00073646,0.0019604,0.0020272,0.0013404,0.0031635,0.0030325,0.00089997,0.002913,0.0041364,0.0033718,0.0027626,0.002287,0.0047927,0.0063565,0.0047917,0.0041904,0.0040228,0.0038105,0.01091,0.020892,0.016252,0.011733,0.011139,0.035614,0.010213,0.053729,0.091189,0.086767,0.058171,0.0065779,0.022092,0.028817,0.015695,0.01674,0.028883,0.020797,0.0080408,0.014902,0.013368,0.0070112,0.0085909,0.0086418,0.0034537,0.002241,0.0027635,0.0020323,0.0029427,0.0032341,0.0035773,0.0020976,0.0066146,0.008965,0.0058361,0.0047526,0.0081686,0.0057302
0.0029105,0.0023873,0.0014979,0.00024498,0.0010365,0.0013301,0.0022806,0.0015278,0.0016199,0.00077579,0.0018437,0.0018073,0.00032369,0.00093236,0.0005577,0.00057758,0.00066549,0.00095516,0.0021999,0.0016574,0.0015677,0.0024791,0.0038789,0.0092451,0.0078775,0.0097308,0.0089131,0.0025449,0.0020971,0.0038156,0.0024233,0.005725,0.0034821,0.0024907,0.0041328,0.0066744,0.0039619,0.0041661,0.0053866,0.0048032,0.0030515,0.002812,0.0023778,0.0020303,0.0018255,0.0013326,0.0014703,0.0012053,0.0026103,0.0022828,0.001059,0.0016823,0.0009567,0.0012436,0.001601,0.00098673,0.00072291,0.0016343,0.0028833,0.0033879,0.0023265,0.0019868,0.0024908,0.002071,0.0022007,0.0057095,0.006607,0.0023056,0.0029853,0.0032792,0.0020071,0.0032196,0.004081,0.0027479,0.0033087,0.0039686,0.0036972,0.003635,0.0075895,0.016963,0.033825,0.054899,0.073035,0.083797,0.085568,0.073034,0.055753,0.032422,0.015042,0.010522,0.023155,0.031461,0.020677,0.010407,0.010251,0.014949,0.018266,0.027474,0.020491,0.01128,0.0093651,0.010793,0.020622,0.028632,0.028494,0.016082,0.0061613,0.0057491,0.0063572,0.0052913,0.003489,0.004092,0.0043032,0.0019907,0.00061451,0.0010653,0.0015595,0.0021921,0.0023812,0.0026402,0.001728,0.00073498,0.0021829,0.0035158,0.0048511,0.0025372,0.00076895,0.001152,0.0013242,0.0014037,0.00062502,0.0013089,0.0022058,0.0026653,0.0029822,0.0033559,0.003025,0.0023514,0.0019185,0.0030005,0.0031516,0.0019118,0.0020869,0.0042205,0.001525,0.005191,0.0066726,0.010957,0.01418,0.018801,0.022744,0.024681,0.021216,0.01548,0.0089922,0.010748,0.016326,0.010863,0.0048493,0.0055435,0.0066673,0.005544,0.0082903,0.006865,0.0040983,0.0014341,0.0068309,0.010221,0.0091533,0.0083458,0.0018898,0.0010399,0.00051147,0.00087747,0.00077075,0.0010848,0.0022371,0.0031896,0.0021371,0.0033086,0.0039557,0.002676,0.00072027,0.00050205,0.0018098,0.0023967,0.0029935,0.0029452,0.0022445,0.0030561,0.0024893,0.0014501,0.0052692,0.005832,0.0053187,0.00080142,0.00026965,0.00038178,0.00071195,0.00097013,0.00048018,0.0013587,0.00055433,0.0010133,0.00081041,0.00077606,0.0018944,0.0014415,0.0020852,0.0023998,0.0031716,0.0040945,0.0075747,0.011843,0.011234,0.013704,0.01692,0.015899,0.01595,0.0068715,0.0015903,0.0086127,0.009702,0.0084224,0.0047016,0.01422,0.02213,0.024216,0.018534,0.01554,0.0086047,0.0069107,0.0040441,0.0051359,0.0027361,0.0018541,0.0033582,0.0028629,0.00085966,0.0003903,0.0012178,0.00016799,0.00058097,0.00088086,0.0016293,0.0012529,0.0013606,0.00032377,0.00093789,0.0018302,0.0013754,0.00052719,0.00065583,0.0012792,0.0010082,0.0013473,0.0013821,0.000745,0.00079057,0.0020896,0.0013943,0.0021007,0.0011043,0.00088677,0.00047745,0.0021948,0.0044309,0.0025388,0.0008455,0.0018997,0.00098265,0.0047172,0.0050771,0.010961,0.016098,0.035018,0.064237,0.090328,0.10223,0.10164,0.08699,0.062566,0.047027,0.02209,0.0157,0.016698,0.0093823,0.022216,0.033819,0.034223,0.029612,0.026213,0.0036759,0.010388,0.016795,0.012938,0.0093144,0.008121,0.0063101,0.0054038,0.0016706,0.001682,0.0027039,0.000419,0.0031382,0.0014216,0.00038729,0.0018858,0.0029089,0.00077994,0.0019755,0.0026245,0.00076836,0.0016807,0.0018369,0.0013339,0.0012367,0.00050079,0.00050362,0.0012589,0.0023085,0.0023933,0.0010571,0.00072463,0.0013707,0.0026724,0.0024692,0.001916,0.0012628,0.0010787,0.0017153,0.0025062,0.0032292,0.0018355,0.0013228,0.0013706,0.00033187,0.0012726,0.0016374,0.0022602,0.0034281,0.0071336,0.013674,0.015422,0.016162,0.019876,0.024726,0.030364,0.031047,0.030868,0.018226,0.011919,0.024856,0.025536,0.0095723,0.006351,0.0085851,0.0034082,0.002788,0.0054874,0.0044531,0.0028353,0.0029267,0.0015701,0.0032531,0.0041828,0.0031891,0.0030384,0.0037446,0.0037009,0.004084,0.00089938,0.0030885,0.0032522,0.0029705,0.0033962,0.0034471,0.002986,0.0006978,0.0015665,0.0017714,0.0025289,0.0019037,0.0025064,0.0025583,0.0011103,0.0016499,0.0019617,0.0017491,0.00067487,0.0020908,0.0010967,0.00060173,0.00079261,0.00078236,0.00033167,0.00034821,0.00041236,0.0014558,0.0014073,0.00034624,0.00027302,0.00084268,0.00044015,0.0031368,0.0037489,0.0037419,0.0042903,0.0072284,0.0078535,0.0099835,0.010943,0.01111,0.0088569,0.0052475,0.00058588,0.0066229,0.014223,0.0072642,0.006286,0.013196,0.020127,0.021563,0.01766,0.011025,0.010954,0.0061665,0.004307,0.0013655,0.00074005,0.0022737,0.0022003,0.00089177,0.00069197,0.0014734,0.0010518,0.001134,0.0015822,0.00053261,0.00063946,0.0016043,0.001077,0.0014789,0.0019614,0.00099494,0.0013885,0.0014471,0.0012332,0.00020058,0.00019024,0.00085054,0.00058344,0.0012909,0.0013572,0.00096712,0.0027757,0.0069832,0.0029315,0.0072701,0.0092172,0.0010932,0.0062116,0.0018675,0.0068861,0.0082015,0.0017692,0.0044033,0.0060444,0.010062,0.017889,0.039877,0.057106,0.088387,0.11645,0.13295,0.13658,0.11704,0.07948,0.040502,0.024975,0.061561,0.077579,0.043917,0.0080424,0.060237,0.10906,0.11741,0.12372,0.062513,0.028995,0.033712,0.012806,0.005465,0.014323,0.0063539,0.0083023,0.0071098,0.0057828,0.0040681,0.0021421,0.0032542,0.0035247,0.0039488,0.0054995,0.0037349,0.0046609,0.0065318,0.0048067,0.0020558,0.0060449,0.0032317,0.0034651,0.001897,0.0053728,0.0018152,0.003088,0.0030283,0.0021144,0.0072152,0.0028097,0.0012973,0.0022469,0.0062645,0.0099191,0.0085506,0.005701,0.0076953,0.0063954,0.0089323,0.0070322,0.0054093,0.0011893,0.0049118,0.0073964,0.0047911,0.00043646,0.0059913,0.012521,0.018143,0.024974,0.035928,0.046806,0.054962,0.046254,0.026561,0.03434,0.043065,0.024399,0.022081,0.056196,0.076454,0.095881,0.085765,0.025732,0.020701,0.022653,0.01299,0.0099182,0.0048548,0.0045241,0.0015224,0.0070875,0.0087925,0.0080613,0.0061547,0.0082472,0.0066516,0.0060223,0.0035313,0.0035302,0.0044542,0.0033725,0.0065173,0.0022446,0.0051171,0.0027501,0.0022157,0.0017968,0.0033965,0.0012098,0.002379,0.001351,0.0038678,0.007639,0.0046286,0.00092653,0.0014555,0.0014511,0.0010119,0.00092848,0.00095639,0.00028205,0.00076982,0.00099629,0.0010289,0.0013158,0.0020609,0.0019149,0.0011949,0.0016901,0.0015424,0.0022897,0.0045127,0.0024949,0.0032343,0.0040238,0.0050982,0.006543,0.0081578,0.0067606,0.0055747,0.0034598,0.0044737,0.0037244,0.0040754,0.011821,0.018281,0.0154,0.0042226,0.0061197,0.0061713,0.0083768,0.011979,0.009259,0.0049193,0.0017585,0.0013873,0.0029396,0.0019356,0.0010293,0.0010371,0.001777,0.0017157,0.0012606,0.0011489,0.0012691,0.00066199,0.0011765,0.0012398,0.00017651,0.0014254,0.0015163,0.0012093,0.0010345,0.00046433,0.00061028,0.00012065,0.00090089,0.00080536,0.000651,0.0032799,0.0012115,0.00032044,0.00070558,0.0016783,0.0024582,0.0032179,0.0012328,0.002301,0.00079262,0.0023109,0.0027415,0.0078963,0.0086408,0.012076,0.032045,0.058264,0.080903,0.090687,0.089415,0.09087,0.08655,0.087496,0.088302,0.081937,0.064298,0.032437,0.016992,0.047451,0.04893,0.025767,0.018309,0.022587,0.022218,0.012245,0.0067158,0.0062909,0.010252,0.009173,0.0092717,0.0061769,0.0024292,0.0026161,0.0022662,0.0034866,0.0032396,0.0012373,0.0023261,0.0016222,0.0022943,0.0020467,0.0030414,0.0023852,0.0030155,0.0024738,0.00039059,0.002048,0.00064915,0.0010205,0.0012191,0.0019031,0.0024584,0.0020263,0.0033289,0.0028235,0.001748,0.00085871,0.0013017,0.001412,0.0021041,0.004054,0.0024123,0.0017337,0.002672,0.0021455,0.0036069,0.0035603,0.0018114,0.004129,0.0063819,0.0053963,0.011023,0.013499,0.012877,0.020475,0.013006,0.015954,0.014313,0.010101,0.015952,0.024928,0.017858,0.0027009,0.0055928,0.0013281,0.016205,0.030295,0.026265,0.053825,0.077476,0.060983,0.024009,0.0036333,0.0009116,0.0056891,0.010074,0.0065041,0.0026509,0.0014068,0.0016849,0.0051432,0.0049008,0.0027587,0.0033455,0.0033264,0.0027395,0.0027384,0.005025,0.005207,0.0049363,0.0040302,0.0041338,0.0037149,0.0038466,0.0031814,0.0063596,0.0026046,0.0019946,0.0026994,0.0037502
0.0093891,0.010045,0.0062007,0.005453,0.0094451,0.0088592,0.0042395,0.0022628,0.0041666,0.0059295,0.0050762,0.0028138,0.0033914,0.0043416,0.0054257,0.0042725,0.0014175,0.0041538,0.0069283,0.0048903,0.00187,0.0043457,0.0029533,0.0018615,0.0017787,0.0036459,0.0024784,0.0013945,0.0028898,0.0040966,0.0017396,0.004567,0.0067577,0.0056923,0.00066834,0.0032154,0.0034572,0.0027326,0.0042265,0.0090637,0.010587,0.011904,0.019192,0.021769,0.022439,0.020782,0.01331,0.0064154,0.0034646,0.0026302,0.0028916,0.0033621,0.0060376,0.0022356,0.0039338,0.0057243,0.0052133,0.002925,0.0015955,0.0035442,0.0036269,0.0037072,0.0031839,0.0065116,0.006555,0.0019662,0.0012627,0.0012439,0.0012222,0.00044108,0.0012789,0.0015464,0.0024206,0.0016437,0.00083003,0.002854,0.0012414,0.00084101,0.0011279,0.0015409,0.00072076,0.0037406,0.0038297,0.0010929,0.0010272,0.002767,0.0036058,0.0050743,0.0035901,0.0022549,0.0014455,0.0026404,0.0027564,0.0012019,0.0083477,0.0028672,0.01371,0.011892,0.024877,0.018958,0.016419,0.022223,0.018042,0.01077,0.0055154,0.031737,0.029057,0.0062142,0.017155,0.016685,0.010223,0.013224,0.019993,0.022702,0.020673,0.017799,0.014234,0.011078,0.0099691,0.0085846,0.0050318,0.0052162,0.0066723,0.0045069,0.001051,0.0023002,0.0029754,0.0027138,0.002263,0.0014204,0.00075113,0.00074223,0.00096421,0.0019652,0.00077374,0.00085711,0.00097558,0.00066179,0.0016374,0.00082578,0.0012281,0.0002689,0.00087154,0.0013082,0.0021215,0.0019299,0.0017007,0.0017173,0.00052996,0.0010185,0.00099866,0.0011481,0.0010276,0.0010781,0.0010502,0.0012487,0.0038876,0.0039983,0.002253,0.0038658,0.0017302,0.0040406,0.0040924,0.0076769,0.0078403,0.00265,0.0056668,0.010673,0.0013442,0.0061099,0.004084,0.004817,0.0044185,0.010606,0.011469,0.0093915,0.0086567,0.0084981,0.0074187,0.0073871,0.0080708,0.0070089,0.00716,0.0058289,0.0029278,0.0036814,0.002769,0.0033446,0.0070632,0.0032589,0.003155,0.0017499,0.0025369,0.0022867,0.0023636,0.0012079,0.0022955,0.0026374,0.0025072,0.0027048,0.0037082,0.0042549,0.0038237,0.0022999,0.0011342,0.00069371,0.00069603,0.0014306,0.0013142,0.001283,0.0018698,0.0014471,0.0011733,0.0022009,0.0026882,0.001151,0.00064778,0.00014701,0.0010002,0.0012546,0.0017885,0.001932,0.0011602,0.004467,0.0041799,0.004438,0.013448,0.0040499,0.026941,0.019797,0.014855,0.019623,0.012898,0.0091509,0.010977,0.01529,0.017956,0.021551,0.019099,0.011312,0.0062628,0.0052861,0.0039875,0.0038301,0.0043298,0.0049722,0.0056068,0.0048815,0.005029,0.0052879,0.0048473,0.0041878,0.0033991,0.002912,0.0027874,0.0037667,0.0046207,0.0031023,0.0013917,0.0019034,0.001148,0.00072928,0.001808,0.0007614,0.0011402,0.0021806,0.0015703,0.00090346,0.0013851,0.0026248,0.0019965,0.00383,0.0038561,0.0030864,0.002395,0.0038667,0.0024584,0.0040386,0.0044331,0.0040866,0.0028282,0.0023229,0.00090745,0.0033754,0.0047639,0.0061206,0.0070215,0.0052602,0.0066126,0.024871,0.034244,0.01764,0.029025,0.018234,0.00049484,0.0070472,0.012975,0.011714,0.016348,0.010622,0.00658,0.0081063,0.0066046,0.0071153,0.0086711,0.007276,0.0041973,0.0011587,0.0031631,0.0037999,0.0051276,0.0050312,0.0044684,0.004666,0.0025532,0.0023216,0.0060402,0.0055158,0.0021225,0.0032357,0.0023107,0.0026721,0.002323,0.0023597,0.0050608,0.00053745,0.00010917,0.00078321,0.0008279,0.00038461,0.00078633,0.00060121,0.00078547,0.00095487,0.001852,0.0024742,0.0014431,0.0017684,0.0022035,0.0013514,0.00085023,0.000761,0.0010909,0.0010274,0.001869,0.002821,0.0018041,0.0019422,0.0012058,0.00059261,0.0031462,0.0030074,0.0043794,0.0058824,0.013803,0.0081117,0.017711,0.016986,0.01047,0.0068961,0.00201,0.0007958,0.0010894,0.0030707,0.0072883,0.0052982,0.0048799,0.0048551,0.0016173,0.0036635,0.0041488,0.0038377,0.0031805,0.0032142,0.0035186,0.0040245,0.0025252,0.0011014,0.003832,0.0044889,0.0026257,0.0003477,0.0016642,0.0031369,0.0025787,0.0021734,0.0053531,0.0036792,0.00077033,0.0034902,0.0033725,0.0021859,0.00048251,0.00085749,0.002668,0.003278,0.0013854,0.0014613,0.00082996,0.0019239,0.002204,0.00068972,0.0013289,0.001886,0.0022586,0.0030086,0.0014279,0.0020799,0.0021161,0.0017635,0.0030463,0.0016763,0.0016013,0.0038664,0.0034752,0.00079455,0.0056508,0.00053843,0.0073823,0.0050244,0.0077127,0.0075009,0.010418,0.018536,0.0053883,0.006032,0.0032293,0.0043909,0.0046226,0.0046031,0.011189,0.014414,0.012027,0.0097499,0.0086114,0.0035621,0.0046382,0.0068042,0.0049211,0.0039038,0.0029124,0.0027426,0.0021831,0.00048985,0.001033,0.00088425,0.0022581,0.0023757,0.00091868,0.00078175,0.00039054,0.00055349,0.0011822,0.002558,0.0035288,0.0039353,0.001365,0.0048124,0.007467,0.005872,0.0016331,0.0047462,0.00955,0.009986,0.0066203,0.0037357,0.010609,0.0099454,0.0061073,0.0033062,0.010069,0.0094043,0.0088651,0.0017747,0.010361,0.0086192,0.0078835,0.0099575,0.0077802,0.017567,0.0059406,0.015158,0.0050053,0.052584,0.0097911,0.041994,0.049016,0.040497,0.089886,0.047195,0.086232,0.062655,0.0063381,0.020173,0.032638,0.071158,0.056692,0.042733,0.053203,0.047194,0.031049,0.033454,0.028515,0.012164,0.011718,0.013655,0.011104,0.0079668,0.011765,0.010039,0.0027486,0.0033509,0.00043129,0.0079048,0.0066075,0.005961,0.012243,0.0095619,0.0040944,0.0057936,0.0073279,0.003699,0.00046625,0.0024809,0.0027469,0.0010338,0.00064919,0.0031077,0.0032114,0.00082115,0.0025057,0.0094349,0.0058281,0.00057223,0.0026265,0.0042011,0.0080255,0.0080415,0.0029017,0.0057673,0.0055093,0.0025335,0.0082997,0.0022418,0.010188,0.0054553,0.003036,0.0057563,0.024177,0.018157,0.02959,0.020808,0.02627,0.070131,0.058163,0.075336,0.066603,0.031121,0.012136,0.019615,0.034752,0.032319,0.04475,0.052705,0.039996,0.025912,0.02164,0.018037,0.011231,0.014789,0.015529,0.012305,0.012148,0.013899,0.017344,0.012805,0.0088383,0.0069001,0.0032654,0.0096506,0.018293,0.021553,0.018229,0.01277,0.0046981,0.0018146,0.0011828,0.00060103,0.00019037,0.00068416,0.0018126,0.0030616,0.0026167,0.0019606,0.0025606,0.0031201,0.0034664,0.0036197,0.0018061,0.00092572,0.0010429,0.00162,0.0027354,0.0029116,0.0028436,0.0027303,0.0019943,0.0019689,0.001943,0.002769,0.004918,0.0075121,0.0055347,0.006126,0.0077181,0.0091687,0.012928,0.013468,0.016273,0.0079876,0.0089707,0.010804,0.0040863,0.002945,0.0097887,0.013282,0.014843,0.016722,0.020475,0.026502,0.024462,0.013053,0.0047732,0.0088556,0.0065219,0.00076087,0.0018709,0.00082591,0.0011492,0.0041636,0.0052469,0.003706,0.0013614,0.0029496,0.002105,0.0020522,0.0038648,0.0026166,0.0018762,0.0030523,0.0050573,0.0062323,0.0053501,0.0044635,0.0053222,0.0051428,0.0027045,0.0071703,0.004255,0.0037347,0.0054396,0.0056783,0.004278,0.0052438,0.0060213,0.0063227,0.0068389,0.0096179,0.0092935,0.008929,0.0044636,0.0066127,0.011361,0.007432,0.012726,0.013299,0.0033294,0.013189,0.018301,0.01563,0.02854,0.022891,0.019168,0.014417,0.021768,0.021948,0.036469,0.048225,0.046257,0.066735,0.050496,0.014844,0.016749,0.063022,0.10056,0.096965,0.072905,0.051133,0.043768,0.039233,0.018866,0.0052291,0.0040575,0.0071574,0.011988,0.0096632,0.0021231,0.0044718,0.0041441,0.0012404,0.0046033,0.0039771,0.0023611,0.0026546,0.0046735,0.0035374,0.0032153,0.0037006,0.0031332,0.0044048,0.0053013,0.0037751,0.0022459,0.0029984,0.002657,0.0037108,0.0050514,0.0031057,0.0055165,0.0072413,0.0057393,0.0067655,0.0070638,0.005076,0.0070985,0.0075004,0.006274,0.0074,0.0050993,0.0044344,0.0037888,0.0049243,0.0050964,0.0094164,0.020594,0.012333,0.028675,0.01761,0.023307,0.02269,0.0024885,0.030226,0.059279,0.047713,0.053319,0.034958,0.026674,0.010317,0.010882,0.026411,0.048215,0.035334,0.0087461,0.014801,0.019221,0.015776,0.0041403,0.0079994,0.012605,0.015103,0.013155,0.010672,0.016475,0.01417,0.0083464,0.0075763,0.0031613,0.010846,0.014614,0.0061818
0.0024546,0.0026383,0.0033869,0.0025872,0.0023389,0.0021901,0.0016607,0.00057163,0.0010724,0.0016354,0.0013076,0.0015638,0.0013544,0.00063846,0.0016862,0.001174,0.0026398,0.0015011,0.0014471,0.0014711,0.00075088,0.0014465,0.002726,0.0026634,0.0010354,0.00075642,0.0015422,0.0019447,0.0032763,0.0034451,0.006228,0.0077063,0.0023936,0.00037705,0.0024507,0.00075328,0.008761,0.010001,0.0086713,0.0057768,0.0037424,0.0020595,0.0010821,0.0013106,0.0015416,0.00092874,0.0016461,0.0011865,0.0019947,0.0033547,0.0016646,0.0012406,0.0022216,0.0019666,0.0015232,0.0041147,0.0036221,0.0030255,0.0037651,0.0032583,0.0016397,0.0016508,0.0034435,0.0024406,0.00069988,0.01061,0.0056644,0.0039524,0.005087,0.0060106,0.0092247,0.0068064,0.0064868,0.0082309,0.0059198,0.0059026,0.0072726,0.0071552,0.0059994,0.0042646,0.0038607,0.0046089,0.0024328,0.0050399,0.0025768,0.0014842,0.0023715,0.0027531,0.0036289,0.00477,0.0058849,0.0053817,0.009443,0.010053,0.011494,0.035672,0.050966,0.016968,0.0054192,0.0066044,0.0027305,0.0096415,0.037441,0.050575,0.01298,0.0092589,0.0028408,0.0023617,0.0020456,0.0033003,0.0054516,0.0028483,0.0033402,0.0037406,0.0017624,0.0019023,0.0013696,0.0042396,0.0038431,0.0020349,0.0023495,0.0039209,0.0032427,0.0020299,0.0032898,0.0037916,0.0036278,0.0025613,0.0022917,0.0016349,0.00073465,0.00071752,0.00081606,0.00043142,0.0003016,0.0012824,0.0013055,0.00061296,0.0011181,0.0013104,0.0025279,0.0038081,0.0047624,0.0025785,0.0020255,0.0016764,0.0010642,0.00048344,0.00094713,0.00073208,0.00083882,0.00092673,0.0018661,0.0017225,0.0027702,0.0047643,0.0036559,0.0076107,0.0061342,0.0046342,0.014272,0.020732,0.0078622,0.0021867,0.0016561,0.0016498,0.0096342,0.02311,0.02137,0.0048525,0.0015097,0.0003519,0.00055287,0.00074132,0.00093295,0.0015596,0.0020795,0.00064085,0.00047734,0.0010554,0.0014625,0.0015011,0.0025282,0.00092126,0.0012218,0.0010343,0.0015371,0.0027523,0.0016538,0.00078897,0.001868,0.0015506,0.0022801,0.011747,0.010453,0.00025579,0.00057528,0.00020377,0.001165,0.0010443,0.00025703,0.00073952,0.0010979,0.00042299,0.00059224,0.00095706,0.00068358,0.00071018,0.0010403,0.00086973,0.0012511,0.00040337,0.0023419,0.0016102,2.7794e-05,0.00071409,0.00059859,0.00035184,0.00040896,0.0010961,0.0020271,0.0015011,0.0038768,0.0083927,0.0084722,0.02093,0.044413,0.025807,0.0073878,0.00067809,0.0014846,0.0044549,0.01362,0.014446,0.0063447,0.00056071,0.00060657,0.0013454,0.00095599,0.0013836,0.0013932,0.0010441,0.00075271,0.00084705,0.00094189,0.0003171,0.0011266,0.0010983,0.00017395,0.00038361,0.00091266,0.0013321,0.00042866,0.0013377,0.0011267,0.0015724,0.0014926,0.0018717,0.0033014,0.0023888,0.0034778,0.0029564,0.0041324,0.0035234,0.00085115,0.0040254,0.0032801,0.0036898,0.002766,0.0015462,0.0025294,0.0022445,0.0027167,0.0001374,0.0023814,0.0014443,0.0011035,0.0029798,0.0018091,0.0023557,0.0043222,0.0014926,0.00098955,0.002537,0.0018818,0.0018481,0.0050558,0.040536,0.058865,0.021262,0.014119,0.019029,0.0096672,0.0029161,0.0057612,0.0030381,0.019439,0.036559,0.023155,0.0033497,0.0032055,0.0015447,0.0017566,0.0013388,0.0018118,0.0011706,0.0015366,0.0028618,0.00091027,0.0019524,0.0021088,0.0011418,0.00056373,0.0016775,0.0032194,0.0024908,0.0011969,0.00057932,0.0010917,0.0020406,0.0015775,0.0002575,0.00091975,0.0018836,0.002152,0.00021521,0.00071528,0.00041305,0.00041703,0.00054436,0.00013041,0.00011704,0.00082803,0.00097381,0.00075516,0.00012766,0.00050929,0.00076077,0.00057519,0.0014324,0.0010618,0.0011874,0.0016725,0.00074577,0.0011301,0.0013161,0.00082992,0.0016992,0.001124,0.003732,0.0040393,0.0040529,0.014102,0.017882,0.008926,0.010534,0.022808,0.013598,0.003525,0.0026378,0.0025165,0.0065319,0.0095009,0.005577,0.002123,0.00135,0.0014893,0.0019751,0.0029712,0.00050287,0.0022071,0.0013646,0.0012171,0.0013961,0.0013901,0.0011506,0.0015547,0.0024643,0.0025801,0.0024694,0.001543,0.001082,0.00088617,0.00023393,0.00081809,0.0013758,0.0018913,0.0020721,0.0027699,0.0010544,0.0014921,0.0012599,0.00198,0.0014953,0.0018654,0.0016251,0.0021695,0.003127,0.0025694,0.0026784,0.002264,0.00098957,0.00047578,0.0014507,0.0021966,0.0027236,0.0028067,0.0010777,0.0023178,0.0023084,0.0024758,0.0030517,0.0029234,0.0032693,0.003922,0.0066081,0.0075616,0.002397,0.011842,0.017554,0.018023,0.028199,0.016335,0.0071542,0.0028072,0.0040526,0.013224,0.019694,0.011488,0.0079175,0.0050798,0.003948,0.0035717,0.0021574,0.0029064,0.002894,0.0017521,0.0010503,0.0012286,0.0014851,0.0023664,0.0035405,0.0032195,0.001785,0.0009531,0.00074974,0.0014373,0.0016926,0.0013704,0.00075452,0.0011649,0.0019097,0.0017991,0.0016427,0.00097102,0.0030225,0.0017935,0.0040991,0.0057107,0.0046299,0.003141,0.0025357,0.0059544,0.0067715,0.0048877,0.0043465,0.005403,0.0034278,0.0044082,0.0062356,0.0060356,0.005754,0.0068934,0.011435,0.0089864,0.0064257,0.0078237,0.0088575,0.01314,0.011781,0.005171,0.0087953,0.019295,0.035056,0.09326,0.10938,0.15997,0.093188,0.051104,0.026725,0.016996,0.02129,0.024661,0.011425,0.0093831,0.012856,0.0086611,0.0085773,0.011601,0.0096403,0.0097006,0.0062526,0.0041719,0.0029912,0.0044934,0.006925,0.0092827,0.0092897,0.0039743,0.0028553,0.00409,0.0041105,0.0007939,0.0046753,0.0050252,0.00238,0.0028593,0.0066906,0.0064912,0.0030829,0.0018344,0.002201,0.0017215,0.0024463,0.0039099,0.0045842,0.0022104,0.0032171,0.0064837,0.01067,0.0051357,0.0039242,0.0045394,0.0048036,0.0028854,0.0039421,0.0053567,0.0055239,0.0039947,0.0050747,0.0038257,0.0035021,0.0061017,0.011499,0.0079304,0.0058322,0.0081389,0.011778,0.02413,0.064165,0.074456,0.12155,0.072676,0.045717,0.033452,0.030647,0.015636,0.033852,0.022041,0.0099008,0.0042064,0.0058909,0.0063054,0.0025121,0.0075756,0.0075652,0.0048311,0.0015742,0.0029176,0.0068041,0.010761,0.0072591,0.0014754,0.0023285,0.0013803,0.0053698,0.0046932,0.0028727,0.0022291,0.004084,0.0053195,0.0032502,0.0034662,0.0076886,0.003348,0.0029277,0.001987,0.0024478,0.0035267,0.0022133,0.0014636,0.0022197,0.0014636,0.0013509,0.00094437,0.00083422,0.0015939,0.0026912,0.0021359,0.00223,0.0021658,0.0018576,0.0010546,0.001809,0.00096394,0.0011387,0.0010223,0.0038528,0.0031042,0.0015097,0.0016301,0.0017033,0.00058848,0.0015509,0.0036018,0.0090332,0.0097001,0.0031051,0.00079709,0.00046628,0.00084504,0.0051836,0.0055457,0.0060528,0.0058111,0.0033572,0.0018502,0.0028674,0.0033601,0.0039211,0.0035418,0.0024735,0.0012196,0.0014591,0.00030641,0.0015523,0.0019711,0.0024301,0.0018123,0.00028292,0.00074929,0.0013265,0.0015455,0.0020339,0.0024071,0.0023487,0.00077227,0.0037455,0.0027675,0.0015179,0.0027811,0.0015391,0.0013621,0.00036993,0.0023133,0.0019555,0.0023395,0.0019289,0.003272,0.0047924,0.0012686,0.0031768,0.0020801,0.002051,0.0049856,0.00302,0.0015204,0.0035733,0.003839,0.0039374,0.00074228,0.0030637,0.0037806,0.0053809,0.0050635,0.001026,0.0025325,0.0042615,0.0016953,0.0024231,0.002612,0.00097227,0.0016786,0.0045345,0.0053924,0.0045922,0.010644,0.012336,0.005039,0.0013825,0.0014287,0.0017811,0.0032195,0.0042496,0.0039514,0.0023931,0.0014596,0.0037506,0.0035966,0.0010182,0.0046954,0.0038312,0.002059,0.003628,0.0019321,0.0027016,0.0029731,0.0027851,0.001267,0.00052662,0.00072673,0.0032423,0.0070511,0.0086928,0.0083438,0.0023346,0.0034525,0.0027306,0.0017282,0.0012314,0.0022343,0.0013287,0.0016233,0.0022354,0.00098918,0.0013469,0.0013575,0.001275,0.0014502,0.0044756,0.0028051,0.0038691,0.0057181,0.0039492,0.0014898,0.0022879,0.0038374,0.0022271,0.0060253,0.0051314,0.0062119,0.010194,0.013567,0.01525,0.015247,0.02446,0.045147,0.034627,0.0029988,0.018273,0.023211,0.087036,0.10742,0.046805,0.022803,0.016483,0.020043,0.045689,0.037309,0.0077966,0.0019683,0.0054015,0.010304,0.016345,0.013048,0.007992,0.0041576,0.0013526,0.006847,0.0097336,0.0056976,0.0025727,0.0017348,0.0036048,0.0038782,0.0098727,0.011065,0.0071892,0.0047964,0.011253
0.0012782,0.00043661,0.00019756,0.00023177,0.0014001,0.0016317,0.0030439,0.0039376,0.0025214,0.00066801,0.00099031,0.0006551,0.0014168,0.0021097,0.0017488,0.0028749,0.0029823,0.0010858,0.0015046,0.0024257,0.0010481,0.0025325,0.0017643,0.001093,0.0024583,0.002719,0.0022019,0.00094207,0.001688,0.0016148,0.0019031,0.0017979,0.0090631,0.014142,0.0054862,0.0030162,0.006713,0.0076252,0.0011281,0.0021814,0.0014489,0.0018127,0.0027938,0.0019457,0.0011502,0.0010514,0.0017199,0.0018035,0.0040477,0.0040702,0.0029821,0.0010691,0.0014583,0.0028235,0.001426,0.0022728,0.0024185,0.0039949,0.0026776,0.0012651,0.0018672,0.0020079,0.0021402,0.0013376,0.0010923,0.0012375,0.0022961,0.0019704,0.0019265,0.0019244,0.0031828,0.00041832,0.0044649,0.0042464,0.0020785,0.00058695,0.0025313,0.00058045,0.0010381,0.001363,0.0018619,0.0035626,0.0037114,0.0036497,0.0022062,0.0011758,0.00072733,0.0028481,0.0048334,0.006665,0.005537,0.0032992,0.0025353,0.0066582,0.0054456,0.0034374,0.0043675,0.018277,0.016841,0.0013435,0.0073876,0.0063727,0.0164,0.010478,0.0076844,0.0013023,0.0027065,0.0020677,0.0028703,0.0023427,0.0012143,0.001723,0.00225,0.0019564,0.0015823,0.0033942,0.0032527,0.0021291,0.0015279,0.002977,0.0040307,0.001948,0.0023644,0.0026265,0.0013151,0.0051736,0.0039676,0.0032782,0.0047254,0.0014693,0.0018099,0.0023387,0.0015186,0.0017833,0.0020846,0.001635,0.0020892,0.0036861,0.0039396,0.0036126,0.0021454,0.00061386,0.00086133,0.0011779,0.00050915,0.0005498,0.00053616,0.0011488,0.00076742,0.00034399,0.00069603,9.5617e-05,0.00079628,8.7027e-05,0.0011193,0.0018066,0.0012796,0.0016717,0.0043998,0.0072665,0.0048884,0.0051004,0.0080088,0.0056689,0.0026427,0.0049581,0.01446,0.018665,0.0074346,0.00085624,0.0017566,0.0014746,0.001825,0.00098185,0.00044424,0.00029278,0.0010009,0.00089334,0.0015432,0.0016727,0.0006832,0.00052177,0.00027573,0.0012521,0.0023937,0.0013439,0.00065924,0.0011581,0.0017309,0.0017248,0.00040891,0.0013448,0.0017287,0.00074501,0.0048019,0.00097654,0.00077689,0.00037246,0.00011147,0.00076954,0.0010719,0.00072747,0.0010128,0.00048425,0.00069476,0.00032268,0.00061244,0.00061067,0.00080397,0.00097367,0.00064878,0.00055202,0.0010582,0.001072,0.0008156,0.00052068,0.00082767,0.00091111,0.0011158,0.0017032,0.0015037,0.002208,0.0024064,0.003555,0.0045429,0.011533,0.0032637,0.037174,0.047925,0.021275,0.0060319,0.0010902,0.010012,0.0086665,0.0013239,0.0029953,0.0022685,0.0023032,0.0010575,0.00087364,0.0013683,0.0016223,0.0010318,0.001265,0.00084582,0.0013743,0.00082506,0.00025372,0.0010628,0.0012551,0.00047928,0.0011554,0.0012777,0.00060972,0.00064252,0.0007001,0.0011686,0.00082171,0.00094042,0.0027354,0.0020993,0.001627,0.0019557,0.0015869,0.0010687,0.00071642,0.0028275,0.0029016,0.0012536,0.0026304,0.0029178,5.2554e-05,0.001917,0.0025083,0.00058686,0.0019212,0.00045985,0.0029234,0.0018874,0.0023787,0.0036182,0.0029836,0.00094016,0.0012887,0.0025301,0.0042279,0.0069945,0.0062685,0.032751,0.058498,0.039974,0.0084829,0.015776,0.025516,0.029642,0.016914,0.0084242,0.0033324,0.0021742,0.0015141,0.0021037,0.0014541,0.0014338,0.0021113,0.0011467,0.00059649,0.0020697,0.0019425,0.0013672,0.0015011,0.0019484,0.00061658,0.0013415,0.0015684,0.00061258,0.0005799,0.0019452,0.0022939,0.0011009,0.00081365,0.0014868,0.0013815,0.00058257,0.00067762,0.0017917,0.002051,0.0017852,0.0010166,0.00079821,0.00060533,0.00081001,0.00066688,0.00076055,0.00068202,0.0008793,0.00091945,0.00071776,0.00084771,0.0015395,0.00053259,0.00029975,0.00069659,0.00051906,0.000639,0.00059286,0.00083974,0.0010302,0.00076283,0.0025806,0.0022843,0.0014042,0.0013127,0.0032696,0.0094777,0.017617,0.011296,0.005416,0.0089773,0.012125,0.0033026,0.0045255,0.004001,0.0062146,0.0051154,0.0021384,0.0013478,0.0012259,0.00052065,0.00079211,0.0015759,0.0010023,0.00046969,0.00086128,0.00070232,0.0014003,0.00068878,0.00070107,0.00049462,0.00091131,0.00087282,0.00067068,0.0013054,0.0017454,0.0022781,0.0021599,0.00084739,0.00081324,0.0015784,0.0036757,0.0026935,0.00074891,0.00079555,0.00022955,0.00078909,0.00068085,0.0016085,0.001798,0.0009738,0.0012928,0.001599,0.0011443,0.0010099,0.00082823,0.00086774,0.00070143,0.0015652,0.0015486,0.0011808,0.0019008,0.0025961,0.0028142,0.0019769,0.0023473,0.0034441,0.0029877,0.0035052,0.0039918,0.0069523,0.0073364,0.0088045,0.006512,0.02003,0.022738,0.046992,0.028055,0.0079515,0.0069841,0.0025652,0.0040497,0.0046207,0.0036951,0.0042107,0.0040376,0.0033867,0.0026197,0.0016709,0.0021746,0.0033458,0.0028872,0.0017055,0.0013215,0.00070173,0.0015187,0.0011454,0.0009666,0.0014856,0.0012038,0.0013465,0.0018783,0.0014513,0.00063917,0.00053114,0.0014277,0.0018616,0.00091295,0.0077877,0.0018031,0.0040181,0.0049575,0.0090097,0.0054267,0.0035593,0.0033977,0.0059069,0.0060382,0.0018773,0.0042843,0.0047931,0.0021327,0.0050607,0.0087256,0.0074544,0.008148,0.011857,0.014528,0.012983,0.013372,0.013571,0.015961,0.015439,0.010612,0.013798,0.023291,0.025856,0.035103,0.083434,0.11821,0.10306,0.16738,0.095274,0.043678,0.030527,0.034409,0.024143,0.020435,0.021006,0.016352,0.011799,0.0078947,0.0090662,0.0081407,0.0083341,0.0094618,0.01187,0.010322,0.0046657,0.0013101,0.0030039,0.0075305,0.012061,0.01198,0.0071491,0.00076754,0.0055105,0.0072711,0.0082945,0.0057074,0.0026585,0.0053759,0.0069164,0.00070988,0.0023878,0.0087332,0.013485,0.016461,0.0097383,0.00072445,0.0037223,0.0035133,0.0033707,0.0027515,0.0028992,0.0035383,0.0045205,0.004256,0.0043676,0.0044191,0.0029446,0.0045743,0.0048519,0.0046994,0.0077839,0.0092845,0.0098912,0.0091461,0.011176,0.014512,0.017196,0.013103,0.02351,0.051899,0.061212,0.076772,0.10644,0.076175,0.04736,0.01702,0.018443,0.015978,0.011835,0.012171,0.01079,0.0078312,0.0070335,0.0076463,0.008796,0.0070915,0.0039754,0.0037318,0.0041792,0.0048909,0.0048707,0.0047739,0.0051654,0.0047026,0.0025594,0.0035385,0.0060144,0.0031214,0.0041179,0.0041052,0.0013393,0.0029363,0.0051435,0.0052364,0.0026832,0.001924,0.00069916,0.00064709,0.00039799,0.00055575,0.00077092,0.00062813,0.00048044,0.00032276,0.00042725,0.00080459,0.001001,0.00024906,0.00055348,0.00049322,0.00071933,0.00091359,0.00052329,0.0015154,0.0011966,0.0005711,0.00073833,0.00081686,0.00057156,0.00093862,0.0014914,0.0015897,0.0023582,0.0011854,0.0027687,0.0010249,0.019598,0.021567,0.0072111,0.0047206,0.010961,0.010607,0.0088326,0.004668,0.0035145,0.0019432,0.002975,0.0004378,0.0028413,0.0014719,0.0013953,0.0014899,0.0011675,0.0023745,0.00024151,0.002376,0.0012418,0.0013843,0.0014424,0.0012656,0.0016363,0.00094496,0.00085179,0.0013274,0.00095371,0.0022961,0.0018171,0.001817,0.0036821,0.0016296,0.0023286,0.0020553,0.0027912,0.0023199,0.0010427,0.00012708,0.0014674,0.003137,0.0020759,0.00099536,0.0035155,0.0039485,0.0010571,0.0025549,0.0022218,0.00081037,0.00206,0.0031292,0.0023924,0.0030764,0.0032583,0.0034995,0.0032536,0.0020273,0.007821,0.0045956,0.0071289,0.0060723,0.0079145,0.012814,0.011798,0.023813,0.028079,0.019058,0.016714,0.00064534,0.0041286,0.0033076,0.0060919,0.0056659,0.0038467,0.0029009,0.0026253,0.0040999,0.002038,0.001438,0.0030743,0.0023566,0.0033633,0.0028367,0.0014848,0.0037442,0.0024814,0.00088793,0.00091135,0.0036122,0.0041172,0.0024147,0.0019796,0.0020438,0.0021689,0.0028034,0.0039351,0.0028954,0.0037164,0.0028475,0.0029905,0.0020499,0.001467,0.0025214,0.0029056,0.0022197,0.0027341,0.0028601,0.0034252,0.0030006,0.0023204,0.0032429,0.0031569,0.0035767,0.0029345,0.0040534,0.0042997,0.0047617,0.0045499,0.0047563,0.0052555,0.0068964,0.0084732,0.0075529,0.0056645,0.0083662,0.0096486,0.027422,0.028943,0.016023,0.073094,0.077159,0.063156,0.0557,0.002284,0.026521,0.0137,0.024492,0.0024779,0.013761,0.0076044,0.0041789,0.0027022,0.0035762,0.0039373,0.0021748,0.0036239,0.0014217,0.0045704,0.0031891,0.003047,0.0026586,0.0027989,0.0032718,0.0019692,0.00096642,0.002796,0.0010041,0.0017231,0.00096297,0.001006,0.0053311,0.0036472
0.0044473,0.0039545,0.0025058,0.0029172,0.0023555,0.00069197,0.00041786,0.0019071,0.0028578,0.00077264,0.0013697,0.00047447,0.0010579,0.00087066,0.0018039,0.0019306,0.002516,0.0013053,0.00095906,0.001493,0.0026562,0.002822,0.0011862,0.0016217,0.0016253,0.001831,0.0017094,0.0017631,0.0015471,0.001519,0.0008251,0.0016361,0.0022459,0.0069792,0.0030804,0.0023192,0.0061846,0.0064878,0.0031576,0.00087151,0.0010635,0.0025442,0.0030666,0.0031187,0.0030224,0.0020064,0.0014052,0.0023182,0.0013968,0.0027162,0.00089752,0.0023174,0.0016173,0.00047274,0.0013034,0.00057899,0.00091292,0.0017152,0.0023758,0.00053364,0.0029442,0.0031006,0.0019214,0.0011637,0.00058184,0.0015557,0.0012977,0.0032277,0.0051219,0.0049167,0.0027576,0.0018292,0.0012082,0.0029254,0.0043735,0.0077595,0.0090019,0.0060869,0.001865,0.00088874,0.0020698,0.0051096,0.0065557,0.0032323,0.0019929,0.0026771,0.0035885,0.002734,0.00061769,0.00068531,0.0035885,0.0023919,0.0016702,0.0035409,0.006878,0.0070591,0.0075081,0.0076677,0.014834,0.023524,0.011557,0.014479,0.022909,0.018086,0.013969,0.010632,0.0083422,0.002896,0.0014278,0.0027084,0.0045467,0.0033283,0.0015219,0.0036504,0.0020615,0.00070686,0.0018421,0.0033651,0.0056729,0.0075442,0.0070077,0.0052238,0.004059,0.0024911,0.00091607,0.0032076,0.0041851,0.0044951,0.0039733,0.0038037,0.0014988,0.0011404,0.0012131,0.0028237,0.0026695,0.0023215,0.0021614,0.00026647,0.0016122,0.0029019,0.0030017,0.0021098,0.0012781,0.0011417,0.0013275,0.00060718,0.0010465,0.0016006,0.0010172,0.00020288,0.00023347,0.00067118,0.0015201,0.0014682,0.001413,0.00085587,0.0020531,0.0011897,0.0026735,0.0062511,0.0037472,0.00016918,0.0025962,0.010101,0.018012,0.011497,0.012136,0.017744,0.0071897,0.0021365,0.001348,0.0014275,0.0010611,0.00038933,0.00054486,0.00068309,0.00033997,0.0010648,0.0013789,0.0016858,0.0014888,0.0015733,0.0013628,0.0013361,0.0013118,0.0011962,0.00038773,0.001043,0.0016158,0.0022393,0.0020235,0.0018168,0.0028797,0.0036828,0.0040401,0.0020001,0.0010192,0.0010923,0.00033514,5.6662e-05,0.00048261,0.00097964,0.0010906,0.0010896,0.00021911,0.001094,0.001587,0.0010913,0.00073779,0.0014285,0.0012493,0.00066797,0.00074378,0.0010531,0.00070868,0.00077281,0.0013159,0.00083223,0.00077368,0.0017174,0.0013322,0.0012474,0.0025082,0.0046714,0.0039437,0.0037985,0.011346,0.017644,0.025086,0.027897,0.027948,0.030132,0.011036,0.0027825,0.0013759,0.0021262,0.0019931,0.0014457,0.0009118,0.0017733,0.0019027,0.0015997,0.0013154,0.001909,0.0011351,0.00068324,0.0014404,0.0011202,0.0014765,0.0020505,0.0021282,0.0015634,0.0010155,0.00059732,0.001007,0.0012045,0.0019395,0.0028097,0.0011813,0.0028704,0.002374,0.0037209,0.0029217,0.0011396,0.00086004,0.0012224,0.001315,0.0022366,0.0010383,0.0031623,0.0040713,0.0034346,0.001868,0.00080354,0.0012983,0.00036902,0.0002252,0.0018369,0.002434,0.00212,0.0033463,0.0038635,0.0035104,0.0039012,0.0076824,0.0090691,0.01078,0.022946,0.034519,0.042896,0.031816,0.040973,0.02853,0.037423,0.027903,0.025462,0.010228,0.00627,0.0072753,0.0031733,0.0039341,0.0032268,0.0024867,0.0024803,0.0018921,0.0029383,0.0044955,0.0034367,0.0010163,0.0019874,0.0016145,0.0036396,0.0036325,0.0032936,0.0023738,0.000451,0.00052706,0.001235,0.0020891,0.00090882,0.0019636,0.0033347,0.00031509,0.0047721,0.0054361,0.0013252,0.00087606,0.00093704,0.00014801,0.0011148,0.0016214,0.00064204,0.00066858,0.00084705,0.0001474,0.0010634,0.0021093,0.002249,0.0016663,0.0010557,0.0013548,0.0011651,0.00049969,0.00073453,0.00090395,0.0011769,0.00097339,0.00059345,0.001734,0.0029976,0.0026701,0.00099291,0.0038372,0.0058377,0.012244,0.010487,0.0098569,0.010106,0.0093717,0.0078512,0.0060689,0.0016627,0.003979,0.0011862,0.00040654,0.0014403,0.00097409,0.00037054,0.00099849,0.0013152,0.0013277,0.00066116,0.000248,0.00062296,0.00036363,0.00047214,0.0007544,0.00052618,0.00047735,0.0008668,0.0011115,0.0010756,0.00062024,0.00073524,0.0003536,0.00073649,0.00090714,0.00057783,0.0013507,0.0030588,0.0011098,0.00063971,0.0012751,0.0010069,0.00090807,0.0021253,0.0019035,0.0011753,0.00070006,0.00080631,0.00052719,0.00050879,0.0012956,0.0015364,0.00094014,0.0004674,0.00045997,0.0005087,0.0002458,0.00016763,0.00018949,0.00067463,0.0010415,0.0011841,0.0011189,0.0010059,0.0035655,0.0045106,0.0011377,0.0095051,0.010506,0.010581,0.0079692,0.010901,0.01147,0.014521,0.0076234,0.0047138,0.003058,0.0022858,0.0012951,0.0011822,0.00165,0.00088737,0.0011351,0.0014038,0.00075403,0.0011153,0.0018876,0.0019452,0.00068987,0.00075172,0.00091655,0.0015721,0.0011914,0.0017146,0.00034055,0.0026598,0.0031823,0.0020838,0.0011235,0.00094676,0.00025078,0.00091138,0.00099639,0.0043564,0.0037981,0.0028492,0.0035296,0.00437,0.0022061,0.0041621,0.0093111,0.00949,0.0049061,0.0030273,0.00585,0.0078218,0.008011,0.0071504,0.0070858,0.0060985,0.003742,0.0017379,0.0023257,0.0048893,0.0032028,0.0017112,0.0038491,0.0095123,0.01363,0.012147,0.012099,0.012441,0.017922,0.025525,0.044247,0.060046,0.058344,0.13582,0.10812,0.042483,0.013877,0.013455,0.010336,0.011515,0.016999,0.015547,0.010448,0.0097444,0.013612,0.016707,0.015166,0.0079588,0.0053511,0.0080544,0.0079236,0.0088837,0.01025,0.0070212,0.0033747,0.0013128,0.0039566,0.0091279,0.014032,0.013671,0.0044859,0.0024203,0.0043864,0.0031997,0.010445,0.012294,0.0056463,0.0014658,0.0024562,0.003344,0.0051424,0.0052019,0.0043371,0.0041624,0.0040072,0.0036699,0.0031745,0.0040272,0.006149,0.0069148,0.0045229,0.0036522,0.0062259,0.0074025,0.007987,0.0084806,0.0084299,0.00907,0.01082,0.012454,0.013278,0.013126,0.014327,0.019187,0.027305,0.043601,0.054227,0.040278,0.13769,0.09991,0.046256,0.026808,0.017504,0.014526,0.012628,0.0088446,0.0060777,0.0070956,0.0073984,0.0059271,0.0052732,0.0058136,0.0054874,0.0052011,0.0056655,0.0056608,0.0063982,0.0063321,0.0045671,0.0048596,0.0064836,0.0077282,0.0089691,0.0088039,0.0078008,0.0077484,0.0076134,0.0080627,0.0073759,0.00066277,0.00031388,0.00028495,0.0013726,0.0009653,0.00064115,0.0013355,0.0011725,0.00093302,0.0001822,0.00073846,0.00051827,0.00054516,0.00095591,0.00096746,0.00057511,0.0006649,0.00083206,0.00076852,0.00083104,0.00042031,0.00077684,0.0012503,0.0016244,0.0017846,0.0023137,0.0025329,0.0025005,0.001055,0.0025371,0.0036907,0.0043581,0.0078236,0.017396,0.023847,0.0099306,0.0069658,0.011794,0.0058903,0.0038343,0.0053325,0.0052048,0.004202,0.0031663,0.002984,0.0025979,0.0020321,0.0022543,0.0020845,0.0014155,0.00083923,0.0010537,0.0015488,0.0017416,0.0017453,0.0013209,0.0018633,0.0025293,0.0022011,0.0011266,0.0018253,0.0032881,0.0037168,0.0027595,0.0028106,0.0035303,0.001233,0.0023019,0.0024111,0.00099384,0.0030594,0.0025826,0.0024836,0.0028659,0.0033743,0.0045546,0.0063628,0.0030839,0.0029686,0.0016533,0.002266,0.0028175,0.00044375,0.001743,0.0015919,0.0012882,0.0022358,0.0019928,0.0020546,0.00056302,0.0022608,0.0025129,0.0021411,0.0056986,0.0093382,0.0048059,0.002566,0.0094526,0.035488,0.026545,0.0063238,0.005275,0.0071706,0.0025928,0.00092312,0.0018973,0.0014181,0.0025063,0.0053304,0.0042082,0.0013675,0.0023394,0.0026177,0.0028042,0.0066705,0.0036186,0.0012526,0.001825,0.00045286,0.0049134,0.0066965,0.0034951,0.00089355,0.0025951,0.0012568,0.0010294,0.0012082,0.0013648,0.0028316,0.0013029,0.0032128,0.0010861,0.0026248,0.0022537,0.0017016,0.001399,0.0014104,0.0024655,0.0019168,0.00094135,0.00083382,0.001321,0.0015458,0.0029259,0.0028765,0.0032177,0.0029735,0.0032306,0.0034489,0.0034927,0.0038239,0.0036787,0.0047345,0.0054166,0.0057597,0.006994,0.0052768,0.0081634,0.0037395,0.0084549,0.013855,0.023511,0.060742,0.1278,0.08334,0.036813,0.021921,0.019148,0.011301,0.01241,0.012721,0.0092987,0.0093312,0.0085779,0.0065551,0.0055353,0.0063852,0.0061814,0.0055814,0.0052001,0.0052837,0.0047491,0.0047438,0.0030891,0.0037365,0.0045115,0.0042201,0.0032512,0.0033724,0.0036211,0.0031855,0.0019691,0.0031236,0.0015471,0.00217
0.0026752,0.003903,0.0032401,0.0032958,0.0025738,0.0040402,0.0072784,0.0066033,0.0052358,0.0037603,0.0028787,0.0038099,0.0022593,0.0020435,0.0046303,0.0047157,0.005077,0.0042455,0.0017431,0.0051838,0.0064503,0.0072949,0.0046364,0.0033031,0.0049601,0.0015372,0.0015306,0.0023646,0.0040645,0.0027491,0.0015741,0.0026342,0.0047721,0.0082309,0.0078508,0.0096799,0.011494,0.014409,0.0085023,0.0025498,0.0066134,0.0089076,0.0074783,0.0070566,0.010312,0.013588,0.0062819,0.0037134,0.0061793,0.0037816,0.0027981,0.0010746,0.0038025,0.0031838,0.0032836,0.006154,0.004646,0.0024597,0.0023452,0.0030602,0.0032865,0.0044158,0.0033269,0.001225,0.0012462,0.0019624,0.0011617,0.00028563,0.0013202,0.0016028,0.0012169,0.0022732,0.0029396,0.004187,0.0050228,0.0029148,0.00043443,0.0014476,0.0037936,0.0018779,0.0030192,0.0040635,0.0031708,0.0024479,0.0052558,0.0041692,0.0023508,0.0016084,0.0017485,0.0038731,0.0017326,0.0010708,0.0064606,0.01094,0.0082557,0.0055575,0.0070179,0.011434,0.017618,0.014446,0.015904,0.023738,0.013716,0.015839,0.037928,0.029331,0.014367,0.010063,0.0065015,0.0078211,0.011694,0.0099743,0.0019041,0.013027,0.018148,0.013105,0.0030516,0.010322,0.010657,0.0079426,0.004944,0.0042382,0.005091,0.0044443,0.0021736,0.00043904,0.0008325,0.0013258,0.0029868,0.0023206,0.0012051,0.001269,0.0011041,0.0018027,0.0013045,0.0022632,0.0030688,0.0017453,0.0007642,0.0012579,0.00036077,0.00059954,0.0020049,0.0024766,0.0021198,0.00063809,0.00065933,0.00064325,0.0016075,0.0028518,0.0018484,0.0013355,0.0017377,0.0020096,0.0010751,0.00082734,0.0022902,0.0035855,0.0038687,0.0015232,0.0010979,0.00097362,0.0026596,0.0028871,0.0016191,0.005947,0.011197,0.0075116,0.0065949,0.017255,0.016586,0.008912,0.0042484,0.0060387,0.0071354,0.0058707,0.0054874,0.0031434,0.00081692,0.0034412,0.0045266,0.004003,0.0044092,0.0037125,0.0017574,0.0019287,0.0023284,0.0032139,0.0031905,0.0034931,0.0026822,0.0030894,0.0027985,0.0068088,0.0048176,0.0015593,0.0019132,0.0019112,0.0010574,0.00044297,0.0018214,0.0015997,0.001382,0.001268,0.0018869,0.0016153,0.0014273,0.0014696,0.0012214,0.0018069,0.0014111,0.0024782,0.0017177,0.00092473,0.00030337,0.00082044,0.0021449,0.002572,0.0017703,0.0023006,0.0030543,0.0027914,0.0038285,0.0022318,0.0024443,0.0019823,0.0024004,0.0025297,0.0097008,0.023815,0.036198,0.033234,0.019335,0.0060193,0.0099774,0.017131,0.018169,0.01668,0.015116,0.012232,0.0069818,0.0089382,0.0088193,0.0070831,0.0042186,0.0039351,0.0044482,0.0015216,0.0019462,0.0048498,0.0064599,0.0051248,0.0030715,0.0016494,0.00062029,0.0015872,0.0016311,0.00023917,0.0019911,0.0031807,0.0033633,0.0023288,0.0021138,0.0022275,0.0034394,0.0038389,0.0036582,0.0047681,0.0062984,0.0069277,0.0061642,0.0023285,0.0027309,0.0035289,0.0073316,0.0097909,0.0067482,0.0019771,0.0010718,0.0011003,0.0043363,0.0083098,0.0086114,0.0062609,0.0033926,0.0041131,0.0059046,0.013185,0.032574,0.045475,0.038059,0.019523,0.018207,0.018609,0.0094643,0.019837,0.017352,0.01163,0.0042491,0.012193,0.011573,0.011463,0.0088512,0.0034557,0.00098078,0.0024091,0.0048405,0.0049219,0.0017306,0.0006316,0.0038139,0.0046296,0.0015414,0.00083675,0.0021237,0.0028237,0.0023284,0.0030903,0.0029249,0.0030059,0.002263,0.0020496,0.0028716,0.0023691,0.0016685,0.0019113,0.0016153,0.00089908,0.00080615,0.00071554,0.00048158,0.0005612,0.00014845,0.00076063,0.00044653,0.00076689,0.00121,0.0023859,0.0031141,0.0019342,0.0015509,0.0024638,0.0021529,0.0024931,0.0033772,0.002649,0.0019738,0.00214,0.001787,0.0012189,0.0011718,0.0022798,0.0046401,0.01147,0.012344,0.0034073,0.0036274,0.0045645,0.0074293,0.0096048,0.0088343,0.0031173,0.0033974,0.0016967,0.0034612,0.0019916,0.0029566,0.0018467,0.0017557,0.001304,0.0046192,0.0032849,0.00094548,0.0030203,0.00294,0.00078772,0.0033423,0.004369,0.0037389,0.0034879,0.0042316,0.0022605,0.0018375,0.002176,0.001866,0.0012304,0.0011887,0.001741,0.002033,0.00065388,0.0011415,0.0043342,0.0058497,0.0043458,0.0022447,0.00074747,0.00095153,0.0012744,0.0011042,0.0011617,0.0023966,0.0029437,0.0012031,0.0010394,0.00093526,0.0013191,0.0030535,0.0029621,0.0030658,0.0038244,0.00079636,0.0036083,0.0058389,0.006406,0.0057801,0.0061541,0.0064059,0.0056308,0.0035466,0.0045017,0.0043536,0.007614,0.012146,0.0075783,0.017761,0.019325,0.011385,0.013119,0.016077,0.011734,0.0021456,0.0072052,0.0086602,0.0055391,0.0040275,0.006554,0.0072767,0.0042248,0.0035806,0.0030736,0.001477,0.0012682,0.0022751,0.0024665,0.00095899,0.00065235,0.0013117,0.00098638,0.00047301,0.0011185,0.00071522,0.0022254,0.0018864,0.0018772,0.0015025,0.013456,0.0086641,0.0054383,0.0038627,0.005259,0.0038887,0.0026506,0.0050248,0.0025513,0.0040946,0.0029951,0.0033274,0.013431,0.01374,0.009646,0.0087597,0.0079032,0.012877,0.0081736,0.0025201,0.0040847,0.014444,0.022911,0.0205,0.012424,0.0040438,0.0061678,0.019406,0.025278,0.020143,0.011614,0.013089,0.032908,0.038325,0.057409,0.069055,0.06471,0.072135,0.072151,0.064217,0.03578,0.017848,0.025405,0.037924,0.032284,0.024756,0.047594,0.041446,0.018769,0.011646,0.012201,0.013759,0.011834,0.0095198,0.0083253,0.0045421,0.0055429,0.0096628,0.0027038,0.0050425,0.0010505,0.0039017,0.0012452,0.0059109,0.01197,0.0054908,0.0048455,0.0033631,0.004774,0.0070492,0.0070008,0.0049188,0.003217,0.0018606,0.0010671,0.0022137,0.0048615,0.0085962,0.010547,0.0073064,0.0052903,0.0037026,0.0017499,0.0071074,0.010176,0.0084889,0.0030631,0.00333,0.0067481,0.0060111,0.005625,0.0062739,0.0033048,0.0028975,0.0018271,0.0096763,0.014848,0.025055,0.032849,0.039242,0.028878,0.067265,0.075199,0.071492,0.052676,0.017629,0.010172,0.016984,0.025757,0.014439,0.01546,0.018553,0.0067144,0.0050156,0.0087695,0.016479,0.014532,0.0024113,0.0068983,0.0072726,0.0066865,0.0090098,0.020604,0.022117,0.014989,0.0073697,0.01158,0.026021,0.036145,0.034606,0.0016704,0.0011704,0.00027558,0.0017111,0.0021386,0.0010794,0.00058234,0.00064387,0.00075538,0.00045364,0.00080388,0.0016144,0.0015109,0.00093101,0.0015384,0.0013064,0.00087857,0.0023244,0.004001,0.0034003,0.001735,0.0010571,0.00065531,0.0013267,0.0022305,0.0017608,0.0010191,0.0020106,0.0023903,0.0012929,0.0020785,0.003743,0.0033879,0.0035138,0.011562,0.014629,0.014761,0.018349,0.021591,0.018505,0.0091549,0.0090683,0.012659,0.014446,0.012285,0.0091267,0.011168,0.011027,0.010044,0.0079962,0.0055571,0.005589,0.0025368,0.003084,0.0031609,0.0037095,0.0032791,0.00099781,0.0017677,0.0016066,8.371e-05,0.0007219,0.00093941,0.0033347,0.0037814,0.0015254,0.0028863,0.002459,0.0023929,0.001819,0.0052076,0.0054112,0.0028165,0.00097535,0.0055236,0.0097059,0.0078057,0.0026668,0.0015719,0.0018646,0.006871,0.0087334,0.010585,0.007977,0.0066382,0.0060571,0.0070323,0.0035355,0.0016405,0.0007336,0.0052494,0.012314,0.014501,0.0079849,0.0038838,0.0071937,0.006019,0.0060147,0.019007,0.021298,0.0099168,0.0059207,0.011206,0.011623,0.015537,0.02097,0.028237,0.038267,0.041145,0.036674,0.027795,0.021219,0.016595,0.0085289,0.0098947,0.01492,0.013744,0.0059482,0.0079068,0.004501,0.0053213,0.0048099,0.0039524,0.00092511,0.0064521,0.0092104,0.0045547,0.0029379,0.007601,0.0089294,0.0008171,0.0013349,0.00080423,0.00047229,0.0018738,0.0031059,0.0028062,0.0025596,0.002453,0.0017444,0.0022937,0.0033186,0.0027957,0.00090124,0.0039495,0.0029211,0.0020405,0.0039797,0.002805,0.0021816,0.0046665,0.0019217,0.001658,0.0051888,0.0037982,0.0010632,0.0021056,0.0036132,0.0065516,0.010353,0.0052162,0.008999,0.013517,0.027098,0.042651,0.063758,0.059499,0.036239,0.029661,0.027722,0.033658,0.015699,0.026265,0.022904,0.00688,0.013177,0.0075713,0.0036073,0.011289,0.012869,0.011858,0.0076263,0.005087,0.0071933,0.003856,0.0072843,0.007721,0.0048631,0.0080081,0.0092811,0.0024578,0.0080779,0.0086111,0.010532,0.0097908
0.0018137,0.00075902,0.0018478,0.0016036,0.00087527,0.0028104,0.0023561,0.0021284,0.0010752,0.00043522,0.00063291,0.0021926,0.0034029,0.0021676,0.00067678,0.00034981,0.00087466,0.00084329,0.00068176,0.00074701,0.0012327,0.001249,0.0022821,0.0027938,0.0016696,0.0026083,0.0015395,0.0015108,0.0021528,0.0019618,0.0028816,0.0039088,0.0072591,0.0069513,0.0067671,0.0053826,0.011945,0.0070024,0.0026616,0.0039903,0.0030219,0.0013117,0.0026392,0.0029486,0.0027774,0.0016054,0.0024042,0.0016842,0.001492,0.00063573,0.00025272,0.00053732,0.00049443,0.0013296,0.00025088,0.0019549,0.0020854,0.0011088,0.00048047,0.00092504,0.00066155,0.00085392,0.0014569,0.0024143,0.0017736,0.0038579,0.0012262,0.001948,0.0026198,0.0054101,0.0041549,0.0019002,0.0011197,0.0035543,0.0040263,0.0039885,0.0013537,0.0025026,0.0020567,0.0015324,0.0021175,0.0017703,0.003071,0.0027234,0.0021419,0.00079824,0.0054328,0.0045526,0.0019477,0.0041678,0.0025315,0.00052811,0.0055724,0.013206,0.0046509,0.0030577,0.0037124,0.0098434,0.019872,0.022069,0.010841,0.010044,0.023477,0.011194,0.0096185,0.0065122,0.0061124,0.0020283,0.0019792,0.0014317,0.0038299,0.002548,0.0016115,0.0036434,0.0049429,0.0034695,0.0013166,0.0016173,0.0013101,0.0017011,0.0025968,0.0023967,0.0030792,0.0013956,0.0050912,0.0039268,0.0014771,0.0036023,0.0037905,0.0061954,0.0030936,0.0020361,0.0018579,0.0022577,0.0015429,0.00047935,0.0015696,0.0020577,0.001558,0.0014702,0.0022401,0.0029245,0.0012085,0.0031851,0.0015198,0.00069247,0.0011458,0.00078898,0.0019695,0.0020951,0.0019597,0.0013255,0.00077068,0.0020025,0.0035498,0.004481,0.0048179,0.0054317,0.0068996,0.0040834,0.0033554,0.0041072,0.010057,0.011843,0.015154,0.0087983,0.013029,0.014048,0.0037005,0.0052295,0.0021804,0.0020409,0.0015699,0.0014827,0.0020616,0.00081599,0.00062872,0.0010316,0.00024874,0.00032581,0.00039733,0.0010628,0.00061307,0.00056548,0.0013586,0.0016214,0.0016162,0.001748,0.0015732,0.0013643,0.00092055,0.0013152,0.0011009,0.0014315,0.0046532,0.0012526,0.0018516,0.0018653,0.0021399,0.0016934,0.0012079,0.0012423,0.0013447,0.0012844,0.00087945,0.0007469,0.00048761,0.00046486,0.0015596,0.0012642,0.001499,0.0012008,5.252e-05,0.0009788,0.0014186,0.0016256,0.0021603,0.002651,0.0031353,0.0037874,0.0050996,0.0063733,0.0076159,0.0080084,0.0050068,0.010834,0.014149,0.019667,0.03214,0.023084,0.033689,0.024926,0.003246,0.010932,0.0073673,0.002785,0.0021642,0.0020383,0.0017477,0.001484,0.0019207,0.0016147,0.0016732,0.0022552,0.0019639,0.0017843,0.0016202,0.0014344,0.0024162,0.0024702,0.0020321,0.0018935,0.0012246,0.00072391,0.00072128,0.00096352,0.0025455,0.0024306,0.0019237,0.00048408,0.0012688,0.0010617,0.00064995,0.00095951,0.0029894,0.0036826,0.0015811,0.0019879,0.0038257,0.0015015,0.0020694,0.0023107,0.0024623,0.0021313,0.0039554,0.0085279,0.011482,0.0093709,0.0097279,0.010144,0.010091,0.01096,0.012684,0.016201,0.020343,0.023179,0.028453,0.039551,0.040928,0.020656,0.047579,0.031851,0.022418,0.011992,0.029776,0.0071144,0.004275,0.0044009,0.006538,0.0031745,0.0029818,0.0031242,0.0031391,0.0018984,0.00056246,0.00099405,0.0017295,0.0027376,0.0019897,0.0011988,0.0017269,0.00021361,0.002153,0.0037768,0.003815,0.0025676,0.0011847,0.0021362,0.0026576,0.0031697,0.0025452,0.00094268,0.00074768,0.0025247,0.0019722,0.0014899,0.0011678,0.00076827,0.00029934,0.00017852,0.00043398,8.8892e-05,0.00023955,0.0003692,0.0011065,0.0015355,0.0018996,0.001716,0.00034804,0.0020264,0.003027,0.0025482,0.0014597,0.0013103,0.00084459,0.00027273,0.0019802,0.0031203,0.0038761,0.0052066,0.0077777,0.0099713,0.01449,0.017112,0.012107,0.0085846,0.0079812,0.00473,0.0075704,0.0080283,0.0044047,0.0044938,0.00017025,0.0023144,0.0015095,0.0030519,0.0037211,0.0031891,0.0023693,0.0021726,0.0011738,0.0017149,0.0023628,0.0026114,0.0026894,0.0016723,0.0015596,0.0013449,0.0015748,0.0014209,0.00064929,0.00063333,0.0013042,0.001296,0.0021773,0.0035698,0.0029358,0.0010981,0.0010971,0.0030587,0.00073143,0.0016135,0.00052756,0.00079117,0.0021117,0.001929,0.001066,0.0010174,0.00059876,0.00053111,0.0014324,0.0019039,0.001075,0.002083,0.0021657,0.0012361,0.0014978,0.0016831,0.00090208,0.0011414,0.001054,0.00032426,0.00082866,0.00056758,0.00043776,0.0015607,0.0019336,0.0046991,0.010514,0.0060707,0.0069985,0.012193,0.019128,0.02327,0.036,0.012442,0.0097242,0.0085599,0.0028697,0.0021573,0.0017988,0.0014582,0.0014894,0.0020566,0.0019505,0.0022106,0.0027741,0.0014769,0.00025224,0.000584,0.00084063,0.00099705,0.00078121,0.00075759,0.00085058,0.0012059,0.0013052,0.0017803,0.00080973,0.00090963,0.0020794,0.0023099,0.0014937,0.0020664,0.0023354,0.001958,0.004851,8.3941e-05,0.0044355,0.0085143,0.0085606,0.0098943,0.0045359,0.0048038,0.004178,0.0066735,0.0056588,0.0031804,0.0033573,0.0041555,0.0062563,0.0084263,0.0099397,0.010478,0.011777,0.010188,0.0096738,0.0093024,0.0093358,0.0068066,0.0080445,0.013126,0.01818,0.02709,0.032202,0.041704,0.06169,0.078162,0.14957,0.16875,0.028365,0.03542,0.0041363,0.011149,0.01141,0.0063154,0.009389,0.011166,0.0064832,0.0024165,0.0069245,0.0085861,0.0062081,0.0063086,0.0034117,0.0018678,0.0039028,0.0030707,0.0066509,0.0089821,0.003234,0.0038667,0.0057124,0.0069078,0.0045522,0.0039733,0.0072608,0.0049641,0.0036594,0.0058789,0.0074501,0.0035587,0.0092639,0.011094,0.011664,0.0092957,0.0065281,0.0058937,0.0055505,0.005097,0.0033345,0.0028131,0.0019716,0.0040794,0.0063921,0.0067063,0.0076986,0.0071399,0.0062412,0.007907,0.0084306,0.0091668,0.009214,0.0089442,0.010468,0.012155,0.012847,0.011359,0.013108,0.019883,0.028638,0.040938,0.058924,0.11561,0.11802,0.019265,0.044955,0.017336,0.011238,0.0097881,0.0098685,0.0067306,0.0032301,0.0037405,0.0034029,0.001429,0.001447,0.0025852,0.0037652,0.0053139,0.005479,0.0057672,0.0073578,0.0085246,0.00605,0.00092298,0.0038726,0.0051822,0.006653,0.0079503,0.0082076,0.0068172,0.0043523,0.0042376,0.0063463,0.00092836,0.00064617,0.00077575,0.0013929,0.0019881,0.0018862,0.0012367,0.0011087,0.00077274,0.0008959,0.0016049,0.0018073,0.00084187,0.0004464,0.00048446,0.0010264,0.0012795,0.00032849,0.0014546,0.0020861,0.0022381,0.0016634,0.0015955,0.0012156,0.0016504,0.0023911,0.002392,0.0019843,0.0026496,0.0036189,0.0041141,0.0054522,0.0097164,0.01675,0.0072359,0.02195,0.022961,0.0035173,0.0087856,0.0058517,0.00050161,0.00052276,0.0018366,0.0026956,0.0023197,0.00076572,0.00043243,0.00077383,0.00053589,0.00063829,0.0008516,0.00054083,0.00015976,0.00089323,0.00073463,0.0009767,0.0010747,0.00096871,0.0012231,0.00056601,0.00098352,0.0024843,0.0020396,0.0010151,0.0018938,0.0076603,0.0061851,0.0043797,0.0043438,0.0047801,0.0016311,0.0014507,0.0030555,0.0039563,0.0033597,0.002224,0.0012612,0.0043944,0.0052103,0.0063944,0.0069541,0.0090442,0.0081103,0.009163,0.0095096,0.0084545,0.0074411,0.0045197,0.0055769,0.0066096,0.0085198,0.016376,0.022698,0.028903,0.038172,0.050321,0.049026,0.039109,0.0072512,0.032831,0.016432,0.0083712,0.0091164,0.0084476,0.010787,0.0040332,0.0013258,0.0021319,0.0058664,0.0064422,0.005378,0.0043978,0.0029959,0.0033139,0.0029615,0.005806,0.0037707,0.0044163,0.0055816,0.0038168,0.0046702,0.0058239,0.0038047,0.004044,0.0024927,0.0036305,0.0022739,0.0022411,0.0035694,0.0032162,0.0045314,0.0034735,0.002317,0.0031446,0.0031382,0.002921,0.002956,0.0025481,0.0012781,0.0010643,0.0013607,0.00061845,0.0024967,0.0032955,0.0017484,0.0012627,0.00070053,0.00038942,0.0010013,0.001069,0.001321,0.0022581,0.0025253,0.0016334,0.0022877,0.0046119,0.006202,0.007431,0.0055926,0.01631,0.038673,0.038692,0.02175,0.048323,0.085144,0.041148,0.018411,0.0041301,0.0036781,0.00747,0.01347,0.011284,0.0080948,0.0085423,0.0084073,0.0056507,0.0027034,0.001652,0.0020985,0.0015201,0.00018783,0.0010551,0.0028976,0.004633,0.0055596,0.0057435,0.0033127,0.0030064,0.0034406,0.0022621,0.0022408,0.0033918,0.0042388,0.0032302,0.0030309
0.0027973,0.0024128,0.00047856,0.00046375,0.0028152,0.0032939,0.0038826,0.0034258,0.0012661,0.0012894,0.0013829,0.0015372,0.0017844,0.00022775,0.0032021,0.0021951,0.00062937,0.0017493,0.003745,0.0035427,0.0015057,0.0024126,0.0019819,0.0015164,0.00097635,0.0026094,0.0013671,0.0018822,0.0020087,0.0019321,0.0023607,0.0034886,0.0071582,0.010826,0.01084,0.0084131,0.002072,0.0075813,0.0068648,0.0026098,0.0015599,0.00098982,0.00076889,0.0010005,0.00099902,0.0015532,0.0032253,0.0030454,0.0019326,0.0011749,0.0022928,0.00088948,0.0018393,0.0024561,0.0037486,0.0032469,0.0020826,0.0026917,0.0030673,0.002262,0.0033633,0.0015371,0.0011565,0.0011787,0.0015396,0.0030581,0.0046282,0.0045445,0.0031228,0.0018127,0.0014507,0.0015927,0.0024461,0.0028457,0.0033834,0.0018004,0.00086066,0.0019703,0.0052268,0.0053502,0.0046881,0.0050696,0.0036776,0.0029225,0.0024699,0.0014689,0.0034758,0.003901,0.0038307,0.002193,0.00093465,0.0022843,0.0013384,0.0053848,0.0089494,0.0042719,0.0051189,0.0056299,0.005006,0.021276,0.032171,0.026909,0.028787,0.03556,0.024684,0.010327,0.0070056,0.0044141,0.0009347,0.0012457,0.0032473,0.0048838,0.0057684,0.0055231,0.0027251,0.0025406,0.0022368,0.002143,0.0018778,0.0011517,0.0027268,0.0022175,0.005018,0.0034047,0.0010167,0.00064357,0.00042572,0.0025772,0.0051062,0.0039017,0.0013001,0.00038037,0.0013598,0.0014991,0.0018457,0.001736,0.0010122,0.0019418,0.0026279,0.0026511,0.002605,0.0019857,0.0021835,0.0022562,0.002646,0.0023691,0.00058593,0.0013167,0.0017474,0.0018033,0.00118,0.00031961,0.00077639,0.00073529,0.00071501,0.0014337,0.0011891,0.0017547,0.0029327,0.0060995,0.0041348,0.0027679,0.0067702,0.012309,0.0087965,0.010803,0.013768,0.017667,0.014694,0.00563,0.0024988,0.00036726,0.0015225,0.00012565,0.0018003,0.0017605,0.00056314,0.00040786,0.00061279,0.00060246,0.00025928,0.0008937,0.00050065,0.00041096,0.00034997,0.00062806,0.00034557,0.0010577,0.0020104,0.0022697,0.0023534,0.0011857,0.0027787,0.0050042,0.005053,0.00063962,0.00096598,0.0014519,0.00099074,0.0015365,0.00021176,0.0011724,0.00054548,0.00078948,0.00048281,0.00029282,0.0010589,0.0012154,0.00098878,0.00095045,0.00056401,0.0015749,0.0012196,0.00089355,0.0012059,0.00054652,0.0015013,0.001293,0.001922,0.0017644,0.0020617,0.0014724,0.0025642,0.0038929,0.0088445,0.0053466,0.0039209,0.00093965,0.0043804,0.02744,0.050397,0.027745,0.0021752,0.0097775,0.0095327,0.0042244,0.0036055,0.0033313,0.003492,0.00271,0.0019113,0.0017771,0.0020395,0.002208,0.0017937,0.0015702,0.0013921,0.0015281,0.0016776,0.00080177,0.00092122,0.0006227,0.00083831,0.00093251,0.0014178,0.0013145,0.00096662,0.002085,0.0016267,0.0005378,0.0014884,0.0025086,0.0013037,0.001566,0.0034992,0.0028915,0.0021169,0.0027037,0.0015935,0.00081896,0.0013212,0.00066631,0.0016585,0.0024709,0.0014317,0.0027489,0.0071446,0.0016937,0.0042505,0.005805,0.0057708,0.0039477,0.0031694,0.0021788,0.0022006,0.0081152,0.0071014,0.013102,0.022156,0.064107,0.038062,0.0072413,0.032559,0.043531,0.025541,0.010723,0.0036554,0.0032472,0.0064949,0.0042878,0.0022408,0.002079,0.0017617,0.0022137,0.0032017,0.0022554,0.0017371,0.0012876,0.0037921,0.0026012,0.0014887,0.0016316,0.0015249,0.0014222,0.00069612,0.0005908,0.00018166,0.00167,0.0023826,0.0019122,0.0028241,0.0025822,0.00163,0.00080002,0.0023885,0.0019776,0.0018829,0.0014995,0.0014096,0.00088008,0.0005329,0.0010962,0.00067678,0.00024132,0.00053458,0.00018754,0.0016148,0.00071508,0.0011408,0.00053182,0.0011294,0.0012252,0.0013884,0.00034476,0.0015185,0.0012973,8.209e-05,0.000164,0.0010151,0.0011569,0.0021997,0.002685,0.005697,0.0034668,0.017375,0.013009,0.0096202,0.0074411,0.0080551,0.0096134,0.0057653,0.002272,0.0035546,0.0058415,0.0034532,0.0016169,0.0017012,0.0017333,0.00092395,0.00096608,0.00097952,0.00086509,0.00061815,0.0012378,0.0010095,0.00093783,0.001458,0.00089834,0.0016684,0.0017784,0.0012154,0.0019871,0.0021252,0.0013326,0.0017016,0.00099316,0.0040394,0.0020564,0.00073235,0.0017981,0.00021755,0.00057268,0.00074679,0.0010776,0.00096922,0.00039363,0.0015778,0.001822,0.0014876,0.0021178,0.0015933,0.00017335,0.0011932,0.0017989,0.0017333,0.0005105,0.0012019,0.0012538,0.00028843,0.00066378,0.00030315,0.0010131,0.0012515,0.0012683,0.00058332,0.002692,0.0019218,0.0034866,0.0056595,0.010049,0.0095275,0.0075836,0.014533,0.022318,0.030005,0.019798,0.0087129,0.011796,0.0061098,0.00020808,0.0040539,0.0023699,0.0019978,0.0018565,0.00090535,0.0018967,0.0029433,0.0026064,0.0016771,0.001269,0.0020786,0.001894,0.0010117,0.0021312,0.0028033,0.0011696,0.0005791,0.00051621,0.0021293,0.0019328,0.0010681,0.0018468,0.0014388,0.0021288,0.0032344,0.0022029,0.0030078,0.0028531,0.0020819,0.0042257,0.0065926,0.0026561,0.0029122,0.00096757,0.001394,0.0040235,0.0019658,0.0024329,0.0019204,0.0029004,0.0028507,0.0039483,0.0032272,0.0050391,0.0073926,0.0057067,0.0039604,0.0027649,0.0029867,0.0060822,0.0075262,0.0080405,0.00038814,0.0025727,0.0076968,0.019634,0.0040676,0.010462,0.064601,0.10867,0.12095,0.081473,0.03286,0.012915,0.011878,0.0085786,0.0065526,0.0071851,0.0054452,0.0067112,0.0046469,0.011392,0.0098303,0.0037609,0.0057221,0.0079474,0.0017192,0.0079145,0.0055712,0.0043704,0.0060851,0.0076758,0.012262,0.013468,0.010756,0.0062091,0.003708,0.0025526,0.00285,0.0014,0.0082913,0.0090961,0.0069952,0.0036463,0.0021064,0.00061316,0.0018099,0.0025957,0.00090168,0.0011748,0.0024045,0.0025872,0.0025624,0.0013832,0.0031092,0.003206,0.0043296,0.0028953,0.0043667,0.0024577,0.0040674,0.0032197,0.0046472,0.0045737,0.0064029,0.0045208,0.0073661,0.0054458,0.0054926,0.0095702,0.017546,0.020377,0.014872,0.068304,0.087533,0.099724,0.071091,0.044173,0.031278,0.012342,0.011503,0.0081555,0.011995,0.0089544,0.0092398,0.0066584,0.0063454,0.0050952,0.0048572,0.0048175,0.0050455,0.0024325,0.0041744,0.0039567,0.0031183,0.0033384,0.0034892,0.0017849,0.0025195,0.001671,0.0045208,0.0047078,0.0073233,0.0074198,0.0038032,0.00066023,0.0018087,0.0023256,0.00069592,0.0012441,0.00081963,0.00095775,0.00058438,0.00045759,0.00072396,0.00081619,0.00057073,0.00090067,0.00094849,0.00082696,0.00040044,0.0010724,0.00017971,0.00076045,0.00064101,0.001154,0.0014279,0.0019829,0.00039481,0.00053103,0.00095435,0.00085847,0.00098288,0.0027652,0.0023791,0.0018754,0.0032032,0.0028114,0.010335,0.016523,0.024842,0.019302,0.0060378,0.015339,0.0068603,0.0029499,0.0010921,0.00052861,0.00041525,0.0010659,0.0013234,0.00078044,0.00056267,0.00078674,0.0009405,0.00098089,0.0010274,0.0014707,0.0014764,0.0014968,0.0010508,0.0008139,0.0014123,0.0012911,0.0011086,0.0019423,0.00083597,0.0014303,0.00029432,0.0010739,0.0011312,0.0008763,8.4256e-05,0.0023979,0.0024374,0.00030953,0.00046793,0.0010685,0.0020528,0.0016517,0.0018758,0.00061876,0.0047472,0.0040179,0.00068666,0.0019653,0.0033339,0.0012526,0.00064717,0.0038162,0.0016226,0.0013382,0.0018872,0.00041262,0.0040046,0.0058056,0.0013979,0.0091639,0.010171,0.013448,0.0097968,0.017973,0.030488,0.047628,0.038485,0.010145,0.0023194,0.0031724,0.002145,0.0037683,0.0019108,0.0048891,0.0044189,0.0070073,0.0025867,0.003119,0.0024481,0.0036377,0.0027916,0.0050148,0.0053361,0.00218,0.0022155,0.0050502,0.003395,0.0033833,0.0068062,0.0048856,0.0035353,0.0026457,0.0011458,0.0042376,0.004631,0.0048079,0.0063399,0.0020365,0.0047202,0.0016494,0.0030186,0.00094715,0.0012828,0.0020726,0.001663,0.0013076,0.001018,0.000488,0.0029389,0.0017745,0.0018628,0.0030862,0.0007383,0.00068358,0.0014554,0.0021049,0.00067664,0.0011623,0.001555,0.0031622,0.0021807,0.0027461,0.0014118,0.0030835,0.0013817,0.0034106,0.018006,0.021653,0.037079,0.037877,0.060107,0.085859,0.065428,0.042137,0.016061,0.011074,0.0095462,0.006401,0.0039627,0.0011673,0.0055111,0.00077189,0.00263,0.0030792,0.0033401,0.0018126,0.0014195,0.0012362,0.00087299,0.0021475,0.0037314,0.0017047,0.0016471,0.0014973,0.00079465,0.0010476,0.0010488,0.0015889,0.0022603,0.0031366,0.0014055,0.001709
0.0040159,0.0050704,0.0049665,0.0043375,0.0033313,0.0021358,0.00082274,0.000473,0.0015034,0.0015451,0.0011215,0.00099657,0.00078879,0.0010076,0.0025064,0.0016598,0.00099119,0.00044244,0.0020321,0.0026328,0.00075546,0.0038051,0.0034583,0.0014808,0.0036406,0.0033022,0.0038536,0.0057008,0.0083002,0.011753,0.017264,0.008713,0.0061315,0.0073524,0.0022633,0.003266,0.0030855,0.0054106,0.0049283,0.0054981,0.0046241,0.0019219,0.00026955,0.00066491,0.0016709,0.0013389,0.00057601,0.00017155,0.000222,0.00058555,0.0014939,0.001462,0.001009,0.0010757,0.0014264,0.0018332,0.0027731,0.0024328,0.0016152,0.0013218,0.00087959,0.0019003,0.00071154,0.001304,0.00070461,0.00057054,0.0024758,0.0042141,0.004403,0.0031049,0.0021955,0.0031214,0.0043033,0.0035573,0.0012847,0.0016198,0.0015723,0.00079254,0.0012794,0.0017532,0.0026891,0.0017985,0.0046379,0.0081812,0.0078151,0.0038175,0.013305,0.012079,0.0035944,0.0061581,0.011423,0.020817,0.001247,0.010824,0.010939,0.017105,0.006572,0.024927,0.034465,0.014808,0.0067205,0.015733,0.023932,0.018824,0.011472,0.0062047,0.002794,0.0020458,0.0024666,0.0027664,0.0022494,0.0024789,0.0038954,0.003057,0.0034525,0.0046462,0.003203,0.00080533,0.00019896,0.0018924,0.0035541,0.0028326,0.0020332,0.002164,0.0018964,0.0023286,0.0025039,0.0019616,0.00064129,0.0014687,0.00067062,0.0018386,0.001982,0.001036,0.00032164,0.00047457,0.00083022,0.00082714,0.0010488,0.0012938,0.0017705,0.0021428,0.0030114,0.0015711,0.001211,0.0016324,0.0012207,0.00060325,0.0021281,0.0014315,0.0012238,0.0027857,0.003369,0.0018442,0.0014981,0.0096615,0.013709,0.0048899,0.0018782,0.0042877,0.011766,0.012686,0.01268,0.017621,0.0096401,0.0079219,0.010041,0.01265,0.011539,0.0057902,0.00072992,0.0013902,0.0017157,0.00054065,0.00074594,0.00072204,0.000464,0.0009334,0.00099737,0.0011347,0.001183,0.0003056,0.00090817,0.0011739,0.00083405,0.0014568,0.0022204,0.0028316,0.00069627,0.00091706,0.0012026,0.002139,0.0014537,0.0029481,0.005809,0.00019257,0.0011081,0.0011269,0.00061918,0.0012592,0.0012926,0.0013409,0.00077578,0.0012752,0.0017803,0.0015734,0.0012877,0.00079075,0.00013783,0.00040126,0.00016903,0.0004718,0.00086546,0.001222,0.001684,0.0015559,9.5729e-05,0.0019071,0.0031811,0.0033023,0.0099395,0.0078657,0.0059607,0.0077636,0.008946,0.0095149,0.0021965,0.029736,0.03939,0.023825,0.0073366,0.0065529,0.0080567,0.0074978,0.0049482,0.0019894,0.0011233,0.00077425,0.00053271,0.00037334,0.0010301,0.00089914,0.00079296,0.0010553,0.0011743,0.0014668,0.00044615,0.00041769,0.00055373,0.0010715,0.0011269,0.0011724,0.00032803,0.00038922,0.00048855,0.00086881,0.00035902,0.00038458,0.00082977,0.0015463,0.0020567,0.0028072,0.0023839,0.001341,0.0020227,0.00071701,0.0017391,0.0013182,0.00036131,0.0017044,0.0016008,0.00056482,0.00072642,0.0020937,0.003771,0.0065811,0.014745,0.019109,0.01255,0.0094832,0.010129,0.005631,0.013274,0.017187,0.0089224,0.039768,0.06258,0.030708,0.0067278,0.021108,0.042479,0.050936,0.028017,0.0041566,0.0077783,0.0041251,0.004865,0.0052225,0.0048729,0.001758,0.0012345,0.0024409,0.0015802,0.0013675,0.00065491,0.0026925,0.0025396,0.00073111,0.0014082,0.0013276,0.0010344,0.0011504,0.00079454,0.00024088,0.0008009,0.0010257,0.0014061,0.0027459,0.0030662,0.0011241,0.0014077,0.0023942,0.0017497,0.00058603,0.00030105,0.0013551,0.0013307,0.0014439,0.00060722,0.00028063,0.00032391,0.00052267,0.00069818,0.00074521,0.0016584,0.0016307,0.00015216,0.00075802,0.00089646,0.00075015,0.00051447,0.0011032,0.0016728,0.0011695,0.0023362,0.0019212,0.0019143,0.0052322,0.0048767,0.0067965,0.0091403,0.0092273,0.012385,0.010895,0.016547,0.023058,0.022009,0.0084837,0.0034918,0.0041965,0.002135,0.0032266,0.003028,0.0026056,0.0026536,0.00208,0.0019844,0.0024744,0.0022634,0.0020556,0.0010071,0.00071867,0.0013941,0.0014652,0.0019159,0.0018363,0.00084338,0.00058612,0.00045183,0.00071399,0.0019131,0.0030292,0.0026753,0.002745,0.0025557,0.0015583,0.001498,0.0010649,0.0016323,0.0030349,0.0013773,0.0013011,0.00066505,5.5721e-05,0.0012525,0.0014561,0.0010729,0.0008205,0.0011331,0.0020298,0.0014791,0.00091842,0.0015816,0.00092104,0.001404,0.0022779,0.0027349,0.003443,0.0032173,0.0030048,0.0038181,0.0029253,0.0010995,0.0034457,0.0016568,0.012719,0.0098239,0.0048118,0.0059198,0.015,0.02131,0.003029,0.033332,0.02995,0.0082825,0.0054741,0.0073266,0.0028862,0.0027849,0.001709,0.0023739,0.0017666,0.0011186,0.0019636,0.0011019,0.001532,0.0015543,0.00094953,0.00079624,0.00098766,0.00077483,0.0010689,0.00022249,0.0013417,0.0013331,0.0010902,0.00087578,0.00035429,0.0011092,0.00022019,0.0013306,0.0018466,0.0009044,8.0717e-05,0.00067384,0.003352,0.0042382,0.00055883,0.0048008,0.0035524,0.0037116,0.0069419,0.003994,0.0004131,0.0037508,0.0034091,0.0051054,0.0057815,0.0054965,0.0034693,0.0066631,0.011981,0.015486,0.011128,0.013119,0.020121,0.025984,0.030298,0.026845,0.019135,0.017298,0.018566,0.002478,0.018262,0.046739,0.05566,0.065488,0.21159,0.16854,0.023297,0.0092237,0.0059479,0.01763,0.014569,0.0032659,0.0056022,0.0087246,0.0089554,0.00088165,0.0084869,0.008411,0.0055553,0.0004061,0.0038182,0.0017756,0.0033476,0.0073846,0.0079892,0.0012447,0.0030723,0.0034494,0.0039513,0.0024189,0.0021647,0.0035439,0.0014178,0.0025602,0.0048692,0.0036056,0.003527,0.0029664,0.0028469,0.0090891,0.015371,0.0098808,0.00069335,0.0050055,0.0039536,6.438e-05,0.00090551,0.00040176,0.0031546,0.0064525,0.0072805,0.005226,0.0036025,0.0030346,0.00074614,0.0019315,0.0027917,0.0026063,0.0031228,0.0045734,0.00438,0.0013489,0.011639,0.011645,0.0034678,0.0072077,0.017201,0.031405,0.072615,0.12793,0.10339,0.027148,0.016713,0.017421,0.0065274,0.0038537,0.0026307,0.0062297,0.0031492,0.0037781,0.0045894,0.0016563,0.0024722,0.0022548,0.0014724,0.0016449,0.00369,0.0058782,0.0074463,0.0046183,0.0020201,0.0020969,0.0047495,0.0033774,0.0046509,0.0044714,0.0024513,0.0051864,0.0068211,0.0039992,0.0034634,0.0011477,0.0013651,0.0016781,0.0013604,0.0013792,0.0017439,0.0011192,0.00040824,0.00053177,0.0010489,0.0014117,0.0020387,0.0021274,0.0012291,0.00089247,0.00078807,0.00088551,0.00062607,0.00084857,0.00091824,0.0013367,0.0011171,0.0014994,0.0034339,0.0029451,0.0038107,0.0079875,0.0029284,0.0059506,0.0086207,0.0090116,0.0038076,0.014966,0.024376,0.014021,0.0054764,0.0064211,0.0049453,0.0079192,0.0077195,0.005252,0.0050083,0.0037863,0.0026569,0.0022132,0.0029142,0.0029575,0.0017343,0.0019272,0.0026445,0.0023145,0.0017223,0.0013162,0.0008689,0.0012396,0.0020039,0.0018167,0.0012086,0.00093942,0.0011076,0.0010587,0.00097303,0.0011548,0.00084397,0.00098104,0.00059624,0.0038137,0.0036941,0.0039048,0.0032406,0.0040281,0.0034104,0.0040848,0.0051007,0.0048011,0.0035827,0.0018701,0.00070126,0.00038715,0.0025983,0.0054423,0.0057932,0.0058655,0.013699,0.016261,0.0073289,0.0075047,0.0096842,0.0035049,0.014346,0.0032618,0.040138,0.047432,0.010488,0.041141,0.089403,0.11591,0.068669,0.022332,0.045778,0.030123,0.018708,0.013021,0.0089679,0.010005,0.0082928,0.0032713,0.0037039,0.0060165,0.006144,0.0058127,0.0052763,0.0060359,0.0066335,0.0053399,0.0042472,0.0041297,0.0049027,0.0062274,0.0035223,0.0015434,0.0045067,0.0061687,0.0061068,0.0053424,0.005477,0.010676,0.01056,0.0044183,0.0026648,0.001468,0.0012712,0.0010665,0.00044282,0.0020111,0.0022466,0.00016451,0.0014771,0.0022938,0.0018714,0.0020236,0.0023145,0.0039512,0.0035401,0.0011902,0.0013872,0.0016159,0.0033367,0.0059796,0.0050779,0.0015099,0.0041867,0.0028801,0.0026016,0.0062392,0.018436,0.02428,0.0083017,0.02346,0.019595,0.023599,0.027611,0.0021364,0.051211,0.054056,0.032534,0.015196,0.0067701,0.0097953,0.014255,0.014638,0.0082392,0.0012263,0.00060041,0.0016599,0.0028854,0.0061189,0.0057768,0.0052428,0.005909,0.0046991,0.00098145,0.0024331,0.0028956,0.0032938,0.0029799,0.0032922,0.0019452,0.0033577,0.0029512,0.0032494,0.0046223,0.0023496,0.0010219,0.0024415,0.0021716
0.001874,0.0027564,0.0024513,0.0023646,0.0033616,0.0014011,0.0017283,0.0018185,0.0016921,0.0017131,0.002262,0.0020504,0.00079388,0.0020575,0.0021333,0.0019385,0.00035218,0.0018235,0.00082676,0.0019056,0.0022498,0.0018448,0.001756,0.0017788,0.00097676,0.0010179,0.002809,0.0034684,0.0022337,0.0012475,0.003299,0.0038653,0.006434,0.010771,0.003412,0.0036668,0.0070273,0.0080965,0.0056817,0.0051293,0.0038043,0.0017829,0.0026964,0.003835,0.0051442,0.0034699,0.0030387,0.0042081,0.0046217,0.0022909,0.003415,0.0017522,0.00083452,0.0015227,0.0035693,0.0015421,0.00065035,0.0012811,0.00076797,0.0028186,0.0037628,0.0024714,0.00057394,0.0016844,0.0015957,0.0017077,0.0027029,0.0033586,0.0046112,0.0033845,0.0050426,0.006648,0.0043691,0.0023891,0.0019772,0.0037497,0.0043976,0.0046942,0.0049824,0.0045927,0.002709,0.0024528,0.0030648,0.0032122,0.0042044,0.002069,0.0024401,0.0022043,0.00085706,0.0028174,0.0023291,0.0074766,0.01226,0.004203,0.0030979,0.0042625,0.0076717,0.0068086,0.016862,0.03913,0.029199,0.013943,0.013172,0.034911,0.028807,0.020311,0.0055412,0.0020032,0.002959,0.0040403,0.0025968,0.0015098,0.0014017,0.0020784,0.0020493,0.0018329,0.0019556,0.001265,0.00045834,0.0015899,0.0027941,0.0037544,0.0040618,0.0031909,0.0030507,0.0020867,0.00022209,0.00074695,0.0012832,0.0027651,0.0018433,0.0014729,0.0013187,0.0020183,0.002154,0.0013161,0.0011156,0.0025248,0.0024778,0.0010943,0.0018861,0.001264,0.0011956,0.0012036,0.0013378,0.0016684,0.0010291,0.0018769,0.0015536,0.00061982,0.00057401,0.0011101,0.0012932,0.0012671,0.0012957,0.0016653,0.0076027,0.010306,0.0034955,0.0024331,0.0029984,0.0010797,0.0033849,0.00647,0.0064937,0.012429,0.0094902,0.011504,0.017943,0.0085106,0.005323,0.001948,0.00062956,0.0010867,0.00058059,0.00010886,0.0002973,0.0012497,0.0018393,0.0016148,0.0017227,0.00087143,0.00040089,0.00031131,0.00078998,0.0014447,0.0016641,0.00036244,0.00056743,0.0014356,0.00082316,0.0033962,0.0045916,0.0041092,0.0039815,0.0011885,0.00063682,0.00052696,0.00063184,0.00080931,0.00044331,0.00039489,0.00028874,0.00074777,0.00054379,0.00026061,0.00019387,0.00028513,0.00028508,0.00039204,0.00078058,0.00065208,0.00043862,0.0014065,0.0015742,0.00023551,0.00055482,0.0004213,0.00078003,0.00092749,0.00043333,0.0038526,0.0086033,0.0044984,0.00062317,0.0034222,0.0048468,0.0067871,0.011259,0.038161,0.048068,0.013895,0.01139,0.013998,0.0063753,0.002711,0.0022135,0.0016094,0.00090457,0.001028,0.00012121,0.00077817,0.00089476,0.00029574,0.00030753,0.00053849,0.0010275,0.000331,0.00015217,0.00043608,0.00056066,0.0010375,0.0009728,0.00033637,0.00012226,0.00088804,0.0010964,0.0025816,0.0019597,0.00074804,0.0016728,0.0013155,0.00045233,0.000249,0.0010152,0.00074189,0.00090577,0.0021501,0.001824,0.0013498,0.00082839,0.00032439,0.00070655,0.0019284,0.0019621,0.0009672,0.0019816,0.0032747,0.00088521,0.0029885,0.0010515,0.00049556,0.00059689,0.0026941,0.0063419,0.0078469,0.025138,0.063603,0.044667,0.0025825,0.010272,0.0073551,0.0053242,0.030685,0.039264,0.0083028,0.0093225,0.0053458,0.0037228,0.002424,0.0011433,0.00094019,0.0012568,0.0019631,0.0018416,0.0017401,0.0001575,0.0007353,0.0007804,0.0014809,0.00066578,0.00088907,0.0007064,0.0004327,0.00078826,0.0021896,0.0019158,0.0017116,0.0017568,0.0013204,0.00087131,0.0023637,0.00092193,0.00052939,0.0014361,0.0017653,0.00083336,0.0010943,0.0017282,0.0019113,0.0016956,0.0014782,0.00072183,0.00023744,0.00019126,0.00036887,0.00043625,0.00068135,0.00072506,0.00052055,0.00039001,0.0010598,0.00051477,0.0020906,0.0021322,0.00048476,0.0003587,0.0013442,0.0014777,0.0012488,0.0026878,0.0066398,0.0141,0.0058149,0.0024534,0.0028318,0.0021375,0.0032478,0.0069637,0.0027895,0.0065652,0.0045898,0.0019043,0.00091885,0.0014586,0.0020756,0.0014125,0.00084528,0.001164,0.0015847,0.0013084,0.00056926,0.00076283,0.00079343,0.0019753,0.0023487,0.0016914,0.0015373,0.0015595,0.0010206,0.00082002,0.0011263,0.00093251,0.0010473,0.0022328,0.001749,0.0010939,0.00064025,0.001299,0.003565,0.001117,0.001363,0.00060815,0.00040517,0.00073634,0.00050338,0.0004254,0.00027783,0.00040545,0.0012267,0.00027621,0.0010238,0.001156,0.0021531,0.0013239,0.0012922,0.00035849,0.00049702,0.00044869,6.8025e-05,0.00032857,0.0011694,0.00093821,0.0011648,0.0010518,0.0038035,0.0077858,0.009816,0.0031216,0.0032218,0.005768,0.006127,0.010582,0.026978,0.031577,0.0221,0.00085942,0.0082516,0.003435,0.0012152,0.0026596,0.0039343,0.0024698,0.0015215,0.00085225,0.00077283,0.0010258,0.0011038,0.00092697,0.00036274,0.00089002,0.00098727,0.00092748,0.0012205,0.00060457,0.0016599,0.00029179,0.00098829,0.001377,0.0010386,0.00069128,0.00045391,0.0016076,0.0021787,0.0032697,0.0069763,0.0099678,0.0051819,0.0063019,0.0092733,0.0058297,0.0085161,0.010899,0.0079287,0.0099601,0.0091668,0.0051719,0.0059062,0.0068691,0.0069795,0.0085624,0.0074873,0.00652,0.0033947,0.00034853,0.0067429,0.0061945,0.002746,0.0058124,0.0055203,0.0013856,0.009036,0.0090476,0.0070638,0.0018957,0.025013,0.017471,0.036131,0.098433,0.16735,0.1207,0.023266,0.011578,0.010949,0.012543,0.013992,0.0079078,0.0034018,0.0059244,0.0041491,0.005972,0.0019933,0.0037944,0.0063813,0.0037725,0.0031072,0.00096578,0.005538,0.0060749,0.0042775,0.0035726,0.0067374,0.0048508,0.0034601,0.0012809,0.0053573,0.00029664,0.0023743,0.00063181,0.006587,0.0051581,0.0071437,0.0031021,0.0010617,0.0011004,0.0020682,0.0030148,0.0022703,0.0023962,0.00063637,0.0014044,0.0015138,0.00078802,0.00013988,0.001923,0.0014585,0.0011212,0.0032881,0.0016492,0.0026454,0.0031491,0.0049388,0.0030747,0.0069269,0.0029588,0.0040553,0.0049352,0.0039426,0.0030447,0.0078224,0.017546,0.0086946,0.020673,0.057786,0.13543,0.11573,0.019805,0.024644,0.0024052,0.0048197,0.0074121,0.0066917,0.0053183,0.0064471,0.0037822,0.0027138,0.0020674,0.0027903,0.0036258,0.0018948,0.0023174,0.00019626,0.0040537,0.0049622,0.002153,0.001219,0.0021258,0.0022017,0.0014437,0.00084141,0.0034403,0.0010982,0.0026978,0.0012698,0.0040143,0.00098538,0.0003315,0.00035152,0.00074718,0.00099433,0.00053193,0.0003149,0.00085288,0.00041779,0.00049119,0.00025938,0.00054671,0.001011,0.0006986,0.0006599,0.00057163,0.00045375,0.0013304,0.0011894,0.0013383,0.00088085,0.00069334,0.001234,0.001135,0.00012958,0.0010583,0.0033556,0.0046138,0.0021971,0.0023707,0.0016961,0.0041549,0.0088016,0.0080046,0.010647,0.020172,0.013853,0.0066625,0.018977,0.0096434,0.0030567,0.0026123,0.0015655,0.00059061,0.0011706,0.0012666,0.00022965,0.00048115,0.0004554,0.00049763,0.00081995,0.00035116,0.00045327,0.00063943,0.0002021,0.0010287,6.5613e-05,0.00050462,0.00028271,0.00059895,0.0013679,0.002295,0.0041786,0.003177,0.0018613,0.00036899,0.0010303,0.00076202,0.0040394,0.0038442,0.00051761,0.0019455,0.00037209,0.0022891,0.0023755,0.003962,0.0022639,0.0019514,0.0036004,0.0021994,0.0013149,0.00054666,0.00096554,0.00085537,0.0033815,0.0020042,0.0021714,0.0019196,0.00092892,0.0035285,0.0037407,0.0013757,0.0036888,0.0035188,0.0049647,0.01208,0.013706,0.010441,0.031991,0.027879,0.012795,0.0024785,0.0079088,0.0061143,0.0001957,0.0019614,0.0020309,0.0031189,0.0044761,0.0025211,0.0022298,0.00065867,0.0022047,0.0033082,0.0023189,0.0018268,0.003116,0.006026,0.0053314,0.0021361,0.001483,0.0028094,0.0031694,0.0028305,0.0050064,0.0027128,0.0025246,0.002907,0.00055526,0.0026564,0.0027739,0.0013374,0.0033403,0.0045269,0.0024598,0.0005131,0.0014346,0.0012125,0.0022909,0.0024903,0.0012568,0.0011657,0.0014328,0.0021434,0.0012959,0.0020487,0.0015489,0.0013795,0.0032113,0.0027685,0.0038883,0.0026966,0.0032195,0.0044195,0.0056906,0.00051939,0.016928,0.02755,0.011488,0.0070762,0.0094937,0.019522,0.017151,0.060391,0.10743,0.085252,0.028733,0.022386,0.0043227,0.0048596,0.0067815,0.017782,0.012004,0.0061748,0.0068386,0.004524,0.0021384,0.0014978,0.00032177,0.0031238,0.0033139,0.00091696,0.0017399,0.002494,0.00085628,0.0021473,0.00078089,0.0012718,0.0021192,0.0030021,0.0023799,0.0043956,0.0036329,0.0013576,0.002681
0.0012909,0.0026205,0.0018478,0.002218,0.00025694,0.0012126,0.001103,0.0011836,0.0018211,0.00080539,0.0022082,0.0045636,0.0045416,0.0010591,0.0026526,0.0034251,0.0018069,0.00042045,0.0031077,0.0019608,0.0010019,0.0010853,0.00096924,0.0022609,0.0012253,0.00063764,0.00078752,0.0024114,0.0032774,0.0024594,0.0024461,0.0017182,0.0024196,0.0068416,0.0068475,0.0068372,0.004621,0.003085,0.0016489,0.0014272,0.00056763,0.001305,0.0011378,0.0020147,0.0016844,0.00027261,0.0017994,0.0037142,0.0031785,0.0016164,0.00075235,0.002297,0.0015309,0.00019778,0.00053229,0.0012223,0.00053088,0.001004,0.0017952,0.00063215,0.0022484,0.0013172,0.0011078,0.00096648,0.001572,0.0023404,0.0026434,0.0024447,0.0011016,0.00075085,0.0019749,0.0028723,0.0033759,0.0023926,0.0043589,0.0024686,0.00316,0.0016917,0.0018484,0.0051729,0.0042613,0.0038315,0.0039326,0.0010941,0.0050636,0.0052711,0.0048371,0.0048558,0.0038049,0.001759,0.003564,0.0041619,0.0039686,0.0052718,0.0017492,0.0047922,0.0020571,0.0041027,0.017685,0.017709,0.0026351,0.014929,0.013359,0.00387,0.0034665,0.0065365,0.0060804,0.0038107,0.0015373,0.0066871,0.0042713,0.0023034,0.0043328,0.0026887,0.0013257,0.00068769,0.00072109,0.0020765,0.0028297,0.0011372,0.0039659,0.0039159,0.0026023,0.0039584,0.0049605,0.0034233,0.0059428,0.0076858,0.004941,0.0041913,0.0023982,0.0019873,0.0018969,0.00076929,0.0015453,0.0011186,0.0012315,0.0011595,0.0017906,0.0022719,0.0011819,0.00071601,5.9896e-05,0.0002658,0.00051102,0.0011585,0.00063037,0.00086525,0.00058999,0.00040761,0.00091186,0.0021037,0.0016298,0.00064814,0.0008697,0.0021127,0.0037792,0.0068098,0.008291,0.0032167,0.0014613,0.0019894,0.0050876,0.011124,0.014458,0.015066,0.022273,0.017421,0.0040028,0.0020883,0.00083637,0.0013648,0.0014814,0.00025271,0.00022045,0.00049957,0.0011228,0.00073548,0.00024477,0.00077735,0.00087569,0.00045199,0.0003614,7.2708e-05,0.00014647,0.001091,0.0021562,0.0012714,0.0016645,0.0014309,0.0013538,0.0014186,0.0010696,0.0019378,0.0010682,0.00033275,0.00056652,0.00031107,0.0008179,0.00074943,0.00070749,0.00053413,0.0010252,0.00084594,0.00081482,0.00089725,0.00097837,0.00066454,0.00087294,0.00066554,0.0013607,0.00056335,0.0011411,0.0015061,0.00094146,0.00023986,0.00045953,0.0010983,0.0016609,0.0022151,0.0020364,0.0029539,0.0064945,0.0071986,0.002321,0.0042451,0.0039894,0.013178,0.038546,0.043019,0.016529,0.0088573,0.0081043,0.0077084,0.0040744,0.0028947,0.0032979,0.0029892,0.0025774,0.0019578,0.0031293,0.0018812,0.0011214,0.0012845,0.0011338,0.00064292,0.00073196,0.0012721,0.00086062,0.0014344,0.0017706,0.0012822,0.0010281,0.001032,0.00052974,0.0020327,0.0024248,0.001461,0.0029428,0.0022471,0.00099053,0.00063048,0.00050766,0.00054347,0.0013225,0.0017655,0.0016234,0.001659,0.001258,0.0017431,0.00048748,0.00064027,0.0016008,0.0018817,0.0017879,0.0011076,0.0024428,0.0036707,0.0037989,0.0015271,0.001804,0.0013121,0.0030598,0.0025712,0.0037011,0.0072676,0.005534,0.038255,0.064796,0.031999,0.0020447,0.0071337,0.00791,0.0044931,0.0091701,0.03449,0.039438,0.019583,0.0093184,0.00353,0.0016643,0.00042349,0.00068722,0.0021639,0.001722,0.0013909,0.00028383,0.00070009,0.0014434,0.0012566,0.00071615,0.0010873,0.00084024,0.00060868,0.0010268,0.002408,0.0020662,0.0011805,0.0015335,0.00028189,0.0010809,0.0013366,0.00092875,0.00040045,0.00072433,0.00062738,0.00079899,0.00033111,0.00098584,0.0010497,0.00046518,0.000689,0.00071878,0.0013866,0.0012261,0.0006749,0.00041245,4.6888e-05,0.00080744,0.00038364,0.00074306,0.00048806,0.00075321,0.00068665,0.00034072,0.00033202,0.00071369,0.0014101,0.0013176,0.0014511,0.0012903,0.0044118,0.0088241,0.012856,0.008277,0.0042468,0.0013383,0.0044983,0.010656,0.011888,0.0094361,0.0060375,0.0077443,0.0053081,0.002073,0.0014201,0.0023311,0.002082,0.0010187,0.00022159,0.00064528,0.0014668,0.0013037,0.00069865,0.0018907,0.0015697,0.0014111,0.0012713,0.0012133,0.00081349,0.00015267,0.0011747,0.0016064,0.0018542,0.001205,0.00089344,0.0012821,0.0012541,0.0026662,0.0030094,0.00067315,0.0014589,0.0015711,0.00020939,0.00066562,0.00048907,0.0006068,0.00077048,0.00071573,0.00024269,0.0011331,0.0013905,0.00087562,0.00090807,0.00083535,0.00080159,0.00038959,0.00086891,0.0012595,0.00051902,0.001336,0.00069468,0.0011928,0.00091606,0.00087585,0.00071018,0.0016088,0.0094472,0.011894,0.0012399,0.0032698,0.0038478,0.01316,0.030966,0.020359,0.017221,0.01922,0.0030064,0.0034181,0.0032684,0.0017774,0.0016075,0.00072124,0.00123,0.0013771,0.00077742,0.0022108,0.00097041,0.0016065,0.00098195,0.0004202,0.00048633,0.001256,0.00081864,0.0012062,0.0015238,0.001719,0.0016894,0.0011987,0.0035945,0.00332,0.00094908,0.0021071,0.0013817,0.00043606,0.0088194,0.0054624,0.0039254,0.0052341,0.0059475,0.0024583,0.0013245,0.0054854,0.0047918,0.0041375,0.0039695,0.0048677,0.0042267,0.0058139,0.00091647,0.00068557,0.0038749,0.00047413,0.0018916,0.0041362,0.0039923,0.0022436,0.0017026,0.006842,0.010548,0.0052431,0.0057284,0.0040309,0.019059,0.012106,0.0026983,0.0060799,0.076286,0.17079,0.13405,0.017749,0.043225,0.0080488,0.014644,0.0039625,0.0048979,0.0026617,0.0065496,0.010369,0.0057295,0.0094511,0.0062207,0.0019493,0.0054688,0.0030177,0.0051709,0.0030928,0.00061779,0.0042571,0.0032849,0.0033963,0.0043323,0.0034577,0.0058614,0.0084803,0.011196,0.0087928,0.0083092,0.0074613,0.0048249,0.013622,0.0091281,0.0038637,0.0030741,0.0010309,0.0013356,0.0006844,0.00051625,0.00055309,0.00032335,0.0015923,0.0018918,0.0010865,0.00094946,0.0016064,0.0012418,0.0010138,0.0013818,0.000751,0.0037837,0.0012596,0.0034977,0.0010842,0.0029468,0.0030889,0.002664,0.0037519,0.0034965,0.010288,0.0082374,0.0095313,0.009079,0.045802,0.12865,0.11301,0.04287,0.018324,0.016852,0.0089709,0.0072012,0.0038668,0.002607,0.0028923,0.0017275,0.0037035,0.0037803,0.0017047,0.0026308,0.0020737,0.002516,0.0020097,0.0020666,0.00078063,0.0023998,0.00083089,0.0017306,0.0012131,0.0019504,0.0047903,0.0030987,0.0031044,0.0037634,0.0043238,0.0031021,0.0031259,0.0038785,0.0020776,0.0020337,0.0023209,0.00079241,0.0024873,0.0031099,0.0012228,0.0021782,0.0024639,0.0044993,0.0049813,0.0023691,0.0023063,0.0042571,0.0037986,0.0022211,0.0036781,0.0042682,0.0036694,0.001248,0.0041958,0.0027866,0.00095985,0.0013562,0.0012371,0.00093311,0.0022439,0.0048775,0.0057441,0.0036354,0.0029985,0.0048623,0.012066,0.013262,0.0052662,0.0081691,0.0062113,0.0023313,0.0031151,0.0034959,0.0017099,0.0026884,0.0019785,0.00126,0.0035554,0.0041951,0.0024276,0.0013012,0.0021453,0.00037813,0.0019222,0.0029469,0.0027561,0.0015808,0.00075742,0.0016334,0.0017148,0.0010017,0.0015309,0.0013357,0.0016334,0.00072229,0.0012541,0.00127,0.0028222,0.0006152,0.001005,0.0023177,0.0026791,0.0009564,0.0025912,0.0024606,0.0015514,0.0026736,0.0027361,0.0034851,0.0031951,0.00084325,0.00043276,0.002708,0.003137,0.0023288,0.002636,0.0011826,0.001033,0.0021626,0.0031416,0.0038951,0.0055684,0.0047075,0.0014516,0.0022531,0.0036914,0.0034013,0.0028626,0.0046648,0.0024913,0.0020756,0.0018318,0.0030911,0.0056618,0.0071037,0.0068993,0.002858,0.0036932,0.0015311,0.0015547,0.0017761,0.0059352,0.0073691,0.0050023,0.0022583,0.0029187,0.00055057,0.0046764,0.0021907,0.0027497,0.0032369,0.00081705,0.0028571,0.0029192,0.00079377,0.0010415,0.0033783,0.0027155,0.0009757,0.0030551,0.0015578,0.004666,0.0023944,0.0018098,0.00080421,0.0031306,0.0021743,0.0010053,0.00044569,0.0010558,0.0011479,0.00052362,0.00027196,0.00064756,0.0023432,0.003316,0.0015324,0.0025005,0.0015479,0.0012242,0.0002129,0.0014456,0.0021327,0.0021698,0.001061,0.001311,0.0020429,0.0018042,0.0058924,0.013124,0.017393,0.010173,0.011931,0.0067096,0.0076239,0.019481,0.034929,0.11823,0.11278,0.049265,0.034711,0.028351,0.024555,0.023021,0.011251,0.0074503,0.0084373,0.0099225,0.0056972,0.0040552,0.0066426,0.0075365,0.0070226,0.0075391,0.0076731,0.0054111,0.0056382,0.0060735,0.0056439,0.005526,0.0079166,0.0064355,0.0017366,0.0057331,0.009447,0.0080808,0.0038092
0.0027063,0.0035943,0.004276,0.001713,0.00062298,0.0020138,0.0024754,0.0013504,0.0026891,0.0017746,0.0014171,0.00042967,0.00086609,0.0006693,0.00043747,0.0011015,0.0021535,0.003007,0.0027219,0.0012711,0.0015607,0.0029764,0.0033022,0.0026702,0.0007897,0.00019156,0.0019432,0.0018375,0.0015708,0.00081392,0.0012968,0.0023023,7.0986e-05,0.011899,0.019243,0.014425,0.0041405,0.0046232,0.0028923,0.00063645,0.0010017,0.0015792,0.0013871,0.0018236,0.00074097,0.00088991,0.00071526,0.001011,0.0023721,0.0023293,0.0011659,0.003304,0.002844,0.0014472,0.0011897,0.0018642,0.0032347,0.00051758,0.0030747,0.0020187,0.0018376,0.0019229,0.00068787,0.00055007,0.0033151,0.0011096,0.001164,0.00036471,0.0011933,0.00042983,0.0025758,0.0032699,0.003247,0.0022545,0.0025916,0.002712,0.0017268,0.0021984,0.0031394,0.00098318,0.0018453,0.0022982,0.0032351,0.004122,0.0021919,0.0033825,0.0037417,0.002465,0.0021566,0.0018441,0.0019389,0.001745,0.0038599,0.0069712,0.0058032,0.0022954,0.0020995,0.0046794,0.0078555,0.016394,0.017375,0.010529,0.0050949,0.0033565,0.0034886,0.0026764,0.00087917,0.0023445,0.0012441,0.0019738,0.0024083,0.002981,0.0026338,0.0019621,0.00095687,0.0015549,0.0016799,0.0008338,0.0020025,0.0017745,0.0018101,0.0011163,0.00060666,0.00038661,0.0020887,0.0020023,0.00067031,0.0021282,0.0014177,0.0017398,0.0045669,0.0028328,0.0020778,0.0013862,0.0012932,0.00088796,0.00043278,0.00107,0.00063836,0.00055685,0.0012494,0.00086061,0.00051033,0.00091226,0.0010215,0.00097135,0.0010694,0.0006791,0.00070672,0.0012494,0.0010848,0.00055922,0.00081753,0.00038482,0.0013433,0.0033845,0.0038777,0.0048387,0.0087862,0.0066132,0.0056031,0.005726,0.0039944,0.0087593,0.024801,0.029958,0.015889,0.0027968,0.0042333,0.0023393,0.00088305,0.00032452,0.00070457,0.001031,0.0013811,0.00057997,0.0014398,0.0011974,0.00086541,0.00016766,0.00050276,0.00020138,0.00095093,0.00042317,0.0002291,0.00075497,0.00044817,0.00014145,0.00051148,0.00054504,0.00046922,0.00038482,0.0011214,0.00094259,0.0025866,0.0011733,0.0021074,0.0020818,0.0011738,0.0011811,0.0019387,0.0024778,0.0022225,0.0017652,0.0013421,0.0010859,0.0013176,0.0013141,0.0017544,0.0016735,0.0022409,0.0032444,0.0030197,0.0028538,0.0026598,0.0026613,0.0032943,0.0038378,0.0045599,0.0046824,0.0041033,0.0046156,0.0072034,0.012255,0.00984,0.0063875,0.010391,0.023953,0.036763,0.029822,0.012242,0.015753,0.0099123,0.0089913,0.0069874,0.0049666,0.0039732,0.0032627,0.003102,0.0026206,0.0024698,0.0019255,0.0018159,0.0025495,0.0017331,0.0010252,0.0011038,0.00080679,0.0011116,0.001158,0.0012119,0.0013382,0.00097924,0.00066497,0.0011336,0.00080562,0.0016234,0.0024675,0.0017223,0.00047807,0.00063864,0.00090214,0.0015251,0.00083352,0.00025296,0.00050544,0.0015146,0.00094609,0.00088255,0.0022434,0.001982,0.00075379,0.0010127,0.0011345,0.00086793,0.0013775,0.00073861,0.0020998,0.0014508,0.0017276,0.0026491,0.0026506,0.0035769,0.0044142,0.0046168,0.0051446,0.0037569,0.023259,0.051296,0.037972,0.012037,0.024523,0.03446,0.038657,0.041269,0.025224,0.024181,0.011784,0.0053518,0.0017443,0.0016722,0.00039376,0.0022448,0.0013843,0.0026425,0.0029902,0.0013855,0.00085075,0.0009436,0.00078912,0.0022261,0.0024244,0.0008755,0.0018914,0.0017718,0.0018216,0.00045791,0.0023254,0.0022425,0.0015919,0.0013689,0.00126,0.0021758,0.0023535,0.0024368,0.00086986,0.0010888,0.00066909,0.00050878,0.0014497,9.6565e-05,0.0014577,0.00038158,0.0006008,0.0011232,0.00083619,0.00033505,0.00073613,0.00093466,0.0017306,0.0017569,0.0012921,0.0013079,0.0014135,0.0012877,0.0015655,0.0017244,0.0012336,0.0012478,0.0020815,0.0026349,0.0034132,0.010496,0.014645,0.006698,0.00090238,0.00061162,0.0026718,0.0056376,0.0078832,0.015308,0.013677,0.0031067,0.0019549,0.0010063,0.0010673,0.00064173,0.0013671,0.0014239,0.00048781,0.00087175,0.001628,0.0019082,0.0010246,0.00033249,0.00068775,0.0016538,0.0011625,0.00085592,0.0012975,0.0010333,0.00031186,0.00021632,0.00030105,0.00044525,0.00068963,0.00011578,0.00033735,0.00041144,0.00071774,0.0013839,0.0015852,0.0010242,0.0011057,0.0011081,0.0011483,0.001216,3.398e-05,0.0011071,0.00038148,0.0020232,0.0022208,0.0012929,0.00082401,0.00055024,0.001501,0.0012498,0.0016073,0.0016912,0.00077805,0.00095581,0.00080201,0.00041982,0.00094137,0.0016586,0.0019518,0.00085488,0.0067033,0.012105,0.010529,0.0048456,0.00093201,0.01264,0.02849,0.027137,0.0096863,0.0019987,0.001574,0.0026956,0.0012514,0.0011833,0.00081313,0.0013151,0.00041916,0.00010743,0.00028024,0.0010268,0.0012185,0.00122,0.0019092,0.0011093,0.00073123,0.00028957,0.00096087,0.001352,0.000666,0.00058975,0.0003632,0.00082664,0.00084747,0.00036629,0.0006298,0.00011556,0.00097338,0.00056467,0.0091661,0.0074585,0.0035256,0.0020394,0.0036314,0.0049085,0.0015856,0.0020897,0.00732,0.0070077,0.0029762,0.00085455,0.0037119,0.0052382,0.0056052,0.003963,0.0020655,0.0034692,0.0034347,0.0030454,0.0013669,0.0043087,0.0054454,0.0049312,0.0086698,0.0073241,0.0032037,0.0029461,0.012865,0.015847,0.012436,0.012674,0.054638,0.12832,0.11584,0.05545,0.023505,0.0067788,0.00035028,0.0038805,0.0047174,0.0041323,0.0031319,0.0041944,0.005013,0.0027747,0.0029607,0.0032137,0.005008,0.0016177,0.0027098,0.002472,0.0054545,0.0022313,0.0019855,0.0040504,0.00211,0.00056919,0.0040193,0.0039931,0.004541,0.0035888,0.0020931,0.0030788,0.0034367,0.010277,0.0057189,0.0042138,0.0036892,0.0013945,0.0038635,0.002406,0.0019832,0.00065224,0.0014024,0.001187,0.0021031,0.00057179,0.0007404,0.0014867,0.00099645,0.0011301,0.0017227,0.0012047,0.002315,0.00083379,0.0010902,0.0015817,0.0032454,0.00079958,0.00036529,0.0023012,0.0047379,0.0046993,0.0042901,0.013914,0.0065211,0.049044,0.11224,0.11702,0.050842,0.02351,0.0084339,0.015527,0.0049123,0.004399,0.0027638,0.0050065,0.0011902,0.0006051,0.00085018,0.0013789,0.0024363,0.0035412,0.0010094,0.00078056,0.0016144,0.0010441,0.0013212,0.0031241,0.0010492,0.0017135,0.0023,0.0030573,0.0028623,0.004132,0.00175,0.0015477,0.0043255,0.0052865,0.00056106,0.0011308,0.00069605,0.0010799,0.0014516,0.00112,0.00070344,0.0010381,0.00076005,0.00045687,0.00062124,0.00109,0.00021071,0.0011699,0.00073491,0.0011345,0.0011266,0.00070987,0.00012144,0.00061083,0.0014558,0.0015049,0.00034941,0.0011302,0.00051359,0.0011426,0.00040353,0.0010022,0.0021154,0.0040369,0.0043906,0.0020354,0.0045601,0.021373,0.03801,0.032583,0.015715,0.0047778,0.0020045,0.0017869,0.0032203,0.0022238,0.0022657,0.0027988,0.0013654,0.0017244,0.0015469,0.0015414,0.0011567,0.00078362,0.0010159,0.0011739,0.00089638,0.00034419,0.00067899,0.0012987,0.00090985,0.00026676,0.00076353,0.00071337,0.00081513,0.0013816,0.0024716,0.0028795,0.0018405,0.0014575,0.00018594,0.0012544,0.0008526,0.0019842,0.00042133,0.0012823,0.0010537,0.0015687,0.0032788,0.0013936,0.0014826,0.0024357,0.0022109,0.0013272,0.0014501,0.0021281,0.0008769,0.0011209,0.00092067,0.0022748,0.0017971,0.0020799,0.0032794,0.0022555,0.0013023,0.00068993,0.0030675,0.0046144,0.0013594,0.0078459,0.0082446,0.002975,0.013632,0.023576,0.022614,0.012534,0.00071124,0.0084979,0.0061565,0.0039866,0.0052531,0.00033466,0.00255,0.0013373,0.0020914,0.0024976,0.0011217,0.0015781,0.00016343,0.0016083,0.0024762,0.002085,0.003637,0.0026867,0.0025856,0.002896,0.0024208,0.0016602,0.0013373,0.0018668,0.0019794,0.0011786,0.00059108,0.0015131,0.0046548,0.0030955,0.0029391,0.0034077,0.0031358,0.0040182,0.003034,0.004682,0.0027283,0.0038405,0.002374,0.003613,0.0023,0.0039685,0.0041735,0.004174,0.0025392,0.0042415,0.0034153,0.0038008,0.0044696,0.0046976,0.0049933,0.00531,0.0058112,0.0018187,0.0080065,0.007354,0.0040422,0.020295,0.028618,0.0078427,0.023776,0.030274,0.08399,0.13246,0.065533,0.022733,0.024013,0.0027653,0.021156,0.014144,0.004719,0.012203,0.01334,0.0055675,0.005513,0.0069688,0.004288,0.0030005,0.0063041,0.0055021,0.0019034,0.006266,0.0049319,0.0036675,0.0014076,0.0033811,0.0026714,0.0035885,0.0038781,0.0036053,0.0021359,0.0033566,0.0050703
0.0012197,0.0011622,0.00064025,0.0010056,0.00056375,0.00074976,0.0009373,0.0010064,0.0013341,0.0014702,0.001167,0.0018902,0.0029401,0.0034578,0.0032311,0.0012902,0.00092093,0.0024008,0.0015097,0.0011255,0.0013399,0.001034,0.0015997,0.0030302,0.0019639,0.001313,0.0018815,0.0026603,0.0065256,0.0064715,0.0107,0.0052441,0.0018044,0.0015286,0.0010987,0.004588,0.0092821,0.0077837,0.015111,0.015323,0.0067596,0.0041091,0.0024378,0.0013668,0.0027905,0.001814,0.0026847,0.003721,0.0035007,0.0029869,0.0016656,8.424e-05,0.0023956,0.0018271,0.0014446,0.0023291,0.0017052,0.0033121,0.0036946,0.0027542,0.00086786,0.0004553,0.00099102,0.0010892,0.0015881,0.002922,0.0031294,0.0010446,0.0004809,0.0012413,0.0026352,0.0017533,0.0014457,0.0015752,0.0047637,0.0043662,0.0026922,0.0010027,0.0038999,0.0049096,0.0031231,0.0027913,0.0027935,0.0045418,0.0067322,0.0063486,0.0079772,0.0085536,0.0038834,0.0018523,0.0076039,0.016975,0.014967,0.012695,0.037528,0.059914,0.02611,0.0014,0.0093195,0.0081667,0.00497,0.0084883,0.00099298,0.034816,0.045299,0.018889,0.0054037,0.0066085,0.0042973,0.0028473,0.0043176,0.0055763,0.0038548,0.00058254,0.0037877,0.0036163,0.0038672,0.0016068,0.0037047,0.0036832,0.0016019,0.0017182,0.0031844,0.001279,0.0020248,0.0031421,0.0010947,0.0030171,0.003081,0.0011181,0.0011372,0.00069473,0.00071655,0.001439,0.0024805,0.0032718,0.0027055,0.0022711,0.0014762,0.0009282,0.00075247,0.0012106,0.0016088,0.0018937,0.0017486,0.001459,0.0022726,0.0016659,0.0011708,0.001608,0.0011739,0.00091541,0.0021807,0.0011052,0.0015834,0.0056898,0.0089552,0.006071,0.0032736,0.013938,0.021554,0.0094938,0.0034622,0.00086363,0.0021514,0.0022223,0.0044888,0.0074778,0.013449,0.014673,0.0047927,0.0029341,0.002455,0.0017731,0.0018715,0.001211,0.00015839,0.0011779,0.0014497,0.0019781,0.0023633,0.0018334,0.0020585,0.0019828,0.0019795,0.0023708,0.0024236,0.00158,0.0016804,0.0032375,0.0047029,0.0093551,0.01105,0.0026226,0.0045499,0.0010069,0.00057684,0.0014275,0.0017599,0.0013701,0.0012666,0.00079246,0.00064876,0.0010683,0.00071342,0.0021489,0.001046,0.00020894,0.00088644,0.0014996,0.0013997,0.00042685,0.00047685,0.00050529,0.00075583,0.00045678,0.0014179,0.0013619,0.0010464,0.00068009,0.0010897,0.0055388,0.0069234,0.004082,0.017119,0.041368,0.029142,0.0058882,0.00071978,0.0017311,0.0014104,0.0050257,0.0057097,0.006617,0.0084794,0.0050033,0.00171,0.0021805,0.0012543,0.00059789,0.00092742,0.00042426,0.00023403,0.0011861,0.00076814,0.00097548,0.0019079,0.0016083,0.0010449,0.00044152,0.00058274,0.002285,0.0028241,0.0022318,0.0015951,0.0018099,0.0023381,0.0034547,0.0042916,0.001943,0.0033202,0.0026888,0.0020331,0.0020286,0.0025417,0.0015233,0.0013862,0.00034554,0.0025734,0.0038991,0.0042346,0.0022239,0.0012797,0.0026152,0.0041734,0.0047908,0.0041384,0.0034361,0.0042984,0.0055817,0.0027391,0.00225,0.0025318,0.0031493,0.0044489,0.016663,0.045735,0.060074,0.02135,0.019815,0.023788,0.01729,0.012091,0.008173,0.00735,0.015116,0.025944,0.029482,0.010975,0.0047562,0.0020432,0.0012553,0.0017594,0.0023004,0.0012306,0.0015154,0.0018068,0.0010732,0.0018,0.00070906,0.002877,0.0015368,0.0013211,0.00029854,0.00023697,0.00045745,0.001043,0.002264,0.0024444,0.0011651,0.00099774,0.00035079,0.0019215,0.0020022,0.0012889,0.0015486,0.0014453,0.00052102,0.00061036,0.0010968,0.0016168,0.0016548,0.0016897,0.00080447,0.00098363,0.0016348,0.0014476,0.00042268,0.00027119,0.00024947,0.00089693,0.0017386,0.0013351,0.0010115,0.0014815,0.00087093,0.00027315,0.0020484,0.0025761,0.0015821,0.0017425,0.010909,0.015979,0.0074107,0.0096734,0.022567,0.017048,0.0056699,0.00054688,0.0022037,0.0010637,0.002859,0.0044523,0.0037089,0.0026936,0.0017816,0.00042104,0.0015846,0.00085956,0.00078984,0.0016828,0.00065605,0.00096951,0.00083378,0.0023263,0.001978,0.0013134,0.0010581,0.00044577,0.0005105,0.0010151,0.0011554,0.00065027,0.0011772,0.0010462,0.00098162,0.0010246,0.00098436,0.00097591,0.001857,0.0023272,0.0024505,0.0016707,0.00053716,0.0011513,0.001027,0.00071877,0.00076486,0.0013269,0.00049934,0.0016442,0.0009725,0.0002033,0.00055091,0.0012262,0.0018276,0.00068467,0.00079886,0.0020887,0.0025991,0.0022258,0.0021304,0.0015764,0.001542,0.0030577,0.0019268,0.011306,0.016547,0.0096547,0.012438,0.034638,0.022987,0.0054202,0.0065702,0.0078157,0.011139,0.010261,0.01242,0.0095392,0.0078117,0.0060291,0.0041854,0.0037111,0.0040165,0.004615,0.0029744,0.0023725,0.0023506,0.00086028,0.0018556,0.0025076,0.0013525,0.0015141,0.0014288,0.0023037,0.0027928,0.0017786,0.0014006,0.0013935,0.001232,0.0015163,0.0023461,0.0018905,0.00090271,6.6035e-05,0.0049211,0.0030733,0.003719,0.0056406,0.0054123,0.0037701,0.0041275,0.0032764,0.0027667,0.0051184,0.0065366,0.0043942,0.00077524,0.0050264,0.0091974,0.0098859,0.0096047,0.00948,0.010423,0.0070377,0.006595,0.011396,0.010418,0.010532,0.021969,0.024183,0.024936,0.03499,0.046359,0.09666,0.21417,0.13082,0.025623,0.032864,0.014553,0.011999,0.012262,0.024338,0.011901,0.0093762,0.014841,0.012391,0.0075962,0.0052697,0.0080167,0.005277,0.0013588,0.00499,0.006356,0.0039398,0.0012592,0.0010101,0.003807,0.0090003,0.0049603,0.0048482,0.0037716,0.0076538,0.007303,0.0041297,0.0042208,0.0027497,0.0049223,0.0049404,0.0031908,0.0036671,0.0051882,0.0058856,0.0048886,0.0045994,0.0050348,0.0041197,0.0039204,0.003441,0.0043063,0.010717,0.010509,0.0082871,0.005409,0.0049499,0.0081481,0.0062636,0.0045634,0.004381,0.0057419,0.0095267,0.011457,0.012261,0.015227,0.022232,0.020549,0.016898,0.022185,0.026792,0.059491,0.13956,0.07847,0.01043,0.0088063,0.021892,0.032875,0.026841,0.027515,0.017656,0.024846,0.023604,0.013493,0.0043955,0.0038648,0.0058072,0.0089821,0.0099455,0.0031625,0.0060268,0.0085242,0.0080205,0.0039662,0.0015816,0.0012163,0.0037199,0.004847,0.001935,0.0027043,0.0045857,0.002126,0.0014161,0.0019299,0.007727,0.0096145,0.005105,0.0012158,0.00060028,0.002345,0.0027712,0.0010455,0.0012306,0.00068036,0.0019511,0.00099536,0.0022874,0.0010569,0.0020077,0.0020627,0.0013848,0.0012657,0.00096198,0.0024283,0.0023192,0.00096314,0.0014963,0.0016804,0.0019269,0.0012572,0.0017865,0.0032364,0.0033741,0.0033091,0.002823,0.0056296,0.013066,0.016127,0.007812,0.0029887,0.0063036,0.0094204,0.0094267,0.0069742,0.0071726,0.0097364,0.0020429,0.0040097,0.0032124,0.0035751,0.0057319,0.0043605,0.0026594,0.0030438,0.0034476,0.0036794,0.001821,0.00078253,0.00050288,0.00066831,0.0014218,0.0010656,0.0015779,0.0033095,0.0035015,0.0032957,0.0031728,0.0030424,0.0019381,0.0023282,0.0024081,0.0018636,0.0015211,0.0021625,0.0018903,0.0024047,0.0030434,0.0011412,0.0024091,0.0029654,0.00063318,0.0017042,0.0027336,0.0023051,0.00046947,0.0025123,0.0034928,0.0037963,0.0040642,0.0046104,0.0031507,0.002474,0.0014494,0.0045703,0.0043688,0.00082865,0.0026945,0.0057097,0.006918,0.0028772,0.00089111,0.0011772,0.0016821,0.0057151,0.005052,0.0013258,0.0016183,0.0012402,0.0035918,0.00041404,0.0038445,0.0073668,0.010898,0.0090874,0.0062098,0.0022552,0.00069897,0.0011692,0.0022462,0.0036065,0.0045792,0.00064601,0.0022531,0.0035824,0.0034873,0.0004688,0.001081,0.0017413,0.0037387,0.0048001,0.0037981,0.0012096,0.001725,0.0037318,0.0051371,0.004008,0.0027086,0.0019834,0.002418,0.0033385,0.0011172,0.004708,0.0054918,0.0046186,0.0029468,0.0023927,0.0034131,0.0031887,0.0001574,0.0032282,0.0020764,0.0029155,0.0035927,0.0020244,0.0019618,0.0035786,0.0035356,0.0018041,0.0027433,0.0028125,0.0057788,0.0043347,0.0042673,0.0144,0.023982,0.011798,0.018884,0.030921,0.013319,0.006185,0.010254,0.035476,0.059944,0.085043,0.076709,0.057525,0.023243,0.0062559,0.017056,0.019053,0.019971,0.030658,0.026788,0.011582,0.0046186,0.0052993,0.0079089,0.0052422,0.0051183,0.0069243,0.0061864,0.001742,0.0049882,0.0053096,0.0052752,0.0073409,0.0060704,0.001689,0.0032883,0.0016966,0.0096216,0.007548
0.0032988,0.0033032,0.0033198,0.0028316,0.0073994,0.0075042,0.0040526,0.0028852,0.0039874,0.0043359,0.0042061,0.0028821,0.0024727,0.0012999,0.0049522,0.0067234,0.0045082,0.0039354,0.0044622,0.0022654,0.0043214,0.0067072,0.0028063,0.0011284,0.0040682,0.0086926,0.0054547,0.0055226,0.0043161,0.004407,0.0025874,0.0022468,0.0052069,0.0060897,0.0042022,0.0034114,0.00091196,0.0023982,0.0025161,0.0025058,0.0072114,0.0083151,0.0082608,0.0071241,0.0043668,0.0033291,0.0026754,0.0023128,0.0036971,0.0035918,0.0050135,0.0030115,0.0047026,0.0022408,0.0040923,0.0048432,0.0025329,0.00042191,0.0036519,0.0040211,0.0038897,0.0017483,0.002178,0.0030936,0.0033324,0.0011028,0.00069631,0.0005653,0.0010516,0.0013328,0.00019129,0.0018837,0.0013382,0.0015575,0.0014982,0.0009497,0.0018617,0.0019758,0.0016429,0.0022514,0.0033542,0.0016347,0.0020636,0.0037942,0.0025914,0.0016872,0.014482,0.02494,0.022657,0.010903,0.015341,0.049059,0.068473,0.035187,0.019725,0.01176,0.0086503,0.00099909,0.0026011,0.0025524,0.0015868,0.0013205,0.00011202,0.0040129,0.0033928,0.0028912,0.014768,0.045354,0.03957,0.0049726,0.0073662,0.00077317,0.001838,0.0019028,0.0017203,0.001534,0.00056303,0.0011776,0.0016179,0.002088,0.0027968,0.0032502,0.0025577,0.00090087,0.0017996,0.00083132,0.00070804,0.0013875,0.0020055,0.0025974,0.00070602,0.0001602,0.00044926,0.0010458,0.00083438,0.0012442,0.00093706,0.00010185,0.00064698,0.0020068,0.0013653,0.0011343,0.0011565,0.0021948,0.0026834,0.0020881,0.0010046,0.00037091,0.00059961,0.001383,0.0018633,0.0025372,0.0045721,0.0048456,0.0026222,0.0034155,0.021557,0.028586,0.016172,0.0042416,0.0050519,0.005131,0.0023113,0.0026673,0.0011996,0.0017694,0.0016607,0.0020851,0.0043018,0.010298,0.013934,0.010782,0.011134,0.013216,0.0038013,0.0020694,0.00093284,0.0016827,0.001407,0.0015787,0.0027397,0.0015743,0.0013232,0.0030958,0.0079942,0.0081909,0.0038708,0.0025374,0.0017127,0.00023984,0.00099328,0.00043548,0.00041875,0.00073348,0.00068337,0.00057719,0.00014465,0.00055431,0.00025936,0.0015021,0.0015058,0.0008973,0.000908,0.00088521,0.00013306,0.00098237,0.000385,0.001384,0.0011039,0.0013954,0.0017197,0.00049057,0.0016939,0.0020723,0.0019348,0.00070217,0.0030948,0.0072412,0.0092194,0.0046701,0.010066,0.022276,0.032931,0.025101,0.01015,0.010701,0.0036455,0.0047793,0.0020913,0.0023372,0.0030593,0.0027589,0.00054768,0.001047,0.005098,0.0095702,0.0073606,0.0087573,0.0072044,0.0021363,0.00054187,0.0028253,0.002176,0.00092894,0.00029742,0.0018043,0.0013602,0.00091989,0.0037591,0.003936,0.0023697,0.0021356,0.0014788,0.0042896,0.0060502,0.0040881,0.0018088,0.00069799,0.00083821,0.00053916,0.001081,0.00073812,0.0017129,0.0034029,0.0026488,0.001173,0.00075568,0.00060674,0.0011223,0.0017524,0.0031962,0.0025654,0.0028118,0.0056367,0.0044941,0.0036558,0.0034402,0.002651,0.0068534,0.0068114,0.0052268,0.031135,0.056698,0.058243,0.038002,0.014096,0.025101,0.0097601,0.0065934,0.010856,0.0082102,0.0050979,0.0046393,0.0035826,0.00024838,0.0012847,0.00086022,0.00069016,0.0043885,0.012975,0.027472,0.01752,0.0044032,0.0051562,0.0043994,0.0018336,0.0017566,0.0025724,0.0010529,0.002225,0.001171,0.00082022,0.0021494,0.00204,0.0012664,0.001884,0.0017214,0.00077066,0.0038316,0.0036198,0.0019881,0.0022419,0.0012481,0.0013197,0.0013846,0.00022436,0.00029904,0.0011474,0.00060187,0.00060868,0.0012022,0.00060132,0.00085511,0.0010991,0.0016202,0.00031829,0.001188,0.0015215,0.0010192,0.00072865,0.0013632,0.00083352,0.00082625,0.0012326,0.0002644,0.002375,0.0010271,0.0053219,0.0062613,0.0049628,0.0097641,0.010155,0.02242,0.021552,0.014318,0.0084957,0.0072999,0.0034321,0.0048907,0.0051686,0.003543,0.0014347,0.00067484,0.0017071,0.0047064,0.0050637,0.0013155,0.0023505,0.0024188,0.0018551,0.00065019,0.0011351,0.0022735,0.0043452,0.0019691,0.0015511,0.00041312,0.00069432,0.002508,0.0030499,0.0032526,0.0018752,0.0023607,0.003987,0.0051635,0.0033829,0.0016254,0.0011081,0.00030771,0.0011839,0.00057601,0.00026251,0.00076001,0.00099906,0.0010325,0.00082186,0.0011508,0.0021921,0.00092772,0.0005513,0.00090188,0.0010672,0.00078292,0.001318,0.0014762,0.0012383,0.002188,0.0028877,0.0023765,0.0025753,0.0036794,0.0029934,0.0092849,0.012671,0.0090445,0.0029673,0.010464,0.02711,0.02618,0.011674,0.0012118,0.0088641,0.0079823,0.0075701,0.0074063,0.0099783,0.010033,0.0087215,0.0083555,0.0043453,0.018441,0.01629,0.010005,0.0049872,0.0034424,0.0016826,0.0015526,0.0021644,0.0010303,0.00031506,0.0010129,0.0015709,0.0010731,0.00044638,0.00012483,0.00089826,0.001053,0.0003251,0.00015095,0.00070179,0.00082772,0.00091562,0.0008573,0.00070026,0.00050977,0.0047201,0.0044295,0.0051323,0.0067879,0.0070652,0.0051618,0.0057565,0.008043,0.0079257,0.0068156,0.0063678,0.0076519,0.0086581,0.012731,0.015438,0.011795,0.0092995,0.012611,0.022465,0.028081,0.028418,0.02937,0.029256,0.03368,0.049483,0.030676,0.10013,0.23177,0.2056,0.07995,0.0018293,0.048891,0.036659,0.024451,0.023998,0.023766,0.021492,0.018948,0.015033,0.0057956,0.0058123,0.0036426,0.011326,0.01357,0.011835,0.0098305,0.0084784,0.0075804,0.0072502,0.0081506,0.0063397,0.0049903,0.006862,0.0076591,0.007496,0.0075802,0.0063289,0.0038646,0.0041126,0.0049946,0.0045946,0.0039396,0.0041297,0.0037132,0.0029509,0.0021405,0.0022142,0.0032202,0.003521,0.0036773,0.0036871,0.0038418,0.0045641,0.0050075,0.0042382,0.0045034,0.0055631,0.0047583,0.0081102,0.010374,0.0065646,0.0046241,0.0096722,0.014904,0.01483,0.011854,0.010964,0.016537,0.024943,0.029258,0.008584,0.061074,0.12697,0.10973,0.041642,0.010394,0.024929,0.038101,0.026667,0.019586,0.019878,0.024083,0.022913,0.013965,0.016386,0.026461,0.0057303,0.012055,0.0081436,0.0068134,0.0067831,0.0018261,0.0028246,0.0019079,0.0047523,0.007025,0.0049702,0.00159,0.0039089,0.0045001,0.0038158,0.0015477,0.0018083,0.0049505,0.0055895,0.0034413,0.0012979,0.0052995,0.0057237,0.0034685,0.00066116,0.00058949,0.001431,0.00094215,0.00083525,0.00079021,0.00068065,0.0012796,0.0010835,0.0011952,0.0014758,0.00018065,0.0011683,0.000844,0.00093214,0.0016562,0.0013294,0.00058358,0.0014667,0.002136,0.0020467,0.0029092,0.0033917,0.0031526,0.0033826,0.012064,0.020637,0.02211,0.014496,0.016915,0.0039546,0.0081115,0.0026148,0.001209,0.0016541,0.0014963,0.00091771,0.001932,0.003177,0.017935,0.029826,0.014071,0.0099554,0.012056,0.0065746,0.0038274,0.0055789,0.0029925,0.0036724,0.0019907,0.0027684,0.00096825,0.002979,0.0047369,0.0025365,0.00031564,0.0011227,0.0020686,0.0043241,0.0056266,0.0025714,0.00048692,0.0012689,0.0020731,0.001891,0.0030935,0.0025974,0.0027696,0.002541,0.0016379,0.002804,0.0050992,0.0053116,0.0035979,0.0028416,0.0013906,0.0022833,0.0012229,0.002641,0.0041355,0.002819,0.0029795,0.00040231,0.0033643,0.0031098,0.0068482,0.0073782,0.0032223,0.0069186,0.0052571,0.0036241,0.0070138,0.0067177,0.0069756,0.0089396,0.0052103,0.00049746,0.00182,0.0031274,0.0044186,0.0064963,0.0074892,0.0040234,0.0029046,0.030391,0.047696,0.019597,0.0028321,0.0057929,0.0087083,0.0092404,0.0052516,0.0013408,0.0020159,0.0029886,0.0070295,0.0069497,0.0063171,0.0049068,0.004822,0.0040566,0.0054165,0.0043031,0.0036523,0.003698,0.006008,0.0060414,0.0050256,0.0047452,0.0028666,0.0043319,0.0045617,0.0024017,0.00075002,0.00088198,0.0033568,0.0030176,0.0024323,0.0023415,0.0013116,0.0028452,0.0021758,0.0025083,0.004262,0.0010577,0.0020905,0.0015239,0.0029888,0.0021091,0.00279,0.0040458,0.0073203,0.007786,0.0092879,0.011656,0.0063998,0.012199,0.012147,0.018323,0.028082,0.01818,0.010131,0.012946,0.0072246,0.0076412,0.0035136,0.0078784,0.0035819,0.0081864,0.067073,0.12386,0.064615,0.014277,0.010349,0.012923,0.019281,0.018065,0.0165,0.01139,0.011988,0.013653,0.013373,0.017684,0.010677,0.0038416,0.0019615,0.0066521,0.0070575,0.016841,0.025678,0.014012,0.00092718,0.0041016,0.0027289,0.0043306
0.0013263,0.002275,0.0018154,0.0013087,0.0020996,0.0051914,0.0075139,0.0050867,0.001792,0.0026784,0.0026404,0.0041822,0.0048227,0.003833,0.0027663,0.0033374,0.0055926,0.0054427,0.0041873,0.0044803,0.00058323,0.0051316,0.0032648,0.0023743,0.0032993,0.0028926,0.006799,0.003118,0.0048864,0.004059,0.0024208,0.0019459,0.0015401,0.0025073,0.0035386,0.0020431,0.0033288,0.0037786,0.0025621,0.010076,0.0089191,0.0038797,0.0071746,0.0047805,0.0008248,0.0015808,0.0012784,0.0031907,0.003161,0.0024008,0.001095,0.0015636,0.0024695,0.003152,0.0055159,0.0035147,0.00027102,0.0011026,0.004059,0.0033641,0.0035664,0.002697,0.0025037,0.0061764,0.0053063,0.0007712,0.0015899,0.0019644,0.0011941,0.0011815,0.00064828,0.00057986,0.00072056,0.0015092,0.0034404,0.0040859,0.0026296,0.001645,0.0021813,0.0020854,0.0017564,0.002671,0.0025213,0.0019934,0.0064697,0.022086,0.038692,0.025691,0.010152,0.0016829,0.023043,0.075748,0.063218,0.010319,0.00078204,0.0010475,0.00609,0.0073828,0.0028902,0.0017299,0.0038182,0.0042203,0.0020975,0.00039193,0.002504,0.0033552,0.0057371,0.019347,0.048418,0.037609,0.012126,0.0020602,0.0032025,0.0021163,0.00091576,0.00114,0.0012538,0.001917,0.0020359,0.0016482,0.00085229,0.0010218,0.00065965,0.00030665,0.0013261,0.0019267,0.00098759,0.00025794,0.0014458,0.0018097,0.00084316,0.00062022,0.00039156,0.0005916,0.0010573,0.0018947,0.00056378,0.0010594,0.001327,0.00069181,0.00065502,0.00079348,0.00070224,0.0015324,0.00080814,0.0010616,0.00099386,0.002493,0.002759,0.002137,0.0042569,0.006897,0.0025866,0.0031515,0.0012881,0.0096498,0.032203,0.026964,0.0033254,0.0025494,0.0020071,0.0037704,0.0034328,0.0023429,0.0044526,0.003868,0.0040238,0.0011262,0.0033332,0.012928,0.01434,0.0029145,0.0063887,0.013413,0.0097481,0.0022895,0.0009223,0.0013007,0.0010073,0.00049435,0.00078139,0.0037967,0.0067495,0.0056743,0.0013078,0.002805,0.0011429,0.0033776,0.0020327,0.0014586,0.0022125,0.0016271,0.00071907,0.00015226,0.00050619,0.00036329,0.00012733,0.00058851,0.00063585,0.00050555,0.00032872,0.00099679,0.00049845,0.00041315,0.00051794,0.00097791,0.0012278,0.0014633,0.0015947,0.0012977,0.0010408,0.0011588,0.0014238,0.0025536,0.0040724,0.0072463,0.0075606,0.004524,0.007182,0.0072521,0.017117,0.03524,0.024085,0.01504,0.0064578,0.0058257,0.0033029,0.0020558,0.0027588,0.0047222,0.0029361,0.0031306,0.0040187,0.0060715,0.011714,0.0084635,0.0041466,0.0081239,0.0084268,0.0065434,0.0052964,0.001587,0.0019183,0.00088498,0.0005212,0.00039086,0.00090144,0.00051602,0.00039014,0.0012591,0.0018807,0.002465,0.001694,0.0045839,0.0058312,0.0027832,0.0022933,0.001659,0.0002952,0.00083915,0.0043874,0.0033466,0.0041214,0.0037096,0.0050652,0.0044245,0.0029321,0.0043061,0.0046471,0.004581,0.0044071,0.0035024,0.0033546,0.0025759,0.0042267,0.0086784,0.013662,0.010911,0.017537,0.036762,0.056042,0.064197,0.042781,0.034098,0.0049239,0.0034369,0.00543,0.0079003,0.0072196,0.0040179,0.0052024,0.0045768,0.0056934,0.0048774,0.0035802,0.0040423,0.0028412,0.0042278,0.010321,0.022041,0.017382,0.013511,0.0083995,0.0028981,0.0033907,0.004989,0.002796,0.0034487,0.0038356,0.0023253,0.0012072,0.00083453,0.002104,0.00096495,0.00087854,0.0012507,0.00092846,0.0010273,0.00086064,0.00054751,0.0019739,0.0021625,0.00042979,0.0018609,0.0032657,0.0009863,0.00099514,0.0011083,0.0005381,0.00045326,0.00064065,0.00078678,0.00053915,0.00018264,0.00049885,0.00022264,0.00069151,0.0010864,0.0013338,0.0012297,0.00026154,0.001273,0.00098476,0.0017132,0.004064,0.0046137,0.0028091,0.0063834,0.0062704,0.0054842,0.0094601,0.020741,0.016052,0.0095122,0.0032742,0.0047382,0.0032858,0.0041864,0.0044219,0.0028392,0.002485,0.0040653,0.0039898,0.0037712,0.0055819,0.0046304,0.0020289,0.0016184,0.0012297,0.0026248,0.005754,0.0045206,0.0016501,0.0013641,0.00099567,0.0008305,0.0020891,0.0014223,0.00027108,0.0015561,0.0017456,0.002569,0.0021945,0.0061291,0.0076891,0.0035909,0.0024891,0.00092215,0.0005418,0.00084346,0.00090534,0.00094866,0.00078592,0.00081753,0.00023715,0.0011643,0.0016031,0.0013073,0.001106,0.0013606,0.0016443,0.00095862,0.00072808,0.0013228,0.00098498,0.00064507,0.0011527,0.0028736,0.0036114,0.0057975,0.0067859,0.0077199,0.0076124,0.0083749,0.010182,0.0098238,0.024145,0.029396,0.013675,0.004486,0.0038592,0.0083282,0.0084872,0.00676,0.0031299,0.0011763,0.0034433,0.0066771,0.010556,0.013814,0.023395,0.011666,0.0075885,0.00587,0.004463,0.0029312,0.0026282,0.0025004,0.0022201,0.002034,0.0018969,0.0016322,0.0015649,0.0015043,0.0013743,0.0015022,0.0017274,0.0012505,0.00043915,0.00082235,0.0012188,0.00071564,0.0011344,0.0018614,0.0014825,0.0069606,0.0072782,0.0069609,0.0062644,0.0064561,0.0085965,0.009875,0.0088147,0.0080804,0.0089755,0.0087706,0.0075998,0.010908,0.018469,0.01933,0.016342,0.014054,0.013671,0.019474,0.023343,0.01109,0.033327,0.044476,0.045473,0.082606,0.074128,0.20009,0.24385,0.099466,0.046702,0.024353,0.016224,0.012913,0.011296,0.01528,0.01529,0.011058,0.010511,0.014135,0.016529,0.02099,0.016985,0.0098942,0.0047669,0.0070235,0.0055064,0.0053848,0.004492,0.0022005,0.0031861,0.0042828,0.0035207,0.0023999,0.0031009,0.0038351,0.0021457,0.0014814,0.0027762,0.003308,0.0024245,0.0013343,0.00071851,0.0004873,0.002169,0.0021512,0.0042252,0.0034594,0.002754,0.0032946,0.0038056,0.0045173,0.0046076,0.0039908,0.0049837,0.005985,0.0056158,0.0054767,0.0061468,0.0070526,0.0065695,0.0063176,0.0073425,0.0086436,0.0064504,0.0027704,0.01142,0.024449,0.034592,0.033009,0.048075,0.050193,0.11051,0.13022,0.050606,0.037861,0.030911,0.02442,0.018687,0.0099113,0.0045272,0.0059326,0.0031114,0.0033144,0.0077373,0.017878,0.028971,0.015697,0.0094759,0.0072878,0.0050803,0.0045574,0.0049537,0.0034455,0.0014311,0.0011373,0.0015181,0.0022583,0.0024785,0.0030345,0.0026879,0.0023981,0.0026549,0.0028379,0.0024943,0.0032155,0.0025221,0.00031821,0.0011526,0.0011433,0.0013415,0.00055803,0.0011819,0.00077816,0.00097678,0.00087409,0.0014263,0.0022839,0.001778,0.00057592,0.00076209,0.00050232,0.00023739,0.00060608,0.0016382,0.0016304,0.00073519,0.0012859,0.0021529,0.0023237,0.0017208,0.0031833,0.0017004,0.0017614,0.0038387,0.0051105,0.011198,0.028226,0.019729,0.0086458,0.0074198,0.0052123,0.0020779,0.00076165,0.0030734,0.0053114,0.0037044,0.0033925,0.0037728,0.0056257,0.020737,0.016823,0.012077,0.013936,0.022216,0.012102,0.00072979,0.0024719,0.0012782,0.00035193,0.00099096,0.0014753,0.00135,0.0009887,0.00071043,0.00042803,0.0023739,0.0035914,0.0034598,0.0040126,0.0025536,0.0024604,0.001916,0.0022996,0.0033078,0.0034626,0.0070068,0.0056105,0.0059923,0.004469,0.0017168,0.0019898,0.0022423,0.0064637,0.0064239,0.003864,0.0021639,0.0024698,0.003017,0.0037825,0.0024385,0.0040219,0.0034513,0.00073786,0.0021893,0.0053334,0.009955,0.022813,0.013778,0.007578,0.007061,0.007059,0.01182,0.0065187,0.0071163,0.0060981,0.0050129,0.0054195,0.0020799,0.0034421,0.0069435,0.0095637,0.009599,0.015067,0.0058953,0.039592,0.041854,0.01906,0.015355,0.015683,0.0082406,0.0062169,0.005502,0.0041266,0.0059055,0.0014187,0.0041324,0.0031889,0.0061582,0.0091256,0.0064779,0.0068666,0.0075747,0.0073307,0.0063082,0.0036713,0.0019496,0.003274,0.0020156,0.0035773,0.005414,0.0021837,0.0027892,0.0015643,0.00095122,0.0023604,0.0026016,0.0044692,0.0051923,0.0024218,0.0008474,0.0014072,0.0025781,0.0024254,0.0048658,0.0049379,0.0028662,0.001759,0.0010812,0.0012047,0.0035143,0.0084159,0.0087699,0.00083892,0.0062298,0.010315,0.0097011,0.024136,0.019888,0.0028488,0.00338,0.004585,0.0028872,0.0071397,0.0069909,0.011036,0.015198,0.024521,0.026262,0.024772,0.097661,0.091663,0.047841,0.035492,0.037745,0.019398,0.014665,0.012693,0.0044061,0.0047324,0.0052543,0.0021811,0.0054375,0.0078498,0.012248,0.0082986,0.0072249,0.011563,0.014877,0.020112,0.014402,0.014576,0.013686,0.0050693,0.0067761,0.010082
0.0029346,0.0053614,0.0037822,0.0026786,0.0051888,0.0030079,0.0025384,0.0016729,0.0011788,0.0022417,0.005512,0.001836,0.0034251,0.0062436,0.005923,0.0047814,0.0045387,0.0015778,0.0053264,0.0077546,0.0083212,0.0053877,0.0012102,0.0047381,0.0070375,0.0085527,0.010306,0.0078885,0.0067095,0.0091341,0.0065604,0.0044688,0.0035955,0.0026591,0.003447,0.0036241,0.0047785,0.0062804,0.0051576,0.0051323,0.0039686,0.0033765,0.0024213,0.0028499,0.0034876,0.0032927,0.0018712,0.0020949,0.0011386,0.0033402,0.002556,0.0052817,0.005845,0.0061122,0.0060003,0.0036069,0.0012884,0.0020343,0.0026916,0.0023108,0.0027807,0.0036364,0.0012926,0.0028333,0.0039399,0.0059724,0.0051376,0.0043385,0.0069525,0.0087837,0.0073619,0.0030992,0.004321,0.0090492,0.0046748,0.012052,0.02194,0.022487,0.0088371,0.041477,0.06053,0.042663,0.037038,0.052004,0.04625,0.01763,0.019392,0.020376,0.010036,0.016784,0.024691,0.018712,0.033848,0.018173,0.011266,0.01267,0.016651,0.0086982,0.0039386,0.0075305,0.011171,0.0032041,0.0069579,0.0061243,0.010503,0.010732,0.015094,0.017772,0.012054,0.0088168,0.0046346,0.0034727,0.0036095,0.0020125,0.001859,0.0023021,0.0060414,0.0091576,0.0077633,0.0030106,0.0015422,0.0018323,0.0063876,0.004996,0.0053852,0.0052762,0.00016202,0.005413,0.005466,0.00086429,0.0010693,0.001906,0.0010712,0.0013494,0.00070404,0.0015265,0.0024349,0.0019177,0.000749,0.0023732,0.0034752,0.0041674,0.0057825,0.0068368,0.0099928,0.012531,0.014196,0.017392,0.014522,0.015304,0.012056,0.0067262,0.014292,0.01875,0.023258,0.02677,0.01825,0.0094559,0.0063203,0.005674,0.0063603,0.0041384,0.00711,0.0065415,0.0047674,0.0033642,0.0067924,0.0065001,0.0020172,0.0076186,0.013587,0.01392,0.0081343,0.0047385,0.0016766,0.0027152,0.0019129,0.0010136,0.0019368,0.0023175,0.002018,0.001316,0.0011802,0.0030701,0.0030277,0.0019155,0.002355,0.0022147,0.0034211,0.0043424,0.0037459,0.0035433,0.002201,0.0024304,0.0015865,0.00092303,0.00082468,0.00066269,0.00034863,0.00045062,0.00052099,0.0011796,0.0019251,0.0029764,0.0025951,0.0017404,0.0051115,0.0077449,0.0096612,0.011355,0.01247,0.014596,0.021569,0.015663,0.0090048,0.0065001,0.011824,0.018212,0.019806,0.015477,0.01141,0.012329,0.013675,0.0068713,0.0062535,0.003527,0.0032159,0.0031928,0.0064851,0.0045446,0.0027057,0.0038721,0.0013505,0.0025173,0.0061427,0.0059943,0.0026958,0.0038508,0.0053324,0.0030125,0.00061477,0.0022599,0.0024039,0.0025892,0.0021876,0.0010112,0.00054618,0.001664,0.0021424,0.0019118,0.001187,0.0011153,0.0020915,0.0012465,0.00073232,0.00075132,0.00093103,0.0016959,0.0015974,7.8115e-05,0.0035445,0.0016235,0.0023396,0.0034037,0.0047251,0.0062091,0.0051159,0.0078453,0.01004,0.0084118,0.0073945,0.0035801,0.0037852,0.020044,0.020686,0.049381,0.1139,0.1219,0.06433,0.019053,0.036909,0.040683,0.010896,0.013582,0.021529,0.020979,0.014175,0.010056,0.014447,0.024472,0.025001,0.012978,0.011412,0.015457,0.021855,0.019994,0.016014,0.011714,0.0063295,0.0042484,0.0020566,0.0053406,0.0043248,0.0039591,0.0014964,0.0024185,0.0028894,0.00090492,0.002091,0.0037878,0.0023755,0.0025733,0.0010555,0.0014681,0.0020129,0.0013534,0.0020117,0.0032707,0.0023986,0.0014929,0.0039124,0.0037265,0.002599,0.00079712,0.0011854,0.0017699,0.0018585,0.0022404,0.002288,0.0014941,0.00090567,0.0016473,0.0038134,0.0036469,0.0021982,0.0025612,0.0019388,0.0010449,0.0023683,0.0050156,0.011243,0.01803,0.014519,0.0065552,0.0044759,0.0063361,0.010072,0.014921,0.01583,0.016022,0.014518,0.0057082,0.023419,0.011198,0.01433,0.0099521,0.0011118,0.0051353,0.003547,0.0050848,0.0064636,0.0069705,0.0044109,0.0033287,0.0038118,0.0023646,0.0024279,0.0020055,0.003063,0.0027899,0.0012604,0.0037332,0.0050253,0.0049161,0.0044473,0.0027429,0.0024917,0.0024671,0.00087755,0.00035178,0.00011781,0.00028289,0.0023189,0.002613,0.0016812,0.0023587,0.0030449,0.00332,0.0032649,0.0067757,0.0011584,0.0018005,0.0012042,0.00040287,0.0018861,0.002349,0.0027843,0.0013877,0.0030303,0.0047555,0.0013895,0.0052457,0.0052151,0.00523,0.0068856,0.0052015,0.0014075,0.0057747,0.0055478,0.0050413,0.0028018,0.0049983,0.0066421,0.012316,0.011421,0.012612,0.010861,0.0093175,0.0085979,0.0044462,0.0066836,0.0047703,0.0020596,0.0038004,0.0066907,0.010657,0.010411,0.011431,0.0093212,0.0066303,0.004453,0.0058499,0.0063339,0.0028075,0.0028398,0.0045076,0.0029015,0.00091674,0.0020639,0.0019715,0.00051272,0.0013386,0.0014842,0.001792,0.0022569,0.00063106,0.0014993,0.0019168,0.0018426,0.00091171,0.00046179,0.00087645,0.00068317,0.00050639,0.0009627,0.0027367,0.0021056,0.0055554,0.0059515,0.0069333,0.0077544,0.0058738,0.005418,0.015533,0.012797,0.0045593,0.022366,0.023499,0.01912,0.05025,0.076728,0.08576,0.11311,0.11297,0.10286,0.023911,0.084303,0.12615,0.13457,0.10964,0.11183,0.11281,0.090405,0.05674,0.03561,0.033187,0.01562,0.020383,0.011429,0.01649,0.01803,0.016225,0.015927,0.014617,0.0094658,0.0012998,0.0080486,0.0078026,0.0023398,0.0013277,0.0027775,0.0047219,0.0052891,0.0043479,0.0027527,0.00080461,0.0022288,0.0020856,0.0024367,0.00098176,0.0010825,0.0020985,0.0017541,0.0016657,0.003597,0.0019893,0.0018194,0.0034972,0.0029475,0.0024676,0.0041066,0.003444,0.0077686,0.0080633,0.0035254,0.0027522,0.008505,0.0097685,0.005355,0.0032181,0.0031444,0.0042312,0.013572,0.014236,0.011712,0.012256,0.0081557,0.019225,0.019864,0.022719,0.0069578,0.051309,0.084589,0.095785,0.072714,0.068496,0.090434,0.058119,0.018969,0.020111,0.011024,0.017692,0.014392,0.012772,0.034893,0.042993,0.029114,0.021445,0.019096,0.017047,0.010875,0.0062318,0.0090797,0.0073947,0.0027599,0.0042707,0.0070668,0.0049985,0.0018919,0.0063368,0.0068233,0.0020819,0.0024759,0.0022935,0.003627,0.0051513,0.0046269,0.003755,0.0033196,0.0047055,0.0032025,0.0017284,0.0010084,0.0020575,0.00075593,0.002255,0.0011993,0.0023254,0.00309,0.0017483,0.0012212,0.0034013,0.0017627,0.0030518,0.0031259,0.0048028,0.0045286,0.0045355,0.007983,0.0068359,0.0072492,0.009207,0.003747,0.0034657,0.0034581,0.0014038,0.0016489,0.0025066,0.00578,0.010418,0.013694,0.011234,0.0049735,0.0069367,0.005211,0.0019591,0.0050351,0.0052719,0.0044581,0.0060563,0.0073117,0.0062643,0.0082101,0.0055083,0.0077273,0.0043252,0.0048071,0.0053125,0.0069216,0.0043543,0.0042085,0.0032062,0.0026709,0.0038872,0.0027717,0.0013131,0.00073673,0.0012047,0.0011916,0.0030746,0.0025222,0.00081639,0.00065912,0.0014213,0.0016201,0.00070295,0.0013994,0.0025453,0.0031745,0.0022435,0.0078214,0.0061675,0.0028713,0.0025215,0.0031441,0.0049418,0.0015894,0.0025189,0.0041764,0.0061782,0.0055419,0.0062941,0.014268,0.031276,0.050131,0.059499,0.050855,0.046617,0.035687,0.027131,0.017997,0.027236,0.0095982,0.024781,0.023778,0.040496,0.05256,0.03905,0.041072,0.027792,0.019361,0.025336,0.032257,0.024433,0.014274,0.0083793,0.012765,0.022736,0.013784,0.026779,0.0078458,0.012475,0.0028806,0.0076453,0.010871,0.0014822,0.0099461,0.007029,0.0020275,0.005317,0.0027579,0.0082864,0.0053286,0.0087719,0.014257,0.0042746,0.0086308,0.0035521,0.0075705,0.0070814,0.00088965,0.0044752,0.0039324,0.0013819,0.0043843,0.00063087,0.0026642,0.0042489,0.0027357,0.0022132,0.0020938,0.0019138,0.00068956,0.0035744,0.0032673,0.0013962,0.0021743,0.0014706,0.0052244,0.0020459,0.0078004,0.0082941,0.012603,0.016089,0.014725,0.0077161,0.0081697,0.010683,0.014369,0.0059586,0.012335,0.018554,0.0087614,0.01994,0.018716,0.012772,0.016644,0.01721,0.015464,0.02836,0.047369,0.058593,0.060595,0.04219,0.01753,0.023965,0.024151,0.014592,0.010875,0.0093312,0.011176,0.009897,0.012197,0.017169,0.017729,0.0084898,0.0004203,0.0055637,0.0066545,0.0032278,0.0022412,0.0014403,0.0017462,0.001565,0.00096536,0.0052993,0.0087641,0.0066271,0.0061939,0.0092014
0.0019088,0.0025372,0.0041467,0.0056423,0.006339,0.0053357,0.0031207,0.0031681,0.0037456,0.0042159,0.0038698,0.0024871,0.0025197,0.0027026,0.0028833,0.0015584,0.0019787,0.0039684,0.0044799,0.0043303,0.0027043,0.0020704,0.004125,0.0059694,0.0076119,0.0072424,0.0072256,0.0066709,0.0029659,0.00097721,0.0044448,0.0019084,0.00555,0.0041549,0.0038599,0.0032326,0.0053768,0.0043291,0.0079699,0.0065887,0.0032543,0.0083553,0.0088633,0.0098055,0.013286,0.011574,0.016722,0.017026,0.010149,0.020259,0.027599,0.027496,0.02137,0.013826,0.010228,0.0078582,0.0071834,0.0083114,0.003077,0.0028854,0.0025023,0.0011439,0.0040241,0.0028938,0.0020344,0.00046455,0.0018497,0.001758,0.002924,0.0036358,0.0030236,0.003952,0.0030198,0.0011649,0.0029973,0.0019771,0.0056759,0.009782,0.0097871,0.010045,0.0086779,0.0095191,0.0084863,0.0074116,0.013414,0.0098499,0.0056289,0.0064216,0.01032,0.0072691,0.0077424,0.0053283,0.0059808,0.0086211,0.0075153,0.0082029,0.013975,0.019487,0.0032526,0.006181,0.0039191,0.0098119,0.013719,0.017513,0.017724,0.020747,0.010775,0.0062095,0.0076005,0.006459,0.000539,0.0068952,0.008399,0.0053168,0.0052575,0.015504,0.011934,0.012345,0.018545,0.022231,0.023946,0.018961,0.012462,0.010187,0.0028268,0.0054742,0.0081175,0.0073025,0.0042233,0.0030036,0.0013926,0.0011825,0.0019925,0.0019784,0.0010815,0.00065465,0.0016725,0.0022552,0.00155,0.001164,0.00033854,0.0020095,0.0027534,0.0012291,0.0004317,0.0021686,0.0012215,0.0069253,0.010626,0.010292,0.0089368,0.0068312,0.015079,0.027398,0.02733,0.018432,0.0086693,0.0063957,0.0051238,0.0061194,0.001895,0.0073905,0.0096307,0.0058417,0.0034192,0.0040443,0.0018135,0.0058397,0.01038,0.0089249,0.0085756,0.0088868,0.0084834,0.0075257,0.006348,0.0064086,0.0067643,0.0061447,0.0042015,0.0083495,0.010142,0.0059432,0.0049019,0.0025408,0.0030464,0.0050837,0.0033609,0.0030402,0.0055097,0.0025188,0.0031982,0.00026275,0.0025453,0.0018653,0.0017322,0.00048272,0.00025808,0.00020056,0.00019919,0.00090506,0.0016849,0.0016379,0.00070956,0.0013493,0.0014568,0.00087139,0.0014888,0.002356,0.0035896,0.0034345,0.0023491,0.0023114,0.0054115,0.0077849,0.0087581,0.0074924,0.00684,0.01001,0.012237,0.01591,0.010262,0.0082225,0.002157,0.0022008,0.0060445,0.0056655,0.0083819,0.019936,0.018946,0.010305,0.014487,0.02273,0.020202,0.019711,0.019855,0.017725,0.016944,0.0096457,0.0038153,0.00095767,0.0044988,0.0079217,0.0096899,0.0066758,0.0056918,0.0077294,0.006557,0.0001387,0.003595,0.0049663,0.0046822,0.0034794,0.0020438,0.001941,0.0014782,0.0031894,0.0034216,0.0021117,0.0024849,0.0036289,0.0017335,0.0041016,0.0036908,0.0033082,0.001504,0.0026445,0.0035462,0.0030331,0.0037099,0.0029691,0.0021489,0.0029749,0.0017369,0.00085879,0.0062462,0.0080955,0.010134,0.045105,0.05589,0.039075,0.023666,0.017069,0.0077967,0.016629,0.013054,0.013431,0.026341,0.01687,0.012399,0.023944,0.025963,0.020043,0.014797,0.011238,0.0093174,0.008758,0.0063634,0.014044,0.018323,0.010814,0.0034975,0.0041739,0.0056801,0.0039507,0.0065693,0.0066301,0.0080376,0.0082206,0.003287,0.0045973,0.0099741,0.0073276,0.0042567,0.0076506,0.0058684,0.0018252,0.00063981,0.0045308,0.0055318,0.0034055,0.0033953,0.0011396,0.00072491,0.0013735,0.0024452,0.0020748,0.0011227,0.00060649,0.00072908,0.00067447,0.0010767,0.0015356,0.0011897,0.0017104,0.001654,0.0020503,0.0019154,0.0013095,0.001716,0.001172,0.00086022,0.0019116,0.0047873,0.0058959,0.0038024,0.0039396,0.0072299,0.01438,0.017493,0.013887,0.0031298,0.0018447,0.0033066,0.0030774,0.0078977,0.007449,0.0056682,0.0056241,0.0041348,0.005473,0.0045269,0.0017493,0.0020279,0.0064422,0.0061656,0.0034377,0.0022105,0.0034768,0.0015304,0.0013331,0.0041746,0.0054854,0.0040231,0.0037116,0.0051282,0.0038794,0.0020774,0.0027387,0.0050143,0.0025374,0.0023005,0.004113,0.0042245,0.0017273,0.0008679,0.0023701,0.0041432,0.0024766,0.0015537,0.0019954,0.0021648,0.0016033,0.0031094,0.0046877,0.0033981,0.0031489,0.0030721,0.0028458,0.0035128,0.0037154,0.0014791,0.0020916,0.0024805,0.0011582,0.0027723,0.002918,0.0048416,0.004553,0.0041917,0.0048187,0.0017523,0.003752,0.0025404,0.0071983,0.014513,0.016252,0.016961,0.0086256,0.012415,0.015581,0.0086182,0.015371,0.015059,0.012917,0.012053,0.01028,0.0067677,0.0029173,0.0065047,0.0090591,0.0095605,0.008225,0.0067051,0.0099806,0.007666,0.0035441,0.0092202,0.010947,0.0053273,0.0067835,0.0076371,0.0054748,0.0024446,0.0016364,0.0018212,0.0031739,0.0031785,0.0026635,0.0028425,0.0010931,0.0021437,0.0020275,0.0012244,0.00064142,0.0012775,0.004278,0.0054268,0.0031357,0.0039305,0.0031496,0.0082742,0.010367,0.0061804,0.010094,0.0050974,0.0073308,0.010877,0.015125,0.0099281,0.0095513,0.012755,0.01627,0.017375,0.02591,0.03972,0.052452,0.054236,0.05987,0.099529,0.134,0.12953,0.094382,0.038553,0.053728,0.074203,0.023146,0.068784,0.072805,0.059431,0.042983,0.049589,0.044219,0.03412,0.015703,0.0082716,0.010459,0.015325,0.0090252,0.0072464,0.011072,0.0074807,0.0047256,0.0028694,0.0020534,0.0038602,0.0015809,0.0090279,0.008697,0.001292,0.004275,0.0048971,0.0083506,0.0063803,0.0013424,0.0036592,0.0063411,0.0028237,0.0036216,0.0029624,0.0025753,0.0011527,0.0013994,0.0028872,0.0021698,0.0024774,0.0022553,0.0025631,0.0037729,0.0028607,0.0014145,0.008176,0.007947,0.003929,0.0035086,0.0069262,0.0083014,0.027212,0.027186,0.026545,0.021413,0.0075876,0.023335,0.031392,0.069286,0.10384,0.086314,0.050228,0.012396,0.03237,0.048714,0.017756,0.044925,0.048507,0.036396,0.021311,0.038359,0.042042,0.045451,0.059071,0.056185,0.02679,0.018406,0.011975,0.0068601,0.0039928,0.0054116,0.0074776,0.0040491,0.0071955,0.014683,0.016772,0.01363,0.010896,0.0087854,0.0041628,0.002677,0.0042629,0.0061999,0.0066631,0.0094997,0.0093122,0.011306,0.012299,0.012849,0.016766,0.00038649,0.00084428,0.0014176,0.0023279,0.0025887,0.0022229,0.001383,0.0021237,0.001588,0.0012892,0.0011157,0.0015517,0.0012544,0.0016378,0.0022252,0.0023895,0.0017674,0.00097508,0.0011611,0.0022212,0.0043951,0.0074089,0.0097702,0.011328,0.01053,0.0064992,0.0052369,0.002731,0.0021733,0.0074262,0.0092554,0.0073838,0.015309,0.0071578,0.0016394,0.0022399,0.0097853,0.011469,0.01208,0.014444,0.0099471,0.0096517,0.0086276,0.0016746,0.0081845,0.006831,0.0091099,0.010109,0.0079708,0.0038041,0.011964,0.016473,0.013611,0.01245,0.011681,0.010327,0.0066176,0.0030007,0.0043293,0.0013662,0.0043886,0.001961,0.0026417,0.0016552,0.0013152,0.0057723,0.0053979,0.0044511,0.0051216,0.0066266,0.0052647,0.0027363,0.0024745,0.0025122,0.0040866,0.0055837,0.004834,0.006044,0.0077983,0.011297,0.013565,0.017971,0.023141,0.021488,0.014211,0.011029,0.0072716,0.0047122,0.010379,0.0078299,0.0045272,0.012714,0.0094344,0.0058647,0.013681,0.0083317,0.0067043,0.0071057,0.0055051,0.0048203,0.0024766,0.0053919,0.010152,0.015556,0.023073,0.026275,0.024378,0.031598,0.028782,0.041934,0.033292,0.054354,0.072997,0.040756,0.039163,0.07465,0.085416,0.073289,0.06164,0.052236,0.034507,0.013786,0.011598,0.0096631,0.010597,0.0094775,0.0027177,0.0062441,0.0087133,0.0075099,0.0010819,0.0018121,0.0015648,0.0021438,0.0019617,0.0027451,0.0043713,0.0033511,0.0014442,0.0019924,0.0029803,0.0033419,0.0039822,0.0018108,0.0038324,0.0061926,0.0047834,0.0036982,0.0019055,0.003689,0.0035718,0.0045719,0.0054767,0.0062413,0.010411,0.013344,0.0065096,0.0060996,0.0053906,0.011328,0.011939,0.016788,0.022831,0.01748,0.010083,0.0093199,0.026718,0.044746,0.030151,0.015492,0.010684,0.013495,0.010169,0.019187,0.022868,0.016958,0.031398,0.02418,0.0063706,0.0086375,0.013514,0.041794,0.052176,0.03944,0.030086,0.010539,0.0044691,0.008243,0.0065499,0.0055251,0.0058639,0.016481,0.013904,0.0026868,0.01042
0.0012015,0.0015538,0.00031579,0.00099989,0.00029321,0.0006907,0.00045309,0.00080972,0.0011657,0.0013869,0.0011457,0.0010509,0.0019287,0.0014319,0.00084539,0.00090749,0.00096952,0.0012846,0.00080954,0.0011755,0.0027179,0.003302,0.0030775,0.00087459,0.0015763,0.0013559,0.0068245,0.0082498,0.0017169,0.0020822,0.0013432,0.0031998,0.0015349,0.002151,0.0045267,0.0045809,0.0025747,0.0026006,0.0033554,0.0064745,0.0084104,0.028637,0.039838,0.022456,0.0033367,0.0057425,0.0040391,0.0029554,0.0022614,0.00060175,0.00073458,0.0010085,0.0012186,0.00069947,0.00019986,0.00041071,0.0012605,0.0017627,0.00057839,0.0010026,0.0017836,0.0015742,0.00046791,0.0013545,0.00058532,0.00077793,0.0010003,0.002775,0.0032915,0.0010173,0.00032526,0.0003698,0.00071045,0.0010042,0.00068397,0.00074262,0.001459,0.00045502,0.00069831,0.0023833,0.0020281,0.0021538,0.0020896,0.0032119,0.0080581,0.035305,0.0503,0.022272,0.0095397,0.011463,0.015246,0.064584,0.075037,0.031535,0.0089882,0.0026718,0.0035564,0.0051139,0.0022051,0.0023326,0.0030079,0.0021872,0.00099721,0.0023517,0.0025144,0.00018692,0.0051359,0.0067191,0.0056566,0.037066,0.054687,0.02722,0.011536,0.0056903,0.0023679,0.0040222,0.0012068,0.0015479,0.0010046,0.00029099,0.0010734,0.001289,0.0015034,0.001695,0.00063247,0.00040206,0.00077486,0.0015977,0.0021207,0.0020431,0.00061735,0.00077708,0.00085527,0.001645,0.0014634,0.0023712,0.0027192,0.00204,0.0012851,0.00068203,0.00097092,0.0015012,0.0011692,0.00070382,0.0003896,0.00073386,0.00058425,0.0025282,0.0033057,0.0029913,0.0080002,0.0094138,0.0062976,0.0064194,0.0034249,0.0024062,0.024036,0.02821,0.012246,0.0055021,0.0024935,0.00018017,0.00048061,0.00038241,0.0012188,0.0019167,0.0034529,0.0016712,0.0023282,0.0031231,0.0049125,0.011591,0.014424,0.01136,0.0096421,0.016077,0.010712,0.0081772,0.0071757,0.0095763,0.0081812,0.0037924,0.005953,0.0012052,0.0011533,0.00062844,0.001453,0.0010357,0.0017289,0.0010931,0.0013762,0.00054769,0.00069243,0.00040722,0.0014755,0.0002621,0.00026757,8.29e-05,0.00079823,0.001131,0.00079971,0.0008422,0.0008257,0.00020053,0.001311,0.0015539,0.0024044,0.00096886,0.0009098,0.00081363,0.0009502,0.0012332,0.00079822,0.0027006,0.0025273,0.0078708,0.011431,0.0048335,0.0014522,0.0085809,0.0030856,0.026986,0.032856,0.020599,0.011166,0.0059491,0.004515,0.0048551,0.0042384,0.00067321,0.0038055,0.0042896,0.0017003,0.00034406,0.0041834,0.0031627,0.0093494,0.011425,0.0047554,0.008251,0.0083433,0.0057825,0.0035849,0.00097002,0.00039752,0.0011457,0.00090096,0.002279,0.0050897,0.0057697,0.0051773,0.0044779,0.0026985,0.0036884,0.0020565,0.0032167,0.00069834,0.00065199,0.00077192,0.0013795,0.001522,0.0018846,0.00043931,0.0019794,0.0025526,0.0035378,0.004007,0.0019709,0.0019936,0.0031934,0.0032492,0.0026061,0.0027157,0.0035203,0.0040256,0.0049168,0.0042444,0.006771,0.015825,0.01419,0.060957,0.083615,0.039268,0.016951,0.012215,0.0067718,0.014552,0.016653,0.0083958,0.0032656,0.0046641,0.0020303,0.0030754,0.0034164,0.0026446,0.0010201,0.0018325,0.0032136,0.0020553,0.0068223,0.0046421,0.017186,0.022222,0.013163,0.011088,0.0059542,0.0025552,0.0024256,0.0010661,0.0013795,0.0029482,0.0019643,0.0030273,0.0041236,0.0035447,0.0015164,0.0013663,0.0011599,0.0018305,0.0024594,0.00050172,0.001087,0.00091669,0.0016376,0.0017917,0.00093384,0.00060955,0.00053621,0.0016809,0.0017214,0.00054596,0.00099585,0.0018537,0.0011196,0.00028418,0.00035115,0.0009048,0.0013172,0.0016076,0.0011845,0.0015577,0.00069943,0.0013168,0.0020426,0.0014616,0.0031028,0.0038622,0.0027272,0.0039545,0.003242,0.0030594,0.015455,0.021237,0.014486,0.0085132,0.0013934,0.0015195,0.0013688,0.0036916,0.0027147,0.0022869,0.0048922,0.005538,0.0061141,0.00088674,0.0023562,0.0062211,0.0063355,0.002001,0.0039618,0.0043396,0.0017722,0.0016397,0.0016291,0.0017126,0.0018941,0.0012215,0.0034402,0.006434,0.0075886,0.0051971,0.0045444,0.0021831,0.0028485,0.0016684,0.00069797,0.0013292,0.00070428,0.0013098,0.001507,0.00023365,0.00051632,0.0008715,0.00089847,0.0013188,0.0019588,0.0014412,0.00033398,0.0010233,0.00020638,8.4487e-05,0.001313,0.00028325,0.0010438,0.00079111,0.00071324,0.00017631,0.00053876,0.0010401,0.0027277,0.0079733,0.0078002,0.0025999,0.00096989,0.0065242,0.0079107,0.030512,0.030213,0.013276,0.00092644,0.0039692,0.0032543,0.0024499,0.0060086,0.0024219,0.001255,0.0017249,0.0013861,0.0023391,0.007338,0.0057452,0.023894,0.023265,0.0093044,0.0021156,0.0019399,0.0018108,0.0018227,0.00046147,0.0013285,0.0010546,0.00039993,0.00024385,0.00046675,0.00097797,0.0010289,0.00092206,0.00069406,0.00031529,0.00092883,0.00075989,0.00060574,0.00049298,0.00025697,0.0010201,0.0014824,0.00034307,0.00071224,0.0021053,0.0023948,0.0013761,0.0027238,0.0025364,0.002009,0.0014384,0.0030579,0.0035326,0.0060342,0.0037387,0.0015298,0.0037153,0.0013399,0.0027279,0.01214,0.0028225,0.034768,0.03027,0.026003,0.0072092,0.058552,0.065267,0.24882,0.23166,0.083548,0.016927,0.0095103,0.0059301,0.0047842,0.0060669,0.0026408,0.0048494,0.0052598,0.0020235,0.0017532,0.0073362,0.0073508,0.018808,0.015103,0.011084,0.012722,0.0087046,0.0053014,0.0034367,0.0012184,0.0018702,0.00077857,0.00034068,0.0029866,0.0027886,0.0015183,0.0015367,0.0016108,0.0031223,0.0025554,0.00053124,0.0010242,0.0018178,0.0020148,0.0023089,0.00099049,0.0010506,0.00086618,0.0020361,0.0016464,0.002742,0.003707,0.002045,0.00053289,0.00097645,0.0014734,0.00028994,0.00082962,0.00094234,0.00052482,0.0020503,0.0010976,0.0013719,0.001042,0.0044153,0.0059041,0.014383,0.01217,0.010206,0.0050014,0.032803,0.031849,0.13429,0.12124,0.050255,0.011758,0.017884,0.00087714,0.015221,0.01911,0.016362,0.0052244,0.00081645,0.0020946,0.0040153,0.0093606,0.0041601,0.019159,0.016021,0.0051118,0.0026894,0.0021712,0.00024474,0.00056908,0.00096091,0.0015098,0.0026047,0.0012751,0.0017203,0.0019349,0.00022874,0.00087168,0.0025948,0.0012709,0.001298,0.0013015,0.0014207,0.0012001,0.0011719,0.0018658,0.0019424,0.0007777,0.0012642,0.00093187,0.0013813,0.0013908,0.0013381,0.0025814,0.0010164,0.00033239,0.00095119,0.0010724,0.0018476,0.0012481,0.0020653,0.0012571,0.00083379,0.00074713,0.0014919,0.0020204,0.0021195,0.00075506,0.0026133,0.0024094,0.0020733,0.003897,0.0066301,0.01543,0.027177,0.019825,0.0061713,0.0015192,0.0023872,0.00068008,0.00039196,0.00076337,0.002107,0.0029675,0.001096,0.0017046,0.0043468,0.0065866,0.0083825,0.0237,0.021155,0.0071528,0.014683,0.012729,0.0057785,0.0027827,0.0029459,0.00093134,0.00040601,0.0021555,0.0043731,0.0056871,0.0049311,0.0021084,0.0014424,0.003365,0.0015453,0.00083106,0.0014372,0.0024623,0.0019414,0.0015509,0.00087339,0.0010689,0.0012685,0.0020437,0.00064396,0.0044642,0.0026498,0.0017818,0.0014057,0.0041136,0.0013962,0.0054337,0.0049999,0.0061071,0.0042262,0.0021779,0.0032949,0.0034654,0.0047179,0.013675,0.022673,0.044505,0.036995,0.005115,0.009573,0.011147,0.016832,0.029919,0.017657,0.0064672,0.0062791,0.0070067,0.0037715,0.0081701,0.008237,0.0091019,0.010768,0.018178,0.021983,0.036946,0.048765,0.069009,0.15907,0.15048,0.052089,0.0082603,0.0182,0.0027273,0.0088358,0.0080331,0.0031937,0.0080191,0.0040587,0.0048374,0.0056922,0.0034733,0.002916,0.0032681,0.0028881,0.0024144,0.0031237,0.003067,0.0019737,0.00034622,0.0044302,0.0027641,0.0026989,0.0016237,0.0029727,0.0021172,0.0022401,0.0010948,0.003641,0.0030881,0.0021614,0.0027057,0.0014285,0.0015863,0.0007934,0.00029143,0.0023514,0.0025573,0.0001857,0.0030834,0.0010722,0.0075917,0.0087157,0.006222,0.0040272,0.0056344,0.002654,0.015504,0.020411,0.010775,0.0072187,0.0041865,0.006059,0.0076597,0.0047284,0.00063669,0.0054409,0.0050499,0.0091847,0.011956,0.017231,0.029619,0.028348,0.078126,0.076561,0.020707,0.0030059,0.0063472,0.002268,0.0031933,0.0041319,0.005457,0.0089479,0.010927,0.016887,0.024733,0.017109,0.0054701,0.011523,0.014863,0.0059111,0.0037889,0.0046519,0.0068145,0.0050072,0.0076264
0.0013875,0.0014377,0.0021216,0.002324,0.0011208,0.00076245,0.00057237,0.00030309,0.0013446,0.0013058,0.00031538,0.0012765,0.0016248,0.0011867,0.0015263,0.0010169,0.00079994,0.00049258,0.00075126,0.0037266,0.0051569,0.0062361,0.0081266,0.005072,0.010365,0.0084479,0.0014382,0.0015615,0.0010199,0.0010747,0.00097876,0.0012925,0.0022051,0.0022287,0.0014048,0.0022673,0.0034795,0.0047111,0.001582,0.024896,0.041216,0.018981,0.0057214,0.0044563,0.0097115,0.0050821,0.0026558,0.0022171,0.00061164,0.00079186,0.0020772,0.0024019,0.00081655,0.00069237,0.00028545,0.00062429,0.00061726,0.0014318,0.0022819,0.00289,0.0020326,0.0014667,0.0017891,0.0011596,0.00048692,0.00054322,0.0017442,0.0012902,0.0030182,0.0042195,0.00241,0.00069883,0.00038624,0.0028511,0.0033927,0.0013028,0.0020119,0.00095633,0.0011416,0.0022165,0.0024055,0.0012895,0.0083668,0.014942,0.051128,0.047643,0.0055957,0.011106,0.033918,0.10189,0.080827,0.013658,0.0030238,0.00080188,0.0024467,0.0027289,0.0015957,0.0015262,0.00055583,0.00070368,0.0010157,0.0016868,0.001149,0.0015429,0.0040641,0.0059834,0.0031249,0.0051471,0.02239,0.056016,0.037073,0.0069671,0.0013489,0.00097914,0.002015,0.0035335,0.0032934,0.0013459,0.00073996,0.00021985,0.0010745,0.0010282,0.00041751,0.0004986,0.001365,0.00070693,0.00073218,0.0014956,0.0013998,0.00090816,0.0004983,0.00024712,0.00094047,0.0011604,0.0018342,0.0015476,0.0017678,0.0024273,0.00080262,0.00037337,0.0015667,0.0029418,0.0018376,0.0011309,0.00072077,0.00032171,0.0015858,0.005486,0.0067965,0.0080019,0.0075991,0.0042477,0.0072615,0.01295,0.037649,0.030869,0.0048566,0.0023666,0.0019887,0.00064303,0.0023011,0.0049497,0.0021048,0.0010969,0.0014978,0.0018999,0.002053,0.0055642,0.0053039,0.0068825,0.014937,0.0083765,0.004863,0.003153,0.014768,0.0093982,0.0045509,0.0041675,0.0021408,0.0027774,0.0080094,0.010493,0.0026858,0.0016378,0.0020904,0.0024751,0.00096472,0.00020362,0.0007011,0.00079959,0.0015799,0.00083135,0.001747,0.0012483,0.00097108,0.00045018,0.00034015,0.00021382,0.00038321,0.00051905,0.00017286,0.00031337,0.00050799,0.00032061,0.00041072,0.0013987,0.0025454,0.00089792,0.00045287,0.00061729,0.0006075,0.0018605,0.0016268,0.0021743,0.0079168,0.010121,0.0073916,0.0014215,0.0044531,0.032493,0.038718,0.014915,0.0014512,0.0025753,0.0034511,0.0015051,0.0020099,0.00098118,0.00030254,0.0015021,0.0016509,0.0010465,0.00061358,0.0011342,0.0052514,0.012106,0.0063491,0.0014383,0.0035477,0.0096095,0.0087229,0.0023594,0.0010694,0.001006,0.00068742,0.0019145,0.0010987,0.00051359,0.0010823,0.0010542,0.0022411,0.0021124,0.0024925,0.0061825,0.0062928,0.0017571,0.0012297,0.00067148,0.00097134,0.0013351,0.0025974,0.0015719,0.0012202,0.00066858,0.0010174,0.0013304,0.00092161,0.0012102,0.00098902,0.0034846,0.00027656,0.0022966,0.0010546,0.0039707,0.0019242,0.0012106,0.0082896,0.015782,0.024354,0.072229,0.10559,0.046992,0.0038297,0.0030394,0.017284,0.015997,0.0033504,0.0017047,0.0038958,0.003027,0.00032711,0.0020547,0.0014859,0.0014771,0.00095694,0.0016878,0.0010758,0.0016441,0.0044106,0.012732,0.029873,0.020783,0.0061531,0.00097337,0.0037905,0.0024305,0.0025753,0.0010411,0.00077751,0.00049678,0.0014111,0.0010096,0.0018485,0.00033807,0.00090408,0.00069997,0.00066637,0.00065872,0.0019733,0.0027083,0.0010843,0.00066817,0.0011235,0.00048662,0.00092712,0.00086968,0.00075526,0.00075336,0.00044804,0.00046852,0.00035099,0.001024,0.0013077,0.0013094,0.0013149,0.0018627,0.0021404,0.00076563,0.00017511,0.00018996,0.0001342,0.001131,0.00091948,0.002524,0.0025287,0.0019444,0.0061262,0.0053247,0.0036673,0.018571,0.025455,0.010143,0.0019039,0.00089466,0.0018455,0.0013392,0.00081279,0.00073933,0.0003984,0.0013145,0.0017547,0.0031911,0.0037769,0.0040233,0.0042867,0.010103,0.0078946,0.0022558,0.0024259,0.0041808,0.00189,0.0013332,0.00039206,0.00034441,0.0016466,0.001667,0.00063918,0.0014918,0.0013207,0.0010518,0.0014342,0.00045759,0.0030663,0.007307,0.0059628,0.0012749,0.002276,0.00079479,0.001495,0.0016272,0.00021099,0.00064342,0.00074042,0.00038305,0.00054966,0.00055613,0.00051046,0.00074705,0.0015089,0.00084016,0.00078253,0.0010956,0.0029142,0.0029185,0.0013771,0.0027629,0.0038424,0.0031976,0.0018909,0.0033543,0.011215,0.0091073,0.0019214,0.014691,0.033526,0.018935,0.0015201,0.0026314,0.0027073,0.0014551,0.001504,0.0035657,0.0041198,0.0017617,0.0010999,0.0010236,0.0023014,0.0030394,0.0040823,0.023983,0.023783,0.0061185,0.0011027,0.0020474,0.0041236,0.0013803,0.0011637,0.00073853,0.00062909,0.00036074,0.00060378,0.0010213,0.00066876,0.00044904,0.00083938,0.0012655,0.0013798,0.00091752,0.00028484,0.00099098,0.001581,0.0010033,0.0011076,0.00091512,0.00029678,0.00099748,0.0013345,0.0007848,0.00059026,0.0016427,0.00039511,0.0013507,0.00038585,0.00361,0.0033806,0.0011739,0.0017554,0.0019387,0.0035748,0.0035867,0.0013298,0.0052196,0.0086773,0.021593,0.059289,0.045039,0.014039,0.015029,0.16353,0.33846,0.18278,0.012079,0.0079583,0.0075067,0.0060944,0.0035945,0.0046354,0.0037044,0.0019596,0.0017128,0.0042064,0.002295,0.0039254,0.0032911,0.01962,0.019648,0.0033932,0.0022698,0.0095846,0.01244,0.004977,0.0018542,0.00088779,0.0019613,0.002515,0.0018179,0.001971,0.00044251,0.00059845,0.00085093,0.00085639,0.0014374,0.0016851,0.00063059,0.0018825,0.0016306,0.0018454,0.00043342,0.00089783,0.00043135,0.00041388,0.00017726,0.0014616,0.00020867,0.00084173,0.00032154,0.00035918,0.00091545,0.00062602,0.0013024,0.00088793,0.002652,0.0031298,0.0053294,0.0023397,0.0082729,0.0047858,0.0037723,0.0056079,0.015082,0.047531,0.037127,0.013669,0.084842,0.18586,0.10175,0.0096691,0.0067652,0.0085534,0.0019007,0.0045351,0.0040416,0.0062901,0.004323,0.003121,0.0011293,0.001894,0.0031052,0.0041183,0.024986,0.024369,0.0072744,0.002064,0.0043647,0.0021985,0.00056577,0.0015683,0.0020792,0.00068247,0.00080186,0.0016882,0.00062135,0.0012298,0.00093738,0.0007183,0.0022355,0.0026449,0.0019028,0.00051316,0.00095642,0.0025216,0.0018962,0.00073411,0.00055298,0.00017033,0.0013021,0.00053262,0.00048602,0.0013746,0.0014037,0.000906,0.0010261,0.00091893,0.00047975,0.00077577,0.0010549,0.0015258,0.0018999,0.001769,0.0018394,0.0018275,0.0025673,0.0032874,0.0033426,0.0044104,0.0043808,0.0049159,0.0068934,0.013018,0.027311,0.01391,0.010607,0.0086399,0.0044229,0.0038957,0.0035736,0.0030548,0.0022119,0.0023153,0.004328,0.0050276,0.0042329,0.0050206,0.0094126,0.02436,0.025513,0.0021363,0.005918,0.0033527,0.010239,0.0031449,0.010261,0.0069038,0.0040166,0.0026827,0.003401,0.0039518,0.00387,0.0041132,0.0046854,0.0055196,0.0040247,0.004079,0.0044621,0.002009,0.0032645,0.001392,0.0028414,0.0024397,0.0013345,0.0032261,0.0033833,0.0027905,0.0030182,0.0019943,0.0014919,0.0036081,0.004786,0.0048962,0.0041613,0.0047335,0.0071736,0.0083831,0.0080256,0.0060706,0.0061093,0.0067257,0.016554,0.033262,0.067468,0.05238,0.0089624,0.0070723,0.011445,0.026203,0.012773,0.013955,0.013808,0.0090724,0.0077584,0.0084489,0.007348,0.0094311,0.010994,0.012418,0.016422,0.020335,0.023478,0.040031,0.13943,0.15689,0.023475,0.06686,0.043133,0.035605,0.026547,0.022242,0.019317,0.015636,0.014576,0.014297,0.011918,0.010388,0.011641,0.011497,0.0086015,0.0071488,0.0075152,0.0076926,0.0096538,0.0088471,0.0086488,0.0093602,0.0087127,0.0083308,0.0027167,0.00099582,0.00045641,0.0030663,0.0040983,0.0029343,0.0017309,0.00090341,0.0014696,0.0025819,0.0033468,0.0015415,0.00099993,0.0005144,0.0020707,0.0030507,0.0043817,0.0047494,0.0033072,0.0065165,0.0069562,0.0054583,0.0059187,0.0077926,0.012262,0.0059865,0.0053476,0.005674,0.0072453,0.007393,0.0088078,0.0090864,0.0086438,0.0081428,0.010994,0.014787,0.015896,0.0235,0.033847,0.085934,0.093711,0.014166,0.033473,0.018386,0.015742,0.014423,0.018353,0.016921,0.012167,0.012662,0.013305,0.010726,0.012547,0.017699,0.024047,0.031722,0.022619,0.016738,0.017525,0.007383,0.016442,0.0077309,0.007924,0.0058549,0.0037414
0.0011979,0.00062106,0.00035281,0.00015662,0.00098868,0.0014198,0.0007343,0.0020024,0.0023877,0.0019939,0.0014686,0.0011964,0.0014927,0.0011721,0.0012232,0.0015404,0.0034913,0.0072844,0.011356,0.0091088,0.00094411,0.0051713,0.0016903,0.0095851,0.011881,0.0026053,0.0027481,0.0010371,0.00051081,0.0021733,0.0027235,0.0010487,0.00092468,0.00093464,0.0024841,0.0027249,0.0019881,0.0013813,0.00096559,0.0077661,0.037795,0.042281,0.010732,0.0033068,0.0085537,0.010666,0.0022704,0.0023596,0.0012098,0.0015662,0.0016106,0.0013567,0.00048503,0.00091467,0.0013263,0.0011116,0.0014273,0.0025066,0.0010558,0.0012857,0.0013233,0.0012788,0.0015165,0.00077192,0.00038662,0.0017745,0.0015466,0.0013178,0.0012389,0.0011787,0.0015164,0.001938,0.001907,0.00073312,0.0020782,0.0012155,0.00069867,0.0011903,0.0017471,0.0020046,0.00048974,0.0065563,0.022845,0.067645,0.053107,0.0034995,0.015592,0.031712,0.093486,0.11353,0.029725,0.013824,0.0010721,0.0038903,0.002097,0.00067616,0.0015224,0.0017887,0.0026284,0.0043383,0.0037213,0.0018152,0.0011256,0.00093191,0.0026711,0.007401,0.007257,0.003211,0.0076455,0.04124,0.056547,0.016238,0.0053837,0.00091812,0.0027391,0.0037928,0.0025789,0.0006546,0.00056715,0.001108,0.001069,0.00021763,0.00091056,0.00087455,0.0017836,0.0030171,0.0028105,0.0016645,0.001124,0.0017178,0.001493,0.00049012,0.00080749,0.0011472,0.00046958,0.00030453,0.00081386,0.00082394,0.00087472,0.0016433,0.0023848,0.0020836,0.0003873,0.001739,0.0023495,0.0026199,0.0027031,0.0043819,0.0078414,0.0047297,0.0030085,0.0062991,0.010427,0.031931,0.042479,0.011815,0.0059445,0.0017136,0.0043413,0.0061088,0.0032687,0.0012557,0.002183,0.0009484,0.001141,0.0018907,0.0020931,0.00067058,0.0022403,0.0036521,0.012053,0.01271,0.0022527,0.0012708,0.011184,0.015474,0.0052861,0.0013514,0.0022363,0.0080474,0.0081962,0.0031408,0.00048491,0.0015273,0.0027895,0.0024538,0.0021023,0.0017431,0.00065693,0.00033508,0.0014102,0.0026614,0.0014907,0.00057684,0.0013507,0.00037297,0.00049495,0.00048905,0.00077674,0.0006532,0.00073882,0.0010355,0.001469,0.00098602,0.00099684,0.00087567,0.0020616,0.0008889,0.00071012,0.0006834,0.0010317,0.0018072,0.0047216,0.013136,0.014683,0.0078947,0.0019417,0.0031924,0.021206,0.040562,0.017823,0.0055186,0.0005725,0.0029291,0.0014411,0.0015918,0.00043678,0.0006818,0.0012922,0.00099252,0.0020365,0.0011664,0.0006039,0.00074616,0.0015708,0.0092127,0.014144,0.0075162,0.0021721,0.005096,0.0089955,0.0040303,0.0013257,0.00037258,0.0023579,0.0017143,0.00086379,0.00097607,0.0012713,0.0013017,0.0012958,0.0023941,0.0061925,0.0042729,0.00032967,0.00060138,0.00047159,0.00060605,0.0011072,0.0011188,0.0013926,0.00044654,0.0012529,0.0009897,0.0012195,0.0028673,0.0019875,0.0020943,0.00051973,0.0028926,0.00043646,0.0012425,0.0011466,0.0010922,0.0010647,0.0031397,0.003297,0.036361,0.12469,0.12527,0.028975,0.0099826,0.0022078,0.014962,0.02382,0.012112,0.0015534,0.002042,0.0039506,0.003244,0.0047326,0.0030539,0.0018115,0.0019334,0.0018591,0.00066377,0.0013829,0.00072216,0.0011876,0.0021039,0.015539,0.029363,0.013117,0.0017935,0.00069877,0.0020602,0.001679,0.00097564,0.00058017,0.00084969,0.0019043,0.0007469,0.00064601,0.0014621,0.00097661,0.00022933,0.0016038,0.0037357,0.0033899,0.0010729,0.00068842,0.0004084,0.001256,0.00088765,0.00093707,0.00043559,0.00070514,0.00090649,0.0009864,0.00068845,0.0005578,0.0007492,0.00084409,0.001101,0.0007529,0.00068943,0.0003096,0.0006947,0.00046409,0.0012518,0.0019189,0.0028502,0.0012032,0.0022043,0.0020711,0.0057059,0.0026053,0.0035986,0.013608,0.025937,0.013133,0.002516,0.0025679,0.00028906,0.00086441,0.0013595,0.0013191,0.0011587,0.00093994,0.0011894,0.00081763,0.0019247,0.00080837,0.0022721,0.0036376,0.00844,0.010048,0.0051923,0.0011674,0.00389,0.0064405,0.0040639,0.0014814,0.0012576,0.00084978,0.00035895,0.00054546,0.00038741,0.0017743,0.0007601,0.00028483,0.0043038,0.0098323,0.0061622,0.00098945,0.00085781,0.000769,0.0017728,0.0008879,0.0009465,0.001489,0.0014025,0.00073603,0.0004836,0.00095157,0.00086499,0.00040117,0.0006761,0.0012541,0.0024936,0.0025066,0.0016825,0.0011894,0.0015849,0.004149,0.0075407,0.009335,0.008294,0.0059288,0.0086836,0.0066873,0.0051789,0.012218,0.024316,0.026891,0.004245,0.0059644,0.0029836,0.0020552,0.0027364,0.00071754,0.0017681,0.0010606,0.0017865,0.0018564,0.0025786,0.005492,0.0045821,0.0042122,0.013581,0.024205,0.020445,0.0049194,0.0035175,0.00062803,0.0027088,0.0011877,0.0012344,0.0018842,0.0012134,0.0016832,0.00081401,0.0009286,0.0012026,0.00047121,0.0010856,0.00092643,0.0005166,0.00043218,0.001117,0.0011646,0.0010894,0.0003814,0.00061094,0.0006003,0.0028102,0.0027727,0.0030967,0.0026703,0.0037736,0.0067949,0.008375,0.005333,0.0027477,0.00080116,0.0068469,0.0081386,0.0095065,0.012711,0.011652,0.0034787,0.016308,0.036579,0.051198,0.041408,0.0097006,0.052393,0.12879,0.27727,0.29622,0.047863,0.068948,0.029544,0.019893,0.013383,0.012854,0.017437,0.013021,0.012063,0.0070147,0.011752,0.0049791,0.0045463,0.011095,0.018488,0.019341,0.014863,0.0047664,0.0029631,0.010106,0.010475,0.0056814,0.0042301,0.0052261,0.0051839,0.0041742,0.0028409,0.0043562,0.0036003,0.0050344,0.0043178,0.0024544,0.0040354,0.0042408,0.0038864,0.0015989,0.0056125,0.0046444,0.0036259,0.0013987,0.0011544,0.0024248,0.0015204,0.00073615,0.0019231,0.0027169,0.0013259,0.0037453,0.0028633,0.0021835,0.0053831,0.0078023,0.0048645,0.0040211,0.0098319,0.025464,0.038598,0.034648,0.011209,0.021252,0.0093807,0.02375,0.054962,0.15201,0.16579,0.027723,0.034902,0.016728,0.0060917,0.017003,0.0090637,0.0014496,0.0068755,0.004971,0.004153,0.0065342,0.00070951,0.0072155,0.010292,0.014465,0.018705,0.018532,0.0070834,0.0057451,0.0049633,0.0018492,0.0044383,0.0042671,0.0041702,0.0039942,0.0028825,0.0016941,0.0012286,0.00093177,0.0026955,0.0020539,0.0021089,0.00153,0.0015567,0.0017022,0.0011472,0.0018958,0.0026478,0.0027086,0.00098262,0.00070813,0.00050563,0.00032159,0.00019421,0.0006621,0.00031718,0.00070135,0.0017072,0.0026867,0.00091259,0.0011081,0.0011425,0.00221,0.0014329,0.0010108,0.0017184,0.00057204,0.0010592,0.0051816,0.0044303,0.0040705,0.0029313,0.0031981,0.017764,0.031799,0.016853,0.002038,0.0028939,0.0009541,0.0011753,0.0024522,5.3454e-05,0.00078959,0.0035429,0.0015188,0.00039731,0.0017457,0.0024096,0.00095266,0.0020753,0.01963,0.029463,0.015466,0.0038958,0.010462,0.015069,0.0082506,0.0010024,0.0037062,0.0017288,0.00024803,0.0025951,0.0011969,0.00091174,0.0016403,0.0010633,0.0023673,0.0060797,0.0038748,0.0018851,0.0016639,0.00059095,0.00099951,0.0011846,0.00067165,0.0013353,0.0035641,0.0024631,0.0024911,0.0034028,0.0029427,0.0049379,0.0040783,0.0036502,0.0013782,0.0018755,0.0061647,0.0031158,0.0026717,0.0049985,0.0063159,0.0031016,0.022356,0.0899,0.092692,0.02467,0.0067289,0.0035186,0.020007,0.037629,0.017154,0.0028951,0.0024544,0.0010274,0.0056011,0.00041199,0.0013112,0.0060435,0.0042341,0.0019883,0.0084155,0.0096613,0.007172,0.003861,0.011292,0.11118,0.18984,0.1105,0.011961,0.015712,0.0086811,0.0039076,0.0065985,0.0059497,0.0052412,0.002587,0.0063896,0.0027375,0.0017501,0.0025992,0.0036998,0.003009,0.0034205,0.0046458,0.0010903,0.00075798,0.0029206,0.0040068,0.0026997,0.0011794,0.0015046,0.0026967,0.0026463,0.002519,0.0016117,0.00078153,0.0019276,0.0015183,0.002134,0.0034394,0.0033103,0.00088029,0.0015024,0.0017188,0.00046393,0.0017597,0.0037011,0.0021396,0.0049881,0.0043037,0.0035527,0.0025246,0.0033116,0.0031451,0.012319,0.0051673,0.0048057,0.002332,0.0021316,0.0035523,0.0011129,0.0027881,0.0033494,0.0026419,0.0031778,0.0062731,0.0070985,0.01393,0.0059541,0.0069607,0.065917,0.11255,0.061858,0.00483,0.010829,0.0044878,0.0016274,0.0043698,0.0095176,0.0046831,0.0012344,0.0026325,0.0088195,0.0008831,0.0034115,0.0024889,0.017406,0.040061,0.031669,0.0088393,0.0022967,0.0029989,0.0026878,0.0034171,0.0021232
0.00044095,0.00094537,0.0014571,0.00081961,0.0011156,0.00080136,0.00153,0.0020594,0.0011081,0.00074989,0.0011402,0.00052345,0.0013911,0.0014426,0.00083225,0.0010322,0.00086659,0.0028449,0.0015353,0.0045546,0.0058261,0.0024557,0.0012169,0.00066633,0.0020228,0.0090099,0.0075209,0.0028437,0.0064485,0.0066666,0.003162,0.0020978,0.0012842,0.00049723,0.0014187,0.0013556,0.0002853,0.0022319,0.012548,0.039192,0.031476,0.0043229,0.0039227,0.0045791,0.010502,0.0082564,0.0016756,0.00087483,5.1678e-05,0.00043854,0.00056109,0.00013688,0.00077876,0.0012451,0.0012977,0.00071361,0.0010415,0.00088596,0.00031211,0.00095422,0.0011075,0.0010488,0.0016561,0.0010991,0.00032366,0.001202,0.0020086,0.0026529,0.0020514,0.0012786,0.001846,0.00039069,0.0030185,0.0013454,0.0013758,0.00037595,0.0014399,0.002429,0.0019696,0.0030842,0.0034138,0.0082633,0.0094209,0.022293,0.06007,0.050915,0.014615,0.0045348,0.010139,0.0035428,0.070683,0.087093,0.02608,0.0064623,0.0071333,0.0037777,0.0034649,0.0028879,0.0012571,0.0009646,0.0011953,0.0012219,0.00097428,0.0022335,0.0046072,0.0041112,0.0013932,0.0014546,0.013865,0.051059,0.044992,0.0075649,0.0033483,0.0032921,0.00078009,0.0013402,0.0021455,0.0015409,0.00134,0.0020007,0.0010797,0.0022864,0.0024808,0.0018244,0.00051582,0.001145,0.0014987,0.0017294,0.00094812,0.00049566,0.0011294,0.00081126,0.0015378,0.00046131,0.0011724,0.0016115,0.0015073,0.0015105,0.001532,0.0016594,0.0015985,0.00044667,0.0004097,0.0010994,0.001188,0.0010627,0.0011283,0.002932,0.0022745,0.0095287,0.010014,0.0016236,0.0036605,0.0071631,0.0018458,0.028611,0.034527,0.0094327,0.0051924,0.0054302,0.0029916,0.0034862,0.0033502,0.0009618,0.00079964,0.0019748,0.0032474,0.0026437,0.0068918,0.01444,0.01094,0.0023866,0.00085272,0.002753,0.012615,0.012327,0.0033125,0.00097031,0.00035005,0.0044748,0.010493,0.0069473,0.0013358,0.000919,0.0010553,0.0024785,0.0025115,0.0016033,0.0004961,0.0020669,0.0022699,0.0025825,0.0013005,0.00016708,0.00086484,0.0004529,0.00022536,0.00015691,0.00024819,6.3364e-05,0.00033814,0.00078783,0.0012267,0.0018508,0.0014905,0.00012384,0.00034933,0.00057898,0.00064571,0.0014524,0.00021591,0.00077758,0.0021766,0.0027053,0.010251,0.0093601,0.0046271,0.0051829,0.0019985,0.0029358,0.025843,0.036911,0.018471,0.0051374,0.002503,0.0068734,0.0042412,0.00018223,0.0019182,0.0021007,0.001557,0.0017534,0.0011903,0.0029959,0.010032,0.010061,0.0021849,0.001587,0.00060893,0.0079997,0.010311,0.005203,0.00151,0.00064814,0.0013136,0.0003117,0.00028947,0.0011097,0.0013748,0.002001,0.0013665,0.001612,0.0023298,0.0020243,0.0051482,0.0043433,0.0021544,0.0012249,0.0013986,0.00045708,0.0016318,0.0026343,0.0029224,0.0013177,0.00044482,0.0026319,0.0035879,0.002061,0.0014213,0.0029469,0.0027255,0.0023493,0.0035727,0.0026205,0.0034144,0.0022302,0.014143,0.015742,0.015979,0.088016,0.093105,0.029775,0.0077501,0.0095208,0.0031639,0.0047407,0.011374,0.0069181,0.0017577,0.0019659,0.00082688,0.0038969,0.0017731,0.0029954,0.0024052,0.0026347,0.0035174,0.0022742,0.0078658,0.021899,0.023871,0.011345,0.0029849,0.0040861,0.0011201,0.0033166,0.0035029,0.0013712,0.00274,0.0011819,0.0017584,0.0023519,0.0018966,0.0015929,0.0016166,0.001192,0.001319,0.002938,0.001379,0.0020629,0.0018726,0.0011848,0.00075827,0.0018836,0.0011346,0.00049148,0.00077012,0.00052692,0.00039488,0.0006006,0.0014574,0.0019812,0.0012719,0.0018536,0.0018247,0.00062992,0.0006139,0.00038503,0.0013982,0.0013153,0.0020026,0.002319,0.0016592,0.00042676,0.0031605,0.0033835,0.0017972,0.0033565,0.0057757,0.0043572,0.014104,0.02212,0.013089,0.0045865,0.0051398,0.0082581,0.0028417,0.0012601,0.0021156,0.00066341,0.00045108,0.00043759,0.00026003,0.0037916,0.0080197,0.0077041,0.0042054,0.0028779,0.0023268,0.0034018,0.0042725,0.0024277,0.00079625,0.001259,0.0014829,0.0014031,0.001289,0.00038937,0.00053449,0.0010088,0.00074144,0.00090027,0.0041267,0.001427,0.0059978,0.0059454,0.0025843,0.0025332,0.001144,0.00094972,0.00080687,0.00042441,0.00033337,0.0004514,0.0007714,0.00074092,0.00047557,0.00044544,0.00094306,0.0015608,0.0013923,0.00071672,0.0013504,0.0018127,0.00065959,0.0010872,0.0012648,0.0022622,0.0054259,0.0051577,0.0027185,0.00219,0.0036809,0.0032328,0.0065693,0.019046,0.03175,0.024169,0.013357,0.0053375,0.0053812,0.0062354,0.0045429,0.0046412,0.0043354,0.0055459,0.0077643,0.0095546,0.01114,0.019888,0.020133,0.002808,0.0032851,0.003991,0.0055727,0.0038056,0.0019181,0.0013234,0.001102,0.0010982,0.00072845,0.00061259,0.0016669,0.0012864,0.00057408,0.0006825,0.00041893,0.000904,0.001078,0.0010704,0.00013373,0.00078424,0.00017955,0.00059368,0.00065755,0.0049874,0.0046452,0.0047484,0.0043663,0.0048914,0.005006,0.0051571,0.0045877,0.005721,0.0074957,0.0067841,0.0098248,0.011811,0.010818,0.0086751,0.0073466,0.0063719,0.018543,0.010194,0.051583,0.063184,0.046226,0.063388,0.030622,0.10195,0.18002,0.26169,0.1349,0.043541,0.028479,0.02766,0.021152,0.017127,0.013445,0.013932,0.014701,0.014716,0.013241,0.011004,0.0084698,0.013665,0.0059684,0.0034341,0.0066689,0.0061346,0.006026,0.0023983,0.00089284,0.0010755,0.0018416,0.0021179,0.002138,0.0032676,0.001933,0.0012192,0.0023083,0.0035523,0.00393,0.0028168,0.00048631,0.0025302,0.0038278,0.0029743,0.00061476,0.00069917,0.0027298,0.0031337,0.0022838,0.0020401,0.0030816,0.002927,0.0020969,0.003237,0.0047595,0.0045924,0.0036239,0.0043602,0.0057566,0.0057332,0.0045359,0.0061204,0.006947,0.0095522,0.0094906,0.005099,0.0095265,0.011598,0.025071,0.013807,0.070394,0.12207,0.15802,0.070423,0.017503,0.010633,0.015381,0.011008,0.0030054,0.0039028,0.0057199,0.0088987,0.011146,0.0070918,0.0051916,0.023793,0.025204,0.0065977,0.0060955,0.0058201,0.0072571,0.0050818,0.0040108,0.0033284,0.0034062,0.0042356,0.0037029,0.0035048,0.0036001,0.001554,0.00043973,0.00064103,0.0010358,0.0023659,0.0020475,0.0011793,0.0012587,0.0017844,0.0013342,0.0027778,0.0036842,0.00043959,0.00074149,0.00094265,0.00056341,0.00091067,0.0015087,0.0016351,0.0011421,0.00050522,0.00091189,0.002307,0.0013547,0.00033691,0.00072976,0.0015108,0.0024701,0.0027858,0.0015825,0.0026559,0.0052487,0.0048811,0.0033342,0.0043966,0.0039522,0.0080756,0.026636,0.024211,0.00027683,0.0076877,0.004253,0.0014232,0.00081521,0.0026692,0.0031965,0.0022905,0.0015396,0.0030517,0.0055719,0.010692,0.020162,0.008895,0.013716,0.013515,0.0093898,0.014547,0.0077748,0.0065825,0.0060422,0.0050813,0.0053734,0.0042311,0.0043196,0.0045515,0.0038256,0.0015467,0.00090256,0.0014974,0.0015303,0.0041336,0.0047197,0.0012863,0.0026748,0.0030411,0.0020261,0.0024417,0.0045102,0.0040773,0.0028971,0.0030983,0.0042956,0.0041056,0.0033739,0.0036252,0.0038573,0.0016136,0.0020258,0.0020632,0.0043489,0.0014567,0.0028926,0.0040023,0.012326,0.0037808,0.027958,0.060956,0.03398,0.0192,0.028296,0.020383,0.019187,0.031279,0.030005,0.012595,0.0054254,0.006118,0.01072,0.012587,0.013732,0.01668,0.021115,0.025507,0.033996,0.043388,0.086615,0.15644,0.067613,0.083061,0.075353,0.033635,0.022806,0.016187,0.013438,0.012046,0.010829,0.009419,0.0078323,0.0072925,0.0082867,0.0073822,0.0087401,0.0099467,0.007441,0.0064349,0.0055777,0.0049798,0.0057171,0.0045454,0.0043535,0.0056541,0.0059032,0.003664,0.0018065,0.00086011,0.00055331,0.00081365,0.00073739,0.0023695,0.0040008,0.0031122,0.00027002,0.0011318,0.0010254,0.0010833,0.0015432,0.0019099,0.0015983,0.0020002,0.0013674,0.0027722,0.0046534,0.003507,0.0018216,0.0028404,0.0044859,0.0064694,0.012013,0.0094854,0.0036896,0.0049143,0.0059364,0.005057,0.0030435,0.0057144,0.0046579,0.0087495,0.013551,0.022543,0.029302,0.049573,0.090596,0.044657,0.044995,0.04333,0.01965,0.011971,0.0057204,0.0087783,0.011439,0.0098231,0.0083877,0.0064701,0.0050564,0.0095232,0.01293,0.003809,0.010905,0.009789,0.010537,0.023591,0.024162,0.00042757,0.012876,0.010604,0.0070159,0.0066666
0.0010284,0.00090703,0.0010218,0.0011327,0.00090743,0.0021497,0.0025065,0.0017641,0.00024372,0.0011749,0.0017221,0.0029394,0.0025582,0.001187,0.00087939,0.00094784,0.001116,0.00065173,0.0013576,0.0049586,0.0040122,0.0020626,0.0057824,0.0064488,0.0091149,0.012117,0.0094302,0.0068867,0.0041725,0.0020916,0.001253,0.0033895,0.0027698,0.0024399,0.0020914,0.0013184,0.0033777,0.0070419,0.028428,0.037741,0.010091,0.0065659,0.002063,0.0032256,0.0073364,0.0089244,0.0024758,0.0014695,0.0020287,0.0034879,0.0030474,0.0016066,0.0014453,0.0017682,0.0015665,0.001519,0.001725,0.0018576,0.00090054,0.00034431,0.00059916,0.0011703,0.00076013,0.00070115,0.0001909,0.0019293,0.0014069,0.00089907,0.00068011,0.00090795,0.0026545,0.0014413,0.0017602,0.0027209,0.0026903,0.0020635,0.0015821,0.0012,0.0022921,0.0027226,0.0042261,0.012868,0.027992,0.035752,0.051655,0.030745,0.0064944,0.0062129,0.020072,0.036555,0.078443,0.05945,0.026899,0.012355,0.0024818,0.0018938,0.0031006,0.0028362,0.0017717,0.0014959,0.0024197,0.0022766,0.0025597,0.0057124,0.0073689,0.0027025,0.00095825,0.0050249,0.014507,0.039679,0.050889,0.017557,0.013778,0.0011415,0.0014785,0.0035827,0.0028959,0.0027946,0.0015899,0.00039166,0.0016104,0.0015154,0.00058099,0.00098896,0.0013573,0.0012653,0.0015339,0.0012634,0.0015516,0.0012724,0.0014967,0.00043584,0.00088171,0.00082509,0.0017179,0.0023914,0.0016749,0.00099835,0.0012574,0.0015882,0.0014216,0.0016119,0.00065295,0.00059042,0.0010205,0.0010161,0.0024401,0.0041332,0.0043227,0.0062885,0.0014944,0.0044326,0.0041125,0.0079388,0.01934,0.035298,0.024153,0.011772,0.0059002,0.0037247,0.0015941,0.0012637,0.0030737,0.0018269,0.00080593,0.00062695,0.0012858,0.0032541,0.011067,0.012959,0.0037489,0.0039591,0.0043309,0.0048404,0.0091498,0.015088,0.0073001,0.0062387,0.0036307,0.0061595,0.0046969,0.0055339,0.0036539,0.0021712,0.0020238,0.00080291,0.0022766,0.0021827,0.0020402,0.00078398,0.0015623,0.0018528,0.001158,0.0022954,0.0023963,0.00080365,0.0011448,0.0011841,0.0010667,0.0013021,0.0023201,0.0017016,0.0012359,0.00080956,0.00054748,0.0020488,0.0034597,0.0020589,0.001526,0.0019064,0.002845,0.0033552,0.007301,0.010219,0.011619,0.00383,0.0067666,0.0057641,0.0023968,0.015039,0.035642,0.024312,0.0025024,0.0035357,0.0026663,0.0043318,0.0028202,0.00051836,0.0018436,0.003545,0.0032893,0.002849,0.0033697,0.0064628,0.0065656,0.0053648,0.0022151,0.0015018,0.002717,0.0051152,0.0070646,0.007855,0.0035157,0.0032538,0.0026521,0.0024579,0.0025725,0.0029994,0.0026823,0.0014236,0.00035673,0.00061182,0.00078673,0.002108,0.00053892,0.0047449,0.0039779,0.002444,0.0022526,0.0015635,0.002003,0.0021289,0.0027587,0.00072678,0.0021581,0.0019645,0.0031767,0.0024636,0.0041055,0.0077724,0.012219,0.0099546,0.0019534,0.0075368,0.010594,0.015658,0.024319,0.053381,0.059112,0.07546,0.050083,0.028819,0.0074146,0.018799,0.0052021,0.017656,0.015104,0.004869,0.0065186,0.0075189,0.0040032,0.0063213,0.0071726,0.0080466,0.010138,0.0054643,0.0063477,0.0085059,0.018545,0.020758,0.0098215,0.0050576,0.0025895,0.00064882,0.0016475,0.00028483,0.002408,0.0031117,0.0025008,0.002575,0.0017226,0.00118,0.00097227,0.0018396,0.0029621,0.0016409,0.0015301,0.0019458,0.001698,0.00095623,0.0040324,0.0025314,0.0010842,0.00040242,0.001738,0.0008433,0.0007663,0.00075048,0.0014555,0.001519,0.00060915,0.00031591,0.00072435,0.00061302,0.0015155,0.0020437,0.0019153,0.001161,9.2461e-05,0.00071938,0.0020963,0.0025447,0.0037328,0.0035816,0.0029753,0.0022487,0.0018593,0.0014575,0.0010608,0.0089877,0.020617,0.013705,0.0017698,0.0015691,0.0059145,0.0053143,0.0005518,0.0025044,0.0027159,0.0019264,0.0022676,0.0021208,0.0062345,0.0096937,0.0082787,0.004507,0.0027217,0.0024123,0.0019639,0.001866,0.00067656,0.0037347,0.0026811,0.0023458,0.0027643,0.0016646,0.0023201,0.0032727,0.0029889,0.0010745,0.00057766,0.00072572,0.0019818,0.0022848,0.0023644,0.006835,0.0040536,0.00099369,0.0011765,0.0013844,0.00065825,0.00056925,0.0014457,0.0020095,0.0014315,0.0011042,0.0018129,0.0025876,0.0023955,0.0028434,0.002987,0.0028401,0.003476,0.0028514,0.0021651,0.0023785,0.0028302,0.0036144,0.0051164,0.0069539,0.0029319,0.0099295,0.015314,0.015134,0.011563,0.022407,0.030508,0.020925,0.0094098,0.0053016,0.0077041,0.0045715,0.0042245,0.0066362,0.0047179,0.0025892,0.0055348,0.0067868,0.010627,0.027113,0.014667,0.0020277,0.0023013,0.0021537,0.0039516,0.0059848,0.0036716,0.0019316,0.0019864,0.0013251,0.00117,0.0013707,0.001921,0.0018187,0.0010235,0.0011741,0.0015376,0.00039222,0.00061713,0.00093867,0.00071958,0.00050324,0.0008824,0.0015011,0.0018245,0.0030008,0.0026789,0.0031895,0.0032444,0.0038972,0.0051524,0.006694,0.0077883,0.0079379,0.0077582,0.005179,0.0054733,0.0096303,0.0098659,0.0071278,0.0033041,0.0095141,0.029401,0.04392,0.060635,0.05737,0.044014,0.073391,0.1247,0.10803,0.1872,0.22451,0.13241,0.057932,0.026687,0.027674,0.017656,0.018706,0.018271,0.012126,0.0087716,0.0071157,0.0061821,0.016897,0.027827,0.01661,0.0085263,0.0099967,0.010312,0.0097153,0.013687,0.011061,0.0082531,0.0076586,0.0077356,0.009152,0.0090523,0.0076663,0.0072943,0.0063701,0.0055416,0.006397,0.0065218,0.0051753,0.0043399,0.0046882,0.0047586,0.0044982,0.0038489,0.0036473,0.0033125,0.0032015,0.002838,0.0035324,0.0041951,0.0032741,0.0036601,0.0050436,0.0053967,0.0053316,0.0051521,0.0050291,0.0057728,0.0072713,0.0085278,0.0099607,0.010657,0.0096092,0.0033421,0.0076278,0.016589,0.029539,0.022283,0.040289,0.050402,0.12285,0.13237,0.069303,0.034444,0.031384,0.026811,0.018745,0.011925,0.014805,0.018605,0.012066,0.0078056,0.0092443,0.016053,0.03443,0.018789,0.0047441,0.0050246,0.0074478,0.0094673,0.0085832,0.0068678,0.0053737,0.0038933,0.0046429,0.0059975,0.0057528,0.0058392,0.0058862,0.0046977,0.003493,0.0039443,0.0045577,0.0034916,0.0031706,0.003778,0.0033938,0.0029982,0.0046283,0.0048533,0.00027521,0.00077894,0.00093609,0.00060141,0.00044623,0.00040484,0.0017324,0.0011984,0.00064701,0.00076978,0.0013156,0.00067336,0.0011598,0.00076283,0.0010591,0.0017774,0.0016757,0.0044374,0.0048057,0.004874,0.003855,0.00082612,0.0010881,0.0031372,0.0072826,0.021771,0.025087,0.010298,0.0014909,0.0023198,0.0035067,0.00056744,0.0030238,0.0041795,0.0027181,0.00079825,0.0019611,0.005144,0.013268,0.023732,0.014662,0.0046437,0.0031391,0.0042684,0.0088839,0.017124,0.010629,0.0056861,0.00054523,0.0017362,0.0015356,0.002079,0.00040311,0.0012014,0.0012495,0.0013193,0.0011801,0.00074347,0.0023833,0.0017512,0.0031794,0.0038976,0.0011142,0.00061989,0.00061679,0.0045858,0.0036909,0.0027048,0.002632,0.0025491,0.0020499,0.00020316,0.0011167,0.0031314,0.0029375,0.0058118,0.0068272,0.011377,0.0066746,0.0035622,0.0068443,0.015874,0.041318,0.046793,0.066186,0.047884,0.00471,0.017389,0.0095395,0.012997,0.01947,0.022554,0.013365,0.0074036,0.0029907,0.0033207,0.0055251,0.0019461,0.0079916,0.0049449,0.0045683,0.0056309,0.016848,0.085818,0.16865,0.095764,0.016459,0.026835,0.0077303,0.005775,0.016939,0.0024462,0.0023562,0.0090124,0.0005803,0.0026616,0.0059319,0.0029687,0.0051139,0.0025556,0.0018247,0.0029083,0.0073571,0.0035046,0.0016939,0.0054766,0.0040597,0.0038471,0.0070112,0.0031902,0.0030831,0.0011206,0.00050111,0.00067142,0.0027963,0.0028458,0.0014656,0.0028728,0.0022528,0.001496,0.0019743,0.00027485,0.0027982,0.0017611,0.0019839,0.00069755,0.00082701,0.0047669,0.0080358,0.0072478,0.0045417,0.0018263,0.0030803,0.0063658,0.0051466,0.016815,0.017058,0.0081319,0.0056139,0.0060847,0.0035966,0.0025147,0.0046492,0.010126,0.0017852,0.0042232,0.0045158,0.014487,0.052771,0.10965,0.066985,0.014723,0.013056,0.0047921,0.0076661,0.0065846,0.0050753,0.0090997,0.010087,0.0061761,0.0065064,0.010138,0.015908,0.018915,0.011804,0.0045327,0.0045156,0.0039223,0.0099094,0.0080744,0.015695,0.024916,0.014477,0.0054013,0.00059363
0.00051183,0.00015851,0.00047561,0.00092727,0.0023332,0.0017814,0.00056817,0.0012027,0.0016115,0.0014119,0.001887,0.00098857,0.0010679,0.0012641,0.00050477,0.001218,0.0017445,0.0022249,0.0013562,0.00010364,0.00028641,0.0012756,0.0026643,0.0044089,0.0027406,0.0012802,0.00084245,0.0017596,0.00606,0.010765,0.0064416,0.0012319,0.00062092,0.001386,0.00665,0.013418,0.022729,0.02697,0.016313,0.0089671,0.0033356,0.0011184,0.00011236,0.0012924,0.0029336,0.0051275,0.0084824,0.0068609,0.0010272,0.0015673,0.00042762,0.00081792,0.00048703,0.0010832,0.0004294,0.00073952,0.0011718,0.0015746,0.0013002,0.0009023,0.00037258,0.0004774,0.00041961,0.00031597,0.00054376,0.0019365,0.0015258,0.00035383,0.00062916,0.0007029,0.0031363,0.0027842,0.001691,0.0028567,0.0033622,0.0018901,0.00061548,0.001244,0.0008318,0.0019824,0.0020743,0.003676,0.001595,0.0041582,0.0060276,0.012518,0.020248,0.023386,0.019499,0.015371,0.016117,0.012214,0.022335,0.03762,0.02995,0.02855,0.022795,0.012929,0.0056899,0.0025822,0.0032501,0.0016609,0.0064822,0.0057435,0.0030398,0.0021274,0.0025426,0.0042163,0.0073334,0.0086254,0.022799,0.02857,0.026835,0.023542,0.015783,0.0095227,0.0048218,0.0040065,0.0047289,0.0046065,0.0046595,0.0056709,0.0059693,0.0044547,0.0036763,0.0032708,0.0015476,0.0019429,0.0042302,0.0046615,0.00070848,0.00066578,0.0011127,0.0017011,0.001851,0.00093926,0.0016575,0.0014206,0.00071106,0.00026528,0.0014695,0.0021209,0.00025956,0.0012293,0.0005677,0.00067779,0.00067388,0.00073245,0.00040045,0.00059445,0.0023253,0.0023933,0.0052686,0.0060848,0.0038474,0.0031497,0.0034189,0.0014338,0.013563,0.02662,0.016532,0.0019319,0.0022411,0.0031512,0.0043621,0.0045762,0.0079476,0.0080305,0.0050162,0.00258,0.00053956,0.00050802,0.00098016,0.0012837,0.0034242,0.00097844,0.0098881,0.011057,0.0032243,0.0028064,0.0018159,0.0011238,0.00090754,0.0015609,0.0018789,0.0024058,0.0015393,0.00035862,0.00098131,0.00074703,0.0003152,0.00037707,0.0020865,0.0022839,0.00029633,0.00074601,0.0007247,0.00012421,0.00093745,0.00094264,0.00060689,0.0010482,0.0014679,0.0013714,0.0014606,0.0014848,0.0014675,0.0010632,0.0012578,0.0018739,0.0013974,0.00096805,0.0012805,0.0016461,0.0022501,0.0016925,0.0057767,0.0086918,0.005759,0.0024717,0.0073138,0.010741,0.0067736,0.022396,0.036395,0.012782,0.012054,0.011914,0.0058705,0.0021381,0.0015959,0.0031131,0.0016056,0.0055537,0.0051322,0.0026005,0.0020075,0.0017499,0.0010218,0.00060062,0.0016583,0.0074854,0.0055263,0.0047712,0.0037261,0.0015554,0.0027623,0.0023072,0.001842,0.0020422,0.0018797,0.0018243,0.0020013,0.0016065,0.0027995,0.0019233,0.0021108,0.0027879,0.0034778,0.0032085,0.0029725,0.0025452,0.0023741,0.001023,0.0036457,0.0027128,0.00090792,0.0021207,0.00346,0.0039983,0.0029626,0.00055971,0.0017765,0.0029163,0.0029244,0.0063872,0.0076963,0.0018491,0.0070373,0.0083407,0.0072099,0.023638,0.052347,0.054211,0.018759,0.01029,0.01563,0.013695,0.010975,0.018246,0.010279,0.012228,0.011034,0.0083735,0.01589,0.022118,0.023456,0.014234,0.016052,0.015353,0.004161,0.0047053,0.0044155,0.0030594,0.0012467,0.00085755,0.0015005,0.0024906,0.0028825,0.0032927,0.0035153,0.0023321,0.0012875,0.0032401,0.0025301,0.0022643,0.0015671,0.0012251,0.0018085,0.00063334,0.0018626,0.0010126,0.0003388,0.0020919,0.0024925,0.0019708,0.0016994,0.0020195,0.0021879,0.001533,0.00013542,0.0011708,0.001605,0.0011855,0.0010215,0.0019096,0.0013115,0.00034274,0.0011481,0.0022627,0.0021167,0.0012892,0.0012203,0.0015378,0.00014372,0.0014921,0.0019103,0.0027517,0.0040634,0.00068238,0.0044033,0.010127,0.0060553,0.021614,0.027129,0.011168,0.0081613,0.010306,0.0059989,0.0028051,0.0048574,0.0055199,0.0049301,0.0053999,0.0027023,0.0015336,0.0020288,0.0025469,0.0011866,0.0016136,0.00098117,0.0029858,0.0021129,0.00096946,0.0011797,0.0010567,0.00092536,0.0015685,0.002094,0.0019208,0.0013854,0.0027897,0.0026089,0.0026755,0.0024352,0.0021405,0.0030747,0.002693,0.0017235,0.0022871,0.0018962,0.0011884,0.00076535,0.0011109,0.0015698,0.0020305,0.0020953,0.0015819,0.0014751,0.0011333,0.0017091,0.0019118,0.0012043,0.0012895,0.001606,0.0016704,0.0013675,0.0011091,0.0011214,0.0021404,0.0045102,0.0052837,0.0030834,0.0074505,0.0097054,0.007546,0.0090258,0.011097,0.0011221,0.028881,0.029491,0.013188,0.0061388,0.0070163,0.008005,0.0062326,0.0061743,0.013352,0.0091914,0.0038877,0.00144,0.0044275,0.003578,0.00075328,0.00047918,0.00095575,0.0034992,0.0043777,0.0032476,0.0021608,0.00085057,0.00069705,0.00057785,0.00038413,0.00035595,0.0010126,0.00066846,0.00082284,0.0014848,0.0015604,0.00093163,0.000614,0.0010346,0.00071869,0.00045843,0.0066862,0.0058059,0.0070266,0.0072256,0.0072686,0.0072856,0.0072494,0.0090779,0.0098932,0.0093211,0.010181,0.0093046,0.007677,0.009038,0.0092485,0.0086212,0.0097736,0.01282,0.015852,0.015496,0.0074644,0.0026013,0.0062164,0.015647,0.023704,0.027751,0.061767,0.079864,0.0088805,0.18334,0.17565,0.055355,0.02647,0.025802,0.019848,0.011486,0.01808,0.021198,0.010369,0.0026011,0.0066724,0.010875,0.0095232,0.005443,0.0062147,0.01081,0.0045896,0.0038091,0.0055601,0.0068604,0.0060241,0.0033166,0.0030424,0.0036223,0.0033265,0.0053175,0.0060031,0.0025282,0.0010808,0.0036981,0.0059944,0.0053943,0.0023921,0.00059506,0.0025581,0.0029812,0.0028141,0.0030003,0.0033219,0.0033559,0.0021656,0.0019314,0.0016493,0.0020163,0.0039082,0.0058258,0.0035806,0.0022196,0.0086663,0.012919,0.015477,0.012048,0.007948,0.0092349,0.010255,0.010232,0.0065642,0.0053388,0.0037694,0.0095815,0.017514,0.037436,0.043784,0.0050072,0.11178,0.11106,0.037957,0.032013,0.030293,0.034633,0.041698,0.02348,0.017632,0.027332,0.025588,0.015027,0.01347,0.01742,0.0092253,0.006976,0.010953,0.013364,0.011482,0.0031454,0.01043,0.010393,0.0084149,0.0078816,0.0054301,0.0018167,0.0024337,0.0041014,0.0032375,0.0025771,0.0042884,0.0063225,0.0067183,0.0036904,0.00052565,0.0031394,0.0011431,0.0016663,0.001554,0.0011221,0.0021466,0.001582,0.0017646,0.0023798,0.0014878,0.0012659,0.002211,0.0037363,0.0025089,0.0025535,0.0018056,0.00073372,0.0016967,0.00054454,0.0013177,0.0017061,0.002034,0.0034874,0.0028638,0.0020885,0.00034177,0.0025619,0.0022115,0.0049486,0.012535,0.019634,0.0049028,0.0072551,0.0053835,0.0035824,0.0041353,0.0052895,0.010674,0.0074305,0.0018858,0.0043573,0.0043838,0.0037166,0.0027493,0.003173,0.0022406,0.00071009,0.0064679,0.003893,0.007329,0.006029,0.0014167,0.00069637,0.0018184,0.0019434,0.0013989,0.0021433,0.0028091,0.0017922,0.00056389,0.00048821,0.00092412,0.0028732,0.0013258,0.002224,0.0024429,0.0071192,0.0079153,0.007787,0.0079691,0.006981,0.0070694,0.0058266,0.0070155,0.0098817,0.0091972,0.0058927,0.0043104,0.0016719,0.00373,0.0053772,0.0026091,0.0051971,0.0033825,0.0030567,0.0028736,0.0043443,0.0079413,0.017123,0.016614,0.0096425,0.0095726,0.0073829,0.0070584,0.0094009,0.011887,0.0074917,0.0081345,0.0079857,0.0090771,0.0084198,0.0078317,0.018567,0.02753,0.0374,0.039227,0.028193,0.016171,0.014551,0.014339,0.0073212,0.006897,0.0081764,0.0058288,0.0045254,0.0053786,0.0078253,0.0077487,0.0024408,0.0051007,0.0047199,0.0026667,0.0010767,0.003172,0.0040673,0.002815,0.0030304,0.0053697,0.0064725,0.0073394,0.0080105,0.0017086,0.0016878,0.0029764,0.0042207,0.0047935,0.0050465,0.0043114,0.0033964,0.0036805,0.0041743,0.0044966,0.0036321,0.0021031,0.0029022,0.0037121,0.0037214,0.0050861,0.0047964,0.004246,0.0072818,0.010417,0.013592,0.015572,0.01455,0.0081077,0.0060093,0.01273,0.021113,0.034711,0.035862,0.017098,0.0050841,0.0052174,0.011766,0.012312,0.042904,0.074909,0.060438,0.0073701,0.048432,0.041629,0.018682,0.034493,0.043276,0.030549,0.011765,0.0086442,0.018558,0.018934,0.017893,0.0098785,0.012403,0.005229,0.0079061,0.010168,0.0085996,0.0098126,0.0084169,0.0030342,0.0062665,0.0061728,0.0065585,0.013009,0.013845,0.01202
0.0022278,0.0046593,0.0061243,0.0039627,0.0036634,0.0030369,0.0047578,0.0052461,0.0067234,0.0059259,0.0046948,0.0021292,0.0033599,0.0047684,0.0030932,0.0018461,0.0020849,0.0024676,0.0015878,0.0026869,0.00071844,0.0012832,0.0010496,0.0015021,0.0033504,0.0029692,0.0034325,0.0057236,0.0034568,0.0020732,0.0032067,0.0014794,0.0047586,0.0073571,0.0078439,0.0041301,0.0040991,0.0050567,0.0034664,0.0036535,0.0016142,0.0044531,0.0059037,0.0042293,0.0066543,0.0052895,0.0030243,0.0008459,0.0028072,0.0036275,0.0035242,0.0037269,0.0031847,0.003381,0.0012058,0.0042945,0.00048792,0.0029646,0.0034967,0.0039435,0.0013243,0.0014163,0.00051638,0.0017843,0.0023186,0.0039649,0.0051525,0.004701,0.0063412,0.0048675,0.0034704,0.0013421,0.00094098,0.0044395,0.0070351,0.003796,0.0024422,0.006292,0.0069521,0.0051054,0.0081411,0.008981,0.0038869,0.0011515,0.00065938,0.0039799,0.0034918,0.00051178,0.0021321,0.0016161,0.0029445,0.0069288,0.0072462,0.0089916,0.0098872,0.015643,0.023472,0.015596,0.0091662,0.0076685,0.0058094,0.0043792,0.002783,0.0041601,0.0065128,0.0047648,0.0069681,0.016772,0.012527,0.0025332,0.0041856,0.0054599,0.0053786,0.005381,0.0047972,0.0042168,0.004198,0.0019065,0.0013012,0.00055127,0.00085766,0.0014071,0.0010062,0.004249,0.0057229,0.0043153,0.0031095,0.0027717,0.0024639,0.006427,0.0019418,0.0010993,0.0011815,0.00094929,0.001406,0.0013398,0.002292,0.0016002,0.0020678,0.0025491,0.0021579,0.001066,0.00076874,0.0014307,0.0012881,0.00042961,0.00079434,0.00056747,0.0011638,0.0017998,0.0017774,0.00249,0.0028421,0.0024517,0.00068473,0.0052818,0.007316,0.0070554,0.0048187,0.0057855,0.01012,0.01659,0.0083654,0.0048759,0.0078602,0.0013694,0.0014427,0.00044392,0.0014518,0.0018874,0.0034004,0.0060112,0.011325,0.010747,0.0053006,0.0012634,0.003208,0.0016854,0.00098673,0.0019379,0.001892,0.00053838,0.0018597,0.0025105,0.0034018,0.0038452,0.0040837,0.003073,0.001161,0.00093663,0.0020451,0.0030101,0.0023998,0.00031001,0.0021009,0.0016733,0.0018345,0.0010715,0.0014143,0.0014774,0.0013428,0.0015816,0.0011299,0.00065101,0.001344,0.001042,0.00075578,0.00082205,0.00053659,0.00088487,0.0020337,0.0018909,0.0013834,0.0015984,0.0011648,0.00037674,0.0018319,0.0032264,0.0043423,0.0041991,0.0060828,0.0094172,0.012404,0.010411,0.012218,0.026902,0.030689,0.017432,0.021276,0.0083609,0.0068611,0.012568,0.0079565,0.0037342,0.0030619,0.0050089,0.0074601,0.0083709,0.0026004,0.0037787,0.0034717,0.0027467,0.002002,0.0021942,0.0018808,0.0011512,0.0012986,0.0024456,0.0026035,0.0021146,0.0011953,0.00044612,0.0018814,0.0033042,0.002338,0.00067358,0.0016446,0.0028217,0.0030324,0.0017281,0.0016493,0.0031781,0.0031402,0.0003827,0.002592,0.0033612,0.0022878,0.0021714,0.0016954,0.0014754,0.0014491,0.0012055,0.0024096,0.0023539,0.0020003,0.0037792,0.0041059,0.005382,0.0043873,0.002608,0.0036677,0.0033447,0.0013462,0.0071463,0.0078859,0.022464,0.036451,0.049281,0.02142,0.036026,0.029368,0.012565,0.018663,0.046074,0.032038,0.011033,0.01311,0.0071541,0.0059323,0.0058757,0.0047289,0.0043072,0.0028642,0.0020638,0.00091192,0.0023896,0.0031834,0.0035032,0.003962,0.0033672,0.0023813,0.0016252,0.0013471,0.0012445,0.00060768,0.0012749,0.0018235,0.003914,0.0043218,0.0030833,0.0030523,0.0030081,0.0019663,0.0014461,0.00084203,0.00039374,0.00065342,0.0012316,0.0011829,0.0014718,0.001464,0.00026511,0.00058407,0.00076445,0.00025922,0.0012609,0.0016503,0.0015118,0.0012088,0.0013417,0.0027707,0.0029067,0.0015351,0.0033561,0.0030636,0.0020828,0.0027437,0.0028475,0.0038955,0.0054466,0.008352,0.013466,0.016495,0.01338,0.0052145,0.009202,0.0077248,0.0056981,0.013178,0.0059456,0.0049501,0.0053635,0.0019773,0.0023634,0.0044588,0.0050496,0.0029419,0.0013702,0.0010966,0.001694,0.0015271,0.0018789,0.0014914,0.0010818,0.0013555,0.000747,0.00031815,0.001374,0.0020496,0.0015355,0.001017,0.00045723,0.0002899,9.0269e-05,0.00017008,0.00053539,0.0018535,0.0032872,0.0019789,0.0014837,0.0018765,0.0021679,0.00091483,0.0019085,0.0014406,0.0005905,0.0015648,0.0020891,0.0020657,0.0021226,0.0014697,0.0010692,0.0026646,0.0028121,0.0021159,0.0024736,0.0024593,0.0025524,0.0030072,0.0048293,0.0049401,0.0032021,0.0031518,0.0045837,0.0064268,0.0087454,0.008,0.0048182,0.010472,0.0067777,0.015792,0.034099,0.023734,0.014527,0.020231,0.011203,0.0044852,0.0046116,0.0040709,0.0044634,0.0052947,0.0045786,0.0032842,0.0015028,0.0016958,0.00094198,0.0019731,0.0025217,0.0017344,0.001085,0.00054294,0.00086506,0.0010365,0.0013987,0.0010513,0.00043981,0.00039301,0.00061893,0.0015931,0.0014454,0.00066083,0.00071166,0.0003974,0.00071318,0.0011285,0.0039144,0.0028938,0.0062395,0.0066689,0.0039905,0.0080879,0.0054815,0.0014153,0.0034137,0.0036125,0.006963,0.010052,0.0079925,0.0069051,0.0081572,0.008934,0.0069475,0.0085856,0.0087971,0.0054987,0.0081209,0.01345,0.01257,0.0089989,0.01273,0.042587,0.053586,0.038541,0.031774,0.02141,0.08964,0.22223,0.176,0.042974,0.025725,0.017255,0.017999,0.023466,0.015926,0.0078854,0.007666,0.011737,0.015797,0.014347,0.0098239,0.0071384,0.0060725,0.0023472,0.006423,0.0078955,0.0036842,0.0045212,0.0032506,0.0060639,0.0051409,0.0046428,0.0054131,0.002508,0.0034557,0.0046358,0.0048425,0.0064383,0.0071252,0.0060179,0.0033675,0.0031171,0.0028789,0.0013492,0.0023378,0.0011899,0.0028749,0.0037627,0.0023641,0.0012461,0.003057,0.0037225,0.0019333,0.0028668,0.0048482,0.0041186,0.0036984,0.0031924,0.0053216,0.005558,0.0031333,0.0030809,0.0039807,0.0054945,0.0082328,0.0096266,0.02382,0.028285,0.016085,0.030065,0.020559,0.057732,0.14572,0.11357,0.025588,0.029805,0.012095,0.023144,0.019698,0.01171,0.010314,0.0122,0.004703,0.0021069,0.0033065,0.0043275,0.006333,0.0044938,0.0037528,0.0039082,0.0027476,0.0017963,0.004041,0.0035238,0.0048882,0.0033499,0.0011359,0.0074914,0.0099911,0.0056421,0.0022537,0.0056808,0.0041307,0.0053821,0.0089604,0.0051506,0.00067501,0.00057724,0.00095971,0.00050457,0.00035705,0.00093645,0.0012305,0.0011173,0.0013743,0.0015521,0.00075893,0.00046871,0.00076092,0.00079501,2.634e-05,0.00040387,0.00079941,0.00026788,0.00082813,0.0011123,0.00067292,0.00083922,0.00161,0.00036792,0.0015807,0.00070504,0.00055152,0.0030704,0.0061421,0.0052837,0.01196,0.023288,0.020533,0.0015391,0.01116,0.0052154,0.0049887,0.0058648,0.001144,0.0054345,0.0010022,0.0036898,0.0093386,0.013657,0.0077985,0.0028497,0.0015106,0.0034037,0.0023872,0.00097811,0.0012737,0.00058156,0.0012758,0.00060392,0.0011605,0.00032697,0.0008125,0.00091605,0.0018613,0.00082829,0.00051832,0.00090505,0.0014453,0.00014897,0.001355,0.001798,0.0011159,0.0013508,0.0015382,0.00086783,0.0004833,0.00096377,0.0015157,0.0010029,0.0020358,0.0031103,0.0026582,0.00026978,0.0003965,0.0019016,0.0013201,0.0028916,0.0012157,0.0016107,0.00059174,0.0027969,0.0013269,0.0023495,0.0053245,0.0015061,0.0043786,0.0023264,0.006068,0.012042,0.0035176,0.0058713,0.01291,0.0041443,0.025302,0.036176,0.017786,0.0034616,0.0082319,0.0018623,0.00051014,0.0039425,0.0036417,0.0016818,0.0038701,0.0032883,0.0036082,0.0027693,0.0038821,0.0019874,0.0018787,0.0022883,0.0031525,0.0015072,0.00050996,0.0021668,0.0034298,0.0027707,0.0013931,0.0041974,0.0045659,0.0022599,0.0017827,0.0020258,0.0012157,0.0011915,0.0023877,0.0024528,0.0020416,0.0018294,0.0019824,0.001241,0.0012997,0.00083343,0.00084806,0.0006066,0.001133,0.0008254,0.0015077,0.0006487,0.002098,0.0012315,0.00078646,0.0015058,0.002423,0.0025771,0.0012406,0.0039279,0.0042176,0.0064017,0.0066569,0.0037022,0.011486,0.021656,0.01883,0.0056709,0.014494,0.028426,0.027827,0.073585,0.093681,0.031367,0.025407,0.017242,0.016565,0.01926,0.013928,0.01308,0.0091287,0.0097667,0.0076948,0.0080849,0.0050125,0.0050505,0.0050155,0.0051242,0.0072282,0.0032554,0.0025026,0.0029706,0.0046638,0.0046264,0.0050388,0.0050944,0.003761,0.0038501,0.0026061,0.0049737,0.0027271,0.002929,0.0046261
0.00070244,0.00075535,0.0012666,0.0021672,0.002081,0.0023168,0.0024804,0.00068238,0.00047867,0.0030719,0.0036743,0.0024233,0.00121,0.0019616,0.0018646,0.00079946,0.0021615,0.0040322,0.0021173,0.0031754,0.0038565,0.00087601,0.0024067,0.00073358,0.0021693,0.0022323,0.00068269,0.00035213,0.0016896,0.0012032,0.0030265,0.0058236,0.0089898,0.010657,0.0064914,0.0041944,0.0030026,0.0015598,0.0046915,0.0097262,0.010385,0.0022584,0.0021661,0.001562,0.0029041,0.0036747,0.0017643,0.00054407,0.0038091,0.0049882,0.0020135,0.0019369,0.0024254,0.0036756,0.0031612,0.0021361,0.001811,0.0024977,0.0011542,0.0012796,0.0010829,0.0010278,0.001005,0.0021738,0.0019037,0.0026147,0.0013899,0.0011315,0.0012096,0.00076391,0.00050115,0.0011218,0.0018254,0.0028051,0.0030834,0.0031377,0.0011751,0.0015847,0.0013811,0.0017452,0.0022231,0.002676,0.00075162,0.001415,0.00099089,0.0026817,0.0059021,0.0057505,0.0027224,0.0016564,0.0059833,0.010939,0.011991,0.013065,0.021593,0.030839,0.0498,0.045917,0.021569,0.013193,0.003266,0.0023886,0.0051195,0.017149,0.042451,0.047218,0.015441,0.0070135,0.0027332,0.0015991,0.0016019,0.0040727,0.0014378,0.0026183,0.0021129,0.0017254,0.00069394,0.0017424,0.0014999,0.0018741,0.0021661,0.0013957,0.0014004,0.00042841,0.0017059,0.0025742,0.00025355,0.0027064,0.00085412,0.0024886,0.0028099,0.0011242,0.00040413,0.00078211,0.0013871,0.0011567,0.0012174,0.0025619,0.0021934,0.00097229,0.00077224,0.0011769,0.00030005,0.00019068,0.001314,0.0022277,0.0012947,0.0014565,0.0023638,0.0025468,0.0016513,0.0027305,0.0031186,0.0006452,0.0024199,0.0023905,0.006237,0.011618,0.0082977,0.0074032,0.01057,0.016596,0.014474,0.0070848,0.0013508,0.0013831,0.0011585,0.0011957,0.0037377,0.012752,0.014745,0.0048644,0.001818,0.001581,0.001608,0.0014516,0.00071679,0.001308,0.0024103,0.0014292,0.0003971,0.0011537,0.0017927,0.0010945,0.0012003,0.0015239,0.00070516,0.00050499,0.0026736,0.0051531,0.0064793,0.0044342,0.0016572,0.00054069,0.00045933,0.0010919,0.00060769,0.00073842,0.0013451,0.0011464,0.0004203,0.00056807,0.00082832,0.0011856,0.0010385,0.00044833,0.00053999,0.00019924,0.00065728,0.00078724,0.00064649,0.00094649,0.0012571,0.00060243,0.0004241,0.0011488,0.0011648,0.00067176,0.0010286,0.0012527,0.0011229,0.0023636,0.0054189,0.012417,0.014496,0.019147,0.021685,0.030869,0.034164,0.012193,0.0056875,0.0031916,0.002721,0.0054708,0.0079339,0.0063128,0.0056894,0.0031749,0.0020631,0.0012473,0.0016376,0.0013552,0.0015048,0.0011838,0.00089267,0.0010258,0.0010744,0.00035374,0.00059522,0.00022842,0.00077632,0.00026801,0.00064197,0.0018295,0.0021595,0.00065454,0.00061666,0.00064977,0.0027684,0.0021853,0.00083464,0.00065857,0.0011567,0.002033,0.00084548,0.00066166,0.0013576,0.00206,0.0029473,0.0023908,0.0021089,0.0021321,0.0022516,0.0027405,0.0024524,0.0025435,0.0052752,0.0047538,0.0029185,0.003745,0.0039662,0.0066636,0.0066579,0.0065241,0.0047913,0.013754,0.036157,0.058614,0.04761,0.023423,0.018765,0.013875,0.025727,0.03845,0.026559,0.01087,0.0085672,0.0094733,0.0076172,0.004715,0.0064584,0.0052663,0.002917,0.003633,0.0037105,0.0053688,0.0055782,0.0048433,0.0039421,0.0021623,0.0028875,0.0030731,0.0021324,0.0037084,0.0046614,0.0020375,0.0026523,0.0028041,0.0031388,0.0012297,0.0019388,0.0027254,0.00098064,0.0024655,0.0048735,0.00091807,0.00059953,0.00062748,0.0011376,0.0005957,0.00021807,0.00055362,0.00035332,0.00052045,0.00057205,0.00023997,0.00080601,0.0011263,0.0002755,0.0019946,0.0013721,0.00083076,0.0015123,0.0018248,0.00186,0.0013075,0.001882,0.0026765,0.0014249,0.00091987,0.0032139,0.007407,0.012051,0.017729,0.015385,0.011489,0.014294,0.014792,0.012345,0.0054621,0.0015541,0.00034348,0.0026179,0.0047027,0.0040315,0.003278,0.0018017,0.0010081,0.0010468,0.00124,0.001672,0.0017584,0.00060823,0.00065358,0.00090043,0.00091845,0.00049868,0.00073817,0.00084846,0.00077985,0.0014297,0.0015116,0.00076575,0.0025111,0.0027516,0.0030882,0.001695,0.0014861,0.0042476,0.0029347,0.00035949,0.0012429,0.0014636,0.00071169,0.00064512,0.00024642,0.0003948,0.00020931,0.00048408,0.0011893,0.0010723,9.2111e-05,0.00031778,0.00092955,0.0019707,0.0018129,0.00036743,0.0015887,0.00091857,0.0012274,0.0013735,0.00034092,0.0010312,0.0011603,0.0012066,0.0032212,0.0071372,0.011499,0.0071483,0.0072077,0.021118,0.038238,0.0395,0.027784,0.0078092,0.0035014,0.001572,0.0014336,0.0023552,0.0028281,0.0028035,0.0010984,0.0012009,0.00041657,0.00040675,0.00027757,0.00060867,0.0006029,0.0016517,0.0016269,0.00065684,0.00094102,0.00056293,0.0010836,0.00082216,0.0008978,0.0013561,0.001203,0.00040388,0.00041736,0.0011245,0.00067298,0.00151,0.00053655,0.00076064,0.0033448,0.0038934,0.0011492,0.0049357,0.003947,0.0026828,0.0077069,0.0030987,0.0027288,0.0034529,0.0038074,0.0057222,0.0067067,0.0058068,0.0059298,0.0090725,0.0049789,0.0074736,0.010578,0.0024692,0.0088852,0.0073377,0.018005,0.014427,0.019056,0.017193,0.013756,0.031973,0.038279,0.051188,0.11859,0.22798,0.18229,0.083658,0.043865,0.0049725,0.0090914,0.0095143,0.010941,0.004348,0.012741,0.0067495,0.0043225,0.004701,0.007179,0.0034245,0.0031737,0.0023768,0.0040737,0.0047776,0.0032151,0.0041125,0.0062282,0.0028882,0.0012068,0.002065,0.0039204,0.0028151,0.0025028,0.0032576,0.0050879,0.0035397,0.0024006,0.0055662,0.0058416,0.0017682,0.0030987,0.0020955,0.0043002,0.00043984,0.00409,0.0023427,0.0032184,0.0013368,0.0039131,0.004116,0.0067696,0.0043598,0.0066303,0.0064726,0.0056492,0.0063135,0.0050888,0.0068216,0.0044252,0.0083766,0.0060591,0.0079047,0.011056,0.014182,0.0099254,0.012066,0.014736,0.017708,0.021721,0.059401,0.13082,0.091856,0.029163,0.032474,0.014919,0.0088503,0.0068247,0.008551,0.014708,0.013267,0.0012971,0.006367,0.0073296,0.0043209,0.0045347,0.00342,0.0039807,0.0064013,0.0061445,0.0062055,0.0061753,0.0074731,0.0066429,0.0026957,0.0020168,0.0075947,0.0058924,0.0049971,0.0048516,0.0049859,0.0042768,0.0071066,0.0041601,0.0044691,0.0023979,0.00090259,0.00081665,0.00083061,0.00050184,0.00059427,0.0012203,0.001534,0.0011888,0.00059989,0.00090809,0.0013926,0.0017913,0.0016572,0.001333,0.0011588,0.0015339,0.0017739,0.0015374,0.00085484,0.0010899,0.0012089,0.0013651,0.0016547,0.0016877,0.00188,0.0021823,0.0017671,0.0028535,0.011246,0.019886,0.022071,0.013596,0.0049505,0.014031,0.011026,0.0049117,0.0019745,0.004116,0.009506,0.0063102,0.0072921,0.0078139,0.0029662,0.0026306,0.0018324,0.0012242,0.0013257,0.0015342,0.00073255,0.0005095,0.0010618,0.0016832,0.0019891,0.0018324,0.0015793,0.0012947,0.0013896,0.001398,0.00096087,0.00064401,0.0017662,0.0018353,0.0021509,0.00065425,0.0014378,0.0027065,0.0028681,0.0038148,0.0026783,0.0020282,0.0021557,0.0014508,0.0017785,0.0016836,0.0017775,0.0017833,0.0034667,0.0017412,0.00057985,0.0010151,0.0030825,0.0046658,0.0058313,0.0041064,0.0052225,0.0085839,0.010776,0.011269,0.011384,0.014719,0.01706,0.015901,0.013482,0.01254,0.024978,0.032056,0.037661,0.034761,0.0073821,0.026135,0.014296,0.0080968,0.0051595,0.0068047,0.0075574,0.0095092,0.0082105,0.0076805,0.0083793,0.0085122,0.0063788,0.003196,0.0029535,0.0045993,0.00241,0.0026172,0.0014526,0.0025044,0.002611,0.003757,0.0051047,0.0028425,0.0029255,0.0056531,0.0037291,0.0014571,0.00085454,0.0028883,0.0041937,0.0043777,0.0023681,0.0026171,0.0035312,0.0031455,0.0026339,0.0030736,0.0031955,0.0028842,0.0024781,0.0024485,0.0027118,0.0023703,0.001865,0.0031032,0.0058771,0.006997,0.0055756,0.0047618,0.0057113,0.0057742,0.0053859,0.0074979,0.010861,0.011546,0.012257,0.020909,0.030713,0.024007,0.012285,0.016314,0.015458,0.054658,0.080257,0.0066995,0.051075,0.038178,0.024073,0.018287,0.012128,0.0050359,0.004729,0.0042203,0.0070775,0.0045736,0.0022912,0.0044608,0.0060218,0.0042816,0.00083203,0.00051932,0.00094188,0.0012976,0.0011756,0.0045892,0.0054713,0.0030256,0.0022461,0.0035439,0.0029384,0.0031898,0.0026028,0.0014107,0.0014531,0.0031057
0.0036817,0.0028009,0.00069421,0.0013866,0.0018806,0.0014182,0.0015859,0.0011327,0.0023197,0.0016252,0.0012745,0.0033969,0.0021624,0.0017674,0.0031859,0.0033939,0.0024335,0.0027146,0.0028728,0.0019434,0.0013497,0.0022292,0.0012185,0.0010931,0.00082266,0.0017344,0.00242,0.0019113,0.0037516,0.0031546,0.0053419,0.0082176,0.0064978,0.0048594,0.0044415,0.0048491,0.0059445,0.0031094,0.001264,0.0087659,0.0092005,0.0018399,0.0030095,0.002055,0.0018791,0.0020054,0.0014365,0.0027902,0.0016755,0.0014917,0.0011324,0.0013465,0.0017218,0.0016445,0.0034931,0.0019615,0.00074079,0.0030997,0.0030517,0.0014169,0.0048558,0.0037251,0.0037312,0.0031311,0.001779,0.0023762,0.0013906,1.2387e-05,0.00073215,0.00094284,0.0016054,0.0013062,0.0020407,0.0025416,0.001934,0.001907,0.0014682,0.00056374,0.00063915,0.0012419,0.00046311,0.0017799,0.0014529,0.0027656,0.0036334,0.0013611,0.0012817,0.0017986,0.006415,0.0099496,0.015307,0.017584,0.0069531,0.0063181,0.0038181,0.0019708,0.017571,0.056229,0.04873,0.0075813,0.0014939,0.0039281,0.0088623,0.021239,0.047011,0.040481,0.014699,0.0046473,0.00029819,0.0013696,0.0024802,0.00037833,0.0025494,0.0027186,0.0015832,0.0015244,0.00039644,0.0015857,0.0020436,0.00081873,0.0010604,0.00049981,0.0015091,0.0018698,0.0017727,0.0024837,0.003194,0.0031396,0.0016364,0.00060404,0.0021473,0.0020126,0.0012387,0.0013812,0.0023391,0.0024118,0.0021219,0.00047367,0.0011424,0.00042163,0.00025425,0.00056319,0.00061098,0.00023712,0.00065976,0.0013403,0.00064245,0.0010953,0.0019322,0.002262,0.0024698,0.002605,0.00152,0.001734,0.0039272,0.0083325,0.010573,0.0047364,0.0030977,0.0004448,0.0071594,0.013178,0.017377,0.014014,0.0030048,0.0013535,0.0015284,0.0019479,0.0061325,0.015557,0.014704,0.0067424,0.001964,0.00091518,0.00052859,0.0016939,0.0014918,0.0022392,0.0015816,0.00049438,0.00088315,0.0013784,0.001991,0.0017397,0.0012157,0.0017901,0.00064649,0.0011608,0.002084,0.0024845,0.0036444,0.0038753,0.0038845,0.0014584,0.001131,0.00070944,0.00094173,0.0016606,0.00071382,0.00054488,0.0015711,0.0013511,0.0011737,0.0012266,0.00020575,0.00044329,0.00069856,0.00098397,0.0011806,0.0006891,0.00075774,0.00058419,0.00094444,0.0017059,0.0016604,0.001726,0.0013282,0.0023896,0.0042433,0.0033778,0.0079689,0.0091328,0.0025097,0.00016765,0.0030595,0.0056844,0.013178,0.038395,0.039841,0.013505,0.0030193,0.0013044,0.0032996,0.0034125,0.010447,0.0074827,0.0030876,0.0033058,0.0022072,0.0020038,0.00089381,0.0021415,0.00121,0.0013186,0.0014132,0.00045513,0.00064488,0.00089874,0.00033651,0.0011439,0.00048582,0.00067413,0.0014832,0.0017235,0.00058921,0.00092133,0.0013512,0.000855,0.0013275,0.00093444,0.0015126,0.0016136,0.002802,0.0019847,0.0017329,0.0014147,0.0018726,0.0016438,0.00017887,0.00041159,0.0011425,0.00040987,0.0022843,0.0027991,0.0015696,0.0036047,0.0060003,0.0076843,0.003249,0.0014248,0.003911,0.002738,0.0031021,0.010836,0.016831,0.046354,0.070418,0.031255,0.015182,0.0031091,0.036402,0.052404,0.032171,0.015111,0.0037842,0.0014682,0.0061736,0.0035497,0.0019611,0.0040084,0.0027113,0.0044356,0.0035256,0.0011446,0.0032117,0.0011038,0.0026801,0.0013101,0.0016749,0.00071797,0.0028251,0.0036165,0.0024241,0.00053141,0.00040533,0.0013187,0.0020927,0.0014648,0.001999,0.0020963,0.0012005,0.0014134,0.0015319,0.0014411,0.0018625,0.00043537,0.0010824,0.0011266,0.00054086,0.00029143,0.00034571,0.0010573,0.0012533,0.0001515,0.00096322,0.00029176,0.00079589,0.0013188,0.00061477,0.0002798,0.0007934,0.00048895,0.00051762,0.001111,0.0011571,0.002148,0.00062462,0.00053121,0.0027508,0.004883,0.007128,0.014268,0.01119,0.0086509,0.0094937,0.011437,0.023224,0.019258,0.0090697,0.0019157,0.00085674,0.0038731,0.0044214,0.0022545,0.0025618,0.0022073,0.0010453,0.0015939,0.00090702,0.0011645,0.0005929,0.00068359,0.00038856,0.00078255,0.00094257,0.0019294,0.0018761,0.0012235,0.00099993,0.0017029,0.0011938,0.0035431,0.0024824,0.00067563,0.00035576,0.00044249,0.0017506,0.0011709,0.00017658,0.0005846,0.00027197,0.00076785,0.00085503,0.00093564,0.00076952,0.00034913,0.00084664,0.0014683,0.00033241,0.00063218,0.00040908,0.00042598,7.0796e-05,0.00094746,0.00096003,0.00068292,0.0015511,0.0010267,0.00082077,0.0018141,0.00065363,0.00085892,0.0016756,0.0034606,0.0050735,0.010001,0.0086391,0.0023424,0.0052702,0.0024439,0.01883,0.032335,0.040993,0.019068,0.0059045,0.0012121,0.00227,0.0024614,0.0034438,0.0042945,0.0017548,0.00069761,7.7792e-05,0.00069211,0.00061748,0.00027023,0.0015319,0.0013944,0.0011856,0.0012972,0.00036691,0.00051563,0.00055208,0.00056647,0.0011917,0.0013695,0.00057632,0.0016553,0.0017499,0.0010064,0.0016552,0.0016614,0.0007576,0.00049027,0.00043621,0.00059777,0.0020615,0.00075583,0.00083807,0.0034192,0.0024918,0.0012604,0.0010742,0.0031259,0.0033542,0.0018201,0.0010295,0.0013221,0.0042144,0.0033791,0.003014,0.0029594,0.0024848,0.0049747,0.0046201,0.0044185,0.0062721,0.0031501,0.005421,0.0068515,0.0089592,0.018747,0.013633,0.005625,0.0085975,0.026114,0.13126,0.24503,0.14409,0.022882,0.0031339,0.011845,0.0051617,0.0070575,0.0073614,0.0050475,0.006099,0.0017465,0.005737,0.0025953,0.00079316,0.0017939,0.0018274,0.0017051,0.0023743,0.0034261,0.0038632,0.0053286,0.0027223,0.0010899,0.0029249,0.0019995,0.0015911,0.0025874,0.0011387,0.0024381,0.0041478,0.0045976,0.0036367,0.0041257,0.00044663,0.0011863,0.0011237,0.0051267,0.0086658,0.0017302,0.0024711,0.0010788,0.0019874,0.00018942,0.00099155,0.002459,0.0029185,0.0019142,0.0020757,0.0022137,0.0033298,0.0015593,0.0019112,0.0023042,0.0024448,0.0056074,0.0025843,0.0033315,0.0035925,0.001672,0.004234,0.0062719,0.0053747,0.013844,0.022581,0.068038,0.14022,0.086455,0.029761,0.0013598,0.0077581,0.0053982,0.0081654,0.017903,0.008552,0.0033999,0.0032085,0.0016474,0.0027022,0.0020595,0.0022875,0.0018662,0.0061234,0.0061634,0.0039603,0.0022546,0.0045195,0.0022464,0.0015261,0.0026618,0.0022366,0.0064415,0.00658,0.004435,0.0041355,0.0068844,0.0068664,0.004263,0.00076708,0.00068957,0.0016305,0.001495,0.00054277,0.00081433,0.00055099,0.000845,0.0013073,0.00073609,0.00028861,0.00066523,0.00036314,0.00081618,0.00066558,0.00068735,0.0010516,0.0007881,0.00062483,0.00097998,0.00049815,0.00096789,0.0012361,0.001091,0.0015401,0.0021549,0.0024236,0.0034809,0.0034227,0.00092943,0.00087747,0.0018887,0.0020897,0.019703,0.027008,0.012496,0.001407,0.0012282,0.0018661,0.0051173,0.0097317,0.013855,0.0073632,0.0039769,0.0011657,0.00088024,0.0006287,0.0003716,0.00070603,0.0015867,0.00047962,0.00013882,0.00057485,0.00085449,0.0010918,0.00036258,0.00047038,0.00053112,0.00038418,0.00094293,0.0015092,0.0016759,0.00088996,0.00096925,0.0001892,0.0016884,0.00044602,0.0022553,0.0013535,0.0021035,0.00073558,0.0039826,0.0056446,0.0041807,0.0012365,0.0024107,0.0024776,0.0026679,0.0042648,0.0020371,0.0024028,0.003768,0.0043604,0.00073709,0.0018512,0.0027725,0.005178,0.00085013,0.0029151,0.0050087,0.0045668,0.012224,0.025264,0.011237,0.013299,0.02837,0.067367,0.13018,0.092034,0.021752,0.0060321,0.0012362,0.0059743,0.0043855,0.0041614,0.0029352,0.0027062,0.003346,0.0026146,0.00057773,0.0028703,0.0038674,0.0044042,0.0040871,0.0030967,0.002202,0.0030662,0.0034764,0.0015432,0.0025194,0.00042862,0.0029715,0.00066891,0.0027558,0.0019428,0.00085954,0.0013776,0.002046,0.004271,0.0025552,0.0016025,0.00045919,0.0014747,0.0011944,0.002171,0.00048153,0.00031906,0.00095657,0.0026019,0.00076713,0.0014943,0.0014799,0.00091056,0.00036514,0.0016948,0.0020259,0.001699,0.0023528,0.00066388,0.0012268,0.0014448,0.00343,0.0016044,0.0038828,0.0037005,0.0064667,0.016905,0.019957,0.015788,0.012837,0.011474,0.029607,0.072464,0.07961,0.038607,0.0039864,0.0064933,0.0069541,0.0090628,0.0057212,0.0019851,0.0025012,0.003639,0.0046231,0.0049125,0.0026831,0.0023236,0.0027567,0.004642,0.0028867,0.0027593,0.00302,0.0014666,0.0013949,0.00096481,0.0035433,0.0016949,0.00028188,0.0026008,0.0037803,0.00181,0.0015081,0.002504,0.0024399,0.0016058,0.0019258
0.0015079,0.0019907,0.0024209,0.0012244,0.00065536,0.0019633,0.0019873,0.0014818,0.0027381,0.0027342,0.0015683,0.0018862,0.0008391,0.0015725,0.0020799,0.0015985,0.0015625,0.0004315,0.00077481,0.0016742,0.0020968,0.0013048,0.00062441,0.0010489,0.0015815,0.0011494,0.002843,0.0018481,0.0025022,0.002966,0.0063113,0.005837,0.0029827,0.0062234,0.0029911,0.0014511,0.0036853,0.0037333,0.01037,0.01012,0.0021097,0.00032982,0.0013835,0.0017791,0.0021789,0.0027695,0.0020819,0.0016656,0.00076514,0.00083397,0.0015776,0.0022543,0.0013792,0.00072648,0.002067,0.0022089,0.002271,0.0015546,0.0013211,0.0019183,0.00364,0.0042232,0.0022918,0.0017804,0.0017603,0.0013645,0.0018543,0.001072,0.00053089,0.00039902,0.0015405,0.0015744,0.0025368,0.0032307,0.0013233,9.8463e-05,0.0006529,0.0007345,0.00066832,0.0017063,0.00268,0.002454,0.00051531,0.0021544,0.0022473,0.00062531,0.00069904,0.0025662,0.0048251,0.0079074,0.0040453,0.0016414,0.0063326,0.0045902,0.012249,0.019066,0.04512,0.034276,0.014407,0.012434,0.0074361,0.002695,0.014592,0.048012,0.046069,0.0085569,0.0033603,0.0014593,0.0013992,0.00089639,0.00089155,0.00063291,0.0001171,0.00079066,0.00065434,0.0010739,0.00085647,0.0010555,0.0020291,0.0014757,0.0021708,0.0025316,0.0010841,0.0019784,0.0026969,0.0022194,0.0029066,0.0022078,0.00080401,0.0008481,0.0012073,0.00062785,0.00099578,0.0010433,0.00086987,0.00047156,0.0012783,0.0018579,0.0013224,0.00034501,0.00058909,0.0002448,0.00076361,0.0011431,0.001581,0.00041766,0.0023108,0.0021223,0.00059173,0.00060126,0.0011649,0.00089167,0.00024851,0.0016868,0.0027423,0.0035937,0.002561,0.0025995,0.0025485,0.0091877,0.0036509,0.020311,0.013215,0.0026768,0.0041296,0.0016672,0.00090253,0.0061774,0.017801,0.01573,0.0026193,0.0015578,0.00047754,0.00025502,0.00064104,0.0003113,0.00081684,0.00054048,0.0010198,0.0012765,0.0016641,0.0010109,0.00075301,0.0012203,0.00049605,0.0022856,0.0013587,0.00059702,0.0010167,0.0012775,0.00014803,0.0015824,0.0044778,0.0030788,0.001758,0.00084928,0.00045846,0.0005965,0.00092065,0.0014833,0.0022728,0.0027726,0.0017956,0.0017553,0.0015326,0.0013434,0.0004626,0.00044843,3.553e-05,0.00064782,0.0011381,0.00082636,0.00079098,0.00069882,0.00098597,0.00075345,0.00075064,0.00030084,0.00074136,0.0031007,0.0016462,0.0013907,0.0044228,0.001234,0.0092363,0.021042,0.03111,0.0352,0.017125,0.0067523,0.0059735,0.0025457,0.0010057,0.005342,0.010099,0.0028357,0.0023185,0.00060932,0.00030221,0.00024534,0.00081785,0.00098075,0.00076782,0.0012221,0.00071923,0.001213,0.0017003,0.0011797,0.0010797,0.00049116,0.00037875,0.00060077,0.0019028,0.0023921,0.0023706,0.00041455,0.0010872,0.0019059,0.0017516,0.0010936,0.0033699,0.001779,0.0021225,0.0041948,0.0059091,0.0050111,0.0027206,0.0027805,0.0042106,0.0032412,0.0017743,0.00087775,0.0013105,0.0020701,0.0036058,0.0028187,0.0025391,0.0037302,0.003336,0.0018532,0.0043663,0.0036984,0.0016183,0.0035658,0.0078411,0.004356,0.0093932,0.01812,0.0048093,0.04469,0.070357,0.069543,0.043485,0.013155,0.0078008,0.0031472,0.0061452,0.00535,0.0045282,0.0038294,0.00082312,0.0013027,0.0025001,0.0023177,0.0019665,0.0023249,0.0021943,0.0025984,0.0030785,0.0017671,0.00062522,0.00098928,0.0014256,0.00024656,0.0015025,0.0018985,0.001535,0.0025208,0.0042893,0.0029958,0.0016109,0.0011509,0.00069122,0.0010782,0.0023486,0.00044471,0.00095412,0.00057035,0.00091283,0.00098215,0.0013111,0.00054544,0.00014933,0.00054531,0.001144,0.0003739,0.0020511,0.0015407,0.0010846,0.00083912,0.00046944,0.00099203,0.0010358,0.00072701,0.00043064,0.00078337,0.0013279,0.0012395,0.0016038,0.0016545,0.0016503,0.002228,0.004487,0.0095612,0.010479,0.018671,0.035882,0.024258,0.0026135,0.0031254,0.0022338,0.0017431,0.001422,0.00043465,0.0015085,0.00055917,0.00078476,0.00098216,0.00052632,0.00058652,0.00043905,0.00094613,0.0016981,0.0025648,0.0015854,0.0019321,0.0019911,0.0024496,0.0024227,0.0020566,0.0035195,0.003354,0.0050629,0.0060227,0.0039422,0.0022046,0.0020545,0.0028744,0.0010869,0.00046478,0.0005906,0.00062079,0.0017222,0.0014759,0.0013094,0.00086824,0.0019842,0.0032482,0.0030255,0.00097853,0.00057726,0.00098885,0.00062292,0.0004149,0.00057346,0.00039265,0.0017819,0.0022161,0.00094354,0.00012733,0.00049689,9.8578e-05,0.00084176,0.0028581,0.0025583,0.004019,0.0032449,0.0013722,0.0053456,0.0096163,0.017557,0.028315,0.010228,0.0098696,0.0019383,0.0021177,0.0016317,0.0028927,0.0027608,0.0021261,0.00064965,0.00072993,0.00046246,0.00085045,0.00048415,0.0010505,0.00203,0.00074484,0.00073467,0.0008098,0.0019171,0.00090063,0.0019841,0.0018353,0.0011346,0.001936,0.0004357,0.002012,0.0015285,0.001767,0.0019019,3.9752e-05,0.0012846,0.00051324,0.00096005,0.002601,0.0014012,0.0015858,0.0014969,0.0029213,0.0027961,0.0019463,0.0035095,0.0055716,0.0022795,0.00035278,0.0012476,0.0016481,0.00083742,0.0022279,0.0039928,0.0036669,0.0030131,0.0011528,0.00067671,0.0031467,0.0030669,0.0040401,0.0011019,0.0063749,0.01666,0.018846,0.015626,0.010165,0.028673,0.12933,0.19773,0.10664,0.043577,0.026841,0.017754,0.001183,0.012266,0.01197,0.0086557,0.0036614,0.00039975,0.0042169,0.0013968,0.002331,0.0026529,0.0014454,0.0011235,0.0017423,0.0032753,0.0022413,0.0026558,0.0016816,0.002026,0.0015881,0.0021958,0.0025671,0.0042396,0.0043633,0.0034235,0.0026636,0.0035317,0.0019417,0.0024117,0.0041953,0.001475,0.00088832,0.0021199,0.0020628,0.0018683,0.00081747,0.0026399,0.0026092,0.0013385,0.0043359,0.0034485,0.00075517,0.0012736,0.0023737,0.0016499,0.00085556,0.0013074,0.0032903,0.0011104,0.0016795,0.0011196,0.0011615,0.0016718,0.0043571,0.0078249,0.011425,0.012522,0.0093538,0.010204,0.020671,0.10253,0.14436,0.077708,0.012534,0.020453,0.012347,0.0052159,0.0069799,0.0069824,0.0047944,0.0021296,6.4104e-05,0.0028701,0.0014428,0.0025941,0.0027335,0.002029,0.0029911,0.0039705,0.0042194,0.0028093,0.001743,0.0037941,0.0070369,0.01039,0.0090883,0.0050917,0.0019293,0.0022602,0.0050554,0.0046816,0.0033702,0.0019187,0.0028814,0.00038422,0.00058839,0.00057733,0.0015476,0.0011562,0.00084312,0.0010128,0.00057336,0.00050032,0.00049822,0.0009754,0.00080325,0.00020804,0.0001948,0.00030932,0.0008833,0.0011014,0.0014079,0.0014063,0.0021876,0.001819,0.0011412,0.0015283,0.0019784,0.0021546,0.0027251,0.0036309,0.0034002,0.0033848,0.0055217,0.0074014,0.015829,0.02112,0.0053302,0.013996,0.0086578,0.0034618,0.002421,0.0053637,0.014135,0.009235,0.0041607,0.0054237,0.0038343,0.0033128,0.0027856,0.0021889,0.0012242,0.00098133,0.0011984,0.0012157,0.00086763,0.00056651,0.00078789,0.0014055,0.002269,0.0024955,0.0019823,0.0015952,0.0010601,0.00042193,0.00045398,0.00069927,0.00069189,0.0010275,0.00080367,0.0031859,0.00064508,0.0024585,0.0011336,0.0022081,0.001322,0.0017588,0.0023488,0.0046464,0.0058056,0.0027378,0.0022354,0.0046109,0.00554,0.0045373,0.0020719,0.00093053,0.0037123,0.0055339,0.0057051,0.0062333,0.010444,0.01238,0.0054927,0.0047103,0.010457,0.0094976,0.0041962,0.02152,0.067897,0.11283,0.099863,0.018171,0.036259,0.034043,0.025278,0.017936,0.014648,0.0099856,0.0076249,0.0064526,0.0051465,0.0029821,0.0011367,0.0024161,0.0056093,0.0049487,0.0023458,0.0006668,0.0036629,0.0028269,0.00083315,0.0016657,0.0036288,0.0041124,0.0034785,0.0023434,0.0037757,0.0043418,0.0032657,0.0030575,0.0036329,0.0028787,0.0027492,0.0030603,0.0019352,0.0015314,0.0010658,0.00053934,0.0013127,0.0017761,0.0020667,0.0024272,0.0006712,0.0029885,0.0038447,0.0041004,0.0036265,0.0030102,0.0026564,0.0019788,0.0025423,0.0031064,0.0025752,0.0031115,0.0039778,0.0036686,0.0040846,0.0051511,0.0056159,0.0080203,0.0083826,0.0054017,0.019338,0.033556,0.037598,0.01821,0.034446,0.046024,0.015075,0.0096905,0.011161,0.0042328,0.0098451,0.002915,0.0019113,0.0071048,0.0057468,0.0019351,0.0030852,0.0035008,0.0010715,0.00031105,0.0020695,0.00053435,0.00020864,0.0050122,0.0047424,0.0024444,0.0026275,0.0015896,0.0013023,0.0034632,0.003737,0.0016129,0.0032036,0.003929,0.003452,0.0021318,0.0005827
0.0022807,0.001634,0.001027,0.0011693,0.00071216,0.0012997,0.0015527,0.00050284,0.0023927,0.0024424,0.0027357,0.0020571,0.0027596,0.0024974,0.00056278,0.0016265,0.0015921,0.001641,0.0023701,0.0032019,0.0019468,0.00075193,0.0012008,0.0010082,0.0012768,6.9173e-05,0.00052195,0.001979,0.0025535,0.0019315,0.0013061,0.0017728,0.00078398,0.0077001,0.014153,0.0059607,0.0080789,0.0078856,0.0041633,0.0032614,0.0049231,0.0035041,0.0024033,0.003617,0.0045129,0.0029521,0.0011674,0.00092892,0.0023565,0.0024203,0.0020972,0.0024491,0.0037483,0.0028575,0.0020325,0.0013429,0.0022043,0.0028876,0.00056054,0.0015644,0.0009632,0.0013592,0.0012747,0.0015251,0.0012038,0.00092181,0.0019687,0.001529,0.0010556,0.0020021,0.0025151,0.0018721,0.0026776,0.0052039,0.0047203,0.0020502,0.0017591,0.0016311,0.0027152,0.0020727,0.0014738,0.0015016,0.0041425,0.0008973,0.0024416,0.0031663,0.0025841,0.0011853,0.00060889,0.003302,0.0088355,0.015328,0.011323,0.00089956,0.0035811,0.0050232,0.0061305,0.013917,0.034423,0.043245,0.031546,0.02179,0.031606,0.039907,0.021542,0.0084084,0.0077931,0.0047878,0.0028188,0.0016446,0.0027339,0.0048282,0.0037081,0.00089877,0.0011684,0.0019785,0.0036047,0.0035753,0.0012035,0.0013423,0.0021092,0.0023741,0.0024877,0.0025716,0.0032826,0.0023406,0.001018,0.0022818,0.0016244,0.0027113,0.0013005,0.0014173,0.0010603,0.0016999,0.0011581,0.00032024,5.0153e-05,0.001021,0.00098797,0.00078129,0.0014299,0.0015287,0.001323,0.0011182,0.00069276,0.0012454,0.0016795,0.0005192,0.00094373,0.00059637,0.00052835,0.00082369,0.00082712,0.0012755,0.0011262,0.0034664,0.011166,0.0085177,0.0017617,0.0027102,0.0020677,0.00086023,0.0026028,0.0033017,0.0040477,0.0046559,0.0075962,0.014996,0.018083,0.0076834,0.0041262,0.0025073,0.0012874,0.0011157,0.0015352,0.0010681,0.00079531,0.0012337,0.00047881,0.00049787,0.00042109,0.00077875,0.00082522,0.0014089,0.0024586,0.0018789,0.00062343,0.0013961,0.001479,0.00070953,0.0012652,0.0020227,0.001669,0.0018806,0.0022016,0.00037025,0.00078883,4.3878e-05,0.00017859,0.00041572,0.00063098,0.00015332,0.0003345,0.00018884,0.00050535,0.00022111,0.00033169,0.00027934,0.0005371,0.00039089,0.00022296,0.00073788,0.00070111,0.0010488,0.0012266,0.0021741,0.0014656,0.00077468,0.00076969,0.00050895,0.0016911,0.0072647,0.0083901,0.0030642,0.00086552,0.00088379,0.0052045,0.008153,0.024378,0.045398,0.04061,0.020767,0.012046,0.010131,0.0040136,0.0039176,0.0015527,0.002577,0.00098099,0.0012334,0.00045271,0.00092652,0.00042847,0.00051965,0.00013631,0.00091175,0.00066514,0.00054154,0.00067392,0.000629,0.00023446,0.00056253,0.00019938,0.00033755,0.00044342,0.00033165,0.00077229,0.0018211,0.0032246,0.0030206,0.0033726,0.0033374,0.0018131,0.0022837,0.0027168,0.001749,0.0013847,0.0013133,0.00086536,0.00070016,0.0019797,0.0017919,0.0023608,0.00096693,0.00028222,0.0014442,0.00013939,0.00048908,0.0029559,0.0021752,0.0038295,0.0018945,0.0059002,0.0039544,0.0015074,0.0064672,0.054759,0.063928,0.017687,0.0083501,0.0038783,0.0029366,0.0047364,0.01535,0.034448,0.021769,0.0044247,0.0030136,0.00028944,0.003855,0.0022063,0.0016088,0.00058309,0.0010101,0.00091799,0.0014377,0.001447,0.0024931,0.0021612,0.0001717,0.0020339,0.0020411,0.0019989,0.0018725,0.0010344,0.00088231,0.0014083,0.00081811,0.001147,0.00069393,0.0014866,0.00082588,0.0020749,0.0018854,0.00010291,0.0002029,0.00076588,0.00019394,0.0004626,0.00085817,0.0015386,0.0014375,0.0013936,0.0013705,0.00099225,0.00031168,0.00068584,0.00095608,0.00060318,0.00088032,0.00062184,0.00019646,0.0007666,0.00045716,0.0011965,0.0023358,0.0016959,0.00074408,0.0012257,0.0018328,0.0022349,0.015294,0.015206,0.0031809,0.0027218,0.0027516,0.00091505,0.0012443,0.0021582,0.0027834,0.0024391,0.0018495,0.0019773,0.0039952,0.0035587,0.00046319,0.0016671,0.0013802,0.0012787,0.00073842,0.00043193,0.00024126,0.0002975,0.00073483,0.001274,0.0011504,0.00059404,0.00090761,0.0012934,8.5104e-05,0.0017509,0.0021466,0.0013574,0.00022386,0.00096464,0.0011903,0.0011904,0.003454,0.003813,0.0026361,0.00067366,0.00070677,0.0013545,0.0016525,0.00091543,0.0016169,0.0003167,0.0010102,0.00048378,0.00081716,0.001585,0.00099209,0.00060434,0.00025395,0.00049191,0.00095301,0.00061209,0.00072127,0.00081571,0.00048513,0.001093,0.0012131,0.00070353,0.0001621,0.00071514,0.0063644,0.011688,0.0070763,0.0016494,0.0010803,0.0030597,0.0061263,0.013555,0.035026,0.038374,0.020536,0.01013,0.007795,0.0036063,0.0027771,0.001042,0.0016205,0.0017593,0.0011427,0.0017102,0.0014345,0.00098697,0.00018019,0.00044402,0.00055683,0.00040917,0.0012158,0.0011335,0.001011,0.00070565,0.00040413,0.00084999,0.0011174,0.001094,0.0003727,0.0011695,0.0012969,0.0016364,0.0010959,0.0014447,0.0024787,0.0034273,0.0052931,0.007561,0.007977,0.0047341,0.0038983,0.0058501,0.0054853,0.003293,0.0045085,0.0041879,0.0053111,0.0058018,0.004861,0.0049837,0.0043859,0.006648,0.0078001,0.0054183,0.0075621,0.00077825,0.0070899,0.002985,0.0042072,0.010579,0.0062712,0.0032153,0.0028043,0.0049124,0.012677,0.029843,0.070769,0.17219,0.17166,0.086732,0.031747,0.0054067,0.016523,0.0060218,0.015788,0.011775,0.0075735,0.0051847,0.0052083,0.0012386,0.0067554,8.3703e-05,0.0039621,0.00061151,0.0015337,0.0030255,0.0034303,0.0021941,0.003239,0.0016518,0.0039291,0.0029159,0.0023001,0.0021872,0.0027697,0.0011902,0.004638,0.0045764,0.0059911,0.013135,0.0070451,0.0081865,0.0082505,0.0048724,0.0017483,0.0025047,0.0015077,0.0020835,0.0015696,0.00041248,0.00053009,0.0007245,0.0012703,0.002764,0.00081617,0.0015416,0.00085802,0.00027164,0.00036987,0.00049972,0.0014553,0.0019828,0.00026116,0.002356,0.0023979,0.0046088,0.00247,0.0047163,0.0050432,0.006895,0.018953,0.049024,0.098169,0.11103,0.071828,0.03759,0.018827,0.0037317,0.010423,0.0077721,0.0030998,0.0060832,0.0043343,0.0012699,0.0026937,0.0042137,0.00035913,0.0026117,0.0025493,0.004622,0.00034969,0.00011086,0.0042257,0.0029858,0.00056657,0.0040607,0.0020328,0.00064188,0.002221,0.002665,0.0030316,0.00088966,0.0023822,0.0059087,0.0020188,0.0013849,0.0016499,0.0010314,0.00083627,0.0010803,0.00043314,0.00074101,0.0012492,0.0010326,0.001248,0.0017256,0.00043851,0.00081103,0.00049574,0.0003014,0.0009817,0.00072418,0.0012511,0.00085006,0.0021422,0.0016914,0.0010206,0.0012119,0.0016428,0.00046679,0.0045748,0.0060094,0.0038377,0.0027926,0.0019773,0.0048979,0.0034019,0.0087319,0.016519,0.019117,0.0099669,0.0097759,0.014869,0.0090656,0.0031475,0.0018075,0.0038272,0.00096919,0.00081984,0.0014237,0.00013493,0.00070137,0.0008563,0.0010992,0.00070686,0.0017644,0.0010083,0.00049568,0.0012938,0.00068058,0.00069468,0.0012154,0.00061631,0.00062147,0.00068627,0.0010602,0.0017711,0.0023613,0.0035939,0.0023161,0.0036233,0.0023934,0.00092054,0.00096515,0.00061864,0.0018429,0.0018326,0.0013209,0.0015752,0.0017314,0.0018309,0.0022406,0.0020272,0.0004145,0.0011867,0.00065286,0.0016102,0.00061804,0.0012556,0.00051291,0.0024225,0.0024685,0.0011001,0.0019114,0.0021101,0.0090833,0.0096558,0.0062103,0.0081546,0.0022858,0.0085851,0.0072233,0.014046,0.022018,0.015231,0.0035992,0.0030097,0.0020119,0.0070358,0.0055435,0.0015016,0.0024959,0.0024203,0.0024298,0.0046018,0.0049205,0.0024155,0.00097317,0.001716,0.0016954,0.00094083,0.00022209,0.0014611,0.0032342,0.0027307,0.0017654,0.000582,0.0021743,0.00082866,0.00052873,0.0018233,0.00056298,0.001582,0.0036528,0.0016199,0.00061423,0.0018735,0.0022691,0.0013551,0.0012188,0.0011491,0.001566,0.0018943,2.8807e-05,0.0024472,0.0021821,0.0015681,0.0024621,0.00087757,0.0010415,0.001526,0.0013727,0.0025237,0.001023,0.0041502,0.0015014,0.0043637,0.0042962,0.0039277,0.0028209,0.028473,0.029566,0.0067586,0.0017937,0.0085689,0.016829,0.018931,0.043695,0.094816,0.085598,0.027657,0.0039459,0.015855,0.010397,0.010857,0.012068,0.016672,0.014231,0.0066639,0.0024627,0.0020118,0.0007484,0.0010356,0.0026989,0.0020423,0.0010351,0.0018358,0.00046058,0.00080296,0.0025033,0.002952,0.0024683,0.0021069,0.0020781,0.0020261,0.00298,0.006484,0.0078424,0.0075514
0.0015292,0.001612,0.00040701,0.0016926,0.0017824,0.0014747,0.00092182,0.0011632,0.0014401,0.00094499,0.0011075,0.0026903,0.0034361,0.0020995,0.002581,0.001521,0.00071745,0.00047798,0.00086876,0.0009332,0.0015651,0.0014211,0.0039606,0.0018766,0.00073918,0.0018859,0.0019903,0.0016668,0.00045666,0.0012309,0.0029895,0.0028975,0.0053461,0.0053646,0.012985,0.012437,0.0036286,0.0028311,0.0020871,0.0021449,0.0025689,0.0022743,0.0011084,0.00064788,0.0019789,0.0026528,0.0019947,0.0021839,0.0018068,0.0013091,0.0006271,0.0027549,0.003162,0.0026272,0.001294,0.00014144,0.00082048,0.00067713,0.0018267,0.0025438,0.0014293,0.0011814,0.0028144,0.001737,0.0013374,0.001367,0.00073114,0.0012779,0.0024554,0.0019186,0.0008711,0.00081266,0.0028809,0.0036917,0.0028526,0.001292,0.0012093,0.0010869,0.00092724,0.0011528,0.00093374,0.0014881,0.0016613,0.0026801,0.002379,0.0028089,0.0012939,0.0022022,0.0034017,0.0010742,0.003385,0.0027553,0.004977,0.0062261,0.0045781,0.0035924,0.0049256,0.0033815,0.0068123,0.014676,0.01074,0.017042,0.017426,0.00488,0.0065017,0.005929,0.0065288,0.0055264,0.0031526,0.0020416,0.0014915,0.0015365,0.0029138,0.0038533,0.0025703,0.0024535,0.0013495,0.00081067,0.001037,0.00040159,0.00089512,0.00046071,0.00070888,0.0028628,0.0017933,0.0014477,0.0027101,0.0015391,0.0007497,0.00064981,0.001618,3.1719e-05,0.0009331,0.0010869,0.00046722,0.00067715,0.00079828,0.00092922,0.00096488,0.00036473,0.00036319,0.0010581,0.001506,0.0012121,0.00087736,0.00063293,0.00082892,0.00061426,0.00061338,0.00074674,0.0011348,0.00078953,0.00063231,0.00060378,0.002935,0.0040123,0.0067942,0.0096517,0.0067387,0.0031368,0.0021937,0.0038941,0.0049338,0.012082,0.026664,0.01741,0.0083531,0.010573,0.0035364,0.0030483,0.0012212,0.0023883,0.00042969,0.00097594,0.00045436,0.00073004,0.00070908,0.00086342,0.0016522,0.00099359,0.0015119,0.0024261,0.0020695,0.0013868,0.0015845,0.0013246,0.0011755,0.00097889,0.00039069,0.00098538,0.0015991,0.0024959,0.00050755,0.00073238,0.0035247,0.001665,0.0017806,0.0014852,0.00085741,0.0004512,0.00079774,0.00141,0.00060349,0.001398,0.0013027,0.00033327,0.00059667,0.00096566,0.00067141,0.0016689,0.0015075,0.00047556,0.0027375,0.0018105,0.0010999,0.0011637,0.0013973,0.001268,0.00097409,0.0013987,0.0027243,0.0026912,0.0062763,0.0060963,0.0054201,0.004852,0.0044195,0.0033073,0.013006,0.028012,0.043612,0.044881,0.01865,0.011909,0.0073661,0.012514,0.0080078,0.0040975,0.0040014,0.0036922,0.0020077,0.0015717,0.0014126,0.0015117,0.0011364,0.0010012,0.0014163,0.00087715,0.0008938,0.00062337,0.00049119,0.0015766,0.00071908,0.0007371,0.0014801,0.0011851,0.0017859,0.003697,0.0042047,0.0022955,0.0021983,0.0021448,0.0017607,0.0012537,0.0016621,0.0023904,0.0011789,0.0011349,0.0012991,0.0018427,0.0017177,0.0019847,0.00064735,0.00089577,0.00088678,0.0015881,0.0045231,0.0048157,0.0024485,0.0031846,0.0045863,0.0042358,0.0039105,0.0077157,0.011189,0.017378,0.022274,0.054683,0.037664,0.032004,0.020343,0.010743,0.0011516,0.024041,0.046654,0.028997,0.0023757,0.00096043,0.0072129,0.0042209,0.0031439,0.0041185,0.0032797,0.0034572,0.0031092,0.0026538,0.00048634,0.0017137,0.00087797,0.0011124,0.0021345,0.0028677,0.0026041,0.00099018,0.0012518,0.0037829,0.0022214,0.00089224,0.00059692,0.001995,0.00067549,0.0005177,0.001066,0.0012153,0.0010951,0.0018567,0.0019061,0.0015079,0.0011269,0.0015576,0.00099819,0.00093338,0.0012048,0.00071496,0.00057777,0.00042477,0.0001142,0.00016662,0.00040404,0.0010341,0.00057874,0.0029717,0.0011841,0.0014131,0.00077728,0.0018457,0.0019135,0.00056507,0.0025353,0.0013963,0.0021029,0.0066626,0.01444,0.0082048,0.0071133,0.0042259,0.0030586,0.0044971,0.0071084,0.0048495,0.0018199,0.0051192,0.00087372,0.0040059,0.0034525,0.0013832,0.00090992,0.00042859,0.00041844,0.0013245,0.00058836,0.00051536,0.0014107,0.0013023,0.0007788,0.0021538,0.0021627,0.00055216,0.0022991,0.0022106,0.0012255,0.0012717,0.0010625,0.0016775,0.0020343,0.00037602,0.0014369,0.0012943,0.0006916,0.002483,0.00060078,0.0015442,0.0019839,0.00044548,0.00033106,0.00015045,0.00084156,0.0021517,0.0016618,0.0020105,0.0020446,0.0018493,0.0011677,0.00056623,0.0004805,0.00073527,0.00053957,0.0018373,0.001121,0.0011571,0.0003368,0.0013689,0.0014874,0.0015319,0.00040005,0.00090865,0.0040785,0.0091772,0.010165,0.0062499,0.0064106,0.0088218,0.014636,0.014558,0.012071,0.021029,0.026294,0.017497,0.010794,0.0068317,0.0045942,0.0037449,0.0044573,0.0035366,0.0017982,0.0017958,0.00089402,0.0019046,0.0027673,0.0015151,0.00097437,0.00082152,0.00040062,0.0014331,0.0029705,0.0034381,0.0024707,0.0017342,0.0020724,0.0029148,0.002315,0.0010616,0.00044705,0.00098312,0.00032288,0.0062175,0.0047399,0.0043321,0.0076205,0.0067093,0.002586,0.0054761,0.0082367,0.005755,0.0050265,0.0059797,0.0032847,0.0036459,0.0027014,0.0014188,0.0021793,0.0057722,0.0060131,0.005903,0.0051932,0.0071274,0.0076552,0.0056281,0.0009944,0.0014388,0.0027679,0.0056945,0.0041357,0.0033699,0.0054795,0.016316,0.029695,0.041299,0.04013,0.042324,0.049856,0.083928,0.068909,0.030771,0.015887,0.0085367,0.008608,0.0071109,0.0058459,0.0057639,0.0051347,0.0025422,0.004371,0.009235,0.0062716,0.002693,0.0038301,0.007717,0.010127,0.007854,0.0049104,0.004801,0.00071675,0.0045446,0.0023589,0.00049121,0.0022842,0.0037665,0.0062691,0.0028875,0.0022078,0.002498,0.004798,0.009385,0.011918,0.0095215,0.007632,0.010875,0.0083961,0.0035598,0.0025651,0.0058919,0.0087234,0.0079517,0.0048185,0.0048304,0.0068338,0.0064769,0.0067937,0.0057665,0.0051644,0.0058831,0.0080351,0.007932,0.0078319,0.013352,0.0151,0.013225,0.013597,0.01161,0.010362,0.023885,0.030124,0.026108,0.051736,0.03902,0.090722,0.094625,0.052344,0.022326,0.0134,0.017807,0.010309,0.0088066,0.006718,0.0030407,0.0055783,0.006576,0.0035219,0.000665,0.0049146,0.0058253,0.0031112,0.0030162,0.0033926,0.0029124,0.0041244,0.0012478,0.0049987,0.0056118,0.0033292,0.002705,0.0053264,0.0048557,0.0081804,0.0034051,0.0021189,0.0021565,0.0026597,0.0017616,0.0017512,0.0023273,0.0019903,0.001772,0.0027031,0.0023235,0.0029071,0.0020505,0.0011372,0.0013875,0.0018106,0.0013343,0.0013229,0.0029036,0.003445,0.0029277,0.0010561,0.001323,0.0012822,0.00030441,0.0011571,0.0022031,0.0037557,0.0042841,0.0014474,0.001967,0.0021341,0.0016124,0.0048981,0.0087183,0.018011,0.02341,0.017324,0.0037632,0.002863,0.0011886,0.0024036,0.0024326,0.0015292,0.00044674,0.00062218,0.0010956,0.0012615,0.00081832,0.00071072,0.0014127,0.0020545,0.0013029,0.0009799,0.0026456,0.0030585,0.0017688,0.0026533,0.0020084,0.0017489,0.0031203,0.0007742,0.001588,0.0013217,0.0030672,0.0012385,0.001783,0.002675,0.0018572,0.0013935,0.00082352,0.0029534,0.0017966,0.0019329,0.0011879,0.001196,0.00085995,0.00063756,0.0017859,0.0014499,0.0013519,0.0024329,0.0034398,0.0021995,0.0013912,0.0027016,0.0040107,0.0033315,0.00044344,0.0025671,0.0039061,0.0024195,0.0024098,0.0068706,0.001903,0.0068325,0.00519,0.0025021,0.019926,0.016857,0.017026,0.01076,0.0051297,0.0037713,0.0021102,0.0067075,0.0049146,0.003534,0.0036218,0.0024441,0.0023422,0.0027675,0.0031331,0.0017925,0.00092063,0.00080084,0.00021872,0.003564,0.0027736,0.0011412,0.0022695,0.0017535,0.00071273,0.0016443,0.0019257,0.0018188,0.0021603,0.0044652,0.0015856,0.0042573,0.0015417,0.0018548,0.00052298,0.0014663,0.0017779,0.0010992,0.002101,0.0014914,0.0014828,0.001391,0.0012513,0.0024362,0.0017076,0.0010975,0.0017973,0.00018826,0.0031354,0.002222,0.0018782,0.0034071,0.0013972,0.00059407,0.0010166,0.0022475,0.0017902,0.0025531,0.0076917,0.026439,0.029705,0.010421,0.0095941,0.015723,0.015276,0.032935,0.0485,0.098977,0.093353,0.050091,0.037313,0.018224,0.0053488,0.011985,0.013868,0.0079411,0.010744,0.0095811,0.0062103,0.0051046,0.0016565,0.004645,0.0040203,0.00072026,0.0032465,0.0029027,0.0044474,0.0033549,0.00087304,0.0016038,0.0033239,0.0021057,0.0025188,0.0033419,0.0043931,0.0033314,0.001557
0.00416,0.0033624,0.0010623,0.00084932,0.0032121,0.0036124,0.0004384,0.0016199,0.0035332,0.0025702,0.0013997,0.0012927,0.0021223,0.0026266,0.0021129,0.0016361,0.0014574,0.0019583,0.00077654,0.0023768,0.0022847,0.00066212,0.0016894,0.0037416,0.0044948,0.0037952,0.0018523,0.0007773,0.0011551,0.00098044,0.0008707,0.0021854,0.0017436,0.0096383,0.015512,0.0086085,0.010573,0.0051661,0.003399,0.0023425,0.00077246,0.0021063,0.002732,0.00063206,0.0023022,0.002604,0.0038178,0.0026305,0.0021758,0.0032073,0.0043121,0.0040334,0.0030026,0.002229,0.0021764,0.0026962,0.0023524,0.0015169,0.0023905,0.0012353,0.0025489,0.00146,0.0014684,0.0016997,0.00064869,0.0040404,0.0020128,0.00083447,0.0012969,0.0034194,0.0019454,0.0021462,0.0029402,0.0030009,0.0024407,0.00095318,0.00075235,0.00070234,0.0026285,0.0017081,0.00091974,0.0006912,0.00074537,0.00074319,0.0012056,0.0037568,0.0032729,0.00049189,0.0017101,0.00045882,0.00067505,0.0018061,0.0048374,0.0049581,0.00018185,0.0027125,0.0017846,0.0038297,0.0027319,0.01475,0.0093389,0.0049287,0.01017,0.0024657,0.0025319,0.0017168,0.0016342,0.0011276,0.0039224,0.001669,0.0025551,0.0032509,0.0024378,0.0012762,0.002449,0.002689,0.0023363,0.00099497,0.00039525,0.00051723,0.00083952,0.0029909,0.0034799,0.00041638,0.0032685,0.0013081,0.0021466,0.0027959,0.001727,0.0017852,0.0012273,0.00057651,0.0010388,0.0017919,0.0021327,0.00089355,0.00086599,0.001114,0.0007472,0.00079872,0.0005268,0.00038869,0.00066024,0.00041292,0.00065319,0.00077823,0.0012106,0.0014093,0.00068809,0.00075254,0.00063073,0.00080968,0.00068142,0.00063849,0.00040048,0.00054008,0.0026655,0.0073151,0.0076728,0.0029444,0.0012289,0.0010548,0.0041579,0.0021223,0.01747,0.017608,0.008692,0.012064,0.0041502,0.00077531,0.001335,0.00091836,0.00041056,0.0016344,0.0010659,0.0010769,0.0014048,0.0015018,0.0014686,0.0011797,0.0016488,0.0014962,0.00015555,0.00065164,0.0010649,0.0011462,0.0012309,0.00059071,0.0016316,0.0013024,0.00025648,0.0014281,0.0022746,0.0021486,0.0035841,0.0014885,0.00018511,0.00052211,0.0012262,0.00038523,0.00060375,0.00060298,0.00091347,0.00050283,0.0014905,0.0010503,0.0005535,0.0010764,0.0010029,0.00058835,0.0018382,0.00481,0.0035444,0.0012163,0.0012072,0.00033117,0.0016189,0.00083415,0.0016234,0.0022975,0.0023352,0.0019877,0.0065379,0.0079844,0.0020358,0.0015151,0.00088922,0.0020746,0.005282,0.0095984,0.042156,0.058456,0.029573,0.0079154,0.0049808,0.0043844,0.0038002,0.0020427,0.0016419,0.00068967,0.0013077,0.00077318,0.0016643,0.0012899,0.0019386,0.0010537,0.0010621,0.0012826,0.00076236,0.0012228,0.00018475,0.00096573,0.00058587,0.0003612,0.0007872,0.0012624,0.00098146,0.0020431,0.0034366,0.0035356,0.0013003,0.0008824,0.00078295,0.00077868,0.0017057,0.00092336,0.0016389,0.0035709,0.002376,0.0017404,0.00061891,0.0023266,0.0022311,0.00038984,0.0011582,0.0042876,0.0090168,0.0069308,0.00060333,0.0027911,0.0024747,0.0058405,0.0046326,0.0052625,0.0097781,0.010404,0.009388,0.045549,0.062288,0.038332,0.011936,0.0050206,0.011649,0.0083203,0.038705,0.030289,0.012722,0.007569,0.0062791,0.005288,0.0034888,0.0032604,0.002915,0.0032496,0.00040021,0.0030889,0.0018873,0.0033261,0.0024224,0.0019463,0.0043732,0.0051785,0.0045206,0.002026,0.00066184,0.0010716,0.0012736,0.0014865,0.001257,0.0024738,0.0011171,0.0031789,0.001646,0.0013099,0.0019644,0.0027518,0.0029596,0.0020037,0.0012252,0.00086901,0.00052972,0.00030262,0.00024997,0.00069664,0.00030954,0.00049694,0.00033055,0.00061907,0.00046471,0.00091539,0.0008236,0.0017673,0.0020058,0.0022278,0.0018111,0.0018916,0.0027923,0.0022922,0.00046778,0.00063029,0.0044752,0.0025753,0.012699,0.01667,0.008386,0.0023535,0.0020205,0.0036711,0.0014178,0.011303,0.0064549,0.0021679,0.0037257,0.0029806,0.00065862,0.0011361,0.00075216,0.00073662,0.00072175,0.00044819,0.00082113,0.00078573,0.00075891,0.00064582,0.00081321,0.00046694,0.0012441,0.0010659,0.00032202,0.00076335,0.00090059,0.00091054,9.8553e-05,0.00074122,0.00048241,0.00049407,0.0020717,0.0027198,0.0015684,0.00052034,0.0018595,0.0021103,0.002427,0.0025282,0.0021003,0.0018316,0.0013761,0.00075312,0.0002791,0.0014197,0.0019606,0.0017964,0.00075025,0.00037757,0.00075909,0.0013989,0.0012513,0.00050112,0.0023312,0.0020511,0.0010475,0.0013387,0.0018264,0.00094404,0.0015182,0.0032985,0.0041479,0.0054233,0.010964,0.0061209,0.0025731,0.006238,0.00088121,0.016502,0.029105,0.029775,0.020933,0.014119,0.0074459,0.0030009,0.0020328,0.0025085,0.0019736,0.00058064,0.0014521,0.0015622,0.00057955,0.0021281,0.001467,0.0021224,0.002114,0.002005,0.0026734,0.0014109,0.00029053,0.00094413,0.0019846,0.0028256,0.0022054,0.0017332,0.0025601,0.0020469,0.0012907,0.0015819,0.0021891,0.0047676,0.0054229,0.0042121,0.0035371,0.0060284,0.0064282,0.0054738,0.0051555,0.0030789,0.0033048,0.0032067,0.0037177,0.001823,0.0028433,0.003883,0.003485,0.0036408,0.0034716,0.0040133,0.0050793,0.0052736,0.0046952,0.0055106,0.0039748,0.000925,0.0028322,0.0064845,0.010056,0.010046,0.004082,0.0032435,0.012099,0.012211,0.026459,0.08425,0.080525,0.075575,0.056526,0.028723,0.01494,0.0078539,0.0089267,0.0058518,0.0030246,0.0060722,0.0081417,0.0030599,0.010765,0.0065027,0.0045018,0.0032149,0.0037272,0.00058412,0.0038268,0.0034073,0.001793,0.0034201,0.0018315,0.0077727,0.003308,0.0071627,0.0038215,0.0026705,0.0033513,0.0033494,0.0052472,0.0080948,0.0075322,0.0045503,0.0079919,0.0073773,0.0020211,0.0022172,0.0024319,0.0034789,0.0035585,0.0039216,0.003858,0.0036697,0.0049343,0.0057504,0.0072372,0.0062982,0.0046748,0.0046159,0.0050061,0.0074021,0.00727,0.0060358,0.0044625,0.004357,0.0077032,0.01135,0.013281,0.011828,0.013193,0.01671,0.027411,0.016456,0.065227,0.06203,0.10429,0.086344,0.043515,0.021894,0.016509,0.014262,0.011338,0.0069796,0.0033577,0.0062793,0.0082319,0.0091545,0.008139,0.0053732,0.0065349,0.0034491,0.0012967,0.0031733,0.0050472,0.0054331,0.0020185,0.0047274,0.0067915,0.0071733,0.0053924,0.0038014,0.0038085,0.0039854,0.0045226,0.0011485,0.0015145,0.0014158,0.0011966,0.0016191,0.0021192,0.0013635,0.00050466,0.00071705,0.00036623,0.001087,0.001827,0.0020699,0.0019355,0.0024909,0.0035143,0.0032556,0.00081589,0.0024247,0.0024915,0.0016191,0.0030521,0.003951,0.003086,0.0020387,0.0038281,0.0080055,0.0093704,0.0034294,0.0038448,0.0042951,0.0043014,0.0061307,0.001859,0.007354,0.026219,0.027851,0.0016361,0.011558,0.0062316,0.0033513,0.0018986,0.0017291,0.0014399,0.0018494,0.0013683,0.0011286,0.0019493,0.0023406,0.00092885,0.00061213,0.00062848,0.00078375,0.00132,0.0018234,0.0015983,0.0014597,0.00088022,0.00069983,0.0016927,0.0020122,0.00098007,0.00027588,0.0025838,0.0065286,0.0020979,0.0017645,0.0015083,0.0024949,0.0023771,0.0023658,0.0015841,0.0012633,0.001665,0.0030108,0.0026907,0.0013995,0.0020395,0.002196,0.0017426,0.00043326,0.00032007,0.0011879,0.0013195,0.00078295,0.0014795,0.00082775,0.002683,0.0048593,0.0016668,0.0011294,0.0015711,0.0054786,0.0064506,0.0043023,0.0020675,0.0065004,0.0063987,0.011326,0.0229,0.010813,0.0097193,0.0061067,0.0028126,0.0027371,0.0039464,0.0019122,0.001654,0.00066034,0.0029691,0.0040122,0.0028161,0.0010507,0.0037489,0.0040494,0.0033179,0.0029878,0.0034027,0.0033574,0.0030509,0.0028663,0.0044627,0.0041076,0.001598,0.0011238,0.003238,0.0023043,0.001006,0.002302,0.0034682,0.0037873,0.0028265,0.00035097,0.0016178,0.0017698,0.0019938,0.0019296,0.0014678,0.0015177,0.0016752,0.0014763,0.0013276,0.001299,0.0024537,0.0024277,0.0014909,0.0016439,0.0024084,0.0043926,0.0062231,0.005216,0.0040065,0.0040073,0.0056619,0.0068698,0.0081764,0.011042,0.018701,0.012919,0.015379,0.013039,0.013994,0.018594,0.033715,0.10638,0.082828,0.010726,0.022353,0.027443,0.025492,0.021233,0.020056,0.01657,0.011169,0.0094354,0.0091819,0.0099631,0.0072634,0.0068484,0.0083227,0.0060367,0.0041693,0.0055464,0.0045096,0.0032828,0.0050732,0.0059066,0.0044984,0.0055591,0.0063707,0.0045526,0.004981,0.0055563,0.004317,0.0065215
0.00059305,0.0011405,0.0017415,0.0009377,0.0012754,0.0025702,0.0021904,0.0011897,0.0022343,0.0029295,0.0012905,0.0018215,0.0015958,0.0016692,0.0007934,0.00075492,0.0011508,0.0013981,0.0010943,0.0020156,0.0011307,0.0022031,0.002796,0.0021765,0.00068699,0.0018327,0.0021395,0.0024737,0.0020433,0.001495,0.0023202,0.0026386,0.0017864,0.0059745,0.011641,0.0082611,0.0016191,0.007354,0.0043928,0.0016817,0.0019826,0.0015437,0.00080005,0.0035115,0.0036075,0.0020517,0.0011853,0.0011618,0.002493,0.001657,0.0027456,0.0012011,0.0014255,0.00056333,0.0017462,0.0016843,0.0003252,0.0019316,0.0035947,0.0021399,0.00095781,0.0014027,0.0012586,0.0019595,0.00014145,0.0022823,0.003464,0.0035023,0.0044861,0.0048632,0.0034293,0.0011962,0.0053654,0.004131,0.000412,0.0047324,0.002022,0.0006831,0.0034218,0.0055309,0.002923,0.0025391,0.0063608,0.0051391,0.0016037,0.0018547,0.0031177,0.004033,0.0025344,0.0038096,0.0051652,0.0066355,0.017664,0.013936,0.0046452,0.0088286,0.0095331,0.0094072,0.0082692,0.012724,0.023321,0.04442,0.047266,0.026649,0.015474,0.0093094,0.0053158,0.0065473,0.0035402,0.00070742,0.0010777,0.0038105,0.0031341,0.0040997,0.0037663,0.0025246,0.002668,0.0019488,0.0035802,0.0038722,0.0022916,0.00089247,0.0026275,0.0036932,0.0027832,0.0020575,0.0025086,0.00099714,0.0023043,0.0010077,0.00078367,0.00040739,0.001018,0.00070874,0.00037172,0.0010103,0.0014732,0.0019963,0.0024036,0.0019208,0.00016905,0.0013899,0.0029053,0.00239,0.0018811,0.0015888,0.0015432,0.00076036,0.00069504,0.00092453,0.00070322,0.00076246,0.00077356,0.0018381,0.0025512,0.0024987,0.0028916,0.0094242,0.0067349,0.001487,0.00033747,0.00085091,0.00047246,0.0059978,0.011587,0.014462,0.019729,0.024429,0.01461,0.0027223,0.0028485,0.00031083,0.00058727,0.00084889,0.0020412,0.0017926,0.00059458,0.00039967,0.00043027,0.0004198,0.00080461,0.00097874,0.00050702,0.00068091,0.00041725,0.0007331,0.0022315,0.0023157,0.0019369,0.001369,0.0010471,0.00068749,0.0018449,0.005195,0.0072251,0.00035315,0.00039459,0.00030805,0.00023801,0.00043467,0.00025584,0.00040313,0.00045214,0.00048163,0.00025052,0.00068111,0.00031806,0.00034578,0.00072909,0.00096904,0.00063637,0.0015353,0.003569,0.0043811,0.0017645,0.0011277,0.00061256,0.00041163,0.00089209,0.0013999,0.0010113,0.00097979,0.0061962,0.0070721,0.0012206,0.0016371,0.0003353,0.0010758,0.0014324,0.0083998,0.021381,0.050088,0.023895,0.009809,0.0041158,0.0027095,0.001019,0.00044969,0.0015157,0.00041763,0.00045044,0.00029193,0.00083651,0.00076864,0.00057651,0.00046871,0.00067179,0.00030458,0.00035407,0.00055055,0.0011043,0.0011957,0.0011284,0.0006355,0.0012498,0.002204,0.00024631,0.0019815,0.0016948,0.00047832,0.0018014,0.00084959,0.00094979,0.00093236,0.0011988,0.0027797,0.0035621,0.00341,0.0021692,0.00083886,0.00028316,0.0015702,0.0019287,0.003511,0.002846,0.0026735,0.0031567,0.0039065,0.0051519,0.0035215,0.0015245,0.0016159,0.0021915,0.0016739,0.003802,0.0045911,0.012556,0.059518,0.056709,0.012916,0.0053444,0.0018905,0.0049071,0.021153,0.047122,0.033291,0.0096441,0.0062072,0.0044353,0.0016346,0.0011053,0.0024377,0.0015138,0.00048559,0.0013075,0.0038884,0.0022433,0.00081142,0.0014733,0.001709,0.0010368,0.00086024,0.00057484,0.0012534,0.00083443,0.00070851,0.0013579,0.0022165,0.0033846,0.0027535,0.0011727,0.00023835,0.0010821,0.00070981,0.0024894,0.0001625,0.0012788,0.00090255,0.00040307,0.00083788,0.0011532,0.0010112,0.0005859,0.00099735,0.00085511,0.00073368,0.00068197,0.00016267,0.00076502,0.0013275,0.00096633,0.0012932,0.0017319,0.0011493,0.00020604,0.00060101,0.00050404,0.0012939,0.00036666,0.0011095,0.002897,0.0066934,0.01599,0.013533,0.0043963,0.0012761,0.00033489,0.0023972,0.0017757,0.0042651,0.0056796,0.006061,0.005566,0.003292,0.00059556,0.0011174,0.0017573,0.0012067,0.00067055,0.00082731,0.00044019,0.00017615,0.00098967,0.00089014,0.001043,0.001775,0.0016994,0.00096535,0.00058495,0.00084031,0.001727,0.0020727,0.00058841,0.00085139,0.00051067,0.0014021,0.0023194,0.00098685,0.003127,0.0051323,0.00052063,0.00047286,0.001004,0.0018528,0.0022214,0.0030626,0.0027105,0.0013872,0.0025233,0.0029026,0.0032521,0.00060849,0.0016463,0.002418,0.0031788,0.0016341,0.00096003,0.0020827,0.0017942,0.0012858,0.0030194,0.0035612,0.0019356,0.00098739,0.0026058,0.0029718,0.0048994,0.014322,0.009824,0.004752,0.0039805,0.0062889,0.0092401,0.013389,0.0081349,0.015132,0.024114,0.0079967,0.0090782,0.0070283,0.0051947,0.0024669,0.0019695,0.003977,0.003015,0.0016772,0.0018143,0.0019989,0.0026197,0.001486,0.0020692,0.0015069,0.00085295,0.00022048,0.00086979,0.00098632,0.0010443,0.00072631,0.0016332,0.00069182,0.0014003,0.00071956,0.00086156,0.0011162,0.0017951,0.0023692,0.0024597,0.0039229,0.0029752,0.0016576,0.0019847,0.00415,0.0071046,0.005964,0.0043445,0.002817,0.0048171,0.0030805,0.0036997,0.0066743,0.0048823,0.0010408,0.0036266,0.0071861,0.007998,0.0069776,0.0036197,0.00079,0.0044995,0.0081448,0.0096616,0.011932,0.0045606,0.0070909,0.010737,0.0097097,0.014106,0.012233,0.024092,0.035352,0.082564,0.10924,0.050882,0.021394,0.010632,0.0085226,0.0093812,0.0054035,0.0059453,0.0057178,0.0024345,0.00073802,0.0034354,0.0032395,0.0013655,0.0045101,0.0059508,0.0034663,0.0037695,0.0045541,0.0027968,0.0040501,0.0057748,0.0029749,0.0013537,0.0028668,0.0023879,0.0034145,0.0030054,0.0026176,0.0032501,0.0057921,0.011015,0.009845,0.0043205,0.007412,0.00092216,0.0045512,0.003268,0.0025496,0.003991,0.0029113,0.0027955,0.0015375,0.0021848,0.0021797,0.0021119,0.0032508,0.003612,0.00016498,0.0034623,0.0034908,0.0034054,0.0016307,0.0044517,0.0086382,0.007509,0.013568,0.010529,0.0051513,0.0088506,0.014505,0.0059809,0.029531,0.077587,0.097767,0.10567,0.029974,0.03937,0.019839,0.010549,0.012604,0.012645,0.0077202,0.0019089,0.0023025,0.0036865,0.0056459,0.0028182,0.0034117,0.0043807,0.0039938,0.0055967,0.0024099,0.0021938,0.0029306,0.0023403,0.0032491,0.0018421,0.0010203,0.0032261,0.0057048,0.0075292,0.0047115,0.0037238,0.0003271,0.00084626,0.0012346,0.0012534,0.0014019,0.0010429,0.00069972,0.0021695,0.001127,0.00097314,0.0021293,0.0022191,0.0011115,0.0014199,0.00058234,0.00037886,0.0019058,0.0041336,0.0052605,0.0041129,0.0010481,0.00024841,0.0021581,0.002862,0.0010074,0.0025072,0.00071668,0.0045382,0.0026517,0.000998,0.0002086,0.0054969,0.0060339,0.006616,0.0092998,0.024041,0.029032,0.0076476,0.0073981,0.0046226,0.0052814,0.0026981,0.0031529,0.0013786,0.00062423,0.0018438,0.0010484,0.00082118,0.00060081,0.00050735,0.0012551,0.0019156,0.0014406,0.0011308,0.0010813,0.00092453,0.0017255,0.0011081,0.00093915,0.0032171,0.0025016,0.00042441,0.00069434,0.0014685,0.0017187,0.0018248,0.00095651,0.0016342,0.0031706,0.001397,0.0033858,0.0025707,0.0011252,0.0005099,0.00099955,0.001263,0.0024616,0.0029839,0.0041243,0.0021214,0.0022729,0.00099948,0.0014496,0.00069533,0.0027888,0.0029009,0.0021462,0.0037953,0.0035657,0.0028748,0.0034411,0.0026395,0.0036306,0.0029189,0.0061198,0.0043076,0.0016084,0.0002663,0.016072,0.031115,0.023827,0.010535,0.0019204,0.0028219,0.004007,0.0044424,0.0052633,0.0037649,0.00078086,0.00068966,0.0037625,0.004516,0.0017263,0.00013214,0.0020951,0.002689,0.0018647,0.0024413,0.003031,0.0045805,0.0043495,0.0012171,0.00079802,0.0014363,0.0034635,0.0017419,0.0017727,0.0032713,0.0025319,0.0020806,0.0024012,0.0018096,0.0019816,0.00023773,0.0014851,0.0019814,0.0015929,0.0012577,0.0015392,0.0018843,0.0013129,0.0016911,0.0017809,0.00091256,0.0018456,0.0025314,0.0005128,0.0011061,0.0011053,0.0018077,0.0031541,0.0014958,0.0025763,0.001862,0.0031282,0.0019938,0.0049396,0.024337,0.027263,0.01244,0.014322,0.0092771,0.023148,0.052139,0.099268,0.047449,0.033372,0.028418,0.016026,0.024702,0.011052,0.0095694,0.0056984,0.0064729,0.008365,0.0040165,0.0062764,0.0046147,0.00339,0.0024988,0.0013062,0.00095147,0.003737,0.0024975,0.0027903,0.0059844,0.0024658,0.0014995,0.0018806,0.001951,0.001249,0.0040317,0.00098081,0.0026876,0.0055263
0.0023182,0.0030401,0.0019783,0.0032067,0.0034455,0.0011043,0.00036652,0.001224,0.00047338,0.0014886,0.0021998,0.00083511,0.0011847,0.0012261,0.00062631,0.00024654,0.0014158,0.0019896,0.003192,0.0044025,0.0023887,0.0018798,0.00085252,0.0010856,0.00066187,0.0010084,0.0025072,0.0025309,0.002436,0.0018798,0.00301,0.0031053,0.0029769,0.0064562,0.019687,0.025971,0.0097763,0.0039881,0.0045243,0.002994,0.0016807,0.0008245,0.0014439,0.0043876,0.0037016,0.0011081,0.0020119,0.0027667,0.00282,0.0014932,0.0012588,0.0014966,3.7716e-05,0.0017072,0.0030549,0.0024674,0.0011048,0.0020853,0.0030007,0.0013425,0.00078734,0.00093649,0.00015926,0.00086998,0.00062551,0.00047504,0.00037392,0.0010209,0.00090439,0.0050031,0.003525,0.0016083,0.0018425,0.0032668,0.0017586,0.0021466,0.001196,0.0018128,0.0014277,0.0010388,0.0022271,0.0011982,0.0020822,0.001403,0.00083711,0.0017331,0.0019378,0.00088632,0.0015838,0.00088512,0.0013927,0.0056436,0.0069894,0.0043595,0.0018897,0.00096981,0.0019804,0.0041588,0.0029114,0.004939,0.0062342,0.0018477,0.0014448,0.0019775,0.0047671,0.0021037,0.0017622,0.00083781,0.0015992,0.0025924,0.0017699,0.0012394,0.0016928,0.0014672,0.001647,0.0021989,0.0019794,0.0034383,0.0018361,0.0020092,0.0021136,0.0016307,0.0026091,0.0019806,0.00092833,0.0022168,0.0022799,0.00067683,0.0015955,0.0020287,0.0015901,0.001539,0.00073362,0.0014502,0.0020621,0.0016808,0.0010845,0.0010192,0.0010636,0.0003429,0.0011675,0.001271,0.0015382,0.0021985,0.0013033,0.00059473,0.0012433,0.00080852,0.0015571,0.001104,0.0010519,0.0018446,0.0012808,0.00083326,0.00075014,0.0026917,0.0064035,0.01097,0.0054755,0.0016165,0.0014386,0.0018648,0.0017766,0.0028548,0.0052269,0.0082613,0.0082162,0.0045939,0.0030231,0.0011644,0.002058,0.0015003,0.00083542,0.00071872,0.00018941,0.0012306,0.0014618,0.00080709,0.00099684,0.001829,0.0017513,0.0009626,0.00091016,0.00031773,0.00093698,0.00022399,0.00044368,0.00056451,0.00060016,0.00061326,0.00084441,0.00084266,0.00095221,0.0010282,0.0012357,0.0014046,0.00091102,0.0008185,0.00022732,0.00060003,0.00036395,0.00038949,3.6555e-05,0.00052338,0.00069713,0.00066435,0.00023916,0.00055805,0.001044,0.00087527,0.0011617,0.00079703,0.0042193,0.0051943,0.0032577,0.0018363,0.0010272,0.00025725,0.00080565,0.00064716,0.0006627,0.0023493,0.0084675,0.0075696,0.00058711,0.0027938,0.0039909,0.0042682,0.0093124,0.031425,0.055897,0.045991,0.012711,0.013366,0.0035808,0.0017061,0.0030604,0.0023105,0.0012603,0.0020302,0.0018866,0.00082372,0.0017817,0.0015458,0.00092108,0.00091678,0.0011641,0.0016367,0.00066743,0.0017405,0.001504,0.00097153,0.0014651,0.0013561,0.00036471,0.00078621,0.0010556,0.0014887,0.0016781,0.0013987,0.0010971,0.0016761,0.0022653,0.0014675,0.00373,0.0017278,0.00090127,0.0016646,0.00086277,0.0003561,0.0014064,0.00058259,0.0038412,0.0021409,0.0032862,0.002143,0.0070407,0.0048074,0.0056378,0.0071021,0.003554,0.0020418,0.0012966,0.0050267,0.0059488,0.0060467,0.030472,0.060827,0.048172,0.013426,0.010188,0.0046593,0.0014916,0.013462,0.034944,0.03964,0.0175,0.0022815,0.0058419,0.00055351,0.0027436,6.2464e-05,0.0019285,0.0005174,0.0014496,0.00055175,0.00085563,0.00065398,0.001303,0.00099651,0.0026207,0.00093382,0.00031088,0.0013192,0.002182,0.0011322,0.0019487,0.00038553,0.0014212,0.002449,0.004845,0.0024752,0.00025504,0.00051081,0.0018309,0.0025279,0.0015039,0.000114,0.00081227,0.0010159,0.00032218,0.0010799,0.00042622,9.2367e-05,0.00041716,0.00037447,0.00062877,0.00080982,0.0011597,0.00072019,0.0010403,0.0011833,0.002934,0.0026161,0.0012031,0.0012217,0.0020635,0.0017041,0.0010646,0.0013309,0.0027575,0.0084298,0.018376,0.016277,0.0065926,0.00012693,0.00013048,0.0010824,0.0039429,0.0057282,0.0052356,0.0030424,0.00077522,0.00013907,0.00087824,0.0020131,0.00128,0.0010473,0.00042013,0.00086261,0.00021963,0.00075715,0.0016577,0.0010031,0.00017601,0.00034121,0.00033165,0.00017966,0.00060058,0.00084274,0.0010573,0.0012212,0.0010002,0.00046974,0.0013561,0.0020591,0.0012149,0.0016676,0.0011602,0.0012069,0.00063012,0.0013067,0.00035178,0.0012583,0.0013064,0.00049437,0.0010233,0.0011816,0.0012423,0.00091365,0.0011298,0.00078812,0.0013793,0.00092179,0.00038955,0.00069654,0.0012915,0.00119,0.001238,0.00086863,0.0018284,0.0015773,0.0017108,0.0031254,0.001737,0.002864,0.0088519,0.011191,0.0047713,0.0018972,0.0027088,0.0033519,0.0034363,0.017817,0.037689,0.034165,0.0090995,0.0084669,0.0063314,0.0055316,0.0011385,0.0023398,0.0019222,0.0030516,0.00068574,0.0017067,0.0022917,0.0015649,0.0023604,0.0032097,0.0021667,0.0017546,0.0015494,0.00032729,0.0014475,0.0011093,0.001166,0.0010367,0.0013553,0.0011329,0.00061938,0.0016311,0.001197,0.0023477,0.0011879,0.0011724,0.0034885,0.0032493,0.0045874,0.0029221,0.0010483,0.0033555,0.0019797,0.00032174,0.0015528,0.0030853,0.0048426,0.0066523,0.0054326,0.0016489,0.0016699,0.0015279,0.00080936,0.002567,0.0026985,0.0047965,0.0071949,0.0061596,0.0049686,0.0037398,0.00877,0.006122,0.012473,0.011196,0.002105,0.01199,0.019258,0.019216,0.052223,0.11212,0.11112,0.03525,0.023592,0.015854,0.0054153,0.0025319,0.010581,0.012397,0.0012034,0.0070838,0.0040756,0.010398,0.0068212,0.0064481,0.0036696,0.0035994,0.0017962,0.0031967,0.0007727,0.0016903,0.0029986,0.0026468,0.0023364,0.0015358,0.00272,0.0004485,0.0024571,0.0029929,0.0042046,0.0040353,0.0052493,0.0034657,0.0046487,0.00523,0.0035473,0.0013925,0.0039769,0.0027983,0.0012326,0.00081671,0.00092253,0.00089049,0.0013386,0.00191,0.001025,0.0011186,0.0022398,0.0019181,0.00039275,0.0019124,0.0016573,0.001102,0.00046472,0.00086416,0.0043375,0.0041108,0.0041025,0.0080602,0.0072965,0.0030726,0.0096832,0.013158,0.0063635,0.037695,0.10125,0.10054,0.039078,0.033021,0.023644,0.0079248,0.0067804,0.0075397,0.0029423,0.0064206,0.0034057,0.0025768,0.0044133,0.0028762,0.0044507,0.0048076,0.003532,0.0012739,0.0022975,0.0012282,0.00098537,0.0019309,0.0029889,0.003815,0.004104,0.0052511,0.001827,0.0043414,0.0024805,0.0037041,0.0076661,0.003479,0.0030917,0.0034064,0.0034284,0.005019,0.0043899,0.0027762,0.0015532,0.001934,0.0016037,0.0013676,0.00098217,0.0019677,0.0019348,0.0010268,0.00092273,0.002255,0.0018212,0.0028547,0.0021013,0.0045459,0.0055559,0.0028718,0.0022613,0.0028218,0.0018836,0.004222,0.005953,0.0040933,0.0060259,0.005977,0.0074283,0.0096084,0.016798,0.03243,0.032891,0.0024399,0.020542,0.015593,0.0086973,0.0065922,0.006617,0.0050392,0.0035825,0.0038001,0.0043247,0.0041645,0.0022558,0.00047275,0.00029345,0.0015551,0.0023598,0.0020644,0.0017578,0.0015345,0.0019445,0.0022793,0.001979,0.0015403,0.0024415,0.0034077,0.0037494,0.0045761,0.0037776,0.0018734,0.0017168,0.00095932,0.001586,0.001578,0.0013469,0.0018498,0.00013574,0.0009577,0.00018663,0.0022004,0.0019983,0.0013416,0.0025647,0.0037766,0.0026011,0.00092163,0.0016134,0.00051888,0.0028706,0.0016995,0.00084086,0.0025761,0.0021172,0.0028425,0.0025255,0.0021308,0.0020379,0.0025354,0.0024649,0.0028572,0.0052862,0.0073289,0.0071165,0.008588,0.01349,0.012059,0.0052936,0.0060654,0.0051616,0.0054763,0.0045839,0.0032876,0.004474,0.0029815,0.0015763,0.002476,0.0069825,0.0087953,0.0069915,0.0041272,0.0012874,0.00071504,0.00017243,0.0013331,0.0018526,0.0017199,0.0021547,0.0042914,0.0029,0.00056577,0.00020445,0.0013827,0.0034907,0.0040041,0.0030759,0.0025767,0.0030833,0.003143,0.0032605,0.0033075,0.0032969,0.0019768,0.0016355,0.0024334,0.0022511,0.0023962,0.0027225,0.0030847,0.0038503,0.0044591,0.0038762,0.0035359,0.0045493,0.0042482,0.0022937,0.0012969,0.0031044,0.0035548,0.0027353,0.0018406,0.0020928,0.0074198,0.012734,0.0081625,0.023408,0.019464,0.019871,0.028324,0.042214,0.076132,0.067919,0.019503,0.045581,0.020718,0.0088213,0.0045564,0.0035798,0.0059898,0.0019809,0.011348,0.0082743,0.0064026,0.0088027,0.0073169,0.0039105,0.0023632,0.0034367,0.0050693,0.0043074,0.0045531,0.0049186,0.0022076,0.003744,0.0045258,0.0049608,0.0046283,0.0023448,0.00098582,0.0033129,0.0037691
0.0014766,0.0019064,0.00032818,0.001421,0.0014215,0.00027948,0.00041417,0.0013507,0.0011906,0.00069624,0.0010329,0.0021983,0.0020509,0.00024574,0.0024354,0.0025763,0.0013976,0.0018271,0.0032366,0.00063523,0.0029282,0.0027632,0.0008808,0.00089193,0.0014903,0.0024424,0.0027729,0.00071283,0.0046453,0.0033887,0.0016365,0.00043944,0.0032268,0.0058927,0.0044619,0.01554,0.019482,0.0060388,0.00097489,0.0011061,0.0010306,0.0027989,0.0027693,0.0018039,0.0014956,0.00053902,0.0013065,0.00039826,0.001755,0.0036485,0.0038848,0.00087852,0.0018707,0.00059635,0.0023206,0.0033325,0.0025201,0.0025252,0.0010035,0.0021582,0.00053218,0.0014067,0.00073721,0.0018469,0.0026271,0.0029292,0.0015144,0.0010732,0.00015451,0.0009754,0.0024278,0.0027223,0.0017073,0.0010403,0.0014292,0.00119,0.00066156,0.0014865,0.0011198,0.0023133,0.0027474,0.0015322,0.0011639,0.0032074,0.0026048,0.0023734,0.0028467,0.0015487,0.0004109,0.0015325,0.0031246,0.0050025,0.0077989,0.0062583,0.0028222,0.0040932,0.0049959,0.0041093,0.021636,0.04306,0.026745,0.0082297,0.0062613,0.0049194,0.0029046,0.0016551,0.0020555,0.0015011,0.0026333,0.0018194,0.0025969,0.0033745,0.0043006,0.0028719,0.00283,0.0019746,0.0012177,0.0022741,0.0034853,0.0020368,0.00094785,0.0024358,0.0018042,0.00044861,0.0033352,0.0036829,0.00087382,0.0012992,0.002184,0.00073694,0.00066051,0.0011325,0.0011047,0.00017627,0.0016152,0.0025016,0.0018241,0.0010286,0.00045898,0.00037517,0.00063986,0.0016534,0.0016434,0.00070714,0.0014388,0.0010132,0.00094903,0.0011636,0.00048077,0.00080125,0.00031253,0.00044885,0.00054073,0.00047889,0.0017841,0.0036647,0.0068667,0.010713,0.0068814,0.0006452,0.00137,0.0017667,0.0013428,0.017424,0.039779,0.029563,0.0098466,0.0016836,0.0012197,0.0014132,0.00113,0.001046,0.00074397,0.00029775,0.00051984,0.00094382,0.00028034,0.00031586,0.00044355,0.00025176,0.00054345,0.0004791,0.00043871,0.00042587,6.9191e-05,0.0008834,0.0010786,0.00035494,0.00070094,0.0017865,0.001345,0.00062993,0.001585,0.0028406,0.0032724,0.0015009,0.00073188,0.00024739,0.00074397,0.0009008,0.00097792,0.00029034,0.00060277,0.00028297,0.001244,0.0019362,0.0020104,0.0014992,0.0014932,0.0016077,0.0028104,0.0027791,0.0047337,0.0047534,0.002802,0.0027685,0.0025471,0.001034,0.001283,0.0011917,0.0020408,0.0053961,0.0073121,0.0017262,0.0046347,0.004538,0.0041782,0.0064515,0.031257,0.036886,0.011305,0.0034554,0.013376,0.0092176,0.0053554,0.0057924,0.0040314,0.0029489,0.0020404,0.0020795,0.0026823,0.0020579,0.0016001,0.0014347,0.0009197,0.00056509,0.001674,0.0018825,0.00095708,0.00070942,0.00074112,0.00033344,0.00085014,0.00068386,0.00089638,0.0019413,0.00043164,0.0023979,0.001681,0.00091206,0.0026663,0.001412,0.00084005,0.0010883,0.0022907,0.0034892,0.0036546,0.0042995,0.0045237,0.0023077,0.00058747,0.0023438,0.0037075,0.0036153,0.0024518,0.0036306,0.0037396,0.0066662,0.0063123,0.0011145,0.0029287,0.0046635,0.0075643,0.0084496,0.0072403,0.0049897,0.032881,0.06497,0.037098,0.010745,0.0147,0.015434,0.0079119,0.0097541,0.029423,0.046107,0.033093,0.0098762,0.0038382,0.0072455,0.0042893,0.0031714,0.0052826,0.0056731,0.0035193,0.0024997,0.0041675,0.0046089,0.0038755,0.0021411,0.0017949,0.0032037,0.0030337,0.0034688,0.002508,0.00062037,0.00041335,0.0016532,0.0021643,0.0021113,0.0020749,0.0010561,0.000186,0.0011705,0.0022398,0.00018422,0.00043025,0.00047769,0.00051363,0.0012643,0.0013949,0.00083253,0.00074976,0.001234,0.0010179,0.0010953,0.0013322,0.0011497,0.0010693,0.0007656,0.0011986,0.0017779,0.0027465,0.0030887,0.002247,0.0021598,0.0018217,0.0009806,0.0015089,0.003612,0.0059105,0.0092666,0.012491,0.0057976,0.006875,0.0011877,0.0014836,0.0068082,0.013884,0.015951,0.0053206,0.0051857,0.0053938,0.0025774,0.0005538,0.00070973,0.0011684,0.0015834,0.00099104,0.0006335,0.00078581,0.00060954,0.00088035,0.00096746,3.6323e-05,0.00057314,0.00081971,0.00070014,3.3514e-05,0.00080883,0.00056141,0.00099885,0.00075424,0.00067134,0.0006903,0.0003404,0.001075,0.001764,0.0013612,0.00070748,0.0019739,0.0017085,0.0004788,0.00057281,0.0002352,0.00077461,0.0013335,0.0018313,0.0020386,0.0013586,0.0019981,0.0013725,0.00082765,0.00014909,0.0014827,0.00030991,0.00039053,0.0024971,0.0016472,0.0021234,0.0015821,0.00086345,0.0017778,0.0017128,0.0013043,0.00083174,0.009039,0.012702,0.0041632,0.002016,0.0032765,0.0085665,0.012121,0.017019,0.02323,0.025218,0.017438,0.00099333,0.0011911,0.00018323,0.0027908,0.0018161,0.0013239,0.0016934,0.0003212,0.0013337,0.00066878,0.0015895,0.0017764,0.0021058,0.0010766,0.0014867,0.0010823,0.00075322,0.0012058,0.00084865,0.00029008,0.00038419,0.00012108,0.00039135,0.00028857,0.00024652,0.00070981,0.0013374,0.00060449,0.0035499,0.0039847,0.0010778,0.0041387,0.0042104,0.0056635,0.0069305,0.0070593,0.0061477,0.0049914,0.0079071,0.011618,0.0085691,0.0073992,0.0043262,0.0055881,0.0036088,0.0050244,0.0054206,0.0011487,0.0028861,0.005658,0.0046626,0.0061367,0.0024628,0.0046879,0.0068486,0.00063435,0.0040426,0.0062947,0.005581,0.027024,0.035021,0.13173,0.17576,0.06001,0.033109,0.0046999,0.0047921,0.0046435,0.0073672,0.005382,0.00052713,0.0019716,0.0029232,0.0048823,0.0015855,0.0013547,0.0044355,0.004763,0.0051573,0.0063171,0.0030755,0.0005251,0.0058596,0.0095738,0.005336,0.0020745,0.0040916,0.0058908,0.0079944,0.0087505,0.0057648,0.004389,0.0062804,0.0042107,0.0067996,0.0052673,0.0031055,0.0011154,0.00063309,0.001755,0.0014747,0.00092782,0.00023776,0.00076054,0.00081446,0.00073858,6.0848e-05,0.0012462,0.0014844,0.00064318,0.00157,0.0012335,0.001396,0.0015463,0.0033341,0.002606,0.00045482,0.0025267,0.0010138,0.0031829,0.0018917,0.0046861,0.0075726,0.0025118,0.017376,0.02522,0.093034,0.12692,0.040415,0.0062918,0.0098184,0.0091371,0.0058729,0.0056391,0.002324,0.0013521,0.0035057,0.0027234,0.00054069,0.0011802,0.0039524,0.0022607,0.0023584,0.003261,0.00059091,0.0018937,0.0017969,0.0012086,0.001185,0.0023794,0.0015662,0.002721,0.0019249,0.0025188,0.0037554,0.0023191,0.0015978,0.0016943,0.0011063,0.0012802,0.0020061,0.0023047,0.0014387,0.00099425,0.00087633,0.00079686,0.0015218,0.00093786,0.0020312,0.0025094,0.0018523,0.00044709,0.00062503,0.0011379,0.0029373,0.0049819,0.0023902,0.0016849,0.0034262,0.0028551,0.00070806,0.0016446,0.0016022,0.00066763,0.0014265,0.0028407,0.0012449,0.0036428,0.0032384,0.0013945,0.0052855,0.0062125,0.011042,0.015316,0.013378,0.0072557,0.0072795,0.0063217,0.0019464,0.0015441,0.00257,0.0023854,0.00068239,0.0010265,0.00014528,0.0015094,0.0022585,0.002286,0.0013222,0.0012437,0.0014168,0.00086251,0.0013025,0.00083797,0.00080984,0.0015149,0.00035635,0.0019938,0.0032192,0.0024174,0.0012114,0.00033645,0.0012011,0.0021416,0.0033528,0.00025448,0.0029548,0.0014886,0.0027779,0.0034861,0.0037274,0.0043824,0.0041966,0.0033364,0.0019596,0.00047278,0.0019484,0.0035894,0.0016818,0.0015166,0.0023653,0.0021362,0.0032176,0.0043302,0.0016412,0.0020788,0.0028031,0.0024925,0.0036527,0.0054534,0.0068945,0.0052386,0.0032293,0.0016528,0.0013393,0.0056575,0.0080309,0.0090851,0.010218,0.0078959,0.0059116,0.0056644,0.0067874,0.0056323,0.0043615,0.0025956,0.0030637,0.0037539,0.0016985,0.0019732,0.0027399,0.0029286,0.0020382,0.0017215,0.0034678,0.0024191,0.0014723,0.0029179,0.0030759,0.0026598,0.00094631,0.001238,0.0029687,0.0017558,0.0021065,0.0021503,0.0013723,0.0041829,0.0015426,0.0015921,0.0018517,0.00013715,0.0013872,0.0036747,0.0042268,0.00020942,0.00032725,0.0014792,0.00071735,0.0013691,0.0022399,0.0010009,0.00090712,0.0030437,0.00057692,0.0046136,0.008294,0.0046527,0.0020182,0.0040442,0.002626,0.0022583,0.0033432,0.0033457,0.0028499,0.018916,0.016123,0.0049009,0.012076,0.01374,0.010612,0.027243,0.04939,0.041582,0.10265,0.089274,0.041375,0.016678,0.019504,0.012192,0.017433,0.014193,0.0028841,0.0026669,0.0025313,0.004592,0.00034935,0.0020884,0.0030858,0.0024652,0.00083149,0.0021171,0.0028161,0.0024519,0.0049245,0.0026565,0.00022614,0.0024185,0.0056321,0.006939,0.0039752,0.0038364,0.0039359
0.0021068,0.0011473,0.00020622,0.00064032,0.00084766,0.0013109,0.0020894,0.0010919,0.00099633,0.00084638,0.0010649,0.0014682,0.0019524,0.001233,0.0011759,0.00073469,0.00036647,0.0013614,0.0016257,0.0021312,0.0023066,0.0028437,0.0024091,0.0023225,0.0020188,0.0020508,0.0037578,0.0049737,0.0023856,0.0027981,0.0011687,0.0013906,0.00088297,0.0045061,0.0063868,0.0086853,0.017902,0.0090396,0.00061392,0.0020685,0.00056791,0.0021219,0.0038335,0.0022035,0.00081275,0.0010095,0.0019894,0.0004301,0.001127,0.0017243,0.0014457,0.00036877,0.0005758,0.00060837,0.0018409,0.001992,0.0020758,0.003526,0.0010361,0.0020124,0.0013637,0.00072151,0.00094655,0.0011498,0.00092741,0.0023655,0.0017535,0.00032871,0.00074695,0.00030325,0.0019813,0.001828,0.0027087,0.0027353,0.0014443,0.0026144,0.0027507,0.0025043,0.0023765,0.0010291,0.00088081,0.003001,0.003955,0.0012935,0.0023908,0.0025504,0.0014075,0.00039764,0.001134,0.0021426,0.0037137,0.0028614,0.00048668,0.0016912,0.00091296,0.003201,0.0036167,0.0037246,0.025385,0.040735,0.0183,0.0048428,0.0039606,0.0053829,0.0038049,0.0015482,0.0012686,0.0010413,0.00023586,0.0020093,0.0043113,0.0030264,0.0027581,0.0033648,0.0019153,0.0043517,0.0051203,0.0017568,0.0010468,0.00082839,0.00039683,0.0012853,0.0004747,0.00049278,0.0017744,0.0033475,0.0024402,0.0023673,0.0011625,0.0010227,0.0022723,0.0017928,0.00097004,0.0011079,0.00088698,0.00055423,0.00033555,0.00051837,0.00092368,0.00040663,0.0013215,0.0019033,0.0015272,0.00045132,0.00066675,0.00069543,0.00046124,0.00042506,0.00030215,0.000407,0.00070719,0.00084053,0.00073405,0.00053952,0.00023239,0.0011103,0.0011873,0.0020022,0.0016698,0.004153,0.0055152,0.0023264,0.0028098,0.021151,0.03583,0.019894,0.0080963,0.0053612,0.0012889,0.0013246,0.0023059,0.0030446,0.0022597,0.0006352,0.00062633,0.00073832,0.00069684,0.00078403,0.00070656,0.0008572,0.00037898,0.00079408,0.0015494,0.0017409,0.00081611,0.00048127,0.00054912,0.00043038,0.001041,0.00069261,0.00097423,0.0012939,0.00076295,0.00080223,0.0010094,0.0017894,0.0016528,0.0013965,0.0016485,0.0017099,0.00076419,0.00080901,0.0015826,0.0015586,0.0023072,0.0026904,0.0013619,0.00051382,0.00090783,0.0012653,0.0013747,0.0013447,0.0012398,0.0015917,0.0020629,0.0020911,0.0020044,0.0023037,0.0025726,0.0026244,0.0029262,0.0034804,0.0044634,0.0054801,0.0089606,0.009269,0.009874,0.017191,0.030752,0.018047,0.018902,0.021954,0.0055271,0.0023773,0.0022051,0.001457,0.0014888,0.0010775,0.00058759,0.00046332,0.00058201,0.00081662,0.0012742,0.00083194,0.00034985,0.0006612,0.0011129,0.0012421,0.0015681,0.00089937,0.0010849,0.00079729,0.0012552,0.0018077,0.0014743,0.00026953,0.0015116,0.0016245,0.0012414,0.0019092,0.00072472,0.0013159,0.0011282,0.00052088,0.0013047,0.0026288,0.0025728,0.0016918,0.0017561,0.0025158,0.00087405,0.001626,0.0017955,0.0019813,0.0023213,0.002207,0.0020057,0.0014299,0.00091195,0.0013326,0.00058265,0.0035763,0.0022462,0.0015834,0.0031339,0.004305,0.0071995,0.010806,0.019365,0.04714,0.038778,0.021185,0.031806,0.025033,0.027702,0.031589,0.027751,0.0088087,0.017921,0.0073539,0.0052491,0.0053812,0.0054585,0.0057701,0.0037797,0.001369,0.0011867,0.0018159,0.0016566,0.0014761,0.00062326,0.0013037,0.0009085,0.0018659,0.002338,0.0032151,0.00079372,0.00044753,0.002103,0.0023202,0.00099147,0.0015167,0.0024504,0.0039477,0.0044958,0.00044123,0.00075143,0.00090584,0.0014148,0.0012178,0.00098938,0.001196,0.001806,0.0024161,0.0010002,0.000623,0.00081141,0.00067199,0.00060316,0.00085874,0.0009809,0.00063757,0.00073132,0.001479,0.00091624,0.00023459,0.00030247,0.00055673,0.00077689,0.00079114,0.00013733,0.00094175,0.0021839,0.0033097,0.0066704,0.0032134,0.0062156,0.0086842,0.0095384,0.0069605,0.0045614,0.0058334,0.0047437,0.006576,0.0047411,0.0031358,0.0021597,0.0014533,0.0022975,0.0020454,0.0012468,0.001788,0.0017627,0.0017173,0.0013357,0.00035327,0.0014634,0.0010133,0.00091736,0.0013761,0.0020799,0.0018285,0.0010141,0.0021929,0.0027091,0.0027905,0.0029374,0.0031696,0.0035346,0.003365,0.00094333,5.286e-05,0.0011173,0.0012326,0.0007543,0.0009896,0.0012765,0.0002517,0.00046607,0.001087,0.0014259,0.00052752,0.0018791,0.0015363,0.00046966,0.0006878,0.0013986,0.00081615,0.0016277,0.00065633,0.00061616,0.00040735,0.00050405,0.00028908,0.00080517,0.0012947,0.00054937,0.00082845,0.0035609,0.011644,0.0083349,0.0061924,0.014949,0.029643,0.015513,0.018152,0.023766,0.006354,0.0041105,0.0011404,0.0017603,0.0005532,0.0014449,0.0004999,0.00036075,0.00061061,0.00069464,0.0002423,0.0014158,0.0027835,0.0027856,0.0028343,0.00085983,0.0004085,0.00030397,0.00088406,0.00084016,0.0010926,0.0010412,0.00047403,0.0010025,0.00081175,0.0013539,0.0018843,0.0011691,0.0019261,0.0020793,0.0046045,0.0052151,0.0028768,0.0037938,0.0047748,0.0010863,0.0021869,0.0052657,0.003412,0.0027592,0.0043114,0.0023022,0.0034449,0.00099123,0.0031802,0.0054726,0.0017808,0.0022747,0.0050727,0.0083505,0.0079887,0.004446,0.0012451,0.0036901,0.0031715,0.00072631,0.0012126,0.0050392,0.011283,0.013493,0.065771,0.18107,0.1447,0.0067258,0.030805,0.005577,0.0026476,0.0056016,0.0011198,0.0010203,0.0025355,0.0021748,0.0015368,0.0073699,0.0046916,0.0014259,0.0049545,0.0066223,0.0075216,0.0072924,0.0052959,0.0048364,0.0037365,0.0086411,0.010001,0.0028886,0.002507,0.0018021,0.0030017,0.0012119,0.0043757,0.0043738,0.00098339,0.0097335,0.0067851,0.0034816,0.0023048,0.00034923,0.0017533,0.0018022,0.0015351,0.0011358,0.00067012,0.0011744,0.001379,0.0013477,0.0015656,0.0013578,0.00092077,0.00091508,0.0012034,0.00077437,0.0013759,0.001471,0.0017362,0.0020209,0.00093073,0.0019601,0.00093901,0.0017505,0.00093064,0.0022717,0.0053829,0.015187,0.018575,0.041738,0.12906,0.10085,0.026689,0.016585,0.012149,0.0065406,0.0064282,0.0023014,0.00041088,0.0022037,0.0016468,0.0022853,0.00056297,0.0023344,0.0022103,0.0011411,0.0017957,0.0017777,0.0031901,0.0028763,0.0027187,0.0031841,0.0014462,0.0019732,0.0031986,0.001771,0.00088374,0.0019127,0.0004088,0.0019636,0.0030112,0.0034609,0.001546,0.0024427,0.0013897,0.00070295,0.0016951,0.0017207,0.00098814,0.0010722,0.0019671,0.0011838,0.001122,0.0025492,0.0025,0.0014599,0.001736,0.0017757,0.0023686,0.00084298,0.0011039,0.0015669,0.0018008,0.00055052,0.0023496,0.0015683,0.0018302,0.0018484,0.0012428,0.0016677,0.00080105,0.00020953,0.001703,0.0038601,0.0055859,0.0095272,0.0050975,0.0050213,0.010132,0.0055405,0.00047962,0.0015088,0.0036234,0.0039006,0.0035669,0.0019376,0.00097679,0.0013188,0.0016627,0.0019992,0.0024541,0.0022868,0.00055847,0.0016668,0.00135,0.000646,0.0011502,0.0013241,0.0013853,0.00086377,0.00044298,0.00090126,0.00077083,0.0010011,0.0010284,0.0016365,0.0014245,0.0015085,0.0018406,0.0034021,0.0044332,0.0042796,0.0043819,0.0039546,0.0015325,0.0032787,0.0026889,0.0022542,0.0017701,0.0023473,0.0033447,0.0030017,0.0020006,0.0021959,0.00093955,0.00021875,0.00011539,0.0013973,0.0020758,0.0016663,0.00018164,0.0010783,0.0008814,0.001947,0.0036712,0.0031292,0.0030516,0.0023682,0.0036894,0.0025692,0.0010436,0.0018305,0.002786,0.0034738,0.003547,0.0057897,0.002082,0.0033532,0.0040327,0.004769,0.0016022,0.0017679,0.002959,0.0017199,0.0030164,0.0028679,0.0021872,0.001157,0.002263,0.0026123,0.0016571,0.0020856,0.0017044,0.00080927,0.0022705,0.00016787,0.001958,0.0016438,0.00013408,0.0015643,0.00071348,0.0027307,0.0024156,0.0029135,0.0036249,0.0052603,0.0057906,0.0021661,0.0015154,0.0022843,0.0050254,0.00507,0.0034474,0.0031477,0.0037187,0.0032574,0.003709,0.0038051,0.0032007,0.0059259,0.0080267,0.0061544,0.0040701,0.0048221,0.0075538,0.0090168,0.0063937,0.0060504,0.0073619,0.0075527,0.0086368,0.0077915,0.0058222,0.020665,0.032185,0.047747,0.059649,0.080729,0.094556,0.026987,0.030958,0.013397,0.022151,0.024101,0.030585,0.020106,0.017427,0.012676,0.0097837,0.010737,0.005721,0.0049913,0.0081628,0.0093298,0.0085935,0.0066189,0.0062513,0.0082712,0.0053993,0.0044263,0.005252,0.0021184,0.0021025,0.0051413,0.006628,0.0094127,0.0092958
0.0018633,0.0028175,0.0023519,0.00080878,0.00015676,0.00049708,0.0014611,0.0012338,0.0019114,0.0028922,0.0035476,0.0035568,0.0028588,0.0016791,0.00054017,0.0007362,0.00020533,0.00051296,0.0010945,0.001037,0.0016425,0.0023129,0.0012192,0.00065683,0.0018319,0.0010516,0.0014842,0.0013277,0.00047214,0.0011878,0.0016518,0.005308,0.0093548,0.0092184,0.013795,0.010812,0.0028632,0.0021727,0.0031068,0.0021745,0.0026197,0.0032568,0.0014849,0.0013723,0.00011306,0.00035047,0.0013089,0.00034492,0.0030372,0.0023452,0.00027365,0.00075275,0.00022899,0.0022097,0.0029292,0.0024835,0.0018121,0.00091439,0.0026165,0.0033357,0.00084401,0.0014268,0.0027976,0.0025055,0.00095548,0.00060907,0.002267,0.0027642,0.0025474,0.0015957,0.0013131,0.0035079,0.0040812,0.0014352,0.00085311,0.00039764,0.0023762,0.0024019,0.0024753,0.0031045,0.0020049,0.0025438,0.0040046,0.0032414,0.00073862,0.0030869,0.0020283,0.00028176,0.0012227,0.00031049,0.0021905,0.0026894,0.002638,0.0013384,0.00072835,0.0051368,0.01659,0.024328,0.0063717,0.026673,0.014284,0.0039039,0.0022837,0.0030319,0.0035998,0.0032616,0.0043282,0.0038255,0.0031214,0.0017728,0.0019849,0.00051062,0.0013847,0.0023239,0.0026607,0.0025053,0.0010217,0.0015861,0.0024138,0.0023947,0.00079702,0.0024029,0.0012215,0.00068269,0.0015236,0.0017465,0.0020243,0.0017964,0.0011218,0.0026403,0.002003,0.0018843,0.0011248,0.0006614,0.00072506,0.00101,0.0013172,0.0013748,0.0017817,0.0013048,0.00086622,0.00096739,0.00064106,0.0011638,0.0011846,0.00066817,0.00046433,0.0003893,0.00036583,0.00065248,0.00028904,0.00064305,0.00049081,0.0010562,0.0018281,0.00044478,0.00026692,0.0013115,0.0012306,0.0017636,0.002997,0.012102,0.019545,0.0042333,0.032454,0.020559,0.0043092,0.0032431,0.00060485,0.0019218,0.0022801,0.0014552,0.00078855,0.00016273,0.00097622,0.00091014,0.0010299,0.00031485,0.00051384,0.00065631,0.00047238,0.00052263,0.00030829,0.0016008,0.0015986,0.00086237,0.0014595,0.00030539,0.00098882,0.00042975,0.0011359,0.001728,0.0014771,0.00066606,0.0012603,0.00066577,0.0008711,0.00082127,0.00033713,0.00066899,0.00048901,0.00069794,0.00022102,0.00083905,0.0011073,0.00099991,0.00099588,0.00082168,0.00073208,0.00085549,0.0005668,0.001014,0.0012816,0.000857,0.0013136,0.0011254,0.0013789,0.0013876,0.0013662,0.0010816,0.0021549,0.0023033,0.003137,0.0037031,0.007632,0.0089895,0.017312,0.043716,0.03561,0.030306,0.024231,0.0069848,0.0035186,0.00071244,0.0019223,0.0026699,0.00084817,0.00097242,0.00064868,0.0011649,0.00038925,0.0011359,0.00041052,0.0015657,0.0017721,0.0010317,0.0014097,0.00073162,0.00047554,0.00051905,0.00038013,0.001491,0.0015506,0.0015118,0.0031646,0.0020467,0.0017367,0.0020429,0.0011834,0.0012197,0.0020541,0.0016087,0.0014611,0.00076567,0.0014288,0.0016592,0.0017814,0.0018848,0.0016809,0.00032926,0.0016234,0.0020763,0.00085821,0.0024003,0.00054447,0.0019734,0.0028477,0.0046817,0.0013704,0.0004631,0.0031503,0.0060278,0.0034318,0.0033281,0.0038267,0.0050359,0.0055605,0.0088747,0.013026,0.014405,0.033514,0.04182,0.024477,0.020851,0.031774,0.029175,0.019104,0.01484,0.011407,0.0050548,0.0030225,0.0041422,0.0023247,0.0022263,0.0012551,0.003049,0.0022292,0.0047627,0.0020925,0.0024817,0.0031423,0.0015879,0.0013617,0.00274,0.0011652,0.0033663,0.0035976,0.0024039,0.0016081,0.001669,0.0032038,0.0015884,0.0020919,0.0023371,0.0019007,0.0020653,0.0021616,0.0024517,0.002077,0.00065563,0.0012798,0.0015551,0.001244,0.00025965,0.0015971,0.0010511,6.5632e-05,0.00054613,0.00065112,0.00035514,0.00050391,0.0009694,0.0013066,0.00099705,0.0013196,0.00059093,0.00038268,0.00026735,0.0010818,0.0029477,0.0043647,0.0051352,0.003686,0.0032939,0.010422,0.013729,0.010278,0.0084374,0.0022136,0.0047545,0.0069547,0.0013893,0.0032355,0.0036757,0.0039866,0.0037896,0.0048486,0.0053824,0.0044104,0.0041846,0.002372,0.001037,0.0010885,0.00061935,0.00086469,0.001822,0.0022284,0.0010694,0.0010721,0.0014507,0.001169,0.0014512,0.002141,0.0019248,0.0012004,0.0024185,0.0020154,0.0010066,0.0017298,0.0017068,0.00076334,0.00074589,0.00098832,0.00036219,0.00096569,0.00049513,0.00072075,0.00028364,0.00048672,0.0010116,0.0013664,0.0012073,0.00065729,0.00072815,0.00052345,0.00065628,0.00027369,0.0010584,0.00063155,0.00023661,0.00055807,0.00032279,0.0011564,0.00089503,0.00030256,0.00072618,0.00043149,0.0012146,0.00094559,0.010835,0.0082115,0.014915,0.025219,0.025661,0.029037,0.017071,0.0048035,0.0050986,0.00068682,0.0016798,0.00080437,0.00091141,0.00076215,0.0010691,0.00056512,0.0011271,0.00098376,0.0017925,0.00030132,0.0017331,0.00054812,0.0012294,0.0018939,0.0019193,0.0014072,0.001352,0.0018282,0.0025825,0.0010323,0.0013637,0.0025339,0.0012664,0.00097854,0.00091057,0.00079547,0.0021293,0.0035122,0.006276,0.0011105,0.0025035,0.001741,0.002564,0.0020159,0.0021324,0.003336,0.0028083,0.0020877,0.0025404,0.0026247,0.0033581,0.0019102,0.0043077,0.0039696,0.0041295,0.0033624,0.0059368,0.0020281,0.0069642,0.0070664,0.0018837,0.0016642,0.0083656,0.00499,0.01405,0.036548,0.045873,0.13864,0.21252,0.085497,0.035545,0.023434,0.0045871,0.0057485,0.0057925,0.00417,0.0051412,0.0051835,0.010087,0.0050844,0.0041237,0.0051426,0.00089316,0.0033768,0.0012419,0.0027518,0.0025131,0.0033961,0.0033213,0.0027824,0.0033203,0.0025342,0.0069388,0.0047486,0.0017079,0.0011528,0.0028326,0.0019555,0.00094351,0.0020953,0.0032465,0.002792,0.0024642,0.0054955,0.0074352,0.0074149,0.0047613,0.003149,0.00703,0.0044746,0.0020251,0.00091839,0.00061525,0.00097485,0.001827,0.0013762,0.0017819,0.00072183,0.0039421,0.002188,0.0021963,0.00029077,0.0010179,0.0013575,0.002633,0.00052686,0.0031152,0.0014568,0.00045155,0.0022039,0.02617,0.035974,0.087218,0.13515,0.051672,0.016435,0.0010895,0.002504,0.0019693,0.0020458,0.0020668,0.0016355,0.0035934,0.0017345,0.0027154,0.00085441,0.0011179,0.0057017,0.0035344,0.0041981,0.003089,0.0041207,0.003268,0.0018721,0.0022359,0.0028134,0.001804,0.0036685,0.005807,0.0046839,0.0061461,0.0056203,0.0077042,0.0057759,0.0053715,0.0032954,0.00055111,0.0012079,0.0024305,0.002048,0.00032284,9.8124e-05,0.00042341,0.00046033,0.00081988,0.00062113,0.00076481,0.00049918,0.0014134,0.0016678,0.0013349,0.0021101,0.0028437,0.0013433,0.0018144,0.0022348,0.00088763,0.00078892,0.0009913,0.0013047,0.0029418,0.0018037,0.0020524,0.0012005,0.0018667,0.0024387,0.010237,0.005228,0.021331,0.025683,0.017902,0.010146,0.0047283,0.0034227,0.0040839,0.0023765,0.0023545,0.0020187,0.0003744,0.00099225,0.00098744,0.00070517,0.0012453,0.001269,0.00095654,0.00054927,0.00037389,0.00037766,0.00041912,0.0005705,0.0003331,0.00080271,0.0019454,0.0020421,0.0010151,0.00049386,0.0017079,0.00011462,0.0014554,0.0016533,0.00069264,0.00018689,0.001061,0.0023006,0.002871,0.0026241,0.0013097,0.00034754,0.0010157,0.0013448,0.00091917,0.00078089,0.00090822,0.00033217,0.0030506,0.0031527,0.0017696,0.0008254,0.00024422,0.0015675,0.00063257,0.00047554,0.0043432,0.0040955,0.00075364,0.0026548,0.0037341,0.0041577,0.0036394,0.0026277,0.0011598,0.004549,0.0044155,0.012568,0.0093311,0.011193,0.020526,0.0080866,0.0057549,0.0060598,0.0038297,0.0045201,0.0023748,0.0027366,0.0041567,0.0026054,0.0013608,0.0014248,0.0011416,0.0016767,0.00099292,0.0046611,0.0036307,0.0016265,0.0023973,0.0031023,0.0028086,0.0022766,0.0016695,0.00056463,0.00078097,0.0013411,0.0021123,0.0012291,0.0007636,0.0042462,0.0039875,0.0029979,0.0022457,0.002788,0.003044,0.00060685,0.0014524,0.00079096,0.002051,0.00034394,0.0016637,0.0012847,0.0016051,0.001468,0.0013369,0.0018922,0.0014488,0.0010825,0.0013099,0.0023075,0.0038,0.0015917,0.0018283,0.0020307,0.0030119,0.0047805,0.0022813,0.0055653,0.0054535,0.0010068,0.016526,0.019185,0.053503,0.041068,0.068449,0.097794,0.046731,0.040914,0.032182,0.015061,0.019128,0.0087553,0.012682,0.0096115,0.006613,0.0096109,0.0031496,0.0053365,0.0043733,0.0040485,0.0043694,0.0029616,0.001785,0.0023467,0.0019461,0.0041326,0.0016885,0.0027742,0.0030976,0.0032666,0.0020264,0.0033822,0.0058322,0.0024932,0.0053961
0.00095657,0.00041444,0.0020313,0.0016168,0.001235,0.00036677,0.00093355,0.00041655,0.00061501,0.00044202,0.0020405,0.0028478,0.0011902,0.00065469,0.0010528,0.00090275,0.00041419,0.00045925,0.0007513,0.00031092,0.00028839,0.00099779,0.0015504,0.0019328,0.0015572,0.0016659,0.00059267,0.0013507,0.0022703,0.0037489,0.0088158,0.01004,0.0013829,0.0064506,0.010556,0.0082666,0.0033803,0.0018748,0.0017557,0.0031182,0.0009234,0.0019527,0.0015706,0.0018181,0.0026045,0.0021767,0.00095204,0.0015686,0.0011072,0.00069186,0.0020318,0.0020046,0.002325,0.0009845,0.0017662,0.0016018,0.0012909,0.0014634,0.0011617,0.00095599,0.0015857,0.002575,0.0010136,0.0023683,0.0023718,0.0023318,0.0011849,0.0023588,0.002414,0.0018149,0.0018506,0.001856,0.0013317,0.0015377,0.00098188,0.0012053,0.003487,0.0046825,0.0032942,0.0018876,0.0021489,0.00073591,0.0021085,0.00053296,0.0020005,0.0025605,0.0015848,0.0011001,0.0016113,0.0016047,0.0019311,0.00092643,0.0011563,0.0035094,0.0082552,0.019865,0.021985,0.0005816,0.0089741,0.010529,0.018876,0.010296,0.0082429,0.0044633,0.0013368,0.0027325,0.00070566,0.0037208,0.0020193,0.0018598,0.0011383,0.0018655,0.00079186,0.0015829,0.0023765,0.0017191,0.0012814,0.0019579,0.0036737,0.0032457,0.00071325,0.00081879,0.00086659,0.00090484,0.00071338,0.00088153,0.0018488,0.0016357,0.0025794,0.0013659,0.0019664,0.00090629,0.0011444,0.0012355,0.00042653,0.00023831,0.0008237,0.00081345,0.00037993,0.00085305,0.00091762,0.00068684,0.00052753,0.00111,0.00099769,0.00066428,0.00043481,0.00092629,0.00036978,0.00086059,0.00050935,0.0010106,0.0027659,0.0018146,0.0010627,0.0033407,0.0033248,0.0018806,0.0026764,0.0092858,0.018689,0.018108,0.0018045,0.0071974,0.016376,0.022184,0.0073677,0.0039383,0.0016642,0.0010631,0.0018774,0.0010226,0.00059285,0.00099683,0.0018484,0.001085,0.00096563,0.0020697,0.0013975,0.0010118,0.0014652,0.00085707,0.0016432,0.00087011,0.00050226,0.00016867,0.0010314,0.0017433,0.0019511,0.0010697,0.00023671,0.00078156,0.00069304,0.0017805,0.002604,0.00077771,0.00047976,0.00081806,0.00069277,0.0017571,0.0019723,0.0016586,0.00055717,0.00061454,0.0014764,0.0014256,0.00095074,0.00089759,0.00072578,0.00095259,0.00068318,0.00042746,0.00053285,0.00060909,0.00033646,0.00062773,0.00060842,0.00018509,0.00082767,0.0011927,0.00053618,0.0013909,0.0014021,0.0041862,0.010222,0.028541,0.046077,0.017751,0.015281,0.0037369,0.010354,0.0046375,0.0018253,0.0020268,0.0016896,0.0015485,0.00013928,0.00069791,0.0011428,0.0016224,0.0016306,0.0013751,0.0012438,0.00039348,0.0010883,0.0011378,0.00091443,0.0012072,0.0012854,0.0017254,0.0011381,0.00092997,0.0013725,0.001886,0.0011618,0.0013876,0.0012846,0.0012498,0.0015283,0.0015693,0.007337,0.0066809,0.0045253,0.0027076,0.0025532,0.0043659,0.0046701,0.0016352,0.003083,0.0026875,0.00074551,0.0034607,0.004512,0.0037315,0.0012872,0.0021273,0.0030806,0.0022918,0.0035565,0.0038767,0.0015784,0.0011858,0.0021534,0.0022928,0.0029499,0.0027313,0.00082813,0.001656,0.005534,0.0039671,0.0087455,0.011488,0.0058417,0.0381,0.032052,0.035848,0.01659,0.0048764,0.0025166,0.0002767,0.0012614,0.0023911,0.0019677,0.00043903,0.0020384,0.0027196,0.0015825,0.003615,0.0010962,0.0022172,0.0018838,0.0010483,0.00071789,0.00066277,0.00029829,0.0021659,0.0032198,0.0030409,0.00080979,0.0015006,0.001737,0.0025195,0.00023623,0.0019686,0.001412,0.0032338,0.00045328,0.00080268,0.0011491,0.00099872,0.00076666,0.00070002,0.0007583,0.00049086,0.00037721,0.0006432,0.00061889,0.00055337,0.00039913,0.00013451,0.00030227,0.00013879,0.00091746,0.0009109,0.00046948,0.00052844,0.00029564,0.00054651,0.00048436,0.0014781,0.0014598,0.0013637,0.002274,0.0030689,0.0080354,0.019301,0.022645,0.0089698,0.018212,0.028976,0.026131,0.014636,0.0037721,0.00090119,0.0025025,0.0036178,0.0025345,0.0017485,0.00064868,0.00058583,0.00047876,0.0012194,0.0014777,0.0010693,0.00021787,0.00058604,0.00091022,0.00084688,0.00062421,0.0010628,0.0014259,0.0013337,0.00082713,0.00049265,0.0010959,0.00068297,0.00046718,0.0010702,0.0019365,0.00089233,0.00014049,0.00049307,0.0012752,0.00070848,0.00064347,0.00047064,0.00060978,0.00115,0.0018472,0.00066241,0.00064428,0.00054475,0.0017501,0.0020042,0.0010599,0.0013042,0.0020165,0.0014575,0.0018314,0.0019459,0.0018772,0.0012267,0.0014795,0.0025681,0.0037567,0.0030886,0.00085301,0.0073105,0.011182,0.015846,0.024539,0.026207,0.0078601,0.022377,0.026979,0.015098,0.0045522,0.0055673,0.0032491,0.0020512,0.00309,0.0027791,0.0013143,0.0015402,0.002199,0.002411,0.0025129,0.0022706,0.001543,0.00062659,0.0014135,0.0018668,0.0026174,0.00050538,0.0028152,0.0018196,0.00081714,0.00047193,0.00096441,0.00065048,0.0018161,0.0018897,0.0019956,0.0011888,0.00073741,0.0025931,0.0045315,0.0062915,0.00098762,0.0048662,0.0039337,0.0021748,0.0068623,0.0051718,0.006026,0.01001,0.0071265,0.0040148,0.007872,0.0054299,0.0052829,0.0089435,0.0069633,0.0064612,0.0087934,0.0058575,0.010046,0.012899,0.009839,0.02148,0.018572,0.0058221,0.035526,0.070615,0.10904,0.18874,0.18832,0.019584,0.062224,0.048479,0.027527,0.0058466,0.013429,0.0081999,0.0085513,0.0082853,0.0091276,0.0047361,0.006397,0.0082147,0.0049479,0.0050643,0.00066052,0.0047941,0.0056897,0.0047803,0.0045403,0.0031659,0.0029224,0.0078916,0.0040114,0.0030549,0.0021982,0.0045865,0.0027462,0.007315,0.0071559,0.00090394,0.0032447,0.0037128,0.0027151,0.0028682,0.0026806,0.0008896,0.0020621,0.001446,0.0022374,0.007592,0.0027821,0.0056316,0.0075061,0.0070985,0.005184,0.00065539,0.0032875,0.0031206,0.0033795,0.0026929,0.0042402,0.0056193,0.0050575,0.0061595,0.0058084,0.008672,0.01343,0.011061,0.0065156,0.026573,0.040491,0.056485,0.10443,0.11119,0.018365,0.045172,0.02106,0.032347,0.011357,0.00803,0.0060479,0.010032,0.0070907,0.0033693,0.0019979,0.0037136,0.0054648,0.0039553,0.00060808,0.0039374,0.011621,0.010856,0.0069859,0.0045622,0.0034599,0.0079037,0.008688,0.0036827,0.0030542,0.0028403,0.0071164,0.0050779,0.0036827,0.0058051,0.0031615,0.0011792,0.00024921,0.0016299,0.001987,0.0018062,0.0022424,0.0014582,0.00066024,0.0014782,0.0012513,0.0012592,0.00096551,0.00072468,0.0019949,0.002743,0.002207,0.0020224,0.0023473,0.00090888,0.00083456,0.0023044,0.0021565,0.0022259,0.0025559,0.0025135,0.0029993,0.003139,0.0036338,0.0048637,0.0068971,0.0087771,0.013878,0.024127,0.019757,0.0099363,0.012424,0.0068031,0.0092455,0.0069771,0.0086155,0.0091809,0.0050527,0.0027813,0.0039412,0.0054248,0.0052814,0.0040458,0.0038023,0.0034975,0.0018655,0.0021831,0.0026214,0.0013227,0.00054485,0.0013861,0.0014284,0.0011804,0.0015368,0.0017872,0.0023055,0.0015548,0.0021335,0.0026314,0.0013415,0.0020779,0.0029746,0.0025141,0.0014286,0.002027,0.0012508,0.0014255,0.0028916,0.0018417,0.0027729,0.004959,0.0032611,0.0024076,0.0035851,0.0012648,0.00049961,0.001479,0.0026007,0.00036831,0.0027895,0.00073978,0.0016223,0.0011556,0.00079751,0.0028196,0.0030633,0.00090454,0.0022794,0.00090444,0.003173,0.0028942,0.0036401,0.0057439,0.0086204,0.0059734,0.0026863,0.0082704,0.014229,0.0094469,0.0022116,0.0042643,0.0028123,0.0012686,0.0028364,0.0027571,0.0035909,0.0026748,0.0013963,0.0016165,0.00035557,0.00089905,0.0014997,0.0016,0.00075237,0.0017981,0.0019992,0.0012651,0.0025411,0.0019459,0.0020313,0.0025615,0.000546,0.0028573,0.0019308,0.0016615,0.001319,0.0020791,0.0018792,0.0026366,0.0025246,0.0011715,0.0018183,0.0031918,0.0025754,0.0026667,0.0027161,0.0023383,0.0021606,0.0015991,0.0028781,0.0030481,0.0031199,0.0030162,0.003604,0.0045844,0.0048159,0.0039126,0.0039404,0.0045901,0.00415,0.0050672,0.0042692,0.0030473,0.0042175,0.0056502,0.0063462,0.0099319,0.017155,0.029941,0.030953,0.029417,0.033158,0.075073,0.054615,0.037116,0.040923,0.033255,0.013977,0.013801,0.023429,0.019657,0.013528,0.004695,0.0062984,0.0085672,0.009102,0.0054478,0.0036109,0.0013666,0.0025668,0.0029792,0.0021104,0.0043345,0.0048978,0.0059116,0.0025786,0.00047204,0.0025434,0.0053348,0.0036076,0.0027253,0.0070786,0.008653
0.0031207,0.002098,0.0026045,0.0024645,0.0021557,0.0013364,0.00071787,0.0022874,0.00058602,0.0014114,0.001381,0.0016719,0.0020805,0.0011811,0.0021409,0.0036136,0.0035843,0.0017226,0.0013402,0.00066345,0.0012601,0.0024076,0.0026563,0.0046561,0.0042943,0.00029173,0.0045528,0.0039498,0.0028503,0.007329,0.0085754,0.003273,0.00054431,0.0031298,0.0078698,0.0065481,0.00184,0.0035327,0.008656,0.0065166,0.0025976,0.0028152,0.0013738,0.002144,0.00252,0.0031972,0.0039022,0.0024178,0.0024558,0.0020647,0.0028706,0.0038142,0.0015385,0.00088763,0.0026798,0.0014752,0.00035185,0.0003786,0.0018784,0.0036233,0.0031624,0.0010832,0.0015675,0.0034975,0.0029157,0.0020617,0.0021068,0.0018444,0.0015938,0.0010626,0.00058086,0.0011377,0.00056271,0.0020054,0.0021289,0.0010411,0.001681,0.0018081,0.0016334,0.0013032,0.0010682,0.00068284,0.0015713,0.001677,0.0033391,0.0079686,0.0075503,0.0076256,0.0048405,0.0049034,0.0079121,0.0022318,0.0087386,0.022464,0.056289,0.059259,0.011018,0.013427,0.0036834,0.0064624,0.0054392,0.0084877,0.023349,0.044897,0.046583,0.022877,0.0082588,0.0032003,0.0031227,0.0011162,0.00085026,0.0028514,0.002474,0.0016554,0.00095565,0.00086086,0.00079129,0.0015526,0.00045396,0.0016131,0.0012032,0.0017642,0.0013734,0.00061777,0.0016924,0.0019635,0.0035729,0.002437,0.0039331,0.0027741,0.00091205,0.00063423,0.0011033,0.0019218,0.0024228,0.0014571,0.00041561,0.00038748,0.00081978,0.00017536,0.0009457,0.00042071,0.0014748,0.0011666,0.00063856,0.0016945,0.0012493,0.00071442,0.0015376,0.00089472,0.00065644,0.0018622,0.0022938,0.00082649,0.0034878,0.005447,0.003197,0.0017814,0.0072249,0.020657,0.019823,0.001843,0.0056702,0.0038634,0.010021,0.006982,0.0028535,0.0098648,0.016848,0.01553,0.0071941,0.0036114,0.00078885,0.0010502,0.00019125,0.00066453,0.00089773,0.0011997,0.0011163,0.001218,0.00084456,0.00038782,0.0014501,0.0016573,0.0022718,0.0027943,0.00088704,0.0012036,0.0025932,0.0031265,0.0052207,0.0070437,0.0091394,0.0096361,0.005232,0.0010393,0.0014394,0.00073363,0.00067533,0.00077828,0.00017573,0.00044803,0.00064019,0.00065305,0.00086803,0.0010281,0.00084649,0.00091748,0.00052638,0.00077735,0.00078694,0.0012133,0.00084861,0.0014545,0.00043132,0.00093157,0.00035238,0.0015529,0.0013924,0.00080733,0.0016644,0.0047359,0.0038254,0.005989,0.03158,0.040471,0.016889,0.0012614,0.0055303,0.0055365,0.0053546,0.0047015,0.00059689,0.011503,0.013024,0.0053604,0.0016486,0.0010145,0.0017551,0.00042029,0.001943,0.00095001,0.0010543,0.00079589,0.0004125,0.00044738,0.00031089,0.00045972,0.00029769,0.0018294,0.00097884,0.00037522,0.00050077,0.00082736,0.00062688,0.00083567,0.0022073,0.0021627,0.00046455,0.00044004,0.00041698,0.00062745,0.00063637,0.00084703,0.0023311,0.00080709,0.0022485,0.0029534,0.00093583,0.0027646,0.0009892,0.0028323,0.0035262,0.0014065,0.0018996,0.0022206,0.0026451,0.00076979,0.0021933,0.0018071,0.0055108,0.0018127,0.0050048,0.0051612,0.0038124,0.0010184,0.0074212,0.0072797,0.0031417,0.014118,0.030691,0.051198,0.049457,0.017055,0.029187,0.033938,0.018505,0.0016639,0.0056111,0.0015984,0.0045358,0.0033202,0.0012901,0.0045291,0.0008953,0.0031704,0.0018584,0.0020372,0.0015155,0.0050259,0.0051037,0.00018316,0.00084023,0.0025464,0.0016193,0.0032801,0.0039622,0.0028147,0.00085743,0.0012087,0.0025107,0.0023777,0.0030448,0.0037687,0.002049,0.0013131,0.00067,0.0010496,0.0010081,0.0020884,0.0026528,0.0016981,0.00076643,0.00047897,0.0003541,0.00025404,7.8977e-05,0.00071033,0.00055054,0.00040645,0.00093734,0.00087476,0.00078886,0.00074287,0.0012966,0.00053674,0.00025478,0.0007856,0.0012108,0.0021335,0.0038524,0.0013148,0.0059173,0.0076981,0.020322,0.034545,0.02581,0.014267,0.0041424,0.0084077,0.016732,0.01229,0.0060855,0.0066861,0.0052285,0.0043393,0.003482,0.0028062,0.0028236,0.0031481,0.0015878,0.0014237,0.00071045,0.0024775,0.002608,0.0020051,0.0020515,0.0022632,0.00087026,0.0004698,0.002231,0.0033216,0.002141,0.00093559,0.00045937,0.0011058,0.0016355,0.0021018,0.0020511,0.0018614,0.00079637,0.00028356,0.00042507,0.00041979,0.0008806,0.00074384,0.00078481,0.0014484,0.0012392,0.00071241,0.00030283,0.0010813,0.0021477,0.0016454,0.0015873,0.00095661,0.0009266,0.0018211,0.0020777,0.0018652,0.0026207,0.0033367,0.0022304,0.0022496,0.0022506,0.0013686,0.0049523,0.0090361,0.016863,0.026008,0.033561,0.022526,0.012159,0.010364,0.014777,0.011946,0.0021169,0.0015651,0.0027415,0.003289,0.0040685,0.0036836,0.0017894,0.00063718,0.0012575,0.0021818,0.0032138,0.0020471,0.00088145,0.002734,0.0013729,0.0013856,0.0012204,0.0011257,0.0012456,0.0017713,0.0013602,0.00041224,0.00021155,0.0010959,0.0016385,0.00089944,0.0013206,0.0015706,0.00089181,0.0039383,0.0048472,0.0014303,0.0031199,0.0040054,0.0025733,0.0022024,0.0046757,0.0044483,0.004187,0.0049658,0.0038278,0.0065225,0.0091807,0.0082742,0.0085004,0.0057937,0.0056797,0.0059379,0.0074478,0.0086355,0.008931,0.018414,0.020266,0.019328,0.014893,0.023567,0.060618,0.10602,0.15434,0.2075,0.085179,0.072003,0.044092,0.033127,0.013528,0.019505,0.011007,0.0080642,0.015764,0.017348,0.013163,0.011383,0.010402,0.0093471,0.011422,0.0086157,0.0026036,0.0037534,0.0047313,0.0054553,0.0091352,0.0096706,0.008995,0.0078534,0.0044475,0.0052449,0.0043827,0.0023739,0.0047369,0.0040583,0.0044986,0.0049521,0.0033102,0.0035652,0.0038821,0.0018432,0.001643,0.002021,0.0021695,0.0027771,0.0024171,0.0024149,0.0032781,0.0034996,0.0033605,0.0039205,0.0023472,0.0060386,0.0072265,0.0084261,0.006965,0.0049662,0.0061978,0.0061817,0.007963,0.0096699,0.011619,0.012494,0.010827,0.0066308,0.022523,0.040946,0.063616,0.08976,0.12198,0.039084,0.029401,0.011789,0.045249,0.045663,0.023501,0.021318,0.011564,0.008021,0.005574,0.0072727,0.012419,0.014455,0.012982,0.010891,0.0057889,0.0046782,0.002226,0.0039906,0.0038611,0.0055265,0.0034852,0.0045123,0.0050891,0.0029452,0.0068193,0.0029618,0.004764,0.0044618,0.0026678,0.002376,0.0031499,0.0041964,0.0045196,0.00067188,0.00025383,0.00051623,0.00048397,0.00093043,0.001612,0.0013154,0.00050331,0.0012373,0.0017447,0.0017207,0.00074147,0.00059622,0.00087553,0.00091618,0.00067899,0.001238,0.0016263,0.0017791,0.001145,0.0021894,0.0012656,0.0021327,0.0017866,0.0023783,0.0027209,0.0021164,0.0021347,0.0077262,0.02143,0.029457,0.015501,0.005553,0.0020791,0.0090449,0.0083893,0.0051393,0.0058233,0.010559,0.013891,0.013945,0.0037804,0.0037035,0.0020176,0.0013735,0.0014757,0.001654,0.00070546,0.00074957,0.00063888,0.00084031,0.0015859,0.001052,0.00057422,0.00040964,0.00020966,0.00038347,0.0011737,0.002507,0.0021125,0.00058756,0.002099,0.0023191,0.0020538,0.0021715,0.0012321,0.0010639,0.00070146,0.0021972,0.0021317,0.0022844,0.0019976,0.0021617,0.0016386,0.0059021,0.0030757,0.0029196,0.0033334,0.0027016,0.0019494,0.0010556,0.0027071,0.0025526,0.00051359,0.0018225,0.0026486,0.0022546,0.0012895,0.00071379,0.0016066,0.001491,0.0029061,0.0032791,0.0026786,0.0045734,0.0075658,0.0029591,0.0041576,0.0038066,0.017211,0.014493,0.0071858,0.0019426,0.0032463,0.0041691,0.0058612,0.0050769,0.0011854,0.00205,0.0023105,0.002176,0.0029482,0.0022504,0.0020175,0.00089038,0.0028599,0.0024601,0.00088058,0.0021657,0.0029731,0.0029389,0.0028877,0.0020045,0.0023071,0.0025332,0.0009375,0.0012091,0.0011208,0.0015714,0.0036236,0.0008331,0.00067662,0.0024776,0.0024264,0.00056813,0.0017141,0.0016455,0.0011176,0.0015329,0.0022681,0.0016943,0.0022608,0.0014202,0.0024045,0.0019272,0.0020512,0.0026372,0.002489,0.0024851,0.0037578,0.0038211,0.0035718,0.0024172,0.0023619,0.0024481,0.0019781,0.0038621,0.0052494,0.004751,0.019489,0.027723,0.023199,0.026198,0.020365,0.08026,0.075991,0.031066,0.0094927,0.020045,0.033126,0.031554,0.012075,0.0091554,0.0071323,0.0139,0.0090866,0.0026974,0.0016544,0.0060052,0.0085733,0.0038998,0.0014977,0.0035511,0.0043855,0.0021843,0.003319,0.0045009,0.0019244,0.0025439,0.0027835,0.0053079,0.0047748,0.0015669,0.002837,0.004872
0.0019398,0.00086665,0.0013585,0.0021789,0.00089754,0.0026193,0.0011747,0.0048427,0.0053515,0.0035926,0.0023013,0.0020964,0.002258,0.0027274,0.0030967,0.0014973,0.0022562,0.0037248,0.0022122,0.0011568,0.0045481,0.0058173,0.0036188,0.0016308,0.001967,0.0022659,0.0013341,0.0013096,0.0058263,0.0083251,0.0060563,0.0033672,0.0023951,0.0028272,0.0054693,0.0029004,0.0030053,0.0016162,0.00085845,0.00078711,0.0040801,0.0081573,0.0055409,0.0026285,9.0289e-05,7.7677e-05,0.0011828,0.0024478,0.0033076,0.0015719,0.00030852,0.00092209,0.0025062,0.0028251,0.0018847,0.0010311,0.0014468,0.00076519,0.0025736,0.0019437,9.2192e-05,0.001032,0.0016856,0.0019117,0.0022706,0.0010115,0.00066977,0.0011404,0.00141,0.0012166,0.00085715,0.00022232,0.0021866,0.0020045,0.00076842,0.00051909,0.00041221,0.0013604,0.0017685,0.0019764,0.00042892,0.0012608,0.0031097,0.0037849,0.00047902,0.004838,0.0071138,0.0069661,0.0046676,0.0011367,0.0079472,0.0094537,0.025665,0.061725,0.060363,0.012537,0.0031167,0.003196,0.0040863,0.0020236,0.003392,0.0037753,0.005002,0.0034507,0.00035937,0.020484,0.048046,0.029308,0.0019749,0.0024356,0.00013784,0.0013543,0.0011705,0.0025488,0.0032281,0.00027118,0.0013394,0.00333,0.0038701,0.0034364,0.0035669,0.0024533,0.0005598,0.0019982,0.0023889,0.0021705,0.0017558,0.00063619,0.0012537,0.0019072,0.0021143,0.0024091,0.0025545,0.0015884,0.0007826,0.0013,0.0013569,0.00072402,0.000818,0.0015256,0.00094956,0.00051961,0.00035666,0.00072275,0.0012387,0.00077892,0.0015416,0.0010602,0.00063899,0.00094806,0.00032324,0.0002877,0.0015821,0.0023478,0.00096986,0.0021458,0.0043728,0.011305,0.026809,0.027318,0.0078498,0.0021681,0.0028508,0.0046068,0.0088574,0.0043333,0.0034366,0.0026841,0.0019293,0.0016579,0.0092094,0.018756,0.011939,0.0011592,0.001322,0.00064202,0.00086506,0.00067597,0.00018382,0.00044659,0.00048338,0.0018005,0.0015524,0.001599,0.0019591,0.0017305,0.0068966,0.0078878,0.0041395,0.0021291,0.001346,0.0032764,0.0026348,0.0016377,0.0024841,0.0010663,0.0013674,0.00097899,0.00025547,0.00041517,0.0001947,0.0010117,0.00074947,0.00035339,0.00096485,0.0010006,0.00099863,0.0013012,0.00081175,0.00069498,0.00066516,0.0015234,0.0018693,0.0011704,0.0025061,0.0027822,0.0019411,0.0013719,0.0033248,0.0050364,0.0045976,0.010856,0.020839,0.033979,0.021374,0.013631,0.0079208,0.007261,0.0080219,0.0079536,0.0074689,0.005122,0.0033191,0.0031332,0.0033597,0.0069857,0.012124,0.007613,0.0037333,0.0014812,0.0018883,0.0014441,0.0012491,0.00084178,0.00072784,0.001443,0.0015001,0.00079039,0.00026895,0.00052259,0.001325,0.0021833,0.0022207,0.0018352,0.0013276,0.00014772,0.0011317,0.0016968,0.002586,0.0026911,0.0013566,0.0026815,0.0024245,0.0030502,0.0023133,0.001205,0.0035389,0.0032924,0.00092581,0.001435,0.0022332,0.0020797,0.0010535,0.00043002,0.0010879,0.0011969,0.003621,0.0026942,0.0019281,0.0059123,0.0063777,0.006442,0.0068875,0.0073792,0.0073973,0.005457,0.0031424,0.010046,0.012713,0.044792,0.053375,0.043283,0.023607,0.0091182,0.023165,0.024841,0.026175,0.013831,0.006844,0.0048443,0.004383,0.0063976,0.0060692,0.0042044,0.0034336,0.0036104,0.004122,0.004748,0.0034706,0.0020076,0.0026577,0.0023631,0.0011703,0.0029873,0.0024255,0.0037399,0.0031294,0.0021835,0.0017546,0.0021802,0.0033285,0.0022666,0.0031962,0.0030262,0.0027619,0.00074905,0.00055355,0.00098547,0.00072211,0.0015043,0.0011463,0.0011942,0.00074478,0.0011943,0.0007238,0.00096651,0.0016229,0.00093468,0.001719,0.0013287,0.00028689,0.0014721,0.0026396,0.0021797,0.00051702,0.0012808,0.0020958,0.002549,0.0028317,0.0031539,0.0068797,0.011644,0.011463,0.02561,0.015173,0.02415,0.013173,0.0075322,0.0069782,0.0037676,0.0053649,0.0047942,0.0013717,0.0056913,0.0034579,0.0015635,0.0020255,0.0020479,0.0011247,0.0019776,0.0009558,0.0015061,0.00069167,0.00083469,0.00020724,0.00083331,0.0010954,0.00072968,0.0027613,0.0033284,0.0036654,0.0024829,0.0017312,0.00067635,0.00022486,0.00088427,0.0016801,0.0026901,0.0016625,0.0015393,0.0010385,0.001501,0.0017898,0.0010767,0.00068486,0.00062051,0.00053639,0.0013708,0.0014378,0.00095283,0.00042583,0.00056396,0.00081235,0.0008474,0.0017121,0.00094729,0.00032384,0.00067114,0.00050096,0.0017009,0.0027542,0.0030395,0.0033234,0.0040186,0.0049078,0.0057192,0.005307,0.0020596,0.025898,0.030707,0.0044758,0.008493,0.0026113,0.0052703,0.01604,0.013189,0.0056729,0.0028405,0.0019658,0.005041,0.0064138,0.0019383,0.00129,0.0025765,0.0014892,0.0013346,0.0014331,0.00080159,0.00061711,0.00031721,0.00047734,0.00029576,0.00026555,0.00013724,0.00068938,0.0017468,0.0011046,0.0012457,0.0016063,0.0010108,0.00085117,0.00059137,0.00019758,0.000796,0.00074127,0.0047966,0.0061551,0.0064323,0.0056626,0.0039602,0.0034455,0.0059449,0.0070589,0.0056333,0.0038069,0.0057789,0.010021,0.011356,0.0086536,0.0069245,0.0087272,0.0087704,0.010032,0.016105,0.019968,0.019323,0.016553,0.014112,0.022054,0.03237,0.046523,0.039228,0.017481,0.16439,0.24768,0.1024,0.014756,0.028195,0.031633,0.030459,0.026623,0.020782,0.016823,0.013191,0.013858,0.015935,0.021325,0.022142,0.016084,0.011739,0.010341,0.010145,0.010305,0.008525,0.007001,0.0089014,0.010802,0.0098703,0.0096481,0.010407,0.0099689,0.0084051,0.0069827,0.004505,0.0029687,0.0052206,0.0078494,0.0075539,0.0054616,0.0049353,0.0026822,0.002236,0.0019903,0.0024584,0.0017148,0.00023015,0.00021385,0.0012056,0.0026795,0.0028138,0.0016767,0.0025148,0.0049827,0.0039608,0.00094156,0.0015583,0.0047428,0.0086655,0.0074276,0.0065235,0.0063224,0.0065058,0.0062807,0.011032,0.016727,0.021987,0.016498,0.0078799,0.098612,0.14724,0.071092,0.024089,0.029721,0.012215,0.033778,0.030658,0.017306,0.0061339,0.0035965,0.000411,0.0084165,0.0077229,0.0020538,0.0031584,0.005376,0.0024033,0.0041824,0.0033343,0.0025944,0.0025646,0.0028649,0.0027303,0.0033119,0.0043798,0.0050462,0.002404,9.1549e-05,0.0025691,0.0028823,0.00054453,0.00077066,0.0027995,0.0046882,0.0044113,0.0019936,0.00086962,0.00029436,0.00035773,0.00116,0.0010676,0.00020783,0.0012816,0.0011204,0.001087,0.00070665,0.00026467,0.00057228,0.0013624,0.0013992,0.0006633,0.00084605,0.0011561,0.0020233,0.0016068,0.0011243,0.0023063,0.0024549,0.002024,0.0016733,0.0023852,0.0038617,0.0079783,0.012612,0.022945,0.020491,0.015659,0.012455,0.0063163,0.0043722,0.0078847,0.0034378,0.003146,0.0062958,0.0067908,0.0059941,0.01165,0.015859,0.007235,0.0066415,0.0042096,0.0022583,0.0024224,0.00022423,0.00142,0.0016447,0.00093189,0.00093256,0.0012886,0.0014623,0.0017527,0.0021549,0.0010826,0.0017566,0.0016423,0.0017738,0.00035829,0.000733,0.0014578,0.0018233,0.0012326,0.002941,0.001689,0.0038658,0.0046288,0.0020812,0.00091242,0.0013934,0.00075005,0.0013627,0.0025786,0.0022221,0.00092706,0.00054617,0.00031751,0.0017363,0.0038777,0.0062083,0.0059858,0.0022307,0.0012349,0.0013989,0.00075493,0.0014672,0.0035506,0.002975,0.0014261,0.00037834,0.0022929,0.0062678,0.0046095,0.0048497,0.011245,0.020631,0.016397,0.019315,0.0050281,0.0073476,0.0037105,0.0078448,0.0065212,0.0034748,0.0012101,0.0014906,0.0035812,0.0037481,0.0020718,0.0020207,0.00026856,0.00096498,0.001405,0.0011181,0.00079214,0.00061786,0.00048206,0.00076233,0.00091103,0.0011086,0.00059217,0.0022708,0.0034664,0.0013647,0.00066207,0.0012298,0.002203,0.0032488,0.00048964,0.0016301,0.0025108,0.0022949,0.0022124,0.0020633,0.0015466,0.0012932,0.0019652,0.0026955,0.0016882,0.0010968,0.0015064,0.0016513,0.0011921,0.0027474,0.0038091,0.0037237,0.0030715,0.0021562,0.0047302,0.005219,0.0027413,0.0047071,0.0058417,0.0055832,0.0081338,0.013293,0.021791,0.014266,0.015378,0.027333,0.042117,0.036443,0.063011,0.046177,0.047237,0.037744,0.022345,0.019244,0.028043,0.014944,0.013096,0.017482,0.013352,0.0029621,0.0070867,0.0063648,0.0062412,0.0066114,0.0039716,0.003897,0.003808,0.0042099,0.0063296,0.0047616,0.00066213,0.0010025,0.00056983,0.0021402,0.00088379,0.004497,0.0084876,0.0087657,0.0030712
0.0013904,0.0034713,0.0045755,0.0038634,0.00063343,0.0013853,0.0022431,0.00481,0.0062663,0.0028236,0.0024972,0.0027807,0.002396,0.0018693,0.0021506,0.0035277,0.0041738,0.0020297,0.0015778,0.0012429,0.0042248,0.0049198,0.0038046,0.0012384,0.0014188,0.0011576,0.0011044,0.0042199,0.0035178,0.0035503,0.002648,0.0021409,0.0022177,0.006021,0.0048084,0.0028418,0.0025726,0.0042566,0.0043887,0.0033691,0.0040892,0.0058072,0.006834,0.0037859,0.001502,0.0017984,0.001779,0.0039915,0.0035402,0.0025569,0.0035352,0.0034583,0.0009624,0.0025058,0.0033235,0.0014246,0.0010396,0.0019269,0.00076896,0.0015123,0.0016701,0.0023923,0.0018661,0.0014442,0.0034234,0.003087,0.0020864,0.0011677,0.0017712,0.0011326,0.0011891,0.0010147,0.00039675,0.0012794,0.0018237,0.0011974,0.00092951,0.0009262,0.0012741,0.0024958,0.0014792,0.00075771,0.00093955,0.0015608,0.0047457,0.005124,0.0039221,0.0052997,0.0044595,0.0011056,0.001809,0.0037215,0.0032632,0.0085861,0.0079835,0.0015302,0.039747,0.046048,0.013163,0.0037102,0.0047578,0.00071828,0.0026684,0.0023604,0.0074598,0.013468,0.025713,0.040831,0.027796,0.014091,0.001743,0.0014394,0.0024214,0.00062141,0.00021782,0.0019827,0.0031859,0.0021212,0.00081137,0.0013855,0.0023525,0.001414,0.0033534,0.0043272,0.0031268,0.0016207,0.0013737,0.0024026,0.002673,0.0027751,0.00056268,0.00045446,0.00028559,0.0018627,0.0031419,0.0031541,0.0023655,0.001301,0.00092998,0.0009635,0.00055473,0.0002292,0.00032675,0.0001615,0.00035793,0.00029953,0.00036238,0.00039195,0.00082825,0.0005562,0.00057365,0.0013475,0.002861,0.0018234,0.00070732,0.00096688,0.00091679,0.0025189,0.0070791,0.0067447,0.0026164,0.014398,0.011816,0.0083322,0.0046388,0.0020761,0.001089,0.0012755,0.00067436,0.003009,0.0032088,0.0088914,0.013769,0.0091143,0.0041088,0.0013179,0.00077645,0.00077568,0.0012049,0.0015622,0.0013196,0.0015291,0.0018085,0.0040859,0.0038609,0.0036278,0.0042454,0.0024162,0.0024994,0.0022612,0.00058578,0.0025518,0.0010708,0.00032774,0.0026002,0.00046704,0.0010543,0.0022253,0.0029454,0.0024749,0.0014886,0.0012299,0.0014983,0.0015871,0.0021814,0.0026054,0.0022201,0.0026969,0.0029362,0.0016379,0.000938,0.0021262,0.0023691,0.0018324,0.0019172,0.0022495,0.0022737,0.0026112,0.0032053,0.0028165,0.0036364,0.0044382,0.004768,0.0094594,0.010318,0.014764,0.037497,0.030131,0.0078791,0.011501,0.010601,0.0079581,0.0060529,0.0056049,0.004097,0.0043507,0.0099432,0.0091879,0.0028495,0.0014094,0.0017545,0.00067619,0.00018113,0.00063665,0.00043463,0.00035056,0.00086889,0.00075998,0.00089144,0.0013871,0.00087201,0.00049571,0.00044652,0.0013757,0.002126,0.0019314,0.00141,0.00063255,0.0014957,0.0019369,0.0015184,0.0019739,0.00064742,0.0021537,0.0027031,0.0019741,0.0014805,0.0016511,0.0034068,0.0037066,0.0035211,0.0040142,0.0036636,0.0022601,0.0012292,0.0058265,0.0055193,0.0014132,0.0020233,0.0043484,0.0043523,0.005406,0.005274,0.0053363,0.0075489,0.010476,0.010458,0.019411,0.05534,0.058326,0.012041,0.010316,0.026992,0.04113,0.012427,0.018439,0.015633,0.011971,0.0083686,0.0061872,0.0068983,0.005349,0.0024346,0.0024342,0.0026382,0.0032484,0.0038818,0.0038405,0.003206,0.0033696,0.0049588,0.0034696,0.001405,0.0013047,0.0014652,0.0022982,0.0025171,0.0021049,0.0018654,0.0019166,0.00085026,0.0008469,0.0014328,0.0023292,0.0025264,0.0019315,0.00155,0.0010645,0.00075585,0.00048083,0.001822,0.0017779,0.0010057,0.00021254,0.0010288,0.0011244,0.00058004,0.0015445,0.00087694,0.000278,0.0002121,0.0009405,0.0010595,0.00086927,0.00014829,0.0011574,0.001565,0.00065752,0.0011935,0.0031142,0.0020316,0.0015477,0.0029724,0.0085236,0.0080448,0.0061502,0.013271,0.0075865,0.016195,0.0068498,0.0025434,0.0029006,0.002831,0.0012054,0.00097627,0.0012161,0.00218,0.0016417,0.00010589,0.0012291,0.0010739,0.00084104,0.0015803,0.00085744,0.00072008,0.0013449,0.0014242,0.00088505,0.0017158,0.0012838,0.00091529,0.0010377,0.00062443,0.0018546,0.0031402,0.0025691,0.0013059,0.004899,0.006185,0.0049146,0.00087754,0.00075944,0.00018031,0.00083386,0.00089622,0.00083534,0.00071858,0.0016202,0.0016304,0.0020431,0.0011115,0.0012009,0.002155,0.0018943,0.0016974,0.0026534,0.0030122,0.0022258,0.0014009,0.0018809,0.0023371,0.0019477,0.0013605,0.002364,0.0030224,0.0028684,0.005576,0.0061513,0.0034837,0.015484,0.013031,0.020048,0.028304,0.017721,0.010194,0.0030456,0.0037963,0.0040896,0.0032067,0.0024002,0.0025456,0.0010314,0.0018677,0.0027932,0.0017334,0.0012266,0.001719,0.0014294,0.0005273,0.00060477,0.0009354,0.00075912,0.0017158,0.0018864,0.0010032,0.0015537,0.0016025,0.0012849,0.0011173,0.0015377,0.0013179,0.00063335,0.00017606,0.00016876,0.00016256,0.0021637,0.0032623,0.0049477,0.0048525,0.0038273,0.0023286,0.0051807,0.007928,0.0063173,0.0048857,0.0046639,0.0031944,0.0039085,0.005311,0.0057435,0.0056103,0.0049768,0.0063151,0.0078161,0.011476,0.014044,0.013179,0.014195,0.014787,0.014404,0.015124,0.018061,0.021717,0.033575,0.087259,0.10178,0.088799,0.20523,0.12569,0.06682,0.040297,0.028404,0.024558,0.021843,0.022943,0.018343,0.014507,0.015691,0.012087,0.011011,0.013236,0.011251,0.0079762,0.0071302,0.0069603,0.0066562,0.0069391,0.0069004,0.0051082,0.0057054,0.0069812,0.0065064,0.0056215,0.0041976,0.0050396,0.006645,0.0061386,0.0054631,0.0051789,0.0057448,0.0029378,0.0030015,0.0031816,0.0034649,0.0021505,0.0017536,0.0074025,0.0069773,0.00085737,0.0028643,0.0037544,0.0040801,0.0043318,0.0040809,0.0039479,0.0054727,0.006037,0.0062144,0.0077329,0.0085966,0.0076285,0.0063396,0.0069316,0.0083175,0.011373,0.012583,0.012045,0.018513,0.031082,0.055724,0.059066,0.064911,0.13355,0.087564,0.053111,0.033986,0.025889,0.020023,0.013419,0.011101,0.01049,0.011095,0.013063,0.01401,0.012702,0.012214,0.013288,0.0098439,0.0056968,0.0053967,0.0062793,0.0061489,0.0040307,0.0061715,0.0068103,0.0018128,0.0080786,0.010326,0.011283,0.0075479,0.0038575,0.00346,0.0044339,0.0034661,0.0048361,0.00099616,0.00057936,0.00052216,0.0010463,0.00091486,0.00065448,0.0015884,0.00096418,0.0005077,0.00035844,0.00041189,0.00082991,0.00062123,0.00084487,0.0011094,0.00059282,0.00082083,0.00063857,0.00027025,0.00046356,0.00049193,0.0011757,0.0012415,0.0009779,0.0018567,0.0023955,0.00093911,0.0014182,0.0032408,0.008558,0.0055679,0.016137,0.019045,0.015221,0.0023865,0.0052157,0.0034711,0.0021593,0.002416,0.00093383,0.0020864,0.0081108,0.015079,0.0085365,0.0040213,0.0026732,0.0035246,0.00222,0.00076848,0.001499,0.0013091,0.0014896,0.00018847,0.00043837,0.00091706,0.001387,0.0014661,0.00086192,0.00099596,0.00070984,0.0013623,0.00095285,0.0011963,0.0023577,0.0027496,0.0016775,0.0010899,0.00076495,0.0010225,0.0018128,0.00072602,0.0010694,0.00079001,0.0012604,0.0020597,0.0011079,0.0022168,0.0023544,0.00096266,0.0023571,0.0030345,0.0021174,0.0017267,0.0013259,0.00020498,0.00071309,0.0015683,0.0016127,0.0025891,0.0026021,0.0035215,0.0019757,0.0082745,0.0096447,0.002686,0.0074777,0.0051646,0.036659,0.054628,0.022688,0.0064998,0.0081381,0.0055585,0.0021473,0.0052326,0.0027219,0.0020395,0.0017759,0.00065921,0.002113,0.0026222,0.00045888,0.00086814,0.0016327,0.0041656,0.0027533,0.0017758,0.0039427,0.0018202,0.0014404,0.0011282,0.001706,0.0014391,0.0016378,0.0013151,0.0025452,0.0037546,0.0029242,0.0017197,0.00096309,0.00047872,0.0017229,0.0025937,0.0028351,0.0020819,0.0010209,0.00093778,0.001456,0.0018235,0.0024087,0.0014491,0.001126,0.00066898,0.0017455,0.0022291,0.0005688,0.0020478,0.0023336,0.0035391,0.0019626,0.00077901,0.0023628,0.0023326,0.0053093,0.0060475,0.0010457,0.00061213,0.0059808,0.0079726,0.0062892,0.0154,0.028153,0.079268,0.099446,0.046061,0.025854,0.0059195,0.0089826,0.011482,0.0040087,0.0093167,0.0041814,0.00056495,0.0035879,0.0032908,0.0025385,0.0038932,0.0039362,0.0022035,0.0015592,0.0014356,0.0021376,0.0029318,0.0035283,0.00092536,0.0017336,0.0022361,0.0006273,0.0021876,0.0010292,0.0019614,0.0036177,0.003724,0.0020608,0.0015798
0.00033159,0.0031376,0.0068884,0.0043509,0.0023473,0.0060302,0.0056686,0.00093538,0.0044057,0.0053415,0.0025153,0.0011686,0.0030102,0.0036132,0.0041557,0.0029629,0.0012118,0.00082303,0.0045996,0.0051212,0.0013742,0.0022896,0.0026337,0.0012031,0.0037774,0.0043365,0.0011903,0.0016015,0.0022414,0.00085244,0.002477,0.00775,0.006736,0.0024547,0.0014284,0.0030387,0.0018087,0.0036441,0.0031395,0.0041945,0.0080754,0.0081882,0.007579,0.0056966,0.0028812,0.0015122,0.0021747,0.0020579,0.002085,0.0039667,0.0053109,0.0040197,0.0059711,0.0039388,0.0024607,0.00091746,0.0017424,0.0019335,0.00086726,0.0039672,0.0052896,0.0026835,0.0012151,0.0024089,0.0026517,0.00069177,0.00088429,0.00053194,0.00044314,0.00078385,0.00070955,0.00032292,0.00087786,0.00022263,0.00034744,0.0014824,0.001375,0.0013202,0.0022325,0.001733,0.0012017,0.0012308,0.0019131,0.0029257,0.0026645,0.0017542,0.00072777,0.0030468,0.0038361,0.0042583,0.010717,0.016785,0.0074038,0.0029204,0.0043154,0.0031548,0.02476,0.050708,0.030688,0.0092874,0.0062959,0.00080993,0.002309,0.0059178,0.014203,0.049159,0.037943,0.0052963,0.0017306,0.00076561,0.0017346,0.0021077,0.001795,0.0015701,0.0018372,0.00277,0.0011466,0.0019629,0.001762,0.0011436,0.0016503,0.0016031,0.0010673,0.001659,0.0016983,0.0038475,0.0025746,0.0021067,0.0026559,0.0029975,0.00072827,0.00046001,0.00070388,0.00097109,0.0012461,0.00050287,0.0010012,0.00093186,0.0011034,0.00078448,0.0008975,0.0012071,0.00095659,0.00052565,0.001963,0.0019705,0.0014817,0.0025479,0.0028162,0.0011232,0.00098796,0.0035143,0.0042352,0.0029801,0.0021351,0.0060278,0.011208,0.0063065,0.0012881,0.0010392,0.0047241,0.0094134,0.012434,0.0092548,0.0019159,0.0022222,0.00087924,0.00080104,0.0021625,0.0033849,0.014666,0.011637,0.0018955,0.0002845,0.0011136,0.0006886,0.00036306,0.00042743,0.0015666,0.0019644,0.0015332,0.00053907,0.00050745,0.00049387,0.001592,0.001593,0.0015402,0.003214,0.0070271,0.0057059,0.0015274,0.0015762,0.00091405,0.0004875,0.0005982,0.00090596,0.00080244,0.00063771,0.002654,0.0030516,0.0023014,0.0017743,0.00068194,0.0014478,0.0019512,0.0015205,7.6851e-05,0.00044554,0.00048974,0.00040443,0.00048827,0.00088551,0.0012725,0.001091,0.0022515,0.0038744,0.0033748,0.0029538,0.0013236,0.0013734,0.0062475,0.0088147,0.0040667,0.0044235,0.006464,0.0078351,0.021154,0.039781,0.033064,0.0171,0.0036191,0.0024471,0.0043227,0.0036935,0.0036704,0.010375,0.0074704,0.0018112,0.00088936,0.00087509,6.1079e-05,0.00067316,0.0009298,0.00074412,0.0010917,0.00084025,7.1149e-05,0.00067568,0.00061511,0.00033999,0.0004824,0.001007,0.0015515,0.0012426,0.0016439,0.0023263,0.002087,0.0024207,0.0011175,0.00093833,0.0025002,0.002177,0.0023559,0.0015616,0.00053371,0.0010545,0.00061044,0.002189,0.0030034,0.0017319,0.00031803,0.00061536,0.0015828,0.0023601,0.0022329,0.0017251,0.0013872,0.0038456,0.0037308,0.0043217,0.0070525,0.0056414,0.0046785,0.0095399,0.010389,0.030357,0.070082,0.044835,0.018967,0.010476,0.01245,0.048088,0.038817,0.0097771,0.0052086,0.0017533,0.0032198,7.9688e-05,0.0017397,0.0026377,0.0042297,0.0021361,0.001696,0.0017873,0.00024725,0.0015307,0.0019408,0.0012842,0.0018682,0.0018305,0.00093377,0.00052103,0.00055234,0.001376,0.0021459,0.0017701,0.0014271,0.0010438,0.0012089,0.0016891,0.0011582,0.0020264,0.0020649,0.0019666,0.0019483,0.001016,0.00079227,0.00062214,0.0013485,0.0018224,0.0014743,0.00056169,9.0018e-05,0.00040961,0.00026386,0.0010609,0.00124,0.00069047,0.00040919,0.00054536,0.00055501,0.00057255,0.00018008,0.00014804,0.001735,0.0030172,0.0022695,0.0013477,0.0017426,0.0022389,0.006526,0.017868,0.011212,0.0029463,0.0021665,0.0037663,0.017558,0.014874,0.0060554,0.0050152,0.0017691,0.0034737,0.00095376,0.0021298,0.0014957,0.0019362,0.0028447,0.00095882,0.0025408,0.001006,0.00038453,0.0011158,0.0013172,0.002018,0.0018186,0.0010654,0.0016473,0.0018037,0.0015961,0.0013945,0.0019444,0.001829,0.00028741,0.0041542,0.0057301,0.0038321,0.0025555,0.0027109,0.003156,0.0010707,0.00063008,0.0010604,0.0011083,0.0018501,0.001949,0.00057442,0.00016848,0.00062522,0.0004253,0.00034661,0.00062921,0.00076003,0.00058132,0.0011734,0.0021006,0.0021085,0.00081965,0.0011084,0.0015323,0.0012841,0.0010335,0.0017887,0.0016408,0.0026814,0.0057438,0.0066918,0.009592,0.0056478,0.0032974,0.0013262,0.006805,0.012561,0.027732,0.022275,0.0033665,0.003401,0.00074188,0.003182,0.0030275,0.0010978,0.002724,0.0036239,0.0016141,0.0020794,0.002056,0.0014128,0.0016579,0.00070762,0.00080127,0.00068311,0.00037834,0.00065898,0.0015499,0.0020639,0.0011673,0.0010124,0.002427,0.0025574,0.0025745,0.0013543,0.00038248,0.0012413,0.0012687,0.00078557,0.0012295,0.0044951,0.0028968,0.0015372,0.0026913,0.0066889,0.0054529,0.0042335,0.0059691,0.0041078,0.0078018,0.0067242,0.0038364,0.0062922,0.0078184,0.0024081,0.0042269,0.0056583,0.0099726,0.0094149,0.0102,0.013087,0.010007,0.013172,0.01099,0.0070891,0.013802,0.021382,0.024062,0.026303,0.038806,0.059177,0.086861,0.2175,0.16059,0.0088377,0.038832,0.013175,0.019594,0.015909,0.017101,0.01333,0.0059599,0.0047626,0.0053095,0.0055495,0.0016753,0.0042172,0.0030535,0.0031363,0.0018392,0.0063163,0.00664,0.006104,0.0060222,0.0028503,0.0019945,0.0019942,0.0023658,0.0021978,0.0016513,0.0031835,0.0046046,0.0027146,0.0029164,0.0014899,0.003982,0.0022281,0.004261,0.0047486,0.0020475,0.005692,0.0065895,0.0054263,0.0049855,0.0040247,0.0041621,0.0020582,0.0056771,0.0049993,0.0041354,0.0065564,0.0066849,0.0054777,0.005883,0.0075515,0.0064579,0.0061267,0.010058,0.012845,0.015365,0.016801,0.014587,0.014366,0.019885,0.029905,0.043641,0.060302,0.14794,0.11448,0.0072439,0.030691,0.0059866,0.014304,0.012529,0.0082385,0.0050398,0.012574,0.0065154,0.0055699,0.0040877,0.0040814,0.0032169,0.00058308,0.0025279,0.0043954,0.0048617,0.0024953,0.00078209,0.0017122,0.0023348,0.0019594,0.0013938,0.0025997,0.011327,0.016076,0.0089822,0.003789,0.0062472,0.0049427,0.0053928,0.00095322,0.0010025,0.00081632,0.001407,0.00078464,9.5174e-05,0.00022756,0.00064302,0.00087538,0.00028135,0.00036923,0.00071245,0.00066551,0.00063112,0.0010261,0.00046677,0.00054913,0.00046127,0.00072357,0.0011332,0.0026996,0.0024167,0.0012042,0.00041182,0.00098137,0.0028993,0.0041046,0.0012428,0.0017145,0.0011407,0.00077265,0.0072235,0.020957,0.015254,0.0053451,0.0060863,0.0059798,0.0050731,0.0048113,0.00751,0.013574,0.010615,0.0065938,0.0022803,0.0027641,0.0027077,0.0010064,0.0017485,0.0017689,0.0011301,0.00084761,0.0011896,0.0012832,0.00059037,0.00010775,0.00085854,0.0016821,0.0016249,0.00027575,0.0011914,0.0012189,0.0007224,0.0011886,0.0012635,0.00089146,0.0042279,0.002534,0.00093735,0.0021599,0.0032546,0.001517,0.00033836,0.0010132,0.00097741,0.0026695,0.0028488,0.0015707,0.0026461,0.0019736,0.0030083,0.0025288,0.00092301,0.0010937,0.0017647,0.0038422,0.0040009,0.0025568,0.0057689,0.0081234,0.0047373,0.0071231,0.019358,0.022923,0.0083257,0.011799,0.046339,0.083829,0.060945,0.04395,0.018245,0.011133,0.0080784,0.0093316,0.0058402,0.002506,0.0031505,0.0038617,0.0023345,0.0027576,0.002396,0.00195,0.0027992,0.0037611,0.0043707,0.0046185,0.0025794,0.0020339,0.00091569,0.0020445,0.001985,0.001932,0.0011775,0.0024884,0.0023306,0.00094365,0.0012291,0.0010468,0.00081599,0.0024292,0.0041935,0.001418,0.0018935,0.001311,0.0032779,0.0048683,0.0032406,0.0013232,0.00052786,0.0015066,0.001613,0.0010824,0.00086085,0.0013001,0.0028695,0.0024991,0.0030822,0.0028029,0.0022469,0.0049909,0.005282,0.0072708,0.0080803,0.0068888,0.0072092,0.008665,0.012994,0.022007,0.019701,0.010565,0.014797,0.027801,0.070329,0.069143,0.024025,0.024558,0.0067381,0.013288,0.0090709,0.0073157,0.012081,0.012625,0.013709,0.0095293,0.0070012,0.0057824,0.0055964,0.0056646,0.0040314,0.0032873,0.0036936,0.0034743,0.002077,0.0016515,0.0025214,0.0029796,0.0042042,0.0044582,0.0037608,0.0042858,0.0047667,0.0014258,0.0042297,0.0054608,0.002461,0.0023834
0.0024401,0.00064792,0.0017832,0.0023699,0.0027718,0.0017171,0.00060631,0.0023588,0.0043684,0.0021544,0.0021349,0.0013471,0.0025982,0.0031533,0.0040672,0.002014,0.0012011,0.0021067,0.0020383,0.0026,0.0028599,0.000751,0.0023427,0.0028443,0.0037739,0.0069571,0.00565,0.0024169,0.0049785,0.001803,0.0058072,0.010031,0.0073559,0.0020682,0.0048364,0.0031947,0.0028743,0.0051867,0.0018541,0.0089192,0.009272,0.0066463,0.0031283,0.0015917,0.0018243,0.0018871,0.0015003,0.0014162,0.0026242,0.0035093,0.0037872,0.0046381,0.0035166,0.0016446,0.0020641,0.00057652,0.0029532,0.0012648,0.003287,0.0023379,0.001203,0.00064288,0.00051751,0.0027743,0.0040082,0.0019987,0.0019855,0.00189,0.0017009,0.001591,0.001441,0.0022808,0.0029754,0.0019662,0.00092954,0.001322,0.0016638,0.0015669,0.00048944,0.0010126,0.00095477,0.0016767,0.0034324,0.0044956,0.0026282,0.0059099,0.002901,0.0071295,0.0063405,0.011448,0.023784,0.011133,0.0017338,0.0010359,0.0059361,0.0053122,0.00082579,0.01415,0.016163,0.044753,0.03729,0.017493,0.0088006,0.0013923,0.039543,0.041257,0.018046,0.0057528,0.0016394,0.0011532,0.0010651,0.0011474,0.0024492,0.0019092,0.00095056,0.0010508,0.0016589,0.0028448,0.0033615,0.0024433,0.0013912,0.0013727,0.0013256,0.0021425,0.0022119,0.00068684,0.001128,0.0012959,0.00067736,0.00070879,0.0012485,0.0014845,0.00086339,0.0010821,0.0010039,0.0018636,0.0025778,0.0014496,0.00036157,0.00062949,0.00039649,0.0012104,0.0026238,0.0030206,0.0013331,0.001609,0.0018395,0.00077066,0.0010246,0.00143,0.0023059,0.0025098,0.0018474,0.00036875,0.0071265,0.012902,0.0056014,0.0033124,0.0029799,0.003758,0.0025531,0.0062529,0.0093382,0.0018616,0.012629,0.010563,0.0050639,0.002893,0.00035952,0.015934,0.01656,0.0069146,0.0017546,0.0012273,0.0014572,0.0015359,0.0012912,0.0013494,0.0012466,0.0012202,0.00092527,0.0016998,0.0012841,0.000801,0.0014661,0.0003615,0.0028264,0.0033527,0.0035075,0.0041091,0.0032433,0.0011817,0.0010504,0.00063587,0.00081392,0.0010745,0.0013455,0.00025244,0.0015431,0.0016993,0.0011783,0.0014151,0.0012502,0.001154,0.00066928,0.00061241,0.00057983,0.00081245,0.00062932,0.00065076,0.00056169,0.00057753,0.0007686,0.00055086,0.00042154,0.0005142,0.00062247,0.0023714,0.0048601,0.002059,0.0081088,0.0088721,0.0051294,0.0024355,0.0037316,0.0053965,0.0089005,0.0021166,0.014774,0.035665,0.043781,0.022193,0.009086,0.0031432,0.0081693,0.0096152,0.0056941,0.0015881,0.0011816,0.00073001,0.0007818,0.0010604,0.00071308,0.00083949,0.00042002,0.00082677,0.00028912,0.00025155,0.0012318,0.0013322,0.00075238,0.00012764,0.00071954,0.0012365,0.0012308,0.0019839,0.0013984,0.00061092,0.00065759,0.00076531,0.0031473,0.0026351,0.0018467,0.00050326,0.0011981,0.00081993,0.0011914,0.0009492,0.00065636,0.0012823,0.0012684,0.0012397,0.0029211,0.0023674,0.00094734,0.001437,0.0030112,0.0041038,0.0023153,0.0033227,0.0016039,0.0018846,0.0039229,0.011384,0.013451,0.067655,0.057197,0.016905,0.013695,0.011253,0.022838,0.039492,0.044817,0.021857,0.0065629,0.0086508,0.0044623,0.002755,0.00070381,0.0025324,0.003935,0.0020391,0.001155,0.0010049,0.0026295,0.0019673,0.0016238,0.0010323,0.00096591,0.0014898,0.0012337,0.00035225,0.00088733,0.00063906,0.0013923,0.0014893,0.00058226,0.001178,0.0005949,0.00036609,0.00050069,0.00062479,0.00092089,0.0016716,0.00042744,0.00015994,0.0010542,0.0012954,0.0013419,0.0010764,0.00021148,0.00056243,0.00077679,0.00014186,0.00015619,0.00092194,0.00082176,0.00072055,0.00078598,0.00017958,0.00069495,0.00017128,0.00052113,0.00084201,0.0014438,0.00092535,0.00052059,0.0015325,0.0036539,0.0028134,0.015842,0.017296,0.01131,0.0089059,0.010703,0.012447,0.017482,0.01833,0.010459,0.0027781,0.0071219,0.0041709,0.0023693,0.00095464,0.0019612,0.0030555,0.0015509,0.0014437,0.00084421,0.00025532,0.00044757,0.0016916,0.0012588,0.00029331,0.00054365,0.0003387,0.00014397,0.00090572,0.002287,0.0030646,0.0015676,0.00085268,0.0015828,0.0017272,0.0026359,0.0042894,0.0033714,0.001038,0.00076641,0.00076546,0.0021568,0.0022569,0.0010632,0.00066477,0.0010027,0.0018227,0.00095399,0.0011284,0.00078537,0.0020278,0.0021209,0.00045377,0.0018094,0.0025451,0.0015263,0.0005061,0.0023493,0.0021669,0.0011518,0.0014555,0.002589,0.0015177,0.0022984,0.00033156,0.0073652,0.010187,0.0040778,0.0017759,0.0012977,0.0016267,0.0069603,0.013788,0.0091967,0.011545,0.032634,0.02473,0.0054849,0.0041568,0.0040258,0.0019441,0.0036862,0.0029935,0.0021264,0.0019783,0.0021968,0.0021238,0.00078251,0.0019441,0.0017613,0.0014176,0.0014029,0.0003916,0.0015798,0.0013997,0.00077265,0.001644,0.0007002,0.001382,0.00086093,0.0016308,0.0013458,0.0011222,0.0019509,0.0013997,0.00034825,0.005679,0.0044108,0.0032166,0.004319,0.0070019,0.0062567,0.0048767,0.0044354,0.0016814,0.0058974,0.0045631,0.0033298,0.0021745,0.006782,0.0052867,0.0015751,0.0057651,0.004019,0.0055772,0.0088346,0.011698,0.0063464,0.013846,0.010245,0.012557,0.012704,0.013667,0.01139,0.012249,0.0094414,0.011226,0.033933,0.026786,0.058068,0.16508,0.12169,0.01339,0.017394,0.017826,0.013671,0.0094931,0.0078373,0.0123,0.011056,0.0098056,0.005646,0.0038367,0.0073582,0.0087497,0.0053826,0.0051099,0.0048285,0.0023049,0.0048641,0.004087,0.0021672,0.0033608,0.006401,0.0053986,0.0054535,0.0014795,0.0025619,0.0035102,0.0031111,0.0017521,0.0070304,0.00282,0.0093503,0.0050978,0.0033388,0.0052236,0.0033337,0.00032229,0.0015183,0.00095903,0.0041713,0.0037816,0.0015328,0.0044763,0.0046539,0.0030286,0.002111,0.0040604,0.0032671,0.0024679,0.0012075,0.0058245,0.0042607,0.0023997,0.009152,0.011494,0.0031095,0.010208,0.01393,0.017253,0.027314,0.049981,0.036142,0.041722,0.13023,0.097269,0.026852,0.026781,0.019752,0.0017097,0.013616,0.012434,0.0053686,0.0056597,0.0037033,0.0048033,0.0048269,0.0051372,0.0066208,0.0077698,0.0061788,0.0031858,0.0025992,0.0021752,0.0040463,0.0049103,0.0030682,0.0057234,0.0064962,0.003077,0.0024697,0.0013745,0.0040368,0.0036219,0.006189,0.0011086,0.0015081,0.0007696,0.0011136,0.0018404,0.00086492,0.0008574,0.00090236,0.00014478,0.00098737,0.0010813,0.00080823,0.00063297,0.00072894,0.00085214,0.00014584,0.00046939,0.00057204,0.00079436,0.00082905,0.0020829,0.0015111,0.0016625,0.002798,0.0018778,0.0037938,0.0020894,0.0014909,0.0017687,0.0034783,0.0049407,0.0072801,0.012319,0.008765,0.018795,0.020403,0.018124,0.011467,0.00068655,0.013362,0.011898,0.0079227,0.0071702,0.00423,0.0015291,0.0010801,0.0030251,0.0021657,0.00087284,0.00078468,0.0011948,0.001948,0.00084988,0.001532,0.0010405,0.00061354,0.0011429,0.0013746,0.0017289,0.0012094,0.00090586,0.0013694,0.00016787,0.00077603,0.0015669,0.0029603,0.0026089,0.0024809,0.0023108,0.00035668,0.0015245,0.0029559,0.0013118,0.0031825,0.0054481,0.0049616,0.0028164,0.0014894,0.0025178,0.0043481,0.001517,0.0043809,0.0079903,0.007268,0.0063136,0.0061115,0.0069372,0.0092817,0.008655,0.0135,0.01304,0.018671,0.038219,0.048647,0.058322,0.05376,0.056863,0.076131,0.054404,0.010979,0.016997,0.020712,0.015347,0.012442,0.0061468,0.0076057,0.00773,0.0062581,0.0058035,0.0055774,0.0052738,0.0058411,0.0046595,0.0024816,0.0046964,0.0063211,0.006191,0.0024447,0.0024776,0.0042881,0.002402,0.003106,0.006101,0.0040797,0.0039381,0.0014189,0.0038074,0.004614,0.0027734,0.00051427,0.001875,0.0012252,0.002606,0.0027319,0.0027114,0.0021056,0.0038248,0.0040254,0.0029284,0.0013681,0.0025499,0.0022374,0.0030153,0.0012358,0.001891,0.0024807,0.0023984,0.0013378,0.0011111,0.0034934,0.0038621,0.0029569,0.0026266,0.0063547,0.012607,0.015879,0.020266,0.030041,0.029035,0.030567,0.016582,0.045731,0.060055,0.042357,0.035337,0.026363,0.027412,0.014157,0.0141,0.0074887,0.0074792,0.013569,0.011144,0.0055008,0.0063677,0.0069162,0.0039986,0.0026393,0.002349,0.0038903,0.0054111,0.0034548,0.0010727,0.0032846,0.0056866,0.0050218,0.0022074,0.0025901,0.0042661,0.0042772,0.0038464,0.005572,0.0061579,0.0050177,0.005053
0.0019008,0.001698,0.0012914,0.00090543,0.00093636,0.0013023,0.0017084,0.0017232,0.0013212,0.0010375,0.0019482,0.00068701,0.0015245,0.00192,0.0019485,0.0024553,0.00040718,0.0020017,0.00045798,0.0018159,0.003209,0.0030393,0.001374,0.0030737,0.0032041,0.0035433,0.0022521,0.0017836,0.00097702,0.00094117,0.0036556,0.0072464,0.0092925,0.0029141,0.0038012,0.0063046,0.0020141,0.0048613,0.0086309,0.0062507,0.0038996,0.0025453,0.0011469,0.00080369,0.00039574,0.0026905,0.003134,0.0024433,0.0022916,0.0017158,0.0015254,0.0012935,0.00089776,0.0022607,0.0044942,0.0038532,0.0016167,0.0012007,0.00028033,0.0014642,0.0021543,0.0023605,0.0028972,0.00098387,0.0027827,0.0045798,0.00098563,0.00091469,0.0014202,0.0037276,0.0039523,0.0018598,0.0025871,0.0032415,0.0021384,0.00070442,0.00055656,0.001284,0.0018536,0.003063,0.0045696,0.0038494,0.0020636,0.00439,0.0094591,0.010984,0.0093537,0.021857,0.02772,0.015648,0.00095487,0.0011505,0.0042202,0.0030451,0.0037582,0.0043435,0.0042637,0.00053277,0.0017403,0.025133,0.048511,0.04172,0.036129,0.041977,0.019006,0.0091844,0.0053768,0.0011884,0.0012266,0.0013827,0.003571,0.0032891,0.0017944,0.0027832,0.0046409,0.004652,0.0048914,0.0017223,0.0025565,0.0030481,0.0022419,0.0011807,0.00051905,0.0010222,0.00079837,0.00089256,0.0029419,0.0024177,0.0030398,0.0040895,0.0012912,0.00067941,0.00038116,0.00014094,0.001218,0.0018056,0.00041298,0.001638,0.0014529,0.0011539,0.0021849,0.0027764,0.0021691,0.0012678,0.0018564,0.00096643,0.00056063,0.0022996,0.0021637,0.0026882,0.002477,0.0011405,0.0047455,0.0099271,0.0049519,0.0019739,0.00086096,0.0029453,6.31e-05,0.002268,0.0026846,0.0082924,0.009822,0.0022991,0.0072472,0.012914,0.01121,0.012846,0.016546,0.0080134,0.0031976,0.0028464,0.0019588,0.0014508,0.00038744,0.00089902,0.00034891,0.00024972,0.00088763,0.0012358,0.0010244,0.001103,0.00176,0.00089973,0.00047935,0.0015287,0.00087448,0.0018435,0.00073371,0.002336,0.001304,0.0021824,0.0038638,0.0062574,0.005134,0.0010403,0.00018953,0.00048823,0.0013383,0.0020744,0.0010122,0.00013503,0.001005,0.001097,0.00017206,0.00050328,0.0013255,0.00068725,0.0008728,0.0011659,0.00093389,0.00050131,0.0016527,0.0019525,0.00072253,0.0013552,0.0024856,0.0040154,0.010772,0.0076229,0.00043748,0.0011901,0.0022803,0.0010548,0.0012572,0.0019648,0.0003461,0.0047076,0.011433,0.017577,0.047692,0.0367,0.0080937,0.012165,0.010872,0.0014548,0.0028057,0.0017772,0.0023503,0.0010902,0.0012453,0.0016345,0.00071135,0.001667,0.00094243,0.0012876,0.0018552,0.00022346,0.001868,0.001631,0.00093593,0.00069553,0.0015226,0.0011998,0.00114,0.0021849,0.00054057,0.00068333,0.00033573,0.0013623,0.00055025,0.00061609,0.00074851,0.0014596,0.0020745,0.00093609,0.0019984,0.001221,0.00041045,0.0015781,0.0020512,0.0007636,0.0026967,0.0008801,0.0024821,0.00079494,0.0025892,0.0027459,0.00093587,0.0024569,0.0060652,0.0083434,0.031891,0.069212,0.048369,0.0058263,0.015613,0.0061043,0.009849,0.0083259,0.0058904,0.027618,0.052059,0.030871,0.0081816,0.0026718,0.0080782,0.0068085,0.0049701,0.004643,0.004904,0.0024927,0.0018632,0.002425,0.0019592,0.001942,0.0027587,0.0027535,0.0010431,0.0017438,0.0015331,0.0018314,0.0023364,0.0018894,0.0016725,0.0012089,0.0013495,0.0019366,0.0016008,0.00066786,0.0010415,0.0012956,0.00063836,0.0009928,0.00092969,0.00098746,0.00039827,0.00032721,0.0017017,0.002514,0.0014848,0.00059569,0.00068036,0.00099091,0.00089177,0.00045011,0.00029437,0.00031207,0.00015906,0.00083504,0.00091615,0.0012097,0.0016443,0.0012226,0.00076837,0.0016872,0.0013378,0.0033106,0.009558,0.0059088,0.00071441,0.0026898,0.0018311,0.0017252,0.001038,0.0041656,0.010069,0.015252,0.0084447,0.0028128,0.0027994,0.0049531,0.0036382,0.0020139,0.00030524,0.0011233,0.0020895,0.0012391,0.0011512,0.0020526,0.00065275,0.00059148,0.0010912,0.0002685,0.00077305,0.00067312,0.0012726,0.0004165,0.0012877,0.0009111,0.00061951,0.00077827,0.0010306,0.00096783,0.0023097,0.0020502,0.0016635,0.00035923,0.0024363,0.0012585,0.0015131,0.00051772,0.0009453,0.00054563,0.0013735,0.0017942,0.0018116,0.0011447,0.00024377,0.00043782,0.00020144,0.0012205,0.00047159,0.00059662,0.00075097,0.00097783,0.00053856,0.0017814,0.0016329,0.0017436,0.0015244,0.0022574,0.007631,0.0092804,0.0018301,0.00234,0.00093003,0.00088289,0.0016706,0.00087653,0.0044673,0.013943,0.014614,0.00104,0.022025,0.027466,0.0086768,0.0043866,0.0063587,0.0027291,0.0023513,0.0027859,0.0012844,0.00064406,0.0017553,0.00049408,0.00083967,0.00077327,0.0015161,0.0026074,0.0016816,0.001455,0.0018208,0.0014275,0.00012572,0.0017338,0.0022541,0.0031529,0.0032534,0.0036866,0.0046796,0.0023943,0.0015607,0.0035114,0.0044942,0.0042017,0.0039094,0.0048222,0.0065762,0.0044381,0.00048016,0.0039327,0.0034662,0.0013079,0.0021565,0.0016643,0.0027188,0.0026999,0.0025299,0.0046596,0.0020022,0.00059085,0.0023414,7.4408e-05,0.0035776,0.0045129,0.0059915,0.0064556,0.0059648,0.0062201,0.0036267,0.0016174,0.0069432,0.0064373,0.0072704,0.0073247,0.007104,0.014714,0.023541,0.10842,0.13881,0.042387,0.0057016,0.0081063,0.0069706,0.0028536,0.0046326,0.0043529,0.0040657,0.0049798,0.0042165,0.0022619,0.0052636,0.0028604,0.001927,0.0058961,0.0054396,0.001867,0.0017626,0.0012852,0.00058536,0.0012249,0.0017244,0.0018749,0.0034587,0.003185,0.0063071,0.0045694,0.0041392,0.0036689,0.007453,0.0024697,0.0049584,0.0067673,0.0029555,0.00058964,0.001421,0.0022552,0.001533,0.00054569,0.00072543,1.3662e-05,0.00070693,0.000581,0.00058714,0.0022968,0.0017757,0.0013168,0.0020951,0.0021695,0.0014714,0.00063004,0.004566,0.0049341,0.0016142,0.0026662,0.0017998,0.0039585,0.011496,0.0038569,0.0074323,0.03453,0.031858,0.027006,0.0906,0.12502,0.040468,0.025358,0.032931,0.017465,0.0086519,0.0033477,0.0024811,0.0018726,0.00075631,0.0022762,0.0056326,0.0029636,0.0019595,0.0031737,0.0046901,0.0013245,0.0011498,0.0018239,0.0025009,0.0045954,0.003958,0.0033307,0.0034505,0.0043238,0.0042235,0.0033909,0.0036311,0.004416,0.0039428,0.001599,0.0011058,0.00071121,0.0020077,0.0013712,0.00059692,0.00062254,0.00066845,0.0014052,0.0019411,0.001257,0.00030267,0.00098693,0.00097149,0.00090891,0.0008064,0.0016476,0.0012745,0.00099858,0.0012551,0.00039983,0.0012349,0.003876,0.0049961,0.0015132,0.0025897,0.0021687,0.0012231,0.0035087,0.0039467,0.00049556,0.0030532,0.002618,0.010023,0.016565,0.027024,0.0096569,0.017511,0.011309,0.0089425,0.0097712,0.0041487,0.0029004,0.00040185,0.0022247,0.0031741,0.0023378,0.0018524,0.00074524,0.00090858,0.0016593,0.0016332,0.0011749,0.00050653,0.00082446,0.0010329,0.001116,0.0012759,0.00076233,0.0015363,0.0020105,0.0010429,0.0013531,0.0019584,0.0028882,0.0030434,0.0038388,0.0038441,0.0052603,0.0057907,0.0052357,0.0033984,0.002398,0.00055119,0.0022541,0.00083414,0.0029684,0.0052309,0.0061229,0.0041214,0.0015876,0.00099864,0.0042883,0.0061287,0.0064535,0.005862,0.005112,0.0086284,0.011827,0.0066767,0.011419,0.010456,0.007406,0.0005677,0.0076245,0.025496,0.062193,0.077167,0.035987,0.027164,0.018013,0.0014393,0.0069556,0.0051101,0.0032917,0.0048127,0.0030017,0.0062341,0.0054342,0.0021746,0.00039304,0.0025288,0.0025718,0.0016757,0.0013891,0.0054095,0.0033967,0.0027857,0.001618,0.0020162,0.0067576,0.0036092,0.0018371,0.0012737,0.0007356,0.0026013,0.0021395,0.0051834,0.0052963,0.0048929,0.0026594,0.0021318,0.00205,0.0045307,0.0035257,0.0013435,0.00024179,0.0013681,0.0025365,0.0016388,0.0012462,0.0012787,0.00078703,0.0017968,0.0036215,0.0030562,0.0014841,0.0025128,0.0026388,0.00055058,0.004002,0.005339,0.0091493,0.013412,0.0089267,0.0082431,0.0039957,0.0082602,0.0027821,0.016783,0.035456,0.05996,0.088555,0.034831,0.038039,0.031182,0.023179,0.01606,0.0047543,0.014116,0.009644,0.00107,0.0074523,0.0092667,0.0044088,0.0044856,0.0096719,0.0069065,0.0016679,0.0042731,0.0044617,0.0022221,0.0040818,0.0035125,0.0012296,0.0026139,0.003401,0.0020243,0.00080619,0.001008,0.0025192,0.0029666,0.0018356,0.00050026,0.00098254
0.0016465,0.0011555,0.00072159,0.0015076,0.0012906,0.00046584,0.00056956,0.00088856,0.0018142,0.0014871,0.0007778,0.00081284,0.00069935,0.00028463,0.0018045,0.0021837,0.00081353,0.00085583,0.0016147,0.0007276,0.00033108,0.001289,0.00075818,0.0018454,0.00096416,0.0034655,0.0027291,0.00077443,0.0030398,0.0029716,0.0013171,0.0042784,0.010575,0.0097888,0.00458,0.0022946,0.0061182,0.0066685,0.0020603,0.0022185,0.0024008,0.003407,0.0024887,0.0033008,0.0024876,0.0016765,0.0037274,0.0023996,0.0024475,0.002708,0.0029202,0.0026252,0.0016601,0.0010293,0.0014815,0.0019618,0.0036824,0.0030533,0.0027853,0.0022452,0.0028151,0.0035694,0.0024864,0.0022975,0.0024739,0.0027472,0.0027421,0.00060748,0.0019771,0.0039236,0.0040721,0.0046725,0.0036944,0.00048427,0.0027983,0.001765,0.002947,0.0038198,0.0023702,0.00047048,0.001406,0.0015373,0.0028562,0.0044879,0.0043697,0.0042713,0.0030796,0.001598,0.00070263,0.0030593,0.0044867,0.0038211,0.0047504,0.0020469,0.005107,0.0030772,0.0036429,0.0025922,0.0034426,0.0056419,0.0073663,0.016558,0.013841,0.0032951,0.0035033,0.0048528,0.0053695,0.0039156,0.0028418,0.0054582,0.0043232,0.0029056,0.0035442,0.0068161,0.0038801,0.003418,0.0039375,0.00094532,0.0012252,0.0012562,0.0017646,0.0016898,0.0020535,0.00095251,0.0020391,0.0021984,0.0027604,0.0017977,0.0010665,0.00081216,0.00064498,0.00054706,0.00041104,0.00081034,0.00033939,0.0011402,0.0019949,0.0014074,0.0028428,0.004006,0.0028687,0.0014228,0.00095613,0.00094766,0.0013862,0.0018573,0.0025894,0.0018121,0.0010613,0.0012402,0.0020284,0.0023671,0.0023073,0.0027608,0.004447,0.0099793,0.0084401,0.0037743,0.0017508,0.0012797,0.00026419,0.0025562,0.0083805,0.010037,0.0074212,0.010572,0.024518,0.020647,0.0081829,0.0028134,0.0015537,0.0015245,0.00059732,8.8903e-05,0.00076602,0.001098,0.00096081,0.00053657,0.00063742,0.00077629,0.0010557,0.00093598,0.0015559,0.0022588,0.0025705,0.0024793,0.00054146,0.00089213,0.0013256,0.0014726,0.0011074,0.0011083,0.00096149,0.0019597,0.0053029,0.0016225,0.0015185,0.0012216,0.00028235,0.0009655,0.0011486,0.00094005,0.00084454,0.0002323,0.0001246,0.00045657,0.0012262,0.00098692,0.00038923,0.00016805,0.0003231,0.00026142,0.00028633,0.00096231,0.003229,0.003049,0.001955,0.0026179,0.004452,0.0022846,0.0069278,0.0088675,0.0056172,0.0047446,0.0057945,0.0058737,0.0040833,0.0095353,0.011845,0.0032515,0.031205,0.047892,0.017935,0.0086533,0.015129,0.010532,0.0071729,0.0067362,0.0063118,0.005092,0.0033789,0.0032761,0.0032031,0.003106,0.0024339,0.0025359,0.0025544,0.0022943,0.0020775,0.0015938,0.0020299,0.0027335,0.0024558,0.0028771,0.0028782,0.0026396,0.002628,0.0044305,0.0046347,0.0042205,0.0035736,0.00099426,0.0018084,0.0027543,0.002327,0.0011181,0.0036055,0.0050033,0.0045689,0.0037669,0.0027446,0.004526,0.0052516,0.0025732,0.0031921,0.0056719,0.0045248,0.0053044,0.0077202,0.010339,0.010722,0.010425,0.012837,0.011317,0.022078,0.063536,0.050762,0.010546,0.0073696,0.010252,0.0075621,0.022661,0.046457,0.026871,0.012188,0.020874,0.014472,0.0057217,0.0059868,0.0065942,0.007015,0.0047457,0.0014154,0.0035677,0.0056875,0.0043288,0.0022912,0.0036975,0.0038672,0.0033123,0.00051533,0.0023514,0.0029705,0.0022894,0.0010818,0.0020538,0.0037913,0.0018989,0.00061112,0.00030394,0.0014099,0.0014581,0.0014443,0.0029535,0.002265,0.0022958,0.0021818,0.0012849,0.0012342,0.00096526,0.00025362,0.00042308,0.00030639,0.00048033,0.00020045,0.00079016,0.0016754,0.0016381,0.0015937,0.0010651,0.00078511,0.0015385,0.0010313,0.00099272,0.0019675,0.0014692,0.0021426,0.0035286,0.0018779,0.010039,0.018234,0.011951,0.0029911,0.0054427,0.0065336,0.0022449,0.006789,0.014069,0.0078842,0.0024086,0.0057522,0.0067013,0.0023,0.0022492,0.0034446,0.00091153,0.0021003,0.0018234,0.0014093,0.0023099,0.0027682,0.0020899,0.0016506,0.0021171,0.0016648,0.00073822,0.0013983,0.00083214,0.00023871,0.00027004,0.001582,0.0021938,0.0012224,0.00091146,0.00094871,0.0016509,0.0014874,0.0015264,0.0026441,0.0038417,0.00055051,0.00045227,0.001432,0.0014299,0.0010967,0.00023682,0.00062447,0.00026522,0.00066646,0.00067256,0.0005648,0.0009564,0.0014044,0.0018615,0.0013399,0.00088137,0.0014686,0.0018462,0.0019157,0.0014276,0.0015746,0.002422,0.0017471,0.0028357,0.0056986,0.0095348,0.0084815,0.0041699,0.0011322,0.002741,0.0054696,0.0067219,0.01583,0.010407,0.0064254,0.015521,0.020143,0.0083924,0.0035887,0.0027477,0.00050069,0.0011898,0.00052825,0.00079005,0.0013433,0.001231,0.0018271,0.0013517,0.00065519,0.001723,0.00075376,0.0026628,0.0013619,0.00024173,0.00026723,0.00062474,0.00091036,0.00095647,0.00090638,0.0010531,0.00077681,0.00093121,0.00038558,0.0012505,0.0022277,0.0037047,0.0050354,0.0061423,0.0057334,0.0026945,0.0016328,0.0013356,0.0015515,0.0062435,0.0077922,0.0048205,0.003527,0.003669,0.0035209,0.0058903,0.002779,0.00096817,0.0028134,0.0045159,0.0062454,0.0050963,0.0042427,0.0013434,0.0037223,0.0061679,0.0088418,0.0059139,0.003119,0.0076586,0.0092578,0.0095775,0.0062166,0.018337,0.029007,0.043351,0.090869,0.10728,0.037311,0.0077874,0.001378,0.0031789,0.0026432,0.0085315,0.0063964,0.0025546,0.0020144,0.0031235,0.0030634,0.0043858,0.005033,0.0047459,0.0056809,0.0062555,0.0047534,0.0013646,0.0041776,0.0070198,0.007256,0.0089047,0.0079781,0.0050487,0.0033626,0.0028339,0.0047974,0.0049668,0.0025666,0.0063352,0.00741,0.001919,0.0049639,0.0053464,0.0075314,0.0077777,0.007756,0.0056951,0.0046329,0.0029696,0.0012981,0.0030411,0.0014897,0.00047986,0.0017895,0.00072328,0.002227,0.0018924,0.0016084,0.0012211,0.0029331,0.0015623,0.0023026,0.0040068,0.0026366,0.0022844,0.0037627,0.0093008,0.0072923,0.0089844,0.020293,0.033166,0.037173,0.099844,0.11938,0.053349,0.028345,0.024814,0.019593,0.006103,0.0062302,0.008957,0.0020132,0.0010412,0.0059092,0.0039141,0.0022444,0.0031541,0.0036423,0.0031027,0.0023575,0.00084585,0.0014654,0.00084916,0.002512,0.0042169,0.0039196,0.0047925,0.0064676,0.0069078,0.001839,0.0058084,0.0083935,0.00078198,0.00077469,0.0012799,0.00023876,0.0010764,0.0012481,0.00038545,0.00025318,0.00030236,0.00070675,0.0010277,0.00059682,0.00038469,0.00011507,0.00089985,0.00078533,0.00061581,0.00011774,0.0014945,0.002213,0.0022389,0.0019235,0.0006408,0.00018845,0.0013576,0.0022579,0.00309,0.0045224,0.0045174,0.0025327,0.0037054,0.0036364,0.0080942,0.012057,0.0097656,0.0043064,0.016355,0.019328,0.010584,0.0021338,0.0022003,0.0017901,0.00016667,0.00052003,0.00097629,0.0013873,0.001815,0.0010351,0.0013482,0.00086671,0.0013515,0.0014402,0.00069335,0.0003394,0.00082527,0.00091223,0.0012893,0.0013627,0.0012643,0.00058928,0.0011669,0.0027018,0.0035393,0.0031308,0.005955,0.0042855,0.0045979,0.0012321,0.0024272,0.00075094,0.0019602,0.002257,0.00039213,0.0003252,0.00065627,0.0014254,0.003771,0.0034023,0.0037335,0.0029061,0.0018404,0.0026351,0.0014398,0.00051032,0.0020251,0.0040599,0.00702,0.0079097,0.009101,0.009931,0.010999,0.0081947,0.0036073,0.0083877,0.019955,0.029491,0.02157,0.051568,0.051363,0.037057,0.012575,0.017872,0.015559,0.00721,0.0090944,0.010505,0.0063855,0.0067198,0.0064101,0.0034844,0.0043632,0.0029624,0.0066988,0.0066397,0.0013878,0.003567,0.0023037,0.0019017,0.0021267,0.00077044,0.0026878,0.0032523,0.0046865,0.0054364,0.0020304,0.0036624,0.0041877,0.0015,0.0070518,0.0053352,0.0024701,0.00037734,0.0013767,0.0012084,0.0021806,0.0035344,0.0034901,0.0027061,0.0038249,0.0023965,0.0012949,0.0022853,0.0033446,0.0021158,0.0026259,0.0028349,0.0034421,0.0047519,0.0051248,0.0047419,0.0040611,0.0087904,0.011507,0.011437,0.017567,0.023477,0.022673,0.011854,0.015563,0.023067,0.034854,0.029664,0.07327,0.062512,0.047507,0.027645,0.010181,0.021703,0.030455,0.029537,0.015425,0.0094257,0.012993,0.012115,0.0039618,0.0047073,0.006876,0.0056735,0.0019823,0.00050643,0.0029435,0.0035824,0.0028876,0.0025454,0.00060495,0.0034273,0.0040643,0.0010504,0.0030393,0.0063704,0.0046631,0.0030962,0.0072726,0.0060515,0.0055309
0.0019082,0.0033688,0.0027014,0.0010009,0.001542,0.0010312,0.0018011,0.0023607,0.0017412,0.00036783,0.0007571,0.0024601,0.0018486,0.00027929,0.00015917,0.00092626,0.0021036,0.0014446,0.0016215,0.0023136,0.00047671,0.0013988,0.00061335,0.00074704,0.00029487,0.00055231,0.0011043,0.0016994,0.00081881,0.0021181,0.0008504,0.0010689,0.00040943,0.0044969,0.0042146,0.008756,0.010756,0.0062925,0.0019525,0.0022516,0.0019735,0.0014043,0.0013682,0.00077409,0.001941,0.0021152,0.0013952,0.0011787,0.0021052,0.0029057,0.0021444,0.00085367,0.0020859,0.0011859,0.001708,0.00069733,0.0019569,0.0023573,0.0013699,0.00084913,0.0016461,0.0017236,0.0026135,0.0016535,0.0013265,0.0013212,0.0030924,0.0046061,0.0025706,0.0016996,0.0023233,0.0023824,0.0010593,0.0009927,0.0012031,0.0012705,0.001939,0.0013209,0.0030278,0.0028652,0.0022089,0.0004984,0.00095121,0.00050322,0.00384,0.0046254,0.001814,0.0029162,0.0021373,0.0027582,0.0039736,0.00079644,0.0044698,0.0056319,0.00078311,0.0027418,0.0011877,0.0024109,0.0087794,0.0099724,0.011969,0.017068,0.008129,0.00068856,0.0015741,0.0036019,0.0026316,0.0043005,0.0034564,0.00063129,0.0017363,0.001262,0.00070494,0.001153,0.0035839,0.0028897,0.0033419,0.0018183,0.0028682,0.0020578,0.00025594,0.00079369,0.0014467,0.0028932,0.001232,0.0015697,0.0016342,0.0036607,0.0017897,0.00051954,0.00085656,0.0010655,0.00076588,0.0014558,0.0020346,0.0027235,0.0031142,0.0010636,0.0011057,0.00093437,0.0010431,0.0013992,0.00043501,0.00078357,0.00071281,0.00055547,0.00075007,0.0011232,0.00014293,0.00045981,0.0018189,0.0029466,0.0018189,0.00079548,0.00099099,0.0024596,0.0023514,0.0036434,0.0077965,0.0037052,0.00053997,0.00093165,0.0026586,0.0069221,0.0085739,0.0096555,0.018247,0.014549,0.0024711,0.00061262,0.00059665,0.00012022,0.0010192,0.0012016,0.00082358,0.00071497,0.00038946,0.00064057,0.0015773,0.0007899,0.0006162,0.0011844,0.0016675,0.0015533,0.001083,0.0017001,0.0014578,0.0007276,0.0012253,0.0014581,0.0016062,0.0017916,0.0013521,0.0013167,0.00277,0.0015926,0.0016923,0.0013794,0.0010314,0.0016018,0.0017087,0.0013872,0.0017291,0.0018367,0.001559,0.0015326,0.0014173,0.0015816,0.0017169,0.0016933,0.0017408,0.002481,0.0019471,0.0010071,0.0014618,0.0013278,0.00148,0.0019987,0.0019442,0.0024212,0.0025938,0.0024375,0.0039373,0.0052803,0.0034537,0.0087736,0.008742,0.0061591,0.024353,0.043811,0.028916,0.0065825,0.018796,0.0082668,0.0041736,0.005393,0.0040117,0.0020998,0.0013972,0.00094793,0.0005198,0.000415,0.00014575,0.00062849,0.00076903,0.00068756,0.00061641,0.00048986,0.00049956,0.00085949,0.0009874,0.00054865,0.0010434,0.0018035,0.0020406,0.0015257,0.0016167,0.0018697,0.00088607,0.0013541,0.0028819,0.0031254,0.0027669,0.0024992,0.0022111,0.0010987,0.00049097,0.0017323,0.00223,0.0016646,0.0013136,0.00037991,0.0020629,0.0035342,0.0059044,0.0067837,0.0036314,0.0014943,0.0040037,0.0058348,0.0055192,0.0047033,0.0054771,0.0058785,0.0064073,0.010338,0.01258,0.039001,0.055637,0.012814,0.021219,0.016848,0.012064,0.004128,0.025564,0.034228,0.0061483,0.015771,0.0085078,0.0061822,0.002992,0.0033618,0.0037719,0.0037263,0.0033077,0.0033887,0.0020558,0.00055808,0.0014338,0.0017242,0.00087912,0.00094479,0.0012912,0.00086078,0.00090887,0.00070345,0.00066801,0.0015757,0.0011352,0.0024958,0.0036174,0.003653,0.0041707,0.0047357,0.0033653,0.00059322,0.00095496,0.001618,0.0016308,0.00023803,0.00078385,0.00071887,0.0017451,0.00067575,0.00094444,0.00045166,0.00055027,0.00091955,0.00051905,0.00018199,0.00036617,0.00092437,0.0012541,0.0010157,0.00092168,0.0002411,0.0009877,0.00072579,0.00025294,0.00080478,0.0014298,0.0027805,0.0063794,0.010623,0.0039395,0.0034238,0.0016178,0.0016238,0.0075538,0.0087779,0.003952,0.0034944,0.0021608,0.0038728,0.0030565,0.0019809,0.0028971,0.0036794,0.0026619,0.001918,0.001093,0.00066237,0.0018761,0.0022265,0.0013398,0.00080027,0.0012967,0.0017878,0.0021705,0.0016751,0.0015199,0.0014228,0.0019043,0.00056507,0.0021977,0.0031529,0.0030339,0.0020386,0.0019705,0.0020101,0.001919,0.0011428,0.00042084,0.00048121,0.0012429,0.0021015,0.0011964,0.00062108,0.00092636,0.00038433,0.00064026,0.0011851,0.0015902,0.0015728,0.00016916,0.0011987,0.0015583,0.0018695,0.0015764,0.0013784,0.00026624,0.0010322,0.0008209,0.00057412,0.00053266,0.0014808,0.0012304,0.0075202,0.012582,0.0053831,0.0018647,0.0041181,0.0025853,0.016445,0.029444,0.021778,0.014295,0.0015085,0.001778,0.00011795,0.0012112,0.0016633,0.00063833,0.0014919,0.0017955,0.00044492,0.00074695,0.00070534,0.00060406,0.0012539,0.00093926,0.0010981,0.0015826,0.0012315,0.0010126,0.0013339,0.00058024,0.00062313,0.0017062,0.0012123,0.00010074,0.00035197,0.00014285,0.00082265,0.00032969,0.0058328,0.0063379,0.0029999,0.0012738,0.0056637,0.0083186,0.004741,0.0027932,0.0013921,0.0027009,0.0022178,0.0020925,0.0027673,0.00086527,0.0010678,0.0074429,0.010741,0.0035189,0.0046787,0.0025377,0.0055771,0.0018701,0.0087386,0.005242,0.0048048,0.006928,0.0023142,0.010378,0.0084726,0.0092194,0.0060835,0.011583,0.013367,0.059586,0.15332,0.1294,0.051704,0.018691,0.0076062,0.012978,0.0033908,0.005574,0.0045829,0.0013523,0.0055151,0.0096003,0.0032641,0.0076893,0.010795,0.0065087,0.00169,0.0013073,0.00098835,0.0047727,0.0047367,0.0012352,0.0036247,0.0061264,0.0058889,0.0031338,0.0063724,0.0029257,0.0040269,0.00094097,0.001429,0.0079213,0.0049529,0.0038583,0.0035482,0.0010051,0.0024391,0.0031471,0.00040356,0.0015952,0.0013118,0.0013789,0.00092806,0.0028695,0.0023129,0.0015971,0.001377,0.0036158,0.0027022,0.0017131,0.0021853,0.0027723,0.0019691,0.0038367,0.0041812,0.0021698,0.0037583,0.0032423,0.0034129,0.0063122,0.0046637,0.0093736,0.0045956,0.021139,0.051539,0.14071,0.13266,0.021853,0.013292,0.0031747,0.0060466,0.0012677,0.0043088,0.001102,0.0048807,0.0018469,0.0029999,0.0011628,0.0030928,0.0029663,0.0017438,0.0028037,0.0020513,0.0011246,0.0015368,0.0013563,0.0020795,0.0038214,0.0011143,0.0023942,0.001075,0.0028597,0.00024794,0.002869,0.0040436,0.0036175,0.0059864,0.0052984,0.0032387,0.0018899,0.0028894,0.0030047,0.0025944,0.00059224,0.0037326,0.0038089,0.0026836,0.00089422,0.0012425,0.001756,0.0019616,0.0031101,0.0044774,0.003094,0.0022148,0.0026153,0.0019335,0.0017089,0.0024369,0.0017651,0.0016332,0.0015257,0.0009272,0.0011609,0.0028671,0.0038587,0.0033031,0.0032808,0.0073024,0.0091285,0.012132,0.0078776,0.004099,0.0065695,0.0088305,0.0014011,0.0036532,0.0044159,0.00086064,0.0026683,0.0020256,0.0010579,0.0015926,0.0017592,0.0014657,0.0010246,0.0016488,0.00076149,0.00037506,0.0014033,0.0014123,0.00044838,0.00075895,0.00091649,0.0016823,0.001322,0.0012838,0.0026862,0.003602,0.0025704,0.0027427,0.00053325,0.001326,0.0017064,0.0029215,0.0021468,0.0023518,0.0033103,0.003674,0.0040173,0.0032975,0.0021503,0.00063931,0.0022373,0.0022625,0.0029643,0.0047939,0.0030842,0.00099016,0.001957,0.00079924,0.0024822,0.0027148,0.0032881,0.0017949,0.00083513,0.0015062,0.0019796,0.0021381,0.0043191,0.0026312,0.0050002,0.0065203,0.004428,0.0031486,0.0024119,0.0085749,0.0030677,0.002163,0.0038764,0.001002,0.0020603,0.0033488,0.0023299,0.00079486,0.0013362,0.0022469,0.0006367,0.0014753,0.0029093,0.0016834,0.00090826,0.0022698,0.0042923,0.0038602,0.0024931,0.0029906,0.0030527,0.0013199,0.0016347,0.00095347,0.0010163,0.00096914,0.0029396,0.0023298,0.0012883,0.00057407,0.00058262,0.0038831,0.0062036,0.0036249,0.001456,0.0017572,0.001877,0.0002973,0.0028722,0.0029458,0.0020855,0.0022697,0.0019663,0.00314,0.0035199,0.0021616,0.0038646,0.0052987,0.0054349,0.0031563,0.0033992,0.0033088,0.004827,0.0052139,0.004844,0.0025976,0.015563,0.027582,0.0099516,0.0050994,0.014155,0.013092,0.032662,0.049477,0.11194,0.072995,0.041298,0.017959,0.022061,0.018589,0.014288,0.015016,0.014438,0.0024043,0.0055089,0.0048284,0.0067556,0.0033458,0.0021901,0.0035385,0.0065242,0.0064178,0.0031455,0.0022559,0.0038171,0.003946,0.0055994,0.0037725,0.0031752,0.0090091,0.0084557,0.001196,0.002078,0.00046359
0.0013332,0.00076397,0.001264,0.0013918,0.0017705,0.00075509,0.0022614,0.0022469,0.0022779,0.0034474,0.0016192,0.0009571,0.0017347,0.0023584,0.0018623,0.0022084,0.0022364,0.001255,0.00095896,0.00079756,0.001365,0.0028443,0.0028505,0.00094041,0.00055815,0.00083643,0.0014091,0.0016689,0.00060764,0.0023469,0.0017472,0.0021759,0.0042837,0.0011193,0.0081444,0.011084,0.0042237,0.0029404,0.0024492,0.0034234,0.0026517,0.00081923,0.00099626,0.00064276,0.00046158,0.0010331,0.00075689,0.0030816,0.0044962,0.0037332,0.0023642,0.0020713,0.003145,0.0026129,0.00039764,0.0022345,0.0026803,0.0029255,0.0026595,0.0014932,0.0013668,0.0025582,0.0028886,0.0021271,0.0021996,0.0038257,0.0050629,0.004017,0.0031682,0.0025534,0.00068036,0.00071047,0.001259,0.0020562,0.0011135,0.0022119,0.0028975,0.0024885,0.0018574,0.002052,0.0025518,0.0025462,0.00028939,0.00048538,0.0011556,0.0020196,0.00077105,0.00047258,0.0015988,0.0020089,0.0020718,0.0025353,0.0024463,0.0049105,0.0050898,0.0037214,0.011572,0.011207,0.017719,0.026282,0.021373,0.0034025,0.0013603,0.0033078,0.00096406,0.0012825,0.0024438,0.0013318,0.00095151,0.0011812,0.0022757,0.0027481,0.0026889,0.0027824,0.0019683,0.0012377,0.00048793,0.0021691,0.0036387,0.0021149,0.0003801,0.0014225,0.001898,0.0018966,0.002697,0.0029468,0.002404,0.0010448,0.0022968,0.0032572,0.0030576,0.0019696,0.0011286,0.0015484,0.0015875,0.0014057,0.00078234,0.00062219,0.0014499,0.001959,0.0018861,0.0017366,0.00079284,0.00092089,0.00076277,0.0020348,0.0016487,0.001277,0.0014775,0.0011902,0.00023586,0.00075111,0.00013358,0.00016355,0.0012476,0.00080536,0.00093996,0.00076529,0.00071357,0.0010551,0.0031673,0.0083671,0.0068088,0.010482,0.020029,0.0187,0.0041117,0.0015084,0.00070444,0.00016043,0.0013707,0.00046686,0.0021227,0.00056143,0.001207,0.00075202,0.0016617,0.0011783,0.0013738,0.0010506,0.0017055,0.0023731,0.0018761,0.00049458,0.00049089,0.00078485,0.00055497,0.0003375,0.0013697,0.0019187,0.0022681,0.0008626,0.0011983,0.0022018,0.0027905,0.0002387,0.0002704,0.0006649,0.00097409,0.00075991,0.00017362,0.00086067,0.00047518,0.00024001,0.00038974,0.00039884,0.0010791,0.000865,0.00059916,0.00029061,0.00098954,0.0009252,0.00064282,0.0008224,0.00038942,0.0006544,0.0008307,0.00099704,0.00074135,0.00071478,0.0011033,0.0016045,0.0025212,0.0026003,0.0005983,0.0047897,0.017606,0.027883,0.035473,0.045812,0.029023,0.013658,0.004736,0.0044881,0.0013114,0.00074579,0.0011734,0.00073472,0.001127,0.0010177,0.00015796,0.0010257,0.0018371,0.0015622,0.00060245,0.0014905,0.00058723,0.00090276,0.00066353,0.0012251,0.00040296,0.00027876,0.00073356,0.00022956,0.00058797,0.00059138,4.56e-05,0.00022744,0.0010951,0.0018472,0.0028518,0.0033102,0.0016952,0.0017356,0.0025883,0.0012109,0.003698,0.0045057,0.0017875,0.0011311,0.00098543,0.0024956,0.0027956,0.0014018,0.0025751,0.0012763,0.0011918,0.0030554,0.0023807,0.0016988,0.0014568,0.0012733,0.0011771,0.0045728,0.0010104,0.0046079,0.0043976,0.0048996,0.0026457,0.01383,0.022162,0.052114,0.049724,0.026911,0.0272,0.020257,0.0096092,0.0050993,0.0035269,0.002936,0.0021223,0.0023184,0.00086861,0.0020904,0.0037189,0.0021945,0.001855,0.0016461,0.0027389,0.0036051,0.0043687,0.0033392,0.00086263,0.0024749,0.00017618,0.0010068,0.0015445,0.001276,0.0011879,0.00028001,0.001505,0.0008297,0.002835,0.0024736,0.0015541,0.0015209,0.0019028,0.0010606,0.00063166,0.00077518,0.0013151,0.0011089,0.00035694,0.00071634,0.000679,0.00047539,0.00013446,0.00047845,0.00059056,0.00098358,0.00097557,0.00041454,0.00042185,0.00010902,0.00047037,0.00059798,0.00067608,0.0014964,0.0010083,0.0014592,0.0020866,0.00086986,0.0028649,0.0022307,0.0018886,0.0038208,0.01034,0.012125,0.0093967,0.010116,0.0097167,0.0081258,0.0056191,0.0037173,0.0028423,0.0035429,0.0032384,0.0020826,0.00097644,0.001141,0.00058515,0.00019811,0.00068238,0.00075993,0.00090325,0.0016034,0.00082758,0.00071258,0.00078917,0.00052428,0.0012191,0.0012464,0.0016515,0.00086219,0.0010232,0.0020275,0.0020929,0.0009098,0.00051653,0.00090732,0.001058,0.001318,0.0013289,0.0010134,0.0010585,0.00089819,0.00084966,0.0012686,0.00069273,0.0010141,0.0014959,0.0023789,0.0022255,0.00078698,0.0015085,0.0026637,0.0020479,0.00064512,0.0011444,0.0026829,0.0021983,0.0022522,0.0032498,0.0024421,0.0015614,0.0023594,0.0029922,0.0042677,0.0037483,0.0085711,0.010335,0.012752,0.01621,0.01394,0.022496,0.027431,0.015332,0.0083924,0.0064631,0.005997,0.0052093,0.004351,0.0035081,0.0022268,0.0011948,0.0027582,0.0025314,0.0013027,0.0026135,0.0038359,0.0035927,0.0018663,0.00094413,0.001407,0.0008627,0.00056122,0.0010928,0.00096827,0.0012973,0.0016966,0.0016247,0.0010668,0.0019036,0.0015544,0.00032564,0.0036567,0.0038987,0.001821,0.0044375,0.007978,0.012765,0.012714,0.010982,0.0097348,0.0069915,0.006408,0.0054567,0.0075877,0.010602,0.0075476,0.0064313,0.0082104,0.0078714,0.0021166,0.0022406,0.0032863,0.0034664,0.0053023,0.0070764,0.0048171,0.0018953,0.014543,0.025764,0.014728,0.011911,0.035837,0.10404,0.11841,0.096328,0.11179,0.099872,0.067329,0.038687,0.025487,0.016681,0.01174,0.011341,0.010303,0.011115,0.0085447,0.00796,0.009214,0.0062492,0.0063444,0.0051722,0.009005,0.0081345,0.0059843,0.0094804,0.0093018,0.0089157,0.011387,0.012196,0.011198,0.010926,0.012404,0.0071774,0.0043317,0.0048543,0.0057398,0.0049889,0.0028836,0.0048044,0.0067714,0.0067689,0.003423,0.0023373,0.0030139,0.0046241,0.0043192,0.0019944,0.001288,0.003477,0.0051553,0.002605,0.003244,0.0044039,0.0032804,0.0041357,0.0038726,0.0051089,0.0077497,0.0060587,0.0070036,0.008718,0.0064012,0.010041,0.01282,0.0052392,0.011888,0.02787,0.070282,0.088995,0.085818,0.099408,0.05729,0.046981,0.025652,0.014728,0.015017,0.013338,0.0099212,0.0085114,0.0098039,0.0053336,0.0032859,0.007835,0.0069625,0.0061041,0.0041881,0.0050989,0.0052211,0.0017891,0.0022913,0.0049333,0.0071163,0.0051186,0.0029823,0.0031725,0.0017285,0.0024862,0.0018845,0.0044445,0.0067516,0.0026156,0.0015281,0.00079151,0.00032774,0.001126,0.0017763,0.0015097,0.00076277,0.0010193,0.0017142,0.0010016,0.0014784,0.001956,0.0006777,0.0012658,0.00075013,0.00088767,0.0016332,0.00046245,0.0010141,0.0015424,0.0013748,0.0014633,0.0018253,0.00060834,0.00028439,0.00045134,0.0011884,0.0018735,0.0028223,0.0018653,0.0038034,0.0099103,0.018255,0.018706,0.010593,0.0088882,6.9998e-05,0.0083627,0.0043429,0.0019823,0.0027573,0.0027098,0.0033601,0.00038142,0.0024154,0.0019469,0.00047809,0.00035956,0.0021236,0.0020108,0.0007607,0.0017292,0.00074298,0.0013645,0.00031509,0.0012787,0.00057485,0.0007514,0.0010947,0.0015263,0.00040914,0.0021479,0.00149,0.00077475,0.0012588,0.00075027,0.0019589,0.0027329,0.0028333,0.0029388,0.0026798,0.00058019,0.0013603,0.0010873,0.0016849,0.0015123,0.0019569,0.0023279,0.001185,0.00048097,0.0026181,0.0021669,0.0018248,0.0030658,0.0019008,0.0023384,0.0010171,0.0022238,0.0027263,0.00070565,0.0022184,0.001301,0.00057479,0.0055626,0.0079161,0.0024828,0.0041988,0.0086785,0.015583,0.0176,0.011748,0.0064851,0.0081552,0.0077131,0.0034816,0.0012521,0.0033118,0.0014111,0.0022549,0.0017757,0.00068597,0.0018664,0.0031284,0.00092743,0.0015766,0.0020706,0.0017332,0.0021658,0.0012826,0.001986,0.0028753,0.0043091,0.0037953,0.0011788,0.0014056,0.0018949,0.0042298,0.0024263,0.0037602,0.0025961,0.0022099,0.0015109,0.0029578,0.0020994,0.00030498,0.0023397,0.0028679,0.00082113,0.00088411,0.0017539,0.00099369,0.00083838,0.0010112,0.0019742,0.003113,0.0021653,0.0025561,0.002886,0.0022659,0.002545,0.0024875,0.0022529,0.0034578,0.0034239,0.0054714,0.0054499,0.0062324,0.0052797,0.0070935,0.0074078,0.0057328,0.018603,0.039003,0.060522,0.097024,0.065176,0.039377,0.0045837,0.020126,0.015074,0.011346,0.0068845,0.011137,0.0056069,0.0042413,0.0028185,0.0042587,0.003779,0.0034978,0.0043565,0.0042349,0.0041406,0.0020695,0.0032931,0.0018977,0.0020732,0.0038733,0.0040557,0.001345,0.0016737,0.0019259,0.0037053,0.0024164,0.0014251,0.0023226
0.0030956,0.0015448,0.0012708,0.0018888,0.0016875,0.00076524,0.00034425,0.0013583,0.0035006,0.0036297,0.001646,0.0021091,0.00060751,0.0020537,0.0027918,0.0015347,0.00097063,0.001341,0.00062573,0.0010863,0.0020237,0.0010757,0.0011173,0.0017358,0.0026987,0.0019328,0.0028495,0.0029197,0.0017786,0.0047699,0.0090156,0.0059466,0.00274,0.0094302,0.015679,0.013336,0.0081224,0.0072546,0.0049097,0.00070616,0.0013115,0.0037682,0.002888,0.00094526,0.0008456,0.0022454,0.003065,0.0022835,0.0022588,0.0027896,0.0026072,0.0014666,0.0017208,0.0020494,0.0013559,0.0012678,0.001851,0.0023486,0.0034114,0.0027396,0.0013432,0.0010036,0.00077403,0.0013375,0.0015773,0.0030867,0.0033287,0.0032876,0.0046422,0.0020983,0.0019487,0.0056221,0.0017666,0.0024081,0.00093947,0.003119,0.0032372,0.00095266,0.00092689,0.0029324,0.0055359,0.0045884,0.0013939,0.0029018,0.0011965,0.0036686,0.0062697,0.0037145,0.004353,0.0027197,0.0029189,0.0036757,0.0020999,0.0045809,0.014044,0.025418,0.012097,0.0086099,0.0032351,0.0053306,0.0014549,0.013899,0.016559,0.0020195,0.0027788,0.0045639,0.00384,0.0035327,0.0045231,0.0023639,0.00052465,0.0010497,0.0021183,0.0026695,0.0022356,0.0022163,0.0033262,0.0036102,0.0048667,0.0042345,0.0028079,0.00081885,0.0013819,0.0025696,0.0041726,0.0039254,0.0026106,0.0034144,0.0023722,0.0031028,0.0016923,0.0023723,0.0019634,6.0157e-05,0.00086273,0.0004872,0.0026783,0.0032306,0.0026172,0.00090983,0.0011095,0.00030647,0.00097848,0.00070394,0.0025572,0.001864,0.0015027,0.0014421,0.00054422,0.0010846,0.0011504,0.0012628,0.0010318,0.00077793,0.00097212,0.0015416,0.0031516,0.0014505,0.0060299,0.015198,0.02194,0.011081,0.0014582,0.0066601,0.010079,0.0084999,0.01871,0.018182,0.0025242,0.0029335,0.00069506,0.0015378,0.0018076,0.0014115,0.0010972,0.0010722,0.00056423,0.00070639,0.0016289,0.0017165,0.00061213,0.0006916,0.0020982,0.0025295,0.0010521,0.00070582,0.0011532,0.00076544,0.002001,0.0025622,0.00081665,0.0024977,0.0032784,0.0010769,0.0013871,0.0011221,0.00039689,0.00089369,0.0012549,0.0017276,0.0011111,0.0011818,0.0011374,0.00077086,0.00054627,0.0010013,0.0013186,0.0004908,0.001387,0.0018379,0.00046971,0.00077883,0.0010458,0.00080234,0.0014581,0.0023172,0.0020406,0.0025608,0.0030533,0.0040521,0.0049136,0.0054571,0.006883,0.012143,0.022972,0.028199,0.01287,0.017746,0.0032293,0.0043766,0.0027623,0.013667,0.011535,0.0035792,0.0027841,0.002874,0.0023493,0.0022531,0.0020709,0.001667,0.0015661,0.0014057,0.0016597,0.0017906,0.0017423,0.0018927,0.0018862,0.00062506,0.00030297,0.0015551,0.0016372,0.0010121,0.0019824,0.0022052,0.0011919,0.00046669,0.001487,0.0019454,0.0003449,0.0031636,0.001835,0.002191,0.001346,0.0039661,0.0044615,0.0036483,0.0033159,0.00081129,0.0034144,0.0041311,0.003339,0.0014804,0.0037052,0.0045627,0.003477,0.0030841,0.0056073,0.0049386,0.0053989,0.0040475,0.0024873,0.0062651,0.0077969,0.0062147,0.0055535,0.0099305,0.011463,0.014325,0.023773,0.04627,0.057743,0.035285,0.032805,0.023667,0.027301,0.01211,0.02936,0.017653,0.0052196,0.0087965,0.0068119,0.006321,0.006297,0.0072996,0.0065119,0.0048187,0.0031047,0.0023851,0.0034637,0.0014451,0.0028643,0.0033138,0.0036292,0.0033015,0.0018857,0.0037917,0.0037215,0.0025096,0.0024238,0.005061,0.0039169,0.0033207,0.0049096,0.003605,0.0038801,0.00045222,0.00037553,0.0017534,0.001364,0.0020249,0.001388,0.0021847,0.0014696,0.0021737,0.0015673,0.0018975,0.0011442,0.00041444,0.00044559,0.00048892,0.0011251,0.0016519,0.00067021,0.0009571,0.00097863,0.0013859,0.0016277,0.0017159,0.0015219,0.0024671,0.0031533,0.0013363,0.0056114,0.0090583,0.01428,0.018064,0.01379,0.022048,0.015176,0.0028854,0.0036973,0.0066118,0.003087,0.0023531,0.0021972,0.0025031,0.0011459,0.0011028,0.0017686,0.0015094,0.0010062,0.0012457,0.00066095,0.00018832,0.00072307,0.00086569,0.00070692,0.00085015,0.0012042,0.00039309,0.00095576,0.0010004,0.0011049,0.0015013,0.0007361,0.00079788,0.00090225,0.00020889,0.000808,0.0011874,0.0016703,0.00097434,0.00043639,0.00096814,0.00053944,0.00068116,0.0010154,0.0010339,0.00024371,0.00083078,0.00095312,0.0013423,0.0010843,0.00087534,0.0011942,0.0019056,0.0013855,0.00065342,0.0012758,0.00097822,0.00088343,0.0010733,0.0012292,0.0022494,0.002672,0.001599,0.0045309,0.0068436,0.012516,0.022255,0.026263,0.01677,0.016868,0.025403,0.015278,0.0069565,0.0065867,0.002342,0.003245,0.0018812,0.00027793,0.0017776,0.0021178,0.00098969,0.00081179,0.0021613,0.0031535,0.0030945,0.0022247,5.5418e-05,0.001418,4.0513e-05,0.00088409,0.00036723,0.0010859,0.00098212,0.00043505,0.0013247,0.0013044,0.0001908,0.00018101,0.0014287,0.0018765,0.0014085,0.0010562,0.0056325,0.0056555,0.0021935,0.0057449,0.0051947,0.0036718,0.00065884,0.0023388,0.0013343,0.0041872,0.0063694,0.0034709,0.0034545,0.0039331,0.0050113,0.007394,0.0065504,0.0083593,0.0078397,0.0094876,0.0082597,0.0053651,0.012015,0.011703,0.007469,0.017374,0.028297,0.037612,0.090046,0.1536,0.18222,0.11472,0.070401,0.057028,0.016012,0.01363,0.013569,0.0098728,0.010514,0.012093,0.0094996,0.0026279,0.0041683,0.0053559,0.008823,0.00946,0.0039335,0.0018237,0.00089812,0.0043245,0.0063846,0.0077278,0.0073437,0.0038287,0.0042385,0.0023797,0.0018531,0.0011509,0.0032502,0.0052227,0.0036823,0.0010921,0.0024651,0.0067129,0.0065131,0.0027351,0.0026414,0.0030618,0.002205,0.0023596,0.0027721,0.0020012,0.00086991,0.0030235,0.0027671,0.0037852,0.0068092,0.0053735,0.0042822,0.0028155,0.0034871,0.0023151,0.002681,0.0033198,0.004624,0.0035961,0.0039399,0.0057187,0.0082679,0.0066139,0.011601,0.022732,0.030791,0.063163,0.093219,0.11256,0.07514,0.044226,0.005524,0.039749,0.034512,0.014029,0.018874,0.013284,0.009719,0.0094069,0.0037174,0.0069281,0.007953,0.005304,0.0036094,0.0076105,0.0168,0.015687,0.00373,0.0060521,0.0048391,0.0059115,0.0013198,0.003916,0.0047457,0.0055386,0.0042596,0.0024435,0.0048171,0.0048113,0.0027315,0.0026285,0.003353,0.0023369,0.0017073,0.00048878,0.00087543,0.0011278,0.001456,0.00095296,0.001273,0.0001655,0.001217,0.00070993,0.0023057,0.0024568,0.00075388,0.00164,0.0012458,0.0012541,0.00050708,0.00026802,0.0009234,0.0012695,0.0014011,0.0017465,0.00056259,0.0016027,0.0028864,0.0014802,0.0017058,0.002528,0.0049128,0.015461,0.026738,0.016547,0.0039403,0.0042575,0.0056567,0.0079767,0.011014,0.013684,0.0089615,0.0051828,0.0020114,0.0027067,0.0020962,0.0016256,0.0024072,0.0013474,0.001024,0.0011898,0.00096202,0.0016186,0.0015856,0.00057904,0.0012851,0.001129,0.0014743,0.0012828,0.0026081,0.0023057,0.0012483,0.00092139,0.0033636,0.0025099,0.00091177,0.0030507,0.0043977,0.0017326,0.0033168,0.0036321,0.0029028,0.0017586,0.0020515,0.0011969,0.00028946,0.0018671,0.0022282,0.0020701,0.00082193,0.0023255,0.002629,0.00082021,0.00046387,0.0010574,0.00065375,0.0020099,0.0015681,0.00086876,0.0022404,0.0010947,0.0013205,0.0020529,0.0008416,0.0025571,0.0040841,0.0041407,0.0078523,0.012143,0.01009,0.0043412,0.011007,0.017878,0.015741,0.0064772,0.0014932,0.005914,0.0038049,0.0028524,0.003821,0.0035719,0.0027331,0.0038433,0.0022339,0.0024659,0.0012166,0.0018085,0.0037937,0.0033943,0.0015739,0.0017571,0.0031206,0.00086117,0.0032128,0.0012043,0.0014268,0.0023844,0.0019863,0.0023568,0.0012351,0.0014626,0.0020884,0.0020444,0.0024668,0.0014776,0.0025595,0.0028185,0.0029055,0.0024488,0.00065996,0.0014542,0.0021744,0.001889,0.0028588,0.0032581,0.0025874,0.0039288,0.0041256,0.0035746,0.0054927,0.0041934,0.002314,0.0045608,0.0066745,0.0044838,0.003511,0.0058387,0.0074943,0.0063774,0.0097346,0.014427,0.016718,0.018078,0.025495,0.0061218,0.017045,0.047215,0.099092,0.067451,0.001596,0.025742,0.02287,0.022593,0.01535,0.013531,0.011249,0.013447,0.012512,0.010912,0.0083481,0.0060613,0.0076396,0.012584,0.00874,0.0070842,0.0082381,0.0086653,0.0062596,0.0022557,0.0033433,0.0061359,0.007153,0.0031402,0.0064552,0.0065769,0.0042842,0.0025908,0.0059246
0.00092792,0.00059657,0.0010577,0.0024369,0.0026791,0.0023051,0.0020054,0.0014434,0.0019661,0.0017607,0.0012929,0.0021841,0.00092802,0.0010546,0.0014933,0.00075458,0.0010887,0.0022935,0.0012582,0.0010438,0.0013351,0.0023627,0.002179,0.0028902,0.002124,0.0016073,0.001704,0.0020181,0.0031039,0.0060871,0.0092988,0.0069232,0.0041413,0.0090729,0.0087232,0.0027848,0.0014024,0.0036464,0.0088404,0.0044611,0.0020028,0.0017789,0.003334,0.0018394,0.0012281,0.00027042,0.0016967,0.0024355,0.0041336,0.0034084,0.0015582,0.0014789,0.0011735,0.00082856,0.00091911,0.0018891,0.00047382,0.0016256,0.0012765,0.0015758,0.00070487,0.0011066,0.0022432,0.0013622,0.0012095,0.00087068,0.00089675,0.00088675,0.0013431,0.0011187,0.00044101,0.00064332,0.00087165,0.00056925,0.0013282,0.0016311,0.0005692,0.0018799,0.0026285,0.00080785,0.0017014,0.0030723,0.0021481,0.0015828,0.0023687,0.0019711,0.0029049,0.0044076,0.0046462,0.0042383,0.0024489,0.0011721,0.0035101,0.0073203,0.030989,0.063413,0.060183,0.014851,0.013941,0.0044233,0.0013048,0.011026,0.034002,0.051059,0.025396,0.020128,0.012532,0.0020159,0.0021431,0.00039736,0.0044233,0.0051464,0.0027474,0.0021009,0.002345,0.0012607,0.0002232,0.00053474,0.00027653,0.0010305,0.00088595,0.0011895,0.001709,0.0023713,0.0020814,0.0014977,0.00098589,0.0007871,0.00025171,0.0015283,0.0022252,0.0017433,0.0016167,0.0025525,0.0032367,0.0015023,0.0010038,0.0020012,0.0018217,0.001307,0.0011131,0.0019129,0.0030668,0.0020176,0.001451,0.0018004,0.00049769,0.0014432,0.0027549,0.0013093,0.0014161,0.0010503,0.0012219,0.00039109,0.001418,0.0019265,0.0028267,0.0055063,0.0047437,0.011063,0.021766,0.019261,0.0027306,0.0094926,0.0072486,0.0016665,0.0058525,0.01342,0.017718,0.0082406,0.0048846,0.0037238,0.00067635,0.0011993,0.00076274,0.00044605,0.00012815,0.00076342,0.0011396,0.001143,0.0014362,0.0012041,0.00082713,0.00091513,0.0015585,0.0019919,0.00015643,0.0013621,0.0012111,0.0014878,0.0043498,0.003817,0.0035087,0.0073648,0.008106,0.00043559,0.0015069,0.0017265,0.00080848,0.00035025,0.00044802,0.00094017,0.0010004,0.00056881,0.00092461,0.0007934,0.00080961,0.0011913,0.0016173,0.001298,0.0009244,0.0013044,0.0015628,0.0020095,0.0028399,0.0031649,0.0032083,0.0032324,0.0033495,0.004311,0.0041692,0.0060377,0.0091156,0.012294,0.023878,0.033344,0.022097,0.019793,0.017366,0.0045404,0.0085532,0.007969,0.0067129,0.0067936,0.0017518,0.0078663,0.0042774,0.0016237,0.0026003,0.0021053,0.0023335,0.0016872,0.0016235,0.0016763,0.0013845,0.0014675,0.0017551,0.0014013,0.00089769,0.0016888,0.0021131,0.0017104,0.0016908,0.0014074,0.0018894,0.00367,0.0034702,0.0019879,0.000476,0.0010403,0.0016416,0.002679,0.0024962,0.0020889,0.0020248,0.0027525,0.0037374,0.0041374,0.0030384,0.00080983,0.00078262,0.0028455,0.0035015,0.0019008,0.0027648,0.0041151,0.0014415,0.0007855,0.0027634,0.0025664,0.0035949,0.002903,0.0031314,0.0049741,0.0057524,0.0070114,0.0058807,0.010285,0.011112,0.028703,0.054686,0.030615,0.011686,0.036384,0.02703,0.019811,0.014242,0.010052,0.0085282,0.0038258,0.0038438,0.0041202,0.0038356,0.0033983,0.0020186,0.0022231,0.0034276,0.0039915,0.0031603,0.0023295,0.0026712,0.0020019,0.0010898,0.0013896,0.0017379,0.0016557,0.0019402,0.0016806,0.0012321,0.0012159,0.001743,0.0018647,0.00087619,0.00097777,0.0013391,0.0014096,0.0011255,0.00028633,0.00039141,0.0015191,0.0019097,0.00096671,0.00021992,0.0007796,0.00036629,0.00082686,0.00059428,0.00030838,0.0007116,0.00080759,0.00079219,0.0013817,0.0016104,0.0012137,0.0016526,0.0020906,0.0018459,0.0026813,0.0034163,0.00316,0.0044801,0.0034643,0.0033209,0.0085506,0.011605,0.0058238,0.0075413,0.0089485,0.0039268,0.0043413,0.0029026,0.003682,0.0063205,0.00686,0.0038582,0.0011339,0.0021695,0.0024931,0.0020525,0.0014684,0.0025397,0.002003,0.00057423,0.0016579,0.0015632,0.0020823,0.0029135,0.002151,0.00131,0.00044825,0.0010446,0.001306,0.0012201,0.0012733,0.0011366,0.0027861,0.004064,0.0036904,0.0010528,0.00077267,0.0011003,0.0019406,0.0016556,0.00051182,0.00048522,0.00055391,0.00043479,0.00035877,0.0012606,0.00078458,2.4749e-05,0.0014129,0.0021125,0.0016262,0.00040737,0.00049634,0.0009895,0.001561,0.0017523,0.00090612,0.0001982,0.0013325,0.0013615,0.00045091,0.00090139,0.00082601,0.0029369,0.0022699,0.0059054,0.0087854,0.021105,0.025277,0.0075769,0.012673,0.01591,0.0025396,0.0057525,0.0035236,0.0036793,0.0033293,0.0014579,0.00048864,0.0010354,0.0013315,0.00072702,0.00096348,0.00099311,0.001173,0.0011248,0.0010892,0.001244,0.00078956,0.00084782,0.0019618,0.0015102,0.0010692,0.0024559,0.0011878,0.00049176,0.00073101,0.0002791,0.0003737,0.00021301,0.00017287,0.00026881,0.0054219,0.0057828,0.0036781,0.0019378,0.00306,0.005868,0.0037775,0.0033203,0.0013121,0.0035306,0.0051394,0.0031485,0.0037943,0.0046596,0.007657,0.0045892,0.0077046,0.0045452,0.0044285,0.0070526,0.0069975,0.004074,0.0098733,0.013468,0.010412,0.013055,0.011393,0.026381,0.054437,0.11046,0.20048,0.18954,0.030807,0.045181,0.033244,0.015827,0.014006,0.0039851,0.02057,0.012386,0.0045225,0.0035739,0.0077666,0.0045332,0.0025979,0.0051233,0.0064849,0.0080855,0.0063288,0.0042358,0.0027135,0.0051956,0.0040965,0.0030306,0.0063767,0.003402,0.0012841,0.0020937,0.0026215,0.00049425,0.0026542,0.0015243,0.0026919,0.0024153,0.0010884,0.0024704,0.0028569,0.0017036,0.0022318,0.001647,0.0047902,0.0032565,0.0084759,0.0046894,0.0076754,0.010236,0.0043722,0.0015663,0.00063966,0.0049438,0.0020739,0.0041546,0.0054949,0.0034972,0.0039828,0.0040508,0.0070239,0.0060907,0.0051017,0.0064264,0.0060033,0.0056144,0.0080911,0.033898,0.072337,0.12233,0.10409,0.029285,0.064251,0.014406,0.0082854,0.0056279,0.012992,0.014304,0.0028633,0.0038808,0.0041817,0.0017539,0.0021429,0.003626,0.0016687,0.0010085,0.006201,0.0048795,0.0063578,0.0092541,0.0049402,0.0055215,0.0079898,0.0073745,0.0064868,0.0051346,0.0047036,0.0019367,0.0031829,0.0036403,0.0035349,0.0018994,0.0022065,0.00064659,0.00098525,0.0012252,0.0012291,0.0010586,0.00067916,0.0012684,0.0011694,0.00041891,0.0012653,0.00064962,0.00080923,0.0012988,0.0006534,0.00090251,0.0014797,0.0013306,0.00097185,0.00042903,0.0007943,0.00096529,0.0011856,0.0013927,0.0017976,0.0013959,0.001763,0.0024202,0.0025835,0.0039055,0.0021649,0.0042958,0.023356,0.027346,0.0039532,0.0086194,0.0046283,0.0043138,0.0021094,0.0038062,0.011844,0.010113,0.0038262,0.00466,0.00293,0.0026014,0.0030588,0.0025445,0.0017793,0.001521,0.0018199,0.0012056,0.0016477,0.0012378,0.0016027,0.0012877,0.00089374,0.0016185,0.0007147,0.0011187,0.0012158,0.0014624,0.0010104,0.0025215,0.0045136,0.0043695,0.00024544,0.0033276,0.001736,0.0033215,0.0035747,0.0041934,0.0022782,0.00084576,0.0021861,0.0025359,0.0013531,0.00029262,0.0010665,0.002317,0.0030074,0.0034641,0.0018533,0.0016593,0.00088947,0.0024014,0.0037192,0.0038808,0.0025449,0.00056726,0.0025431,0.0033111,0.00065977,0.0041763,0.0058356,0.0016881,0.0055768,0.014497,0.01151,0.013662,0.037361,0.033113,0.016508,0.0090348,0.0040644,0.0049302,0.0033319,0.00086241,0.005184,0.0075514,0.0045673,0.0017919,0.0050515,0.0060927,0.0044467,0.0017736,0.0011389,0.0026988,0.0052358,0.0049922,0.0039735,0.0036402,0.0018075,0.0022075,0.0019229,0.002109,0.0020496,0.0020694,0.0011232,0.0029931,0.0034173,0.001629,0.00075344,0.0017661,0.0030318,0.0022469,0.0017405,0.002195,0.00050413,0.001594,0.00031328,0.0017324,0.0022342,0.001099,0.00072243,0.0020741,0.002027,0.0016628,0.0012265,0.0022676,0.0019773,0.0026569,0.0012803,0.0027724,0.003811,0.0023237,0.0027041,0.00651,0.0060808,0.0048033,0.0028288,0.0034186,0.013352,0.025415,0.032778,0.085118,0.081774,0.030236,0.019838,0.013009,0.025916,0.0064057,0.011116,0.01068,0.0027982,0.0065911,0.0090054,0.0061404,0.0013487,0.0051287,0.0042245,0.00096132,0.0041497,0.00761,0.0042194,0.0012479,0.0035791,0.002618,0.0023339,0.0018371,0.0012137,0.0031158,0.0021878,0.0036343,0.005588,0.0041424,0.0023457
0.0019609,0.0027075,0.0022707,0.0026549,0.0028939,0.0018145,0.001328,0.00062162,0.0020436,0.00018986,0.0019827,0.0014152,0.0010131,0.0024936,0.0033989,0.0022542,0.0014699,0.0029889,0.0025745,0.0029671,0.0023723,0.003285,0.0016512,0.00021008,0.001099,0.00048336,0.0029978,0.00046004,0.0042414,0.0045705,0.0058852,0.0075468,0.005904,0.012659,0.0082232,0.0024259,0.0013013,0.0032269,0.0047171,0.0050368,0.0067345,0.0040806,0.0046009,0.0037869,0.0014508,0.0020882,0.0028519,0.0024346,0.003223,0.0036512,0.0032473,0.003027,0.0025903,0.0020252,0.0030375,0.0033018,0.0030653,0.0065725,0.00578,0.0052636,0.0035158,0.0017546,0.0022017,0.0029765,0.0047763,0.0010509,0.00047179,0.0013613,0.00091297,0.0014241,0.002615,0.0020393,0.0015087,0.00065253,0.0028148,0.0022907,0.00016997,0.0010598,0.00132,0.00081006,0.0022111,0.0028146,0.00091691,0.0022666,0.0026258,0.0060378,0.0077,0.0077747,0.004291,0.0016306,0.0025085,0.0013458,0.0053187,0.0079036,0.0058856,0.038154,0.057768,0.014253,0.0077201,0.0052405,0.0078133,0.0064671,0.0053862,0.019707,0.030149,0.043047,0.026591,0.014511,0.0032781,0.0052488,0.0046959,0.0037792,0.0042517,0.0018918,0.00076301,0.0012069,0.0020512,0.0027691,0.0029447,0.00055077,0.0022976,0.0018036,0.0011871,0.00089725,0.0023787,0.0019665,0.0047616,0.0037366,0.001469,0.0019658,0.0015525,0.0015916,0.0013908,0.0014522,0.001077,0.0012546,0.0024689,0.0019365,0.00074227,0.00096224,0.00066735,0.001532,0.00076234,0.00045408,0.00036352,0.00069655,0.0015275,0.0020138,0.001716,0.0019026,0.0012529,0.00070628,0.0015719,0.0030642,0.0032036,0.0012071,0.0024052,0.0035154,0.0055236,0.0035562,0.011145,0.018674,0.0017655,0.012655,0.0080514,0.0013373,0.0014493,0.00073454,0.0050803,0.0095833,0.01497,0.0096658,0.0050567,0.0014088,0.0012353,0.0016275,0.0006344,0.0010231,0.00077687,0.0016357,0.0014757,0.0012063,0.00074375,0.0014046,0.0017716,0.00072329,0.0039922,0.0059754,0.0067375,0.0066547,0.0079405,0.0048714,0.003302,0.0044029,0.0025591,0.0012227,0.001658,0.00083116,0.00090356,0.0022444,0.0018021,0.00050467,0.0018171,0.0012661,0.0010551,0.002088,0.00057081,0.00077846,0.00069888,0.00099926,0.00028122,0.00052921,0.00077517,0.0011084,0.00098139,0.00040493,0.0015772,0.00083902,0.00063908,0.00062306,0.00063391,0.0013818,0.0035032,0.0031221,0.0018506,0.026621,0.040559,0.021353,0.0042618,0.0074333,0.0024454,0.0013607,0.0028253,0.0037861,0.0054209,0.0062239,0.0068606,0.0037448,0.00094855,0.00046952,0.0015711,0.0026105,0.001635,0.00033142,0.00048231,0.00066048,0.00031976,0.0005761,0.00019894,0.00060396,0.00075566,0.0019766,0.00095594,0.00069045,0.0023804,0.0016512,0.00048075,0.0014891,0.0006995,0.0015082,0.0016566,0.0015533,0.00078188,0.0012815,0.0020043,0.0016495,0.0010692,0.0023485,0.0017699,0.0015416,0.0025744,0.0026518,0.002828,0.00119,0.0012765,0.0006921,0.00040355,0.0013337,0.0027044,0.0041525,0.0025951,0.0034348,0.002469,0.0021713,0.0042474,0.0044537,0.0047118,0.0084478,0.0099106,0.045732,0.069829,0.046454,0.014354,0.038241,0.042192,0.012823,0.0076183,0.0079235,0.0054044,0.00052972,0.0043196,0.0046901,0.0028931,0.0034259,0.0020684,0.00091122,0.00096494,0.00089339,0.0012814,0.00067979,0.0030166,0.0026092,0.0017402,0.0010601,0.0012779,0.0011474,0.00099573,0.0019936,0.0011193,0.0015181,0.00055815,0.00085184,0.0015973,0.0038705,0.0037799,0.00048295,0.00059704,0.00031692,0.00050879,0.00076492,0.00030423,0.00060105,0.00047751,0.0002782,0.0010495,0.0015445,0.0014296,0.0011929,0.0003462,0.00024739,0.00019332,0.00053117,0.0010716,0.0011495,0.00040857,0.00046489,0.00082419,0.00077259,0.00059659,0.0012231,0.0021471,0.0036242,0.0063234,0.0096958,0.0045973,0.022572,0.025829,0.007267,0.0089801,0.0087655,0.0027969,0.00073206,0.0038602,0.0012171,0.0020553,0.0016716,0.0015348,0.00095333,0.0011096,0.00091185,0.00015856,0.00043376,0.00087235,0.00089674,0.00046235,0.00060595,0.001492,0.0017495,0.0012117,0.0010391,0.00066653,0.0013335,0.0018253,0.00085809,0.0022664,0.0030216,0.0038183,0.0028454,0.0022106,0.0039674,0.00030632,0.00063757,0.00034308,0.00061464,0.00017328,0.00063465,0.0013758,0.0010225,0.00044184,0.00044889,0.00045339,0.00086553,0.00056115,0.0012448,0.00053357,0.00054669,0.00035853,0.00054129,0.00044221,0.00028686,0.00083727,0.0020705,0.0015762,0.0003859,0.0004955,0.00035885,0.00099506,0.0017696,0.0076064,0.023345,0.04223,0.031765,0.0077637,0.019257,0.0095043,0.0014272,0.0022364,0.0012287,0.0016241,0.002585,0.0033198,0.00078621,0.0011939,0.00048487,0.00099605,0.0015248,0.00093545,0.0021169,0.0015892,0.00060371,0.00088097,0.0019115,0.0017135,0.00058073,0.0019365,0.00090824,0.0015826,0.0024481,0.0020096,0.0015561,0.0011285,0.0013695,0.0010189,0.00052025,0.00076348,0.0017233,0.00062533,0.0017686,0.0040745,0.0054932,0.001409,0.002241,0.0033006,0.0042366,0.0023379,0.0024442,0.002735,0.0029358,0.0038943,0.00090936,0.0034017,0.0017563,0.0039588,0.0041605,0.0023379,0.0073168,0.0026178,0.010062,0.010464,0.0030135,0.008363,0.0057199,0.016684,0.036253,0.081318,0.22883,0.20724,0.024812,0.013257,0.0093431,0.0095805,0.0063771,0.0036449,0.0065874,0.0088648,0.0086002,0.0054828,0.0054465,0.0011961,0.0015503,0.0013337,0.00181,0.0025769,0.0025044,0.0014192,0.0015485,0.00027195,0.0015355,0.0026139,0.0009738,0.0025649,0.0031688,0.0040593,0.0053945,0.0046696,0.0015749,0.0022755,0.0012726,0.0038886,0.0042677,0.0011673,0.0010661,0.0014082,0.0010416,0.0030671,0.0012802,0.00091491,0.001548,0.0056782,0.010375,0.0068329,0.0040185,0.0013958,0.0014721,0.0013616,0.0015074,0.0025056,0.0019389,0.0025431,0.0020887,0.00013399,0.0040751,0.0043014,0.0037916,0.0051319,0.0065138,0.00559,0.014435,0.028251,0.051228,0.13068,0.12046,0.030845,0.046513,0.019833,0.0081859,0.00054916,0.0057013,0.0090654,0.0056979,0.0075731,0.0068016,0.00097015,0.0031019,0.0010092,0.0023597,0.0043328,0.0052115,0.0035944,0.0022169,0.0043351,0.0028539,0.0030671,0.0035088,0.0073346,0.0058889,0.0053071,0.0054919,0.002072,0.0045797,0.0023779,0.0042849,0.0024739,0.0038586,0.0026899,0.00020191,0.00077429,0.00076054,0.00081969,0.00099682,0.0010674,0.0014344,0.0017331,0.0011711,0.0019347,0.0017616,0.00032235,0.0011464,0.0007395,0.00030094,0.00058643,0.00088821,0.001309,0.0020138,0.0020264,0.001101,0.00063572,0.0012627,0.0016059,0.0018545,0.0041496,0.0040045,0.0034551,0.006579,0.010881,0.020871,0.019393,0.011689,0.017782,0.0039767,0.0078645,0.0086551,0.0045582,0.0047811,0.0081421,0.0095621,0.0079123,0.0085295,0.0039953,0.00059456,0.0020165,0.0023892,0.0018912,0.0011022,0.0018022,0.0017372,0.00060688,0.0024763,0.0019361,0.00084981,0.0024009,0.0022329,0.0015174,0.00098303,0.00075446,0.0013967,0.0012279,0.0011025,0.0024174,0.0018185,0.0031942,0.00094822,0.00068397,0.0011763,0.001694,0.0010285,0.0014375,0.00089464,0.00059073,0.0021669,0.00097253,0.0022072,0.0020033,0.0016688,0.0016075,0.0013897,0.0020566,0.0016134,0.0028941,0.0035438,0.0026914,0.002333,0.001963,0.002185,0.0045221,0.00345,0.0065511,0.012552,0.010203,0.0021227,0.0062341,0.006398,0.027528,0.048943,0.025099,0.015311,0.013612,0.0086571,0.009756,0.0090631,0.0029215,0.0020164,0.0036696,0.0042014,0.0031218,0.003129,0.003006,0.0036221,0.0057712,0.003151,0.0016973,0.001924,0.0011086,0.001129,0.00062216,0.001819,0.0025117,0.0040101,0.0012751,0.0024063,0.0023847,0.00022278,0.0024277,0.0023858,0.0015019,0.001386,0.0010292,0.0018859,0.0023376,0.0027077,0.0027753,0.002501,0.0020778,0.0016961,0.0026387,0.0031269,0.0028561,0.0029409,0.0018618,0.0027717,0.003901,0.0024094,0.0018939,0.0026216,0.0016728,0.0016514,0.0039608,0.0055375,0.0019857,0.0039535,0.0043438,0.0062607,0.012272,0.0092011,0.0082302,0.028031,0.040672,0.053829,0.079741,0.033468,0.048667,0.03551,0.0059618,0.022025,0.012606,0.0039993,0.011456,0.0053032,0.0040548,0.0053341,0.0040603,0.004956,0.0022864,0.0038332,0.006674,0.0041287,0.0055093,0.0055772,0.0029077,0.0045064,0.0050658,0.0021788,0.00078384,0.0014718,0.00042451,0.0015044,0.0041379,0.0078477,0.0091841,0.01005
0.0018082,0.0010354,0.0024957,0.0028387,0.0022172,0.0021487,0.0039919,0.0030011,0.0022897,0.0040394,0.0020947,0.0015216,0.0015705,0.0022598,0.00048052,0.0013219,0.0019209,0.0016022,0.0045918,0.0049641,0.0025512,0.0024208,0.0042867,0.0025507,0.0021952,0.0033648,0.0017801,0.0027911,0.0063964,0.0044255,0.0039091,0.0053932,0.0086468,0.0069927,0.0035444,0.0014484,0.0003838,0.0020864,0.0051067,0.0041678,0.0026257,0.0049428,0.0041792,0.0012049,0.0026417,0.0037017,0.0012303,0.0022076,0.0025404,0.0036013,0.0027644,0.0024348,0.0031177,0.0034562,0.0054939,0.0013206,0.0038203,0.0026684,0.001454,0.0027428,0.0061177,0.0052096,0.0026969,0.0027307,0.0031232,0.0010415,0.0010057,0.00061052,0.00010064,0.00090049,0.00045434,0.0011187,0.00080184,0.00022711,0.0011605,0.0028645,0.0032849,0.0026469,0.0015736,0.00060934,0.0023628,0.0035765,0.0038765,0.0043911,0.0062502,0.0097815,0.0097427,0.019349,0.032799,0.018716,0.0041312,0.0036642,0.0082494,0.024286,0.045918,0.047999,0.019224,0.018958,0.0069756,0.0054551,0.00030803,0.0023467,0.0020043,0.0039484,0.0047703,0.01804,0.043149,0.032918,0.003017,0.0083968,0.0043612,0.00071201,0.0014675,0.001715,0.00080158,0.00042154,0.0018152,0.0015912,0.0010971,0.0024892,0.00078226,0.0022933,0.0042599,0.003704,0.0013351,0.0003391,0.001321,0.0024609,0.0021654,0.00086777,0.0027,0.0012561,0.00056089,0.0010711,0.00014112,0.0010864,0.00015132,0.0011084,0.0011979,0.001487,0.0012822,0.0011341,0.00058328,0.00046856,0.0011636,0.0011548,5.643e-05,0.0011725,0.001493,0.00073796,0.00070984,0.0021435,0.0057957,0.010246,0.0069167,0.0033743,0.0036343,0.00054624,0.0092677,0.020981,0.021456,0.010462,0.0083157,0.0030266,0.0028094,0.001217,0.0017258,0.0019154,0.00089894,0.0028078,0.0078026,0.016353,0.012629,0.0015532,0.001324,0.00083488,0.00046796,0.00073611,0.00072225,0.00091694,0.0009153,0.00095331,0.00070169,0.0012225,0.0026719,0.001859,0.0049154,0.0046995,0.00045984,0.0018431,0.0021277,0.0013899,0.0015553,0.0018771,0.0023514,0.00048423,0.00054096,0.0007315,0.00092979,0.00056225,0.00045436,0.00031296,0.000485,0.00088815,0.00074534,0.0012198,0.0007291,0.0010108,0.0009439,0.0007128,0.00055825,0.00060814,0.00080331,0.00071097,0.00093487,0.0011503,0.0020647,0.0041953,0.010443,0.0087133,0.00014691,0.0017687,0.0029768,0.01096,0.026143,0.034583,0.020857,0.022889,0.014343,0.0059061,0.0031654,0.0010364,0.0013023,0.0005012,0.0012647,0.0027294,0.007713,0.0097793,0.0024381,0.0016545,0.0011778,0.00059393,0.00018178,0.00016012,0.00080555,0.00034406,0.00030708,0.0010264,0.00081155,0.00089491,0.0017846,0.0022437,0.0016964,0.0011189,0.00027661,0.00032256,0.00013565,0.0001805,0.00073023,0.0009882,0.00081666,0.00018685,0.00098989,0.0017494,0.0012331,0.00078728,0.0016183,0.0019541,0.0028583,0.0028113,0.0018694,0.00097756,0.0014596,0.001894,0.0017254,0.0010583,0.0040552,0.002583,0.0019592,0.0025593,0.0040328,0.0031363,0.019299,0.064208,0.057574,0.00050153,0.013476,0.0089045,0.01138,0.017606,0.023732,0.027085,0.039998,0.03433,0.0052262,0.0088828,0.0012677,0.00066993,0.0028897,0.0018547,0.002784,0.0013267,0.0019619,0.0011488,0.0015234,0.001956,0.0026325,0.001746,0.00078035,0.00044945,0.0016441,0.0016224,0.00098698,0.00098935,0.00084569,0.00047933,0.0011918,0.00061384,0.0018095,0.0021232,0.0010705,0.00093825,0.0012046,0.0015436,0.0014599,0.001691,0.0011986,0.00098956,0.00015375,0.0010442,0.0012477,0.0022065,0.0018448,0.00052729,0.00061616,0.00038329,0.00043591,0.00075419,0.00078525,0.00088868,0.0010749,0.001312,0.00052363,0.00019631,0.00047577,0.00061537,0.001297,0.0036594,0.010388,0.0080833,0.0014226,0.0014871,0.0028982,0.0097036,0.01842,0.02312,0.017758,0.015566,0.012713,0.0047185,0.0024467,0.0013818,0.0020768,0.0010443,0.00087357,0.0010699,0.0025561,0.0020853,0.00037388,0.00022283,0.0011111,0.0008748,0.0016785,0.00087795,0.00031659,0.0007305,0.00049641,0.00031516,0.00088332,0.0011771,0.0014336,0.0016104,0.0012223,0.0011169,0.0007199,0.0023293,0.0042605,0.0045709,0.0015893,0.002484,0.00084671,0.00018946,0.00080139,0.00031302,0.00076968,0.0012902,0.00084291,0.00054334,0.00046695,0.00045593,0.00025131,0.00060724,0.00064659,0.0013647,0.0017029,0.0011118,0.00044323,0.00044153,0.00052189,0.00090738,0.0010012,0.0026879,0.0082302,0.011814,0.0036749,0.0024349,0.0012166,0.0078725,0.019304,0.031351,0.029534,0.026677,0.028893,0.0021067,0.0056749,0.00064227,0.00056173,0.0014526,0.0027554,0.0015793,0.0024059,0.0050667,0.0037906,0.0022005,0.0020713,0.0022202,0.0014623,0.0014016,0.00061482,0.00092058,0.0011261,0.00092978,0.00036985,0.00052262,0.00069032,0.0009594,0.0010235,0.0017058,0.0014447,0.00044874,0.00084904,0.00092532,0.0014612,0.0011168,0.00072234,0.0012818,0.001482,0.0011737,0.00063497,0.00076954,0.0022696,0.0011048,0.0010482,0.0010287,0.0018188,0.0016681,0.0013234,0.001973,0.00015719,0.0027776,0.0021099,0.0020267,0.0022003,0.0047203,0.00811,0.010549,0.00527,0.016098,0.018688,0.013507,0.0079904,0.007329,0.046076,0.13021,0.21698,0.1879,0.1015,0.098185,0.035796,0.012229,0.0017778,0.0037531,0.0019312,0.0037884,0.0016024,0.0054751,0.0087725,0.002745,0.0019036,0.0055125,0.0040711,0.0014005,0.0015179,0.00049801,0.00089733,0.00083937,0.0021573,0.0030013,0.0024106,0.0022205,0.001434,0.0024456,0.0014624,0.0035378,0.0053313,0.0014104,0.0025794,0.0017102,0.0024416,0.0019714,0.00068695,0.00089638,0.0010965,0.0014443,0.0010747,0.0012377,0.00011071,0.0030094,0.0026118,0.0028,0.0026325,0.002784,0.0034362,0.0039755,0.0016746,0.0015143,0.0012043,0.00088752,0.0021014,0.0017107,0.0022758,0.0041327,0.0083171,0.0075794,0.0048971,0.0059885,0.0056761,0.024437,0.070985,0.12728,0.1164,0.034133,0.032707,0.035146,0.003408,0.0023319,0.0026965,0.0044921,0.0074422,0.0018852,0.003766,0.011392,0.0086721,0.0064172,0.010923,0.010336,0.0059581,0.0040367,0.0028251,0.0021135,0.0031872,0.00088693,0.0018173,0.0011042,0.0047995,0.0031001,0.0024113,0.0025929,0.0021676,0.0026603,0.0026433,0.002314,0.0024643,0.0061717,0.0042875,0.00064679,8.3606e-05,0.0012492,0.0011385,0.0005693,0.00040854,0.00063527,0.00044851,0.00065449,0.0013493,0.00099406,0.0013244,0.0013347,0.00067372,0.00060753,0.00083443,0.0004049,0.00072169,0.0014282,0.00092542,0.00056779,0.001086,0.0023042,0.0042494,0.00218,0.0023229,0.0023039,0.00094312,0.0049652,0.017045,0.027133,0.015338,0.0075066,0.0024217,0.0043779,0.0053028,0.0048366,0.00079418,0.0025134,0.0016116,0.0055963,0.012331,0.012537,0.0067218,0.001861,0.002973,0.001307,0.0010028,0.0018976,0.00067458,0.00097823,0.00025474,0.00043796,0.0015696,0.0020048,0.0024095,0.0013681,0.00065011,0.00045481,0.0014039,0.00069755,0.0013191,0.0014762,0.0009368,0.0006388,0.00065043,0.0023402,0.0013538,0.0026171,0.0018383,0.0014766,0.0022074,0.0016451,0.0018985,0.0010838,0.0014739,0.0017871,0.001411,0.00061552,0.00099664,0.0014219,0.0020616,0.0011785,0.0037737,0.0015542,0.0028613,0.0034854,0.0056483,0.010797,0.0077051,0.0028175,0.005537,0.0094547,0.012214,0.016174,0.03284,0.055908,0.0759,0.058992,0.017942,0.0055041,0.0038068,0.0043839,0.0058139,0.0031487,0.0033351,0.0049563,0.0028565,0.00088229,0.0029616,0.002127,0.0010579,0.0015852,0.0024585,0.0019778,0.0021511,0.0030422,0.0033528,0.0039769,0.0034465,0.0053751,0.0046972,0.00052663,0.0023408,0.00081286,0.0033788,0.00084795,0.0042637,0.0043785,0.0026807,0.0022289,0.00084651,0.0018938,0.0019981,0.0012851,0.00044185,0.00066344,0.0020184,0.0024315,0.00080691,0.0025198,0.001042,0.0018685,0.0024647,0.0012921,0.0012301,0.00070926,0.0014046,0.00070578,0.0019977,0.0043616,0.0052713,0.0068488,0.016409,0.012243,0.0085207,0.0027643,0.0045145,0.0066782,0.015757,0.012794,0.038119,0.0825,0.069403,0.032276,0.0089277,0.013062,0.020513,0.0021912,0.0057157,0.0086287,0.0035798,0.0066318,0.0049142,0.0068688,0.00068104,0.0024365,0.0034854,0.0032602,0.0023682,0.00054823,0.00071071,0.00069265,0.0022793,0.0024625,0.0016297,0.0023778,0.0019261,0.0032701,0.0029742,0.0007575,0.0049562,0.0067567,0.003089,0.0029523
0.002469,0.0014952,0.00087152,0.0014876,0.0005526,0.003071,0.0053145,0.0034818,0.0012849,0.00031045,0.00093955,0.0025469,0.0028404,0.0014407,0.0012227,0.0030334,0.0036359,0.001569,0.0012936,0.0035054,0.0034901,0.0021097,0.00043825,0.0025559,0.0051567,0.0049853,0.0022669,0.002718,0.0017345,0.00020421,0.0016148,0.0017935,0.0013559,0.00048602,0.0054446,0.0066271,0.00369,0.0030904,0.0072052,0.01034,0.0091737,0.0036286,0.0023499,0.0035714,0.0032964,0.0023118,0.00071329,0.0029579,0.0023284,0.00059531,0.00067227,0.00033393,0.00059472,0.0019187,0.0023155,0.0029701,0.0021418,0.0020154,0.0013135,0.0018036,0.0022177,0.0034111,0.0011916,0.00056419,0.0014138,0.0015085,0.0010405,0.0015686,0.0015238,0.00091295,0.0011033,0.00087309,0.0004725,0.0019183,0.0029814,0.0012772,0.0017246,0.0043339,0.004011,0.0023854,0.0027881,0.0041778,0.0042451,0.0013331,0.0030195,0.0060047,0.0066956,0.0033369,0.0028153,0.004676,0.01021,0.015736,0.007006,0.0020893,0.0040888,0.0058901,0.0072211,0.0033303,0.02106,0.039375,0.028222,0.010394,0.014692,0.013451,0.037899,0.037338,0.013258,0.0020284,0.0014162,0.002626,0.0015334,0.0027356,0.0034586,0.0019536,0.00074887,0.0010417,0.0011006,0.001456,0.00063049,0.0016772,0.0020873,0.0025964,0.0012627,0.0019178,0.0016814,0.00087457,0.0025018,0.0024364,0.0015619,0.00090963,0.0001218,0.0012841,0.0019638,0.0024619,0.0019274,0.0017664,0.0017361,0.00063607,0.00065669,0.0008204,0.00035343,0.0011669,0.0014052,0.0018628,0.0022576,0.00074378,0.0010331,0.0024037,0.0019534,0.0019015,0.0022195,0.00078067,0.0012321,4.8493e-05,0.00084173,0.0088393,0.011764,0.0049448,0.0011201,0.00040835,0.0010474,0.0010896,0.00042078,0.0043138,0.0092271,0.0079571,0.0037708,0.0036558,0.0061486,0.016727,0.01593,0.005762,0.0017225,0.0014137,0.00010951,0.0014901,0.0016118,0.00099976,0.00067599,0.0015621,0.00058825,0.0010612,0.00012678,0.00081934,0.0012288,0.0017548,0.0010301,0.0014273,0.0011718,0.0010947,0.0029977,0.0025314,0.002471,0.0025447,0.0019006,0.00095715,0.0013711,0.00074185,0.00072445,0.0013211,0.00072603,0.00082655,0.00096427,0.0011766,0.0010303,0.00065097,0.00077819,0.0017805,0.0011524,0.00073708,0.0012131,0.0014929,0.0014952,0.0014902,0.00050109,0.0027335,0.0037747,0.00031675,0.002082,0.003441,0.0067018,0.010316,0.0048915,0.002145,0.0024865,0.0035409,0.0044332,0.0061211,0.0063465,0.045329,0.040024,0.011547,0.004464,0.0026659,0.0035906,0.0060981,0.0086898,0.0030441,0.002515,0.0022976,0.0022221,0.0017916,0.0014133,0.0017128,0.0011936,0.0010635,0.0011524,0.0005248,0.00072661,0.0014356,0.00077637,0.0015695,0.0016239,0.00053122,0.0020907,0.0020693,0.0016161,0.0017535,0.0033797,0.0028878,0.00093779,0.0024173,0.0040281,0.0019813,0.0023455,0.0015564,0.00089139,0.0016278,0.00081898,0.0017984,0.0019805,0.0013461,0.0029038,0.0032854,0.0020284,0.0011333,0.0011225,0.00061052,0.0035158,0.0029935,0.0060615,0.0070166,0.003114,0.0093726,0.022118,0.042916,0.059286,0.040274,0.010924,0.0084718,0.011985,0.0079099,0.0039822,0.0045952,0.024934,0.032198,0.022314,0.0089045,0.002861,0.0069469,0.0036181,0.0029156,0.0023641,0.0026959,0.0015589,0.0032512,0.00078584,0.0015885,0.0012421,0.0018567,0.0016534,0.00085506,0.0013211,0.00045029,0.0012312,0.0019454,0.0016672,0.00058765,0.0013123,0.0012797,0.0011085,0.0013678,0.00044274,0.00044672,0.0018675,0.0023481,0.0023501,0.0014861,0.0011922,0.0010924,0.00062478,0.00074392,0.0010955,0.0011655,0.0017615,0.0018479,0.00095627,0.00046423,0.0012377,0.00086332,0.00093485,0.0011556,0.0001265,0.0010154,0.0012864,0.0009393,0.0017258,0.0010684,0.0028629,0.0036872,0.010684,0.01515,0.009934,0.0027508,0.0044703,0.004339,0.0016475,0.00072795,0.0051829,0.0072741,0.0061141,0.0038196,0.0020673,0.0024621,0.0031608,0.003361,0.0017583,0.00013649,0.0010716,0.00082418,0.00057779,0.0010779,0.00068948,0.0013874,0.0011618,0.00034813,0.00062477,0.0014411,0.00044761,0.00029793,0.00043873,0.001005,0.00059167,0.00036607,0.00084079,0.0011231,0.0016203,0.00069665,0.0007923,0.0016013,0.0015378,0.0009899,0.00057323,0.0010995,0.0007396,0.0012998,0.0009837,0.0013082,0.0016067,0.00099037,0.00089582,0.0012653,0.00055847,0.00089485,0.00099963,0.00055169,0.00055922,0.00016327,0.00087275,0.0010996,0.00070719,0.00070665,0.0015586,0.00075463,0.0030876,0.0092144,0.0081063,0.0027125,0.00049713,0.00026615,0.0015828,0.0045203,0.0071528,0.011867,0.027195,0.013463,0.0020322,0.001688,0.0020114,0.004099,0.0039816,0.001423,0.0011191,0.001848,0.00096407,0.0014396,0.0013673,0.00091883,0.00041945,0.00038032,0.0018684,0.0025876,0.0020585,0.0015769,0.0021372,0.001878,0.00045735,0.0012297,0.00049937,0.0012731,0.0013978,0.00082235,0.0011863,0.0018499,0.001031,0.0048264,0.0031899,0.0011355,0.00027966,0.0030256,0.0037617,0.0017951,0.0044263,0.0044075,0.0066781,0.010087,0.007765,0.0075768,0.0042637,0.00058181,0.0022803,0.0047739,0.0093453,0.0094314,0.0043381,0.0051675,0.0073725,0.0058452,0.001701,0.0056075,0.0065674,0.0068255,0.007685,0.0074914,0.0094186,0.017406,0.028469,0.023139,0.091419,0.17648,0.099671,0.022096,0.015606,0.0086867,0.0064376,0.0045238,0.0018696,0.00070439,0.0068599,0.0072251,0.0055673,0.0083406,0.0075153,0.0057336,0.0032686,0.0026487,0.0012712,0.0037443,0.0071909,0.0077133,0.004112,0.0042011,0.0050173,0.0038131,0.0015023,0.0028388,0.0047127,0.0030885,0.0029585,0.0028944,0.0077741,0.0051646,0.0015218,0.0041183,0.003531,0.002389,0.0019372,0.00035816,0.00092787,0.0011006,0.0019594,0.0015998,0.00077355,0.0016098,0.0013257,0.00030716,0.0018178,0.0011545,0.0015149,0.0020198,0.0025578,0.0031608,0.0010552,0.001184,0.0011345,0.0065622,0.0058024,0.0035691,0.0031172,0.002687,0.0072196,0.0088261,0.017647,0.081006,0.16034,0.098263,0.022375,0.013772,0.0087298,0.0079443,0.0044281,0.0056774,0.0042307,0.0034845,0.0035776,0.0029382,0.00081922,0.0024625,0.0013089,0.0012938,0.0003382,0.00087203,0.00088223,0.00071903,0.0007437,0.0018584,0.0022464,0.001421,0.0006803,0.00051245,0.0020517,0.0027243,0.004332,0.0032918,0.003626,0.00056125,0.00084018,0.00054887,4.7814e-05,0.00080779,0.0011342,0.00085489,0.0014066,0.0012513,0.0011849,0.00059597,0.00013077,0.00051655,0.00058713,0.00074966,0.00057009,0.0015646,0.0018897,0.00099055,0.00076574,0.0015129,0.0013273,0.0016183,0.001867,0.0010031,0.0031658,0.0036853,0.00068644,0.00039585,0.00096774,0.0031741,0.0045776,0.0065481,0.010875,0.011058,0.0070508,0.010878,0.0039713,0.0073531,0.017448,0.011204,0.0020725,0.0036927,0.0010489,0.00285,0.0026585,0.00091134,0.001363,0.0027929,0.0024103,0.0013522,0.0012663,0.0015955,0.0013629,0.00033915,0.00061812,0.0012988,0.00096735,0.00090163,0.0011172,0.0015343,0.0014741,0.00064653,0.00024871,0.0010717,0.0020099,0.0017289,0.00023199,0.0017442,0.00081356,0.0031854,0.0056734,0.0050611,0.0031208,0.0024201,0.0039602,0.003992,0.0036903,0.0036877,0.0018293,0.0037084,0.0052436,0.0039997,0.0018264,0.0024878,0.0024071,0.0016066,0.0011656,0.0027763,0.0042304,0.00056379,0.0024624,0.0026519,0.0018094,0.0017623,0.0010365,0.011605,0.0087923,0.0026453,0.014351,0.0081509,0.0064312,0.0060737,0.0067948,0.0060831,0.001255,0.002586,0.0040048,0.0044662,0.0029236,0.00055113,0.0018923,0.0041073,0.0017057,0.0015801,0.0017817,0.00072485,0.0021716,0.0019945,0.0028885,0.0021196,0.0011092,0.0011346,0.00033615,0.002686,0.0018643,0.0018525,0.0017876,0.00015901,0.0013147,0.0040438,0.0049523,0.0038831,0.0019406,0.0021188,0.0030504,0.0037544,0.004189,0.004045,0.0044393,0.0045106,0.0037722,0.0039327,0.0039106,0.0034756,0.0037184,0.003853,0.0034125,0.0047022,0.0060258,0.0068593,0.0063906,0.0069283,0.0074966,0.010872,0.029228,0.029974,0.01149,0.0078144,0.00943,0.013992,0.021828,0.031129,0.053317,0.11231,0.076985,0.051595,0.044028,0.016521,0.0089453,0.013691,0.01569,0.010492,0.0070282,0.010941,0.013232,0.0076697,0.0062895,0.0072758,0.0082998,0.009008,0.0073576,0.0064622,0.006505,0.0037865,0.0032993,0.0032164,0.0047407,0.004291,0.0031559,0.00095857,0.0021221,0.0062191,0.0098326,0.0089843
0.002308,0.0017828,0.00084986,0.0012122,0.00056785,0.0011765,0.0012717,0.0011894,0.00024905,0.00093728,0.00048799,0.00035766,0.00080374,0.0022064,0.0043472,0.0033989,0.0015444,0.0021678,0.0033623,0.0033816,0.0019616,0.0011662,0.0020957,0.0014821,0.0021167,0.00072608,0.0024452,0.0017411,0.0011892,0.0026613,0.0011687,0.0038413,0.011115,0.012296,0.0083742,0.010603,0.0084344,0.0079691,0.0048738,0.001159,0.0012678,0.0034375,0.0013967,0.0019319,0.0024715,0.0028418,0.00087821,0.002673,0.003907,0.0016838,0.00063553,0.00019586,0.0011311,0.0013594,0.004307,0.0034656,0.00092036,0.0024912,0.0018759,0.0012468,0.0039077,0.0042048,0.0020195,0.0010577,0.0022824,0.00069751,0.0042101,0.0026204,0.0011377,0.0011406,0.0018768,0.0011399,0.0027346,0.0024682,0.0048457,0.0052457,0.0020508,0.001445,0.00048942,0.0018124,0.0021311,0.0042068,0.0056272,0.0052672,0.0020767,0.0033148,0.0084576,0.0068967,9.1966e-05,0.0047173,0.0092113,0.009415,0.0036005,0.0049522,0.0064276,0.0045928,0.0074082,0.0067962,0.0035416,0.017744,0.037788,0.034799,0.038616,0.022235,0.013721,0.0060099,0.0041653,0.0048194,0.007383,0.0011003,0.0027843,0.0011551,0.0017504,0.0016778,0.0023594,0.0014802,0.0012502,0.0032931,0.003226,0.0011395,0.0032349,0.0021349,0.002612,0.0013467,0.0009545,0.0013374,0.0018923,0.00038876,0.0016078,0.0024315,0.00073686,0.0010655,0.0012577,0.001076,9.8308e-05,0.00023834,0.00040505,0.0007133,0.0010894,0.0010051,0.00070788,0.0011544,0.000713,0.00069884,0.0018084,0.0012534,0.00074372,0.0010616,0.0014826,0.0015193,0.0021169,0.0020591,0.00034457,0.0020791,0.0038588,0.010349,0.0094786,0.0010442,0.0021741,0.00165,0.0010862,0.0019939,0.0068745,0.0072614,0.0082126,0.012385,0.014965,0.022886,0.012753,0.0013942,0.0017267,0.0012936,8.1774e-05,0.00076253,0.00021501,0.00085513,0.00099378,0.00078616,0.00034803,0.00079948,0.001171,0.0013288,0.0012018,0.00053311,0.0016007,0.0021049,0.0016007,0.0010338,0.00056027,0.00052162,0.00092208,0.0014624,0.00093965,0.00053859,0.0041173,0.00057173,0.00052345,0.00022293,0.00045426,0.0012501,0.00096383,0.00071335,0.00065174,0.00054885,0.00052311,0.00060264,0.00027161,0.00044965,0.00059743,0.00087042,0.00093523,0.00045259,0.00095326,0.0016698,0.0018804,0.0013538,0.0010758,0.0018634,0.00078639,0.0028504,0.0080113,0.0069141,0.0039251,0.0035476,0.005864,0.0065257,0.0059443,0.0084857,0.012602,0.030754,0.048479,0.015138,0.016827,0.010623,0.0097421,0.0083864,0.0063136,0.004564,0.0036981,0.0028696,0.00214,0.0020576,0.0027545,0.0024144,0.0022341,0.0027794,0.0027641,0.0022196,0.0019594,0.0016967,0.0021834,0.0019491,0.0009261,0.00065419,0.00068006,0.0010277,0.00067255,0.001281,0.0025452,0.0020664,0.0046399,0.0056743,0.0023924,0.0019217,0.004288,0.0031622,0.0011553,0.00088118,0.0016754,0.0022586,0.0023897,0.0017323,0.0039827,0.0045012,0.0025462,0.00091854,0.0020143,0.0059089,0.0053955,0.0036868,0.0057737,0.0052197,0.013989,0.021052,0.024207,0.050943,0.037078,0.021176,0.022898,0.015231,0.020664,0.027896,0.046783,0.038679,0.01522,0.0078627,0.0047893,0.0093228,0.0058371,0.0022974,0.0026154,0.0026393,0.0034964,0.0022927,0.00035243,0.00094444,0.0014673,0.00073561,0.0014602,0.00086865,0.0012148,0.00095825,0.0016742,0.0017584,0.00033763,0.001261,0.0019455,0.0024968,0.0022872,0.0036725,0.0025142,0.00087431,0.0008962,0.0019788,0.002131,0.0012716,0.001748,0.00107,0.00082604,0.00038625,0.00082512,0.00075563,0.00052875,0.00050983,0.00040676,0.00076003,0.0010638,0.00071891,0.0003097,0.00024472,0.00054965,0.00078688,0.0014368,0.0019994,0.0018636,0.0016202,0.0018573,0.0025838,0.0039241,0.0072849,0.016,0.0097874,0.0069356,0.0074863,0.002761,0.0039717,0.0073342,0.011174,0.0099701,0.0055963,0.0037302,0.0058245,0.0084224,0.005968,0.0024053,0.0016812,0.0031838,0.003089,0.0019427,0.0015597,0.001317,0.0010703,0.0021269,0.0023283,0.0024919,0.0019358,0.00024036,0.00092382,0.00058118,0.0019552,0.0019138,0.0005524,0.0006607,0.0012929,0.00034513,0.0012688,0.00066514,0.0018385,0.0032911,0.0022959,0.0016696,0.0014419,0.00031369,0.00069178,0.00076118,0.0014437,0.001441,0.00097161,0.00087084,0.0014384,0.0014123,0.0008734,0.0010384,0.00014116,0.0010128,0.0003897,0.0004563,0.00049454,0.00043204,0.0016295,0.0017065,0.001136,0.0018224,0.00098704,0.0039026,0.012078,0.0099684,0.0036256,0.0012614,0.001,0.0023897,0.0056913,0.012352,0.0092829,0.023509,0.032255,0.0085533,0.0096583,0.0058383,0.0021217,0.0031939,0.00082734,0.001685,0.00058969,0.0034711,0.0037165,0.0021255,0.0015128,0.0011469,0.0017578,0.0017173,0.00017705,0.0014369,0.00081085,0.0004939,0.00060454,0.0015525,0.0019912,0.0012751,0.001409,0.0017976,0.001035,0.00096156,0.0017545,0.0001837,0.0056709,0.0045295,0.0038735,0.0046309,0.0025705,0.00038137,0.0025885,0.0014392,0.00035262,0.0023899,0.0016201,0.0044198,0.0020944,0.0016502,0.0056595,0.010078,0.0051325,0.0056648,0.0054158,0.0038145,0.0058061,0.0072501,0.0042476,0.0021853,0.0060982,0.008213,0.0041667,0.0037965,0.013062,0.017042,0.0063517,0.0084056,0.017732,0.027396,0.096695,0.15202,0.05875,0.02063,0.010418,0.0018384,0.0037305,0.0035333,0.0017189,0.0008661,0.0058226,0.0089967,0.0021568,0.0020111,0.0027739,0.0018196,0.0041276,0.001086,0.0011296,0.0033502,0.0017832,0.0029044,0.002121,0.0046216,0.0027285,0.0025278,0.0032721,0.0030934,0.0040451,0.0083089,0.0052672,0.0075712,0.0069288,0.0056309,0.0053841,0.0029417,0.0031867,0.00081826,0.0031203,0.0033023,0.00071321,0.00073189,0.0021711,0.0018677,0.0014472,0.0018659,0.0012219,0.00073482,0.0019048,0.0033443,0.0035739,0.0010728,0.00092836,0.001434,0.00085684,0.0025186,0.0067375,0.0065081,0.0046737,0.0061415,0.010676,0.005711,0.009033,0.041736,0.043832,0.096123,0.14526,0.050186,0.030203,0.021232,0.0099613,0.0091273,0.0052855,0.009076,0.0043867,0.0068207,0.006088,0.0058564,0.0062514,0.0041236,0.0039012,0.0027737,0.0018141,0.0016595,0.0017377,0.0021936,0.0059905,0.005604,0.0068161,0.0046917,0.0021745,0.0039679,0.0011062,0.0034715,0.00066813,0.0025303,0.00048965,0.0011715,0.001711,0.0012157,0.0015536,0.001529,0.00088107,0.0008322,0.0004478,0.00054535,0.0011082,0.0016006,0.0013144,0.00051479,0.00073876,0.00061534,0.0012501,0.0012762,0.00083822,0.001881,0.00080117,0.00053234,0.0014092,0.0012934,0.0013419,0.0044198,0.0051732,0.0020225,0.00058167,0.0020016,0.0041425,0.0057861,0.006451,0.0060403,0.011628,0.028819,0.023252,0.0072049,0.012161,0.0051751,0.0037536,0.0026473,0.0027071,0.001842,0.0015347,0.00064326,0.0017187,0.00070611,0.0014995,0.0009266,0.0010865,0.00052265,0.00071984,0.00067068,0.0009425,0.0012618,0.0010916,0.0012268,0.0010398,0.00063221,0.0018582,0.0012089,0.00070096,0.0021568,0.00043317,0.0032439,0.001964,0.002759,0.0031587,0.0017653,0.0031681,0.003533,0.0019712,0.0028875,0.0038521,0.0023401,0.0018756,0.0033243,0.0020006,0.0011798,0.00046508,0.0034531,0.004638,0.0049197,0.0025977,0.0029661,0.0026513,0.003947,0.0069666,0.0054686,0.010086,0.015879,0.007832,0.0057664,0.0128,0.011429,0.016024,0.040753,0.055716,0.03827,0.010981,0.0014072,0.010262,0.0029534,0.0040965,0.0074615,0.0028303,0.0052135,0.00055165,0.0046004,0.0026476,0.0051486,0.00092732,0.0022367,0.0033186,0.0069015,0.0054798,0.00097434,0.0050321,0.0033298,0.0025425,0.0073941,0.008031,0.002508,0.0051599,0.0047409,0.0038948,0.0060522,0.0079528,0.0054086,0.0024725,0.0017057,0.0011097,0.0024739,0.0008857,0.00034346,0.0016519,0.00038919,0.0013384,0.003183,0.0018293,0.00049949,0.0030608,0.0012423,0.002,0.0024282,0.0011292,0.0026751,0.0011606,0.0042294,0.0010904,0.0046905,0.0054326,0.0068607,0.0024164,0.024011,0.026915,0.005075,0.011715,0.007632,0.015565,0.038841,0.05902,0.087357,0.050462,0.030205,0.045896,0.011015,0.016731,0.0023599,0.017443,0.0085236,0.010175,0.0086564,0.0035769,0.0053859,0.00040898,0.0013923,0.0024607,0.0045601,0.0046063,0.0036904,0.0013736,0.0040698,0.0015806,0.0025313,0.001099,0.0032284,0.0042119,0.0008107,0.0017154,0.0021483,0.0028687,0.0022557,0.0046055
0.0016749,0.0017012,0.0026823,0.0020851,0.0015288,0.0026101,0.002034,0.00041115,0.0001338,0.0002822,0.0010492,0.00093321,0.0010279,0.0023452,0.0019537,0.0022435,0.0022503,0.0035209,0.003208,0.0032989,0.0046029,0.0050452,0.0035976,0.0019611,0.0018133,0.0021633,0.0023006,0.0035604,0.0041375,0.0023565,0.001076,0.0017424,0.0043119,0.013044,0.010619,0.0067431,0.015781,0.0092328,0.0034317,0.0004351,0.0020217,0.0012153,0.0023929,0.0014192,0.0025221,0.0021699,0.0017863,0.0010681,0.00037311,0.0019504,0.0012312,0.0029312,0.0035069,0.0025316,0.0013254,0.0019736,0.0018728,0.0011286,0.00059528,0.0025275,0.0032951,0.0010567,0.0011005,0.0022317,0.0018713,0.002217,0.0017306,0.001329,0.00054277,0.002196,0.00043778,0.0045216,0.0057352,0.0024641,0.0019474,0.0019873,0.0030156,0.0025438,0.0017023,0.0016186,0.0015847,0.0046841,0.004806,0.0029977,0.0017401,0.0052487,0.0057456,0.0053675,0.0029437,0.0021991,0.0046256,0.0037061,0.0054451,0.0087335,0.0064275,0.0056142,0.002335,0.0066812,0.0069351,0.00047777,0.0094248,0.023197,0.014016,0.0076558,0.010394,0.0085587,0.0070276,0.0073553,0.0023396,0.0033575,0.0036683,0.003383,0.00084073,0.0035306,0.0033653,0.00093145,0.0030691,0.0028119,0.0024413,0.0025353,0.0021379,0.0019536,0.003336,0.0030263,0.0017216,0.0012797,0.002691,0.0037597,0.001214,0.0031392,0.0011701,0.00087944,0.0015453,0.00083873,0.0024705,0.0027585,0.0013006,0.00034016,0.0019885,0.0013193,0.00024732,0.00042817,0.0011614,0.00014792,0.00048526,0.0011997,0.0013316,0.0011135,0.00049581,0.00179,0.00077595,0.0017116,0.0022943,0.0037617,0.011021,0.013292,0.0049725,0.001014,0.0013451,0.00031479,0.0011277,0.0017466,0.0028171,0.0083298,0.0094258,0.011848,0.025061,0.017372,0.0045548,0.0020804,0.00058933,0.00069307,0.00061628,0.00059195,0.00094812,0.00056097,0.00017293,0.00089973,0.0012073,0.0011976,0.0012308,0.0011316,0.0011102,0.0021583,0.0014961,0.00084643,0.0010947,0.00066828,0.0010337,0.00098316,0.00052486,0.000623,0.00063049,0.0021746,0.0057671,0.00092707,0.00068928,0.00069952,0.00015918,0.00078183,0.00083593,0.00055868,0.0007247,0.00097762,0.0012184,0.0012858,0.00097271,0.00068529,0.00047493,0.000352,0.00068733,0.0011427,0.0009675,0.00099941,0.0013335,0.0018364,0.00223,0.0015468,0.0049384,0.0048248,0.0056517,0.0052188,0.0042519,0.0037291,0.0046968,0.0044048,0.0053119,0.0055607,0.0089398,0.014499,0.040816,0.062031,0.021851,0.018289,0.014439,0.010905,0.0078142,0.0063805,0.0060008,0.0055463,0.005387,0.0043913,0.0034199,0.0028057,0.0026862,0.0025934,0.0027064,0.002269,0.0019544,0.0027253,0.0029615,0.0022712,0.0022943,0.0022733,0.0031993,0.0033507,0.0028795,0.0030611,0.0036644,0.0033076,0.0013216,0.0011541,0.0022068,0.0015801,0.0024972,0.002248,0.0020629,0.0025057,0.0025833,0.0029693,0.0025068,0.002427,0.0023776,0.0023057,0.0038439,0.0046561,0.0055328,0.0043746,0.0049904,0.0062676,0.0074435,0.0077185,0.0078338,0.026733,0.051363,0.054953,0.032544,0.028449,0.0073838,0.010311,0.0037157,0.010389,0.025489,0.046043,0.025279,0.0176,0.0073369,0.0092213,0.011264,0.0056929,0.0037862,0.0024897,0.0040578,0.0036043,0.0029134,0.002905,0.002277,0.0025611,0.0040213,0.0038942,0.0032299,0.002649,0.0020119,0.0018108,0.0018895,0.0018563,0.0027092,0.0012669,0.00093988,0.0012431,0.0012029,0.0020148,0.0026377,0.001357,0.001824,0.0010747,0.0013424,0.0010293,0.001159,0.001668,0.0013014,0.00046152,0.00072549,0.00046629,0.00051239,0.00099789,0.00063288,0.00058696,0.00061,0.00017775,0.00031156,0.0013377,0.0017829,0.00088669,0.00017783,0.0018697,0.0029049,0.0013853,0.0054514,0.012048,0.011953,0.0056518,0.0042633,0.0032376,0.0026032,0.0045723,0.0053646,0.0048398,0.0070647,0.0030818,0.0046065,0.0048823,0.0021408,0.0025887,0.0015596,0.0011639,0.0019098,0.001146,0.0011452,0.0016592,0.00062212,0.00039138,0.00082068,0.00090007,0.00078845,0.0010334,0.0011983,0.0011859,0.00058599,0.00078786,0.00084989,0.00048061,0.00068912,0.0015732,0.0015171,0.00012363,0.00052437,0.00049015,0.00089988,0.0023715,0.0011816,0.0010309,0.00096071,0.001376,0.0021931,0.0013495,0.00064846,0.00050253,0.00065821,0.0008128,0.0020819,0.0016384,0.00069164,0.0012986,0.0012146,0.0011169,0.0016687,0.0014454,0.0014041,0.00087999,0.0013965,0.0018147,0.0026241,0.0031882,0.007967,0.010074,0.0044029,0.0023373,0.00033942,0.0018361,0.0021707,0.0044856,0.0086757,0.015335,0.014443,0.027108,0.031571,0.009311,0.0014172,0.0035783,0.0011259,0.0013523,0.0031002,0.0021659,0.00091954,0.0022792,0.0014742,0.00073627,0.0018607,0.0016908,0.0025606,0.0028701,0.0025138,0.002235,0.0019394,0.0013205,0.00074151,0.0017067,0.00059099,0.0011821,0.0017348,0.0018025,0.0010979,0.0017692,0.0033608,0.0046934,0.0011793,0.0044342,0.0055701,0.0047416,0.0048108,0.0031077,0.0052479,0.0021466,0.0025758,0.0031187,0.003192,0.002968,0.003362,0.002808,0.0015229,0.0034998,0.0066005,0.0053777,0.0049934,0.0061379,0.0054377,0.0046678,0.0015264,0.0032981,0.0069822,0.0037051,0.004566,0.0068994,0.0067854,0.0033616,0.0030538,0.013503,0.022209,0.036214,0.066446,0.089475,0.038368,0.0063781,0.0045647,0.0025866,0.0033633,0.0029945,0.0023573,0.006254,0.0076641,0.0079126,0.0033716,0.0019103,0.0027249,0.0026729,0.0048215,0.0042778,0.002095,0.0028863,0.0029582,0.0025779,0.0017787,0.0042516,0.0061422,0.0031318,0.0055645,0.0067788,0.0036639,0.001353,0.0033608,0.0022526,0.00092406,0.0007649,0.0012173,0.0011374,0.0018539,0.0015581,0.00078457,0.0014349,0.0016188,0.0010229,0.00075704,0.0015869,0.0021367,0.001085,0.00063083,0.00091056,0.00091585,6.314e-05,0.0012594,0.00081187,0.0014587,0.0026653,0.0018258,0.0050286,0.0062959,0.0021913,0.0020961,0.0041398,0.0044799,0.0026488,0.029055,0.040007,0.01165,0.08944,0.12572,0.045755,0.027119,0.023686,0.011971,0.0087853,0.0039942,0.0024196,0.0040767,0.0028867,0.0010518,0.0012053,0.0013369,0.00080868,0.00036259,0.0011997,0.00035419,0.0014746,0.0018592,0.0014909,0.0017432,0.0019877,0.002933,0.00262,0.0022666,0.002434,0.0025812,0.0010458,0.0013278,0.001052,0.0010126,0.00059839,0.00049564,0.00086428,0.0010743,0.0013283,0.00068167,0.00063463,0.000823,0.00092764,0.00055059,8.3256e-05,0.00070919,0.00034065,0.00090304,0.0010449,0.0014963,0.0010701,0.0014303,0.001532,0.0012177,0.00072445,0.0016466,0.0029609,0.0033054,0.00088507,0.0022852,0.0010144,0.00090073,0.0019812,0.00069952,0.0038643,0.0037396,0.0075843,0.025473,0.033914,0.0073026,0.015269,0.010143,0.0050097,0.0028598,0.0029679,0.0026529,0.00072306,0.00046738,0.0015905,0.0027577,0.0021335,0.00099381,0.0016157,0.0019334,0.0015159,0.0017184,0.0023155,0.0026667,0.0019841,0.0003986,0.00071085,0.00099996,0.00054058,0.0013431,0.0033359,0.0052687,0.0073374,0.00063847,0.0014119,0.0035699,0.0036721,0.0029535,0.0014899,0.0036899,0.0023618,0.0012891,0.0016446,0.0014549,0.0026852,0.004808,0.0041175,0.0022461,0.001493,0.0025128,0.0030042,0.0024624,0.0015775,0.0033466,0.0029248,0.0029756,0.0050683,0.0063406,0.0043713,0.0039036,0.012258,0.015747,0.0092197,0.013709,0.017874,0.023854,0.039279,0.011902,0.02269,0.021921,0.012672,0.0036633,0.0023719,0.0035028,0.0049171,0.0025947,0.0034251,0.0050156,0.001652,0.003816,0.0019339,0.0019135,0.0036171,0.0036811,0.0028022,0.0024841,0.0038399,0.0042712,0.0012401,0.0018792,0.0024347,0.0028117,0.0017846,0.00055002,0.0028585,0.0048902,0.0024231,0.0016645,0.0014275,0.001617,0.0028464,0.0020652,0.0011505,0.0010213,0.0011046,0.0011107,0.0010208,0.001478,0.0015773,0.0012797,0.0019238,0.003261,0.00307,0.0018828,0.0029273,0.0047573,0.0041282,0.0024208,0.0048677,0.0057638,0.0066555,0.012783,0.022001,0.017695,0.0013148,0.0084045,0.010871,0.011969,0.026629,0.029273,0.05561,0.090178,0.036704,0.034348,0.035198,0.010414,0.018147,0.023545,0.010901,0.0065774,0.010503,0.013583,0.013091,0.012488,0.010417,0.0082365,0.0084952,0.0063274,0.0020854,0.0028511,0.0055719,0.0057492,0.0030122,0.0027513,0.0034621,0.0046166,0.0046175,0.0045769,0.0055641,0.0060952,0.0078188,0.0099202,0.0084975
0.002038,0.0016489,0.0014712,0.0017197,0.0014112,0.00094878,0.00038187,0.0014318,0.00043726,0.001017,0.00093316,0.0008946,0.0010582,0.0026151,0.0018992,0.0010192,0.0026553,0.0023407,0.00076254,0.00020499,0.00067302,0.00078215,0.0011078,0.00088764,0.0028489,0.0021227,0.00071747,0.0041195,0.0059517,0.0037276,0.0018499,0.0076919,0.015295,0.01223,0.0056497,0.002312,0.0036832,0.0063475,0.0079872,0.0058722,0.0057103,0.004577,0.0021152,0.0013442,0.0014794,0.002042,0.0013395,0.0018949,0.001919,0.00090025,0.00068348,0.0012439,0.0022208,0.0018426,0.00092832,0.0023733,0.0031538,0.0027495,0.0010307,0.00064616,0.0020219,0.00045454,0.0010702,0.00068198,0.0017553,0.0011202,0.0015478,0.0008794,0.001409,0.0016716,0.0031435,0.0026426,0.0012082,0.00023035,0.0023632,0.0029224,0.0029338,0.0023821,0.002416,0.0030072,0.0029106,0.0040305,0.0041589,0.0027493,0.0016032,0.00083041,0.0065902,0.0091605,0.0021103,0.0078791,0.01391,0.014941,0.008204,0.0064896,0.0077481,0.010086,0.012113,0.021861,0.036888,0.037797,0.01108,0.0073604,0.02009,0.035132,0.031389,0.017117,0.0066542,0.0045672,0.0050584,0.0042619,0.0026141,0.0033589,0.0043508,0.0037126,0.0054484,0.0062801,0.0058297,0.0052523,0.0033219,0.0038422,0.0030847,0.0024465,0.003075,0.0017483,0.0022717,0.0020059,0.0010609,0.0027486,0.0040889,0.0025877,0.00059959,0.0012449,0.0018124,0.0016872,0.0017143,0.00034786,0.0013688,0.0014537,0.001767,0.00182,0.0022447,0.0014635,0.0004331,0.0011316,0.0014444,0.0021337,0.0019893,0.0016585,0.0018671,0.0016109,0.00046557,0.00012989,0.0010274,0.00089653,0.0020405,0.0060487,0.010699,0.0049158,0.0015492,0.0012054,0.0020653,0.0036876,0.0076036,0.011601,0.017648,0.010364,0.010752,0.010877,0.015138,0.011733,0.0058993,0.0028256,0.0017685,0.0019216,0.0018403,0.0017741,0.0016781,0.0013332,0.0013766,0.0015187,0.0020429,0.0014238,0.0011727,0.00088033,0.00066055,0.00063884,0.00012839,0.00039922,0.001761,0.0019689,0.0020234,0.0037218,0.0051022,0.0051999,0.0030924,2.2552e-05,0.0011261,0.0013486,0.0013616,0.0014552,0.00062253,0.00063794,0.00096117,0.00075458,0.00043132,0.00027776,0.00031566,0.0010806,0.00076332,0.00024944,0.00079756,0.0012554,0.00093987,0.0012668,0.0034936,0.0033875,0.0021925,0.0021586,0.003445,0.0019302,0.0060183,0.0054698,0.0026444,0.0034424,0.0048679,0.0055363,0.00099317,0.01317,0.045257,0.0508,0.016942,0.0029292,0.012896,0.0076993,0.011406,0.00801,0.00050645,0.0029542,0.0029745,0.0018063,0.00068815,0.0011396,0.0011372,0.001303,0.0012363,0.0012627,0.00123,0.0012278,0.0012335,0.0011606,0.0010211,0.0004018,0.00043828,0.0017758,0.0019145,0.0013186,0.0025841,0.00143,0.0013536,0.0011877,0.0026033,0.0037894,0.0034266,0.0018577,0.00036555,0.0014155,0.0017384,0.0011818,0.0015332,0.00213,0.001651,0.00093953,0.0031786,0.0033941,0.0018236,0.0014777,0.0022383,0.0022031,0.0012941,0.0034522,0.0083847,0.012616,0.0098496,0.011715,0.01674,0.033259,0.057438,0.039694,0.030738,0.017141,0.0066685,0.022717,0.043431,0.033987,0.01534,0.0027178,0.0039463,0.00058563,0.0058623,0.0066289,0.0028467,0.00052407,0.0015033,0.0021699,0.00061399,0.00096557,0.0012524,0.00091421,0.00062658,0.0014576,0.0017573,0.0014181,0.0011317,0.0026522,0.0021665,0.0011179,0.00090704,0.00027992,0.00046502,0.001582,0.0017928,0.00087489,0.001901,0.0019297,0.0014263,0.0019254,0.00014109,0.00099371,9.5512e-05,0.00067993,0.0012162,0.0010561,0.00061675,0.00125,0.00067447,0.00034482,0.0001946,0.0010618,0.00095386,0.0013261,0.00062686,0.0015651,0.00065176,0.00080304,0.0014763,0.00010057,0.002176,0.0013051,0.0037213,0.0040415,0.013258,0.01773,0.0076681,0.0014052,0.0036154,0.0030106,0.0083233,0.0095389,0.0019793,0.0075749,0.0042708,0.0012022,0.0015397,0.0020652,0.0015001,0.0015157,0.0016115,0.003153,0.0025036,0.0010087,0.0018726,0.0017279,0.0012937,0.00055495,0.0014445,0.0010842,0.0010024,0.00053715,0.00040828,0.00073837,0.00068098,0.0014845,0.0030458,0.0025577,0.00090969,0.0030405,0.0020165,0.0035275,0.0033231,0.0020019,0.0018943,0.00093672,0.0013951,0.0015393,0.0015423,0.0014731,0.0014337,0.0012051,0.0010841,0.0012409,0.00053164,0.00049619,0.0015778,0.0011442,0.0021282,0.0021206,0.0015503,0.00087242,0.0018051,0.0018102,0.00084107,0.0014753,0.0030571,0.0024856,0.0013326,0.010385,0.011253,0.0060827,0.0024225,0.0022829,0.0013999,0.012532,0.029313,0.044396,0.03766,0.0025995,0.0082589,0.0045182,0.0046631,0.0037504,0.0022858,0.0005299,0.00049285,0.0015899,0.0007007,0.0014691,0.00085266,0.0016344,0.001239,0.00088079,0.00082241,0.00084151,0.002205,0.0015756,0.0016368,0.00066851,0.0010421,0.0017173,0.00060659,0.0012055,0.0018784,0.0012897,0.0021011,0.0017899,0.00098471,0.0093552,0.0064507,0.004661,0.0071095,0.0075282,0.0055458,0.003777,0.001558,0.0038756,0.0049463,0.0080522,0.004982,0.0025247,0.0019969,0.0039435,0.006909,0.0035585,0.0025014,0.003364,0.0043773,0.007373,0.0021524,0.0037703,0.0021991,0.0045814,0.0023131,0.0035054,0.0057278,0.015562,0.023196,0.018551,0.043317,0.10977,0.18375,0.13438,0.0032224,0.019595,0.011855,0.01637,0.0056068,0.0014049,0.0023274,0.0053138,0.0033274,0.0031763,0.001815,0.0041085,0.0025257,0.0075812,0.0027646,0.004156,0.0041512,0.0061272,0.004685,0.0022545,0.0018794,0.0048947,0.0036993,0.0041599,0.0048439,0.0036889,0.0040023,0.0034432,0.0051133,0.003675,0.0080876,0.010014,0.0056535,0.0022918,0.0033459,0.0035659,0.001412,0.00076676,0.0016405,0.00051837,0.0019871,0.00019494,0.0022606,0.0017062,0.00050743,0.0003032,0.0012507,0.0033724,0.00134,0.0013136,0.0015553,0.0015534,0.0022512,0.0027492,0.004257,0.0079019,0.0067243,0.0062528,0.0038736,0.011135,0.005302,0.01372,0.0018029,0.075397,0.094985,0.018454,0.011773,0.015248,0.0055743,0.0051041,0.0028232,0.0043763,0.0033526,0.0031093,0.003499,0.0031038,0.00089653,0.0023408,0.0016949,0.0013916,0.0012161,0.00013315,0.00012739,0.00040833,0.0015169,0.0015346,0.00050866,0.0014674,0.00034852,0.00098741,0.0015134,0.0010032,0.0020901,0.0028117,0.0038626,0.0014036,0.0011435,0.00070278,0.0015148,0.00096829,0.00069009,0.0010274,0.0010798,0.0007498,0.00075081,5.4147e-05,0.00044597,0.0011282,0.00038327,0.00027229,0.00078397,0.00039982,0.00069614,0.00063257,0.0023953,0.0021991,0.00093628,0.0014787,0.00059203,0.00020445,0.0011453,0.0037468,0.0047538,0.00089612,0.0034129,0.0011835,0.0076195,0.0081519,0.017689,0.033775,0.014843,0.0049462,0.0016819,0.014488,0.013161,0.0044148,0.0052986,0.0012985,8.83e-05,0.0014352,0.00073961,8.945e-05,0.0014458,0.0019117,0.00049054,0.00074488,0.0011116,0.0010007,0.0003717,0.0012953,0.0012707,0.0013103,0.00077476,0.0027044,0.0021755,0.00053498,0.0012032,0.00057777,0.0011388,0.0017064,0.00043179,0.0012334,0.00051765,0.0018787,0.0040233,0.0036722,0.0011656,0.0012399,0.0021595,0.002603,0.0028902,0.001878,0.0025247,0.0030868,0.00091449,0.001758,0.00067617,0.00061678,0.0016126,0.0033635,0.0011122,0.0018511,0.0012062,0.0014367,0.0037707,0.0025264,0.010735,0.016311,0.016652,0.013593,0.0093406,0.023452,0.057278,0.063908,0.026261,0.0066918,0.0045057,0.002517,0.0061643,0.0013806,0.0024842,0.0016975,0.0012241,0.0028784,0.0033584,0.0030285,0.0029972,0.00078147,0.0036864,0.0045871,0.0041691,0.00063464,0.0036613,0.004483,0.0054798,0.0050159,0.0026605,0.0016709,0.0039827,0.0057508,0.0044307,0.0007542,0.0029444,0.0020449,0.0026789,0.0014996,0.0026349,0.0021296,0.00054129,0.00028893,0.0014111,0.0015733,0.0012044,0.0011801,0.001547,0.0004352,0.0017072,0.00084729,0.0010744,0.0017373,0.0007752,0.0015288,0.00051402,0.0030211,0.0011657,0.0016689,0.0041044,0.0024142,0.0027776,0.0054193,0.0062837,0.023157,0.025115,0.0076574,0.011546,0.0109,0.0093899,0.052883,0.098559,0.061069,0.013903,0.011912,0.013483,0.0084518,0.013646,0.010111,0.0040224,0.0031609,0.0057026,0.002834,0.00017856,0.0024029,0.003197,0.0017792,0.00090146,0.0017868,0.00086777,0.00236,0.00054998,0.00052088,0.0015185,0.0039313,0.0040454,0.003287,0.0016198,0.001059,0.001991,0.004494,0.0066174,0.0069904
0.0010782,0.00059169,0.00078888,0.00053823,0.00082885,0.0013835,0.00079704,0.0013856,0.0016127,0.00044784,0.0022037,0.0026524,0.0015862,0.0012916,0.0017512,0.0030221,0.0012954,0.0023446,0.0019285,0.0014195,0.0015532,0.0037595,0.0039652,0.00087656,0.0012353,0.0016906,0.0020193,0.00080177,0.00076403,0.00065842,0.0044178,0.0043198,0.0023766,0.0033457,0.0024056,0.0016687,0.0008968,0.0050794,0.011299,0.0094811,0.0037135,0.0033859,0.0023142,0.001618,0.0017976,0.0028985,0.0034908,0.0017448,0.00063357,0.003465,0.0028239,0.0024824,0.0022474,0.001831,0.0041698,0.0044598,0.0031495,0.0014605,0.0025276,0.0011446,0.0010938,0.0022502,0.0017252,0.00077204,0.0017166,0.0027806,0.0013672,0.0017316,0.0035017,0.0033955,0.0023834,0.0018914,0.0014466,0.0026904,0.0029284,0.0018368,0.0012956,0.0023898,0.0027525,0.0015748,0.0022329,0.0040411,0.0032842,0.00040779,0.0021947,0.0052884,0.0031376,0.0012461,0.0053252,0.0030894,0.013793,0.022049,0.014014,0.0088897,0.0084797,0.0006871,0.0036466,0.02258,0.048606,0.021114,0.014001,0.010651,0.014128,0.035917,0.027019,0.019714,0.017311,0.0066719,0.0020966,0.003597,0.0030535,0.0012637,0.0014087,0.00024457,0.0014283,0.0022762,0.0026861,0.0039555,0.0041953,0.002672,0.0021729,0.0031307,0.0044857,0.0047822,0.0036671,0.0037583,0.0044184,0.0045436,0.0041527,0.0046647,0.00066917,0.00068157,0.0016296,0.0014459,0.00099553,0.0029444,0.002751,0.0019343,0.0017906,0.0020176,0.0012862,0.00069664,0.00055543,0.0014089,0.00098843,0.0010284,0.0010268,0.0019128,0.0006652,0.0017293,0.0011571,0.0010974,0.00010541,0.00099361,0.0013554,0.0062533,0.0091902,0.0033763,0.001696,0.0024294,0.0047396,0.0065969,0.0080386,0.014303,0.0093871,0.0011093,0.0033879,0.0065722,0.015287,0.012101,0.0041503,0.0033247,0.0011642,0.0015504,0.0015441,0.000515,0.0007025,0.00055675,0.0010026,0.0011156,0.0013051,0.0011058,0.0008385,0.0011001,0.0017927,0.0022446,0.0010878,0.0018182,0.0021073,0.0024382,0.0054033,0.0017198,0.0069637,0.0060903,0.0038528,0.0031624,0.0029433,0.0018222,0.0012818,0.00017023,0.0005699,0.00050981,0.001123,0.0014551,0.0010495,0.00078371,0.00063504,9.1286e-05,0.00049576,0.00022947,0.00038122,0.00012927,0.00055674,0.00051282,0.00034741,0.0012473,0.0012555,0.0024238,0.0029706,0.001003,0.0053987,0.0094594,0.0057858,0.00089865,0.0019171,0.0061619,0.0056865,0.018871,0.056353,0.039038,0.0045137,0.0083,0.0041551,0.0090496,0.0086072,0.0035543,0.0014672,0.001624,0.00051346,0.00083111,0.00060736,0.00037332,0.00055085,0.00057569,0.00057054,0.00051664,0.00016039,0.00019539,0.00065634,0.00043543,0.0010806,0.00051564,0.00099067,0.00022646,0.0017484,0.0014691,0.00095701,0.0017086,0.001566,0.001283,0.0014493,0.0026671,0.0024396,0.0016797,0.00079157,0.0015657,0.001998,0.0011178,0.0011139,0.0011306,0.00056969,0.00091723,0.00018575,0.0013039,0.0014162,0.00097385,0.00055826,0.00084081,0.0019578,0.00079345,0.0017654,0.00061711,0.0038259,0.0056289,0.0060837,0.041758,0.073006,0.036584,0.0048347,0.0080301,0.0067205,0.016868,0.020383,0.045264,0.029227,0.011728,0.0044851,0.0027858,0.0023689,0.0042486,0.0032412,0.00062038,0.0008716,0.0019399,0.0010191,0.00068406,0.0010704,0.0010374,0.00083078,0.0015624,0.0018285,0.0024579,0.0016632,0.001785,0.0013837,0.00062657,0.00053732,0.0011966,0.0012882,0.0008203,0.0018663,0.0022309,0.00071624,0.00081686,0.00071341,0.0011267,0.00025405,0.00059821,0.00097013,0.00096681,0.00074335,0.00054496,0.00072568,0.0013035,0.00043341,0.00076654,0.0010386,0.00084842,0.00019188,0.00086754,0.00049483,0.00095145,0.00034568,0.0003673,0.00070578,0.001764,0.0014632,0.0026158,0.0018465,0.0016468,0.013054,0.019092,0.0092704,0.0037935,0.0034994,0.0058014,0.0084428,0.010886,0.017361,0.013106,0.0051654,0.0010509,0.00073847,0.00075237,0.0025352,0.0012657,0.0013592,0.0018958,0.00084339,0.00067803,0.00049124,0.00077077,0.00069705,0.00022482,0.00086429,0.00048718,2.7558e-05,0.00097282,0.0013782,0.00087635,0.00088871,0.00081317,0.00017087,0.00020728,0.00094395,0.0033488,0.0038427,0.0016789,0.0011338,0.0025172,0.00040096,0.00099776,0.00068275,0.0014867,0.0017476,0.00053367,0.000898,0.0015227,0.00025784,0.00098122,0.0014668,0.0013412,0.00083051,0.0012764,0.0009714,0.0007178,0.00034142,0.00055616,0.0020567,0.0012842,0.0012503,0.0018152,0.00060464,0.0012709,0.0022448,0.010022,0.010029,0.0032491,0.0016109,0.0059971,0.0074913,0.011885,0.017364,0.026517,0.012471,0.011984,0.0027729,0.0040307,0.0025618,0.003264,0.00083115,0.0013961,0.0013482,0.0011872,0.0005013,0.001403,0.0014371,0.0016722,0.0011236,0.0011525,0.0003006,0.0005189,0.00094379,0.00058428,0.00048086,0.00027265,0.00025353,0.00060154,0.00087882,0.00064699,0.00032133,0.0012369,0.0011023,0.0015565,0.0018861,0.0076658,0.0038525,0.0044788,0.0018057,0.0041587,0.0034586,0.0036635,0.0033778,0.0023745,0.0059304,0.0035115,0.0026578,0.0048858,0.005382,0.0026658,0.0013687,0.0029143,0.0043515,0.0031057,0.0022097,0.0013691,0.0050195,0.0056412,0.0045591,0.0034088,0.0075898,0.0034705,0.011829,0.017334,0.020929,0.022194,0.04792,0.12231,0.16785,0.052614,0.038854,0.006663,0.011993,0.019747,0.0087245,0.0095122,0.00055686,0.0071001,0.0017266,0.0056669,0.0038725,0.0047759,0.0093164,0.0039621,0.0031643,0.0051409,0.001587,0.0092977,0.006867,0.0036044,0.0075132,0.0051095,0.002584,0.005743,0.0019287,0.003921,0.0014079,0.0025888,0.0024849,0.0020703,0.0024425,0.003049,0.0058164,0.0046754,0.003283,0.0030981,0.0010545,0.0006655,0.0011245,0.00052044,0.00070308,0.0012979,0.00081879,0.00076593,0.0010463,0.0010462,0.0019178,0.0040898,0.0033656,0.00062259,0.00058019,0.0019766,0.0043357,0.0035124,0.0055306,0.013344,0.0072897,0.0015694,0.0035859,0.0032723,0.0066103,0.029925,0.08389,0.10758,0.03596,0.012389,0.0046411,0.0054274,0.0056682,0.0043282,0.0051516,0.0031414,0.00071064,0.0022841,0.0012251,0.001246,0.0035465,0.00075304,0.0027654,0.00041341,0.0021293,0.00074832,0.0010088,0.0012265,0.001833,0.00055938,0.00079454,0.0028626,0.0015029,0.0013612,0.0013184,0.0012191,0.0021219,0.0043857,0.0041768,0.0014945,0.00069366,0.00077172,0.0011042,0.00012674,0.00013438,0.00077457,0.0011081,0.00089441,0.0010109,0.0008893,0.0008004,0.00067412,0.00035446,0.00049926,0.00069377,0.00089314,0.0011,0.0010419,0.00092574,0.0011537,0.0011292,0.00098414,0.0019588,0.0018744,0.0006305,0.0012772,0.0042279,0.0060513,0.0083324,0.011299,0.011095,0.015132,0.021844,0.0084208,0.005958,0.0015132,0.010117,0.01619,0.010749,0.0046672,0.0043281,0.0051827,0.004562,0.0028709,0.0017449,0.0018079,0.0022462,0.0026844,0.0028048,0.0025678,0.0020589,0.00086031,0.00085691,0.0011866,0.001112,0.0015064,0.0017725,0.001505,0.0011232,0.0013308,0.0014464,0.0011748,0.0020444,0.0026687,0.0041255,0.0047118,0.002835,0.001325,0.0010602,0.0014564,0.0012356,0.00067401,0.0018629,0.0014713,0.0011368,0.0026027,0.0007967,0.0024222,0.0042159,0.0035198,0.0016742,0.0022772,0.0028806,0.0025606,0.0018318,0.0033593,0.0044833,0.003211,0.0028579,0.010042,0.012108,0.0012791,0.012363,0.017707,0.02502,0.031974,0.045205,0.035942,0.0086136,0.015839,0.011698,0.0090589,0.0076828,0.0083784,0.010807,0.0096966,0.0047529,0.0030948,0.0013775,0.0024213,0.0026906,0.0011233,0.00097336,0.00060432,0.0018111,0.0023609,0.0033558,0.0028093,0.0020646,0.0038431,0.0043339,0.0024515,0.0022247,0.0017339,0.0010689,0.0015146,0.0029865,0.0012458,0.0010153,0.004696,0.0033157,0.00222,0.0023454,0.0024619,0.0025991,0.0029855,0.0032823,0.0034265,0.0033681,0.0027749,0.0020736,0.0028086,0.0046225,0.0047358,0.0044689,0.004195,0.0041337,0.0051365,0.0054289,0.0044345,0.0042413,0.0031018,0.001946,0.0047949,0.015021,0.015038,0.017403,0.021853,0.020565,0.023961,0.036646,0.076087,0.095403,0.04068,0.049764,0.021653,0.010485,0.009579,0.014716,0.015949,0.0038602,0.0086206,0.0096576,0.00843,0.0079443,0.0077927,0.0060172,0.0039869,0.0039197,0.0041614,0.0042834,0.0040223,0.0029069,0.0016647,0.0022944,0.0025565,0.0023956,0.0017967,0.00098701,0.002511,0.0027834,0.00453,0.0046522,0.0021877
0.0013147,0.0014882,0.0008429,0.0010637,0.0024103,0.0015273,0.0014642,0.00096884,0.0027971,0.0025008,0.0014078,0.0016571,0.0021388,0.0025567,0.0028557,0.0015795,0.0014278,0.00063788,0.00030669,0.00052215,0.0013013,0.0024112,0.002266,0.00094838,0.0026838,0.0029121,0.0025914,0.0037443,0.0044488,0.0035134,0.0030682,0.0037231,0.014235,0.015263,0.0051175,0.0040485,0.0019526,0.006186,0.0061827,0.0012707,0.0025815,0.0013104,0.00066266,0.00095917,0.0022784,0.0014343,0.0028212,0.0043999,0.0031338,0.00034716,0.0018735,0.0011932,0.0015111,0.0019202,0.0012182,0.0020439,0.0034782,0.0015711,0.0010481,0.00052835,0.0012135,0.00057924,0.0022506,0.0010232,0.0022017,0.00048751,0.0015846,0.0027236,0.0035915,0.0020233,0.0043347,0.0052039,0.0032617,0.001035,0.001471,0.0010913,0.0051419,0.0049783,0.0018385,0.00064564,0.0013613,0.004666,0.0058172,0.0054412,0.00052508,0.0059183,0.0048426,0.0053891,0.0049168,0.0017969,0.012028,0.016564,0.011843,0.0045742,0.0045279,0.006117,0.020444,0.053107,0.041254,0.011531,0.0095865,0.011729,0.042297,0.045957,0.018241,0.0015957,0.0055547,0.0073069,0.0049029,0.0028871,0.00023742,0.0021082,0.0030384,0.0024276,0.0014879,0.00082521,0.0026903,0.0033974,0.0036493,0.0031696,0.0011673,0.0049693,0.004,0.00042025,0.00014567,0.0020085,0.002554,0.0018584,0.0020691,0.0015767,0.0023006,0.0020673,0.0011207,0.0026843,0.0033387,0.0013624,0.0029842,0.0020279,0.00072144,0.0016331,0.00085276,0.0028602,0.0033631,0.0021666,0.0013591,0.00061012,0.00077794,0.0010902,0.0019833,0.0024853,0.0010252,0.0001766,0.0010481,0.0013982,0.0013359,0.0076245,0.0099206,0.0030932,0.0021662,0.001645,0.0027531,0.0076143,0.023161,0.018501,0.0051316,0.0064728,0.0029016,0.014046,0.016004,0.0045526,0.00086117,0.0015896,0.001119,0.00035748,0.00040225,0.00074676,0.00067916,0.00068366,0.00044636,0.0006145,0.0010523,0.0014463,0.0019346,0.0015776,0.00020127,0.00091331,0.00093776,0.00146,0.0029627,0.0024936,0.0010555,0.0012826,0.0017482,0.0042685,0.0070932,0.00098108,0.00018756,0.00071302,0.00055431,0.00099503,0.00052708,0.001078,0.00086957,0.00095886,0.00079898,0.00035101,0.00076807,0.00024543,0.00023914,0.00041521,0.00084701,0.00031116,0.00088613,0.00097312,0.0015622,0.0024719,0.0022776,0.0021112,0.0017655,0.0014324,0.0044155,0.0081635,0.0047136,0.0044816,0.0019302,0.0050335,0.0071518,0.048927,0.050683,0.01405,0.0016083,0.0028501,0.0064857,0.010913,0.0057021,0.00041082,0.00082125,0.00039816,0.0010372,0.00029354,0.00089802,0.00030267,0.00064735,0.00046131,0.00036054,0.0006971,0.00040061,0.00043895,0.00084213,0.00084706,0.00084811,0.00031703,0.00029929,0.0008757,0.0009214,0.00084804,0.00094873,0.0014572,0.0015583,0.0012947,0.0039168,0.0016694,0.00065584,0.0021742,0.0030355,0.0015161,0.0013389,0.0015948,0.0016929,0.0010685,0.0012585,0.0015038,0.00048825,0.0011416,0.00087931,0.00079576,0.00072428,0.0021738,0.0013206,0.0022385,0.0025745,0.0032226,0.002914,0.0053284,0.0088035,0.032509,0.070237,0.039757,0.010319,0.0095818,0.013298,0.025094,0.033508,0.047136,0.029408,0.016588,0.014598,0.0040201,0.0018457,0.0024835,0.00068173,0.001668,0.0012095,0.00041097,0.00024566,0.00028583,0.00068785,0.00068093,0.0004713,0.00019777,0.0012936,0.0013939,0.00010205,0.00060415,0.0011302,0.0010232,0.0003001,0.00093307,0.0012353,0.0010699,0.0010124,0.0012265,0.0013631,0.0015362,0.0026462,0.00034702,0.0011436,0.001709,0.00072724,0.00073878,0.00047739,0.00087812,0.00094287,0.00079048,0.00071027,0.00073305,0.00071666,0.00031949,0.00012719,0.0004826,0.00041706,0.0010322,0.00098673,0.00091612,0.0023297,0.00069584,0.0014063,0.0010932,0.00077995,0.0021149,0.012148,0.02158,0.013404,0.0012457,0.0040745,0.005085,0.0115,0.024032,0.020595,0.0067413,0.0031199,0.0027562,0.002033,0.001281,0.0013954,0.003031,0.001399,0.00045669,0.00086345,0.00038462,0.0012242,0.0010685,0.00080517,0.00097863,0.00078465,0.00014386,0.00048754,0.00092922,0.00062738,0.00048974,0.00044888,0.00086055,0.00092441,0.00024773,0.0011439,0.00098017,0.0015882,0.00067274,0.0024146,0.0015354,0.00076103,0.0013267,0.0006716,0.0009602,0.00034839,0.0014998,0.001979,0.0010567,0.0018725,0.002197,0.002599,0.0013491,0.0017321,0.0015518,0.0013365,0.00072269,0.0022332,0.0018744,0.00070402,0.0018254,0.0014874,0.0022964,0.0027618,0.0017749,0.0064553,0.0092761,0.0061632,0.0024352,0.0026236,0.00093482,0.0095286,0.030338,0.057508,0.042505,0.014253,0.013063,0.0034481,0.0042419,0.007154,0.0052565,0.0028843,0.00081402,0.0021709,0.0026777,0.0018078,0.0017015,0.00093643,0.0010415,0.0017153,0.0010515,0.00094389,0.0013584,0.0011218,0.001607,0.0012631,0.0012268,0.0011832,0.0011787,0.0011671,0.0024043,0.0034904,0.0023016,0.00070515,0.0011798,0.0024331,0.0040395,0.0032134,0.0045466,0.0048911,0.0019111,0.0064061,0.0016212,0.0036699,0.003349,0.001624,0.0049754,0.0039216,0.0040543,0.0033157,0.0064687,0.0031235,0.003673,0.0026203,0.0050277,0.0039769,0.0055162,0.0077372,0.0083817,0.0085979,0.010458,0.004186,0.011244,0.020302,0.029798,0.026472,0.029585,0.10397,0.20137,0.14002,0.037406,0.024988,0.02806,0.018087,0.011024,0.010214,0.0051172,0.0055463,0.0068256,0.0033877,0.0036068,0.0029718,0.0036881,0.0036652,0.002058,0.00083788,0.003337,0.0035542,0.0021389,0.0026879,0.0037342,0.0037755,0.0014632,0.0040219,0.0062494,0.003388,0.0010445,0.0022586,0.0010553,0.0052455,0.0053074,0.00063359,0.0015558,0.0031624,0.0061967,0.012518,0.011224,0.0016876,0.0038936,0.0032771,0.0029205,0.0026907,0.0027734,0.0016926,0.0015839,0.0016973,0.0016105,0.0017093,0.00048126,0.001678,0.0025206,0.00094256,0.0029545,0.0027059,0.0027152,0.0036254,0.0056265,0.011383,0.0091457,0.0067062,0.01063,0.020134,0.051496,0.096984,0.047412,0.008531,0.00348,0.005666,0.0059658,0.006042,0.0089112,0.0060724,0.00078299,0.003975,0.0042494,0.0016986,0.0017905,0.0031421,0.0038169,0.0010259,0.0018009,0.0030432,0.0020695,0.0027036,0.00025533,0.0030241,0.0027823,0.0010448,0.0005979,0.0012779,0.0035496,0.0029045,0.0019815,0.0010839,0.0010548,0.0021802,0.00024888,0.00099551,0.0014706,0.0010659,0.00034586,0.00059969,0.0010911,0.0012556,0.00060998,0.0005502,0.00039481,0.00085527,0.0014617,0.00089833,0.00070224,0.00058037,0.0010572,0.0011659,0.00025039,0.0016703,0.0014387,0.0011478,0.0015859,0.00071051,0.0013319,0.0024856,0.0056942,0.0030812,0.0027919,0.003892,0.0047801,0.0086048,0.032085,0.028958,0.01459,0.0034162,0.0029907,0.010014,0.013088,0.0066469,0.0053303,0.0041707,0.00089735,0.0015447,0.00065262,0.00092478,0.00080339,0.00059704,0.0011986,0.00031063,0.00087765,0.0015981,0.0013415,0.0015426,0.0019098,0.00086859,0.0011449,0.0028144,0.0021603,0.0014841,0.0010231,0.0008385,0.0016096,0.0015145,0.00083595,0.00027749,0.0023222,0.0022239,0.0020985,0.0025306,0.0014345,0.0011402,0.0032975,0.0016571,0.00405,0.0032528,0.00052532,0.0013256,0.0010388,0.0011886,0.0033903,0.0051518,0.0012501,0.0028092,0.0029486,0.0022292,0.0015421,0.0019696,0.0075423,0.011396,0.0064195,0.0077882,0.015848,0.016841,0.02027,0.027515,0.048575,0.055967,0.059105,0.046752,0.023813,0.004033,0.0086208,0.0090854,0.0074816,0.0024984,0.00048267,0.0011406,0.0024169,0.00071543,0.0019476,0.0033483,0.0022416,0.0016194,0.0032263,0.00051226,0.0020336,0.0007129,0.0013843,0.0029834,0.0013379,0.00044404,0.00096307,0.0022749,0.0015229,0.0023021,0.0025755,0.0022714,0.0019245,0.0020826,0.0013759,0.002558,0.0023064,0.0024559,0.0013604,0.0021097,0.0011823,0.00075079,0.00065752,0.0011647,0.0018195,0.00095123,0.0012336,0.00056087,0.0016706,0.0018828,0.0019481,0.0010825,0.0025294,0.0013743,0.0041819,0.0038587,0.0014999,0.0030451,0.0082993,0.015025,0.023031,0.016852,0.013949,0.012147,0.020736,0.035394,0.045485,0.086537,0.052193,0.018852,0.011195,0.010565,0.0019616,0.0067867,0.020038,0.011659,0.011356,0.013079,0.0033511,0.0033637,0.0024579,0.0022635,0.0021804,0.0033168,0.0024174,0.0016269,0.0029916,0.002311,0.0018863,0.00043413,0.0029034,0.001744,0.0027733,0.0028609,0.0047622,0.0026943,0.001641,0.0022864,0.0071809
0.0064212,0.0013414,0.0062222,0.0062012,0.0012147,0.0049709,0.0055992,0.0025664,0.0023849,0.0074884,0.0039761,0.0072081,0.0039027,0.0015605,0.00248,0.0063832,0.0030817,0.0046211,0.0030483,0.0040808,0.0046531,0.0075664,0.0041881,0.0041083,0.0018182,0.0034491,0.003514,0.0071683,0.0067691,0.0063507,0.0064979,0.0062118,0.0062594,0.0028002,0.0039963,0.0011541,0.0004692,0.0057264,0.0082393,0.0064145,0.0044659,0.0014956,0.011881,0.022827,0.028693,0.026693,0.019868,0.013581,0.0084128,0.0019598,0.0067634,0.0091177,0.006267,0.0023047,0.0033426,0.00098737,0.0023417,0.001457,0.00077328,0.001332,0.0031093,0.0044206,0.0012401,0.0030136,0.0034019,0.0026674,0.0025169,0.0044985,0.0012441,0.0055911,0.0023183,0.0054837,0.0040237,0.0048815,0.010781,0.012087,0.010521,0.018712,0.016137,0.042989,0.080259,0.13507,0.12049,0.062372,0.03196,0.024825,0.020172,0.012158,0.0015883,0.0047329,0.0042056,0.0050616,0.00084665,0.001962,0.0047778,0.0052165,0.0012264,0.0063124,0.005304,0.0085061,0.017776,0.0078754,0.011931,0.021203,0.011753,0.0095423,0.023023,0.018211,0.012929,0.0098356,0.010162,0.020612,0.02348,0.013315,0.0065978,0.020539,0.027248,0.025379,0.020846,0.016635,0.013414,0.0087553,0.0040217,0.0020253,0.0029767,0.0035541,0.0020996,0.0019084,0.0024083,0.0028758,0.0022705,0.0014823,0.00062237,0.001082,0.00078725,0.00085201,0.00081085,0.0016884,0.0012543,0.0010525,0.0026412,0.0031557,0.0005941,0.0027441,0.0080105,0.014634,0.022223,0.018703,0.0070719,0.0054054,0.0055528,0.0054179,0.0046491,0.0050993,0.0058775,0.0054401,0.004173,0.001279,0.00077419,0.0017299,0.001158,0.0019952,0.001685,0.0035461,0.0060134,0.0074759,0.00082425,0.0053861,0.0025996,0.0032704,0.0025967,0.0018716,0.006166,0.01325,0.0090216,0.0016949,0.0012316,0.0024992,0.0020816,0.003672,0.0086743,0.0094583,0.0071075,0.0068422,0.0079719,0.0051806,0.0026719,0.0052487,0.004879,0.0034989,0.0042387,0.0026723,0.00051132,0.0010529,0.0012296,0.0030886,0.001237,0.0024517,0.0036421,0.0045311,0.0048658,0.0056477,0.0059516,0.0034281,0.0055532,0.0071362,0.0042325,0.0037421,0.007366,0.0056143,0.013043,0.01653,0.012837,0.0082067,0.0089537,0.0063782,0.0019497,0.0061734,0.0041452,0.0030618,0.0012605,0.0044983,0.0060872,0.0054878,0.0027867,0.010795,0.0074724,0.015451,0.013378,0.012011,0.02294,0.012562,0.0082751,0.02667,0.028943,0.015216,0.0045552,0.019147,0.025704,0.024156,0.016899,0.0076197,0.0036834,0.0020905,0.0039819,0.0068952,0.0052847,0.0058448,0.0082867,0.0085222,0.0062984,0.0038383,0.0027217,0.0036104,0.0049441,0.0049621,0.00567,0.0050204,0.0041751,0.0071608,0.0029069,0.0064333,0.0071533,0.0057765,0.0041646,0.0015405,0.0022345,0.0045097,0.0064651,0.0094768,0.009616,0.0076698,0.011251,0.014277,0.07134,0.11693,0.16881,0.18197,0.11293,0.05469,0.038597,0.019375,0.011516,0.0059656,0.0076059,0.0044217,0.014439,0.0061052,0.017799,0.013373,0.008891,0.0082996,0.013018,0.017461,0.0076762,0.015488,0.01948,0.011407,0.0080565,0.0040462,0.0079495,0.013738,0.0065211,0.014224,0.014575,0.005845,0.0026506,0.0015221,0.0057439,0.0093809,0.011132,0.0088558,0.010743,0.0098453,0.005869,0.0028388,0.004144,0.0015483,0.0035484,0.0031196,0.0022467,0.0045252,0.0038684,0.0056327,0.007386,0.0019475,0.0012014,0.00011623,0.0018246,0.0026223,0.001968,0.0021991,0.0021153,0.0019774,0.0028418,0.001861,0.0015434,0.0029177,0.0028532,0.0089053,0.01314,0.021696,0.023151,0.012739,0.0095885,0.0047204,0.0051566,0.0062627,0.0044966,0.0053409,0.0065216,0.007802,0.010312,0.011411,0.0095923,0.012485,0.0099521,0.0094322,0.003648,0.012387,0.0056305,0.0073347,0.0094582,0.007213,0.0033346,0.0083489,0.010243,0.0069965,0.0064574,0.0080913,0.0076006,0.003955,0.0041603,0.0054544,0.0042592,0.0020832,0.0015831,0.004303,0.003566,0.0030845,0.0031067,0.0055587,0.0067366,0.0028602,0.0011069,0.0029201,0.0035061,0.0037101,0.0021912,0.0021554,0.00213,0.001898,0.0019848,0.0023012,0.0014885,0.00078939,0.001997,0.0017766,0.003105,0.0016667,0.0042291,0.00613,0.0018793,0.0047912,0.0031103,0.0027948,0.0070198,0.0096577,0.005473,0.001178,0.0020506,0.00030626,0.0039364,0.0050872,0.0056544,0.0073518,0.008227,0.0099884,0.0073206,0.0098519,0.0069076,0.010581,0.0096699,0.01816,0.0050815,0.014905,0.0052735,0.0091588,0.0083301,0.010308,0.019031,0.02058,0.02078,0.021509,0.021138,0.020082,0.017808,0.014658,0.0097383,0.0060261,0.0050561,0.0051432,0.0052494,0.0032555,0.0019114,0.00055179,0.00078102,0.00099697,0.0018486,0.0032316,0.0043474,0.0027481,0.00044942,0.0025332,0.0029305,0.0071492,0.0054293,0.0053983,0.0082969,0.0077464,0.0063893,0.0081566,0.0059128,0.003874,0.002461,0.0044923,0.0019229,0.0098216,0.015203,0.034586,0.087545,0.13078,0.11015,0.05587,0.037589,0.037524,0.024531,0.029327,0.026947,0.032525,0.030754,0.027556,0.027761,0.022329,0.02118,0.019571,0.032105,0.016257,0.055038,0.011822,0.040457,0.023397,0.038472,0.056091,0.041045,0.031852,0.080713,0.11174,0.11204,0.095711,0.076118,0.05831,0.041541,0.024803,0.010886,0.0075528,0.0085896,0.0089973,0.0073684,0.0043088,0.0041193,0.0060117,0.0078125,0.0065933,0.0059174,0.0010693,0.00601,0.0057151,0.002898,0.0019854,0.004005,0.0022134,0.0012827,0.00056553,0.0016369,0.001516,0.00071282,0.0031007,0.0034214,0.0011517,0.0015893,0.0063131,0.0072585,0.0055192,0.012435,0.0097965,0.00929,0.012943,0.014748,0.012796,0.010248,0.013415,0.012134,0.013646,0.024281,0.021142,0.016329,0.025501,0.02526,0.020676,0.023368,0.02454,0.0055065,0.046292,0.020196,0.033792,0.026906,0.015564,0.0316,0.02124,0.0099849,0.036447,0.060133,0.064082,0.052546,0.034507,0.019082,0.010155,0.0087933,0.011884,0.0081358,0.00049173,0.0088329,0.010347,0.0044911,0.0031817,0.00021403,0.0055005,0.005078,0.0035161,0.003436,0.0055647,0.0053595,0.00091249,0.0025546,0.00087319,0.0021804,0.003428,0.0028273,0.00060858,0.0021107,0.002268,0.0020541,0.0017316,0.001401,0.0031453,0.0018126,0.0038085,0.0031551,0.0061864,0.0094985,0.014649,0.017096,0.010795,0.002375,0.0021427,0.0033828,0.0025359,0.0050814,0.0053383,0.0039231,0.0070651,0.0070226,0.0048183,0.0049268,0.0061065,0.0055032,0.0042007,0.002665,0.0091556,0.0074177,0.011962,0.009119,0.0031954,0.0021345,0.0029626,0.011,0.018522,0.018497,0.018417,0.02044,0.017853,0.011778,0.0058365,0.0027523,0.00112,0.00041968,0.00068629,0.0019184,0.0039315,0.0061912,0.0060881,0.0027132,0.0033607,0.0040361,0.0044228,0.0065919,0.0053507,0.0013027,0.00037143,0.0074767,0.014963,0.015664,0.0076986,0.0089436,0.020304,0.018498,0.0059301,0.0067606,0.015604,0.023997,0.018433,0.0086983,0.035094,0.030413,0.0675,0.19003,0.20239,0.10409,0.033092,0.011524,0.023173,0.028888,0.022332,0.020829,0.021964,0.028266,0.018874,0.0098624,0.0080467,0.018617,0.018223,0.014183,0.013478,0.0058988,0.013678,0.013112,0.033582,0.062819,0.0486,0.0070007,0.046535,0.073985,0.085877,0.075976,0.050904,0.035162,0.025595,0.026958,0.030438,0.021542,0.013743,0.02369,0.022689,0.0074716,0.0099916,0.011494,0.0057386,0.0066103,0.0072557,0.0071228,0.0080442,0.0059315,0.0033705,0.0044496,0.0033016,0.0014858,0.0031155,0.004044,0.0038947,0.0010463,0.0036649,0.0059253,0.004179,0.00024408,0.0028167,0.0047473,0.0056763,0.0041909,0.0098075,0.017489,0.018343,0.016606,0.017547,0.013268,0.0055207,0.010395,0.015629,0.012555,0.0043814,0.0097465,0.011901,0.0069565,0.0017239,0.0081641,0.0082948,0.0022122,0.010494,0.022335,0.011875,0.029682,0.02812,0.033986,0.061549,0.041504,0.015496,0.030366,0.033106,0.027016,0.02351,0.024077,0.02806,0.02979,0.026497,0.018697,0.011008,0.0014549,0.0065262,0.0089872,0.01025,0.008568,0.0079744,0.014269,0.017928,0.012873,0.0032365,0.0067878,0.015284,0.01483,0.0088141
0.0016866,0.0014062,0.0015159,0.0018577,0.0013007,0.0040385,0.0030055,0.00090079,0.001503,0.0021214,0.0030878,0.0016375,0.0012321,0.0017067,0.00034948,0.0026111,0.0021332,0.00095272,0.0023273,0.0043909,0.0041599,0.0020979,0.0011182,0.00044886,0.0012545,0.0011308,0.002794,0.0017758,0.0011187,0.0034753,0.0032596,0.0035923,0.0023468,0.0024418,0.0044037,0.0032525,0.0049999,0.0098339,0.007431,0.0012835,0.0013156,0.0020557,0.0012828,0.0024038,0.0013658,0.00073622,0.0017243,0.0013034,0.00066146,0.00071673,0.00073242,0.002365,0.0029341,0.0018813,0.0016853,0.0013247,0.0014093,0.002236,0.00073427,0.0028035,0.0034991,0.00097267,0.0009767,0.00098734,0.0025309,0.001519,0.0023865,0.0027964,0.0027605,0.0026679,0.0025077,0.0018299,0.0023502,0.0015537,0.0026341,0.0054549,0.0047806,0.0031548,0.0036184,0.0020331,0.0024289,0.0030567,0.0025465,0.0017605,0.0027238,0.0019643,0.00067854,0.0019921,0.0042903,0.005914,0.0028685,0.0088967,0.012708,0.0087766,0.011802,0.01357,0.0042468,0.03171,0.04077,0.0092871,0.0079413,0.01223,0.033055,0.027484,0.0082928,0.014081,0.0058832,0.0058847,0.0056469,0.0042629,0.0034688,0.0033425,0.004355,0.0041215,0.0019293,0.0011127,0.00045797,0.00085652,0.00039657,0.00012039,0.00080009,0.00063083,0.0011069,0.0024165,0.0055809,0.0047606,0.0033367,0.0022115,0.0029104,0.0019315,0.0012317,0.00052936,0.00072164,0.00080315,0.0022119,0.0018165,0.0020813,0.0017728,0.00067127,0.0015155,0.0027355,0.001126,0.0012613,0.0024417,0.0030124,0.0010638,0.001045,0.0009425,0.00072499,0.0014278,0.0013413,0.00079948,0.0012944,0.0023338,0.0027995,0.0048526,0.0096079,0.0080371,0.0018124,0.00074148,0.0027311,0.0024303,0.013064,0.015065,0.007592,0.004662,0.0079283,0.015846,0.013878,0.0029308,0.0022023,0.00076108,0.0005293,0.0010467,0.001264,0.00085881,0.0019947,0.0016079,0.00088662,0.00029318,0.0014395,0.0011355,0.00075047,0.00091101,0.0012178,0.0020016,0.002283,0.0022541,0.0017529,0.0013379,0.00097455,0.0035475,0.0029173,0.0038139,0.0092495,0.0024245,0.0016936,0.0010139,0.0015511,0.0011875,0.0008068,0.0015027,0.001411,0.0010789,0.0010961,0.00055543,0.00047089,0.0008829,0.0013062,0.0013512,0.00096405,0.001094,4.0935e-05,0.00098417,0.001571,0.00033791,0.0025927,0.0027703,0.0028109,0.0038114,0.0049869,0.0069423,0.001488,0.0062889,0.0068731,0.013573,0.017121,0.036347,0.037614,0.027512,0.015655,0.0059837,0.008577,0.009787,0.0076718,0.0014044,0.0029632,0.0026923,0.0021456,0.001761,0.0020293,0.0015044,0.0009723,0.00088448,0.00097476,0.0012006,0.0011403,0.00084108,0.0010795,0.00081353,0.00059815,0.0015845,0.0011103,0.0011843,0.0020909,0.0011859,0.0019126,0.0030238,0.0022849,0.00086925,0.0015544,0.0034986,0.0035682,0.00037556,0.0020805,0.0016763,0.002527,0.0029704,0.00135,0.0029722,0.0033532,0.0024331,0.003175,0.0035508,0.0022226,0.0016423,0.0054881,0.0055018,0.0045708,0.0047239,0.0021595,0.003021,0.0073625,0.0054444,0.011691,0.030282,0.062409,0.041963,0.01509,0.011626,0.012231,0.021393,0.026147,0.027991,0.023642,0.026835,0.011169,0.0045156,0.0027925,0.0079003,0.0064088,0.0049449,0.0057066,0.0061422,0.0046107,0.00301,0.0029884,0.001464,0.0036267,0.0039202,0.0037278,0.0031293,0.001399,0.0023144,0.0038363,0.0026592,0.00084684,0.002062,0.0025673,0.0023664,0.0035598,0.0032442,0.0028553,0.0030433,0.0026313,0.0014562,0.0019163,0.0019341,0.00027812,0.00058221,0.0011947,0.0015051,0.00085129,0.00056352,0.0014261,0.0011792,0.0013159,0.00097512,0.00047219,0.0013388,0.0013158,0.0014466,0.0018974,0.0021173,0.0023257,0.00063621,0.0013514,0.0025621,0.0027737,0.0029098,0.010512,0.017772,0.017724,0.010292,0.0051916,0.0070266,0.0083173,0.014776,0.013683,0.0094708,0.0095138,0.0054242,0.0029193,0.0025701,0.0035902,0.0022179,0.0018949,0.0021406,0.00096578,0.00080336,0.0017065,0.0016542,0.0022326,0.001739,0.00082725,0.0020156,0.00203,0.0010807,0.00073986,0.0013407,0.002958,0.0020055,0.00062545,0.001334,0.00077275,0.0010813,0.00054638,0.00099908,0.0011333,0.00094761,0.0011209,0.00060005,0.00077903,0.00050567,0.0012796,0.00148,0.0009437,0.0017737,0.0010374,0.00057953,0.0017808,0.0017616,0.00091243,0.00050491,0.00084125,0.0012676,0.0017785,0.0015874,0.00078801,0.00037735,0.00096685,0.0017857,0.0017625,0.0010813,0.0021985,0.0028236,0.0075985,0.010968,0.0053308,0.010169,0.010039,0.01115,0.01671,0.027558,0.013227,0.0069945,0.0046693,0.0046381,0.0053641,0.0029777,0.0009448,0.00080295,0.00054859,0.00087559,0.0018249,0.0017249,0.0012323,0.0004587,0.0004982,0.0011618,0.0015667,0.001645,0.0014011,0.00095019,0.0016983,0.0019461,0.0012068,0.0007276,0.0013129,0.0021715,0.0014177,0.0007074,0.00065107,0.0010861,0.000865,0.0046634,0.0051001,0.0047174,0.0033493,0.0037692,0.0025737,0.0023489,0.0077233,0.0083988,0.0067754,0.008771,0.010823,0.010389,0.0083218,0.0059205,0.0068959,0.0098013,0.012527,0.012065,0.0070225,0.0084117,0.012043,0.011334,0.011855,0.014781,0.011524,0.0050579,0.010632,0.017062,0.031983,0.036451,0.056135,0.084781,0.17428,0.092155,0.03414,0.02119,0.011938,0.0076382,0.012661,0.012937,0.010681,0.0076671,0.0089875,0.0094336,0.0046137,0.0051059,0.0070361,0.005753,0.0058239,0.0057464,0.0059623,0.0046776,0.0024404,0.0051367,0.0058955,0.0033891,0.0020234,0.00099414,0.0036918,0.002054,0.00072388,0.0048055,0.0037741,0.0034067,0.005374,0.0025337,0.0046751,0.0101,0.0078998,0.0042266,0.0036074,0.0034796,0.0045554,0.0039979,0.004107,0.0046696,0.004848,0.0045743,0.0051642,0.0055964,0.0058093,0.0066403,0.0074642,0.007449,0.0073549,0.0080171,0.0084479,0.010412,0.012545,0.01293,0.013798,0.01084,0.016834,0.032638,0.031812,0.030273,0.058245,0.13256,0.088043,0.034325,0.019272,0.019942,0.019688,0.013055,0.0065193,0.0069061,0.0089183,0.0080223,0.0053443,0.0028821,0.0040495,0.002678,0.0006173,0.00081318,0.0020725,0.003012,0.0038626,0.0028049,0.0010204,0.0012383,0.0018826,0.0023918,0.0019236,0.0030597,0.0027512,0.0025236,0.0022289,0.0049757,0.0040058,0.00086616,0.00091474,0.00028234,0.00064275,0.00083054,0.0010823,0.0013003,0.0013562,0.00029927,0.00069862,0.00035112,0.00063913,0.0011193,0.00078225,0.00089486,0.000577,0.00065,0.0015287,0.00061525,0.00076382,0.00032422,0.00040329,0.00085541,0.00024468,0.00077595,0.00023573,0.0019904,0.0026211,0.0013069,0.00040376,0.0038678,0.0015681,0.017706,0.023928,0.016043,0.0064311,0.00073396,0.013501,0.016331,0.0050674,0.0013415,0.0021978,0.0010997,0.0012024,0.0021526,0.0020218,0.00091152,0.0008359,7.3802e-05,0.0003296,0.00081281,0.0013399,0.00045776,0.00041468,0.00051728,0.00083701,0.00053287,0.0015035,0.0015658,0.00098604,0.00039212,0.00028011,0.00061543,0.0016116,0.0026612,0.0051867,0.0025431,0.00096142,0.0021654,0.0014252,0.0012072,0.003255,0.0040268,0.002523,0.0021613,0.0021544,0.00096698,0.0036027,0.0029387,0.0027313,0.001872,0.0018323,0.00052999,0.0025289,0.0035366,0.001795,0.00047731,0.0015282,0.0038637,0.0023246,0.0055407,0.0050489,0.0061071,0.010767,0.0051707,0.0040434,0.017603,0.027599,0.04739,0.029481,0.0078444,0.0021018,0.0033136,0.0033798,0.0011281,0.0037335,0.0038406,0.0034578,0.0024869,0.0025685,0.0016768,0.0030227,0.001777,0.0010138,0.0017447,0.0034673,0.0026023,0.0010123,0.0035705,0.0028215,0.002701,0.0049678,0.005132,0.0038153,0.0033526,0.0014713,0.0010677,0.002278,0.0030263,0.00053386,0.0043113,0.0033832,0.0017451,0.0031465,0.00020965,0.0014335,0.0003909,0.0016424,0.0014636,0.00051966,0.00077058,0.0012308,0.0021302,0.001679,0.00162,0.00082183,0.0020813,0.0022678,0.0011213,0.0032904,0.0030785,0.0030131,0.0035639,0.0044045,0.0044621,0.0085765,0.025745,0.020816,0.0058096,0.0077048,0.0038656,0.014903,0.041456,0.1089,0.084405,0.043934,0.024535,0.0081888,0.016003,0.011324,0.0087332,0.0081271,0.0059042,0.0066939,0.0053937,0.0042136,0.0026193,0.0017007,0.0039391,0.0032655,0.0033578,0.0017666,0.0019922,0.0028903,0.0022993,0.0018002,0.0020741,0.0015795,0.0026397,0.0010308,0.0022008,0.0039362,0.0020135,0.0026709,0.0015154
0.0015611,0.0010454,0.0013072,0.0013053,0.001185,0.00082311,0.0014198,0.00087214,0.00064866,0.00068076,0.0019942,0.0017648,0.00045946,0.0015906,0.0022042,0.001606,0.0019882,0.00099843,0.0028194,0.0011801,0.0021087,0.001896,0.0023033,0.0025823,0.002276,0.0024146,0.0035227,0.0034319,0.0027155,0.0021666,0.0018426,0.0010527,0.002862,0.0068183,0.0028203,0.0028191,0.0029351,0.0060219,0.0063997,0.0014709,0.0030542,0.0039019,0.0021884,0.0010363,0.0015955,0.00061332,0.00046483,0.0015547,0.0013606,0.0015707,0.00091116,0.00028506,0.0016208,0.0021141,0.0018211,0.0022351,0.0013243,0.0014477,0.00082434,0.00072926,0.00072184,0.0014707,0.0013312,0.001499,0.0022882,0.00092932,0.00099121,0.0010218,0.00070959,0.0015148,0.00026252,0.0023002,0.0010338,0.0017959,0.0020796,0.00073383,0.0025492,0.0020056,0.00047783,0.00072717,0.0014348,0.0026491,0.0018686,0.0007058,0.0018518,0.0023799,0.0036843,0.0026396,0.0037329,0.0068441,0.0078541,0.0043543,0.011418,0.0021744,0.0054521,0.0013712,0.0052407,0.0083647,0.035867,0.048915,0.018335,0.019692,0.046466,0.04401,0.011291,0.0044453,0.001263,0.0046439,0.0079723,0.0060593,0.0013576,0.0006691,0.0023223,0.00327,0.0037346,0.0025243,0.0020832,0.00031919,0.001034,0.0002307,0.00062319,0.0018832,0.0014929,0.00045948,0.0018593,0.0040919,0.0013688,0.0030363,0.0030636,0.0052608,0.0014409,0.0023569,0.00090815,0.00049739,0.00068793,0.0005636,0.0010919,0.0020446,0.0010251,0.0016183,0.0035531,0.0040229,0.0020979,0.0007761,0.00044038,0.0012916,0.00055357,0.0017196,0.0013705,0.0012115,0.00098087,0.00057312,0.00090034,0.00098941,0.0011479,0.0011043,0.0066186,0.010817,0.0052397,0.0013232,0.00039137,0.00079703,0.0011773,0.0059612,0.010608,0.0052235,0.0053066,0.016662,0.016026,0.0023156,0.00090806,0.00091894,0.0011187,0.0014755,0.00095888,0.00065688,0.00029683,7.1959e-05,0.0011777,0.0017464,0.0014782,0.00094364,0.00035306,0.00093547,0.0005561,0.00031058,0.00069368,0.0012105,0.0017491,0.0021742,0.0021479,0.0025051,0.0017565,0.0031019,0.0085318,0.0021819,0.001961,0.001125,0.001038,0.0011463,0.00078463,0.00081388,0.0011049,0.0012981,0.0013372,0.0014446,0.0013164,0.0015211,0.0018534,0.0021194,0.00217,0.0026562,0.0026951,0.0021716,0.0019792,0.0032882,0.003562,0.0030129,0.0029685,0.0033459,0.0043,0.0086385,0.0097877,0.0060847,0.006745,0.0095627,0.01759,0.022582,0.041924,0.040368,0.011139,0.02636,0.0078893,0.00098327,0.0087836,0.008893,0.0066838,0.0054081,0.0051248,0.0049094,0.0043311,0.0035661,0.0026623,0.0020564,0.0023659,0.0027726,0.0028724,0.0027092,0.0022638,0.0020666,0.0017662,0.0013058,0.0016988,0.002415,0.002421,0.0021903,0.0016653,0.0018006,0.0023983,0.0031117,0.0017781,0.0018305,0.003152,0.0042463,0.0026911,0.00073865,0.00024534,0.00098218,0.0011019,0.0008223,0.0018191,0.0044166,0.0047881,0.003818,0.0047344,0.0063713,0.0079196,0.0092518,0.011008,0.0089061,0.0052234,0.0063659,0.0094496,0.012212,0.010958,0.012555,0.045818,0.051788,0.0076678,0.019037,0.011155,0.01435,0.016152,0.03248,0.016096,0.023638,0.017382,0.0030524,0.0026794,0.0072537,0.0073257,0.0052629,0.0043697,0.0050783,0.0048645,0.0038919,0.0030246,0.0031285,0.0027851,0.0022697,0.0023725,0.0032467,0.0031322,0.0026549,0.002492,0.0019902,0.002702,0.0032893,0.0028276,0.003342,0.0041548,0.0040464,0.0043645,0.0037249,0.0029222,0.0017063,0.0025261,0.0020687,0.00071369,0.0012632,0.0022827,0.0014403,0.00020499,0.0001125,0.00074622,0.00094196,0.00089836,0.00047171,0.00036766,0.00023863,0.001146,0.0018821,0.0025122,0.0021812,0.00038409,0.0010377,0.0005093,0.0018725,0.0036826,0.0047949,0.0051444,0.01156,0.012418,0.0008437,0.0068821,0.0056553,0.0054414,0.007652,0.013439,0.0092138,0.0031416,0.0051033,0.003318,0.0022667,0.0017608,0.0011398,0.00047443,0.00012141,0.00039132,0.00075466,0.0013616,0.0018339,0.0020732,0.0019229,0.00063993,0.00048283,0.001215,0.0020998,0.0013044,0.00037725,0.00094142,0.0014389,0.0013551,0.00081577,0.0010343,0.0016587,0.0021397,0.0024028,0.0028426,0.0020499,0.00070238,0.0015971,0.00098864,0.00056958,0.00050347,0.00029319,0.000577,0.00076913,0.00098128,0.0017042,0.0021145,0.00084117,0.00024923,0.00020324,0.00042692,0.00039506,0.00075235,0.0013527,0.0015486,0.0016192,0.0013103,0.00092871,0.0017888,0.002498,0.0024638,0.003172,0.0035931,0.011143,0.0087458,0.006183,0.0085277,0.0058299,0.0088093,0.0044268,0.025942,0.019196,0.0028971,0.0040495,0.0067417,0.0040394,0.0030988,0.0029377,0.0026592,0.0026725,0.0021913,0.0017936,0.0018543,0.0019323,0.002089,0.0021381,0.0022033,0.0019431,0.0013692,0.00073845,0.00049141,0.00081204,0.0011552,0.0010714,0.00083536,0.0010797,0.0010802,0.0019678,0.0029126,0.0014982,0.00083447,0.0044334,0.004383,0.0017915,0.0029618,0.0071847,0.0084737,0.007382,0.010888,0.013425,0.0083729,0.0044652,0.005204,0.0057744,0.0028705,0.0034588,0.0049043,0.0033126,0.0092762,0.0070963,0.0029779,0.0019026,0.0075672,0.0070166,0.0031902,0.0021083,0.0056507,0.012539,0.011851,0.020017,0.024917,0.026493,0.024743,0.035899,0.046342,0.15226,0.1043,0.020056,0.00735,0.0058978,0.0082817,0.010824,0.010248,0.01081,0.012277,0.010602,0.0062095,0.0060503,0.0065529,0.0072311,0.0041761,0.0042315,0.0081941,0.011798,0.006009,0.0029147,0.0070529,0.01158,0.011778,0.0076157,0.0030451,0.0044234,0.0082507,0.0076087,0.0038426,0.0039218,0.01286,0.010311,0.010963,0.0083321,0.0064914,0.0050204,0.0030516,0.0027263,0.0027183,0.0033626,0.0037266,0.0038323,0.0041862,0.0041815,0.0042834,0.0041549,0.0045509,0.0049888,0.0045367,0.0033576,0.0042003,0.0064942,0.0075049,0.0073955,0.00807,0.0089773,0.0040591,0.0034898,0.0068521,0.016665,0.021407,0.028648,0.033561,0.051545,0.11848,0.057776,0.0058349,0.018563,0.020681,0.012176,0.0077379,0.0066879,0.0080279,0.00883,0.0092978,0.0079772,0.0073314,0.0070241,0.0051395,0.0033903,0.0031158,0.0030182,0.003798,0.0040959,0.0041252,0.0038028,0.0026104,0.0019557,0.0014537,0.0024224,0.0042127,0.0051561,0.004742,0.0050602,0.0060346,0.00082671,0.0015496,0.0012219,0.00080165,0.0010591,0.00085803,0.0003984,0.00025028,0.00044528,0.0003459,0.0002587,0.00055978,0.00090137,0.00090882,0.0012932,0.001065,0.0012848,0.0015834,0.0017585,0.00027075,0.001354,0.00031149,0.00053534,0.00026884,0.0005159,0.0011364,0.0030823,0.0040498,0.0017459,0.00082433,0.0019945,0.0051145,0.0051042,0.007236,0.018216,0.012121,0.012741,0.015113,0.014708,0.0050922,0.0030315,0.00088315,0.0017462,0.0011849,0.00098642,0.00049397,0.0010637,0.0013439,0.00045901,0.00036196,0.00078112,0.00096957,0.00018772,0.00073376,0.00073795,0.00050532,6.8858e-05,0.0010062,0.001123,0.0005125,0.00095139,0.0010028,0.00096909,0.0013307,0.0011712,0.0025126,0.0026678,0.0011523,0.0019108,0.0040331,0.0037995,0.003405,0.0037132,0.0018363,0.0011127,0.001399,0.0019088,0.0019392,0.00070787,0.002066,0.00072014,0.00063239,0.0047405,0.0066453,0.0028223,0.0031044,0.0039125,0.0021842,0.0036391,0.0070335,0.0091377,0.011018,0.0056939,0.008209,0.010971,0.0096346,0.017124,0.011982,0.023821,0.020431,0.01039,0.0071481,0.005808,0.0032899,0.0013655,0.0071103,0.0065466,0.0039557,0.0015753,0.0015659,0.0024231,0.0033273,0.001786,0.0024241,0.0033657,0.00042386,0.0035966,0.0029158,0.0020435,0.0033104,0.0042493,0.0057455,0.0020893,0.0021962,0.0028715,0.0016863,0.00039339,0.0018769,0.0034838,0.0029408,0.00055547,0.0012443,0.0017866,0.00094577,0.0023041,0.0032395,0.0027522,0.0014484,0.0017945,0.0022925,0.0028032,0.0030424,0.0039983,0.0035876,0.0028681,0.0032395,0.0035877,0.0029985,0.0028374,0.0036649,0.003476,0.0036976,0.0049821,0.0061938,0.0064144,0.0047379,0.01063,0.015472,0.0032862,0.018463,0.024123,0.029003,0.038381,0.10064,0.092288,0.053419,0.054806,0.021997,0.015185,0.010273,0.013585,0.012262,0.0082337,0.0080536,0.0052832,0.0053343,0.0050486,0.0046684,0.0039178,0.0035308,0.0040111,0.0045208,0.0034684,0.0024149,0.0013348,0.0016487,0.0019161,0.0025834,0.0027806,0.0030348,0.0022395,0.0022261,0.0030278,0.0023142,0.0037057
0.0016927,0.0020141,0.0023857,0.0013939,0.0029215,0.0025394,0.0009922,0.0029548,0.003817,0.0028016,0.00087875,0.0027705,0.0034302,0.0020428,0.00061187,0.0011952,0.002464,0.0020084,0.0021282,0.0029975,0.0027963,0.0014842,0.0021988,0.0030777,0.00080631,0.0012833,0.0021712,0.0017737,0.0022799,0.00047766,0.0045542,0.0024992,0.0043432,0.0034478,0.0019197,0.0052802,0.0031579,0.0061829,0.0096465,0.0035897,0.0024193,0.0013051,0.0012575,0.0011969,0.0015484,0.0011546,0.0013157,0.0016303,0.0030567,0.0016215,0.0026247,0.0029303,0.0019223,0.001775,0.0022213,0.0030608,0.0017679,0.0010955,0.00077975,0.00192,0.00031004,0.0016428,0.0028582,0.0028666,0.0021627,0.0011585,0.0023538,0.0041064,0.0054571,0.0039011,0.0017741,0.002563,0.0032948,0.0049353,0.0049409,0.0025345,0.0010205,0.00088807,0.0012921,0.0011142,0.0050346,0.0061457,0.00072814,0.0047827,0.0023225,0.0028789,0.0027387,0.0035694,0.0039209,0.0022426,0.009951,0.013252,0.0048514,0.0057372,0.0015525,0.010416,0.01177,0.017969,0.011134,0.021777,0.038735,0.032433,0.045852,0.049402,0.023677,0.0082551,0.0013536,0.0061502,0.0024721,0.00048532,0.0021451,0.0029023,0.0030217,0.0010926,0.0042383,0.0020635,0.0024339,0.0023833,0.0019407,0.0019063,0.0032973,0.0012026,0.0018001,0.0030424,0.0022717,0.0016574,0.0029728,0.0036817,0.0024033,0.0011732,0.0015658,0.0016232,0.0010047,0.00027731,0.0008606,0.0013054,0.001247,9.264e-05,0.00047592,0.0012229,0.0022887,0.0023702,0.0024261,0.0023562,0.0011278,0.00061997,0.0008171,0.00050674,0.0017805,0.001738,0.0019154,0.0022248,0.0015073,0.00084865,0.0021465,0.0053513,0.00822,0.0083472,0.0016261,0.0040473,0.0055089,0.006093,0.0089653,0.0068108,0.0085379,0.011584,0.0052057,0.018562,0.021431,0.008031,0.001978,0.0011617,0.00099524,0.00022809,0.00041826,0.00041363,0.0009266,0.0011318,0.00081745,0.00042693,0.00051601,0.00056401,0.00047332,0.00084186,0.0011666,0.00091726,0.00073708,0.0026264,0.0025165,0.0013253,0.0017816,0.0016988,0.0044061,0.0081257,0.0067871,0.0014097,0.0004041,0.0021518,0.0026039,0.0013671,0.001106,0.0015373,0.0013339,0.00069846,0.001104,0.001356,0.00060131,0.0010961,0.0010392,0.0014774,0.00087241,0.00092859,0.0018953,0.0013701,0.002126,0.0048426,0.0045105,0.0027252,0.001225,0.0012753,0.0036783,0.0045345,0.0053316,0.0095526,0.0079188,0.0088988,0.016441,0.017585,0.017405,0.041891,0.041366,0.019546,0.0080941,0.009441,0.0057157,0.0062464,0.0053502,0.0038851,0.0033674,0.0028117,0.0032345,0.0029135,0.0019767,0.0020776,0.0018202,0.001275,0.0014712,0.001178,0.00075611,0.00059669,0.0007095,0.00090885,0.00050291,0.00075848,0.0011757,0.00066707,0.0011313,0.0024554,0.0014417,0.0019028,0.0024903,0.0021638,0.0027179,0.0023609,0.0018437,0.001029,0.00139,0.0010882,0.0017094,0.0014091,0.0013591,0.0031875,0.0038876,0.0024447,0.0023186,0.0051189,0.0085743,0.0070688,0.0028705,0.0035376,0.0089062,0.011588,0.0084725,0.0070205,0.016666,0.030191,0.041911,0.032714,0.040071,0.02247,0.0035505,0.0065771,0.0083432,0.0064733,0.022806,0.037456,0.016271,0.011526,0.0040616,0.0029814,0.0027406,0.0032844,0.0025606,0.0041482,0.0056258,0.0047952,0.0044571,0.0040758,0.0023637,0.0018961,0.0020893,0.004057,0.0047447,0.0018359,0.0028863,0.0040568,0.0020969,0.0010251,0.0035742,0.0040306,0.0028689,0.0023056,0.0032531,0.0015719,0.0016963,0.0022064,0.0030194,0.0038055,0.004165,0.002693,0.0010522,0.001135,0.001227,0.00090332,0.00059535,0.0012295,0.0012374,0.0006466,0.00080125,0.00026036,0.00090105,0.0012447,0.0020771,0.0020423,0.00030475,0.001637,0.001001,0.001448,0.0022585,0.0051936,0.010521,0.014618,0.01181,0.0073927,0.0048965,0.0018391,0.0048266,0.0085146,0.002389,0.010226,0.011152,0.0026969,0.0031577,0.0013266,0.0039646,0.003958,0.003775,0.0036239,0.0023031,0.0015478,0.00066951,0.0016725,0.0015571,0.00084528,0.0017707,0.0014205,0.00086282,0.00022042,0.00080879,0.00047401,0.0017439,0.0015596,0.00063797,0.00073441,0.0013963,0.0012131,0.00095996,0.0018623,0.002015,0.00083625,0.0023971,0.0026518,0.0015153,0.0011801,0.00099356,0.00037366,0.0010301,0.0008611,0.0020149,0.0028993,0.0023872,0.0015804,0.0017712,0.0013664,8.6944e-05,0.0006038,0.00066958,0.00057414,0.00069353,0.0006991,0.00114,0.0006898,0.0018061,0.0027795,0.0033769,0.0011217,0.0075852,0.010018,0.0075849,0.0061675,0.0092991,0.01721,0.018898,0.01716,0.0027749,0.0064041,0.0088285,0.0097541,0.0052068,0.0046324,0.0037965,0.0036737,0.0036146,0.0030885,0.0027429,0.0016152,0.00032877,0.00078018,0.0010762,0.00087218,0.0019479,0.0016157,0.00071807,0.00088122,0.0010126,0.0015528,0.00095385,0.00098515,0.00098068,0.0014839,0.0021005,0.0018097,0.00082598,0.0016375,0.0012263,0.0034719,0.0033696,0.0034339,0.0020098,0.0024393,0.0028634,0.0016989,0.0046034,0.0032007,0.0014999,0.0034471,0.0053233,0.0036205,0.001498,0.0019265,0.0049641,0.00674,0.0024793,0.0043429,0.0036494,0.0067043,0.0088457,0.0058238,0.0027492,0.002235,0.01125,0.0030832,0.002626,0.022621,0.024188,0.043206,0.064968,0.077103,0.074555,0.0055325,0.061589,0.05931,0.040397,0.030258,0.020606,0.014601,0.011721,0.0097428,0.0085538,0.0065965,0.0053731,0.0030716,0.0048471,0.0068788,0.0035302,0.0069278,0.0075338,0.0032778,0.0014159,0.002535,0.0030731,0.0026446,0.0015551,0.001343,0.0021158,0.00073615,0.0018726,0.0018155,0.0024282,0.0041814,0.0037922,0.0033394,0.003298,0.004142,0.0037157,0.001407,0.00075025,0.0037281,0.0041074,0.00207,0.0044702,0.0043794,0.0024979,0.0029856,0.0032427,0.0030064,0.0024353,0.0032751,0.0035744,0.0037669,0.0059946,0.0063759,0.0054459,0.0066367,0.0047888,0.0063743,0.0094408,0.0057012,0.01522,0.017722,0.0070493,0.035024,0.050903,0.053559,0.0090712,0.068896,0.065059,0.04117,0.021761,0.013218,0.010843,0.0081137,0.0066945,0.0069077,0.005291,0.0051988,0.0056899,0.0034304,0.0040191,0.0045897,0.003431,0.0027464,0.0029335,0.0023281,0.0026481,0.0029579,0.0023811,0.0017263,0.00083574,0.0019696,0.0027251,0.0026321,0.00087232,0.0018891,0.0018387,0.0028487,0.0043923,0.0041032,0.0024573,0.0016579,0.00043429,0.00092371,0.0003657,0.001558,0.002046,0.0010891,0.0010645,0.00035606,0.0026018,0.0025062,0.00096066,0.0012082,0.002528,0.0035754,0.0011253,0.0018913,0.00087847,0.0011231,0.0011931,0.0027745,0.0043016,0.0052853,0.0024923,0.0021639,0.0055071,0.007419,0.0038732,0.014942,0.0091906,0.012985,0.01254,0.0039583,0.0056928,0.010998,0.0088271,0.0080229,0.0050696,0.0037129,0.0014783,0.0015066,0.0021713,0.0024355,0.0028758,0.0021929,0.0013969,0.00056511,0.0024213,0.001826,0.00039072,0.00070439,0.0011176,0.0031634,0.0028227,0.00082784,0.0011349,0.0027624,0.004676,0.0037662,0.00037903,0.0016942,0.0011627,0.0027145,0.0032865,0.0030055,0.0021922,0.0015262,0.00087838,0.00073496,0.0015422,0.0010283,0.0038154,0.0049452,0.0023188,0.0030262,0.0033167,0.0021337,0.0043556,0.003455,0.0013775,0.0023229,0.0033965,0.00088036,0.0017108,0.0010852,0.0007626,0.0007738,0.0039893,0.0038199,0.00089225,0.00083703,0.0038199,0.0019025,0.0038496,0.0032092,0.0079403,0.01075,0.007457,0.005036,0.0033572,0.0052605,0.0011728,0.0036254,0.0032393,0.0026494,0.0028521,0.00019696,0.0021066,0.0025233,0.003188,0.0030548,0.00079181,0.0023634,0.0019882,0.001441,0.0013351,0.0015689,0.0023001,0.0037603,0.0049035,0.0030051,0.0015947,0.0013222,0.0020207,0.0027726,0.0027864,0.0052951,0.0063873,0.0012677,0.0053981,0.0054827,0.0040141,0.0023536,0.0042459,0.0034448,0.0035086,0.0041912,0.0011774,0.0028354,0.0046136,0.0063806,0.004075,0.0027469,0.0040332,0.0031058,0.0067168,0.006796,0.0077187,0.0060326,0.0060405,0.0041087,0.014231,0.021781,0.019119,0.010714,0.0066484,0.016564,0.011559,0.040252,0.040948,0.058585,0.12098,0.097507,0.04893,0.032049,0.035003,0.011474,0.017372,0.010193,0.0095764,0.011475,0.012978,0.0089734,0.004508,0.0082803,0.0074113,0.0076776,0.0030174,0.0042284,0.0030162,0.0032449,0.0017967,0.0036344,0.0042755,0.0050429,0.0037248,0.00031548,0.0035068,0.005137,0.0023766,0.0047639
0.003387,0.0018005,0.002166,0.0013531,0.0012454,0.00074857,0.0005333,0.0008306,0.00046759,0.002333,0.0023314,0.002136,0.002898,0.0030851,0.0026577,0.0020235,0.0032546,0.002933,0.0012833,0.0007285,0.00088596,0.0012995,0.0048003,0.0042078,0.0021839,0.0011983,0.002267,0.0024283,0.00067726,0.0014906,0.0038466,0.0045728,0.0038832,0.0038711,0.0037633,0.0074186,0.0066768,0.0061237,0.0070928,0.0027359,0.00065341,0.0013311,0.00093415,0.0022547,0.0031414,0.0045319,0.0030404,0.0021552,0.0017319,0.0028726,0.004174,0.0039413,0.0033881,0.0020359,0.0018974,0.0013717,0.0010648,0.0015621,0.0016944,0.0022058,0.0034032,0.0032853,0.0036851,0.0034497,0.0025282,0.0035536,0.0028869,0.0039363,0.0028177,0.0029723,0.0034231,0.0019831,0.0035804,0.0028205,0.0013786,0.0040094,0.0038331,0.0029138,0.0046555,0.0046248,0.0033454,0.0015835,0.0049672,0.0040296,0.0024233,0.0077299,0.0092636,0.0093513,0.016837,0.019899,0.014521,0.0059178,0.007544,0.0017971,0.0057068,0.022044,0.025009,0.029602,0.038381,0.029332,0.0081873,0.0032948,0.019984,0.039682,0.02995,0.014706,0.0030604,0.0042059,0.0029867,0.0038399,0.0025801,0.0020517,0.0032528,0.003827,0.0019485,0.0027863,0.0008694,0.0028217,0.0032272,0.0033549,0.0023107,0.0017523,0.0028147,0.0033106,0.0027192,0.0019427,0.0013774,0.00039865,0.0035756,0.0041411,0.0006442,0.00020794,0.0017011,0.0024864,0.0027067,0.0023096,0.0016145,0.0023205,0.0019621,0.0018826,0.0017888,0.0019466,0.0013914,0.00094827,0.0001461,0.00067077,0.00092171,0.00014957,0.0012319,0.0019409,0.0015563,0.0025947,0.0029427,0.0032454,0.010228,0.012474,0.0051264,0.005438,0.003255,0.0061328,0.011959,0.013285,0.010784,0.0084561,0.0021332,0.0052912,0.003102,0.0078478,0.017884,0.014822,0.0069239,0.0011584,0.0016539,0.0013571,0.00092752,0.00088269,0.00048362,0.0004614,0.0012111,0.00192,0.000862,0.00023803,8.7385e-05,0.0012535,0.001469,0.0017973,0.0045655,0.0043018,0.0020706,0.0016409,0.0008584,0.0013221,0.0045044,0.0022656,0.0033448,0.001925,0.0018795,0.00078368,0.001314,0.0013854,0.00024178,0.0010229,0.00044112,0.00028209,0.00095804,0.00060962,0.0006265,6.631e-05,0.00085194,0.00053032,0.00075206,0.00034985,0.0011433,0.00051654,0.00094102,0.0013932,0.00025218,0.0020789,0.0031932,0.0031457,0.0076336,0.0082698,0.0026119,0.0096976,0.0082011,0.027713,0.024744,0.036654,0.034628,0.031425,0.018496,0.018073,0.009095,0.0059278,0.0099745,0.0058637,0.0045957,0.0027836,0.0011911,0.0020639,0.0017326,0.0011497,0.0013569,0.0020548,0.00021966,0.0014706,0.00088632,0.0018415,0.0012484,0.0015152,0.0016118,0.0010237,0.00053538,0.0010036,0.0015155,0.00038521,0.00024763,0.00035363,0.0014959,0.0011943,0.0027697,0.0017932,0.0031865,0.0026492,0.0029158,0.0028898,0.001618,0.0026993,0.0026547,0.0015924,0.0034922,0.0024737,0.0011171,0.0012991,0.00048929,0.0017038,0.0025625,0.0061578,0.0084855,0.0055906,0.0045834,0.0099518,0.013386,0.028766,0.043539,0.054684,0.040662,0.017345,0.003187,0.0037591,0.0012151,0.01256,0.0109,0.008636,0.02311,0.029199,0.024685,0.0074835,0.003581,0.0032968,0.0049585,0.0027808,0.0035856,0.00071389,0.0021631,0.0016948,0.0013003,0.0011385,0.001382,0.00087931,0.00056984,0.0014855,0.0011216,0.00083748,0.0018278,0.0021129,0.0031496,0.0027982,0.0037608,0.0022734,0.00023375,0.0011889,0.0013927,0.0026128,0.0020728,0.0013603,0.0013779,0.00099692,0.0012905,0.00029534,0.00088403,0.00069857,0.00020708,0.00039867,0.00048169,0.0009668,0.00123,0.00022068,0.00039682,0.0007934,0.001157,0.0013141,0.0013253,0.0010085,0.00082942,0.00071227,0.001316,0.0017329,0.0021427,0.0083075,0.012293,0.0070222,0.0052384,0.0052647,0.0049728,0.0099586,0.01021,0.0076373,0.0034392,0.0020867,0.0060062,0.0043041,0.0046928,0.0036942,0.0027236,0.00071828,0.00055643,0.0029582,0.0014105,0.001045,0.00068006,0.00075326,5.5088e-05,0.0013427,0.0018108,0.00095519,0.00055811,0.00029463,0.0012112,0.0014841,0.0010611,0.00034927,0.0010655,0.0005559,0.0014551,0.0020399,0.002327,0.0021416,0.0028498,0.0018886,0.00022653,0.00067185,0.00097454,0.001008,0.0015789,0.0018869,0.0011211,0.00019362,0.00083083,0.0012496,0.00041661,0.0007917,0.0010858,0.0002949,0.00067772,0.0011246,0.00094823,0.00039282,0.00089381,0.002075,0.0022399,0.00317,0.0026068,0.0046295,0.0058814,0.010894,0.011279,0.007014,0.0056656,0.019842,0.030843,0.023874,0.010864,0.018935,0.012046,0.021277,0.022918,0.011437,0.0067153,0.0043852,0.0027462,0.0022438,0.0021875,0.0018993,0.0031757,0.0040266,0.0030067,0.00083705,0.0024761,0.0013473,0.0010537,0.00053595,0.00086917,0.0026562,0.0034384,0.0025,0.0010076,0.0013514,0.001551,0.0013337,0.0019077,0.0016112,0.0016301,0.0020992,0.0021216,0.002109,0.0008281,0.0014175,0.0040917,0.0041198,0.002897,0.00071706,0.0048583,0.0042802,0.0044045,0.0042313,0.0055101,0.0063286,0.0030367,0.00045709,0.0026169,0.0050644,0.0077736,0.010317,0.010195,0.0087335,0.0092411,0.01258,0.013252,0.011009,0.0085843,0.01843,0.022507,0.030659,0.081845,0.12432,0.10603,0.032531,0.077148,0.094677,0.076398,0.053471,0.023604,0.027784,0.022418,0.014566,0.013863,0.01312,0.015441,0.012486,0.010511,0.01027,0.0083142,0.0041834,0.0041702,0.0060688,0.0054665,0.0027657,0.0031352,0.0053481,0.0048519,0.0082595,0.0061108,0.0058033,0.0043331,0.0064019,0.0084115,0.0079687,0.0066153,0.0040999,0.0054838,0.0058858,0.0076533,0.0062887,0.0016995,0.0033904,0.0017358,0.0015231,0.0042132,0.006424,0.0057588,0.001755,0.0030496,0.0040886,0.002693,0.0003316,0.0033708,0.0033616,0.0015734,0.0043648,0.0065416,0.0036101,0.0035879,0.0047493,0.0050842,0.0058894,0.011834,0.015162,0.016552,0.035995,0.063707,0.058427,0.025175,0.042157,0.050386,0.028677,0.015549,0.020697,0.0096527,0.0038551,0.0079531,0.0080794,0.0030906,0.004863,0.0044627,0.0004736,0.0031765,0.0037892,0.0018172,0.0035648,0.0063594,0.0047402,0.0033967,0.0020086,0.0011172,0.0017214,0.0018172,0.0016581,0.00022037,0.0017175,0.0028748,0.0031639,0.0026771,0.0037877,0.0048144,0.0011453,0.0020178,0.002052,0.0017002,0.0018624,0.0021786,0.00071942,0.0016309,0.0031179,0.002977,0.0021032,0.0013879,0.0013208,0.00034131,0.001539,0.0016513,0.00075933,0.0016953,0.00129,0.0011801,0.0013997,0.0014531,0.0006324,0.00074686,0.0018339,0.0048884,0.0050135,0.0033012,0.0053082,0.0085654,0.012132,0.015008,0.017314,0.026419,0.010172,0.014732,0.017744,0.011464,0.010659,0.014376,0.0094106,0.0032102,0.0048303,0.00051086,0.00058608,0.00018635,0.0005066,0.0012943,0.0014143,0.0011814,0.0024758,0.0022112,0.0011616,0.00076075,0.00063366,0.00081367,0.0011716,0.00069111,0.00098645,0.00037785,0.00082584,0.0012514,0.0019664,0.0008196,0.0017716,0.0014044,0.0016677,0.0020098,0.0033573,0.0035501,0.0012739,0.00077023,0.001255,0.0012119,0.0026328,0.002473,0.0019308,0.0020883,0.0047696,0.0044934,0.0022041,0.0046609,0.0046015,0.0020498,0.0025935,0.0031997,0.0022031,0.0024627,0.0029359,0.0027038,0.0071342,0.0053151,0.0027409,0.0045672,0.0028405,0.0042336,0.0080068,0.0095607,0.0090037,0.0095718,0.016104,0.0089246,0.0033257,0.00046749,0.0042144,0.0042879,0.002,0.0030179,0.00080567,0.0025009,0.000853,0.0019262,0.0024288,0.0039793,0.0040835,0.0031086,0.0012555,0.00086523,0.0013216,0.0031793,0.0032884,0.0013991,0.0018394,0.0016116,0.0021843,0.00092531,0.0024087,0.0011979,0.0016349,0.0037596,0.0014785,0.0029979,0.0020511,0.0024189,0.0014524,0.00039168,0.0012171,0.0014482,0.00056786,0.0018112,0.00043041,0.0017104,0.00053604,0.00043299,0.00081377,0.00061359,0.0015864,0.0036565,0.0030848,0.0024241,0.0035581,0.004123,0.0070731,0.0029277,0.014525,0.025826,0.011936,0.0073872,0.0083354,0.0067961,0.0091816,0.0086817,0.005825,0.036941,0.092397,0.090768,0.032604,0.017629,0.020548,0.024604,0.026354,0.019776,0.016954,0.0043956,0.013054,0.011045,0.0091959,0.0056922,0.0063741,0.0045225,0.0048027,0.0063492,0.0042249,0.0049008,0.0050564,0.0056394,0.0056465,0.005845,0.0068307,0.0037799,0.0010117,0.0029434,0.0045183,0.0029985,0.0036762
0.0029598,0.0030581,0.0026818,0.003031,0.0036459,0.0029773,0.0029442,0.0027137,0.0015693,0.00051874,0.0033713,0.0048483,0.0012189,0.0021987,0.0012478,0.0022817,0.0028739,0.0015166,0.0011266,0.0023296,0.004257,0.0028911,0.0018549,0.0043901,0.0037412,0.0014458,0.0017559,0.00098713,0.0048928,0.0081422,0.0070184,0.0035019,0.0051326,0.0028086,0.011575,0.007929,0.002261,0.0017613,0.0032233,0.0061947,0.011506,0.004788,0.0009476,0.0016145,0.00085138,0.001934,0.002076,0.0010414,0.001187,0.0018973,0.0018667,0.0007293,0.00036194,0.0023866,0.0038149,0.0027306,0.0012823,0.0015367,0.00051324,0.0020073,0.0019262,0.0011337,0.0029233,0.0027483,0.0020466,0.0012361,0.0019016,0.0010362,0.0027228,0.0027872,5.5399e-05,0.00055046,0.00078596,0.00021897,0.0031023,0.0025215,0.0017511,0.0032064,0.0020875,0.0014345,0.003301,0.0057271,0.0049611,0.0020218,0.0017745,0.0034658,0.0036635,0.005875,0.0080423,0.017671,0.013962,0.0077706,0.0057931,0.0031102,0.0019258,0.0097858,0.03,0.058729,0.03192,0.005987,0.0080764,0.0020309,0.0016056,0.0054782,0.020069,0.043919,0.026613,0.0072418,0.0048228,0.00067178,0.0013803,0.00082922,0.0014365,0.0022241,0.00055347,0.0019013,0.0022464,0.0018505,0.0018925,0.0015005,0.0024869,0.0017584,0.0018531,0.0020514,0.0037023,0.0022858,0.0016181,0.0025849,0.002573,0.0029014,0.00081372,0.00028222,0.0003584,0.00074856,0.001652,0.00096759,0.00064954,0.00087663,0.00041036,0.00062165,0.0013265,0.0017083,0.00025044,0.0016911,0.0016471,0.0014754,0.0010366,0.0013417,0.0011574,0.0020404,0.0023618,0.0017618,0.0025358,0.0029337,0.0091816,0.007455,0.0037635,0.0024939,0.0013121,0.00085896,0.0011239,0.011365,0.020735,0.013106,0.011889,0.0094161,0.0031182,0.00087651,0.0028203,0.0078834,0.018538,0.010498,0.0023387,0.001041,0.00041674,0.00075797,0.00019824,0.00055687,0.00037388,0.0006049,0.0016842,0.002786,0.0010441,0.0010091,0.0010809,0.00078677,0.00083033,0.0021688,0.0049719,0.0080722,0.0032441,0.0016369,0.0016182,0.001048,0.00093325,0.0018964,0.0019462,0.0019718,0.0020999,0.0010622,0.00091716,0.0015671,0.0014158,0.0011878,0.0014088,0.001898,0.0020576,0.0020308,0.0017915,0.0018149,0.0023359,0.0022137,0.0018899,0.0024391,0.0027509,0.0028595,0.0025832,0.0034373,0.0051077,0.0077271,0.0040128,0.0065457,0.007909,0.0096623,0.010866,0.013576,0.041393,0.052214,0.0061404,0.020829,0.011702,0.0085711,0.0051622,0.0036063,0.0057309,0.0092699,0.0025896,0.004291,0.004391,0.0043308,0.003479,0.0029312,0.0024067,0.0020124,0.0016848,0.0013795,0.0013766,0.001437,0.0012162,0.00161,0.002225,0.0028196,0.0030023,0.003091,0.0020078,0.0007583,0.0010899,0.00091945,0.00048207,0.00069024,0.00017033,0.0019728,0.0033622,0.0030794,0.0022967,0.003726,0.0038738,0.0035573,0.0037021,0.0040458,0.0038451,0.0048207,0.0062822,0.0065533,0.0090557,0.009531,0.0085207,0.0082091,0.0066657,0.0070435,0.0096563,0.0080737,0.0078008,0.037135,0.072912,0.040998,0.003873,0.010026,0.0064591,0.0012186,0.0045473,0.0080234,0.0078554,0.019403,0.03241,0.0083284,0.014287,0.012368,0.010438,0.0084182,0.0074812,0.0064161,0.0056305,0.0039141,0.0040865,0.0042589,0.0025531,0.0026279,0.0039057,0.0035347,0.0036187,0.0040422,0.0042385,0.0030764,0.0016125,0.0010464,0.00073383,0.00062502,0.0010032,0.0010791,0.0013802,0.0025217,0.001879,0.00033686,0.0011901,0.00083287,0.0011946,0.00080491,0.00025646,0.00011909,0.00070525,0.0014438,0.0011613,0.0010186,0.00089147,0.00091363,0.00090615,0.00093117,0.00051093,0.00024837,0.0011413,0.001103,0.00091164,0.00091547,0.00036674,0.0012444,0.0031108,0.002727,0.0063452,0.011287,0.0053234,0.0036912,0.0063938,0.0063315,0.0055274,0.0070123,0.012856,0.013013,0.0066443,0.0064253,0.0027759,0.0045193,0.0039772,0.0034565,0.0025712,0.0017471,0.00030722,0.00052254,0.0015952,0.002145,0.0014678,0.0015543,0.0020996,0.0025456,0.0019671,0.00099991,0.00030465,0.00082724,0.0011313,0.0013298,0.00052269,0.00049126,0.00041742,0.00033281,0.00091158,0.0015444,0.0014818,0.00079669,0.0020992,0.00086086,0.00024665,0.0003528,0.00029768,0.00055651,0.00093053,0.0011272,0.00080938,0.00078391,0.00021599,0.00056361,0.00038179,0.00057301,0.0012683,0.0017028,0.00012946,0.0011553,0.0006852,0.00042312,0.00044394,0.0010465,0.0017577,0.00057324,0.0022197,0.0051915,0.0097742,0.0057873,0.0016109,0.0030846,0.0015907,0.0048529,0.0098334,0.035251,0.045345,0.024148,0.028687,0.012604,0.0048227,0.0017145,0.0015594,0.0030891,0.0039462,0.0031815,0.0018493,0.0009346,0.00094722,0.0012707,0.0009715,0.00083229,0.0008975,0.00024175,0.0012759,0.0013064,0.00055901,0.0013532,0.0019384,0.0011105,0.0014362,0.00076518,0.0011942,0.00092602,0.00082349,0.0011466,0.00065505,0.00022591,0.00026411,0.0012267,0.0032712,0.0035549,0.0029368,0.0041158,0.0042768,0.0010547,0.0018429,0.0012182,0.0019733,0.0002494,0.0018418,0.0014252,0.0025111,0.0013173,0.0041416,0.0046573,0.0022928,0.0021448,0.0005033,0.0025909,0.00622,0.0079721,0.0033058,0.0027796,0.0055212,0.0094766,0.006513,0.0046349,0.024242,0.030581,0.15539,0.20882,0.064427,0.042576,0.011835,0.0083405,0.00051799,0.0042148,0.0080224,0.014929,0.007016,0.00204,0.0025392,0.0039278,0.0016266,0.0026088,0.00086833,0.004041,0.0021552,0.001262,0.0021885,0.000832,0.0018093,0.0010825,0.00070943,0.0022938,0.0021602,0.0022692,0.0035976,0.0016094,0.0018921,0.0012052,0.0035526,0.0028083,0.00088634,0.0014623,0.001593,0.0044378,0.0060392,0.0096843,0.0040328,0.0049388,0.0020226,0.0015154,0.00093948,0.00097519,0.0024045,0.002045,0.0010038,0.001003,0.0010576,0.0012531,0.00051877,0.0021321,0.0024087,0.0012962,0.00012644,0.0054249,0.0060189,0.0074084,0.0029634,0.0052192,0.0029807,0.011681,0.016851,0.070294,0.09449,0.037963,0.0070657,0.0075209,0.0044325,0.0026335,0.0014005,0.00069252,0.0042978,0.0020568,0.0011799,0.0020735,0.00036626,0.00044798,0.0037189,0.0031773,0.00069511,0.0017976,0.0019264,0.0018265,0.00071949,0.0022439,0.0029478,0.0029539,0.0047436,0.0035282,0.0027457,0.0016112,0.0023367,0.0019139,0.002137,0.00085947,0.0004258,0.0012817,0.00072618,0.00088161,0.0016658,0.0010658,0.00084568,0.00042493,0.0010027,0.001402,0.00036639,0.0010374,0.0010004,5.4184e-05,0.00066871,0.00070722,0.00031367,0.00045719,0.00093429,0.0009348,0.00096278,0.0011857,0.0013353,0.0011651,0.00090095,0.0028795,0.0029891,0.0021532,0.002641,0.0046487,0.0044076,0.0058856,0.010328,0.029775,0.023892,0.018118,0.017549,0.01002,0.0066303,0.0023286,0.0076415,0.015405,0.010319,0.0042113,0.0039278,0.0021784,0.0013575,0.00063453,0.0011279,0.0021943,0.0015594,0.0013123,0.00084501,0.00085998,0.00097192,0.00076656,0.0014588,0.0023806,0.0022749,0.0019349,0.0015499,0.0013415,0.00046627,0.0016486,0.0017216,0.0022507,0.0011619,0.0014164,0.0016683,0.0017079,0.0010752,0.00062757,0.0014863,0.0021975,0.0027234,0.0049554,0.0045052,0.0021195,0.00045236,0.0010787,0.00042879,0.0012367,0.0005994,0.0015107,0.0023008,0.0019795,0.0035131,0.0016586,0.0035738,0.0022315,0.0041117,0.003785,0.0043759,0.0039438,0.0031228,0.0053677,0.0045004,0.0042929,0.0042862,0.0037009,0.027753,0.026496,0.013032,0.0066426,0.00024906,0.0031364,0.0023728,0.0011995,0.0033186,0.003745,0.0024386,0.0030255,0.0013278,0.0010174,0.00040882,0.0010531,0.0016424,0.0032436,0.0021896,0.0018951,0.0031727,0.0049571,0.0029549,0.0034107,0.0038104,0.0011127,0.0013773,0.0013298,0.00049247,0.00088025,0.0014949,0.0013599,0.0019229,0.0015305,0.0013692,0.0011928,0.0005412,0.0017935,0.0027306,0.001529,0.00017311,0.0011908,0.0015582,0.0016622,0.0018916,0.00074216,0.00043516,0.0024328,0.0025231,0.0033337,0.0046262,0.0036725,0.0044055,0.0055068,0.0018257,0.021131,0.01909,0.0094512,0.0054276,0.0013615,0.0058231,0.012964,0.023777,0.051165,0.042414,0.068571,0.061273,0.057235,0.053074,0.030306,0.015096,0.010744,0.019665,0.021618,0.010915,0.0015199,0.0055676,0.0072451,0.0085706,0.006877,0.0051118,0.0038109,0.0042557,0.0040406,0.0051464,0.0052671,0.0037762,0.0031339,0.001502,0.0020374,0.0022571,0.0031554,0.0049139,0.0059275,0.0050373,0.0013524
0.0038358,0.0035855,0.0044458,0.0052568,0.0051568,0.0050857,0.005562,0.005442,0.0050543,0.0039876,0.0029625,0.0044619,0.00679,0.006739,0.0039293,0.0030719,0.0066597,0.0068028,0.0055727,0.0037599,0.0014895,0.0012052,0.0048919,0.010046,0.01235,0.011749,0.009213,0.004611,0.0023035,0.0014109,0.0035673,0.0058962,0.0074532,0.0098627,0.0058501,0.0071227,0.010311,0.0084178,0.0060807,0.00165,0.011571,0.018569,0.021706,0.019541,0.016291,0.0082268,0.0052721,0.0067339,0.0050582,0.0047034,0.0046582,0.0030063,0.0025826,0.0018402,0.0043199,0.0045432,0.0027069,0.0018708,0.0017311,0.0027207,0.0021235,0.00050763,0.00036779,0.00030965,0.0012302,0.0065935,0.0056674,0.0052432,0.0046124,0.0033285,0.0048469,0.0054856,0.0053601,0.0069998,0.0059421,0.0089483,0.0096388,0.016564,0.024905,0.047695,0.10202,0.18309,0.19864,0.13675,0.071914,0.017756,0.021198,0.029197,0.023538,0.022824,0.019699,0.013204,0.011064,0.0067476,0.0077572,0.0098487,0.012642,0.015853,0.017454,0.014726,0.0057411,0.0080942,0.012199,0.0060444,0.0061496,0.0056316,0.0022446,0.014721,0.018455,0.014715,0.012591,0.017317,0.015558,0.0067864,0.0080912,0.017884,0.024194,0.022519,0.015951,0.011591,0.010401,0.0040572,0.001458,0.0012214,0.0029233,0.0040859,0.0027261,0.0042344,0.0030069,0.0022087,0.0004285,0.00069352,0.001121,0.00099585,0.00069881,0.0013726,0.0018679,0.001336,0.0017092,0.00023486,0.00092064,0.0028936,0.0043098,0.004816,0.0096928,0.019544,0.031998,0.030902,0.016361,0.0091469,0.0042546,0.013015,0.013772,0.0091793,0.009147,0.016865,0.015749,0.010535,0.0031091,0.0050866,0.0079898,0.0084522,0.0080235,0.0058923,0.0067827,0.0022486,0.0035278,0.0074756,0.0051079,0.0055295,0.0098596,0.0092228,0.0039662,0.0016528,0.0026128,0.0036449,0.0044469,0.0075132,0.0070924,0.0067556,0.0089117,0.0061862,0.0049735,0.0094172,0.0067789,0.0018559,0.0030519,0.0038867,0.00071708,0.0027033,0.00045859,0.0026699,0.0021667,0.0016641,0.0020429,0.0015313,0.0014403,0.0011279,0.0014633,0.0013934,0.00099553,0.001417,0.0020193,0.0022428,0.0022643,0.0024208,0.0050799,0.0086682,0.011812,0.018173,0.02475,0.028124,0.020877,0.011512,0.0089394,0.0044696,0.0014779,0.0039788,0.0054568,0.0013054,0.0038144,0.0033944,0.0054235,0.0073278,0.0091774,0.010112,0.010516,0.013521,0.013546,0.015741,0.018191,0.0075387,0.017746,0.023869,0.018485,0.01013,0.019623,0.02817,0.02678,0.021366,0.017658,0.015414,0.013262,0.0085869,0.0063328,0.0076685,0.0086785,0.0071889,0.0059181,0.0058059,0.004871,0.0055813,0.0055265,0.0039739,0.0034672,0.00376,0.0028992,0.0012346,0.0029578,0.0038639,0.015557,0.011402,0.0081202,0.014672,0.018202,0.01735,0.019172,0.02405,0.02646,0.029351,0.041901,0.055691,0.064469,0.088021,0.13102,0.18432,0.23951,0.20717,0.068977,0.042927,0.090049,0.079476,0.046293,0.033278,0.032086,0.028236,0.01602,0.0014384,0.012929,0.0055243,0.019881,0.015977,0.026368,0.034753,0.032543,0.015044,0.00588,0.0078447,0.0044883,0.0038683,0.0044626,0.009727,0.0089006,0.0047523,0.00097752,0.0056376,0.0067069,0.0048086,0.0029349,0.0022425,0.0057372,0.0071288,0.0063496,0.004053,0.0045255,0.005085,0.0070543,0.01025,0.011647,0.0087113,0.0060091,0.0060067,0.0052743,0.0046967,0.0064753,0.0010609,0.0025572,0.0029319,0.0032404,0.0023268,0.0016694,0.0041404,0.005763,0.0064566,0.0087181,0.011052,0.010588,0.010628,0.014227,0.019841,0.027836,0.035489,0.033186,0.020965,0.016371,0.012766,0.013598,0.011226,0.011681,0.0033545,0.007347,0.02024,0.023248,0.013838,0.010729,0.0066254,0.0041473,0.0042785,0.0014834,0.0023731,0.0027309,0.0050603,0.0074991,0.0058799,0.0029601,0.0025518,0.0016932,0.0016495,0.0044122,0.0033328,0.0026555,0.0042075,0.0033503,0.0052234,0.0060745,0.002754,0.00090278,0.0042444,0.007618,0.007238,0.00447,0.0015462,0.0014375,0.0038435,0.0056172,0.0050365,0.0032824,0.0032194,0.0033604,0.0052875,0.0023212,0.0025915,0.0013636,0.0016459,0.0010138,0.00047249,0.0024427,0.0034037,0.0024316,0.0040259,0.0036117,0.005542,0.0072226,0.0052216,0.0046865,0.0022938,0.011527,0.015776,0.014479,0.0078738,0.003771,0.0057226,0.010061,0.0073131,0.0059305,0.007873,0.012277,0.010272,0.01226,0.015048,0.011001,0.010638,0.012121,0.0063873,0.0060631,0.013618,0.0084767,0.0099727,0.011089,0.0067867,0.0091485,0.013969,0.016858,0.017435,0.014207,0.010643,0.0091693,0.0069776,0.007575,0.009029,0.0067565,0.0044358,0.0035236,0.0027004,0.0011398,0.00028314,0.0016965,0.0028849,0.003217,0.0015618,0.0025293,0.0027001,0.0014128,0.00095703,0.0021319,0.0072233,0.0054298,0.0062696,0.010387,0.01087,0.0059511,0.0078619,0.012073,0.010054,0.0037258,0.0021443,0.0053959,0.0064429,0.014654,0.033953,0.09897,0.18803,0.21039,0.14557,0.06835,0.0072122,0.051598,0.071314,0.057214,0.043405,0.065751,0.060643,0.03518,0.037078,0.035642,0.022126,0.024635,0.03629,0.030838,0.027291,0.050887,0.046525,0.046355,0.053009,0.040026,0.038274,0.049943,0.062758,0.075389,0.083545,0.076186,0.054373,0.031275,0.014558,0.0057557,0.0018559,0.0056063,0.0078321,0.0090364,0.0063701,0.0031071,0.0043881,0.0087934,0.0062863,0.0023891,0.0011348,0.0023587,0.0019472,0.0023237,0.0046937,0.00053233,0.0041217,0.0047431,0.000912,0.0021037,0.0038914,0.0018339,0.0026316,0.0013879,0.0015924,0.0028433,0.0049395,0.011508,0.0080832,0.008721,0.0099155,0.0062829,0.013678,0.016945,0.0051455,0.0098103,0.025083,0.035156,0.030797,0.0081158,0.014026,0.01578,0.012901,0.022139,0.023678,0.018965,0.020841,0.024582,0.021695,0.012281,0.024237,0.02531,0.016847,0.026164,0.027206,0.016051,0.017648,0.029753,0.031249,0.030578,0.024526,0.015727,0.016104,0.010399,0.0043798,0.002701,0.00051195,0.0072138,0.011826,0.0067216,0.0065821,0.0076495,0.0030634,0.0051754,0.0036406,0.0017992,0.0047002,0.002807,0.0050209,0.0053169,0.00023704,0.0016539,0.0025228,0.0021752,0.002204,0.0024615,0.0021699,0.0028455,0.0030788,0.0017092,0.0014463,0.0020042,0.0035814,0.0081413,0.0090636,0.013378,0.015678,0.0093751,0.0072903,0.011474,0.012567,0.0099409,0.010111,0.011964,0.0099128,0.0066894,0.0041378,0.0025039,0.0026445,0.0020531,0.0046492,0.0069303,0.0041073,0.0031816,0.0023862,0.0074779,0.0054851,0.0052502,0.010962,0.0087782,0.00018714,0.0099584,0.016953,0.018283,0.014117,0.011242,0.007152,0.0048346,0.008438,0.0094042,0.0098357,0.0091093,0.0058866,0.0047513,0.0040919,0.0032846,0.0032494,0.0020588,0.0032972,0.0021198,0.00028631,0.00080044,0.0028261,0.003754,0.003847,0.015626,0.017239,0.01693,0.013685,0.0093162,0.012622,0.018622,0.018341,0.020687,0.028212,0.038509,0.04751,0.054526,0.050364,0.059105,0.12439,0.20092,0.18681,0.11699,0.14052,0.11227,0.033173,0.0082815,0.021447,0.032206,0.036995,0.038565,0.046759,0.03885,0.031595,0.024505,0.012354,0.0167,0.014554,0.0049754,0.016804,0.028443,0.024428,0.012258,0.013826,0.021912,0.040564,0.061361,0.067701,0.050684,0.024578,0.031638,0.037357,0.027154,0.013255,0.0032722,0.0096906,0.010198,0.0040741,0.0034547,0.0023253,0.0030475,0.0052876,0.0040414,0.0049413,0.0052103,0.0019547,0.0026695,0.0062264,0.0086076,0.0033726,0.0032108,0.0049331,0.0063886,0.007155,0.007496,0.0067743,0.0048554,0.0055351,0.0072481,0.0079562,0.011078,0.013735,0.015764,0.021057,0.025264,0.026968,0.027241,0.021599,0.008525,0.0063468,0.013279,0.015254,0.016334,0.018831,0.02097,0.016294,0.0092244,0.0066105,0.0096295,0.010164,0.010771,0.01526,0.0052301,0.013285,0.021828,0.012998,0.028042,0.034542,0.021247,0.011629,0.025479,0.027447,0.022944,0.018,0.022376,0.026171,0.020907,0.01713,0.02013,0.025032,0.02322,0.014986,0.0098216,0.0075737,0.0041995,0.0068656,0.0057866,0.0036654,0.0084946,0.013833,0.012043,0.008147,0.0089644,0.0056907
0.0064867,0.0062904,0.0050049,0.0049011,0.0058822,0.0056249,0.0079616,0.0092276,0.0063193,0.0033182,0.0028944,0.0031795,0.0066381,0.0079098,0.0057136,0.0018555,0.0025306,0.0043803,0.005275,0.0048588,0.0035251,0.0025503,0.0013999,0.001183,0.00047855,0.0020486,0.0049467,0.0059012,0.004689,0.0050932,0.0037248,0.0027825,0.0077941,0.0037782,0.0019502,0.0025192,0.0028692,0.0014925,0.0029409,0.0069648,0.0076032,0.011848,0.0091073,0.00463,0.0015643,0.0028918,0.0021818,0.0014821,0.0012788,0.00077964,0.0027124,0.0041333,0.0040997,0.0028822,0.00076342,0.0011079,0.0013558,0.002597,0.0030962,0.0021199,0.0017414,0.0030924,0.0022496,0.0011893,0.0024032,0.0056235,0.0033107,0.0022541,0.0021664,0.0016136,0.0030835,0.0055557,0.0080838,0.0094685,0.0083683,0.0089683,0.010599,0.0083396,0.0032162,0.0027953,0.0021844,0.0028046,0.0042548,0.004588,0.0034074,0.0034495,0.0037253,0.0023082,0.0022488,0.0044716,0.012074,0.014201,0.010089,0.0068813,0.0073896,0.0080416,0.018266,0.027455,0.023878,0.014328,0.0039934,0.0028964,0.0038314,0.0061003,0.012196,0.021302,0.028426,0.015853,0.0045868,0.0074855,0.0056622,0.0022643,0.0050303,0.005194,0.005295,0.0041901,0.0029616,0.0035629,0.0043573,0.0028954,0.0014932,0.002114,0.003559,0.0056404,0.0040986,0.0028278,0.0023414,0.0025163,0.0048435,0.0014256,0.00054293,0.00092876,0.0020334,0.0021871,0.00074844,0.00024792,0.00050768,0.00012806,0.0010156,0.0005078,0.00079452,0.00056243,0.00055327,0.00056376,0.0013109,0.0020241,0.00098342,0.001245,0.0011118,0.00079503,0.0013249,0.0017535,0.00070637,0.0034389,0.0049465,0.0091849,0.010608,0.0082612,0.0021261,0.00020608,0.0031645,0.0044996,0.0062315,0.01552,0.013328,0.0074041,0.0041922,0.003501,0.0045927,0.0079962,0.011532,0.014139,0.0085882,0.0024859,0.0025318,0.0019847,0.0023234,0.00026543,0.001988,0.0015339,0.002129,0.0015226,0.0018809,0.0017285,0.002551,0.0016275,0.001358,0.0036805,0.0059024,0.0032584,8.3676e-05,0.0010488,0.0012043,0.0012141,0.001299,0.0007068,0.0023655,0.0038108,0.0027862,0.00070443,9.513e-05,0.00087828,0.00042573,0.0006572,0.0010767,0.0012491,0.0015708,0.0012634,0.0012482,0.00038909,0.0015312,0.0018824,0.00077403,0.0026771,0.0023218,0.00070177,0.0030538,0.00087687,0.0018344,0.0012548,0.0058931,0.011268,0.0045406,0.0022477,0.0024752,0.002407,0.0033998,0.030541,0.056646,0.030991,0.0068228,0.0062192,0.0040847,0.0048865,0.0040771,0.0077805,0.011795,0.00377,0.00094087,0.00077115,0.0011053,0.00065427,0.00085846,0.0008645,8.774e-05,0.00091899,0.0011221,0.00070983,0.00031226,0.00049072,0.0010298,0.00073548,0.0022277,0.002517,0.0016898,0.0015162,0.0015403,0.00012036,0.0001424,0.0020834,0.0014434,0.0023137,0.0012726,0.00069382,0.0013793,0.0013176,0.00062235,0.0027408,0.0036887,0.0027279,0.0019313,0.0036436,0.0048461,0.0031533,0.0049488,0.010328,0.0091573,0.012766,0.013678,0.0083756,0.0076975,0.0091139,0.0046438,0.0029963,0.0087328,0.033283,0.068177,0.041777,0.01306,0.005187,0.010488,0.026281,0.055635,0.032508,0.0069999,0.0052882,0.0062552,0.0031139,0.0030642,0.0043219,0.0055032,0.0037984,0.0028149,0.0026492,0.0021908,0.0035652,0.0026681,0.0010006,0.0011501,0.00099281,0.001981,0.0014988,0.0010627,0.0020072,0.0022626,0.0016862,0.0022608,0.0020665,0.00048724,0.0017804,0.0019282,0.0027522,0.001899,0.00093149,0.0015952,0.0035821,0.0030751,0.0037859,0.0040023,0.0033337,0.0027785,0.0027857,0.002647,0.0023431,0.0028542,0.003507,0.0030287,0.0018721,0.0027283,0.0030824,0.0021887,0.0021024,0.0031575,0.002856,0.0030992,0.0043807,0.0044011,0.0029752,0.0022646,0.0066236,0.0021682,0.0109,0.0094448,0.0054658,0.0059104,0.0046059,0.0087702,0.019951,0.018763,0.0079973,0.0011827,0.0021272,0.0037443,0.0024155,0.0012904,0.0023354,0.00074565,0.0015308,0.00060754,0.00080379,0.0013942,0.0016188,0.0015132,0.00052581,0.00051347,0.0012429,0.00056826,0.00082114,0.00043438,0.00039432,0.0011709,0.0015786,0.00064076,0.00034895,0.0013045,0.00077897,0.0023811,0.0023073,0.0014449,0.00082577,0.0011616,0.0017358,0.0012834,0.00092344,0.00028685,0.00099252,0.0010788,0.00072873,0.00057117,0.0015204,0.0021478,0.0015267,0.00069142,0.0010169,0.00059396,0.00060114,0.00041185,0.0013736,0.0005391,0.00039711,0.0004891,0.00045005,0.0010971,0.00060968,0.00040792,0.0053159,0.01265,0.0086236,0.0053893,0.0047097,0.0063697,0.018269,0.017678,0.034279,0.021003,0.0050519,0.0056112,0.0036834,0.0016703,0.0018515,0.0023681,0.0035575,0.0018218,0.0021695,0.00029612,0.0013342,0.0011398,8.1261e-05,0.00039714,0.0010254,0.00071222,0.00091941,0.00099954,0.0014306,0.0019025,0.0017981,0.00086469,0.00012814,0.00033269,0.00025299,0.0010804,0.0016155,0.0017613,0.0019369,0.0013205,0.0014972,0.0022133,0.0034229,0.0032721,0.0057316,0.0048867,0.004233,0.0050403,0.0041916,0.0051058,0.0065161,0.0030903,0.0038071,0.0048443,0.0024585,0.0053681,0.0066147,0.0090388,0.009369,0.0082217,0.011866,0.013151,0.014589,0.015165,0.011009,0.0074667,0.006234,0.0063488,0.011097,0.021703,0.044689,0.057876,0.057783,0.17073,0.10034,0.028561,0.024365,0.021111,0.016459,0.015223,0.013484,0.015564,0.014253,0.008566,0.007467,0.0059667,0.005992,0.0063882,0.0048555,0.0057969,0.0072372,0.0060215,0.0052412,0.0050844,0.0057475,0.0035526,0.0026391,0.0043666,0.0028063,0.0021391,0.0016918,0.0013931,0.002994,0.0048732,0.0041814,0.0038865,0.0065216,0.004223,0.0072387,0.003935,0.001118,0.0011904,0.0016939,0.0019866,0.0024713,0.0030054,0.003505,0.0033649,0.0026966,0.0021616,0.0019939,0.0020913,0.0018936,0.0015366,0.0024058,0.0037897,0.0054277,0.0067649,0.0084262,0.010669,0.014828,0.017305,0.014032,0.016382,0.020006,0.030678,0.033296,0.059014,0.099427,0.048583,0.020259,0.015701,0.01126,0.0096692,0.0070864,0.0020872,0.0033576,0.0020725,0.002644,0.0041531,0.0049618,0.0055089,0.0042237,0.002429,0.0015619,0.0029794,0.0026596,0.0016071,0.00066538,0.0011382,0.0019233,0.0035142,0.0026491,0.001884,0.0018411,0.0016112,0.00055472,0.001219,0.0021199,0.0016553,0.0010248,0.00084819,0.00047536,0.0011925,0.00067975,0.00046254,0.00040584,0.00072057,0.001327,0.0018756,0.0014905,0.00051332,0.00073297,0.00044656,0.00051548,0.00069598,0.00092914,0.00088794,0.0016405,0.0023837,0.0017952,0.0016912,7.8852e-05,0.0013965,0.0026,0.00095157,0.0035154,0.0032904,0.00183,0.001308,0.004108,0.0059948,0.016609,0.033637,0.020042,0.0028634,0.0050682,0.0022042,0.0038007,0.0029146,0.0097413,0.016072,0.0096697,0.001124,0.0023815,0.001322,0.0009147,0.00017013,0.00070935,0.0010476,0.00070962,0.00041997,0.0012474,0.00094226,0.00064365,0.0011225,0.0021672,0.0015666,0.0006714,0.00093404,0.0016058,0.0015421,0.0011095,0.00099651,0.0013186,0.0033238,0.0018469,0.0025102,0.0027593,0.0027813,0.0013622,0.002432,0.0034271,0.0028464,0.0032953,0.0034665,0.0033378,0.0039174,0.0052807,0.0049317,0.0057415,0.0040353,0.0029362,0.0060072,0.0057267,0.0023707,0.0002287,0.0019326,0.00462,0.0024864,0.006727,0.0089984,0.0036188,0.003207,0.011211,0.0047312,0.031662,0.072096,0.057279,0.018349,0.0061833,0.00078403,0.0053731,0.0036777,0.002639,0.0041995,0.0038938,0.0012888,0.00016911,0.0022881,0.0039686,0.0014902,0.0025823,0.0036481,0.00092006,0.00084799,0.0015938,0.0022014,0.0022397,0.00037567,0.0026919,0.0032668,0.00043178,0.0023537,0.0017808,0.0005682,0.0016416,0.0038215,0.0031818,0.006791,0.0025012,0.0017067,0.0036135,0.0038443,0.0030772,0.0011805,0.00013323,0.00079032,0.001448,0.0014565,0.00098967,0.00091097,0.0005635,0.0010101,0.0015116,0.0016653,0.0013228,0.0017481,0.002508,0.0029787,0.0012438,0.0030117,0.0061489,0.0063706,0.0028754,0.0095147,0.024733,0.021921,0.009261,0.01553,0.0052773,0.045129,0.092916,0.049374,0.020314,0.02929,0.0067331,0.0034643,0.013325,0.0071981,0.0065917,0.002946,0.008742,0.005406,0.0016706,0.0030658,0.0036102,0.0021633,0.002016,0.0034805,0.0019368,0.0023408,0.0015603,0.0014099,0.002561,0.0030961,0.0010539,0.0024334,0.00262,0.00035243,0.0029703,0.0065582,0.0050775,0.0030026,0.0017693
0.0031801,0.0030956,0.0043283,0.003412,0.0034228,0.005211,0.0019704,0.0032231,0.0032545,0.0042615,0.0022679,0.002265,0.0032275,0.0064465,0.0057072,0.0035761,0.0013559,0.0018559,0.0017149,0.0027728,0.0027992,0.0032159,0.0036591,0.0045878,0.0018615,0.0042977,0.0052687,0.0033774,0.0046911,0.0055477,0.0052253,0.0080682,0.0079902,0.0031783,0.0035116,0.0081024,0.0017838,0.010548,0.0081923,0.0053886,0.0073972,0.0019437,0.0022703,0.0012279,0.0025758,0.002566,0.002944,0.0013529,0.001994,0.0014948,0.0015232,0.0023166,0.0010387,0.0021588,0.0023814,0.0053779,0.0036368,0.00035254,0.0041281,0.004539,0.0030494,0.0056291,0.0032521,0.0015641,0.0010664,0.0028464,0.0025054,0.0012256,0.0023673,0.003656,0.002422,0.0026455,0.0041676,0.0018682,0.0020767,0.003706,0.0046116,0.004782,0.0062924,0.0071416,0.0080298,0.01701,0.020641,0.013389,0.016759,0.021531,0.017983,0.015425,0.013865,0.0097308,0.0012037,0.0084938,0.0094298,0.0051234,0.0095311,0.012149,0.01718,0.021904,0.0066939,0.021583,0.010039,0.0081196,0.014548,0.019187,0.0015919,0.019562,0.0060739,0.012811,0.0048632,0.006665,0.0084442,0.0049454,0.0046287,0.0053932,0.0092791,0.0052485,0.0030199,0.0038168,0.0011996,0.0033917,0.0030321,0.0026089,0.0023145,0.00076104,0.00078188,0.0016792,0.0027299,0.0027162,0.00019224,0.0014726,0.0015794,0.00079496,0.00059163,0.0003649,0.00058303,0.001461,0.0018178,0.0012825,0.00047005,0.0014112,0.0019358,0.0011427,0.001361,0.0021272,0.0023843,0.0030093,0.0045146,0.0053823,0.0044701,0.0069174,0.0086426,0.0081494,0.011006,0.014071,0.0097801,0.0097563,0.012356,0.0077715,0.0085868,0.015889,0.019976,0.016663,0.010637,0.0024672,0.010149,0.0058608,0.0047146,0.0095474,0.0099566,0.0046439,0.0048639,0.0021362,0.0051329,0.0041156,0.00264,0.0032926,0.0030941,0.0024975,0.001913,0.0027145,0.0027504,0.00082629,0.0017579,0.0031408,0.0018744,0.0013306,0.0012574,0.0024205,0.0036808,0.0033641,0.0014639,0.0012783,0.0010767,0.0039069,0.0043857,0.00055445,0.00044639,0.00086868,0.00043562,0.00062659,0.00036299,0.0005805,0.0007306,0.0011966,0.00090241,0.0005572,0.0010226,0.0015156,0.0016132,0.0012148,0.0025908,0.0037947,0.0037511,0.0054415,0.0056308,0.0039092,0.0054545,0.007785,0.010905,0.013079,0.011572,0.0063001,0.010721,0.014723,0.019969,0.018275,0.020111,0.032835,0.025802,0.0091498,0.0048357,0.010661,0.015019,0.002378,0.012609,0.010723,0.011217,0.0059431,0.0086912,0.0055553,0.0027581,0.0041188,0.0034588,0.0014956,0.0015942,0.0017236,0.0016161,0.0001654,0.0022074,0.0018679,0.00034865,0.0011271,0.0015054,0.0025153,0.0028773,0.0022029,0.0012744,0.0020572,0.001123,0.00088999,0.0037296,0.0037894,0.00023285,0.0012537,0.00098185,0.0011394,0.0017379,0.0026127,0.0020494,0.0034954,0.0026013,0.0027926,0.0071159,0.014426,0.016142,0.017398,0.032793,0.042475,0.034014,0.021109,0.029153,0.028427,0.014707,0.019905,0.041623,0.061738,0.050198,0.019366,0.020077,0.030289,0.049415,0.033667,0.014041,0.0078974,0.013046,0.0098976,0.0058878,0.0070242,0.0053598,0.0048068,0.0029247,0.0013112,0.0022691,0.0014487,0.0026193,0.0016202,0.0024431,0.0015455,0.0028325,0.0029154,0.00082203,0.0023317,0.0020925,0.0021955,0.0018843,0.0011505,0.00076804,0.001172,0.00019435,0.00040734,0.00089144,0.0014621,0.0011133,0.0035903,0.003549,0.0028009,0.0038683,0.0022862,0.00042309,0.00093491,0.002052,0.0015463,0.00071854,0.0011092,0.002128,0.0023975,0.0028257,0.0030107,0.0020758,0.0013567,0.0022997,0.0021482,0.00051918,0.0024064,0.0070722,0.011442,0.011621,0.015745,0.0256,0.028721,0.023581,0.021665,0.033195,0.028471,0.01538,0.013207,0.011105,0.0067552,0.0030476,0.0080975,0.0071858,0.0031429,0.00029966,0.0013481,0.00094646,0.0016442,0.00028701,0.0022085,0.002254,0.0018815,0.0030317,0.0021235,0.00094154,0.0019999,0.0034029,0.0030047,0.0011919,0.00049224,0.00191,0.0030319,0.0025838,0.0010127,0.0017724,0.003417,0.0066215,0.0063066,0.0034056,0.0026916,0.0033835,0.0041612,0.0014644,0.00033428,0.0012017,0.0020983,0.00060672,0.001968,0.0020319,0.0013342,0.0021808,0.002737,0.0027458,0.0035157,0.0025651,0.0011491,0.0029527,0.0022327,0.002836,0.0052599,0.0055478,0.0051669,0.0049953,0.0045403,0.0053358,0.0090724,0.017486,0.023632,0.015594,0.0028327,0.011963,0.018987,0.015253,0.021596,0.028171,0.02389,0.0089607,0.0064314,0.0096732,0.0096329,0.0059412,0.0032623,0.0040836,0.0055505,0.0034408,0.0025074,0.0036364,0.0019375,0.0013499,0.00079213,0.0011972,0.0024908,0.0036366,0.0016463,0.0014104,0.0016998,0.00087656,0.0010168,0.0013059,0.0011541,0.00013005,0.0013596,0.0019494,0.0010496,0.00078677,0.00060827,0.00047665,0.003676,0.0046492,0.0059134,0.0035039,0.0028225,0.005166,0.004211,0.0025996,0.0040975,0.0076341,0.011096,0.009308,0.00064516,0.0087614,0.013162,0.015355,0.022375,0.026368,0.02409,0.019531,0.038355,0.057469,0.068463,0.078678,0.092622,0.090854,0.061234,0.012377,0.044928,0.063889,0.057529,0.084878,0.1214,0.083106,0.0073993,0.014963,0.028928,0.042113,0.037918,0.024216,0.026696,0.032729,0.013957,0.013726,0.013749,0.013846,0.0055142,0.0091791,0.011482,0.0063027,0.0054985,0.0051397,0.0036249,0.0017951,0.002246,0.0034613,0.0035143,0.0044549,0.004485,0.0041168,0.004942,0.0032138,0.0018718,0.00049262,0.0039407,0.00078461,0.0023617,0.0016127,0.003226,0.0040542,0.0021861,0.0032969,0.0048879,0.0063235,0.0068337,0.0027851,0.0053509,0.010186,0.01063,0.0078951,0.0064699,0.0071689,0.0060917,0.0035292,0.0050172,0.012966,0.02512,0.040108,0.054058,0.066282,0.073581,0.058853,0.038511,0.017702,0.01297,0.009448,0.024314,0.057466,0.044397,0.0098891,0.006659,0.019627,0.022003,0.0067146,0.018573,0.018887,0.015446,0.0081419,0.0076642,0.009223,0.0049945,0.0072466,0.0064769,0.0020613,0.0052191,0.0081537,0.0070257,0.004803,0.0019996,0.0011414,0.0043926,0.0044404,0.0013743,0.0023095,0.0018347,0.0026365,0.0027305,0.0023587,0.00062525,0.0023944,0.00075814,0.0015579,0.00055262,0.0009655,0.0013073,0.0007105,0.0010252,0.0015321,0.00075957,0.00083017,0.0015223,0.0011869,0.0016044,0.0027208,0.0021039,0.00058736,0.0002709,0.00078779,0.0028111,0.004354,0.0034185,0.0018236,0.0027711,0.005882,0.0083051,0.0084898,0.0081882,0.011948,0.011097,0.0023921,0.011565,0.016161,0.016118,0.01337,0.0073905,0.00070334,0.0073855,0.01056,0.0039685,0.0082181,0.005124,0.0030476,0.0034247,0.003436,0.0032022,0.0039381,0.0025732,0.0014572,0.0021564,0.0026731,0.0017076,0.00093172,0.0004084,0.00039392,0.00078179,0.00092653,0.0010913,0.00112,0.0025775,0.0034482,0.0014571,0.0018391,0.00046565,0.0017979,0.0016897,0.0052208,0.0042895,0.0061002,0.0070417,0.0058048,0.0050138,0.0036465,0.0041156,0.0055996,0.0068596,0.0074778,0.0069715,0.008706,0.0098893,0.005088,0.018772,0.025667,0.016063,0.0082599,0.021298,0.029231,0.050023,0.07409,0.084748,0.08814,0.090154,0.080094,0.055306,0.053955,0.078759,0.065449,0.030378,0.052055,0.037927,0.029657,0.01879,0.014576,0.017777,0.017018,0.015332,0.0084749,0.0067993,0.0086122,0.0049003,0.0050183,0.0066067,0.0056135,0.0030577,0.0038164,0.005203,0.00166,0.0031088,0.0038862,0.0035946,0.0037893,0.0038347,0.0032169,0.0031095,0.0053136,0.0044571,0.0018421,0.00041653,0.002042,0.0030606,0.0026697,0.0018652,0.0024914,0.0016485,0.0022921,0.0033849,0.003594,0.0022006,0.0022873,0.0027208,0.0026661,0.0021852,0.0031002,0.0046081,0.0026827,0.00055874,0.0041978,0.0081321,0.0097337,0.0075534,0.0079039,0.011016,0.0093256,0.0068453,0.01539,0.026446,0.035535,0.038261,0.029582,0.024747,0.034742,0.047421,0.039951,0.024188,0.030026,0.032867,0.014299,0.02137,0.019926,0.010726,0.023334,0.019665,0.016281,0.0080002,0.018169,0.014099,0.0053178,0.0042909,0.0083326,0.0067141,0.0025562,0.0028439,0.0025257,0.0017775,0.0038982,0.0037794,0.0020403,0.0030575,0.0061275,0.0047495,0.0026216,0.0043914,0.0079108,0.001308,0.0040836,0.0070664
0.0024351,0.0021251,0.00038265,0.0022339,0.003461,0.003203,0.0015651,0.0012643,0.0034543,0.0034058,0.0039094,0.0020366,0.0030166,0.0037186,0.0033508,0.0021588,0.0019344,0.0020755,0.0021495,0.0013,0.0032724,0.0046277,0.0058545,0.0037786,0.0011202,0.0026524,0.00055119,0.0025248,0.00041352,0.0025063,0.0055975,0.010118,0.0061441,0.0027977,0.0017649,0.0020089,0.0010311,0.0026869,0.0030241,0.0073023,0.01192,0.0059682,0.0018293,0.00087561,0.0018406,0.0018423,0.00069969,0.00064358,0.0019922,0.0032415,0.005568,0.0049229,0.0027111,0.0008228,0.001008,0.0011562,0.00047445,0.0020886,0.0022143,0.0021547,0.0017661,0.00090001,0.0038439,0.0017991,0.0027231,0.0010513,0.0012789,0.001601,0.0011151,0.0023981,0.0016624,0.0012429,0.0020128,0.0015609,0.001629,0.00067753,0.00080379,0.0016911,0.0023655,0.00099508,0.00048517,0.0013219,0.0014277,0.0030933,0.0051779,0.0064336,0.0028979,0.0024767,0.0040227,0.0080089,0.0062601,0.013307,0.011711,0.005155,0.0042498,0.003508,0.0055914,0.0099153,0.025326,0.054679,0.034808,0.011587,0.0083497,0.0098701,0.031416,0.048204,0.019932,0.0063193,0.0034611,0.0030486,0.0025533,0.0025265,0.0017965,0.00096897,0.0014005,0.003144,0.0021695,0.0022339,0.0032868,0.0031415,0.0013132,0.0015265,0.00085805,0.00077936,0.0012926,0.0012294,0.0018605,0.0011514,0.0014465,0.0026573,0.0015399,0.0016478,0.00095474,0.00098311,0.0011678,0.0017083,0.0017773,0.00095947,0.001255,0.0019555,0.0014284,0.00023515,0.0020337,0.0021913,0.00088664,0.0015665,0.00097925,0.00093075,0.0018525,0.0019549,0.0025591,0.0014784,0.00038207,0.0020121,0.0021971,0.0034463,0.0082609,0.0081982,0.0035555,0.0039427,0.0055525,0.0078677,0.005559,0.0086637,0.01611,0.0099722,0.0036056,0.003278,0.0031713,0.010473,0.017143,0.0067281,0.00097518,0.00067012,0.00048751,0.0015332,0.0020016,0.0016456,0.00048327,0.001465,0.0018763,0.0012127,0.0003099,0.00050478,0.00089677,0.0019506,0.0022648,0.0012661,0.0028964,0.0065904,0.0049706,0.0014866,0.0015227,0.0034318,0.0022204,0.00072682,0.0012666,0.0014966,0.0011592,0.00072911,0.00058834,0.0021177,0.0017031,0.00084559,0.00010355,0.00021302,0.0006571,0.0010972,0.00084366,0.0010062,0.00062156,0.0011007,0.00080043,0.001284,0.00035404,0.0017232,0.0023391,0.0015851,0.0019341,0.0034417,0.0035976,0.0054108,0.0074739,0.0038011,0.0029816,0.004523,0.0084326,0.0064103,0.013961,0.053157,0.048689,0.018986,0.01025,0.0062139,0.0068337,0.008344,0.0079802,0.0041102,0.0037417,0.001193,0.0017874,0.0012835,0.0013886,0.0017491,0.0017524,0.00033724,0.0012845,0.0010794,0.0006463,0.0013894,0.00075877,0.00058133,0.001184,0.0011944,0.0017998,0.00074296,0.0010223,0.0006379,0.0012968,0.001339,0.0017117,0.0026965,0.00074138,0.0024653,0.0020107,0.0015571,0.00056986,0.0013624,0.0019752,0.0018012,0.0020086,0.0023858,0.00096988,0.0015754,0.0019662,0.0020132,0.0018429,0.002322,0.0032327,0.0030937,0.0043248,0.004185,0.0029749,0.0025504,0.0093253,0.022504,0.058742,0.057132,0.021747,0.011702,0.018898,0.053889,0.041436,0.0087282,0.011404,0.0087416,0.0036648,0.0023038,0.0017311,0.00046295,0.003993,0.0045104,0.0015064,0.001834,0.0016698,0.00085418,0.001359,8.9875e-05,0.0014201,0.0010587,0.001151,0.0025584,0.0015038,0.00011373,0.0013143,0.0015224,0.00041903,0.00063172,0.0010506,0.0019862,0.00096812,0.00044827,0.0007581,0.00059477,0.0010802,0.00051948,0.0010704,0.00091906,0.00091567,0.00069993,0.00093176,0.00071263,0.00094932,0.00064642,0.00026611,0.00072067,0.00044655,0.00015286,0.00090428,0.00067526,0.00080302,0.00086913,0.0009099,0.00036777,0.001367,0.0012669,0.0027807,0.0028921,0.0025824,0.004606,0.0036882,0.013976,0.019526,0.011228,0.0017613,0.008378,0.021325,0.018671,0.0070421,0.0058602,0.006423,0.002547,0.003507,0.00099371,0.0052455,0.0042162,0.0007167,0.00016713,0.0013069,0.00068845,0.0008986,0.00038547,0.0010786,0.0011907,0.0029859,0.0015329,0.00078644,0.0004874,0.0024282,0.0031694,0.0017812,0.0016928,0.0039646,0.0028672,0.0022928,0.0019921,0.0016694,0.0009009,0.0011841,0.00091243,0.001955,0.0020968,0.0021912,0.0022752,0.0007293,0.0026044,0.0024328,0.00086822,0.0016838,0.0018968,0.00053928,0.002014,0.0017745,0.00086799,0.0016473,0.0021794,0.0027774,0.0027021,0.0026292,0.0026448,0.0018634,0.0029657,0.0027265,0.0025763,0.0063757,0.0088606,0.0079132,0.0045998,0.0055034,0.010036,0.011295,0.0076489,0.0067881,0.011565,0.04156,0.035337,0.00726,0.0070093,0.0043827,0.0030575,0.0015382,0.0004104,0.0018174,0.0020129,0.0018723,0.001767,0.002089,0.0018354,0.0017984,0.0021203,0.0016554,0.00092187,0.0022905,0.0023129,0.0014606,0.00092015,0.0019203,0.0022181,0.0015617,0.00083853,0.0018538,0.0020794,0.0016456,0.00087244,0.0015462,0.0039839,0.0040233,0.00074329,0.0025062,0.0029797,0.0033968,0.0020438,0.0022904,0.0036805,0.0014347,0.0029931,0.0051905,0.0058318,0.0063706,0.004699,0.0023468,0.0037462,0.0051275,0.0038527,0.004169,0.0051431,0.010219,0.0054083,0.01033,0.0086918,0.0064906,0.0069895,0.018347,0.012596,0.020735,0.024462,0.049944,0.029013,0.027367,0.13299,0.11466,0.023727,0.015191,0.01578,0.012724,0.023287,0.013835,0.011521,0.012939,0.0085713,0.0038023,0.0058984,0.0064853,0.0048526,0.0029838,0.0025408,0.0052604,0.003305,0.0039617,0.0018404,0.0025908,0.0025057,0.0020819,0.0016904,0.0026169,0.0043391,0.0035893,0.0024294,0.00051793,0.00087908,0.0024281,0.0059401,0.0028847,0.0029667,0.0024606,0.0010819,0.0018743,0.0028748,0.0021084,0.00094871,0.0011393,0.0027884,0.0015942,0.00057203,0.0019011,0.0024589,0.0022583,0.0020357,0.002366,0.0025169,0.00085903,0.0044586,0.0035556,0.0023647,0.0021966,0.0077893,0.010551,0.0094507,0.0040072,0.0082611,0.023532,0.03849,0.019552,0.028799,0.078136,0.058367,0.0058148,0.01251,0.008549,0.0084438,0.0070019,0.0033119,0.0053128,0.003761,0.0037626,0.0033489,0.000542,0.0041235,0.003806,0.0027942,0.0033046,0.0018416,0.0016021,0.0025361,0.0017621,0.0016129,0.0021548,0.002219,0.0033879,0.0040733,0.0014385,0.0022538,0.0011544,0.0042737,0.0035878,0.00045543,0.00071059,0.00061808,0.00035917,0.00033404,0.0010916,0.0012103,0.0009855,0.00071795,0.00064719,0.00042078,0.00025298,0.00077474,0.00018196,0.000719,0.00083792,0.00058183,0.00036488,0.00066121,0.0012843,0.00081265,0.00045355,0.0018496,0.0010459,0.00076306,0.00055741,0.0029833,0.0035603,0.0014143,0.0017897,0.0031603,0.0020059,0.0074987,0.010609,0.029398,0.034017,0.015504,0.0062948,0.0023978,0.0064429,0.014737,0.01267,0.0040469,0.0023455,0.0019793,0.001162,0.00092189,0.00097616,0.0016913,0.0019381,0.00047482,0.00034807,0.00081943,0.00032574,0.00072568,0.0010336,0.0010583,0.0010235,0.0017886,0.00093485,0.000734,0.00062928,0.00077989,0.00066018,0.0014171,0.002635,0.0020586,0.001085,0.00018692,0.001658,0.0028949,0.0024118,0.0021829,0.003453,0.0056388,0.0031275,0.0016477,0.0015853,0.0011006,0.0026842,0.0036935,0.0015305,0.0018494,0.0043736,0.002815,0.00091486,0.0015202,0.003174,0.0019984,0.0084832,0.0035672,0.0098386,0.0062124,0.012845,0.018568,0.046943,0.11942,0.098405,0.022604,0.028723,0.022653,0.005205,0.008425,0.0030112,0.0051878,0.0021959,0.0058251,0.0024722,0.0044916,0.0016671,0.0055491,0.0036338,0.0013585,0.0056969,0.0029301,0.0086176,0.0068817,0.0037707,0.0032991,0.0062297,0.0066496,0.0029035,0.0034507,0.0059237,0.0048635,0.0028097,0.0021215,0.0022424,0.0034456,0.0066793,0.00068624,0.00078122,0.0013285,0.001412,0.0010657,0.0027316,0.0030286,0.0027574,0.0023,0.00047971,0.00053024,0.00065659,0.00054216,0.00012243,0.00060865,0.001507,0.00085571,0.00078183,0.00099838,0.0023835,0.0031684,0.0020597,0.0047805,0.0020018,0.0044475,0.0046023,0.015883,0.01551,0.010113,0.0038789,0.02124,0.073521,0.053461,0.01205,0.028997,0.033154,0.01524,0.0090342,0.0028159,0.0035335,0.0061038,0.0030638,0.0019617,0.0063131,0.0032916,0.0012125,0.0043519,0.0013564,0.0035006,0.00077266,0.0016503,0.0033345,0.00405,0.0014092,0.0034429,0.0025695,0.0026353,0.0022833,0.0019707,0.0030261,0.0028453,0.003609,0.0030676,0.0013004,0.00078237
0.0021766,0.0039905,0.003672,0.0028249,0.00053879,0.0017193,0.001079,0.0027205,0.0024976,0.0030502,0.0036132,0.0016525,0.00025972,0.0023556,0.0024023,0.0015574,0.0015466,0.0013719,0.0005669,0.0018788,0.0049802,0.0047795,0.0014218,0.0010757,0.00066144,0.0016443,0.0024086,0.0050166,0.0040396,0.0021766,0.0020809,0.008571,0.0071519,0.0016202,0.0037537,0.0031208,0.00071421,0.0020979,0.0010726,0.0062858,0.010861,0.0076216,0.0037921,0.0038795,0.0037173,0.003832,0.0033986,0.0019843,0.0029473,0.0029252,0.0034586,0.0023725,0.0022294,0.0030936,0.0020754,0.0042,0.002773,0.0017441,0.0024619,0.0010715,0.00089229,0.0016226,0.0033819,0.0045384,0.0048016,0.0011894,0.00038838,0.0017147,0.0021799,0.0013869,0.0013078,0.0016065,0.0014811,0.00066688,0.00098639,0.0013828,0.0028722,0.0014457,0.00022386,0.00080621,0.0018611,0.0022234,0.0026686,0.0029681,0.0022753,0.0014093,0.0023044,0.0016849,0.0013059,0.0037429,0.0096723,0.017898,0.012054,0.0058815,0.0044659,0.0025067,0.0065407,0.012169,0.011045,0.03394,0.050052,0.018607,0.0092706,0.016604,0.01791,0.036191,0.034915,0.018249,0.0085903,0.0046954,0.0031801,0.0015646,0.00078935,0.00046656,0.0021422,0.00079138,0.0033796,0.0032817,0.0017906,0.0011856,0.0010247,0.0011364,0.00054475,0.0015754,0.0027273,0.0034246,0.002083,0.00086844,0.00061709,0.0017781,0.0010185,0.0007697,0.0009503,0.00057676,0.0002187,0.00037439,0.00053247,0.0016363,0.0020855,0.00096772,0.0011436,0.0011153,0.0011181,0.001284,0.0013349,0.00085313,0.0009981,0.0014188,0.00060307,0.0019611,0.0023655,0.0016871,0.00028271,0.0012725,0.0017069,0.0034134,0.010454,0.0086804,0.0045391,0.0029364,0.001948,0.0061152,0.0074531,0.0046603,0.0092169,0.016055,0.0068639,0.0035358,0.00709,0.0071945,0.011416,0.013578,0.0092653,0.0053423,0.0024151,0.00090379,0.00070923,0.0016199,0.0017392,0.00025166,0.00099632,0.00089142,0.00096956,0.0017074,0.002684,0.0015381,0.001371,0.002666,0.0030292,0.0025815,0.002766,0.0026924,0.0005417,0.0019418,0.0027947,0.0013591,0.002498,0.0027581,0.0015622,0.0014779,0.0017151,0.0015764,0.0023061,0.001765,0.0010552,0.0010664,0.0011941,0.00089244,0.00067565,0.0013665,0.0021733,0.002971,0.0023299,0.0010574,0.0030636,0.0033758,0.0019092,0.0021842,0.0020068,0.0011194,0.001272,0.0020087,0.0055886,0.0095862,0.0084497,0.009081,0.014085,0.015112,0.0052379,0.046232,0.051798,0.020513,0.013886,0.016975,0.0095845,0.010761,0.009003,0.0056194,0.0064075,0.0044074,0.0021052,7.9536e-05,0.0015094,0.0015775,0.0012988,0.001401,0.001525,0.0012756,0.0011116,0.00063117,0.0008832,0.00068298,0.00042995,0.0015051,0.0020322,0.0011495,0.0011136,0.0015619,0.001735,0.0021055,0.0006638,0.0008305,0.00027785,0.0013428,0.0016221,0.00053975,0.0014507,0.00080911,0.0024279,0.003139,0.0031356,0.002384,0.0025392,0.0027365,0.000358,0.0022506,0.0037937,0.0064577,0.0077094,0.003607,0.0022585,0.0047654,0.0029928,0.011124,0.02881,0.032368,0.049885,0.035857,0.031995,0.016236,0.017343,0.046319,0.04291,0.019368,0.0095791,0.010892,0.0079442,0.0049152,0.0039592,0.0021935,0.0063806,0.00514,0.0028495,0.0019057,0.00041689,0.0026636,0.0030372,0.0022193,0.0011982,0.0029511,0.0052422,0.0035118,0.00041335,0.001272,0.001035,0.0014616,0.0012548,0.0011309,0.00083049,0.0026961,0.0016723,0.00045154,0.0015086,0.0029727,0.0031616,0.00081014,0.0011006,0.00092309,0.00021845,0.00039474,0.0005614,0.0012704,0.00046741,0.0012161,0.0013615,0.001399,0.0016232,0.0012362,0.0014274,0.0010702,0.00094051,0.00061508,0.00048315,0.001405,0.0024578,0.0029983,0.0020767,0.0026997,0.0034214,0.0063337,0.0086316,0.014175,0.010319,0.01121,0.0094259,0.005046,0.012985,0.01054,0.0044236,0.0021111,0.0073019,0.0033695,0.0036671,0.0031867,0.0029194,0.0033389,0.0018172,0.00066198,0.00089674,0.0013211,0.0011784,0.0012685,0.00027374,0.00039304,0.00093504,0.00091148,0.0014178,0.0012603,0.0017393,0.0025432,0.0020331,0.0013602,0.0009481,0.00048672,0.00015212,0.0013642,0.0017909,0.0020936,0.0035584,0.0026209,0.0015171,0.0013364,0.0011319,0.0015979,0.0013855,0.0012442,0.00048405,0.00061599,0.0012876,0.00033938,0.00081033,0.0010143,0.00086564,0.00066856,0.001513,0.0013969,0.0011018,0.0017858,0.00059942,0.0010158,0.0013955,0.0021331,0.0012924,0.00056276,0.0046264,0.009341,0.009565,0.0065042,0.0069377,0.007328,0.0038669,0.017623,0.022414,0.0055969,0.029444,0.035759,0.011665,0.0028134,0.0035117,0.0035126,0.0011445,0.003463,0.0016885,0.00085301,0.0010545,0.00096245,0.00088244,0.00056168,0.0014556,0.0011789,0.00041108,0.0010967,0.0021392,0.00077038,0.0015475,0.0015324,0.00058708,1.0645e-05,0.00045763,0.00091215,0.00060774,0.00093108,0.00066504,0.00087489,0.0017185,0.0044339,0.0055752,0.0071971,0.0018078,0.0043259,0.0026802,0.0030834,0.0036474,0.0032844,0.0014392,0.00038382,0.0019937,0.0029106,0.0036236,0.0030138,0.0059456,0.0024071,0.0023227,0.0041221,0.0018461,0.0022342,0.0044003,0.0052109,0.0068207,0.007117,0.012181,0.0091424,0.0088087,0.0045763,0.00606,0.017469,0.047716,0.059245,0.01196,0.10761,0.12546,0.034859,0.010761,0.0085063,0.012627,0.0050482,0.0033576,0.005638,0.012125,0.010789,0.002791,0.0022018,0.00077957,0.0011271,0.0020583,0.0047367,0.0046936,0.0031034,0.0048329,0.0036345,0.0037517,0.0034056,0.0016017,4.4779e-05,0.0019658,0.0029896,0.0032094,0.0018235,0.0007423,0.0011229,0.0044923,0.0042343,0.0044123,0.0029908,0.0033968,0.0016731,0.00051325,0.0017366,0.0019125,0.0010026,0.00066313,0.0010904,0.0012472,0.00044606,0.00098356,0.0025965,0.001322,0.0014372,0.0019233,0.0010776,0.0027761,0.0021817,0.0027902,0.0038309,0.0037203,0.0095968,0.008263,0.0076871,0.0021415,0.0070681,0.016503,0.018366,0.012041,0.0080769,0.063028,0.080201,0.028089,0.0095662,0.013853,0.0062979,0.0036313,0.007168,0.0041242,0.002476,0.0044034,0.0025214,0.00033192,0.002965,0.0026771,0.0026914,0.0036399,0.0020396,0.00077952,0.0015607,0.0012108,0.0029658,0.0017333,0.0016097,0.0017025,0.0016501,0.0015367,0.0023001,0.0030292,0.0019394,0.00097837,0.00031826,0.00065745,0.00057758,0.0015572,0.0013781,0.00022594,0.00053112,0.00080212,0.00033436,0.00010807,7.7012e-05,0.00052642,0.00068777,0.0011541,0.0013282,0.00030959,0.00071017,0.0011715,0.0019182,0.0025491,0.0022341,0.0015138,0.0015475,0.002414,0.0024938,0.0029953,0.0041018,0.0038589,0.0032266,0.0025348,0.0021882,0.0047176,0.0041158,0.0053477,0.029161,0.032396,0.0043759,0.0060339,0.0059596,0.010231,0.014422,0.010569,0.0060051,0.0057526,0.0050666,0.0031432,0.0025456,0.0026541,0.0022068,0.0021375,0.0026859,0.0027165,0.0025415,0.0026517,0.0030777,0.0028987,0.0018621,0.0015063,0.0016299,0.0015468,0.00064687,0.00073808,0.0012089,0.0010073,0.001644,0.0035583,0.0061565,0.0060491,0.0021256,0.0018558,0.0061019,0.0080381,0.006916,0.0088791,0.0090688,0.0045903,0.0020241,0.0038044,0.0048508,0.0037051,0.0057118,0.0065592,0.0076721,0.011319,0.010025,0.0083955,0.009933,0.011559,0.013015,0.013335,0.016084,0.026122,0.032039,0.041131,0.043003,0.042477,0.080082,0.0541,0.025863,0.030563,0.024967,0.018254,0.016536,0.011619,0.0013969,0.003921,0.0025054,0.0042309,0.0084566,0.0085105,0.010284,0.0095906,0.0066634,0.0063074,0.0083552,0.0088789,0.0057517,0.0039204,0.005594,0.0046959,0.0034469,0.0048219,0.0028239,0.0012457,0.0036848,0.0045975,0.0025804,0.002646,0.004067,0.0044792,0.00055845,0.0020594,0.002018,0.00027691,0.0016923,0.00084761,0.0014019,0.00062247,0.0013701,0.001707,0.0017079,0.0014525,0.0019684,0.0032388,0.0037215,0.0037807,0.0045671,0.0056381,0.0069479,0.0085558,0.0085454,0.0083968,0.0078146,0.0065711,0.0094811,0.016246,0.024765,0.021439,0.017417,0.016106,0.011041,0.049695,0.043162,0.035803,0.059839,0.045282,0.014918,0.02189,0.012079,0.0032383,0.008332,0.0090415,0.0069877,0.006961,0.001316,0.0070943,0.010576,0.0090803,0.0044911,0.0019903,0.0014808,0.0024103,0.0028087,0.0057004,0.0070049,0.0056138,0.0048504,0.0037898,0.0017506,0.0011424,0.0015795,0.00099239,0.0028049,0.0050892,0.0056695
0.0016628,0.0034182,0.0032036,0.0016986,0.0013837,0.0013569,0.00099901,0.00060212,0.00081773,0.0024191,0.0022295,0.00016794,0.00039208,0.0014774,0.0012076,0.0014231,0.00087615,0.0014813,0.0017968,0.00094886,0.0010244,0.00070904,0.0017247,0.0026351,0.0024155,0.0018845,0.00089668,0.00081171,0.0018769,0.0019635,0.0012737,0.0013568,0.014115,0.0173,0.0072499,0.0025492,0.0033627,0.0022729,0.0098023,0.009389,0.0046732,0.0023773,0.0021086,0.0029894,0.0023276,0.0023752,0.003135,0.0029176,0.0027705,0.0021156,0.0022375,0.0023637,0.0014602,0.002288,0.0036129,0.0018981,0.0020761,0.0032475,0.0037433,0.0033245,0.0019272,0.0020887,0.0036333,0.0049511,0.0033613,0.0014547,0.00068217,0.0018272,0.00080503,0.0012669,0.0012753,0.0011248,0.0019102,0.00081332,0.0018416,0.0017517,0.0018456,0.001724,0.00032803,0.00098308,0.0010085,0.0013329,0.0029902,0.00057228,0.0047244,0.0041612,0.0054647,0.0053571,0.0048247,0.0068084,0.0092743,0.015795,0.012837,0.0015677,0.007169,0.0033254,0.015781,0.011143,0.048867,0.038998,0.013405,0.0079267,0.016378,0.03915,0.034489,0.022962,0.012979,0.0058118,0.00038246,0.001911,0.0015137,0.0015121,0.0013928,0.0010713,0.0010806,0.0016229,0.0010463,0.0007473,0.0013361,0.0012322,0.00083494,0.0010879,0.0019368,0.002231,0.0017969,0.0027499,0.0016012,0.0014065,0.00121,0.0026781,0.00054093,0.00090587,0.0011475,0.00054063,0.00055606,0.00080087,0.0003046,0.0003387,0.00058952,0.000404,0.0010072,0.00071687,0.0020829,0.0024558,0.0020144,0.0016632,0.001521,0.00088952,0.0006704,0.00064665,0.00080761,0.0027424,0.0021186,0.0015779,0.0021872,0.0033335,0.0062183,0.005868,0.0017011,0.0020921,0.0036638,0.010087,0.01079,0.013977,0.013737,0.004499,0.0022814,0.0060099,0.014569,0.014613,0.0066523,0.0020718,0.00066791,0.00074696,0.00063921,0.00079831,0.00030592,0.0009897,3.2738e-05,0.00058342,0.001048,0.00070794,0.00030661,0.0005831,0.001427,0.0020162,0.0016878,0.00047994,0.0013031,0.0009087,0.0038225,0.0050479,0.0059654,0.0038891,0.002231,0.00060683,0.0013234,0.0013041,0.00098348,0.0013464,0.00081874,0.00077438,0.0011524,0.0013738,0.001301,0.0010201,0.0013823,0.0016534,0.0013373,0.0015053,0.0023118,0.0036559,0.0026634,0.00016508,0.0011313,0.003434,0.0021425,0.0022169,0.0019059,0.0016631,0.0019784,0.0022663,0.0023212,0.0098881,0.010307,0.0039733,0.0077439,0.032759,0.058038,0.023578,0.01003,0.0076017,0.014571,0.018858,0.014143,0.0058922,0.0027814,0.0021939,0.001868,0.0016782,0.0016776,0.0024974,0.0027236,0.0024142,0.0019707,0.0011974,0.0011318,0.0013844,0.0019234,0.0025602,0.0028372,0.0025031,0.0012385,0.00094913,0.0017285,0.0013018,0.00041971,0.00042267,0.0010945,0.0023408,0.0039153,0.003181,0.003524,0.0043436,0.0026289,0.0023454,0.0022738,0.00072755,0.00028608,0.0018785,0.0035063,0.0038857,0.0041773,0.0043512,0.0031458,0.0018086,0.003698,0.0067193,0.0072672,0.0064038,0.0092646,0.011585,0.011311,0.019427,0.025989,0.031886,0.049848,0.032983,0.023394,0.037573,0.018169,0.016641,0.025983,0.0032997,0.029954,0.021484,0.0047398,0.0030759,0.0075111,0.0068962,0.0032327,0.0026264,0.0031805,0.0043254,0.0047672,0.0046404,0.0034085,0.002782,0.0031531,0.0023604,0.0017598,0.002385,0.0035187,0.0037303,0.0026317,0.0011014,0.00078662,0.0007253,0.0012327,0.002407,0.0018457,0.0011905,0.0015222,0.0018365,0.0026202,0.0018078,0.00041061,0.00059398,0.0006769,0.00081581,0.0004861,0.0007314,0.00083639,0.0010627,0.001099,0.00065936,0.00026963,0.00030606,0.00076379,0.0010658,0.0011375,0.00055267,0.00084795,0.0018286,0.0022427,0.0019088,0.0017872,0.00096767,0.0036459,0.006498,0.0083326,0.014359,0.010842,0.0045424,0.004652,0.011455,0.011883,0.007017,0.010939,0.010961,0.0012074,0.0020574,0.0024447,0.0022252,0.0011556,0.0020471,0.0022668,0.0015345,0.0026395,0.0019637,0.00056458,0.00075755,0.00042127,0.001061,0.0010327,0.00071048,0.0010895,0.0010725,0.00082379,0.00097063,0.0010689,0.0019312,0.0017416,0.0017822,0.00090619,0.00039053,0.00044575,0.00087879,0.00065898,0.0017722,0.0014463,0.0020003,0.00034609,0.0010087,0.00038923,0.00045443,0.00090674,0.0016029,0.00094635,0.00079926,0.00085396,0.00038312,0.0011029,0.0010609,0.00076575,0.00067608,9.0538e-05,3.8651e-05,0.0011773,0.0011729,0.00054857,0.00074102,0.0013601,0.0028906,0.0027947,0.0059123,0.01041,0.0081525,0.00067832,7.9352e-05,0.012243,0.023189,0.033753,0.047185,0.025096,0.0081715,0.0076628,0.0038002,0.0010701,0.0018255,0.0026695,0.0021469,0.00085607,0.00025458,0.00069316,0.00094964,0.0011456,0.0021595,0.0012224,0.00098166,0.0015746,0.0010289,0.00058345,0.00069769,0.00068115,0.00084414,0.0016652,0.0014614,0.0012405,0.0018334,0.001939,0.0020471,0.0014097,0.00082774,0.0017515,0.0031793,0.0058925,0.00306,0.0029115,0.0032408,0.00023618,0.0038596,0.0038903,0.0032159,0.0037838,0.0046315,0.0035444,0.0028839,0.002313,0.0010504,0.0021784,0.00018838,0.0021806,0.0022818,0.0031832,0.0018922,0.0036355,0.0041639,0.0077473,0.0032767,0.0020435,0.0025779,0.006488,0.0086765,0.0094422,0.030167,0.05175,0.099934,0.18313,0.093363,0.032476,0.01974,0.009962,0.0065177,0.0030374,0.0054725,0.006525,0.0012159,0.0021642,0.0045429,0.0016143,0.0024239,0.0037219,0.0018822,0.0013682,0.0011696,0.002921,0.0046473,0.0032876,0.0019244,0.001623,0.0012842,0.0024628,0.0025688,0.004127,0.0027999,0.0027793,0.006005,0.0041646,0.0011143,0.0018158,0.003413,0.0023204,0.005531,0.0032159,0.0015905,0.0011679,0.00036229,0.00080176,0.00052754,0.00051283,0.00070096,0.0023124,0.00091644,0.0010661,0.00078018,0.00050238,0.00086013,0.0018384,0.00055049,0.00057606,0.0016841,0.0015037,0.0033185,0.0011906,0.0035721,0.007241,0.0017207,0.0073239,0.010329,0.022157,0.025054,0.027495,0.079648,0.053814,0.024419,0.013329,0.0037582,0.0012883,0.0028328,0.0032631,0.002418,0.0024368,0.0028697,0.0017242,0.0019399,0.0011243,0.00067787,0.0011464,0.0010458,0.0014509,0.002294,0.0015983,0.0010772,0.00097586,0.00085608,0.0023595,0.0028614,0.0023604,0.0024002,0.00051319,0.00088586,0.0020912,0.00045139,0.0010794,0.00048356,0.00093948,0.0012978,0.00095549,0.00062518,0.00079215,0.00042619,0.00070791,0.00046239,0.00035524,0.00013572,0.0010091,0.0001059,0.0014861,0.0017012,0.00030428,0.0023452,0.0014178,0.00089901,0.00046609,0.0025143,0.0016898,0.00049456,0.00085685,0.00025854,0.00018679,0.0033288,0.0039016,0.002133,0.0031732,0.0019124,0.0093883,0.012725,0.024664,0.02487,0.014786,0.013347,0.0063266,0.0094092,0.012248,0.0069557,0.0049087,0.0031631,0.0017361,0.0010412,0.0015551,0.0009298,0.0019712,0.002255,2.7856e-05,0.00072279,9.2867e-05,0.00097056,0.00075612,0.00033202,0.00086903,0.00099319,0.0011883,0.0011356,0.00068218,0.0021402,0.0028412,0.0019188,0.0025691,0.0015308,0.0051541,0.003744,0.0011837,0.0017117,0.0025447,0.0027115,0.0036153,0.0031111,0.00239,0.0015623,0.0014734,0.0026747,0.0022814,0.0024776,0.0041477,0.0014988,0.0019152,0.0020026,0.0019014,0.0009629,0.000958,0.0027901,0.0001433,0.0046467,0.008394,0.010874,0.011928,0.0068822,0.0010851,0.017252,0.03284,0.035864,0.064898,0.066637,0.031863,0.0087456,0.0011103,0.0041439,0.0082198,0.0072553,0.0020182,0.0033112,0.0015584,0.0022741,0.00090107,0.0022777,0.0035236,0.0048494,0.0027858,0.0017188,0.0015624,0.0016931,0.00033343,0.0037074,0.0025119,0.0022373,0.0021421,0.00014084,0.0047373,0.0065096,0.0052358,0.0047985,0.00091204,0.001822,0.0026665,0.00022755,0.0011636,0.0014462,0.0006198,0.0019567,0.0031917,0.0014148,0.00093367,0.0014018,0.00064635,0.0017373,0.00090237,0.0023055,0.0013172,0.0016602,0.0031516,0.0010101,0.001639,0.0023424,0.0027142,0.0028477,0.0019556,0.003318,0.0031271,0.0044077,0.0060823,0.011776,0.023781,0.014338,0.0099634,0.015616,0.0067816,0.045845,0.10587,0.075499,0.022186,0.021894,0.014014,0.00683,0.0179,0.0083268,0.0033164,0.0030588,0.0085594,0.0017039,0.0036987,0.0034656,0.00084413,0.0037178,0.0012211,0.0050937,0.0048125,0.0016616,0.0031724,0.0013613,0.002093,0.003558,0.0016332,0.0032691,0.0043305,0.0019074,0.0020124,0.0031039,0.00098029,0.00054545
0.0010011,0.0028014,0.0029442,0.0019892,0.002206,0.0021228,0.0033063,0.0039098,0.0026309,0.00054135,0.0023003,0.0042971,0.0041089,0.0026686,0.0023784,0.0035623,0.0022539,0.001896,0.0020985,0.0026832,0.0027192,0.0025983,0.0024421,0.0019448,0.003004,0.00078335,0.0015289,0.0012087,0.0024564,0.0038644,0.0052866,0.0066109,0.0039221,0.0058035,0.0046473,0.0012988,0.00071111,0.0027631,0.011624,0.014728,0.0050168,0.0018319,0.0024504,0.0040373,0.002373,0.00011698,0.0009211,0.0012584,0.00090532,0.00066545,0.00058137,0.0023972,0.0020525,0.0022185,0.00099164,0.001063,0.0012695,0.0039991,0.0045012,0.0024489,0.0031096,0.0014548,0.0032075,0.0029199,0.0028747,0.0025254,0.0017189,0.00077841,0.0012364,0.0019859,0.0035692,0.0025576,0.0024758,0.00089564,0.0030446,0.0018899,0.0011056,0.0014807,0.0022861,0.0018043,0.0023823,0.0025559,0.0022799,0.0033988,0.0023469,0.003754,0.0048026,0.0020746,0.0042828,0.00073058,0.0096326,0.014724,0.010867,0.0054577,0.0040549,0.0068202,0.016998,0.044041,0.053051,0.016146,0.0052637,0.0020561,0.010593,0.038573,0.050025,0.017095,0.0039221,0.0031813,0.0021018,0.0022405,0.0021128,0.0014619,0.0024514,0.0022235,0.0021394,0.0015071,0.00061752,0.0011991,0.0015615,0.0013881,0.0011909,0.00043455,0.00024172,0.00060212,0.0010203,0.0017256,0.0040434,0.0040844,0.0035926,0.0021439,0.00032216,0.00066659,0.00048068,0.0014622,0.001565,0.001402,0.0009613,0.0010814,0.0018093,0.0024851,0.0025498,0.0018049,0.0015371,0.0014104,0.0019838,0.0014433,0.0020074,0.00066382,0.0016963,0.0008763,0.00098609,0.0025438,0.0018004,0.00026839,0.0012886,0.0043757,0.010043,0.0091612,0.0010624,0.0024026,0.0022465,0.0049253,0.016723,0.021233,0.0075482,0.0021843,0.00043142,0.0022338,0.013133,0.018135,0.0055073,0.0020802,0.0013402,0.00029482,0.00055701,0.00051932,0.0010915,0.00074244,0.00054295,0.002292,0.003544,0.0022517,0.00053241,0.0010719,0.0012128,0.0020827,0.001832,0.00072744,0.00044223,0.0021143,0.0011287,0.0062212,0.0058934,0.0021133,0.00077897,0.0033793,0.0034299,0.001995,0.00045658,0.00039112,0.00058508,0.001775,0.0017592,0.00056353,0.00047653,0.00066576,0.0011347,0.0012895,0.0014376,0.0016663,0.0016949,0.002319,0.0025093,0.0020959,0.0019812,0.0013486,0.0036078,0.0045001,0.0025192,0.0029166,0.0030712,0.011627,0.010474,0.0052465,0.0078298,0.0087919,0.01817,0.038939,0.041054,0.02599,0.012838,0.0084327,0.0010459,0.0051048,0.0058446,0.0073878,0.0039445,0.0029567,0.0025375,0.0024275,0.0025368,0.0027992,0.0025973,0.0015244,0.0019028,0.001662,0.0015054,0.0015636,0.00135,0.0016121,0.0016836,0.0014677,0.0012559,0.00052226,0.00068762,0.0016787,0.0016246,0.00042573,0.0014668,0.0017683,0.0023862,0.0010904,0.002007,0.0034298,0.0021491,0.00094606,0.0011123,0.00071522,0.0021998,0.0043059,0.0042879,0.0024642,0.0031814,0.0035278,0.0031184,0.0028184,0.0047336,0.0065775,0.0055228,0.0030378,0.0017031,0.0056319,0.0092108,0.006938,0.003913,0.027521,0.067804,0.045238,0.0018914,0.0045364,0.0084116,0.01234,0.025179,0.040727,0.030487,0.01677,0.0099342,0.010717,0.0086753,0.0098997,0.0045474,0.0022945,0.0030083,0.0029946,0.0028402,0.003441,0.0042632,0.0029057,0.0024638,0.0021034,0.0015516,0.0018296,0.0020251,0.0022629,0.0020801,0.0027202,0.002957,0.0033622,0.00096236,0.0022001,0.0021089,0.0021452,0.0017537,0.0015975,0.0018893,0.0011222,0.001387,0.001174,0.00079133,0.0013929,0.00078858,0.00055089,0.00054084,0.00050288,0.0004825,0.00095331,0.00080291,0.00027979,0.00062392,0.0004487,6.9696e-05,0.00015934,0.00049113,0.00028916,0.0020504,0.0010535,0.0008342,0.00071123,0.0011498,0.0024675,0.0029405,0.013848,0.011976,0.0050002,0.0063307,0.0079844,0.0098873,0.016451,0.01809,0.010854,0.0066795,0.0013793,0.0028372,0.0032081,0.0019505,0.00044116,0.0010116,0.0012335,0.00068911,0.0011898,0.00091244,0.00042355,0.00012389,0.00092832,0.0021029,0.001528,0.00021306,0.00052191,0.00052219,0.00084462,0.0013603,0.00071177,0.00083268,0.0013787,0.00060463,0.0017978,0.0025205,0.0018939,0.002807,0.0045328,0.0013608,0.0022355,0.0013613,0.0010941,0.00020311,0.00048008,0.0010598,0.0011796,0.00048987,0.001075,0.00094442,0.00063033,0.00012893,0.001128,0.0011128,0.00033416,0.00069211,0.00097094,6.965e-05,0.0011244,0.00073356,0.001191,0.00060497,0.001092,0.0022577,0.0067934,0.012319,0.0062597,0.0035948,0.0023297,0.0037714,0.014998,0.035126,0.026378,0.0091498,0.0022074,0.00085821,0.0026942,0.0057287,0.0028207,0.00090298,0.001777,0.00020729,0.00081266,0.00083234,0.00085478,0.0016529,0.0012169,0.001291,0.0011322,0.0011368,0.00034165,0.00036446,0.00016367,0.00072457,0.0010047,0.0010498,0.0007466,0.0012798,0.00081867,0.00097124,0.00065679,0.00062772,0.00022361,0.00037809,0.0015265,0.0033612,0.0044568,0.0026687,0.0021506,0.0013641,0.0012749,0.0019257,0.0012462,0.00010088,0.00078347,0.0015946,0.0020293,0.0021075,0.0032576,0.0036616,0.0022284,0.0043978,0.0041296,0.0021575,0.0014329,0.0027937,0.0074893,0.0048632,0.0026542,0.0050509,0.008048,0.0081552,0.011552,0.0080377,0.023388,0.077003,0.16771,0.12993,0.022976,0.016099,0.012043,0.0046024,0.010564,0.01164,0.0045756,0.0036351,0.0041704,0.0021336,0.0027399,0.0045023,0.0052228,0.0038503,0.0029749,0.002706,0.0019929,0.0019274,0.00078727,0.00030587,0.0014082,0.0011424,0.00064808,0.001385,0.0012171,0.0018711,0.0012262,0.0022496,0.00352,0.0015811,0.0012452,0.0006459,0.0041355,0.0033135,0.0049156,0.0055522,0.0034679,0.0016674,0.0006469,0.0010722,0.00193,0.0014115,0.00071806,0.00069065,0.00068177,0.00041446,0.00030333,0.0013958,0.001416,0.0019226,0.0013454,0.00061792,0.0016696,0.00057732,0.00092441,0.0011484,0.0050151,0.013495,0.0062161,0.0054133,0.0058454,0.012978,0.043852,0.099671,0.085062,0.013215,0.012778,0.0067908,0.00095514,0.0044945,0.0040133,0.0029688,0.0023665,0.0011106,0.00082211,0.0015,0.0008247,0.0019809,0.0015936,0.0022662,0.0016384,0.0014235,0.0013759,0.002277,0.0025412,0.0010501,0.0026633,0.0020847,0.00065333,0.001319,0.0012378,0.0037151,0.0034549,0.0020988,0.0034559,0.0015123,0.00011449,0.0011942,0.001411,0.0012339,0.0011261,0.00019094,0.0011965,0.0011425,0.00092485,0.0013906,0.00098292,0.00062106,0.00039822,0.00086748,0.0011005,0.00099438,0.0012897,0.0012625,0.00038095,0.0020723,0.0026612,0.0013981,0.00041492,0.0011598,0.00072259,0.0011491,0.0001451,0.0015249,0.003928,0.0042717,0.0043801,0.012178,0.027359,0.024259,0.0046473,0.014712,0.010593,0.0096641,0.01641,0.012558,0.0012513,0.0023521,0.0017274,0.0018348,0.0014777,0.00033475,0.00011248,0.00020587,0.00028351,0.00058836,0.0011326,0.0013364,0.0009016,0.00097082,0.00088478,0.00080461,0.00033084,0.00098094,0.00071793,0.00093048,0.0012069,0.0011502,0.0026834,0.0014785,0.0005809,0.0015756,0.0028269,0.0031141,0.0038045,0.0022983,0.0010491,0.0014107,0.002909,0.0023224,0.0015314,0.0014363,0.0013224,0.001737,0.0048753,0.0014807,0.0025922,0.0035267,0.0040252,0.0020786,0.00059401,0.0015718,0.0024746,0.0029428,0.0025144,0.0019398,0.0028175,0.0050548,0.0039246,0.0094424,0.0048303,0.0088518,0.029234,0.047385,0.044553,0.016757,0.019252,0.013015,0.0024566,0.010631,0.014051,0.0069359,0.0046022,0.0050216,0.004047,0.0040685,0.0021203,0.00071073,0.0015004,0.0018484,0.001918,0.0016266,0.0012648,0.00349,0.0037834,0.0021267,0.0031217,0.0041497,0.0046151,0.0053017,0.0041356,0.0032365,0.0044345,0.0037923,0.003166,0.004073,0.0053421,0.0051784,0.0036521,0.0012498,0.0010353,0.0014067,0.0016273,0.0019109,0.0019152,0.0022909,0.0031798,0.0020699,0.0028065,0.0029685,0.003055,0.0028503,0.0034434,0.0053067,0.0039484,0.0039694,0.0045577,0.0029203,0.0042829,0.0058874,0.0078388,0.0066674,0.01001,0.014892,0.01773,0.01507,0.020981,0.035451,0.073778,0.09222,0.021528,0.052842,0.0050689,0.027627,0.016618,0.0037779,0.009412,0.015012,0.0074553,0.0071495,0.0071736,0.004133,0.0038984,0.0035739,0.0029341,0.0036829,0.0027077,0.0021703,0.0023635,0.0013987,0.0025519,0.0023638,0.0019709,0.0020026,0.0034489,0.0032579,0.00031559,0.0017952,0.0027087,0.0039471,0.0032412
0.0024408,0.0020727,0.00068679,0.00096899,0.00081712,0.00013141,0.0011862,0.0012488,0.001236,0.0010374,0.00084635,0.001963,0.0020562,0.0020138,0.0013214,0.00030284,0.00013637,0.0013581,0.0016587,0.0011318,0.0034167,0.0035846,0.0041093,0.0043372,0.0026882,0.00098798,0.0005498,0.0020411,0.0035742,0.0041136,0.0030817,0.005009,0.010764,0.0098629,0.005019,0.011184,0.0038669,0.0073001,0.0086142,0.004128,0.003458,0.0023864,0.0023895,0.0025841,0.0027129,0.00086774,0.0022735,0.003115,0.0030629,0.0017004,0.00091059,0.0024615,0.0014114,0.0012647,0.0013619,0.0003969,0.0011528,0.0021437,0.0010345,0.0017602,0.001697,0.0017643,0.003065,0.0037576,0.0013924,0.0012735,0.00090965,0.0023453,0.003576,0.00139,0.0013878,0.0011972,0.001789,0.0017731,0.0013674,0.00076832,0.0011616,0.0031289,0.0035367,0.0022501,0.0027075,0.0055813,0.0026485,0.0036178,0.00599,0.0026919,0.0038182,0.0055078,0.0044932,0.003543,0.0064061,0.0028571,0.0076335,0.011278,0.0092993,0.0060934,0.0044468,0.014022,0.037708,0.039618,0.023201,0.013849,0.030068,0.035449,0.023749,0.017795,0.0085023,0.005433,0.0021585,0.003885,0.0047103,0.0019179,0.0047399,0.0042959,0.0010722,0.0027472,0.0013993,0.0019632,0.002335,0.0012914,0.00094326,0.0023862,0.0038283,0.0023892,0.0023793,0.0011433,0.0013047,0.0019274,0.0020057,0.00081422,0.0026201,0.0026706,0.0011927,0.00072947,0.0012936,0.0019373,0.0011438,0.0026072,0.0019705,0.0012671,0.00074684,0.0017191,0.0020793,0.00111,0.00049374,0.00032054,0.0018376,0.0024007,0.0028106,0.0023309,0.00058294,0.00054203,0.00053555,0.0016448,0.0010031,0.0038512,0.0026322,0.0055083,0.0081207,0.0038658,0.0015457,0.0026847,0.0050729,0.0061446,0.010519,0.008494,0.0032298,0.016881,0.015184,0.0063598,0.0038579,0.0018398,0.00030686,0.00052193,0.001024,0.00075924,0.00042163,0.0011727,0.0014739,0.00072664,0.00082028,0.0013779,0.0011985,0.0011287,0.0024564,0.0018437,0.00080073,0.001778,0.0017618,0.002566,0.002028,0.0011519,0.0015534,0.0037022,0.0052664,0.0025738,0.00082545,0.00086917,0.00044947,0.00020274,0.0010787,0.0008598,0.00059851,0.00032981,0.00055613,0.00045148,0.0012709,0.00078188,0.00034559,0.0020713,0.0026487,0.00062344,0.00091645,0.0026634,0.0031675,0.0033376,0.0021102,0.0016611,0.0022512,0.0017884,0.0033948,0.0029964,0.0060483,0.0086648,0.0048889,0.0069679,0.0064953,0.0053361,0.035325,0.056328,0.038637,0.0056953,0.0085044,0.0078335,0.008647,0.0045883,0.00024823,0.0020971,0.0014246,0.0018622,0.00055838,0.0018974,0.0011975,0.0013111,0.0019521,0.00024694,0.00064071,0.0013143,0.0019256,0.00085104,0.001124,0.0007294,0.00076764,0.00082159,0.00072799,0.00088691,0.0015787,0.0017184,0.0005101,0.0016574,0.001638,0.00029356,0.0011304,0.00057897,0.0012952,0.0012538,0.0015919,0.0023461,0.00093408,0.0026248,0.0020985,0.00065773,0.0014869,0.0015638,0.001033,0.0019849,0.0019418,0.0025275,0.0014237,0.0020047,0.0025202,0.0039216,0.0067248,0.0067175,0.0063981,0.015539,0.021451,0.021976,0.054332,0.049249,0.025333,0.013503,0.029584,0.044263,0.0271,0.0021371,0.010194,0.0042282,0.0066434,0.0072918,0.0026378,0.002216,0.0014868,0.0019426,0.0021111,0.0028784,0.0021951,0.0041299,0.00095626,0.0022401,0.0003839,0.0008462,0.001343,0.0012337,0.0023951,0.00080467,0.0027715,0.0021683,0.001214,0.0016315,0.00047635,0.0019121,0.0026091,0.0011907,0.0012396,0.00094936,0.00084021,0.0014837,0.00095485,0.00030645,0.00055152,0.00060721,0.00023704,0.00044269,0.00047689,0.00097187,0.0010674,0.0010554,0.0005471,0.001035,0.00090848,0.00098415,0.0021785,0.0014841,0.00054372,0.001218,0.0013444,0.00091158,0.00080127,0.00029946,0.0058105,0.0076554,0.003487,0.0042998,0.0020344,0.004435,0.0034749,0.011865,0.014912,0.013434,0.0067915,0.002852,0.00079542,0.0026698,0.00041855,0.0022681,0.0017471,0.0010584,0.0011982,0.00072467,0.0011369,0.0011322,0.00032003,0.00035112,0.00067864,0.0012609,0.0012705,0.00039296,0.0012158,0.00083937,0.0012322,0.00092704,0.0010405,0.0016862,0.0022908,0.0027683,0.0022669,0.001258,0.0020419,0.0012075,0.0012006,0.0010174,0.0014247,0.00026895,0.00075411,3.7534e-05,0.00083389,0.00072621,0.00066477,0.00061455,0.001431,0.00076638,0.0010206,0.00093448,0.00083668,0.0015826,0.0010348,0.0007899,0.0012233,0.0014057,0.00079745,0.00088665,0.0019535,0.0013275,0.0005513,0.0040879,0.0002262,0.0079692,0.0067877,0.0027087,0.0023762,0.011386,0.0038757,0.026271,0.036194,0.017146,0.0014689,0.0037385,0.0013909,0.0023877,0.0010754,0.0012492,0.00038334,0.00090412,0.00030728,0.0013836,0.00098214,0.00057324,0.0005415,0.00067925,0.00044802,0.0010966,0.0011349,0.0012431,0.00092828,0.00010211,0.00028184,0.00065396,2.1396e-05,0.00048084,0.001014,0.00096466,0.00071607,0.0008248,0.00046181,0.00044693,0.0026785,0.0045947,0.0047084,0.0028449,0.0021711,0.0012953,0.0010642,0.0021366,0.002939,0.0018525,0.00349,0.0054955,0.0076962,0.005,0.0038826,0.002018,0.0042283,0.0089001,0.0092069,0.0040029,0.006287,0.0077578,0.0082635,0.0030942,0.0036076,0.0014383,0.0054531,0.011521,0.0064791,0.01026,0.020511,0.042907,0.15165,0.12891,0.033083,0.0030463,0.0081244,0.0089396,0.0076982,0.0080438,0.0030629,0.0023328,0.0051414,0.0029375,0.0015903,0.0038864,0.0026383,0.0021412,0.0022481,0.0044155,0.0033249,0.0019028,0.0020526,0.0039001,0.0057,0.0021585,0.0037426,0.0024379,0.0037385,0.0021985,0.0024604,0.0022871,0.00059773,0.0032404,0.01267,0.0068826,0.0039072,0.0022521,0.0032082,0.00054227,0.00053072,0.00060993,0.00070395,0.00094459,0.00084792,0.00095653,0.00075469,0.00037721,0.00053645,0.00071242,0.0010139,0.0015151,0.0011088,0.00014992,0.0013626,0.0008943,0.0010495,0.0032166,0.0011761,0.0030443,0.0046077,0.0074002,0.0084376,0.0078446,0.0057146,0.0077225,0.041672,0.09628,0.075666,0.017384,0.0044696,0.0041673,0.0068134,0.0051462,0.00081017,0.0015913,0.0027262,0.0014939,0.002457,0.002232,0.0011088,0.00063645,0.0010822,0.0005766,0.0018389,0.0012534,0.0010272,0.00030796,0.00094647,0.0011936,0.00020324,0.00017565,0.00090256,5.0309e-05,0.00092367,0.0005871,0.0009437,0.00099935,0.00072969,0.0013938,0.001376,0.00074252,0.0005834,0.00076942,0.00088447,0.00076836,0.00051211,0.00062088,0.00080194,0.00041741,0.0006261,0.00075981,0.00065751,0.00082335,0.0016316,0.00059858,0.00075606,0.00076541,0.00075748,0.00098684,0.0010785,0.001607,0.00075225,0.00054713,0.0010002,0.00026953,0.00042525,0.0028617,0.0034392,0.0009562,0.0071983,0.0091641,0.0064659,0.022044,0.02607,0.011269,0.012654,0.01237,0.0080608,0.0064648,0.0033046,0.0023469,0.001448,0.00063769,0.00061702,0.001695,0.00077436,0.0011707,0.0016483,0.00090675,0.00086286,0.0010755,0.00053661,0.00083525,0.0013454,0.00064067,0.00076768,0.00032668,0.00040743,0.00083155,0.00063921,0.00028113,0.00051023,0.0018961,0.0021577,0.0013653,0.0027415,0.0048354,0.0028493,0.00071481,0.0012921,0.001727,0.0018343,0.0023353,0.0015127,0.00062864,0.00049572,0.0020928,0.0030608,0.0013975,0.0029524,0.0037413,0.0036664,0.0032131,0.0021102,0.0025821,0.0036761,0.0035002,0.0044754,0.0038365,0.0021392,0.0038912,0.0060008,0.010576,0.017091,0.016403,0.03614,0.049677,0.029841,0.010888,0.0021693,0.0068283,0.0073831,0.0040955,0.0011368,0.00088955,0.0027253,0.005163,0.0025624,0.0022907,0.0036369,0.0024572,0.00061569,0.0012498,0.0012217,0.0022426,0.0019828,0.00097948,0.00055143,0.0017302,0.0022496,0.0026996,0.0013597,0.0026046,0.0047608,0.0028851,0.00063758,0.0015033,0.00418,0.002527,0.00063449,0.0010729,0.0018307,0.00083032,0.0018992,0.0007686,0.0014482,0.0011408,0.0015884,0.0018812,0.0012934,0.0003914,0.002162,0.0032026,0.0018154,0.001944,0.0018569,0.0010581,0.0020647,0.0040266,0.0027619,0.00157,0.0041086,0.0049762,0.0064302,0.0095922,0.005869,0.0084355,0.024137,0.016829,0.0094556,0.043238,0.1009,0.093547,0.034396,0.015129,0.02112,0.013307,0.0040774,0.010276,0.0086156,0.0056001,0.0035672,0.0057419,0.002151,0.0044022,0.0064619,0.0026939,0.0022394,0.0028304,0.0013581,0.0027933,0.0030188,0.0031318,0.0012171,0.0031148,0.0014656,0.0030202,0.0017701,0.0012823,0.0035432,0.0034897,0.0029193,0.0024703
0.0020805,0.0012411,0.0009605,0.00097307,0.0023526,0.0047852,0.0036395,0.0022053,0.001242,0.001277,0.0010648,0.00089178,0.0010412,0.00021761,0.0022546,0.0025999,0.0025082,0.0023714,0.0012711,0.0013753,0.00071363,0.0025802,0.0014158,0.00086976,0.00059247,0.0010424,0.0012786,0.0012994,0.002452,0.0015744,0.0013445,0.0026019,0.0031856,0.013479,0.015037,0.0085826,0.0017614,0.0067555,0.0089639,0.0067026,0.0027037,0.0020729,0.0020464,0.00066151,0.00074007,0.001296,0.00035187,0.0019414,0.0012992,0.00047197,0.0005807,0.0018979,0.0039278,0.0023306,0.00086391,0.00045573,0.00084965,0.00030766,0.0015562,0.0020255,0.00089727,0.00094937,0.0039472,0.0037117,0.0024413,0.0022445,0.0011724,0.0012952,0.002393,0.00058057,0.00084286,0.0019197,0.0039726,0.0032608,0.0026469,0.0037185,0.0024737,0.0021876,0.0017869,0.0038959,0.0044453,0.003973,0.0026236,0.0025859,0.0040861,0.0025708,0.0018614,0.0042748,0.0016723,0.0053205,0.007045,0.0071149,0.0050667,0.0016673,0.0071896,0.0027338,0.0034676,0.0048441,0.026932,0.040451,0.020142,0.014961,0.036601,0.036673,0.01895,0.0095874,0.0059886,0.0050228,0.0071632,0.0078726,0.0061103,0.0027365,0.0011903,0.0024341,0.0034168,0.0026074,0.00070986,0.0047964,0.0055146,0.0039558,0.0037428,0.0025491,0.0032807,0.0029287,0.0011283,0.0021672,0.0042265,0.0053889,0.0040033,0.001005,0.0017916,0.00089675,0.00016848,0.00065424,0.00067183,0.00042877,0.0015105,0.0018801,0.0019153,0.0017014,0.002111,0.0017307,0.0021582,0.0022789,0.0018717,0.0018381,0.0021773,0.00184,0.0007251,0.0014742,0.00065027,0.00029981,0.00079851,0.0012963,0.00097517,0.0013488,0.0011181,0.0016109,0.0053127,0.0062918,0.001612,0.0023738,0.0051113,0.019879,0.022924,0.0041365,0.0067397,0.015964,0.015964,0.0052508,0.0019339,0.0003648,0.0006445,0.00050504,0.0011863,0.0018884,0.0024631,0.0015345,0.00037161,0.00034138,0.00053883,0.0010359,0.00087879,0.0011961,0.0011241,0.00058849,0.00042365,0.00054506,0.0017233,0.0040574,0.0041671,0.0028642,0.0040012,0.0053718,0.0067304,0.00058955,0.00078626,0.0011622,0.00083956,0.00021289,0.00028603,0.00012027,0.00027236,0.00050751,0.00056339,0.00046118,0.00054167,0.00093546,0.0012692,0.00090949,0.0005654,0.00051792,0.00037318,0.00018854,0.00043418,0.00072193,0.00056216,0.001092,0.00029288,1.9299e-05,0.00096066,0.00063335,0.0008918,0.0025844,0.0074734,0.0052572,0.00080241,0.0094234,0.023306,0.057142,0.038051,0.0090415,0.0052412,0.010131,0.0044605,0.0020607,0.00089866,0.00086302,0.00063908,0.0004853,0.00075822,0.00040807,0.00037663,0.0003973,0.0002192,0.00011341,0.0004504,0.00041438,0.00035116,0.00065488,0.00032149,0.00061761,0.00038518,0.0010158,0.00091804,0.00036734,0.0011707,0.0017131,0.0017075,0.0023828,0.0019827,0.0021206,0.0010707,0.0016405,0.0004654,0.00082789,0.0010276,0.0017115,0.0028479,0.0027027,0.0015255,0.0024682,0.0012592,0.00021099,0.00060607,0.0012471,0.0019906,0.0016741,0.0013411,0.00097695,0.00063625,0.0011794,0.0018427,0.0017405,0.0030948,0.0038671,0.0016738,0.01573,0.023186,0.059371,0.04225,0.015416,0.016674,0.041062,0.048528,0.016878,0.0037036,0.0022868,0.0038418,0.00065871,0.001628,0.0024244,0.0033874,0.0012153,0.0014189,0.0014479,0.0019349,0.0021465,0.0021169,0.0012213,0.0024546,0.00088833,0.00014417,0.0011854,0.00098402,0.00028586,0.0024057,0.0033315,0.0020231,0.0018646,0.0022021,0.0013065,0.001077,0.0015575,0.0026132,0.0011745,0.0011922,0.0010026,1.3584e-05,8.7645e-05,0.00046747,0.00056099,0.0010024,0.0015397,0.00081449,0.00071919,0.0011953,0.0013154,0.0010206,0.00055491,0.00067001,0.00084401,0.00074819,0.00067906,0.00077456,0.0013023,0.00098402,0.0010532,0.0013582,0.0039711,0.0030396,0.001674,0.003926,0.010472,0.014674,0.0068248,0.001606,0.0097765,0.01375,0.023643,0.01296,0.0031181,0.0068522,0.0077286,0.0027177,0.00087236,0.0013327,0.00078888,0.00058846,0.0018136,0.0014855,0.0011154,0.0020304,0.0017836,0.00062044,0.00097601,0.00022227,0.00088417,0.00055095,0.0009346,0.0013279,3.6968e-05,0.0013947,0.0012427,0.0010657,0.0014598,0.0015591,0.0012831,0.00036712,0.0011392,0.0015582,0.00069795,0.0015682,0.0018861,0.0012302,0.0009881,0.00033627,0.00092991,0.00034919,0.001049,0.00092241,0.0003636,0.00052574,0.00097694,0.0010769,0.00040566,0.0010487,0.00032029,0.0014187,0.0013969,3.5511e-05,0.00060017,0.00053999,0.00028165,0.0007869,0.0014253,0.0034639,0.00090337,0.010521,0.0084232,0.0019118,0.0059374,0.025642,0.053225,0.046589,0.013433,0.0055785,0.0030596,0.0020004,0.00042244,0.0016657,0.00074233,0.0013231,0.0012259,0.0009211,0.0012474,0.0016066,0.0012377,0.00074375,0.00059419,0.00080764,0.0013413,0.00091534,0.00062173,0.0010493,0.00041346,0.0007653,0.00062436,0.0010273,0.00012365,0.00042653,5.3442e-05,0.0011498,0.0018136,0.0013573,0.0046501,0.0018835,0.0060812,0.005598,0.004719,0.0057807,0.0059852,0.0055585,0.0052068,0.0017481,0.0064594,0.0047271,0.0098409,0.0081187,0.0015077,0.0047091,0.0089572,0.0086388,0.0035056,0.0078193,0.0079424,0.0089737,0.010647,0.0048714,0.0020068,0.0018059,0.0081815,0.004319,0.0023701,0.015318,0.017596,0.017177,0.038731,0.11618,0.13546,0.04502,0.019499,0.012317,0.016555,0.0055401,0.0015354,0.0032123,0.0045528,0.00016675,0.0045726,0.0016219,0.0035788,0.0044077,0.0041944,0.0040508,0.0012841,0.0042927,0.00016319,0.0016743,0.0048496,0.0039335,0.0020579,0.0035709,0.0018037,0.0030142,0.002128,0.0021949,0.0018833,0.002271,0.0019628,0.011854,0.0076946,0.0050092,0.0015664,0.0010898,0.0013728,0.0018749,0.0014031,0.0014651,0.0010994,0.0021368,0.0026207,0.0016632,0.00084006,0.00087181,0.0022952,0.00093186,0.0016095,0.0017298,0.0022747,0.0014158,0.0015583,0.0026441,0.0045096,0.0026656,0.001176,0.0041439,0.0063339,0.0050078,0.004116,0.0070576,0.0069569,0.021912,0.06994,0.079575,0.031721,0.014332,0.0050843,0.0056753,0.0039441,0.00058271,0.003989,0.0045478,0.0017488,0.0035688,0.0021623,0.0016147,0.00096524,0.00075991,0.00024025,0.0011366,0.00036574,0.00030725,0.0010146,0.0023431,0.0013938,0.00063274,0.0023197,0.0011863,0.0010402,0.001916,0.0014955,0.0024915,0.0022838,0.00066514,0.0024673,0.0011865,0.00082281,0.0007787,0.00022893,0.00039395,0.00054018,0.00054232,0.00022337,0.00043079,0.00057033,0.00019591,0.00093381,0.0019442,0.0021785,0.0015536,0.0017632,0.00075746,0.00086891,0.0012068,0.0016961,0.001417,0.0017357,0.0021516,0.0016315,0.00208,0.0022868,0.0023589,0.0042917,0.004383,0.0031476,0.0060169,0.011753,0.03707,0.036305,0.011446,0.010139,0.012028,0.0060406,0.0034392,0.00563,0.0039406,0.0052565,0.0047088,0.0040473,0.0028829,0.0024677,0.0024783,0.0015645,0.0010065,0.0018961,0.0018575,0.0013549,0.0012895,0.0011401,0.001207,0.0025291,0.0024461,0.0010269,0.00073627,0.0011883,0.00017301,0.0008331,0.00080358,0.0015741,0.0016486,0.0012922,0.00070419,0.001295,0.002024,0.00037678,0.00015902,0.0020526,0.0022509,0.0022679,0.0039368,0.0028134,0.0027357,0.0012984,0.0013816,0.00050626,0.0016603,0.0034986,0.0033144,0.0023039,0.0033109,0.0033168,0.0016407,0.0019632,0.0019757,0.0004749,0.00042493,0.0064506,0.010026,0.0080658,0.0023242,0.0030645,0.02061,0.055583,0.038705,0.015205,0.011488,0.008472,0.0048328,0.0054596,0.0034227,0.0010576,0.0031041,0.0058805,0.0082488,0.0055121,0.00066998,0.001093,0.0027814,0.0027295,0.0012723,0.0010256,0.0023711,0.0027558,0.0039639,0.0028555,0.0044712,0.0052837,0.0043482,0.0055822,0.0039599,0.00097331,0.00086184,0.00040289,0.0008907,0.00081906,0.0017308,0.0020946,0.0013038,0.001377,0.001268,0.0015284,0.0024249,0.001917,0.0012815,0.0018184,0.0015645,0.0023626,0.0011948,0.0027724,0.0020668,0.0024925,0.0026471,0.0027357,0.0034961,0.0029074,0.0024241,0.0037928,0.0041271,0.004326,0.0049205,0.00574,0.0031864,0.01753,0.01726,0.0040709,0.015461,0.064604,0.094708,0.035776,0.023764,0.015119,0.019533,0.017716,0.0073413,0.008993,0.0085475,0.0056485,0.0048346,0.0057049,0.0038854,0.0044232,0.005118,0.0034327,0.0036878,0.0039788,0.00094332,0.0025363,0.0022643,0.0033635,0.0024052,0.00084986,0.0013296,0.00060056,0.0014299,0.00065188,0.00046076,0.00069329,0.00020021,0.0017147
0.0020732,0.0014868,0.0011104,0.000811,0.0023332,0.0025047,0.00093581,0.0013649,0.0022723,0.0022164,0.0015046,0.00021552,0.0015455,0.0015139,0.0010434,0.00057878,0.0023035,0.0017371,0.001096,0.0020792,0.0014738,0.0014885,0.0015802,0.0029635,0.0028258,0.00088919,0.0016864,0.001674,0.00083721,0.00093669,0.00097718,0.0029314,0.0089803,0.012458,0.0064317,0.0003794,0.0027715,0.0022406,0.011577,0.009955,0.0027994,0.0023906,0.0013932,0.0010404,0.00051395,0.0024234,0.0034828,0.0018353,0.0021034,0.0029493,0.001264,0.00034636,0.0030474,0.0025294,0.00074675,0.0016233,0.0017901,0.0019405,0.0014967,0.0013174,0.0016876,0.0014997,0.0035269,0.0033615,0.0015689,0.00090674,0.0024836,0.0024742,0.00073143,0.0009354,0.00086411,0.0017623,0.0010439,0.0011086,0.0012973,0.0012608,0.0013326,0.0012374,0.00082396,0.00073751,0.0021543,0.0029225,0.0017887,0.0012772,0.0016753,0.0016059,0.0047845,0.0046296,0.0022151,0.0004847,0.00051003,0.0067422,0.014791,0.010677,0.0039753,0.0021476,0.001957,0.033892,0.057582,0.027725,0.0032155,0.0020138,0.014249,0.049493,0.043437,0.01032,0.0039432,0.0051439,0.0034889,0.0012745,0.00080755,0.00045108,0.0019372,0.0016909,0.0007373,0.0018523,0.0017338,0.0023174,0.00049519,0.001397,0.00080891,0.00098556,0.00062918,0.0024959,0.002551,0.0020265,0.0035691,0.0025474,0.002563,0.0023748,0.00069424,0.0015274,0.0017176,0.00062529,0.00024827,0.00078961,0.00084448,0.0014493,0.001185,0.0018596,0.0017042,0.0014741,0.0030958,0.0028183,0.0026692,0.0018516,0.002223,0.0010621,0.00088434,0.00053031,0.0010856,0.0010993,0.0015471,0.0016665,0.0010449,0.0018995,0.0050716,0.0095838,0.0046212,0.00057088,0.0012224,0.0012563,0.013596,0.02523,0.01265,0.00097173,0.0017043,0.0075611,0.018104,0.013386,0.0028715,0.0015326,0.00097438,0.00079305,0.0013466,0.00075621,0.00094631,0.00065726,0.00016027,0.0002867,0.00037912,9.3263e-05,0.00044719,0.0015551,0.0013232,0.0013713,0.0029896,0.0033854,0.0027766,0.0011988,0.0017907,0.0053804,0.0099676,0.0085704,0.003685,0.0037928,0.0016461,0.00089652,0.00036207,0.0011202,0.00018378,0.0013739,0.0013128,0.00097772,0.00058861,0.00083273,0.00067448,0.000341,0.00087926,0.0005763,0.0011927,0.0010638,0.0010789,0.0033293,0.0019751,0.0014791,0.00084596,0.0016485,0.0012534,0.0015172,0.0027166,0.0057164,0.0088946,0.0068137,0.0068023,0.0031524,0.0075712,0.0227,0.051019,0.037612,0.011298,0.0040286,0.0026772,0.009131,0.0089613,0.002542,0.00063523,0.0001884,0.0004623,0.0009046,0.00079107,0.00035846,0.00043871,0.00015267,0.0014404,0.0010784,3.1726e-05,0.0010815,0.0010278,0.00080614,0.00085889,0.00013031,0.0011747,0.0015445,0.0012126,0.0018778,0.0023304,0.0023963,0.0023533,0.00079915,0.0012326,0.0016865,0.0013475,0.0013871,0.00033617,0.00080715,0.001394,0.00053481,0.00081862,0.00090131,0.0016397,0.0010845,0.0022471,0.00052549,0.0011535,0.0031458,0.0034184,0.001559,0.0025873,0.0049,0.0034616,0.0025271,0.0029198,0.0077875,0.005065,0.0089651,0.028552,0.061075,0.040562,0.0087772,0.0024622,0.005522,0.013451,0.044366,0.038655,0.012618,0.0045157,0.0062764,0.0022832,0.0030801,0.0034509,0.0029446,0.0028817,0.0017778,0.0021874,0.0034724,0.0018004,0.0022327,0.0013656,0.0032653,0.0022106,0.002434,0.0021622,0.0011628,0.0019276,0.0053478,0.0055443,0.0020402,0.00064662,0.0023146,0.0019667,0.00078119,0.0021886,0.002669,0.00034526,0.0018201,0.00056859,0.00081603,0.00067406,0.0002899,0.00023745,0.0004151,0.00080409,0.00041752,0.00075199,0.00088342,0.00066253,0.00033976,0.00071696,0.00079652,0.00079847,0.0010188,0.0014192,0.002666,0.0024438,0.0015541,0.001307,0.00089803,0.00016554,0.0016253,0.0020697,0.006046,0.012287,0.01133,0.004135,0.0030735,0.0032794,0.0094406,0.023899,0.018261,0.0054844,0.0021106,0.0013443,0.0020832,0.0019714,0.0015571,0.00070555,0.00065608,0.00060813,0.00070521,0.0002125,0.00035779,0.00058321,0.0018559,0.0019458,0.0011343,0.0017127,0.00094646,0.00052196,0.00025447,0.0010483,0.00017606,0.00078459,0.0008798,0.0015754,0.0019457,0.0015144,0.00060708,0.00047192,0.00054421,0.00086096,0.00152,0.0024412,0.002264,0.0008977,0.00051125,0.00066042,3.4101e-05,0.001027,0.0010153,0.0014982,0.0017947,0.00094884,0.00036307,0.0013607,0.0015618,0.0010565,0.00012011,8.4999e-05,0.00031447,0.00097051,0.0019307,0.001203,0.00019755,0.00065083,0.001989,0.0095249,0.01324,0.0029975,0.0060355,0.0064907,0.010716,0.025372,0.040429,0.021181,0.0058115,0.0054885,0.0025094,0.0041186,0.0025654,0.0029623,0.0022053,0.0014246,0.0029761,0.003541,0.0032369,0.0014113,0.0020149,0.0015798,0.0018698,0.0012556,0.0010365,0.00011593,0.001739,0.0021371,0.0012896,0.00054286,0.0017445,0.001939,0.00050346,0.00099895,0.0003923,0.0011949,0.0005206,0.0011958,0.0056684,0.0073936,0.0056681,0.0033207,0.00071953,0.002579,0.002566,0.0027754,0.0012918,0.004544,0.0046998,0.0015695,0.0020557,0.0010866,0.0048606,0.0058679,0.0027179,0.0075376,0.0090424,0.0043188,0.004157,0.0041165,0.0016452,0.0071706,0.007215,0.0088588,0.0090487,0.0034283,0.014493,0.027442,0.028125,0.043087,0.097178,0.1524,0.074821,0.027643,0.015267,0.013687,0.0080001,0.0046141,0.0072516,0.0080851,0.006438,0.0088972,0.0093161,0.0049067,0.0027824,0.0053849,0.0025872,0.0027661,0.0041474,0.0030181,0.0048965,0.005484,0.0046944,0.0032,0.0025834,0.0047518,0.00091933,0.0019328,0.00095531,0.002811,0.0010545,0.0043833,0.0015805,0.0034523,0.0059743,0.0093815,0.0087508,0.0016063,0.0023338,0.00067288,0.00073421,0.00029132,0.0024438,0.0027136,0.001977,0.0033023,0.0020661,0.00038778,0.0018657,0.0026905,0.0031512,0.00251,0.0030638,0.0037243,0.002262,0.0033535,0.0046688,0.0045729,0.0053935,0.011406,0.012906,0.0027117,0.0096804,0.015608,0.022572,0.060726,0.095784,0.04648,0.010742,0.01041,0.0053009,0.0069325,0.0049533,0.0071395,0.0037747,0.0047948,0.0076562,0.0049748,0.0013427,0.0014773,0.0019224,0.0028463,0.0016456,0.0016505,0.0033954,0.0020959,0.0036698,0.0023498,0.00068846,0.0027823,0.0022177,0.00064846,0.0020684,0.0020852,0.0030872,0.0028665,0.0031703,0.0048772,0.0012931,0.0014712,0.00046359,0.00088427,0.0012362,0.0010524,0.0006288,0.00070021,0.00090343,0.00096835,0.0011165,0.00051124,0.00069595,0.0010239,0.0010846,0.0010529,0.0013783,0.0006698,0.00174,0.0029838,0.0014464,0.0015404,0.0013528,0.0023287,0.0022643,0.0019867,0.0032081,0.0048775,0.0023857,0.0048915,0.0044331,0.0081534,0.018875,0.041202,0.02954,0.013844,0.0023046,0.00097565,0.0074701,0.011611,0.011294,0.0032837,0.002931,0.0034428,0.0028267,0.002075,0.0012487,0.002084,0.0014537,0.00098961,0.0010729,0.0011566,0.00063511,0.00044985,0.00083735,0.00038863,0.0011331,0.0010444,0.00051925,0.0013407,0.0025753,0.0027691,0.0019683,0.0020021,0.0016221,0.0026762,0.00096157,0.0012714,0.0018256,0.00082863,0.0013764,0.0027026,0.002581,0.0011975,0.0042472,0.001022,0.0026004,0.0019642,0.0020925,0.0028882,0.0015646,0.0024441,0.00141,0.0009642,0.0017465,0.0035871,0.0033271,0.001707,0.0011344,0.0025722,0.0029371,0.0068345,0.0057438,0.0024156,0.0056297,0.0018872,0.0092921,0.02173,0.053375,0.031771,0.016506,0.010546,0.0072842,0.001195,0.0052392,0.0067424,0.0048596,0.0010836,0.0012096,0.0019374,0.0016845,0.0019768,0.0044591,0.002996,0.0011494,0.0006772,0.0012059,0.0022511,0.0043344,0.0014524,0.0010965,0.0021176,0.0017905,0.0035936,0.0043186,0.0036953,0.0029692,0.0023368,0.0002592,0.0045422,0.0016457,0.0017648,0.00098828,0.0011525,0.001194,0.00097011,0.0012971,0.0028297,0.0025195,0.0020667,0.0018328,0.0021671,0.0022767,0.0025632,0.0022329,0.0035471,0.003836,0.0030254,0.0049368,0.0041343,0.0056423,0.0042383,0.003583,0.007128,0.0082701,0.0077816,0.013461,0.025949,0.012099,0.0056044,0.011361,0.023853,0.038904,0.098511,0.0818,0.047914,0.021617,0.016665,0.01237,0.016059,0.019738,0.008753,0.0041699,0.0079432,0.0069703,0.0050715,0.0014022,0.0061033,0.0043333,0.0029397,0.0032737,0.0019566,0.0047196,0.0037027,0.002625,0.0038371,0.0022593,0.0014084,0.00090591,0.0024167,0.0030345,0.0044388,0.0026717,0.00097573,0.0017064
0.0032013,0.0010911,0.0030818,0.0010866,0.0010882,0.001171,0.001231,0.0011701,0.0015468,0.0011066,0.00093057,0.0017896,0.0026854,0.0028008,0.0033513,0.0044882,0.0025206,0.002631,0.0049972,0.0024703,0.0013752,0.0001243,0.0011452,0.0020931,0.00241,0.002795,0.0043864,0.0036064,0.0042248,0.0045482,0.0028984,0.0061279,0.011807,0.016722,0.0074634,0.00073224,0.0029107,0.005,0.0053331,0.0064983,0.0075864,0.0049793,0.0034022,0.0036082,0.0035555,0.0023649,0.0020022,0.0026679,0.0024534,0.0015013,0.0024548,0.0013132,0.00049892,0.00098991,0.0021872,0.0012703,0.0010587,0.0019657,0.0032056,0.0030149,0.003168,0.0026653,0.0027143,0.0023694,0.00017209,0.0017866,0.0023969,0.0028994,0.0013656,0.0015462,0.002531,0.0018366,0.00144,0.0020395,0.0027417,0.0017214,0.0012284,0.0028424,0.0033869,0.0015912,0.0017123,0.00078638,0.0045037,0.005087,0.0052929,0.0074986,0.0073013,0.0034712,0.0034879,0.0081113,0.0057671,0.0089346,0.0095766,0.0091011,0.0051127,0.0042824,0.0020694,0.02866,0.040275,0.030728,0.018747,0.012095,0.019116,0.028803,0.032555,0.032901,0.020381,0.0059843,0.0020147,0.0033767,0.0025493,0.0015799,0.0029298,0.0014151,0.0015054,0.00039942,0.0010782,0.00064068,0.0002506,0.00036536,0.0004053,0.00042428,0.00039748,0.0018478,0.0015643,0.0031876,0.0031256,0.0033614,0.0023686,0.003487,0.0012307,0.0018409,0.0012189,0.00068251,0.0004287,0.0011607,0.0014759,0.00089045,0.00046396,0.0017893,0.0018477,0.0004159,0.0011649,0.00035951,0.0016568,0.0020859,0.0014166,0.00049647,0.00047842,0.0015643,0.0029065,0.0031839,0.0015185,0.0031015,0.0073152,0.0071262,0.0099093,0.0059863,0.0045045,0.00067746,0.0023488,0.0051459,0.01718,0.024019,0.0085182,0.0037526,0.0076124,0.0085936,0.011748,0.011963,0.011235,0.0065398,0.0028882,0.0019402,0.00097792,0.00077063,0.00093241,0.0010348,0.00058815,0.00064875,0.00063588,0.0014947,0.0010615,0.00017929,0.00077069,0.0010388,0.0011242,0.00195,0.0018008,0.0055945,0.0048307,0.0030873,0.0026835,0.0044994,0.0047136,0.0012344,0.00078215,0.00075744,0.0010236,0.0012839,0.00053247,0.00056195,0.00074336,0.00052515,0.00057249,0.00033555,0.00096688,0.0010347,0.00078306,0.00061498,0.00037675,6.5523e-05,0.00010994,0.00059597,0.00090882,0.0014075,0.0015581,0.0014189,0.0013928,0.0029323,0.0026818,0.0039492,0.0024095,0.004518,0.0064013,0.0089075,0.0031264,0.046379,0.055492,0.019639,0.01267,0.012106,0.0053005,0.01381,0.014089,0.0085148,0.0034007,0.0018203,0.0019581,0.00099645,0.00097855,0.0010197,0.00064954,0.00054996,0.0013026,0.0013281,0.0010103,0.0017043,0.0019539,0.0013514,0.0012808,0.0011718,0.0011291,0.0011922,0.0017115,0.0019047,0.0015361,0.0012375,0.00225,0.00081291,0.0018527,0.001766,0.0003042,0.0011129,0.00069498,0.00072708,0.0012995,0.0014298,0.0015544,0.0019189,0.0021728,0.0034917,0.0014254,0.0026603,0.000548,0.0039939,0.0058779,0.0054649,0.0044252,0.0032452,0.0039823,0.0032865,0.0077209,0.014441,0.015018,0.035793,0.067728,0.037739,0.012735,0.011241,0.012089,0.0055297,0.020571,0.038395,0.019168,0.012372,0.0073451,0.0084388,0.0094831,0.0077434,0.0087604,0.0050822,0.0030774,0.0027955,0.0030435,0.0035911,0.0041821,0.0050214,0.0028964,0.0025214,0.0033277,0.0039489,0.0025649,0.0012425,0.0029502,0.0036745,0.0017887,0.0025217,0.0036104,0.0024958,0.0029219,0.0027624,0.0022335,0.0024748,0.0023073,0.00099544,0.0007225,0.00046169,0.000367,0.00064201,0.00052225,0.00052393,0.00079989,0.0016098,0.0019784,0.0011334,0.00079655,0.00085387,0.0005167,0.001357,0.00052552,0.0013117,0.0024028,0.0018372,0.00083286,0.00086936,0.0015648,0.0015913,0.0018202,0.0011034,0.011127,0.016529,0.0073405,0.0028864,0.00095736,0.0060192,0.0044517,0.01047,0.016559,0.0088059,0.0035708,0.00143,0.00302,0.0027792,0.0025815,0.0018044,0.0016758,0.0013248,0.00063437,0.00066894,0.00032362,0.00080778,0.0014937,0.0022389,0.0016389,0.00036594,0.0012809,0.00093565,0.00046845,0.00063575,0.000915,0.00078339,0.00097732,0.0014722,0.00086033,0.0011905,0.00097056,0.0010735,0.0021542,0.0031229,0.00057389,0.0006415,0.00083903,0.0012688,0.0015145,0.0010504,0.0013285,0.0015859,0.00087916,0.0004607,0.00074694,0.0016766,0.0012591,0.00062681,0.0017066,0.0016633,0.0019659,0.0025222,0.0023288,0.0011111,0.0016419,0.0014024,0.0015966,0.0014293,0.0046741,0.0072003,0.0093244,0.011369,0.0098559,0.011336,0.010879,0.036265,0.037405,0.052359,0.033958,0.018156,0.010882,0.0085267,0.008576,0.0058627,0.0039763,0.0023841,0.0029289,0.0030516,0.0033571,0.0026244,0.0020497,0.0022939,0.0025034,0.0016327,0.0020728,0.002332,0.0011715,0.00086444,0.0016621,0.001914,0.0013456,0.0010432,0.0011497,0.00073998,0.0022877,0.0021534,0.0018735,0.001496,0.0011112,0.0006565,0.0021709,0.0051811,0.0030067,0.0023229,0.0066437,0.0055432,0.0039767,0.0054091,0.0016041,0.0016488,0.0034549,0.0055008,0.0074789,0.0050753,0.0061641,0.008987,0.0085248,0.0084836,0.0052001,0.0022061,0.0074233,0.008922,0.0057961,0.018241,0.019884,0.0086589,0.0184,0.015106,0.023348,0.047167,0.12361,0.10444,0.1581,0.11007,0.06648,0.04241,0.019281,0.013636,0.014841,0.014053,0.013727,0.011462,0.010928,0.0085554,0.0037547,0.0057268,0.0090818,0.010981,0.0095793,0.0027427,0.0035013,0.0054912,0.0028613,0.0023285,0.0038039,0.0016951,0.0033478,0.0032702,0.0095499,0.011997,0.0070907,0.0046503,0.0043834,0.003247,0.00049821,0.0024064,0.0082569,0.0098399,0.0046216,0.0038917,0.0025365,0.00085648,0.0013938,0.00061768,0.0012012,0.00031793,0.00079769,0.0015088,0.0026115,0.0023646,0.0018651,0.0016896,0.0015808,0.0020435,0.0020739,0.0011798,0.0010157,0.00070686,0.0049193,0.0064046,0.0027524,0.0074242,0.0048713,0.0087291,0.013402,0.043741,0.041648,0.055454,0.034112,0.020265,0.011116,0.011193,0.01015,0.0064091,0.0035209,0.0011526,0.0029419,0.0044438,0.0040354,0.0023883,0.0033983,0.0034339,0.0033682,0.0038485,0.0024556,0.0027018,0.0030982,0.002636,0.0040445,0.0025595,0.0026065,0.0033614,0.0029192,0.0027964,0.002485,0.0071141,0.0087455,0.0070841,0.0046231,0.0024355,0.0016984,0.00041168,0.00042665,0.0011425,0.0010822,0.00069303,7.0334e-05,0.00047859,0.00061399,0.00066379,0.00041135,0.00035826,0.00048311,0.00017168,0.00072091,0.0013155,0.0013145,0.00081415,0.0012366,0.0010291,0.00048595,0.0012695,0.002044,0.0016534,0.0020459,0.0046352,0.0028264,0.0016068,0.0033107,0.0053197,0.0019695,0.02553,0.036196,0.015705,0.0089122,0.010522,0.0015989,0.012899,0.014172,0.0086784,0.0055183,0.0026891,0.0011137,0.00052546,0.00055776,0.00016092,0.00056663,0.00090339,0.00059646,0.00036301,0.00044956,0.00052492,0.0010222,0.00064654,0.00074727,0.0019251,0.0011711,0.00065249,0.00054966,0.0011987,0.0014486,0.00033751,0.0027296,0.0022503,0.0029897,0.0034446,0.00098915,0.0012143,0.0010623,0.00071955,0.0020157,0.0024674,0.0016316,0.0013323,0.0023756,0.0037938,0.0021749,0.00072114,0.0033011,0.0048551,0.0026567,0.0030129,0.0020278,0.0013958,0.0012574,0.0017992,0.0053428,0.0046491,0.0078191,0.0076254,0.014036,0.011376,0.0054804,0.010813,0.0087531,0.0024214,0.029577,0.06361,0.037954,0.010048,0.01147,0.0054665,0.0026142,0.0017804,0.005103,0.0065881,0.002127,0.0036052,0.0027965,0.0041393,0.0033651,0.00095117,0.00097109,0.0014224,0.0036881,0.0026746,0.0049841,0.0013582,0.003303,0.0016559,0.003757,0.0039353,0.0043956,0.0041879,0.004305,0.0024414,0.0018699,0.0053199,0.0058993,0.0019979,0.0017883,0.00092261,0.0017721,0.0028654,0.0010422,0.0017546,0.00087328,0.0018451,0.0020034,0.00081356,0.0022462,0.0017784,0.00095349,0.0028682,0.003178,0.0025577,0.0019904,0.0022754,0.003074,0.0036375,0.0025646,0.0028073,0.0032615,0.009098,0.013412,0.023314,0.015788,0.0075339,0.01076,0.010116,0.0083772,0.041742,0.092867,0.051607,0.013803,0.012016,0.0087239,0.0090705,0.010922,0.009061,0.0080952,0.0085727,0.0046103,0.0050688,0.0034529,0.0039407,0.0017974,0.002845,0.0037406,0.00094574,0.0047674,0.0059388,0.0027616,0.0047875,0.0043373,0.00052667,0.0038378,0.0020302,0.0029859,0.0038574,0.0017369,0.0026934,0.0033501,0.0063794
0.0034886,0.0026815,0.0018991,0.0038808,0.0037982,0.001717,0.0022299,0.0033627,0.0015695,0.0024528,0.0022435,0.002856,0.0022489,0.0010273,0.0015376,0.003184,0.0040735,0.0025159,0.0024972,0.0031011,0.0012602,0.001134,0.0025854,0.0062047,0.0061115,0.005336,0.0043758,0.0035657,0.0031795,0.0022662,0.0038817,0.0022616,0.00073128,0.0016178,0.0054711,0.0089079,0.0030309,0.0021527,0.0022064,0.0096704,0.0063201,0.0027745,0.0027735,0.00024727,0.0018121,0.0039882,0.004056,0.0018499,0.00107,0.0020448,0.0015238,0.0011136,0.0028562,0.0022958,0.00043327,0.0025751,0.0023743,0.0019649,0.0015406,0.0017956,0.0018685,0.00038254,0.002065,0.0023456,0.00081657,0.00071426,0.0013641,0.00053557,0.0024949,0.0030608,0.0022736,0.0015551,0.00095488,0.00090486,0.0015065,0.00044324,0.0017648,0.0006532,0.001772,0.00077387,0.00039755,0.0018501,0.0020667,0.00063279,0.001085,0.0014568,0.003551,0.00058395,0.0039796,0.0034941,0.00046481,0.011106,0.013958,0.0069608,0.0060926,0.0089823,0.008195,0.010971,0.041536,0.050351,0.014824,0.0066909,0.0098064,0.0152,0.03744,0.040557,0.013384,0.0048443,0.00082891,0.0008953,0.002487,0.0015551,0.0035378,0.0031932,0.00018151,0.0024748,0.0023924,0.00065849,0.0013204,0.00034995,0.00092285,0.0004078,0.00066045,0.00070038,0.0013165,0.0030755,0.0029944,0.0019649,0.0013876,0.0022067,0.001322,0.00051958,0.00027847,0.0010925,0.001092,0.0016828,0.0017565,0.00066462,0.00047683,6.4018e-05,6.5333e-05,0.00042098,0.0014368,0.0025937,0.0028895,0.0014008,0.001287,0.0023575,0.0025584,0.0033682,0.0030181,0.0030599,0.0028648,0.0016658,0.0010063,0.0016638,0.0043787,0.0087532,0.0041766,0.0024442,0.0025428,0.0026812,0.0022675,0.011761,0.013297,0.0075431,0.0049767,0.0035418,0.0042209,0.015154,0.015604,0.0060174,0.0033515,0.0010282,0.00091638,0.0013371,0.0015089,0.0021231,0.002731,0.0024827,0.0010421,0.0015242,0.0018342,0.0017226,0.0022348,0.0012909,0.0017777,0.0021743,0.0029519,0.0047913,0.0062341,0.004318,0.0029251,0.0024243,0.0044995,0.0010728,0.00076278,0.00026899,0.00038723,0.00043293,0.00060445,0.00036928,0.00049592,0.00052958,0.0007758,0.00095567,0.0012536,0.00093141,0.0010565,0.0012365,0.00084658,0.0011121,0.0013539,0.0011701,0.0016222,0.0019787,0.0014862,0.0011777,0.0017817,0.0025632,0.0021811,0.0073178,0.0080191,0.0058141,0.0067916,0.0095739,0.013533,0.021232,0.047234,0.030859,0.017512,0.024388,0.010502,0.010371,0.016114,0.0095197,0.00055821,0.00069688,0.0028801,0.0023303,0.0021602,0.0027604,0.0023803,0.0020773,0.0020802,0.00175,0.002106,0.0023934,0.0020565,0.0015584,0.0011867,0.0016082,0.0019243,0.0013833,0.0011448,0.0014134,0.0020686,0.0020615,0.0022593,0.0023949,0.0015275,0.001629,0.0012117,0.0019901,0.0028418,0.0027865,0.0028574,0.0033723,0.0039435,0.0037787,0.0036187,0.002569,0.0025929,0.0038887,0.0027825,0.0026303,0.0026601,0.0012932,0.0020537,0.0047583,0.005607,0.0033531,0.0052266,0.0077474,0.0043966,0.01713,0.057809,0.049941,0.003232,0.017285,0.01071,0.0067977,0.0094214,0.024584,0.040605,0.020098,0.014973,0.011118,0.0057118,0.006382,0.0037626,0.002916,0.0039863,0.004707,0.0034766,0.0026097,0.0028401,0.001893,0.0014945,0.001938,0.0013976,0.00062378,0.0010611,0.0017747,0.0014829,0.0015899,0.0015908,0.0014204,0.0018556,0.0020737,0.0014566,0.0017781,0.003,0.0030204,0.0015158,0.0011524,0.0007367,0.000845,0.00050358,0.00052016,0.0008837,0.0010952,0.00086184,0.00029537,0.00047353,0.0002627,0.00097276,0.0012883,0.00093249,0.00095568,0.0012384,0.0013204,0.0020688,0.0017777,0.00075054,0.00042351,0.00030105,0.0012387,0.0015977,0.00099055,0.0024434,0.0091162,0.011148,0.001742,0.0021465,0.0031454,0.0064905,0.0056047,0.010109,0.011895,0.0067597,0.0065315,0.0036996,0.00058513,0.0014888,0.0016679,0.0012266,0.00087317,0.00075187,0.00011555,0.0004995,0.0004532,0.00061714,0.0011589,0.0012035,0.00043955,0.00053365,0.00081276,0.00095022,0.00037235,0.00031825,0.00095899,0.0018051,0.0023862,0.0021946,0.0015063,0.0023018,0.0021478,0.00013933,0.0015957,0.00087502,0.0018822,0.0014886,0.0015291,0.0018628,0.002388,0.0021538,0.0015273,0.0015583,0.001642,0.001418,0.00062636,0.0011806,0.0021839,0.002925,0.0023568,0.0022617,0.0025037,0.0035559,0.0030136,0.0017993,0.0023443,0.0029503,0.0029728,0.0042522,0.0057215,0.0039942,0.0079791,0.006632,0.00087262,0.005493,0.0088126,0.0079885,0.022887,0.029263,0.0063271,0.0071959,0.0040824,0.0030512,0.0054119,0.0058145,0.0020851,0.00081286,0.0021971,0.0025,0.0018772,0.0015607,0.0013289,0.0015093,0.0018903,0.0017278,0.00034565,0.00065285,0.0014054,0.0011791,0.00058235,0.00069589,0.00060948,0.001088,0.0014166,0.00086515,0.00011017,0.00035408,0.00074892,0.0014038,0.0065691,0.0083175,0.0085937,0.0072011,0.0069442,0.0061267,0.0011242,0.0018468,0.0014812,0.0013377,0.0031288,0.0055527,0.0070886,0.0073551,0.0054766,0.0041153,0.0025237,0.0019437,0.0041466,0.0061131,0.0062295,0.00068935,0.0092109,0.013093,0.01486,0.012559,0.0046223,0.010852,0.011963,0.023664,0.039022,0.054429,0.069885,0.079484,0.14291,0.062934,0.026662,0.02805,0.020866,0.017256,0.012469,0.013069,0.014695,0.010074,0.0059996,0.0074792,0.0074556,0.0063752,0.0071236,0.005985,0.0042677,0.0055662,0.0067959,0.0047261,0.0020704,0.0048704,0.0059763,0.0040371,0.0067086,0.0074526,0.0033064,0.0033913,0.0035438,0.0035874,0.0042939,0.013949,0.014354,0.0072465,0.0069526,0.0048327,0.002841,0.0040979,0.0039975,0.0038135,0.0039812,0.0042419,0.004085,0.0033125,0.0032106,0.00462,0.0048362,0.0049681,0.0045636,0.0045736,0.0051965,0.0054607,0.0062036,0.0076394,0.0092476,0.011373,0.011926,0.0058955,0.0050679,0.0045886,0.014314,0.022892,0.026809,0.03322,0.032538,0.08733,0.055016,0.024317,0.01679,0.011415,0.0113,0.010043,0.0070034,0.0068091,0.007208,0.0059663,0.0048671,0.0045548,0.0044106,0.0036726,0.002305,0.0025774,0.0031859,0.0027394,0.0023658,0.001635,0.0019944,0.0025645,0.0028655,0.0026682,0.0020047,0.0026122,0.0025783,0.0027281,0.0014974,0.00090892,0.00054861,0.0013575,0.0020313,0.0018565,0.0013086,0.0016959,0.0023879,0.0010702,2.9133e-05,0.00038465,0.00060448,0.0002196,0.0011576,0.0011588,0.0010719,0.001409,0.001095,0.0015358,0.0017615,0.0018537,0.0017251,0.0021356,0.0015555,0.0014409,0.0020698,0.0013846,0.0027999,0.003398,0.0021214,0.0023478,0.0030344,0.0061897,0.0085628,0.018968,0.016661,0.017806,0.0072323,0.0088004,0.0059862,0.014619,0.011484,0.0087835,0.0068249,0.0015465,0.0020132,0.002188,0.0014849,0.000702,0.0011726,0.00070314,0.0014188,0.0015168,0.00047087,0.00052388,0.001183,0.001544,0.001211,0.0006989,0.00079617,0.001914,0.00099943,0.00021095,0.0021247,0.0013338,0.00062693,0.0026389,0.00089379,0.0005343,0.00039779,0.0026118,0.0010275,0.00070231,0.0016761,0.0019963,0.0029191,0.0038038,0.003344,0.0026992,0.0028072,0.0014633,0.0024736,0.0035308,0.0029967,0.0018607,0.0019357,0.0035379,0.0015625,0.00017716,0.00091329,0.0020441,0.002912,0.0070573,0.0064033,0.0025374,0.00090995,0.0045169,0.0072519,0.0071624,0.007607,0.019749,0.014957,0.014279,0.007281,0.002128,0.0026179,0.00074876,0.0010021,0.0029986,0.0044791,0.0014002,0.001857,0.00040479,0.0010364,0.00032252,0.00077295,0.00019155,0.0015293,0.0025662,0.0035316,0.0026633,0.00082534,0.0018958,0.0036781,0.0037219,0.0025912,0.0018602,0.0004988,0.001118,0.0024988,0.0027676,0.0023213,0.0011906,0.0015094,0.0021706,0.0035548,0.0032554,0.0020782,0.0020654,0.0021948,0.0012278,0.0017389,0.0016808,0.0010324,0.00089067,0.00076311,0.0011567,0.0025477,0.0033985,0.0040171,0.0047608,0.0045453,0.0049975,0.0048316,0.005691,0.0060203,0.0081642,0.016911,0.021996,0.011238,0.0080346,0.012021,0.01157,0.022914,0.068217,0.10402,0.079172,0.072947,0.013071,0.028531,0.0099883,0.02125,0.014002,0.0081299,0.0040028,0.0086215,0.0061563,0.0093849,0.006803,0.0056879,0.0013238,0.0024073,0.00050201,0.00024528,0.00096341,0.0026636,0.0036569,0.0047133,0.0039816,0.0022617,0.0045702,0.0039659,0.0060404,0.0068034,0.0051818,0.0033591
0.0029122,0.0026802,0.0026907,0.00349,0.0023296,0.0018401,0.0016003,0.00051193,0.00098378,0.0032062,0.0024357,0.00080079,0.0020486,0.0028161,0.0025316,0.0027001,0.0038826,0.0024606,0.0012278,0.0038029,0.0039221,0.00096188,0.0019917,0.0055002,0.0053086,0.0015696,0.0030058,0.0055922,0.0035978,0.0021534,0.0059534,0.0096209,0.0053948,0.0014726,0.0035053,0.0066458,0.0093614,0.0038166,0.0071426,0.0074663,0.0034443,0.0019198,0.0020139,0.0017777,0.0026533,0.001894,0.0026914,0.0016611,0.0013085,0.0012767,0.0018479,0.00141,0.00075343,0.0026886,0.003298,0.0034091,0.0024564,0.00023403,0.00081181,0.00011434,0.0020037,0.002354,0.00094777,0.0021538,0.0022317,0.00078412,0.0014802,0.0016525,0.0031821,0.001994,0.0027624,0.0042125,0.0038452,0.0039189,0.002662,0.0018578,0.00093324,0.0016553,0.001454,0.0029932,0.0029321,0.0027527,0.00065088,0.0056782,0.0065976,0.0039492,0.0025549,0.0034335,0.0044778,0.0048352,0.010328,0.0073778,0.0081884,0.004129,0.016076,0.031361,0.038941,0.024148,0.01486,0.0089444,0.008042,0.014503,0.02807,0.033996,0.030743,0.014715,0.0040715,0.007193,0.0044848,0.0011363,0.0015177,0.0040813,0.0057452,0.0036485,0.0017008,0.0018169,0.0013388,0.0014537,0.0028018,0.0026421,0.0028533,0.0037352,0.0017427,0.0015657,0.0019925,0.00059165,0.0019892,0.002445,0.0017816,0.0026021,0.0014376,0.0010479,0.0006055,0.00096159,0.0017408,0.0016426,0.0030203,0.0032436,0.0016756,0.00066286,0.0011563,0.001322,0.0022269,0.0015883,0.0025402,0.002926,0.0023727,0.0014671,0.00046108,0.0013918,0.002408,0.0028683,0.002807,0.00081824,0.0011922,0.0024799,0.0070147,0.011063,0.007411,0.0046291,0.0093923,0.024092,0.01622,0.0020793,0.0034582,0.00327,0.0094545,0.0064688,0.012645,0.013323,0.0045883,0.0019969,0.0037299,0.0022262,0.0017171,0.00030305,0.00092826,0.00066639,0.00096401,0.0015292,0.00084665,0.0011955,0.0016078,0.0024208,0.0022737,0.0021115,0.00267,0.003368,0.0012897,0.0026108,0.0039996,0.0055899,0.006333,0.006608,0.0041229,0.0010514,0.00082466,0.0023273,0.0022756,0.0021684,0.0017356,0.0012956,0.001296,0.0012511,0.0008248,0.0015109,0.0020692,0.0017665,0.002498,0.0018015,0.0018521,0.0020143,0.0022429,0.0033055,0.0032118,0.002271,0.0032993,0.0029041,0.0039192,0.0053658,0.0049493,0.0079922,0.011236,0.0033907,0.0093258,0.027633,0.054823,0.02911,0.013354,0.0077898,0.0044497,0.0014128,0.0052938,0.0032125,0.0047,0.0042628,0.0053236,0.0048426,0.0020884,0.0023572,0.0030498,0.0026386,0.0027789,0.0020064,0.0016676,0.0018824,0.0022133,0.0022703,0.0011259,0.0009699,0.0018135,0.0023903,0.0028198,0.0014241,0.00019341,0.00076775,0.00058834,0.00070946,0.0011554,0.0033316,0.0012312,0.0023809,0.0046364,0.003886,0.0047789,0.0042262,0.0012042,0.0019261,0.0034138,0.0027448,0.0037792,0.0027702,0.00086092,0.00093096,0.00059745,0.0035681,0.0064833,0.0075636,0.0041028,0.0033701,0.0035635,0.0045551,0.005736,0.0075855,0.0071294,0.0061272,0.023697,0.048869,0.04177,0.024144,0.0069914,0.025209,0.0028199,0.0093731,0.0073766,0.010765,0.025182,0.019068,0.016056,0.0066395,0.0085745,0.0046802,0.0041109,0.0052437,0.0042112,0.0031099,0.0014499,0.0029359,0.0040688,0.0030582,0.0020638,0.0033843,0.0025387,0.00083356,0.0015942,0.0030609,0.0016774,0.0026396,0.0013916,0.0018431,0.0021834,0.0022607,0.0010913,0.0015398,0.0040442,0.00072373,0.00060061,0.00096654,0.0011226,0.00063054,0.00022253,0.00027623,0.00060733,0.00073685,0.0010981,0.0023237,0.0019527,0.0020323,0.0031696,0.001718,0.0009297,0.0017771,0.0012158,0.0023469,0.0017856,0.00099515,0.0029653,0.0036594,0.0048765,0.0052971,0.0028718,0.010047,0.017147,0.0095111,0.0012172,0.010119,0.021582,0.012999,0.0084544,0.0043377,0.0079942,0.01034,0.0041119,0.0024214,0.0027161,0.001573,0.0011333,0.00080782,0.0018079,0.00071219,0.0012537,0.0018601,0.00053779,0.0010405,0.0020994,0.0013397,0.00072822,0.0012989,0.00053756,0.0014337,0.0023783,0.0019305,0.00040961,0.0013972,0.0022757,0.0025215,0.00046982,0.0026221,0.00073919,0.0021768,0.0013617,0.00087716,0.00064889,0.0012677,0.0015987,0.0007495,0.00056473,0.0012679,0.0013263,0.00073683,0.0010565,0.00099853,0.00051841,0.00015768,0.00076349,0.0012544,0.0012078,0.0013326,0.001246,0.001595,0.0019226,0.00060223,0.0018941,0.002329,0.0012762,0.0023267,0.0055835,0.01418,0.013884,0.021866,0.016447,0.039421,0.037493,0.02195,0.017343,0.012072,0.012376,0.011976,0.0043897,0.0039021,0.0037104,0.0010489,0.0005184,0.00011862,0.0005788,0.001027,0.00086968,0.00060142,0.0012156,0.0014375,0.0011555,0.00079481,0.001472,0.0012304,0.00014303,0.0010039,0.00092161,0.0011462,0.0011896,0.0015168,0.0011458,0.0014637,0.00033443,0.0013789,0.00085936,0.004493,0.0025367,0.0021855,0.0030541,0.0032458,0.0033172,0.0055321,0.0039856,0.0024626,0.0022211,0.0022389,0.0042787,0.0034036,0.0013286,0.0022421,0.0015611,0.0039292,0.0059759,0.0056823,0.0093741,0.011399,0.0062514,0.0049881,0.0062635,0.0074627,0.010837,0.023299,0.036845,0.034296,0.088373,0.042798,0.14175,0.14114,0.072424,0.030489,0.024038,0.0021573,0.012136,0.019455,0.019582,0.016562,0.012947,0.010708,0.011073,0.0071301,0.0062362,0.0063031,0.0058814,0.0088564,0.0097482,0.0076296,0.0047994,0.002257,0.0040004,0.005946,0.0037339,0.0049482,0.0057089,0.0036929,0.0015555,0.0048851,0.0075954,0.0035805,0.0049631,0.007872,0.0021872,0.0013334,0.0017735,0.0024098,0.001642,0.0013444,0.0035419,0.01387,0.017601,0.010435,0.0025194,0.0039501,0.0038827,0.0016529,0.0024255,0.0025614,0.0047811,0.0039059,0.0031325,0.0035444,0.0038126,0.0036311,0.0045724,0.0060998,0.0058991,0.0056474,0.012581,0.024516,0.020884,0.047659,0.0338,0.075991,0.069416,0.026443,0.0080146,0.0087311,0.018024,0.01989,0.012485,0.0088895,0.0083363,0.0062595,0.0052179,0.0034691,0.0050229,0.0055822,0.0012566,0.0037417,0.0023265,0.0039319,0.003717,0.0028382,0.0058501,0.008857,0.0065911,0.0016468,0.0022057,0.0026563,0.003079,0.0026466,0.0027124,0.0025153,0.0018275,0.0016331,0.0028184,0.0016006,0.0019538,0.0026232,0.0022412,0.0011138,0.00096173,0.0018493,0.0014044,0.0026944,0.0017545,0.0014168,0.0020644,0.0010936,0.0014263,0.00288,0.0014554,0.00079528,0.00017828,0.00092971,0.0020173,0.00018896,0.0020355,0.0009447,0.00084223,0.001849,0.0030671,0.0019724,0.0038177,0.0031453,0.0094424,0.0054432,0.017481,0.014565,0.01085,0.006021,0.0089528,0.0039637,0.0063444,0.0078564,0.0078153,0.0030311,0.0041625,0.0038539,0.005217,0.0045818,0.0058686,0.0036264,0.0019473,0.0039638,0.0013162,0.0037252,0.0012002,0.0035133,0.0025876,0.00084969,0.0011994,0.0031363,0.0025872,0.0014087,0.0014624,0.0013511,0.0021542,0.0022009,0.00063755,0.00083222,0.0030523,0.0064759,0.0066319,0.0018762,0.0022028,0.0020889,0.0022533,0.0008094,0.0014403,0.0012075,0.0021797,0.0013947,0.0010052,0.0032942,0.0031443,0.0026573,0.0034097,0.0027646,0.0025436,0.0018864,0.0012377,0.0024617,0.003172,0.0062161,0.0069034,0.0062359,0.0048422,0.0015404,0.00049099,0.002557,0.0019037,0.0039005,0.0011179,0.0050451,0.0099404,0.010362,0.0069466,0.0051052,0.008195,0.0062707,0.0056983,0.0046429,0.0062575,0.0047385,0.0024102,0.004669,0.003676,0.0015633,0.0019244,0.0031388,0.00211,0.0042796,0.0052142,0.0037655,0.0016919,0.0025443,0.0030126,0.0042166,0.0076935,0.0061875,0.0031528,0.0031102,0.0010962,0.0031559,0.0050281,0.0012219,0.0031396,0.002556,0.0026481,0.0021358,0.0038438,0.0046437,0.0028269,0.00071768,0.0019805,0.00085269,0.0022146,0.0039767,0.0029004,0.001513,0.0006584,0.00086964,0.0024157,0.0024926,0.0017068,0.0011708,0.00324,0.0053542,0.0048734,0.0041902,0.0046723,0.0059352,0.020561,0.022639,0.015805,0.011063,0.028749,0.024219,0.019211,0.02579,0.023385,0.1051,0.081406,0.026463,0.024157,0.015516,0.026666,0.03464,0.016582,0.017577,0.018013,0.012223,0.013326,0.0084137,0.011699,0.014316,0.0038459,0.008255,0.0035683,0.0081687,0.0089606,0.0015847,0.0090381,0.0063691,0.0058091,0.0088535,0.0021527,0.0025471,0.0062887,0.010614
0.0017958,0.0016166,0.0015841,0.0032634,0.0014512,0.0012428,0.0018522,0.0027513,0.0009466,0.002407,0.0022752,0.0021838,0.0028554,0.0026486,0.0017676,0.0013515,0.0015215,0.0014198,0.0015831,0.0012063,0.00045004,0.0015677,0.0015744,0.0015231,0.0021493,0.0012049,0.0025331,0.0038143,0.0028044,0.00083919,0.0014222,0.0051489,0.0057746,0.0058878,0.01192,0.0098821,0.0013149,0.0019537,0.0081789,0.0084022,0.0011218,0.0024742,0.0022023,0.0040298,0.0028493,0.00089904,0.00042818,0.00057405,0.00040331,0.0020198,0.0023299,0.0011969,0.0019031,0.0031683,0.0042733,0.0017875,0.0011378,0.00042294,0.001659,0.0010705,0.00074592,0.0032136,0.0039793,0.0032174,0.00074335,0.0015355,0.0012163,0.0020496,0.001718,0.001552,0.0019249,0.0021347,0.00061862,0.0022254,0.0012654,0.0010834,0.00073323,0.0009897,0.0019914,0.0010247,0.0015991,0.0029408,0.0020829,0.0013504,0.0020102,0.0027226,0.0045883,0.0051774,0.0067811,0.0084644,0.0077321,0.003596,0.0054134,0.015857,0.016849,0.028304,0.058606,0.050971,0.017029,0.0058783,0.0091264,0.0051643,0.01036,0.046004,0.05018,0.013223,0.0012939,0.0012029,0.0018865,0.0010833,0.0027433,0.0058422,0.0029192,0.0019082,0.0031138,0.0030636,0.00059774,0.00067365,0.0024176,0.00053226,0.0011199,0.00082656,0.0010828,0.0027857,0.0025399,0.0018068,0.00064574,0.0023661,0.0012417,0.0021033,0.00046091,0.00065441,0.00034827,0.0005748,0.00090687,0.0019655,0.001131,0.00068109,0.0023345,0.0019946,0.00082378,0.00050273,0.00086243,0.0013121,0.0013548,0.0024478,0.0028242,0.0023589,0.0008562,0.0015147,0.0012713,0.00066013,0.0009072,0.0018896,0.0020576,0.00034944,0.0038695,0.003735,0.0078373,0.0091185,0.0099974,0.020071,0.018708,0.010013,0.0063659,0.0067064,0.00070287,0.0036739,0.016214,0.016798,0.0042554,0.0016657,0.00091159,0.0003567,0.00034157,0.00049951,0.0014054,0.0013408,0.00056381,0.0005903,0.0008496,0.0011415,0.0006871,0.00030181,0.0016711,0.0024357,0.0018417,0.00087762,0.001567,0.001077,0.0019541,0.0090515,0.014035,0.0074497,0.001605,0.001431,0.00070267,0.00093828,0.00041762,0.0013178,0.0013795,0.00073924,8.4479e-05,0.00094905,0.00085657,0.0012747,0.00083642,0.00044916,0.00071945,0.0011289,0.00039325,0.00054152,0.0016375,0.0011013,0.0011414,0.00072256,0.002082,0.0015487,0.0016763,0.00079133,0.0017452,0.0029365,0.0013264,0.0084662,0.0081798,0.0094744,0.03785,0.054314,0.020044,0.014032,0.01617,0.005434,0.0025563,0.0047117,0.0089433,0.0076588,0.00166,0.001967,0.001896,0.00086311,0.0013285,0.0012412,0.0020323,0.001758,0.00024314,0.0010289,0.00036708,0.0006844,0.00030245,0.0016613,0.00068896,0.00041029,0.00042412,0.00067132,0.00029647,0.0019273,0.0025734,0.00093725,0.00031322,0.00095375,0.0015356,0.0026096,0.0015872,0.00066223,0.0020858,0.0015657,0.0013189,0.0012968,0.0014248,0.0036245,0.0020477,0.0016136,0.0018581,0.0012267,0.0035868,0.0049255,0.0017222,0.00067974,0.0038155,0.0044061,0.0015894,0.0020651,0.0046684,0.0041098,0.0081709,0.001357,0.012445,0.011609,0.040196,0.053569,0.026981,0.0086592,0.010139,0.023367,0.039767,0.031769,0.0038198,0.0041022,0.0034922,0.0031647,0.0066534,0.0023039,0.0026234,0.00098221,0.0026223,0.0045672,0.0020165,0.0029549,0.0025446,0.0016895,0.003032,0.0017222,0.0017654,0.0010728,0.00045547,0.00080044,0.0017839,0.0010679,0.0019867,0.0014672,0.0018054,0.0010377,0.0006451,0.0013865,0.002808,0.00092428,0.00073139,0.00041016,0.00070719,0.00051007,0.0011402,0.001207,0.00040454,0.00051493,0.00029475,0.00028942,0.0013741,0.001311,0.0015558,0.00095858,0.0015623,0.0013741,0.00045291,0.00086074,0.00052321,0.00053214,0.00057468,0.0013418,0.0021977,0.0035278,0.0026474,0.003917,0.0035904,0.0045546,0.006768,0.0045573,0.018341,0.023708,0.013531,0.0077709,0.0050585,0.00087967,0.0015024,0.00072517,0.0019479,0.001956,0.0012512,0.00083567,0.00088129,0.0013274,0.0015706,0.00087817,0.00036319,0.0012357,0.00035304,0.0015265,0.00088789,0.00053944,0.0017472,0.0026414,0.0015501,0.001323,0.00065872,0.00047119,0.00038267,8.3134e-05,0.0012096,0.00041927,0.0016368,0.0020073,0.0012997,0.00021961,0.0015023,0.0021201,0.001118,0.00082177,0.00093215,0.0018591,0.0010984,1.4921e-05,0.00021993,0.00044352,0.00066986,0.00091685,0.0016773,0.0014061,0.001245,0.00079793,0.000889,0.0007102,0.00077532,0.00099818,0.0016642,0.0034656,0.0038997,0.0015164,0.0037718,0.0072093,0.003037,0.0063892,0.022392,0.036453,0.033586,0.02062,0.014151,0.024013,0.010934,0.0090489,0.0047346,0.0044729,0.0030317,0.0027452,0.0017524,0.0014678,0.0011035,0.0016392,0.0013017,0.0010256,0.00091415,0.0012716,0.0020461,0.0027445,0.0011271,0.0012434,0.0013562,0.00032867,0.0011164,0.00077346,0.00011613,0.0005615,0.00072775,0.00055253,0.0022275,0.0021968,0.00088949,0.0054084,0.0042377,0.0026127,0.0028732,0.0025971,0.0030788,0.0044843,0.0063346,0.0043802,0.0029499,0.0032204,0.0036186,0.0049819,0.0052598,0.0026213,0.004842,0.0054962,0.0042128,0.0030856,0.0076586,0.0070479,0.001967,0.0079503,0.010079,0.0036131,0.014851,0.0098642,0.021664,0.051376,0.039968,0.13413,0.17238,0.11308,0.033515,0.042791,0.055949,0.027471,0.017715,0.026927,0.019529,0.0075906,0.0096199,0.0097674,0.0039504,0.0087744,0.0061664,0.0026763,0.0030155,0.0028724,0.0036127,0.00084287,0.0032354,0.0045375,0.001728,0.0034522,0.0051421,0.0026916,0.0029882,0.0011472,0.0026301,0.0034815,0.0035143,0.0023116,0.0019449,0.0012865,0.0028292,0.0015823,0.0021023,0.0046124,0.0049396,0.0027234,0.0075882,0.012166,0.01118,0.0038718,0.0043827,0.0031349,0.0019457,0.0010535,0.00090196,0.002156,0.0014338,0.0010725,0.0012774,0.0018194,0.0024678,0.0014548,0.0034471,0.0038523,0.001295,0.0081073,0.0070732,0.0088131,0.020723,0.016482,0.06381,0.083912,0.050429,0.023031,0.024635,0.019579,0.014042,0.0098903,0.012268,0.0053584,0.0048655,0.005509,0.0041928,0.0021777,0.0049076,0.004985,0.0033442,0.0021384,0.004614,0.005677,0.0055774,0.0040054,0.0039564,0.0028714,0.0025525,0.0020756,0.0014831,0.0041986,0.0040023,0.0016615,0.0016446,0.0025073,0.0017186,0.0015575,0.001392,0.0011899,0.00094724,0.0012294,0.0014857,0.001274,0.0015283,0.00096263,0.0012563,0.00081282,0.0020637,0.0016096,0.0012507,0.00091815,0.0009946,0.0012954,0.00097533,0.0013656,0.0013789,0.00098859,0.0012145,0.001866,0.0013225,0.0015468,0.0013836,0.0017831,0.0014758,0.0027677,0.0031559,0.006114,0.0084387,0.012456,0.02572,0.023314,0.013958,0.016809,0.013293,0.0010233,0.0035664,0.013133,0.011876,0.0077615,0.0055943,0.0032327,0.0014261,0.0017314,0.0010636,0.0015599,0.0016915,0.0022423,0.0019557,0.0018832,0.001532,0.0022479,0.0023103,0.0021782,0.0022466,0.0020823,0.0014058,0.00075222,0.0017141,0.0032507,0.0016922,0.0016783,0.0033466,0.0021588,0.0028558,0.0014204,0.0018478,0.002977,0.0025667,0.0012933,0.0028228,0.0042272,0.0029644,0.00125,0.0017869,0.0023763,0.0024216,0.0016666,0.001264,0.0024314,0.0017307,0.0012349,0.0018243,0.0012696,0.00031444,0.0022396,0.0044313,0.0043727,0.0019754,0.0034616,0.0031165,0.0023804,0.0025528,0.0011,0.0034623,0.011913,0.019294,0.022917,0.024418,0.020391,0.0095634,0.0034216,0.0047054,0.0057542,0.0041685,0.0054357,0.0070641,0.0038464,0.0016911,0.0043349,0.0044321,0.0029917,0.0024788,0.0017135,0.0012464,0.0017603,0.0018748,0.0030413,0.0044831,0.0023906,0.00093211,0.003741,0.0044919,0.0029134,0.001972,0.0025716,0.0013833,0.00094772,0.0012476,0.0024442,0.0025562,0.001343,0.00079086,0.0020861,0.0038273,0.0039575,0.0025198,0.001623,0.001232,0.0016726,0.0023005,0.0024421,0.0026665,0.0035202,0.0035704,0.0027158,0.0030946,0.0039183,0.003194,0.0031805,0.0049677,0.0073912,0.0051393,0.0029688,0.004042,0.0051115,0.010301,0.018591,0.012365,0.026944,0.042493,0.031481,0.047792,0.07909,0.040604,0.035979,0.053906,0.038002,0.0139,0.0091548,0.0029563,0.0066645,0.009838,0.011846,0.0070228,0.00583,0.0059483,0.0036246,0.0014778,0.0042896,0.0074302,0.005202,0.0033519,0.0034492,0.0031048,0.0035782,0.0032191,0.0032316,0.0036756,0.0025921,0.0012424,0.0027746,0.0061739,0.0039526
0.0033794,0.0014773,0.00044845,0.0017677,0.0026854,0.0023472,0.0011589,0.00021508,0.0007507,0.00072036,0.0020013,0.0032322,0.0020512,0.00038281,0.0002334,0.00090638,0.00074356,0.0010286,0.00084379,0.0017317,0.0021291,0.0006441,0.00098814,0.0016426,0.0017154,0.0011274,0.0026126,0.0057142,0.0032376,0.0035077,0.0060728,0.0045293,0.013719,0.01326,0.00078645,0.00016162,0.0029855,0.0015948,0.006757,0.008096,0.0062813,0.0045031,0.0022085,0.0027271,0.0033062,0.002556,0.0019337,0.0015458,0.0019619,0.0021786,0.0039512,0.0020152,0.0017237,0.0011909,0.0011501,0.00060843,0.0028444,0.002084,0.0014673,0.0038826,0.0028537,0.00068793,0.00082939,0.0016691,0.0026546,0.0010622,0.00098681,0.0016079,0.0013702,0.00077546,0.00059654,0.00034334,3.1116e-05,0.00068784,0.00018301,0.0018859,0.0012909,0.0010873,0.0017843,0.0020154,0.0021358,0.00030405,0.0021622,0.0022743,0.0038533,0.0052579,0.0055633,0.006011,0.0034335,0.0037104,0.0055611,0.011166,0.016573,0.013994,0.033164,0.051842,0.042919,0.024636,0.022074,0.0089208,0.0034684,0.012849,0.0037255,0.047434,0.051596,0.01803,0.0062627,0.0020388,0.0011558,0.0023604,0.0031318,0.0023743,0.0015776,0.0010107,0.0017551,0.0021681,0.00086647,0.00094194,0.0018289,0.0025813,0.0031422,0.0016356,0.00044128,0.0011592,0.0010178,0.0015719,0.0027441,0.0035359,0.0023175,0.0010251,0.0010459,0.0017071,0.0015823,0.0013349,0.0014738,0.0014458,0.0015829,0.0015437,0.0018027,0.0018261,0.002754,0.0029292,0.0022206,0.0024758,0.0032364,0.0035599,0.0022497,0.00087964,0.00082743,0.00052244,0.00053573,0.0011895,0.0010091,0.00072138,0.0013331,0.0013223,0.0069068,0.011348,0.0063997,0.013087,0.020838,0.017789,0.016531,0.011661,0.0026588,0.00078375,0.0043155,0.001403,0.014403,0.014904,0.0058969,0.0031279,0.001662,0.0010214,0.00057752,0.0004959,0.0010432,0.0018858,0.0020042,0.0005589,0.001807,0.0020275,0.0016793,0.0024378,0.0029278,0.0018993,0.0030189,0.0029072,0.00027614,0.00077635,0.0018047,0.0046515,0.0076115,0.0033696,0.0035839,0.000813,0.00064242,0.0013641,0.00068695,0.00058106,0.00087757,0.0011807,0.0011092,0.0011869,0.00091609,0.00096907,0.00072633,0.00094793,0.00073098,0.00095229,0.0010084,0.00063475,0.00069012,0.00089287,0.00027596,0.00058923,0.0010984,0.00028529,0.0014134,0.0011449,0.00058216,0.0047001,0.010839,0.011172,0.023873,0.039457,0.042116,0.02169,0.024595,0.014251,0.0051313,0.0039849,0.0015643,0.0066822,0.012251,0.0057063,0.0030089,0.0020139,0.00080957,5.34e-05,0.00044341,0.00099725,0.00035484,0.00036629,0.0012197,0.0011209,0.0011259,0.00066343,0.0011418,0.00036527,0.0011857,0.0014363,0.00062665,0.00054019,0.00066123,0.00092805,0.00079804,0.00045393,0.00052403,0.00058312,0.00033853,0.00070216,0.00066583,0.0013034,0.0022502,0.0011885,0.0021753,0.0021042,0.001588,0.0019656,0.0011638,0.0011791,0.0023881,0.0035039,0.0021539,0.00081954,0.00082607,0.00091625,0.0011764,0.0021943,0.0039776,0.0032004,0.0022826,0.0010056,0.0070626,0.015277,0.023631,0.063302,0.044483,0.0086357,0.012594,0.019885,0.042868,0.043857,0.010104,0.0069129,0.0026197,0.0033525,0.0032087,0.0052554,0.0041961,0.0044978,0.0021698,0.0018883,0.0014444,0.0028087,0.0038502,0.0019192,0.0014407,0.0014786,0.002194,0.0023476,0.0015171,0.00094266,0.0010419,0.00069085,0.0016789,0.0018647,0.0014767,0.0010778,0.0018424,0.0012159,0.00041445,0.00073951,0.0019436,0.00065563,0.0010044,0.0015382,0.0010635,0.00060355,0.00055189,0.00030805,0.00015544,0.00051809,0.00056452,0.00018879,0.00016533,0.00086228,0.001026,0.0012234,0.0011973,0.001058,0.0016395,0.0014018,0.001674,0.0018651,0.0012823,0.00074266,0.0016731,0.0012476,0.0053283,0.0096639,0.018305,0.012157,0.014338,0.023434,0.021641,0.018538,0.013513,0.0025748,0.0039276,0.004087,0.0040811,0.0043421,0.0044514,0.0020148,0.0035156,0.0020602,0.0018857,0.001902,0.00048118,0.00038402,0.00074263,0.00098269,0.0016836,0.0015954,0.0021044,0.0019165,0.0013147,0.0010794,0.0011081,0.0014989,0.0019368,0.0014162,0.00086024,0.0014486,0.0012473,0.0018038,0.0017668,0.00065105,0.00091484,0.00046754,0.00084297,0.00082322,0.00078657,0.0011639,0.002139,0.0012068,0.0010955,0.0013008,0.00047138,0.001026,0.0008489,0.0016231,0.00025558,0.00068269,0.00081731,0.00069368,0.0022799,0.0013641,0.00053083,0.0022261,0.0010321,0.0026974,0.00034032,0.0058219,0.0064364,0.014138,0.019959,0.030285,0.037834,0.031998,0.038483,0.025572,0.0089156,0.0036479,0.0024509,0.001741,0.0045437,0.005608,0.0017967,0.00052843,0.0016428,0.0013416,0.00091059,0.00091341,0.0007813,0.0012062,0.0018349,0.0011309,0.0021358,0.0027973,0.0017478,0.0015946,0.0010274,0.00071595,0.0013852,0.00078792,0.0012754,0.0021867,0.0012562,0.0010743,0.0013495,0.001045,0.0010391,0.0021062,0.002085,0.0013111,0.0037776,0.00053886,0.00079317,0.00070158,0.0017995,0.001264,0.0021146,0.0018443,0.0019173,0.0058855,0.0036994,0.0019653,0.0024888,0.0044329,0.0021097,0.0050321,0.0022326,0.0069206,0.0054078,0.0035822,0.0082153,0.012487,0.0066965,0.0059728,0.021923,0.066108,0.12273,0.17005,0.11972,0.08965,0.075612,0.028685,0.011085,0.0075837,0.0093331,0.010782,0.0044359,0.0045379,0.0046134,0.00072699,0.0023477,0.0035167,0.003501,0.0015416,0.0053722,0.0026794,0.0032848,0.0028808,0.0056774,0.002669,0.001072,0.0023624,0.0025708,0.0039424,0.0011904,0.00070195,0.0017885,0.0015206,0.00071338,0.0029523,0.0020265,0.0016756,0.00028827,0.0019054,0.0022749,0.0048465,0.0052654,0.0047626,0.0038616,0.0063724,0.0052676,0.0046468,0.0056203,0.0091772,0.010554,0.0071458,0.0030565,0.0014897,0.0035317,0.0029196,0.0014881,0.00041463,0.0026662,0.0032034,0.0018425,0.00237,0.007026,0.0072191,0.0070203,0.019218,0.039424,0.068617,0.092104,0.0677,0.018213,0.015874,0.014642,0.0018557,0.0025337,0.0036918,0.0036397,0.0053765,0.0012725,0.0053352,0.0037786,0.0029988,0.0043115,0.0060339,0.0091773,0.0085835,0.0069807,0.0048026,0.0038214,0.0057236,0.0048946,0.0025159,0.0012011,0.0023207,0.0021784,0.0035639,0.0030539,0.001194,0.00026088,0.0016493,0.0025529,0.0030411,0.0015619,0.00094671,0.0015603,0.0016231,0.00050382,0.00044156,0.0010568,0.00099815,0.00053384,0.00039204,0.00034497,0.0010518,0.00059721,0.0006517,0.0011288,0.0003083,0.0012701,0.00070467,0.0015658,0.00097688,0.0013288,0.0013486,0.001228,0.0010556,0.0019461,0.0013596,0.0021938,0.0019929,0.0011987,0.0034097,0.012549,0.021775,0.030505,0.021614,0.01682,0.0048212,0.0035012,0.0053028,0.004232,0.011821,0.013576,0.0078908,0.0042452,0.0014237,0.0012896,0.00076412,0.00101,0.00058094,0.00040989,0.00040236,0.00061765,0.00091911,0.0016603,0.00014259,0.001166,0.00013919,0.0015975,0.0012655,0.00087488,0.00032622,0.00076454,0.0014553,0.0012582,0.0010213,0.00053425,0.00028882,0.0003898,0.0027225,0.0024808,0.0017857,0.00033926,0.0022804,0.0021351,3.2593e-05,0.0017641,0.0025142,0.0035664,0.0021692,0.00046393,0.0014464,0.0024244,0.0015931,0.0032937,0.0033527,0.0013152,0.0049653,0.0015903,0.0042281,0.0017612,0.0020242,0.0032216,0.0015765,0.0083693,0.01248,0.007506,0.013356,0.018471,0.036608,0.072839,0.073199,0.031723,0.0059496,0.0007727,0.0053146,0.00069344,0.0027699,0.0017697,0.0043103,0.0040159,0.00094754,0.0035205,0.0034689,0.00086,0.0024794,0.0030575,0.0033743,0.0031778,0.0036904,0.0011043,0.0015181,0.00076453,0.0046933,0.0046799,0.0034222,0.0011042,0.0024903,0.0038684,0.0022753,0.00042096,0.00049924,0.0010183,0.00043708,0.00064388,0.0014497,0.0025488,0.0021798,0.00041109,0.00062308,0.00031111,0.0020662,0.0022889,0.0014754,0.0020847,0.00094171,0.00094497,0.00066914,0.0021151,0.00036389,0.0026247,0.00065137,0.00086829,0.0024303,0.0010344,0.0010519,0.0034818,0.0042481,0.010673,0.00066197,0.018142,0.018941,0.0079011,0.012473,0.0066095,0.060207,0.087597,0.041372,0.021897,0.013827,0.013086,0.0042689,0.0047104,0.0055528,0.004719,0.0034445,0.0086517,0.0040205,0.0044357,0.0029501,0.0028406,0.0025193,0.0039529,0.00077174,0.0019959,0.0023128,0.00042663,0.00099745,0.0006862,0.00082745,0.0017192,0.0020703,0.0016263,0.0022215,0.0026241,0.0025348,0.0063477,0.0032645
0.00084503,0.0004406,0.00092196,0.00068812,0.00063443,0.00054946,0.0019077,0.0032092,0.0014709,0.00093567,0.0010862,0.0011395,0.00076567,0.0012593,0.0032374,0.0020712,0.00054349,0.0021049,0.0022688,0.0019807,0.0027338,0.0017947,0.0023381,0.0024286,0.00032996,0.0010502,0.0040323,0.0054982,0.0034029,0.0011427,0.0021663,0.0021609,0.011038,0.013234,0.0044346,0.002138,0.0039533,0.0037571,0.0073153,0.010551,0.0036823,0.0028614,0.0045302,0.0035532,0.0031813,0.002848,0.0019514,0.0015719,0.0010324,0.0019335,0.0019673,0.00032342,0.00076937,0.0020485,0.0016061,0.0019903,0.0012587,0.0019321,0.0023977,0.00092892,0.0020866,0.0027747,0.0050411,0.0038565,0.0007194,0.00099066,0.0013131,0.0016769,0.0036752,0.0033706,0.0015995,0.00015263,0.00044253,0.0012075,0.00052712,0.0027616,0.0035795,0.0023321,0.0015638,0.00090186,0.00030839,0.0011319,0.0015098,0.00068877,0.00089994,0.0029728,0.0024022,0.00090527,0.0052656,0.0060832,0.0061854,0.009081,0.013041,0.0097864,0.0068327,0.015172,0.025967,0.067251,0.05035,0.015642,0.0054985,0.012084,0.015049,0.03216,0.055572,0.024547,0.011398,0.0059536,0.0011839,0.0013087,0.00086496,0.0022487,0.0010638,0.00033794,0.00093062,0.00048793,0.0019347,0.0019738,0.0015727,0.00060566,0.00146,0.00083382,0.00097251,0.0011047,0.0015443,0.0019849,0.0027071,0.0013839,0.0022612,0.0026466,0.0016529,0.0016513,0.00097142,0.00095365,0.0022273,0.0010745,0.00096677,0.00075461,0.00052384,0.00094569,0.0018159,0.001888,0.0027241,0.0021375,0.0011228,0.00052887,0.00065812,0.00079635,0.0011671,0.0025744,0.001206,0.00071087,0.00021622,0.0013796,0.003238,0.0042539,0.0044569,0.0077415,0.0074517,0.0046101,0.008099,0.00654,0.025829,0.023768,0.0086867,0.0028677,0.0044544,0.0044269,0.010036,0.016772,0.0065364,0.0048756,0.0019108,0.00076635,0.00038316,0.0011833,0.00036346,0.0013117,0.0012948,0.00054793,0.00079114,0.00064526,0.0013724,0.00039888,0.0015152,0.0013764,0.00050136,0.00097452,0.0021121,0.0040308,0.002665,0.0077645,0.0044835,0.0036639,0.0037323,0.0029018,0.0019584,0.00078791,0.00077046,0.0012959,0.0015289,0.0016721,0.0016719,0.0019309,0.0016818,0.0021454,0.0018991,0.0014231,0.0021447,0.0024444,0.0021562,0.0025127,0.0028618,0.0027994,0.0030083,0.0029976,0.0024504,0.0019453,0.0023042,0.0030597,0.004685,0.0069782,0.0097246,0.0095845,0.0078499,0.0060471,0.02755,0.056129,0.029001,0.01641,0.016944,0.011195,0.0088338,0.0096776,0.0077381,0.0039109,0.0076184,0.0034742,0.0010831,0.0013925,0.0014991,0.00159,0.0014723,0.0016484,0.0015117,0.0012111,0.001021,0.00078151,0.0013276,0.0013523,0.00024437,0.0011989,0.0013992,0.0011023,0.00058263,0.0016252,0.0018433,0.00088247,0.00041213,0.00099166,0.0039229,0.0042176,0.003171,0.001225,0.00071743,0.0010534,0.0019021,0.0031147,0.0042118,0.0036038,0.0033446,0.0032283,0.0032712,0.0039057,0.0038638,0.0040183,0.005094,0.0031896,0.0027396,0.0054295,0.0065759,0.0059271,0.0089253,0.012163,0.018716,0.02827,0.031047,0.045612,0.030222,0.033474,0.033243,0.013698,0.031517,0.036852,0.0109,0.016709,0.0087859,0.0059672,0.0086398,0.010326,0.0072488,0.0044541,0.0051751,0.0046044,0.0035679,0.003643,0.0030511,0.0029401,0.0035761,0.0035359,0.0026391,0.0024651,0.0024859,0.0041381,0.0049566,0.003855,0.0037062,0.0028392,0.0019994,0.0023969,0.0029102,0.0036771,0.0041223,0.0040774,0.0021944,0.00061367,0.0005042,0.00099379,0.00032678,0.00088334,0.00060443,0.00036975,0.00084526,0.0010956,0.00087658,0.00083839,0.00094743,0.00099516,0.00091077,0.00037808,0.00043537,0.00090493,0.0011373,0.00091486,0.00094173,0.00055146,0.00028247,0.00066877,0.0019163,0.0023664,0.002036,0.0082252,0.017307,0.014128,0.011194,0.0069879,0.011854,0.024639,0.01704,0.0052134,0.0089503,0.006592,0.0090591,0.0076861,0.0024601,0.00060319,0.001874,0.0019155,0.0017929,0.0015949,0.0022183,0.0028683,0.0020324,0.00079971,0.00088257,0.00068326,0.0013069,0.0011126,0.0011245,0.0016261,0.0012232,0.00037381,0.00097075,0.0015274,0.00070428,0.0011286,0.00068771,0.00051695,0.0018533,0.0014841,0.0010905,0.00030247,0.0010812,0.0011007,0.00061691,0.0010524,0.00090681,0.00071479,0.0013257,0.001451,0.00043522,0.0023683,0.002701,0.00058335,0.0022132,0.0025772,0.0022411,0.003654,0.0038325,0.0020289,0.002539,0.0015901,0.0025329,0.0026984,0.0025467,0.0047843,0.0090398,0.014277,0.01196,0.010045,0.0067584,0.018031,0.054196,0.057332,0.024048,0.010671,0.0027594,0.0039597,0.0057167,0.0067445,0.0059129,0.0054089,0.0040392,0.0027527,0.0032678,0.0025478,0.0028568,0.0027548,0.0021967,0.0021455,0.0022697,0.0020578,0.0025653,0.0022634,0.0031541,0.0033316,0.0022687,0.0018775,0.0018339,0.0022873,0.00098928,0.0016072,0.0011477,0.00087843,0.0016249,0.0020562,0.0057035,0.0060194,0.0055595,0.0056441,0.0045955,0.0073074,0.0090462,0.0066916,0.0012183,0.0068254,0.007855,0.0057077,0.0040547,0.0059265,0.0067421,0.0062957,0.0086702,0.0063853,0.0080885,0.0051161,0.010464,0.010844,0.0090905,0.017439,0.023429,0.026079,0.023295,0.034223,0.02952,0.042872,0.05114,0.19479,0.16849,0.053524,0.026885,0.015867,0.022546,0.019601,0.004755,0.0091104,0.0085849,0.0052132,0.0069159,0.0075058,0.0081961,0.0046296,0.0033637,0.00029183,0.0046165,0.0053528,0.0050531,0.0063963,0.0054375,0.00615,0.0036006,0.0062333,0.0073181,0.0041631,0.0034318,0.003581,0.0058188,0.0048658,0.0022406,0.0034632,0.0022671,0.0037235,0.0061153,0.0091808,0.0088798,0.0047421,0.0020202,0.0062965,0.0048579,0.0029408,0.00069321,0.00076562,0.00084808,0.0013659,0.0018867,0.0011256,0.0017405,0.0014392,0.00025569,0.0021455,0.0023402,0.0028254,0.002423,0.003186,0.0050569,0.0041271,0.0067199,0.011164,0.011009,0.0070936,0.019108,0.022213,0.077457,0.05637,0.012914,0.010931,0.0055296,0.0055298,0.0053426,0.0063801,0.0051631,0.0050397,0.0040361,0.0054654,0.0069988,0.0063528,0.0034692,0.00090781,0.0024157,0.0018166,0.0025557,0.0039791,0.0017886,0.0046799,0.0021306,0.0021171,0.0023298,0.0021737,0.0016744,0.0013053,0.0020799,8.9083e-05,0.0012425,0.0019884,0.0025613,0.0032956,0.0012208,0.0012185,0.0014404,0.00017978,0.00084812,0.00044342,0.00027743,0.00025063,0.00013423,0.00050265,0.00038075,0.00040918,0.00041587,0.00080278,0.00058116,0.00056079,0.00056477,0.00079046,0.00079491,0.00095263,0.0009894,3.6111e-05,0.00084288,5.9948e-05,0.0013345,0.00063503,0.0022301,0.0034944,0.0010097,0.0066627,0.0056106,0.031595,0.037223,0.015159,0.0017959,0.002762,0.0011382,0.0053764,0.016341,0.011313,0.0028816,0.0024157,0.00136,0.00073111,0.0014475,0.0007644,0.00044073,0.0011997,0.00023532,0.00044807,0.00067213,0.0011239,0.00069168,0.00024644,0.00012175,0.00098881,0.00078205,0.00133,0.00062026,0.0022861,0.0021792,0.00090262,0.0016088,0.0014143,0.0035569,0.0038873,0.0032387,0.00065848,0.0014469,0.0013248,0.0014047,0.0034952,0.003441,0.0012666,0.0018403,0.0031445,0.0034888,0.0032903,0.0026576,0.0026755,0.004505,0.0055804,0.0051165,0.0045691,0.0046088,0.0040433,0.0030507,0.0031811,0.00095844,0.0067844,0.0067636,0.0038813,0.0049033,0.0079478,0.015241,0.01585,0.027863,0.071858,0.05151,0.010184,0.0056594,0.0027501,0.0042137,0.0031395,0.0038755,0.0040021,0.0031913,0.0027479,0.001489,0.00070683,0.0011522,0.0044799,0.0064185,0.0017276,0.0027705,0.0040092,0.0050071,0.0043636,0.0023432,0.0017804,0.0018486,0.0031146,0.0047348,0.0049325,0.0024423,0.0015366,0.0016663,0.0019916,0.0026292,0.0032157,0.00065837,0.0025376,0.0016227,0.00094491,0.0009785,0.00048479,0.0019821,0.00085708,0.00043609,0.0011091,0.00088651,0.00082967,0.0018315,0.0021994,0.0013692,0.0008442,0.0020265,0.0014836,0.00043011,0.0024942,0.0013834,0.00036322,0.0029862,0.0039006,0.0051763,0.0070635,0.01983,0.015795,0.0094462,0.0074165,0.027566,0.033202,0.089954,0.067306,0.023241,0.010011,0.0086663,0.0068337,0.012287,0.0085182,0.0086561,0.0049015,0.0010848,0.0027236,0.0021273,0.0013053,0.0016232,0.00082073,0.00046894,0.0015773,0.0021539,0.0012028,0.0031941,0.0030243,0.0029587,0.0017807,0.00087646,0.0017188,0.0035348,0.0035891,0.0024015,0.0027208,0.00038637,0.00045168
0.0019087,0.0010212,0.0012387,0.0012229,0.0015053,0.00099754,0.00039294,0.0011318,0.0026666,0.0028544,0.0011833,0.0012331,0.0014685,0.00077777,0.0017818,0.0019261,0.00053579,0.001441,0.001306,0.00068137,0.00081277,0.0005677,0.0011364,0.001014,0.002387,0.0017909,0.0014869,0.0015118,0.00038928,0.0023644,0.0057548,0.008904,0.012178,0.013188,0.012032,0.0051378,0.0062192,0.0043379,0.0077649,0.0045397,0.0025316,0.0025732,0.0018082,0.002082,0.0034321,0.0026228,0.0010227,0.00166,0.0010814,0.0026551,0.0024985,0.003343,0.0034462,0.0029864,0.0020172,0.0019625,0.002736,0.001826,0.0014585,0.0015794,0.0025844,0.0026194,0.00086433,0.00071561,0.0011818,0.001972,0.0017287,0.0014819,0.00079607,0.0021547,0.0018267,0.0013746,0.0015835,0.001005,0.001369,0.00082715,0.0010712,0.0021186,0.0039065,0.0024866,0.0012815,0.0014639,0.0026353,0.0062979,0.004689,0.00099871,0.00021209,0.0026919,0.0054447,0.0090548,0.012084,0.012915,0.0098244,0.007288,0.017819,0.022483,0.036335,0.049194,0.034607,0.023177,0.012206,0.0029442,0.022757,0.05442,0.037163,0.0061724,0.0069972,0.0075868,0.0049238,0.0034798,0.0039526,0.0046943,0.0042707,0.0023927,0.0010572,0.0031497,0.0021058,0.0024626,0.0013713,0.0019446,0.0010227,0.0015236,0.0046767,0.004212,0.0015716,0.0013594,0.0030093,0.0024893,0.0031146,0.0022145,0.00053714,0.00086134,0.0012411,0.0014528,0.0015605,0.0027111,0.0018865,0.00079135,0.0015499,0.0011084,0.00028985,0.0011582,0.00085049,0.0030772,0.0029433,0.0017268,0.0012347,0.0005295,0.00019366,0.0010496,0.00097154,0.0012127,0.0013614,0.0017448,0.0032978,0.0054346,0.0062055,0.006623,0.0036249,0.0055572,0.0069148,0.01178,0.017087,0.014106,0.006925,0.0047915,0.002629,0.010064,0.018743,0.012287,0.00059122,0.00093955,0.00079771,0.00047635,0.0011727,0.0011731,0.00084161,0.00077432,0.0010574,0.0010869,0.0010368,0.00043301,0.0014458,0.0017848,0.0011172,0.00092212,0.00171,0.0015108,0.0016828,0.0021806,0.0015472,0.0017417,0.0051541,0.0065705,0.0014372,0.00044047,0.00055006,0.00072753,0.00076627,0.00028162,0.00077345,0.00094335,0.00066486,0.00091148,0.00048096,0.00090548,0.00018372,0.00078632,0.0010608,0.00096243,0.00040855,0.0010955,0.002131,0.00051826,0.00115,0.00097148,0.0028144,0.0010902,0.00063233,0.0019039,0.0053521,0.0045717,0.0042156,0.0034967,0.0079653,0.018514,0.031652,0.037493,0.040813,0.036339,0.016806,0.012149,0.0053143,0.012183,0.0068095,0.0033398,0.0032057,0.0011527,0.00090551,0.00078304,0.0012255,0.0014829,0.00077705,0.00088428,0.00044658,0.00044859,0.0012555,0.0014751,0.0018768,0.0016185,0.00089282,0.0009644,0.0007483,0.0013489,0.0015109,0.0007886,0.00097578,0.001895,0.0019874,0.00037884,0.00062033,0.0034882,0.0030532,0.0021511,0.0031571,0.0027693,0.0014951,0.0016978,0.0015617,0.0016827,0.002661,0.0025976,0.0020648,0.0012776,0.0010025,0.0027942,0.0032605,0.0019796,0.0020012,0.0031433,0.004315,0.0064303,0.0042211,0.0055922,0.018263,0.023873,0.039837,0.05515,0.017897,0.016305,0.01469,0.011677,0.0055694,0.013397,0.035008,0.033013,0.0082301,0.0069178,0.011073,0.0061464,0.0023341,0.0018268,0.0011799,0.00057247,0.0014453,0.0022088,0.0038382,0.0022589,0.0006438,0.0010961,0.00070929,0.00041949,0.0014673,0.00089035,0.0004684,0.0007835,0.00064673,7.9757e-05,0.0014696,0.00099438,0.0015138,0.00081443,0.0013523,0.0014415,0.0015053,0.002834,0.0011709,3.0374e-05,0.00068801,0.00047633,0.00019857,0.00030847,0.0010932,0.001373,0.00041375,0.00095253,0.0011606,0.0011167,0.0013414,0.0008482,0.0014583,0.00090278,0.00067088,0.0013005,0.0013245,0.00060511,0.0012903,0.0017677,0.0014181,0.0050092,0.0083214,0.0068441,0.013416,0.0075668,0.0054341,0.0091753,0.014624,0.014534,0.009084,0.001334,0.0063008,0.0037041,0.0034217,0.002908,0.00070275,0.0020278,0.0030255,0.0030527,0.0016292,0.00082224,0.00088792,0.0010448,0.0016219,0.0016428,0.0011553,0.00068493,0.0013332,0.0015744,0.0014317,0.002034,0.00077346,0.00061981,0.00065146,0.00093843,0.0010795,0.00049209,0.0017937,0.0022856,0.0024929,0.0028849,0.00051494,0.00087932,0.0012882,0.001765,0.0019506,0.0022984,0.00098341,0.00075171,0.00077287,0.00060127,0.00072206,0.00027771,0.0011658,0.0017759,0.002082,0.0021322,0.0015133,0.0025079,0.0027428,0.0027306,0.0037851,0.0042242,0.0044794,0.0044126,0.0032568,0.001576,0.0050718,0.0099804,0.00066635,0.013801,0.024453,0.031271,0.026206,0.030233,0.036292,0.021347,0.00735,0.008519,0.004033,0.0039684,0.003691,0.0020689,0.0031797,0.0019205,0.0011853,0.0022841,0.0021203,0.0015793,0.0017999,0.00070281,0.0015935,0.0027572,0.0027634,0.0021404,0.0026755,0.0035816,0.0034013,0.0026921,0.0014907,0.00046154,0.00046428,0.00049882,0.00084767,0.00051001,0.00027999,0.0061844,0.0037811,0.0064186,0.0079253,0.0090956,0.0081163,0.0048408,0.0018991,0.0034565,0.0097189,0.0097916,0.0066408,0.008188,0.0094821,0.0068927,0.0066294,0.010513,0.0090609,0.0057654,0.010244,0.013127,0.0086191,0.010447,0.012745,0.013005,0.018379,0.026849,0.023933,0.022927,0.051632,0.096249,0.11214,0.099284,0.10206,0.11025,0.080414,0.030059,0.026364,0.031998,0.030649,0.021357,0.015058,0.010778,0.0093473,0.010552,0.010952,0.0087946,0.0081962,0.0090777,0.0077655,0.0059902,0.0064863,0.0080318,0.0094921,0.0083488,0.0043801,0.0043345,0.0043965,0.0030056,0.0036054,0.0064744,0.0070085,0.0044926,0.0020857,0.0041275,0.0037923,0.0040734,0.0019067,0.0034081,0.0024631,0.006431,0.0081652,0.0082756,0.006067,0.0032338,0.0021859,0.002558,0.0013514,0.0006171,0.0020798,0.0021848,0.002017,0.0027373,0.0028084,0.0025748,0.0031386,0.004311,0.0052647,0.0056137,0.0057885,0.0092982,0.0092928,0.0040221,0.012283,0.029451,0.046504,0.048537,0.048271,0.052846,0.041222,0.035607,0.017042,0.0089902,0.010126,0.010493,0.0065125,0.005288,0.0043793,0.0026496,0.0032158,0.0029912,0.0041111,0.0037715,0.0030151,0.0030596,0.001152,0.0012588,0.0036824,0.0036993,0.0010343,0.003506,0.005671,0.004885,0.0036587,0.0032585,0.0019156,0.0018372,0.0027817,0.00080126,0.0020163,0.00047405,0.0010528,0.0013269,0.0013518,0.0016072,0.0018455,0.0013922,0.0018775,0.002613,0.0015028,0.0013625,0.0010621,0.0023463,0.001053,0.0031011,0.0040674,0.0021613,0.001195,0.0020448,0.0018742,0.0020363,0.002373,0.0024543,0.0029355,0.003657,0.0044806,0.0052195,0.0066495,0.0070735,0.0055766,0.0096046,0.020971,0.02716,0.013399,0.0034541,0.010348,0.012106,0.0058295,0.014307,0.0058769,0.0040492,0.0014895,0.0040371,0.0034042,0.0038787,0.0034106,0.0029317,0.0030381,0.0017686,0.001201,0.0015877,0.0016599,0.0016885,0.0014478,0.0015,0.0018216,0.0018363,0.0011027,0.00055692,0.0010899,0.0032113,0.0035307,0.0011477,0.00057539,0.00073497,0.00048923,0.00028022,0.0021386,0.0031891,0.0030659,0.0036019,0.0020118,0.0011313,0.0025423,0.0038132,0.0023494,0.0027447,0.0030379,0.0047782,0.0047282,0.0026088,0.0023137,0.0046889,0.0046952,0.0022018,0.0023956,0.003896,0.0051759,0.0067896,0.0068956,0.0065576,0.0075284,0.010396,0.014451,0.016195,0.015104,0.013706,0.014248,0.01641,0.018634,0.010353,0.0056274,0.0056818,0.0050561,0.0040299,0.0038783,0.006973,0.0095278,0.0083744,0.0057799,0.0057296,0.0053755,0.0042381,0.001562,0.0015594,0.0011785,0.0015405,0.0017637,0.0025089,0.0013896,0.0019593,0.0032088,0.0025473,0.0014825,0.00099937,0.0015719,0.0021124,0.0039059,0.0047383,0.0040819,0.0049207,0.0022219,0.000755,0.0021033,0.0030308,0.0031638,0.0033363,0.0033393,0.0022183,0.0010004,0.00063948,0.0013394,0.0021931,0.0024426,0.0028913,0.0040172,0.0037623,0.0032085,0.0034831,0.0030536,0.0029746,0.0030418,0.0030725,0.0025901,0.005069,0.0071987,0.0025333,0.0071987,0.016846,0.029123,0.031386,0.037972,0.028632,0.031405,0.090625,0.045486,0.047719,0.050365,0.036537,0.030405,0.022564,0.018465,0.014857,0.0033474,0.0085834,0.014034,0.01423,0.011915,0.00808,0.0048614,0.0033894,0.0024787,0.0038902,0.0043348,0.0031527,0.001621,0.0022297,0.0044539,0.0044536,0.0038233,0.0063283,0.0085733,0.0071896,0.0015438,0.0029074
0.0017152,0.0015991,0.0015972,0.0018718,0.0007519,0.0024287,0.0020526,0.0023642,0.0029827,0.0028072,0.001156,0.0026704,0.0016048,0.00087187,0.0015966,0.0026509,0.0041897,0.0025391,0.00040478,0.00098908,0.0008171,0.0029974,0.0029908,0.0012495,0.00061631,0.00065334,0.00058209,0.0012589,0.0017314,0.0010176,0.00094024,0.0018463,0.0024393,0.0052898,0.0051531,0.011028,0.0033221,0.010395,0.0055777,0.0019477,0.0022678,0.0011066,0.002932,0.0022509,0.00083707,0.0029413,0.0025839,0.00045458,0.0024058,0.0026399,0.00075063,0.0019111,0.0024552,0.0013098,0.0048482,0.003249,0.0016025,0.0036223,0.00376,0.0018247,0.002151,0.0031552,0.0015558,9.9601e-05,0.0017744,0.0038627,0.0022393,0.0034418,0.004021,0.0031433,0.0010368,0.005151,0.0051321,0.0024242,0.0043147,0.0074646,0.0070247,0.0078127,0.0082107,0.0063724,0.0051294,0.0032083,0.0032042,0.0033542,0.0024914,0.0028916,0.0028589,0.0021719,0.0034452,0.0029773,0.0044882,0.0025381,0.0038856,0.00069863,0.0020773,0.000862,0.0038767,0.0077284,0.016804,0.03048,0.022913,0.023332,0.02484,0.015501,0.015703,0.0049174,0.0014682,0.0026199,0.0032805,0.0041884,0.0042706,0.003011,0.0045458,0.0064604,0.0034147,0.0021839,0.0018058,0.00087538,0.0025409,0.0040155,0.0042498,0.0011942,0.0036045,0.0041549,0.0034701,0.0030244,0.0017177,0.002712,0.0026018,0.0023244,0.0016444,0.0015189,0.00041956,0.00069443,0.0012199,0.0006378,0.0020791,0.0023492,0.0016354,0.0019712,0.001188,0.0025548,0.0012645,0.00088851,0.0013254,0.00030207,0.00085088,0.00083296,5.4524e-05,0.00085549,0.0011762,0.00069655,0.00038466,0.00021381,0.00093898,0.0017278,0.0012398,0.00089744,0.0045082,0.0036596,0.0036493,0.0043875,0.0044224,0.0082981,0.017592,0.012409,0.0131,0.021115,0.011025,0.0039936,0.0014857,0.00040713,0.00065509,0.0012746,0.00030551,0.0014007,0.0017872,0.0011012,0.0019528,0.0024673,0.0019544,0.00095179,0.00035521,0.00010128,0.0011697,0.0017114,0.0017527,0.0015166,0.00090909,0.0012143,0.0012649,0.0011993,0.0039174,0.007068,0.0058105,0.0008507,0.00077049,0.00081369,0.0007813,0.00013265,0.00058978,0.0010829,0.0011195,0.00068436,0.00094932,0.00049117,0.00028174,0.00062972,0.00057127,0.0003588,0.00068188,0.00075723,0.00088031,0.0011732,0.0013002,0.0013677,0.00051319,0.0004371,0.0001633,0.00093425,0.00036799,0.00058662,0.0017956,0.0024863,0.004257,0.0061532,0.0094375,0.010355,0.017701,0.05727,0.041854,0.0091248,0.017438,0.013061,0.0026196,0.0019326,0.0019847,0.0020215,0.00090428,0.0010297,0.00099704,0.0018265,0.0010034,0.00074946,0.00035308,0.00026248,0.00053251,0.0010489,0.00039689,0.00046587,0.00075717,0.0015046,0.00049538,0.00043032,0.00072193,0.00069587,0.001024,0.00073897,0.00061279,0.0022096,0.0016334,0.00031141,0.0013355,0.0021019,0.0017671,0.0027481,0.0029049,0.0026528,0.00095799,0.00036126,0.00051144,0.0012014,0.00020836,0.0023245,0.001993,0.0011589,0.0013767,0.0029899,0.0014318,0.00061007,0.0021436,0.0021523,0.0011698,0.0011391,0.00048111,0.0034682,0.0040418,0.0030813,0.025992,0.0289,0.037378,0.044076,0.030052,0.021005,0.013133,0.03523,0.031172,0.013854,0.0062531,0.00042363,0.0015493,0.0036648,0.0022101,0.00064,0.00083093,0.0009758,0.0019856,0.0016803,0.00074027,0.00081512,0.00077383,0.0021604,0.0024733,0.0018168,0.00067662,0.00062483,0.0006952,0.00071228,0.0013165,0.0016298,0.0014324,0.0019939,0.0018681,0.0024753,0.0024888,0.00099696,0.0016092,0.00046635,0.001671,0.0021235,0.0021109,0.00086635,0.00042216,0.00084309,0.0011205,0.0012388,0.00053302,0.00084497,0.00057744,0.0002233,0.00055804,0.0002612,0.00037293,0.00017836,0.00018152,0.00019137,0.0013758,0.00049963,0.00050306,0.0011609,0.001913,0.0045483,0.001841,0.0027882,0.0015667,0.0073044,0.0071099,0.0043212,0.0025117,0.013311,0.01481,0.0074945,0.0071204,0.0053746,0.0015092,0.0025068,0.0028533,0.0011043,0.00049281,0.0010074,0.00043131,0.00091324,0.0013905,0.00032378,0.00025245,0.00038934,0.00037545,0.00017659,0.00064718,0.00078655,0.0010032,0.00026282,0.00054079,0.0015021,0.0010858,0.00112,0.00066371,0.00072514,0.00083425,0.0021153,0.0028006,0.0011866,0.00095608,0.00059623,0.0012141,0.0016421,0.00082782,0.00036302,0.0010243,0.0022114,0.0023624,0.0017531,0.0012241,0.00061826,0.00087529,0.0020664,0.0030004,0.0028313,0.0020724,0.0016684,0.0020964,0.0023605,0.0022349,0.0019769,0.0019183,0.0018429,0.0025336,0.0046808,0.0074675,0.0041342,0.0074525,0.0094314,0.018497,0.016967,0.039402,0.028042,0.013954,0.0040065,0.0032186,0.0050143,0.0048752,0.0033047,0.0023218,0.0023911,0.0024757,0.0026476,0.0023016,0.0012901,0.0014331,0.00066891,0.00043592,0.0012467,0.0011488,0.0015028,0.0018169,0.0015532,0.00055795,0.0010266,0.00066949,0.00061597,0.00012307,0.00097236,0.0014917,0.001125,0.0018522,0.0085209,0.0036141,0.0052595,0.0034003,0.0075995,0.0058437,0.0025809,0.0032853,0.0053671,0.0066937,0.0047692,0.0045861,0.004482,0.0028937,0.0020453,0.0081722,0.012904,0.01364,0.013691,0.012965,0.0074553,0.0031005,0.0015663,0.001654,0.0029658,0.0055412,0.0096171,0.018497,0.021432,0.016731,0.014526,0.032407,0.07809,0.021383,0.12358,0.088501,0.036143,0.018646,0.0078557,0.0085975,0.010185,0.011569,0.011207,0.009425,0.0064679,0.0050406,0.0050178,0.0037416,0.0036263,0.0036429,0.0026775,0.0016945,0.0017234,0.00084189,0.0022417,0.0022578,0.0050864,0.0044174,0.001604,0.0029327,0.0011233,0.002161,0.0020164,0.0015532,0.0012948,0.011096,0.0023962,0.0066611,0.0061852,0.0032497,0.0010601,0.0012382,0.0015772,0.0016722,0.0015524,0.0025611,0.0028327,0.0021897,0.0017921,0.0016637,0.0015864,0.0017298,0.0016854,0.0016759,0.0023997,0.0037537,0.0037451,0.0028563,0.0035073,0.0070979,0.006878,0.006066,0.010767,0.0095149,0.0065514,0.0088052,0.027817,0.053286,0.0099673,0.066785,0.064778,0.037492,0.027033,0.017147,0.01179,0.01019,0.0083528,0.0069158,0.007151,0.0058086,0.0047597,0.0050709,0.0059088,0.005657,0.0052698,0.0046052,0.0036824,0.0036869,0.0033977,0.0028987,0.0025468,0.0029874,0.0029127,0.0032851,0.0032892,0.0038174,0.0035129,0.004392,0.004914,0.0018938,0.0046119,0.0059802,0.003953,0.0025235,0.0037995,0.0048034,0.0030764,0.0013916,0.0031119,0.0019901,0.0019688,0.0025722,0.0028347,0.0014198,0.0046372,0.0049595,0.0033381,0.0020706,0.00075438,0.00087694,0.0031899,0.0035698,0.0015731,0.0019271,0.0020583,0.0015678,0.0023316,0.0029055,0.0036033,0.0020103,0.0037179,0.0020283,0.006048,0.0049284,0.02439,0.031365,0.014681,0.011978,0.0084005,0.0013913,0.0041607,0.0030027,0.00090374,0.00032155,0.0010881,0.00032626,0.0022099,0.0019501,0.00071915,0.00052145,0.00078651,0.00024502,0.0010929,0.0011874,0.00063593,0.00049309,0.00092262,0.0023417,0.0010924,0.0011388,0.0018223,0.0016009,0.00026123,0.0012588,0.0016161,0.0016392,0.00036631,0.0022718,0.0008541,0.00036236,0.0023733,0.0029453,0.00033124,0.0018547,0.00023772,0.0017196,0.00097805,0.0015585,0.00091864,0.00085874,0.0012435,0.0014234,0.0040186,0.0049159,0.0016034,0.00072921,0.0043618,0.0046407,0.0031974,0.0012268,0.00069404,0.002202,0.003004,0.0045634,0.0031071,0.0012522,0.0049696,0.0040332,0.008669,0.0062295,0.0081953,0.009127,0.0034153,0.0093811,0.0059597,0.0024819,0.0019351,0.003868,0.0022194,0.0023054,0.0024975,0.0023144,0.0051892,0.0052681,0.0049829,0.0051694,0.0037316,0.0019505,0.001501,0.0020053,0.0026132,0.0013745,0.00243,0.0020528,0.0010735,0.0003921,0.0033332,0.0035053,0.0012098,0.0027761,0.0015459,0.00051287,0.0017171,0.0012745,0.0022633,0.0017944,0.00046813,0.002188,0.001645,0.00063329,0.0013257,0.00028732,0.00063216,0.000606,0.0015889,0.0010965,0.001297,0.00080028,0.00057077,0.00062747,0.0032979,0.0025497,0.00062613,0.0033585,0.0029652,0.0016692,0.0055116,0.005246,0.0062393,0.0040059,0.016561,0.026923,0.018421,0.036854,0.053493,0.075615,0.10752,0.084862,0.02849,0.022672,0.022257,0.023601,0.016365,0.0041608,0.004383,0.00398,0.0035214,0.0061236,0.0024672,0.0014917,0.0026711,0.00051816,0.0016606,0.0013133,0.0027726,0.00052379,0.0016902,0.0014891,0.0012605,0.002145,0.0017185,0.0036573,0.0050977,0.0050184,0.0025882
0.001262,0.0012045,0.0013151,0.0010275,0.0011776,0.00058556,0.0016435,0.0019021,0.0018628,0.0019072,0.001568,0.0023419,0.0036787,0.0025385,0.002184,0.0020563,0.0014576,0.00016526,0.0019934,0.0013037,0.0011713,0.00089395,0.00086706,0.0010488,0.00040171,0.00086696,0.0026279,0.0032923,0.0022823,0.002352,0.0020244,0.0078078,0.0063099,0.002824,0.011812,0.015284,0.0052602,0.007956,0.0033604,0.0022548,0.0018971,0.0019582,0.00069626,0.0021699,0.0027832,0.0026289,0.0021874,0.00084302,0.00086972,0.00060522,0.0017369,0.0019357,0.0025725,0.0017286,0.0017226,0.0020417,0.0023829,0.0017299,0.0015436,0.0011986,0.0013101,0.0013071,0.00065132,0.0013369,0.0029212,0.001382,0.0022436,0.003285,0.0015146,0.0024681,0.0021987,0.001034,0.0037731,0.0031718,0.004715,0.0027422,0.005771,0.0050032,0.0022066,0.0011743,0.0022166,0.0034498,0.0029269,0.00019477,0.0021072,0.0035525,0.0040757,0.0030843,0.0039797,0.0027796,0.0032878,0.0039241,0.0030364,0.0022602,0.0019185,0.0051562,0.022129,0.014115,0.004625,0.0097538,0.0075508,0.014086,0.019722,0.0030898,0.0094244,0.0094577,0.0028297,0.0070802,0.0065174,0.0049271,0.0042155,0.002493,0.0024432,0.0019905,0.0023454,0.00072687,0.0026654,0.0043784,0.0019384,0.0012206,0.0032108,0.004302,0.0042955,0.0029747,0.0020731,0.0033336,0.002032,0.00041078,0.0017363,0.0032701,0.0011809,0.00013637,0.0016952,0.0025332,0.0014713,0.00091999,0.0012333,0.0023657,0.0030762,0.0017836,0.00073387,0.00042346,0.00024206,0.00083316,0.0017531,0.002188,0.0015015,0.0013939,0.00037345,0.00075854,0.0010589,0.0010251,0.0015053,0.0018863,0.0016651,0.0027082,0.0026522,0.0022464,0.0029848,0.0027495,0.0057945,0.019827,0.013967,0.0030185,0.0097373,0.014697,0.019139,0.019843,0.0075387,0.0020927,0.0039929,0.0010337,0.0012622,0.00020488,0.00091847,0.0010668,0.00094914,0.00071698,0.00083853,0.0012938,0.0013248,0.00051419,0.00073254,0.00087584,0.0013752,0.0014699,0.00061173,0.00058278,0.00082697,0.0012519,0.0012855,0.0019726,0.001096,0.0028133,0.0052876,0.00094884,0.0016648,0.00042533,0.00056662,0.00089907,0.0011365,0.0013464,6.601e-05,0.0013535,0.00099245,0.0010834,0.0013634,0.0012208,0.00082178,0.0012149,0.0011526,0.0016735,0.0017127,0.0016406,0.0011214,0.0018698,0.0018298,0.0018374,0.0021925,0.0031803,0.0035636,0.0036865,0.0012385,0.0053137,0.012776,0.014623,0.044396,0.035416,0.01947,0.008653,0.0039731,0.0019912,0.0095916,0.0074469,0.0028895,0.002865,0.0035438,0.0022291,0.0022989,0.0015839,0.0029993,0.0025889,0.00094948,0.0013447,0.0015538,0.0020989,0.0020554,0.0021973,0.0014444,0.00032674,0.0019404,0.0017634,0.001196,0.0011154,0.0010875,0.0018744,0.0015631,0.00075731,0.0020171,0.0028647,0.0012574,0.0016979,0.0019553,0.0016763,0.0022834,0.0031088,0.0034921,0.0027575,0.0025513,0.000607,0.0025435,0.0021248,0.0036007,0.0025505,0.00022152,0.0031883,0.0013738,0.0032335,0.0018743,0.0013662,0.0023077,0.0025038,0.0023399,0.0027251,0.0034379,0.0032956,0.0035028,0.0073237,0.011162,0.016208,0.056262,0.061712,0.0294,0.012001,0.014656,0.037039,0.030724,0.017019,0.0096561,0.0016749,0.0049071,0.0040568,0.0041733,0.0015504,0.0025182,0.0022677,0.0014322,0.001781,0.0017206,0.00064869,0.0012628,0.0013501,0.0013642,0.0020839,0.0040513,0.0035764,0.0030795,0.0026548,0.0037697,0.0031914,0.0013442,0.001192,0.0004008,0.001347,0.00088847,0.00077529,0.0005804,0.00098168,0.0014151,0.0013078,0.00068722,0.00036603,0.0011689,0.001502,0.0012477,0.00095891,0.00068729,0.00010118,0.00069527,0.00095075,0.00062175,0.001008,0.00030215,0.0011029,0.00025067,0.0012269,0.0007001,0.0018642,0.0018668,0.00047597,0.0017257,0.0025788,0.0014517,0.0031374,0.012273,0.019108,0.021419,0.018792,0.0096307,0.0024962,0.0054827,0.0059744,0.0046407,0.0020801,0.0044601,0.0017215,0.00052552,0.0010805,0.0010618,0.0005067,0.00119,0.0019386,0.00097901,0.00089613,0.00080595,0.0012497,0.0017624,0.0010332,0.00067258,0.0017559,0.0023071,0.0012565,0.0014334,0.00069513,0.0020695,0.0018206,0.0011465,0.0011797,0.001529,0.002451,0.0008469,0.00051436,0.00086941,0.0010431,0.00098539,0.0004722,0.00062103,0.00088632,0.001215,0.00087841,0.0012422,0.00069551,0.00022459,0.00079606,0.00072455,0.00031046,0.00063218,0.0012719,0.001941,0.001687,0.0013195,0.00015494,0.0016386,0.0018306,0.0030942,0.0030201,0.0021834,0.00070014,0.0048142,0.015907,0.022729,0.037153,0.032882,0.017481,0.021643,0.02424,0.011043,0.0027864,0.0031457,0.0020328,0.0028051,0.00088431,0.0015044,0.001963,0.0010607,0.0010226,0.0012379,0.0011832,0.00034373,0.00065737,0.00061215,0.0010076,0.001252,5.7682e-05,0.0010444,0.001087,0.0014252,0.0022272,0.0015487,0.00161,0.001343,0.00048541,0.00036563,0.00026585,0.0003485,0.0037057,0.0039963,0.0035519,0.0020915,0.0049093,0.0023461,0.0050524,0.0025079,0.005373,0.0062051,0.0035459,0.006073,0.0085732,0.006679,0.005564,0.0069072,0.0064836,0.0042547,0.0037743,0.0042451,0.0040287,0.0054591,0.011339,0.0098319,0.016065,0.019908,0.010057,0.012144,0.036624,0.079295,0.078379,0.15597,0.13406,0.060924,0.046921,0.0072283,0.010364,0.0053254,0.012127,0.0099617,0.0077579,0.0057495,0.0053921,0.0051101,0.0076144,0.008858,0.0055141,0.00187,0.0019905,0.0054162,0.0040688,0.003594,0.0059581,0.0039057,0.0025748,0.003098,0.0016485,0.0020549,0.0027795,0.0035824,0.0035777,0.0033149,0.0027056,0.0026446,0.0026022,0.0034075,0.0032353,0.0039145,0.0056507,0.0078573,0.0018038,0.0023579,0.010325,0.010939,0.0065675,0.0057551,0.0026905,0.00069054,0.0023813,0.0042731,0.0045407,0.0036425,0.0034571,0.0042115,0.0045356,0.0042785,0.0055121,0.0058621,0.0043605,0.0081962,0.010305,0.0079502,0.0041855,0.016503,0.043627,0.044232,0.079813,0.068183,0.026052,0.020156,0.019867,0.014987,0.010474,0.0095437,0.0069272,0.0053537,0.0042735,0.0040971,0.0041254,0.0034743,0.0015505,0.0026848,0.005022,0.0070645,0.005436,0.00096834,0.0045862,0.0080484,0.0081774,0.00321,0.0037644,0.0027468,0.0042156,0.0049161,0.0032087,0.0035108,0.0038009,0.0047169,0.0042661,0.0043932,0.0033817,0.0045044,0.0044148,0.0038067,0.0025583,0.0019963,0.0010078,0.001318,0.0028607,0.0042482,0.0044715,0.0037733,0.0018029,0.00048858,0.0016046,0.0022425,0.0014118,0.0029984,0.0033219,0.0018237,0.0028262,0.0012737,0.0020357,0.0025886,0.0021588,0.0060326,0.0045686,0.0037471,0.008878,0.0075723,0.011628,0.021673,0.0092759,0.018577,0.013316,0.0031252,0.011097,0.015726,0.0060698,0.0054701,0.004068,0.0035948,0.0011563,0.0017364,0.0019211,0.0015126,0.00095392,0.00054334,0.0016483,0.0023574,0.0019017,0.001298,0.0010404,0.000903,0.00033013,0.00046487,0.00063366,0.00089471,0.0019936,0.00026412,0.0019717,0.0010626,0.0009563,0.0010207,0.0015554,0.00024602,0.0016439,0.0019102,0.00055975,0.0023047,0.0021407,0.0014903,0.0012381,0.0024577,0.0044021,0.0037587,0.0011292,0.00095586,0.00094391,0.0020252,0.00099436,0.00094681,0.0017394,0.00059246,0.0013284,0.0020912,0.0019409,0.0024355,0.0014171,0.0012219,0.0046528,0.0074853,0.0053311,0.0025873,0.0045139,0.0054891,0.0067572,0.0045258,0.0052946,0.011315,0.012967,0.00338,0.0093165,0.0087483,0.0043707,0.00047633,0.0012248,0.0028429,0.0048895,0.0016031,0.0022164,0.0034357,0.0045527,0.0029148,0.0020022,0.0039183,0.0029007,0.0026929,0.0021725,0.0023794,0.00067838,0.00059763,0.0022249,0.0023013,0.00178,0.0025649,0.0024767,0.0051797,0.002959,0.0015375,0.0011462,0.0015871,0.00045438,0.00029642,0.0022682,0.0020157,0.0024131,0.003234,0.0016228,0.0034446,0.0023244,0.0012988,0.0015452,0.002237,0.0032967,0.002352,0.0019713,0.003331,0.0047835,0.0042954,0.0031447,0.0041154,0.0062496,0.0059183,0.0061156,0.0053054,0.0036476,0.0043802,0.0086071,0.015399,0.020281,0.037693,0.025596,0.016544,0.068699,0.082606,0.022286,0.047924,0.060464,0.038967,0.0079689,0.0075996,0.01629,0.0055785,0.0050891,0.010551,0.008697,0.009175,0.0058785,0.0032953,0.0017699,0.0015103,0.0032539,0.004262,0.0065081,0.0077474,0.005082,0.0037352,0.0040496,0.0040195,0.00088523,0.001763,0.0072895,0.0065246,0.0035743
0.0023715,0.0022809,0.00052978,0.0011939,0.00094397,0.0023741,0.0030341,0.0015769,0.00084571,0.00068222,0.0010972,0.0016143,0.0015459,0.0017641,0.00234,0.0022039,0.0031823,0.00082281,0.0011393,0.0026408,0.0030336,0.0015426,0.0023794,0.0016668,0.0011962,0.00063689,0.00034827,0.0016661,0.0020202,0.0010056,0.0025812,0.0054172,0.0039025,0.0018483,0.0042422,0.0031924,0.012898,0.011044,0.0079365,0.0065067,0.0059161,0.0040487,0.00070386,0.0033468,0.0028745,0.0028317,0.0034208,0.0010363,0.0010304,0.00047955,0.00055761,0.0019204,0.0034869,0.00086619,0.0029164,0.0013141,0.0018241,0.0010527,0.001748,0.0034565,0.0040057,0.0027008,0.00032057,0.0030731,0.0041574,0.0026312,0.0014366,0.0008661,0.0059337,0.0052888,0.00093267,0.0019698,0.0051411,0.0029517,0.0022853,0.0041514,0.0034723,0.0011112,0.0040688,0.005996,0.0064245,0.0053973,0.0025819,0.0019682,0.0036402,0.0034082,0.0024601,0.0041638,0.0037626,0.0049661,0.0017493,0.0037187,0.00072872,0.0054378,0.0030666,0.011609,0.026386,0.030919,0.02957,0.01568,0.0089066,0.0079372,0.010726,0.0094597,0.026742,0.033695,0.012416,0.01284,0.0068336,0.0031953,0.001853,0.0032691,0.0036681,0.00079217,0.0033547,0.0015224,0.0036779,0.0024867,0.0019655,0.0035825,0.0032117,0.0032676,0.0047825,0.0061102,0.005895,0.0054014,0.0047889,0.003137,0.0015278,0.0031089,0.00096797,0.001578,0.0011492,0.00050005,0.00097921,0.00077358,0.00084962,0.00093342,0.00039157,0.0015598,0.0014133,0.002204,0.002836,0.0018251,0.00054709,0.0017968,0.0030087,0.0016016,0.0010181,0.00073201,0.00091761,0.00057565,0.00090357,0.0013527,0.0016649,0.0023518,0.0035,0.0033835,0.0034596,0.0030861,0.0034499,0.010663,0.015138,0.013678,0.0075562,0.0010225,0.010859,0.012187,0.0090716,0.012545,0.01552,0.0069167,0.0058547,0.00088485,0.0010146,0.00051215,0.00022699,0.00063774,0.00023255,0.001669,0.0025134,0.002537,0.002382,0.003139,0.0018536,0.0018127,0.0029339,0.0046877,0.0040924,0.0013567,0.0041888,0.0042918,0.0015307,0.00045069,0.0014565,0.00097066,0.0012074,0.0015182,0.0017784,0.0024831,0.0030721,0.0028187,0.0022067,0.0019126,0.0021291,0.0019958,0.0016624,0.0015942,0.0012863,0.0012814,0.0017672,0.0024973,0.0031338,0.0028872,0.0023673,0.0021183,0.0022106,0.0030658,0.0040862,0.0043181,0.0056391,0.0073747,0.0086681,0.0057795,0.0067576,0.017019,0.032341,0.029427,0.013845,0.02354,0.033613,0.03029,0.010493,0.0011817,0.0032438,0.0048253,0.0028228,0.0070855,0.0051228,0.0037102,0.0025101,0.0019392,0.0022398,0.0016846,0.0016142,0.0021844,0.0016727,0.00074878,0.00042653,0.0009012,0.00055529,0.0013709,0.0001721,0.0018654,0.0016038,0.00053664,0.00027109,0.0011925,0.0018457,0.0024678,0.0030446,0.0014986,0.00028014,0.0017102,0.002567,0.0022335,0.0019254,0.0018031,0.0020854,0.0022262,0.0016396,0.0034831,0.0042,0.0039882,0.0024665,0.0013142,0.0032042,0.0029531,0.005483,0.0065489,0.0059167,0.0058801,0.007263,0.008734,0.0049273,0.0025398,0.010409,0.028119,0.043402,0.058594,0.02904,0.030678,0.018833,0.013684,0.0083114,0.016074,0.025868,0.0083178,0.017507,0.01475,0.012411,0.0084156,0.0065528,0.0060165,0.0041775,0.0030191,0.0028425,0.0028885,0.0031857,0.0026226,0.0021201,0.0022703,0.0030113,0.0030859,0.0039519,0.0033845,0.0019991,0.0010719,0.001042,0.00077556,0.00076037,0.00036535,0.001004,0.0013777,0.0021517,0.0011996,0.0014139,0.0017428,0.0018075,0.002019,0.0019115,0.00087896,0.00084606,0.0012693,0.0017796,0.0019502,0.0013276,0.002094,0.0027457,0.0015695,0.00036337,0.0014743,0.0023335,0.0027338,0.002443,0.0028559,0.0024028,0.0010597,0.0010093,0.0036306,0.0052906,0.003858,0.0034888,0.0058973,0.0046597,0.0098724,0.020471,0.015396,0.008939,0.0021614,0.0063153,0.0038429,0.0015115,0.0014744,0.003268,0.0026713,0.0031818,0.0027892,0.0026241,0.0018504,0.0021461,0.0025861,0.0022603,0.0014153,0.0010074,0.0018891,0.0019067,0.0011614,0.00073742,0.0020197,0.0013779,0.0011498,0.0018018,0.0010434,0.00099182,0.0013872,0.0014928,0.0014036,0.00050088,0.00076039,0.00061246,0.00031037,0.00052206,0.000359,0.00056384,0.0016345,0.0010014,0.00052921,0.00064719,0.00054757,0.00061944,0.00078451,0.00017344,0.00062401,0.00059211,0.001194,0.00077247,0.00074078,0.0007846,0.00071405,0.00093697,0.0010071,0.00048571,0.00078587,0.0023468,0.0025393,0.0028681,0.0063123,0.0066875,0.010403,0.0082132,0.035358,0.033115,0.010712,0.0086559,0.0027739,0.027316,0.022474,0.0033077,0.004189,0.0051515,0.0022025,0.0025496,0.002638,0.001463,0.00070977,0.0017734,0.0020038,0.0015359,0.00047032,0.00071208,0.00092985,0.001749,0.0015971,0.0010322,0.00048413,0.0011918,0.0015318,0.00016136,0.00069904,0.00092257,0.00088743,0.00099577,0.0014039,0.0020672,0.0030838,0.0048457,0.003489,0.004516,0.0065729,0.0041213,0.0046511,0.0059782,0.00068673,0.0011583,0.00084258,0.0014446,0.0029504,0.0019387,0.0024728,0.001857,0.0019685,0.0034881,0.0030295,0.0031985,0.0026067,0.0029347,0.0074883,0.0083754,0.0098117,0.0038516,0.0029232,0.013821,0.017173,0.020044,0.05243,0.13214,0.13144,0.048451,0.043687,0.04699,0.057154,0.026946,0.016665,0.019071,0.011243,0.0080081,0.0086503,0.002506,0.0025067,0.0040216,0.0059603,0.0066512,0.0068116,0.0026711,0.0032834,0.00096515,0.0039276,0.0034868,0.0011979,0.0022547,0.00042968,0.0035744,0.0036525,0.001831,0.0037055,0.0024941,0.00090354,0.0051582,0.0043765,0.0044534,0.0017826,0.001455,0.0019695,0.0011882,0.0063081,0.0065015,0.0064725,0.0049923,0.0020336,0.0014377,0.00097984,0.0012056,0.0021373,0.0017437,0.0020653,0.0011732,0.00068002,0.00048626,0.0026894,0.0032837,0.0014234,0.002964,0.003452,0.0048054,0.0052187,0.0036304,0.0071982,0.011924,0.01384,0.024308,0.063937,0.068516,0.031215,0.024861,0.035245,0.026017,0.011148,0.015542,0.0073206,0.0027035,0.0061528,0.0044665,0.0016115,0.0038762,0.0036932,0.0023534,0.0017551,0.0017883,0.0043053,0.0063271,0.0045497,0.0022998,0.0028355,0.0016182,0.0026556,0.0003781,0.0020181,0.0020419,0.0024362,0.0041862,0.0037666,0.0012827,0.0022535,0.001895,0.0015215,0.0011004,0.0027385,0.00092193,0.0019082,0.0013039,0.0025587,0.0013774,0.0006345,0.0013393,0.00096296,0.0014372,0.0015303,0.00074751,0.0010787,0.002849,0.0024612,0.00044871,0.0010982,0.0029625,0.0015885,0.00097491,0.0020162,0.0017983,0.0017457,0.0041773,0.0014492,0.0018787,0.0033766,0.0039165,0.0039109,0.0042778,0.013375,0.01855,0.0062765,0.004691,0.003693,0.00052479,0.0021283,0.0018495,0.0039632,0.0037236,0.0039994,0.0019527,0.0016797,0.0036703,0.001579,0.0012769,0.0021306,0.0030506,0.0011925,0.001361,0.0019061,0.00069999,0.0021465,0.0018817,0.0021824,0.0017398,0.00042125,0.001811,0.0029321,0.0015795,0.0014536,0.0026408,0.0026488,0.0024489,0.0023898,0.0017979,0.00086822,0.0018854,0.00032563,0.0010535,0.00077899,0.001085,0.00058782,0.0012149,0.0022493,0.0034483,0.0031143,0.0019796,0.0048136,0.0038324,0.003579,0.0025838,0.0024449,0.0046338,0.0017237,0.0012127,0.0019989,4.6098e-05,0.0010925,0.0012644,0.0047906,0.0071288,0.0048523,0.0026593,0.0036896,0.0025219,0.001316,0.0024869,0.0018577,0.0038706,0.0077393,0.0046312,0.003507,0.0058279,0.005099,0.0038345,0.0044717,0.0033472,0.0013414,0.0015301,0.0030818,0.0016796,0.0015424,0.0043777,0.0041911,0.0037496,0.0016634,0.0031698,0.0043267,0.0014229,0.0037974,0.0040111,0.0023224,0.001095,0.001794,0.0013047,0.0011679,0.0023755,0.00056325,0.0014322,0.00044507,0.0027678,0.0039856,0.0018595,0.004548,0.0031156,0.0015618,0.0019778,0.0010013,0.0010388,0.0021687,0.0017336,0.0019709,0.002823,0.0020219,0.002572,0.0035781,0.0027728,0.0032313,0.0040289,0.0066626,0.0037045,0.004363,0.0021156,0.002099,0.012591,0.020873,0.015234,0.0086607,0.017335,0.017103,0.031593,0.045207,0.051682,0.082838,0.076269,0.043332,0.0057727,0.016082,0.028722,0.011967,0.017542,0.012574,0.0069327,0.0098655,0.015232,0.0061015,0.0021587,0.0071333,0.006508,0.0034268,0.0047987,0.0067194,0.0047767,0.008665,0.0073819,0.0036447,0.0044958,0.0080772,0.0019919,0.0087092,0.012767,0.0067139
0.0053793,0.0073085,0.0033357,0.0021937,0.0033006,0.0013541,0.0040455,0.0021272,0.0027863,0.0043461,0.0022387,0.0050665,0.0014093,0.00055596,0.0010158,0.0022499,0.0022471,0.0019138,0.0049204,0.0044296,0.0020493,0.0015003,0.0037395,0.0061624,0.0049322,0.00087643,0.0014893,0.00078297,0.002312,0.0036397,0.0070241,0.0039245,0.0032692,0.003573,0.0067351,0.0055996,0.0063368,0.0029254,0.00074448,0.00041531,0.0011983,0.0017282,0.003704,0.0042646,0.0027453,0.0023213,0.0017208,0.0020797,0.0034409,0.003738,0.0029965,0.006302,0.0055387,0.0029016,0.00032525,0.0024576,0.0011305,0.00095072,0.0011172,0.0015094,0.00057757,0.0011545,0.003588,0.0037609,0.0032721,0.0023902,0.0010374,0.00093562,0.0020006,0.002547,0.0034887,0.0042479,0.0038127,0.00077406,0.001535,0.00027334,0.0049647,0.0068956,0.0047,0.00067333,0.0001491,0.0019583,0.00063387,0.0026818,0.0017495,0.0013712,0.001741,0.0023738,0.003377,0.0072806,0.0094515,0.0096632,0.0089815,0.00090595,0.011487,0.024367,0.019134,0.0056162,0.0039255,0.0011766,0.0003539,0.0042138,0.0041533,0.0018418,0.0035818,0.006865,0.0076162,0.016319,0.016282,0.007057,0.0022264,0.0013837,0.0051174,0.0051616,0.0034078,0.004256,0.0055242,0.0054133,0.0029177,0.0029132,0.0039009,0.002329,0.0023177,0.0047059,0.0048013,0.0019284,0.0026724,0.0015466,0.001803,0.0040113,0.0012195,0.0019665,0.0010374,0.0011098,0.0017253,0.00057545,0.0014924,0.00079502,0.00088298,0.00097094,0.00083446,0.00097099,0.00097187,0.0023823,0.0011876,0.0015468,0.0020581,0.0032582,0.0030449,0.001622,0.00064148,0.00028107,0.00075256,0.0015995,0.0043795,0.0059181,0.0026883,0.0096965,0.0037603,0.010671,0.022442,0.015864,0.0077858,0.0030776,0.0026543,0.0056369,0.010179,0.0045541,0.00054384,0.00049459,0.0043309,0.0075527,0.014396,0.01275,0.0057901,0.00061647,0.0014259,0.00050718,0.000528,0.0016957,0.0027253,0.001531,0.00063697,0.0040399,0.0065952,0.0044796,0.0042125,0.0017773,0.0018565,0.00077251,0.0027658,0.002794,0.00077312,0.001638,0.0017505,0.00070178,0.00097151,0.0011398,0.00099898,0.00083971,0.00028669,0.00096004,0.00092587,0.00080638,0.00088126,0.00076663,0.00079633,0.00072147,0.0012431,0.0017379,0.0013318,0.00099269,0.00089509,0.00078358,0.0014662,0.0022145,0.0017899,0.0019032,0.0030014,0.0034006,0.0051213,0.0022473,0.0051232,0.019988,0.030457,0.037935,0.027341,0.029994,0.0135,0.00082059,0.0030555,0.0062569,0.007139,0.0060065,0.0055136,0.0076344,0.0067864,0.0071305,0.0072746,0.005766,0.0022238,0.00052382,0.0011948,0.0023743,0.0017679,0.00091702,0.00076952,0.00038398,0.00062522,0.00048775,0.00068395,0.0014578,0.0025581,0.0014532,0.0017696,0.0023496,0.001208,0.0026524,0.0024885,0.0014645,0.0020111,0.0014102,0.0014712,0.0023916,0.0029978,0.0032091,0.0022134,0.0023927,0.0029641,0.0018245,0.00025595,0.0013571,0.0024451,0.0031965,0.0052521,0.0047861,0.0037743,0.0053404,0.0056176,0.0043643,0.0047445,0.0081275,0.010507,0.0097565,0.010313,0.00019589,0.035777,0.067547,0.040256,0.012953,0.0041492,0.010715,0.012197,0.0057915,0.010355,0.031124,0.027285,0.011312,0.016051,0.0078147,0.0064644,0.0054018,0.0037065,0.0045549,0.0081203,0.0078661,0.0073283,0.0058087,0.0046783,0.0037367,0.0040285,0.004831,0.0031899,0.0035677,0.0041265,0.0038431,0.0025137,0.0031691,0.0046444,0.0040577,0.0026106,0.0018893,0.0023615,0.0022886,0.0023073,0.0016239,0.001037,0.000358,0.0001538,0.00095664,0.0010025,0.0012037,0.00067715,0.00020672,0.00052373,0.00012873,0.00024137,0.00093189,0.0012758,0.00052729,0.00041475,0.00027928,0.0003392,0.001602,0.003228,0.0032635,0.0023441,0.0015594,0.0043472,0.007105,0.0087357,0.0042854,0.0062856,0.012601,0.021813,0.022712,0.013083,0.012046,0.0028025,0.0049985,0.0073901,0.0041156,0.0021774,0.0030941,0.0026943,0.0031872,0.0027815,0.0010641,0.0022669,0.0026001,0.0015208,0.00030852,0.0018423,0.0021069,0.0014703,0.00051268,0.00013347,0.00059065,0.0017869,0.0023754,0.0016965,0.00029852,0.0016589,0.0019343,0.0011515,0.0012322,0.0021252,0.0017567,0.00083824,0.0019684,0.00093451,0.00050551,0.00080693,0.0014412,0.0011191,9.6144e-05,0.00095909,0.00065555,0.00026933,0.00033618,0.00089817,0.00073102,0.00026669,0.00060998,0.001128,0.00040478,0.0015565,0.0018996,0.00067779,0.0015546,0.0006083,0.0010359,0.00026584,0.0013059,0.0033507,0.0020448,0.0070323,0.011141,0.019044,0.032743,0.049206,0.025701,0.012425,0.0018226,0.00645,0.023437,0.02269,0.0046209,0.0012017,0.002594,0.0018106,0.0016161,0.0037695,0.002359,0.0019196,0.0014531,0.0012946,0.0027592,0.00095667,0.00095459,0.0021285,0.001301,0.0020917,0.0025698,0.0011212,0.00074243,0.00018125,0.00091774,0.0010197,0.0011729,0.0012927,0.0010593,0.0005297,0.00064491,0.00076427,0.003622,0.00081334,0.00187,0.0030638,0.00080091,0.00028063,0.001643,0.00070755,0.0016421,0.0040519,0.0026187,0.001569,0.0037741,0.0037288,0.0014569,0.0034013,0.002935,0.0042992,0.0057925,0.0031913,0.00042902,0.0069425,0.0047422,0.012208,0.017264,0.010008,0.012025,0.017093,0.052533,0.11729,0.19885,0.09993,0.059593,0.01859,0.016417,0.023314,0.014247,0.0081187,0.0051618,0.0040056,0.0013076,0.0050154,0.0085251,0.007502,0.0018314,0.0021028,0.0013123,0.0043719,0.0013445,0.0032776,0.0024282,0.0014768,0.00181,0.00040066,0.0039672,0.0025927,0.0036562,0.0028665,0.0026364,0.0020262,0.0018834,0.0030539,0.0020262,0.0044883,0.0043293,0.0014536,0.00058096,0.0018382,0.001104,0.0018139,0.0025053,0.0059019,0.0078099,0.0059445,0.0059261,0.0056365,0.0058683,0.0074964,0.0061077,0.0050567,0.00090019,0.0026338,0.0053684,0.0041627,0.0011855,0.0022393,0.00151,0.0025854,0.0044502,0.0034739,0.0064287,0.0073372,0.0066748,0.032153,0.068261,0.10337,0.049637,0.024678,0.0055943,0.0061632,0.0063114,0.014039,0.0029866,0.0042135,0.0030687,0.0025651,0.0010821,0.0063243,0.0057237,0.0016161,0.0027586,0.0039499,0.0053135,0.0048177,0.0037863,0.0026101,0.0026123,0.00064052,0.003843,0.0045216,0.0020503,0.0028564,0.0021674,0.0018177,0.0029432,0.00083932,0.00058954,0.0017929,0.0010067,0.00093549,0.0032245,0.0021108,0.0018411,0.00312,0.0030999,0.002171,0.00098074,0.0012558,0.0014019,0.0014037,0.0019849,0.0020918,0.0017075,0.00037174,0.0016916,0.0010145,0.0012794,0.0013063,0.0010281,0.0013143,0.0013529,0.00059677,0.0010489,0.0019344,0.0014463,0.00097412,0.0028763,0.0059241,0.0023505,0.0093337,0.021764,0.01402,0.0023173,0.0039904,0.0062172,0.011729,0.011615,0.003678,0.0021968,0.0019573,0.0023741,0.0038459,0.010316,0.0078833,0.0021849,0.0025437,0.003096,0.0028531,0.0026374,0.0012123,0.0029697,0.0023985,0.00086169,0.00047527,0.0018687,0.0011681,0.00085284,0.00074052,0.00079137,0.00039982,0.0013971,0.0016894,0.0013486,0.0010446,0.0015891,0.00082807,0.00012873,0.0016196,0.0033266,0.0032155,0.0016786,0.0018455,0.0012226,0.001544,0.00090303,0.00063041,0.00099618,0.0011875,0.0015561,0.00053765,0.0022948,0.0050237,0.0042412,0.0014846,0.00083035,0.00093962,0.0013196,0.0011777,0.0015437,0.0022984,0.0012208,0.0022117,0.0030566,0.0028392,0.0018942,0.0044693,0.0037665,0.003325,0.0051455,0.002595,0.0063347,0.009139,0.0036627,0.0011594,0.0041678,0.0064839,0.0065193,0.0070918,0.0090719,0.006664,0.0016533,0.0028258,0.00092829,0.00083847,0.0017224,0.0022199,0.0016528,0.0015686,0.0028876,0.0025871,0.0027484,0.0017624,0.00037386,0.0027756,0.0042832,0.00073805,0.0010026,0.0016428,0.0020192,0.0045166,0.005409,0.0041645,0.0012049,0.0022948,0.0026981,0.0042322,0.0028344,0.0024907,0.0019808,0.0023413,0.0014696,0.0022078,0.003205,0.0030235,0.0020101,0.0016465,0.0038451,0.0052928,0.0025761,0.0012927,0.003183,0.0038157,0.0046391,0.0047965,0.010165,0.013207,0.012259,0.017314,0.022752,0.026433,0.03081,0.013095,0.0071747,0.016393,0.019875,0.070916,0.081404,0.036948,0.03412,0.033958,0.030391,0.043854,0.033627,0.014464,0.0062299,0.0061259,0.0030049,0.0042827,0.012735,0.012187,0.004639,0.0029989,0.0025061,0.0055194,0.0091091,0.0050763,0.0016035,0.0028308,0.00070477,0.000861,0.0041918,0.0069121,0.0091702,0.00704,0.0077213
0.0014998,0.0037104,0.0037682,0.0043403,0.0037564,0.0038583,0.0030539,0.0035804,0.0048284,0.0032204,0.0043478,0.0031936,0.0044228,0.001079,0.0013433,0.00091504,0.0027282,0.0040235,0.0019552,0.0021129,0.0032023,0.0057318,0.0073421,0.003342,0.0042908,0.0028195,0.0027328,0.0012042,0.0011766,0.0011611,0.0019189,0.0024948,0.0031738,0.0023331,0.0025803,0.0019615,0.0088298,0.0079688,0.0048258,0.0053851,0.0053249,0.0023178,0.0030156,0.0018172,0.0030878,0.0020111,0.001817,0.0048187,0.006965,0.0051192,0.0018766,0.0041402,0.0030904,0.0024917,0.0032108,0.001337,0.0024924,0.0013756,0.0016188,0.0022347,0.0020108,0.0040812,0.0036896,0.001865,0.0027612,0.002518,0.0034139,0.0012252,0.0044323,0.0024729,0.0058246,0.0016633,0.0037747,0.0023848,0.0015124,0.00086004,0.0025686,0.0040463,0.0053462,0.0065499,0.0043023,0.0058747,0.0062436,0.0035385,0.001702,0.001712,0.0031097,0.003952,0.0037956,0.0040705,0.0024479,0.00081943,0.006466,0.0061309,0.0080031,0.014224,0.018503,0.018366,0.017971,0.0073539,0.002822,0.0014426,0.0017698,0.0016402,0.0034758,0.0014457,0.0048827,0.01655,0.0143,0.0066845,0.0046207,0.0038608,0.0017732,0.0022737,0.0027314,0.0042369,0.0054988,0.0014115,0.0031649,0.0039522,0.001438,0.0019972,0.0019562,0.0024461,0.0030845,0.0042666,0.0015829,0.0018568,0.006095,0.0059673,0.002914,0.0015749,0.0017515,0.0024455,0.0019537,0.0017662,0.0012774,2.0543e-05,0.00098108,0.00072201,0.0011515,0.0024324,0.0017856,0.0010105,0.00050099,0.00030244,0.00046765,0.00039256,0.00023658,0.00099066,0.00046365,0.0012084,0.0019148,0.0013808,0.0010087,0.0012506,0.0056439,0.011582,0.010515,0.01111,0.018461,0.016882,0.012576,0.012476,0.0034574,0.0037716,0.01113,0.0063918,0.0032214,0.00156,0.0039511,0.0037725,0.014713,0.012434,0.0044408,0.00079501,0.00059531,0.00060477,0.00085729,0.001225,0.001402,0.0017351,0.0024966,0.0023361,0.0054057,0.0042694,0.0019989,0.0028408,0.0016666,0.00032407,0.0010609,0.0024156,0.0013701,0.0015615,0.0020218,0.00039756,0.001098,0.0007092,0.00065589,0.0010205,0.00097451,0.00098303,0.0013877,0.00066281,0.0010107,0.00073839,0.0012605,0.00083037,0.0005813,0.0013023,0.0011755,0.0012015,0.00084442,0.00025902,0.0013519,0.002699,0.001693,0.001683,0.0036425,0.0037915,0.0026847,0.0061978,0.0156,0.014076,0.019875,0.0239,0.025815,0.038651,0.038795,0.018952,0.013245,0.0073604,0.0033485,0.0030609,0.0045299,0.0052636,0.0041852,0.008819,0.0072431,0.0041268,0.0017842,0.00082742,0.0015293,0.0018034,0.002539,0.0025466,0.0010679,0.00043338,0.0010973,0.001444,0.0016811,0.0022005,0.0021543,0.001794,0.0016533,0.0013786,0.0019472,0.00044813,0.0013549,0.0023439,0.00096679,0.0017381,0.001731,0.00062073,0.00061641,0.0025012,0.0032871,0.0019786,0.0014124,0.0037433,0.0031895,0.0015634,0.0012309,0.0036017,0.0034687,0.003345,0.0072918,0.0067684,0.0029957,0.0010861,0.0038198,0.0051219,0.0016973,0.0068263,0.015134,0.016537,0.041605,0.060192,0.019909,0.0052231,0.0034591,0.0053688,0.013051,0.0091075,0.010293,0.0068116,0.032676,0.024682,0.010921,0.0025471,0.002202,0.0050411,0.004539,0.0021402,0.0029587,0.0036603,0.002281,0.00087438,0.0017839,0.00079025,0.0016864,0.001973,0.00090225,0.0012389,0.0013193,0.0024906,0.0013168,0.0019153,0.0023621,0.0014748,0.0011052,0.0011727,0.00072275,0.0019032,0.0031761,0.00024321,0.0018686,0.0028232,0.0022226,0.0013371,0.00037957,0.00087182,0.00097733,0.001553,0.0015249,0.00050419,0.0010914,0.001093,0.0011944,0.0019104,0.0022604,0.0028365,0.001727,0.001174,0.0012669,0.0013294,0.0038707,0.0046887,0.0020981,0.0011093,0.0040087,0.005284,0.012097,0.010182,0.012138,0.017947,0.015445,0.013502,0.010351,0.0076808,0.0018568,0.0056439,0.0023752,0.0011503,0.001882,0.0022854,0.00088054,0.0023707,0.0029198,0.0026712,0.0028058,0.00049308,0.0020367,0.0017919,0.0014437,0.0020534,0.0014948,0.00020015,0.00087434,0.00026228,0.00063341,0.0010247,0.0016438,0.0016765,0.0017174,0.0022057,0.0015181,0.0012287,0.0014446,0.0019117,0.00062456,0.00053925,0.0011109,0.0010516,0.0021196,0.00071973,0.00096142,0.00067485,0.00061575,0.0010026,0.00067725,0.00064558,0.00085008,0.00068316,0.0002795,0.00043852,0.00022962,0.00066005,0.0014004,0.0013095,0.0018142,0.00087659,0.00092562,0.0012754,0.0024323,0.0055876,0.011584,0.010716,0.013945,0.023362,0.028405,0.034025,0.030398,0.024054,0.0082187,0.018335,0.024407,0.010728,0.0047414,0.0022336,0.0020262,0.0022352,0.0037957,0.0023402,0.001063,0.0018031,0.00065587,0.00080011,0.0015742,0.0014786,0.00096676,0.0014621,0.00093441,0.0010382,0.00083665,0.00042728,0.000412,0.000862,0.00042672,0.00033715,0.00096917,0.0015604,0.001633,0.00035141,0.00038741,0.004,0.0038818,0.0054462,0.0067731,0.0060505,0.0034841,0.0053471,0.0064457,0.0046085,0.0024834,0.0025074,0.0042326,0.0022528,0.0051721,0.0073081,0.0079535,0.0045395,0.0014999,0.0026012,0.0031016,0.0017888,0.0027911,0.0088033,0.0069189,0.0044005,0.0063002,0.011719,0.02412,0.045147,0.073895,0.10312,0.12875,0.11095,0.10057,0.04214,0.019744,0.022034,0.010015,0.0079948,0.0049624,0.0044378,0.0046093,0.0092774,0.0049172,0.0018272,0.0043419,0.0041781,0.0024695,0.00036433,0.0018141,0.00067135,0.001304,0.00096963,0.0008787,0.002547,0.001291,0.0010969,0.0019429,0.0028231,0.0032571,0.0021969,0.00036214,0.0032264,0.0032767,0.0010293,0.0027098,0.0021054,0.0045962,0.0086951,0.0088133,0.0061516,0.0054497,0.0048974,0.0025647,0.001194,0.0027684,0.0054511,0.0059882,0.0049832,0.0035787,0.0022593,0.0008448,0.0012003,0.0014453,0.00035321,0.0010562,0.0020462,0.0032465,0.0011438,0.0015372,0.0058104,0.015292,0.022504,0.033879,0.048885,0.061687,0.069616,0.0557,0.047838,0.016996,0.01282,0.012548,0.0042753,0.00025523,0.0010323,0.00043412,0.0041354,0.0016351,0.0033764,0.0044264,0.0048412,0.0048181,0.0036405,0.0046481,0.0049031,0.0027624,0.0013717,0.0027187,0.0017702,0.0017012,0.0017839,0.002913,0.0017265,0.0021669,0.0031664,0.0034566,0.0028072,0.00094951,0.0003622,0.0015059,0.0021761,0.0025634,0.0013434,0.00056435,0.0010476,0.00032986,0.0023883,0.0026796,0.00083293,0.00067972,0.0005842,0.0009527,0.00044963,0.0013549,0.0012935,0.0023696,0.0025287,0.0016185,0.00057047,0.00063757,0.00073126,0.0014598,0.0012314,0.0029349,0.0030778,0.0030037,0.0056947,0.004526,0.0075093,0.0067917,0.0066533,0.0064602,0.0090949,0.014929,0.0083595,0.00079356,0.0083248,0.0048655,0.0066117,0.0040771,0.0049968,0.003778,0.0058519,0.0058982,0.0061029,0.0034396,0.0016408,0.0011917,0.00091657,0.00092167,0.00087064,0.00094122,0.0010834,0.0012397,0.00043416,0.0012981,0.0023571,0.0018936,0.0018284,0.0019819,0.0010551,0.0014178,0.00048663,0.0018831,0.0023277,0.0022832,0.00075953,0.00059551,0.00025479,0.0016168,0.0017826,0.0020978,0.0020624,0.0023661,0.0016522,0.0018284,0.0024066,0.0021406,0.0028385,0.0036269,0.0020913,0.0012803,0.0021501,0.0021921,0.0018799,0.0024208,0.0019904,0.0023224,0.00089502,0.0031279,0.0020302,0.0030831,0.0044575,0.0043929,0.0049068,0.005535,0.0027955,0.0040031,0.0029384,0.0029061,0.0079322,0.0051547,0.0063164,0.0080778,0.0037168,0.0038915,0.0039676,0.0046076,0.0027126,0.0030046,0.0044564,0.0019659,0.00085491,0.0018948,0.0032088,0.0052776,0.0040171,0.00042491,0.0019106,0.0010133,0.0038092,0.0045662,0.0025048,0.0021653,0.00076583,0.0020919,0.0038523,0.004216,0.0032102,0.0023849,0.0038219,0.0058612,0.0057127,0.0028387,0.0017771,0.0026882,0.0025261,0.0028376,0.0040973,0.0029764,0.0036379,0.0052819,0.0041853,0.0035511,0.0051801,0.0051814,0.0057128,0.0067068,0.0059971,0.0027739,0.0058092,0.0068867,0.008485,0.0095079,0.0053554,0.0074206,0.019452,0.019069,0.008051,0.024668,0.024952,0.016018,0.011984,0.046073,0.039004,0.040198,0.092598,0.048274,0.02915,0.04301,0.019002,0.022448,0.031639,0.017667,0.014526,0.012988,0.013808,0.01422,0.0084612,0.0021947,0.00648,0.0093091,0.011061,0.0098251,0.0076514,0.0040012,0.0030132,0.006023,0.0091882,0.0087946,0.0072067,0.0032954,0.0031842,0.0055744,0.01383
0.0042797,0.0063346,0.0049534,0.0020262,0.0012108,0.00086821,0.00073652,0.0031392,0.0025139,0.0019225,0.0034556,0.0047385,0.0051809,0.0034713,0.00036833,0.0043579,0.0061292,0.0056517,0.0050955,0.0066999,0.0043357,0.00081256,0.00062292,0.00072125,0.00022662,0.00083743,0.00078045,0.0023884,0.0015191,0.0029718,0.0086354,0.0089179,0.0054826,0.0034601,0.0036641,0.006059,0.0018405,0.0010772,0.0005407,0.0010325,0.005664,0.0088315,0.0036563,0.00059365,0.0031065,0.003262,0.0016144,0.0010615,0.0035074,0.0059547,0.0042208,0.0019628,0.00064383,0.0010005,0.0013598,0.0006965,0.0019944,0.0029985,0.0026673,0.0026332,0.0035843,0.0023522,0.0030969,0.0018183,0.0031825,0.002907,0.00056384,0.0031811,0.0047451,0.0034695,0.0020125,0.0015125,0.0026633,0.0028645,0.002566,0.0022812,0.0024943,0.0010909,0.0011477,0.0010539,0.00068572,0.0036885,0.0031478,0.002036,0.0030956,0.0031792,0.00051142,0.0047505,0.005799,0.0021736,0.003976,0.0071964,0.01068,0.010142,0.0014173,0.012582,0.017051,0.007538,0.0020293,0.0032927,0.0024791,0.0038361,0.0044604,0.0016828,0.0015401,0.0082287,0.013932,0.0068245,0.0032588,0.0018238,0.0028029,0.0021156,0.0031322,0.00059821,0.00041275,0.0021222,0.0010257,0.0021556,0.0025683,0.0037693,0.0045772,0.0031757,0.00073057,0.00074287,0.001607,0.0015857,0.003626,0.0033394,0.0024111,0.001154,0.00065781,0.0021599,0.0015268,0.00058485,0.00090013,0.00056528,0.00035914,0.00040175,0.00045637,0.00047369,0.001274,0.00031071,0.00072219,0.00049221,0.0021235,0.0030269,0.0026201,0.0014734,0.0012188,0.00048663,0.0026179,0.0015689,0.00094683,0.0014814,0.0017164,0.0039132,0.0050073,0.013776,0.014596,0.0053475,0.01498,0.0229,0.014742,0.0033519,0.0067134,0.0095158,0.0048774,0.0012416,0.00085951,0.00041718,0.011245,0.017703,0.006998,0.00054455,0.0024379,0.0018288,0.00074309,0.0022559,0.003038,0.001424,0.0014035,0.0020586,0.0023379,0.0020773,0.0031861,0.0046942,0.0014499,0.0081546,0.0060944,0.0018338,0.0014309,0.0011649,0.0017515,0.0012588,0.00038138,0.00051531,0.00055519,0.0011168,0.0015146,0.00034166,0.0011405,0.0017714,0.0011435,0.00036769,0.00012853,0.00016842,5.8341e-05,0.0007182,0.00089511,0.00083451,0.00072953,0.00048814,0.00030343,0.00037197,0.00032333,0.00077537,0.00066282,0.0012128,0.0017813,0.0020772,0.0023578,0.0029337,0.004624,0.012988,0.0093704,0.02029,0.049265,0.045254,0.012165,0.0085588,0.008859,0.0048689,0.0040033,0.0033155,0.00079372,0.0053885,0.01007,0.0068775,0.00083505,0.00063705,0.00044716,0.0010098,0.00057958,0.00026308,0.00038268,0.00082208,0.0002134,0.0012468,0.0013753,0.0012361,0.0017937,0.0027107,0.0024691,0.0020079,0.00076906,0.001615,0.00069488,0.0019403,0.00155,0.00064137,0.00090124,0.0010162,0.0011301,0.00073319,0.00010155,0.0010509,0.0015737,0.0013241,0.0019474,0.0010697,0.00087485,0.00098383,0.0015069,0.0017807,0.00095357,0.0021785,0.0015489,0.0013739,0.0045333,0.0040793,0.0013569,0.0012772,0.0036348,0.008319,0.0063125,0.018978,0.02102,0.048502,0.054544,0.021565,0.014254,0.0076114,0.0098686,0.0044139,0.02408,0.042915,0.024713,0.002197,0.0014122,0.004291,0.001058,0.0039762,0.0020331,0.00047901,0.0014128,0.0019839,0.0019532,0.0033393,0.0019243,0.00097003,0.0012451,0.0010894,0.0021399,0.0015645,0.0013477,0.001968,0.0025262,0.0023064,0.0016774,0.0012001,0.0008305,0.00035135,0.00095928,0.0013528,0.0022134,0.0014291,0.0014447,0.0011051,0.00042263,0.00084917,0.00092876,0.00053115,0.00081784,0.0003611,0.0008154,0.00064285,0.00045073,0.0014099,0.0016091,0.00060703,0.00070547,0.00089887,0.00024072,0.00023517,0.00050669,0.00095199,0.0016765,0.0019734,0.0021039,0.0026698,0.0018356,0.0023624,0.014815,0.024595,0.01598,0.0086849,0.017113,0.017404,0.0065792,0.0032566,0.0068486,0.0026129,0.0033746,0.0038627,0.0017638,0.00048282,0.0023248,0.0027072,0.0018265,0.0022477,0.0020457,0.00062372,0.00024299,0.00028114,0.00060159,0.0013403,0.00088633,0.00022736,0.00087535,0.0014471,0.00096531,0.00033589,0.0010121,0.00040157,0.00059805,0.00079116,0.0017939,0.0018878,0.0015418,0.00061057,0.0012115,0.0011205,0.00023484,0.00051206,0.00053698,0.00059515,0.00034457,0.0013958,0.0014172,0.00040701,0.00087324,0.0014981,0.00086779,5.0463e-05,0.00034011,0.00030535,0.00036471,0.0014736,0.0014669,0.00081892,0.00035004,0.00044964,0.00057915,0.0019311,0.0035394,0.0016088,0.0033186,0.011812,0.010481,0.0098785,0.03314,0.049974,0.023242,0.0080889,0.012701,0.017665,0.0046442,0.0031274,0.0019502,0.0014521,0.0031142,0.0031177,0.0013982,0.00080444,0.0018361,0.0012372,0.00026766,0.00088224,0.0013524,0.0013812,0.0020193,0.0016259,0.00027365,0.0011196,0.00084032,0.0012877,0.0003356,0.0016456,0.0019876,0.00054701,0.00059516,0.00086941,0.00048417,0.00097753,0.00090014,0.0034894,0.0026684,0.0034466,0.0018295,0.0014582,0.004885,0.0022622,0.0024348,0.0032669,0.005353,0.0015812,0.0034107,0.00077589,0.0019588,0.0017334,0.0020634,0.00099124,0.0042729,0.0046368,0.0019792,0.007033,0.0059517,0.004932,0.013567,0.010267,0.0090619,0.019436,0.03067,0.036652,0.040281,0.14528,0.20585,0.096491,0.0061976,0.037023,0.025327,0.0066363,0.0015854,0.0052666,0.0037092,0.010972,0.0088785,0.0013683,0.0020901,0.0024536,0.00051603,0.0038437,0.0017938,0.0033219,0.0018622,0.0035491,0.0030396,0.0015763,0.0026255,0.0024744,0.0035791,0.0029732,0.0030575,0.0025092,0.0020589,0.0017345,0.0028936,0.0019303,0.0046262,0.0043546,0.0028724,0.0028055,0.0036077,0.00074438,0.0026432,0.0016828,0.0021126,0.0076397,0.0088385,0.00411,0.0066842,0.0060469,0.0023027,0.00089259,0.0018448,0.0021976,0.0020193,0.0021608,0.0016298,0.0032531,0.0036792,0.0026979,0.0042942,0.0031829,0.0024517,0.0067248,0.0093135,0.017952,0.020066,0.021647,0.067286,0.097675,0.043892,0.01658,0.028776,0.017795,0.011465,0.0054825,0.0023066,0.0026325,0.00089544,0.0036333,0.0016008,0.0035511,7.9974e-05,0.0020836,0.0012181,0.00091935,0.0012618,0.0018687,0.0061206,0.0047573,0.0011951,0.003413,0.0039469,0.0026702,0.002111,0.0036789,0.0020183,0.0038622,0.0028014,0.0013653,0.0011699,0.0021766,0.0014085,0.00081723,0.0015899,0.0012147,0.0013765,0.00070607,0.00046973,0.00079216,0.00071593,0.00085733,0.00073086,0.0012672,0.001507,0.0012674,0.00070839,0.00069005,0.00069713,0.00075237,0.00057996,0.0014839,0.0012204,0.0024584,0.0035959,0.0019406,0.0020678,0.0028838,0.00076418,0.0014242,0.0015818,0.0054059,0.00067918,0.017572,0.026718,0.026636,0.015236,0.0041236,0.0073135,0.0080651,0.0030313,0.00391,0.0076217,0.0098784,0.011903,0.0044733,0.00088681,0.0017686,0.0030799,0.0023652,0.00058819,0.0014231,0.0013763,0.00048397,0.0016489,0.001657,0.00062411,0.00043414,0.0016776,0.0024576,0.0026761,0.00070889,0.0022536,0.0025955,0.0010839,0.0024757,0.0013726,0.00087269,0.003096,0.0037349,0.00065048,0.0028462,0.0018923,0.0005554,0.0019819,0.001631,0.0010681,0.001005,0.0032849,0.0026927,0.00083512,0.0023095,0.0036997,0.0034437,0.0032745,0.0015419,0.00069459,0.0019163,0.00096933,0.00034234,0.0018787,0.0017189,0.00044456,0.0015723,0.0036956,0.0064048,0.0025608,0.0017837,0.0044564,0.0071286,0.0059404,0.0041509,0.010097,0.01638,0.014102,0.0063596,0.002699,0.0072143,0.0045617,0.0015612,0.0029069,0.0045459,0.0028397,0.0021922,0.0022717,0.0045332,0.0048248,0.0023525,0.0017674,0.0027642,0.0021967,0.0015081,0.0032536,0.0010874,0.0023734,0.0023176,0.0023006,0.0034584,0.0033731,0.00051241,0.0015055,0.0010863,0.001244,0.0026447,0.0025964,0.0036578,0.0018809,0.0017923,0.0010451,0.0013169,0.00082252,0.00097378,0.0023477,0.0025217,0.00077914,0.0017286,0.0026011,0.0016285,0.0011573,0.0012157,0.0015694,0.0010754,0.0026544,0.0039926,0.0035708,0.0017395,0.004448,0.0025126,0.0088302,0.0078796,0.012913,0.014444,0.012541,0.011476,0.017336,0.024331,0.018995,0.058599,0.10409,0.046101,0.017752,0.018428,0.024158,0.016365,0.013561,0.024326,0.017935,0.0082228,0.001455,0.0086463,0.0083677,0.0034728,0.0029305,0.0047525,0.0059195,0.0030806,0.0023402,0.0021424,0.0029943,0.0046682,0.0020883,0.0027387,0.0023227,0.0024552,0.0031461,0.0078476,0.0053399,0.0015553
0.0033998,0.0035816,0.0014498,0.0014695,0.001738,0.0030303,0.0021284,0.0029571,0.0019039,0.0014899,0.0010193,0.0025756,0.0012437,0.0038894,0.004064,0.0062602,0.0044605,0.00099607,0.0028621,0.0046161,0.0032551,0.00139,0.0021922,0.0015533,0.0029031,0.004327,0.0036231,0.0019859,0.0045303,0.0044401,0.0033758,0.0061167,0.0049165,0.0029983,0.0027969,0.0064719,0.0058156,0.0026714,0.0029654,0.003448,0.0077377,0.0079309,0.0025684,0.0014921,0.0020436,0.0010845,0.0018337,0.0033808,0.0020221,0.00086319,0.0021074,0.0014946,0.003809,0.0012253,0.0025416,0.0031614,0.00080414,0.0024094,0.00201,0.001073,0.00072131,0.00085863,0.00036108,0.0011149,0.001389,0.0013061,0.0023043,0.0036432,0.0039183,0.0037242,0.00077552,0.0025392,0.0019968,0.0034957,0.0033731,0.0031598,0.0016792,0.0036516,0.0035897,0.0026073,0.0041884,0.0059261,0.0050403,0.0036666,0.003189,0.0036167,0.0062891,0.0062939,0.00056155,0.00098824,0.005035,0.0052954,0.0039118,0.0010193,0.0050881,0.0062165,0.016824,0.015601,0.0063313,0.0041008,0.0029443,0.0045389,0.0074007,0.0013697,0.0035829,0.0081719,0.0073202,0.0035781,0.0049465,0.0036633,0.0044868,0.0078908,0.0050863,0.0024013,0.0010599,0.0017297,0.00050284,0.0027922,0.004607,0.0042408,0.0037949,0.0028466,0.006511,0.0065873,0.00083093,0.0028187,0.0020484,0.0039431,0.0037895,0.00083432,0.00084077,0.0014943,0.00056943,0.0007533,0.0014574,0.0031696,0.0038011,0.0020726,0.0012229,0.0013131,0.00013683,0.00066545,0.00041523,0.00061428,0.00098678,0.0021029,0.001211,0.00057002,0.00047147,0.00035884,0.00079913,0.0017666,0.0021132,0.0019914,0.0018791,0.0063144,0.011095,0.0070513,0.0035899,0.0021854,0.0055562,0.021244,0.018605,0.0033508,0.0035422,0.010872,0.008974,0.0030261,0.0013013,0.0018428,0.012238,0.017319,0.0069026,0.0012036,0.0010654,0.00086486,0.0011287,0.0013612,0.0010183,0.00067441,0.00080805,0.0018978,0.0016846,0.0015515,0.0018395,0.0014236,0.0037047,0.008174,0.006151,0.00114,0.00030422,0.0022173,0.0024845,0.0017498,0.0012291,0.0021523,0.0013064,0.00080107,0.00053182,0.00082877,0.0012848,0.0013095,0.00057485,0.00054733,0.00047296,0.0007881,0.0011525,0.00026882,0.0009627,0.0013995,0.0010738,0.00064609,0.00143,0.0018181,0.00055979,0.0031848,0.0022449,0.0022382,0.0023976,0.0025741,0.0028067,0.0087692,0.0044952,0.005137,0.0054863,0.0041695,0.046711,0.050997,0.020769,0.0019425,0.0010678,0.0054845,0.0040565,0.0030613,0.003774,0.0054956,0.0094675,0.0084727,0.0019323,0.0010581,0.0023801,0.0014096,0.00078053,0.0011366,0.0013646,0.00057682,0.002029,0.00057444,0.0009303,0.0011786,0.00056746,0.0022198,0.0027266,0.00085864,0.00050025,0.0011707,0.0011593,0.00214,0.0026745,0.0011296,0.00045179,0.00062732,0.0018029,0.002594,0.0012013,0.00019452,0.0012013,0.0014293,0.0022502,0.0015643,0.00088359,0.0019994,0.0015228,0.0021493,0.0013804,0.00029444,0.0028204,0.0031982,0.00073056,0.0016163,0.003334,0.0020831,0.0066844,0.0028669,0.006497,0.018646,0.063119,0.052446,0.013965,0.0051078,0.0055681,0.010022,0.018768,0.0089132,0.0063849,0.031239,0.0375,0.017303,0.0017111,0.00075615,0.0014772,0.0038706,0.0040611,0.001446,0.0014796,0.0024282,0.0016258,0.0010055,0.0014242,0.0010583,0.0020113,0.0020343,0.0016584,0.0014383,0.00075395,0.0007104,0.0012207,0.00093208,0.0010624,0.0021061,0.0018229,0.0012522,0.00065694,0.0013782,0.0012732,0.00055755,0.00049565,0.00044041,0.00059846,0.000623,0.0010225,0.0012968,0.000353,0.0010284,0.00079749,0.00065172,0.0010923,0.0005622,0.00053275,0.00059004,0.00054833,0.00086504,0.00085345,0.00038573,0.0011456,0.0026251,0.0016823,0.0026277,0.0017826,0.0029514,0.0051978,0.01519,0.014981,0.0083059,0.0040292,0.00098091,0.018295,0.019996,0.009111,0.00037004,0.0053119,0.0043903,0.0012428,0.0021666,0.0010746,0.002251,0.0029809,0.00048602,0.00086946,0.00077253,0.0013582,0.00072731,0.00050044,0.0002889,0.00049256,0.00025816,0.00073481,0.00078007,0.001114,0.0012988,0.0011265,0.00076791,0.0011134,0.00084951,0.00083535,0.00089103,0.0012124,0.0027628,0.0030151,0.0018764,0.00063881,0.00019458,0.0011985,0.0013128,4.9677e-05,0.00033743,0.0013449,0.0021432,0.00092507,0.0017688,0.0019082,0.0010428,0.0014765,0.0015898,0.0017181,0.0011713,0.0010535,0.0018402,0.0018463,0.0019823,0.0028381,0.0023831,0.0013818,0.0023124,0.001257,0.0075576,0.012642,0.004239,0.011981,0.0066406,0.024502,0.040825,0.040055,0.015583,0.0064569,0.016749,0.020148,0.0062313,0.0044041,0.0028822,0.0044797,0.0060589,0.0031389,0.0025605,0.0024221,0.002317,0.0024576,0.0017091,0.0027447,0.0017407,0.0018834,0.0023194,0.0022193,0.001354,0.0016471,0.0013156,0.00096994,0.0013649,0.0019279,0.0016359,0.00068371,0.0011838,0.0020455,0.0024066,0.0020789,0.0014786,0.0049318,0.0049683,0.0039359,0.0016858,0.0037889,0.00088242,0.0052912,0.0059975,0.0037804,0.0035633,0.0016302,0.00166,0.0029944,0.0040725,0.0037875,0.0050611,0.0073811,0.0087065,0.0061623,0.0057469,0.0024054,0.0091156,0.014134,0.011831,0.012333,0.0069723,0.021199,0.048317,0.027599,0.096518,0.1659,0.1595,0.056233,0.032832,0.015747,0.010961,0.011968,0.015789,0.01645,0.01503,0.0091849,0.0045969,0.0062852,0.0070901,0.0048821,0.0053425,0.0067092,0.0031646,0.0021035,0.0010515,0.0046886,0.0056671,0.0046074,0.0052685,0.0036514,0.00047447,0.0008832,0.0034916,0.0026474,0.0019367,0.0024795,0.0014736,0.00333,0.0037516,0.0021075,0.0022305,0.00072219,0.0028433,0.0044083,0.0026645,0.0089301,0.016382,0.010458,0.0027307,0.0046009,0.0013203,0.0028162,0.0029885,0.002129,0.0026919,0.0035552,0.0026768,0.0027386,0.0047269,0.005533,0.0023141,0.0045763,0.0060234,0.0059884,0.009881,0.0066348,0.003465,0.021333,0.010133,0.047201,0.083281,0.073329,0.023771,0.013317,0.0229,0.01397,0.0050206,0.0071558,0.0032908,0.0060089,0.0063465,0.0034303,0.0026109,0.0026548,0.0019391,0.0035582,0.0061481,0.0035805,0.0032284,0.0019654,0.0018208,0.00079516,0.0014625,0.001287,0.0043878,0.0075213,0.0042405,0.0025565,0.0027584,0.0025058,0.0035897,0.0029439,0.00068554,0.0017185,0.001131,0.0011801,0.00128,0.0021023,0.0030173,0.0032398,0.0024287,0.001691,0.0017251,0.0012969,0.00089547,0.00091212,0.0017822,0.00086399,0.00083255,0.0012638,0.0014936,0.0014896,0.0011316,0.00072428,0.00096004,0.0019237,0.0023647,0.0024395,0.0018972,0.0019821,0.0041825,0.0022936,0.0044127,0.0042319,0.010948,0.025897,0.017845,0.011417,0.0032872,0.014021,0.013286,0.010015,0.0069307,0.0041102,0.013356,0.015265,0.0041567,0.00095375,0.00043169,0.00061427,0.0014286,0.0017545,0.0018506,0.00027866,0.00098783,0.0016427,0.0025055,0.00026964,0.00051309,0.0012807,0.0023604,0.0005933,0.0015222,0.00045028,0.0019191,0.0026486,0.0031784,0.0024945,0.0039042,0.00070963,0.0012751,0.00091939,0.0011302,0.0023483,0.0020549,0.00084909,0.00081572,0.00018046,0.0038157,0.0048032,0.0029291,0.0014736,0.0033313,0.0022278,0.0019247,0.0039444,0.0016033,0.0024806,0.0021642,0.0015324,0.0014888,0.00025239,0.0011957,0.0028884,0.0014591,0.0017331,0.0015873,0.0015114,0.0013707,0.00090834,0.0059697,0.0063887,0.0053691,0.0020529,0.012093,0.0067043,0.0082773,0.005631,0.0055125,0.0061428,0.0035371,0.0040239,0.0049022,0.0026785,0.0044752,0.0039671,0.0014874,0.0021043,0.0015353,0.0015203,0.0055827,0.006134,0.0026033,0.00084389,0.0011314,0.0031617,0.0063704,0.0041539,0.0010317,0.0027174,0.0016184,0.0040767,0.0033018,0.0015461,0.0052343,0.0033343,0.0022635,0.0034871,0.0022587,0.0023799,0.0037487,0.0031062,0.0025869,0.0033813,0.0038967,0.0039692,0.0025139,0.0017073,0.0025732,0.0028435,0.0041318,0.0062681,0.0058398,0.0063041,0.0059203,0.0049756,0.006848,0.0035493,0.0063304,0.014428,0.020508,0.010341,0.007912,0.015946,0.028821,0.050595,0.030743,0.0069842,0.033744,0.086018,0.057227,0.034317,0.018145,0.033613,0.039129,0.024643,0.01567,0.02881,0.026622,0.0089645,0.0026397,0.01055,0.012795,0.0036416,0.0041231,0.010886,0.017718,0.010429,0.0057032,0.0079815,0.010231,0.0056708,0.0031789,0.0022306,0.001958,0.0012285,0.0021084,0.0039377,0.011802
